DIA;HORA;Cotocollao;Carapungo;Belisario;Jipijapa;El Camal;Centro;Guamaní;Tumbaco;Los Chillos;El Condado;Turubamba;Chillogallo;
1;0;14.6;25.06;22.83;10.95;18.46;17.92;NA;NA;ND;NA;NA;NA;
1;1;12.7;13.89;21.07;23.5;19.34;35.35;NA;NA;ND;NA;NA;NA;
1;2;13.02;13.54;25.72;18.39;25.69;26.03;NA;NA;ND;NA;NA;NA;
1;3;14.74;11.06;21.74;21.73;13.14;26.29;NA;NA;ND;NA;NA;NA;
1;4;13.87;23.49;20.41;24.33;29.3;12.04;NA;NA;ND;NA;NA;NA;
1;5;16.74;17.47;20;25.95;24.37;36.94;NA;NA;ND;NA;NA;NA;
1;6;22.15;30.48;27.36;33.74;36.98;9.26;NA;NA;ND;NA;NA;NA;
1;7;28.17;27.4;25.39;35.11;43.73;67.36;NA;NA;ND;NA;NA;NA;
1;8;20.59;24.81;26.02;29.51;36.32;41.05;NA;NA;ND;NA;NA;NA;
1;9;29.19;34.54;34.32;43.95;38.53;16.14;NA;NA;ND;NA;NA;NA;
1;10;13.15;30.12;39.13;46.06;28.64;35.69;NA;NA;ND;NA;NA;NA;
1;11;19.15;22.46;34.01;13.04;26.36;35.99;NA;NA;ND;NA;NA;NA;
1;12;9.68;9.56;12.75;15.49;8.53;10.58;NA;NA;ND;NA;NA;NA;
1;13;14.03;17.59;3.55;6.15;6.68;12.61;NA;NA;ND;NA;NA;NA;
1;14;6.98;13.08;14.42;8.73;10.61;19.69;NA;NA;ND;NA;NA;NA;
1;15;13.49;9.02;11.76;14.92;6.44;24.7;NA;NA;ND;NA;NA;NA;
1;16;4.83;16.35;11.71;14.17;24.35;9.03;NA;NA;ND;NA;NA;NA;
1;17;12.9;17.29;15.03;12.47;15.39;11.48;NA;NA;ND;NA;NA;NA;
1;18;14.62;12.43;14.13;14.54;17.19;14.38;NA;NA;ND;NA;NA;NA;
1;19;12.06;12.99;24.83;25.22;23.87;32.47;NA;NA;ND;NA;NA;NA;
1;20;12.76;8.28;16.27;24.76;27.32;26.35;NA;NA;ND;NA;NA;NA;
1;21;17.65;12.94;9.98;14.73;24.51;24.29;NA;NA;ND;NA;NA;NA;
1;22;18.32;20.96;11.16;14.05;25.47;29.67;NA;NA;ND;NA;NA;NA;
1;23;25.44;28.31;19.92;18.18;32.1;ND;NA;NA;ND;NA;NA;NA;
2;0;16.44;12.92;4.03;20.33;27.7;29.28;NA;NA;ND;NA;NA;NA;
2;1;28.35;12.03;19.53;19.78;29.52;7.24;NA;NA;ND;NA;NA;NA;
2;2;18.99;13.78;21.94;24.08;21.64;31.47;NA;NA;ND;NA;NA;NA;
2;3;21.64;13.9;19.8;29.82;15.29;24.86;NA;NA;ND;NA;NA;NA;
2;4;10.1;15.95;8.92;27.08;26.8;16.61;NA;NA;ND;NA;NA;NA;
2;5;22.57;23.93;18.43;22.7;21.2;14.47;NA;NA;ND;NA;NA;NA;
2;6;26.72;34.52;17.45;34.25;51.88;16.98;NA;NA;ND;NA;NA;NA;
2;7;27.85;49.94;28.2;44.46;81.18;18.58;NA;NA;ND;NA;NA;NA;
2;8;42.07;38.83;35.01;22.34;61.52;59.53;NA;NA;ND;NA;NA;NA;
2;9;25.28;19.47;44.21;15.65;36.33;53.54;NA;NA;ND;NA;NA;NA;
2;10;13.44;23.88;35.92;17.74;12.98;19.3;NA;NA;ND;NA;NA;NA;
2;11;8.45;17.59;9.21;8.84;17.93;10.23;NA;NA;ND;NA;NA;NA;
2;12;13.16;14.9;6.9;6.72;2.77;1.71;NA;NA;ND;NA;NA;NA;
2;13;6.89;16.56;10.79;7.54;7.14;4.17;NA;NA;ND;NA;NA;NA;
2;14;4.5;7.73;11.99;16.54;18.67;25.7;NA;NA;ND;NA;NA;NA;
2;15;11.2;12.92;8.84;8.34;14.27;13.48;NA;NA;ND;NA;NA;NA;
2;16;13.3;9.94;11.18;14.52;10.22;14.86;NA;NA;ND;NA;NA;NA;
2;17;5.62;12.94;9.41;9.99;26.56;18.16;NA;NA;ND;NA;NA;NA;
2;18;8.8;12.17;17.89;11.3;20.98;38.18;NA;NA;ND;NA;NA;NA;
2;19;7.81;8.29;19.05;12.43;15.8;27.92;NA;NA;ND;NA;NA;NA;
2;20;10.38;13.68;21.97;13.65;19.31;15.09;NA;NA;ND;NA;NA;NA;
2;21;5.35;9.57;5.76;2.89;9.42;18.86;NA;NA;ND;NA;NA;NA;
2;22;22.92;13.7;11.11;19.12;15.27;0.25;NA;NA;ND;NA;NA;NA;
2;23;16.8;13.53;7.83;17.24;15.92;ND;NA;NA;ND;NA;NA;NA;
3;0;13.81;3.1;32.61;29.72;9.73;12.66;NA;NA;ND;NA;NA;NA;
3;1;8.84;9.87;14.12;18.78;19.11;28.29;NA;NA;ND;NA;NA;NA;
3;2;5.65;6.59;18.61;13.43;17.88;5.07;NA;NA;ND;NA;NA;NA;
3;3;10.82;7.62;12.62;12.3;20.21;27.15;NA;NA;ND;NA;NA;NA;
3;4;3.15;12.05;19.83;9.46;22.76;37.26;NA;NA;ND;NA;NA;NA;
3;5;21.74;17.78;8.74;11.89;20.7;33.71;NA;NA;ND;NA;NA;NA;
3;6;11.12;18.31;18.52;22.29;32.61;45.15;NA;NA;ND;NA;NA;NA;
3;7;29.94;22.51;25.85;34.03;42.65;35.08;NA;NA;ND;NA;NA;NA;
3;8;34.37;26.96;42.33;34.5;63.93;36.55;NA;NA;ND;NA;NA;NA;
3;9;25.9;31.16;23.19;16.89;34.8;20.98;NA;NA;ND;NA;NA;NA;
3;10;8.66;11.5;13.68;ND;11.62;39.04;NA;NA;ND;NA;NA;NA;
3;11;5.34;10.86;10.56;9.52;7.56;5.81;NA;NA;ND;NA;NA;NA;
3;12;2.99;8.88;8.76;7.87;2.5;0.01;NA;NA;ND;NA;NA;NA;
3;13;8.15;5.71;0.86;2.68;4.87;14.47;NA;NA;ND;NA;NA;NA;
3;14;15.59;11.27;3.87;8.23;6.35;9.56;NA;NA;ND;NA;NA;NA;
3;15;2.24;14.15;4.72;6.57;11.3;27.45;NA;NA;ND;NA;NA;NA;
3;16;10.69;4.04;18.22;8.88;10.61;10.12;NA;NA;ND;NA;NA;NA;
3;17;5.91;17.96;12.34;11.39;12.71;22.44;NA;NA;ND;NA;NA;NA;
3;18;12.04;8.25;13.6;15.31;22.21;17.95;NA;NA;ND;NA;NA;NA;
3;19;12.09;6.03;13.14;12.37;16.67;12.38;NA;NA;ND;NA;NA;NA;
3;20;8.09;12.74;25.14;23.29;19.74;33.91;NA;NA;ND;NA;NA;NA;
3;21;15.85;9.18;16.65;18.53;15.13;30.68;NA;NA;ND;NA;NA;NA;
3;22;12.22;5.6;22.11;20.62;21.06;16.76;NA;NA;ND;NA;NA;NA;
3;23;4.1;5.11;10.55;11.21;19.16;ND;NA;NA;ND;NA;NA;NA;
4;0;22.75;15.63;16.47;14.82;33.2;42.6;NA;NA;ND;NA;NA;NA;
4;1;19.41;16.15;14.3;14.83;12.9;17.56;NA;NA;ND;NA;NA;NA;
4;2;14.22;13.24;12.9;14.31;18.22;11.96;NA;NA;ND;NA;NA;NA;
4;3;10.73;10.78;13.11;16.05;12.64;20.06;NA;NA;ND;NA;NA;NA;
4;4;12.87;11.64;15.25;18.43;21.71;19.09;NA;NA;ND;NA;NA;NA;
4;5;17.46;14.2;17.97;18.69;13.09;11.88;NA;NA;ND;NA;NA;NA;
4;6;15.58;17.49;23.07;26.3;30.09;32.64;NA;NA;ND;NA;NA;NA;
4;7;10.21;18.58;30.99;28.25;37.31;28.68;NA;NA;ND;NA;NA;NA;
4;8;23.04;9.2;32.66;26.27;42.07;36.17;NA;NA;ND;NA;NA;NA;
4;9;23.21;11.77;33.21;27.84;35.56;38.93;NA;NA;ND;NA;NA;NA;
4;10;4.74;16.45;36.87;36.45;40.28;39.25;NA;NA;ND;NA;NA;NA;
4;11;12.34;15.26;35.54;20.83;17.33;15.48;NA;NA;ND;NA;NA;NA;
4;12;23.79;13.93;8.24;12.34;21.03;37.63;NA;NA;ND;NA;NA;NA;
4;13;13.25;11.33;13.6;6.93;9.84;17.61;NA;NA;ND;NA;NA;NA;
4;14;7.17;11.99;6.44;17.94;15.02;10.19;NA;NA;ND;NA;NA;NA;
4;15;15.82;5.53;9.62;13.16;16.12;17.95;NA;NA;ND;NA;NA;NA;
4;16;4.05;9.28;22.75;6.87;25.81;13.64;NA;NA;ND;NA;NA;NA;
4;17;10.52;15.28;13.92;11.83;14.88;16.9;NA;NA;ND;NA;NA;NA;
4;18;4.72;11.31;17.35;8.22;18.21;26.53;NA;NA;ND;NA;NA;NA;
4;19;9.38;6.21;24.11;16.62;18.81;21.53;NA;NA;ND;NA;NA;NA;
4;20;13.15;10.36;29.5;37.11;46.46;60.91;NA;NA;ND;NA;NA;NA;
4;21;14.52;8.89;20.66;21.59;39.23;20.24;NA;NA;ND;NA;NA;NA;
4;22;16.47;15.62;17.41;13.47;28.24;7.52;NA;NA;ND;NA;NA;NA;
4;23;17.27;12.66;12.44;12.43;24.81;ND;NA;NA;ND;NA;NA;NA;
5;0;23.85;16;13.64;21.38;24;10.66;NA;NA;ND;NA;NA;NA;
5;1;10.13;20.12;14.27;17.36;31.14;21.14;NA;NA;ND;NA;NA;NA;
5;2;21.48;21.87;20.57;13.17;18.33;26.63;NA;NA;ND;NA;NA;NA;
5;3;8.78;22.46;21.08;21.96;19.35;52.82;NA;NA;ND;NA;NA;NA;
5;4;16.56;18.07;27.12;20.87;31.03;23.41;NA;NA;ND;NA;NA;NA;
5;5;21.53;18.74;20.81;22.04;30.23;38.67;NA;NA;ND;NA;NA;NA;
5;6;31.17;16.87;31.74;27.87;33.56;22.82;NA;NA;ND;NA;NA;NA;
5;7;20.73;21.34;19.81;31.75;51.74;3.88;NA;NA;ND;NA;NA;NA;
5;8;37.99;32.23;41;35.85;56.65;22.84;NA;NA;ND;NA;NA;NA;
5;9;40.6;40.06;27.93;32.38;29.84;2.8;NA;NA;ND;NA;NA;NA;
5;10;9.02;28.01;6.14;5.92;57.42;11.43;NA;NA;ND;NA;NA;NA;
5;11;13.14;21.16;0.06;4.81;16.48;0.72;NA;NA;ND;NA;NA;NA;
5;12;5;14.75;5.88;11.99;2.06;24.48;NA;NA;ND;NA;NA;NA;
5;13;14.92;16.03;5.4;9.4;12.51;16.48;NA;NA;ND;NA;NA;NA;
5;14;9.96;13.59;12.65;15.18;7.18;8.54;NA;NA;ND;NA;NA;NA;
5;15;3.92;6.08;4.2;4.28;14.98;18.2;NA;NA;ND;NA;NA;NA;
5;16;9.31;16.96;12.25;7.56;13.04;4.6;NA;NA;ND;NA;NA;NA;
5;17;12.45;31.7;18.66;13.54;8.88;6.77;NA;NA;ND;NA;NA;NA;
5;18;14.59;14.06;7.04;7.21;19.7;6.5;NA;NA;ND;NA;NA;NA;
5;19;15.91;11.82;26.03;18.36;16.96;30.15;NA;NA;ND;NA;NA;NA;
5;20;20.15;19.44;17.66;26.62;19.59;30.75;NA;NA;ND;NA;NA;NA;
5;21;9.17;13.85;8.98;15.95;26.13;27.33;NA;NA;ND;NA;NA;NA;
5;22;16.53;11.14;11.81;13.96;13.98;4.38;NA;NA;ND;NA;NA;NA;
5;23;10.57;8.57;26.67;14.67;23.93;ND;NA;NA;ND;NA;NA;NA;
6;0;30.42;14.16;23.95;20.61;12.54;13.49;NA;NA;ND;NA;NA;NA;
6;1;21.72;19.66;21.73;16.35;10.65;30.77;NA;NA;ND;NA;NA;NA;
6;2;20.09;14.36;13.07;17.69;15.63;21.87;NA;NA;ND;NA;NA;NA;
6;3;10.82;17.38;8.31;18.58;18.92;36.58;NA;NA;ND;NA;NA;NA;
6;4;18.49;19.67;16.21;8.14;17.57;16.11;NA;NA;ND;NA;NA;NA;
6;5;14.01;10.44;16.54;10.27;10.14;7.15;NA;NA;ND;NA;NA;NA;
6;6;16.78;14.83;14.84;18.51;22.66;19.01;NA;NA;ND;NA;NA;NA;
6;7;20.32;11.31;15.64;17.4;50.48;21.14;NA;NA;ND;NA;NA;NA;
6;8;9.99;12.89;25.84;14.23;40.86;48.42;NA;NA;ND;NA;NA;NA;
6;9;21.54;13.09;15.15;14.83;51.32;12.58;NA;NA;ND;NA;NA;NA;
6;10;16.44;19.73;13.82;9.87;33.54;0.02;NA;NA;ND;NA;NA;NA;
6;11;11.48;15.7;7.27;10.67;14.61;1.11;NA;NA;ND;NA;NA;NA;
6;12;3.36;13.6;5.89;7.88;2.15;3.97;NA;NA;ND;NA;NA;NA;
6;13;17.14;13.79;2.5;9.03;14.93;9.94;NA;NA;ND;NA;NA;NA;
6;14;4.7;8.26;15.49;11.33;15.9;9.4;NA;NA;ND;NA;NA;NA;
6;15;5.17;6.49;10.95;7.78;0.75;2.6;NA;NA;ND;NA;NA;NA;
6;16;6.28;13.96;11.77;5.07;12.39;11.68;NA;NA;ND;NA;NA;NA;
6;17;11.46;14.4;10.12;14.25;2.2;27.1;NA;NA;ND;NA;NA;NA;
6;18;8.58;12.06;17.73;7.17;1.26;12.14;NA;NA;ND;NA;NA;NA;
6;19;18.37;9.8;12.2;10.22;6.7;23.6;NA;NA;ND;NA;NA;NA;
6;20;7.51;8.59;15.6;18.53;9.49;16.6;NA;NA;ND;NA;NA;NA;
6;21;15.59;3.7;11.54;13.08;15.86;37.37;NA;NA;ND;NA;NA;NA;
6;22;16.38;10.02;7.92;13.41;18.67;9.09;NA;NA;ND;NA;NA;NA;
6;23;8.36;6.21;12.76;8.34;25.19;ND;NA;NA;ND;NA;NA;NA;
7;0;18.62;5.87;8.8;6.05;26.6;15.08;NA;NA;ND;NA;NA;NA;
7;1;11.54;15.04;19.34;15.68;20.15;11.07;NA;NA;ND;NA;NA;NA;
7;2;21.67;10.73;15.42;20.11;16.55;0.6;NA;NA;ND;NA;NA;NA;
7;3;6.25;16.43;19.51;20.7;17.56;24.69;NA;NA;ND;NA;NA;NA;
7;4;17.89;13.45;14.53;15.31;16.24;30.85;NA;NA;ND;NA;NA;NA;
7;5;15.08;14.51;20.46;16.61;22.4;29.95;NA;NA;ND;NA;NA;NA;
7;6;14.85;17.92;21.59;23.11;32.52;38.03;NA;NA;ND;NA;NA;NA;
7;7;19.65;27.34;21.17;25.97;52.52;25.72;NA;NA;ND;NA;NA;NA;
7;8;30.81;19.73;37.69;25.84;25.84;0.22;NA;NA;ND;NA;NA;NA;
7;9;34.52;15.74;14.97;20.97;22.95;19.34;NA;NA;ND;NA;NA;NA;
7;10;17.46;18.37;9.66;11.08;32.9;0.4;NA;NA;ND;NA;NA;NA;
7;11;7.75;8.95;5.33;2.36;17.89;6.82;NA;NA;ND;NA;NA;NA;
7;12;3.06;7.86;6.67;8.74;10.72;4.35;NA;NA;ND;NA;NA;NA;
7;13;3.9;16.17;ND;8.56;12.7;31.22;NA;NA;ND;NA;NA;NA;
7;14;13.54;9.39;12.76;12.98;1.35;3.11;NA;NA;ND;NA;NA;NA;
7;15;3.42;9.62;8.79;9.67;11.85;24.04;NA;NA;ND;NA;NA;NA;
7;16;12.31;16.83;13.04;8.04;19.36;18.53;NA;NA;ND;NA;NA;NA;
7;17;17.14;10.9;8.87;9.71;14.96;17.36;NA;NA;ND;NA;NA;NA;
7;18;11.44;11.14;13.31;12.6;19.06;13.25;NA;NA;ND;NA;NA;NA;
7;19;7.48;7.23;25.68;12.26;18.84;33.84;NA;NA;ND;NA;NA;NA;
7;20;15.93;11.27;30.54;26.28;23.38;28.22;NA;NA;ND;NA;NA;NA;
7;21;9.62;5.43;18.7;20.72;17.53;11.24;NA;NA;ND;NA;NA;NA;
7;22;7.09;7.84;18.79;13.14;14.37;13.7;NA;NA;ND;NA;NA;NA;
7;23;12.12;9.31;16.41;17.44;17.67;ND;NA;NA;ND;NA;NA;NA;
8;0;8.22;21.46;21.67;10.87;12.61;45.33;NA;NA;ND;NA;NA;NA;
8;1;16.63;22.52;14.03;23.01;23;7.14;NA;NA;ND;NA;NA;NA;
8;2;12.56;11.88;16.16;12.24;16.72;29.52;NA;NA;ND;NA;NA;NA;
8;3;14.05;13.49;8.5;14.26;10.08;19.34;NA;NA;ND;NA;NA;NA;
8;4;15.46;19.33;23.99;10.25;13.53;15.39;NA;NA;ND;NA;NA;NA;
8;5;17.1;13.39;14.46;10.84;4.96;8.94;NA;NA;ND;NA;NA;NA;
8;6;3.74;10.72;5.35;10.35;15.55;15.61;NA;NA;ND;NA;NA;NA;
8;7;7.78;12.82;14.97;20.32;24.14;11.57;NA;NA;ND;NA;NA;NA;
8;8;10.49;2.14;13.98;21.51;15.43;18.75;NA;NA;ND;NA;NA;NA;
8;9;33.97;20.1;23.02;17.77;18.04;9;NA;NA;ND;NA;NA;NA;
8;10;14.66;16.33;16.71;17.52;28.91;12.84;NA;NA;ND;NA;NA;NA;
8;11;7.46;14.35;26.62;27.12;25.55;8.21;NA;NA;ND;NA;NA;NA;
8;12;7.38;8.39;19.33;19.2;32.92;44.18;NA;NA;ND;NA;NA;NA;
8;13;21.95;17.81;28.78;23.51;16.73;21.9;NA;NA;ND;NA;NA;NA;
8;14;4.52;12.84;23.41;13.93;19.59;16.78;NA;NA;ND;NA;NA;NA;
8;15;0.78;1.03;10.82;2.35;10.99;38.34;NA;NA;ND;NA;NA;NA;
8;16;15.3;8.05;22.29;10.29;14.41;24.9;NA;NA;ND;NA;NA;NA;
8;17;14.11;11.23;20.05;26.58;19.45;22.93;NA;NA;ND;NA;NA;NA;
8;18;21.45;15.23;16.31;17.86;33.05;28.54;NA;NA;ND;NA;NA;NA;
8;19;14.12;10.57;17.93;21.68;36.38;18.35;NA;NA;ND;NA;NA;NA;
8;20;15.91;15.59;20.8;16.59;33.57;31.06;NA;NA;ND;NA;NA;NA;
8;21;20.37;13.58;14.09;12.68;36.97;32.66;NA;NA;ND;NA;NA;NA;
8;22;21.33;ND;13.17;10.97;27.65;ND;NA;NA;ND;NA;NA;NA;
8;23;23.05;ND;14.73;13.58;26.22;ND;NA;NA;ND;NA;NA;NA;
9;0;17.36;22.53;32.75;9.02;26.52;33.03;NA;NA;ND;NA;NA;NA;
9;1;23.94;17.23;10.76;21.18;31.92;11.34;NA;NA;ND;NA;NA;NA;
9;2;16.43;10.68;12.14;20.71;25.35;8.63;NA;NA;ND;NA;NA;NA;
9;3;11.44;11.29;15.53;24.99;17.21;27.4;NA;NA;ND;NA;NA;NA;
9;4;8.73;17.12;22.15;24.99;19.97;30.97;NA;NA;ND;NA;NA;NA;
9;5;10.59;17.62;20.12;22.42;14.74;15.23;NA;NA;ND;NA;NA;NA;
9;6;26.89;20.37;21.14;24.59;26.21;22.24;NA;NA;ND;NA;NA;NA;
9;7;22.16;20.58;24.72;34;35.61;40.86;NA;NA;ND;NA;NA;NA;
9;8;22.57;19.36;29.27;15.78;28.77;47.04;NA;NA;ND;NA;NA;NA;
9;9;45.03;17.85;38.24;18.61;28.14;18.18;NA;NA;ND;NA;NA;NA;
9;10;32.3;13.96;38.19;22.94;19.03;26.64;NA;NA;ND;NA;NA;NA;
9;11;10.4;17.18;30.97;21.63;37.51;35.01;NA;NA;ND;NA;NA;NA;
9;12;12.41;8.54;17.4;16.12;30.69;15.62;NA;NA;ND;NA;NA;NA;
9;13;6.81;11.62;15.29;8.37;10.2;20.49;NA;NA;ND;NA;NA;NA;
9;14;3.82;2.55;6.09;2.13;11.08;10.04;NA;NA;ND;NA;NA;NA;
9;15;5.82;11.94;6.37;15.37;10.44;26.38;NA;NA;ND;NA;NA;NA;
9;16;5.8;7.64;8.35;9.09;12.5;6.07;NA;NA;ND;NA;NA;NA;
9;17;17.52;13.17;14.81;15.14;15.76;23.17;NA;NA;ND;NA;NA;NA;
9;18;11.06;16.2;9.26;7.38;25.96;5.14;NA;NA;ND;NA;NA;NA;
9;19;17.34;12.51;6.08;14.5;15.18;25.44;NA;NA;ND;NA;NA;NA;
9;20;12.8;13.49;14.26;7.34;19.47;12.7;NA;NA;ND;NA;NA;NA;
9;21;0.49;12.23;10.74;7.43;21.03;12.88;NA;NA;ND;NA;NA;NA;
9;22;6.24;13.96;3.36;9.86;22.64;19.16;NA;NA;ND;NA;NA;NA;
9;23;10.86;22.52;9.88;16.58;14.78;ND;NA;NA;ND;NA;NA;NA;
10;0;0.54;18.15;18.44;17.5;7.52;23.35;NA;NA;ND;NA;NA;NA;
10;1;12.87;12.91;4.5;19.34;4.26;6.52;NA;NA;ND;NA;NA;NA;
10;2;6.75;17.67;15.31;10.69;16.18;2.99;NA;NA;ND;NA;NA;NA;
10;3;5.17;11.64;4.61;7.93;7.82;8.98;NA;NA;ND;NA;NA;NA;
10;4;6.62;10.15;0.02;14.66;23.57;10.25;NA;NA;ND;NA;NA;NA;
10;5;9.69;20.81;2.31;7.83;6.3;6.8;NA;NA;ND;NA;NA;NA;
10;6;8.26;26.41;13.85;9.48;30.47;45.16;NA;NA;ND;NA;NA;NA;
10;7;20.18;45.72;34.61;31.4;63;27.98;NA;NA;ND;NA;NA;NA;
10;8;8.54;24.42;29.5;20.28;37.51;30.13;NA;NA;ND;NA;NA;NA;
10;9;25.22;22.57;15.23;17.01;16.7;29.61;NA;NA;ND;NA;NA;NA;
10;10;6.63;3.47;3.42;11.67;20.57;5.53;NA;NA;ND;NA;NA;NA;
10;11;4.65;10.23;5.86;4.97;24.62;21.62;NA;NA;ND;NA;NA;NA;
10;12;11.17;7.1;8.28;8.61;8.19;13.03;NA;NA;ND;NA;NA;NA;
10;13;12.12;11.26;10.26;16.68;11.89;8.16;NA;NA;ND;NA;NA;NA;
10;14;1.25;3.84;2.44;11.09;6.15;1.15;NA;NA;ND;NA;NA;NA;
10;15;13.62;15.63;11.27;11.76;8.05;20.21;NA;NA;ND;NA;NA;NA;
10;16;3.13;12.23;6.86;14.89;10.12;3.13;NA;NA;ND;NA;NA;NA;
10;17;7.77;11.59;12.52;11.49;7.85;7.6;NA;NA;ND;NA;NA;NA;
10;18;7.88;9.79;10.21;6.79;17.87;16.45;NA;NA;ND;NA;NA;NA;
10;19;6.55;6.43;11.2;7.79;10.65;9.98;NA;NA;ND;NA;NA;NA;
10;20;13.93;18.5;7.49;16.36;21.15;7.95;NA;NA;ND;NA;NA;NA;
10;21;18.79;23;7.41;19.66;25.04;15.85;NA;NA;ND;NA;NA;NA;
10;22;5.82;14.06;8.42;22.08;26.33;16.97;NA;NA;ND;NA;NA;NA;
10;23;16.46;21.6;9.37;24.85;36.87;ND;NA;NA;ND;NA;NA;NA;
11;0;8.4;19.84;2.68;27.97;33.98;27.19;NA;NA;ND;NA;NA;NA;
11;1;14.24;38.53;12.74;15.57;29.03;21.84;NA;NA;ND;NA;NA;NA;
11;2;18.32;27.3;15.34;15.16;35.39;27.04;NA;NA;ND;NA;NA;NA;
11;3;8.89;38.56;16.84;21.11;21.14;11.81;NA;NA;ND;NA;NA;NA;
11;4;8.21;17.64;14.76;17.63;6.41;5.5;NA;NA;ND;NA;NA;NA;
11;5;18.49;15.73;12.87;20.1;19.17;6.46;NA;NA;ND;NA;NA;NA;
11;6;14.82;28.1;21.41;34.17;73.63;21.46;NA;NA;ND;NA;NA;NA;
11;7;32.39;50.15;35.65;32.17;99.34;74.81;NA;NA;ND;NA;NA;NA;
11;8;41.18;50.19;44.86;31.87;73.09;46.72;NA;NA;ND;NA;NA;NA;
11;9;32.7;21.12;20.38;30.2;22.23;19.07;NA;NA;ND;NA;NA;NA;
11;10;22.87;14.65;7.62;10.04;24.49;20.14;NA;NA;ND;NA;NA;NA;
11;11;2.77;8.44;6.49;2.2;7.84;10.6;NA;NA;ND;NA;NA;NA;
11;12;6.42;14.62;6.72;12.19;10.76;4.8;NA;NA;ND;NA;NA;NA;
11;13;15.49;19.3;7.42;10.49;5.56;13.09;NA;NA;ND;NA;NA;NA;
11;14;11.1;13.92;4.84;13.07;8.6;16.96;NA;NA;ND;NA;NA;NA;
11;15;7.8;4.79;11.28;6.41;5.82;5.02;NA;NA;ND;NA;NA;NA;
11;16;9.28;9.03;7.78;11.65;15.82;0;NA;NA;ND;NA;NA;NA;
11;17;5.67;11.42;18.95;16.32;5.71;11.98;NA;NA;ND;NA;NA;NA;
11;18;14.51;7.26;5.02;16.03;1.13;21.17;NA;NA;ND;NA;NA;NA;
11;19;7.13;19.91;13.7;7.65;14.05;18.17;NA;NA;ND;NA;NA;NA;
11;20;20.96;20.85;17.05;13.6;20.74;27.06;NA;NA;ND;NA;NA;NA;
11;21;14.56;13.25;15.78;14.58;11.39;20.77;NA;NA;ND;NA;NA;NA;
11;22;8.68;8.19;14.48;11.06;8.16;1.22;NA;NA;ND;NA;NA;NA;
11;23;7.04;8.75;7.41;12.56;14.82;ND;NA;NA;ND;NA;NA;NA;
12;0;18.2;12.63;12.15;23.92;12.91;20.77;NA;NA;ND;NA;NA;NA;
12;1;14.99;23.96;5.31;14.01;9.62;16.48;NA;NA;ND;NA;NA;NA;
12;2;15.49;18.32;6.96;8.73;26.31;8.65;NA;NA;ND;NA;NA;NA;
12;3;5.26;18.63;4.75;9.39;14.89;12.79;NA;NA;ND;NA;NA;NA;
12;4;18.1;25.54;4.61;12.76;12.69;10.63;NA;NA;ND;NA;NA;NA;
12;5;14.97;19.96;5.12;8.49;16.97;8.48;NA;NA;ND;NA;NA;NA;
12;6;25.45;33.8;14.7;16.14;27.56;10.8;NA;NA;ND;NA;NA;NA;
12;7;26.56;37.63;20.25;13.45;28.8;6.79;NA;NA;ND;NA;NA;NA;
12;8;10.16;26.12;7.61;24.22;13.7;20.98;NA;NA;ND;NA;NA;NA;
12;9;14.14;14.19;10.9;16.83;20.35;3.05;NA;NA;ND;NA;NA;NA;
12;10;17.47;14.75;15.39;18.51;11.99;34.58;NA;NA;ND;NA;NA;NA;
12;11;24.3;19.68;15.04;16.02;3.12;14.85;NA;NA;ND;NA;NA;NA;
12;12;15.63;8.85;14.28;8.99;9.9;5.86;NA;NA;ND;NA;NA;NA;
12;13;8.48;17.31;6.57;14.5;5.17;9.35;NA;NA;ND;NA;NA;NA;
12;14;15.2;12.79;17.74;14.68;16.59;14.05;NA;NA;ND;NA;NA;NA;
12;15;10.03;11.51;14.21;7.16;9.31;1.94;NA;NA;ND;NA;NA;NA;
12;16;5.6;8.38;12.83;7.13;19.66;8.56;NA;NA;ND;NA;NA;NA;
12;17;6.1;5.37;16.41;10.42;16.56;12.05;NA;NA;ND;NA;NA;NA;
12;18;14.83;10.82;9.81;12.83;14.95;16.5;NA;NA;ND;NA;NA;NA;
12;19;21.57;16.7;18.05;14.28;22.64;13.8;NA;NA;ND;NA;NA;NA;
12;20;18.33;15.25;9.65;14.95;18.88;44.1;NA;NA;ND;NA;NA;NA;
12;21;21.99;20.54;5.88;8.76;25.47;11.87;NA;NA;ND;NA;NA;NA;
12;22;17.65;18.48;17.08;11.25;22.95;17.75;NA;NA;ND;NA;NA;NA;
12;23;5.39;17.45;19.83;9.86;16.05;ND;NA;NA;ND;NA;NA;NA;
13;0;36.44;32.45;17.92;2.07;20.77;29.57;NA;NA;ND;NA;NA;NA;
13;1;32.87;21.68;16.79;20.27;21.25;9.06;NA;NA;ND;NA;NA;NA;
13;2;23.92;18.35;26.92;26.87;18.95;32.26;NA;NA;ND;NA;NA;NA;
13;3;20.61;15;18.23;16.43;23.25;25.93;NA;NA;ND;NA;NA;NA;
13;4;13.81;13.39;17.54;15.84;15.46;12.9;NA;NA;ND;NA;NA;NA;
13;5;17.58;14.85;7.28;17.31;15.4;16.11;NA;NA;ND;NA;NA;NA;
13;6;15.12;20.56;7.54;6.95;14.98;12.03;NA;NA;ND;NA;NA;NA;
13;7;13.94;7.25;12.03;15.75;24.55;6.18;NA;NA;ND;NA;NA;NA;
13;8;20.79;7.56;12.15;10.99;22.42;14.03;NA;NA;ND;NA;NA;NA;
13;9;13.17;14.67;22.65;21.02;24.44;37.45;NA;NA;ND;NA;NA;NA;
13;10;17.19;19.07;12.25;7.39;24.13;6.75;NA;NA;ND;NA;NA;NA;
13;11;10.64;10.33;11.12;9.3;7.75;17.75;NA;NA;ND;NA;NA;NA;
13;12;13.3;10.65;14.13;10.91;15.79;10.21;NA;NA;ND;NA;NA;NA;
13;13;5.24;9.94;7.86;9.26;14.7;7.84;NA;NA;ND;NA;NA;NA;
13;14;4.82;15.44;3.24;9.79;9.02;8.82;NA;NA;ND;NA;NA;NA;
13;15;9.58;6.13;12.88;4.66;13.71;12.52;NA;NA;ND;NA;NA;NA;
13;16;29.07;17.4;14.25;13.59;9.92;15.25;NA;NA;ND;NA;NA;NA;
13;17;7.79;7.73;17.53;10.99;11.15;17.2;NA;NA;ND;NA;NA;NA;
13;18;6.08;10.76;13.47;7.09;8.37;13.94;NA;NA;ND;NA;NA;NA;
13;19;5.66;5.96;24.1;12.06;18.05;18.89;NA;NA;ND;NA;NA;NA;
13;20;18.06;4.08;20.78;16.97;23.71;11.81;NA;NA;ND;NA;NA;NA;
13;21;6.81;5.27;14.02;15.01;14.82;6.31;NA;NA;ND;NA;NA;NA;
13;22;15.18;13.62;14.69;14.03;18.79;21.38;NA;NA;ND;NA;NA;NA;
13;23;9.69;14.5;4.9;13.28;13.2;ND;NA;NA;ND;NA;NA;NA;
14;0;21.26;9.37;5.02;14.88;12.31;16.67;NA;NA;ND;NA;NA;NA;
14;1;13.49;10.36;11.04;11.74;10.1;11.59;NA;NA;ND;NA;NA;NA;
14;2;10.36;10.46;8.79;5.08;14.03;3.77;NA;NA;ND;NA;NA;NA;
14;3;11.28;6.64;11.57;6.16;16.6;5.52;NA;NA;ND;NA;NA;NA;
14;4;7.43;9.51;5.83;11.37;13.3;3.08;NA;NA;ND;NA;NA;NA;
14;5;8.7;6.25;10.72;11.49;17.98;16.8;NA;NA;ND;NA;NA;NA;
14;6;18.31;19.41;11.52;14.24;19.69;16.46;NA;NA;ND;NA;NA;NA;
14;7;12.98;10.43;16.3;16.73;22.19;1.1;NA;NA;ND;NA;NA;NA;
14;8;28.25;12.93;15.01;16.15;44.33;40.32;NA;NA;ND;NA;NA;NA;
14;9;28.02;13.53;16.02;21.48;35.61;49.07;NA;NA;ND;NA;NA;NA;
14;10;11.07;10.63;3.85;ND;16.42;12.14;NA;NA;ND;NA;NA;NA;
14;11;6.62;23.45;5.08;ND;ND;16.96;NA;NA;ND;NA;NA;NA;
14;12;6.92;10.13;12.78;ND;0;0.21;NA;NA;ND;NA;NA;NA;
14;13;18.31;14.82;3.17;ND;0;18.36;NA;NA;ND;NA;NA;NA;
14;14;1.37;14.81;26.81;ND;0;16.27;NA;NA;ND;NA;NA;NA;
14;15;6.98;8.4;16.29;ND;0.55;21.28;NA;NA;ND;NA;NA;NA;
14;16;14.51;14.55;10.98;ND;1.48;13.09;NA;NA;ND;NA;NA;NA;
14;17;14.18;9.39;12.82;ND;0.04;22.4;NA;NA;ND;NA;NA;NA;
14;18;9.75;11.71;21.62;ND;6.05;30.16;NA;NA;ND;NA;NA;NA;
14;19;11.49;8.64;20.83;ND;19.5;27.05;NA;NA;ND;NA;NA;NA;
14;20;24.2;6.42;20.18;ND;40.57;38.06;NA;NA;ND;NA;NA;NA;
14;21;17.63;5.16;21.92;ND;23.63;24.22;NA;NA;ND;NA;NA;NA;
14;22;27.53;7.57;20.72;ND;20.1;21.27;NA;NA;ND;NA;NA;NA;
14;23;14.85;6.32;19.4;ND;9.37;ND;NA;NA;ND;NA;NA;NA;
15;0;0.71;7.26;21.07;ND;14.43;20.78;NA;NA;ND;NA;NA;NA;
15;1;5.5;6.12;13.86;ND;15.65;23;NA;NA;ND;NA;NA;NA;
15;2;9.39;7.31;14.81;ND;16.44;20.01;NA;NA;ND;NA;NA;NA;
15;3;9.66;6.68;18.81;ND;13.27;21.62;NA;NA;ND;NA;NA;NA;
15;4;7.15;7.24;14.15;ND;9.18;14.65;NA;NA;ND;NA;NA;NA;
15;5;9.3;6.03;18.48;ND;1.29;7.58;NA;NA;ND;NA;NA;NA;
15;6;11.49;4.69;24.86;ND;13.85;34.54;NA;NA;ND;NA;NA;NA;
15;7;14.04;7.53;21.7;ND;38.19;44.48;NA;NA;ND;NA;NA;NA;
15;8;7.41;12.87;27.64;ND;27.69;27.69;NA;NA;ND;NA;NA;NA;
15;9;19.56;7.77;19.3;ND;5.35;8.23;NA;NA;ND;NA;NA;NA;
15;10;19.65;18.08;ND;ND;4.84;0.43;NA;NA;ND;NA;NA;NA;
15;11;13.35;19.96;ND;ND;6.71;12.21;NA;NA;ND;NA;NA;NA;
15;12;13.97;13.5;33.61;ND;13.12;18.39;NA;NA;ND;NA;NA;NA;
15;13;11.82;11.53;16.42;ND;9.36;13.95;NA;NA;ND;NA;NA;NA;
15;14;9.66;13.46;17.71;ND;16.45;17.25;NA;NA;ND;NA;NA;NA;
15;15;12.86;18.46;5.79;ND;8.16;4.29;NA;NA;ND;NA;NA;NA;
15;16;0.51;4.88;11.68;ND;4.52;37.12;NA;NA;ND;NA;NA;NA;
15;17;11.65;21.3;19.78;ND;35.25;37.72;NA;NA;ND;NA;NA;NA;
15;18;17.17;22.56;10.99;ND;29.67;19.46;NA;NA;ND;NA;NA;NA;
15;19;7.25;10.51;18.98;ND;10.87;12.79;NA;NA;ND;NA;NA;NA;
15;20;14.07;10.94;17.94;ND;13.07;16.69;NA;NA;ND;NA;NA;NA;
15;21;21.16;10.8;16.55;ND;5.26;32.61;NA;NA;ND;NA;NA;NA;
15;22;15.87;12.82;4.94;ND;ND;19.27;NA;NA;ND;NA;NA;NA;
15;23;7.49;15.15;8.22;ND;ND;ND;NA;NA;ND;NA;NA;NA;
16;0;6.41;12.24;8.58;ND;17.69;5;NA;NA;ND;NA;NA;NA;
16;1;23.17;19.06;7.59;ND;11.69;1.79;NA;NA;ND;NA;NA;NA;
16;2;19.15;21.51;6.58;ND;8.38;14.42;NA;NA;ND;NA;NA;NA;
16;3;21.23;11.48;0.46;ND;7.25;4.98;NA;NA;ND;NA;NA;NA;
16;4;12.39;16.58;24.17;ND;2.48;1.08;NA;NA;ND;NA;NA;NA;
16;5;19.27;9.5;18.7;ND;16.29;7.23;NA;NA;ND;NA;NA;NA;
16;6;16.55;15.65;26.33;ND;9.87;11.88;NA;NA;ND;NA;NA;NA;
16;7;15.6;21.12;16.81;ND;20.04;17.38;NA;NA;ND;NA;NA;NA;
16;8;17.87;22.15;10.64;ND;23.46;6.96;NA;NA;ND;NA;NA;NA;
16;9;24.72;18.52;9.46;ND;14.92;4.77;NA;NA;ND;NA;NA;NA;
16;10;26.95;14.84;11.4;ND;8.35;28.24;NA;NA;ND;NA;NA;NA;
16;11;30.61;20.23;4.5;ND;8.81;8.06;NA;NA;ND;NA;NA;NA;
16;12;30.51;18.26;14.62;ND;7.02;2.08;NA;NA;ND;NA;NA;NA;
16;13;24.88;4.66;5.87;ND;8.9;15.05;NA;NA;ND;NA;NA;NA;
16;14;10.73;8.6;5.31;ND;14.43;22.54;NA;NA;ND;NA;NA;NA;
16;15;0.37;8.61;12.23;ND;12.09;23.03;NA;NA;ND;NA;NA;NA;
16;16;0.93;10.32;6.43;ND;9.17;9.89;NA;NA;ND;NA;NA;NA;
16;17;7.29;15.02;15.98;ND;6.72;31.19;NA;NA;ND;NA;NA;NA;
16;18;10.79;8.18;19.34;ND;11.63;7.13;NA;NA;ND;NA;NA;NA;
16;19;5.53;14.89;19.38;ND;13.12;11.63;NA;NA;ND;NA;NA;NA;
16;20;31.6;12.48;11.34;ND;10.17;20.71;NA;NA;ND;NA;NA;NA;
16;21;19.91;11.75;10.17;ND;7.36;7.96;NA;NA;ND;NA;NA;NA;
16;22;20.24;12.94;6.2;ND;20.39;16.15;NA;NA;ND;NA;NA;NA;
16;23;6.93;18.52;6.19;ND;31.44;ND;NA;NA;ND;NA;NA;NA;
17;0;5.42;46.84;8.46;ND;22.94;14.58;NA;NA;ND;NA;NA;NA;
17;1;18.66;13.6;24.73;ND;30.11;0.46;NA;NA;ND;NA;NA;NA;
17;2;5.01;9.37;18.15;ND;18.47;4.06;NA;NA;ND;NA;NA;NA;
17;3;17.45;16.16;14.43;ND;12.58;4.36;NA;NA;ND;NA;NA;NA;
17;4;11.03;18.76;7.15;ND;20.75;17.69;NA;NA;ND;NA;NA;NA;
17;5;11.81;15.14;10.52;ND;14.62;20.18;NA;NA;ND;NA;NA;NA;
17;6;26.87;29.45;12.36;ND;47.9;43.74;NA;NA;ND;NA;NA;NA;
17;7;34.59;34.28;26.83;ND;40.67;68.06;NA;NA;ND;NA;NA;NA;
17;8;20.59;10.5;41.97;ND;32.87;38.11;NA;NA;ND;NA;NA;NA;
17;9;24.21;14.31;22.59;ND;7.26;7.29;NA;NA;ND;NA;NA;NA;
17;10;25.93;13.59;15.55;ND;8.04;0.02;NA;NA;ND;NA;NA;NA;
17;11;11.75;17.31;3.69;ND;9.34;23.72;NA;NA;ND;NA;NA;NA;
17;12;14.37;ND;7.65;ND;19.71;25.16;NA;NA;ND;NA;NA;NA;
17;13;9.08;ND;6.67;ND;15.89;11.84;NA;NA;ND;NA;NA;NA;
17;14;9.12;ND;9.59;ND;17.34;7.04;NA;NA;ND;NA;NA;NA;
17;15;2.86;ND;10.34;ND;17.84;8.58;NA;NA;ND;NA;NA;NA;
17;16;14.43;9.92;6.92;ND;23.24;15.87;NA;NA;ND;NA;NA;NA;
17;17;12.74;9.57;7.28;ND;14.16;19.24;NA;NA;ND;NA;NA;NA;
17;18;6.69;10.35;28.53;ND;16.18;23.4;NA;NA;ND;NA;NA;NA;
17;19;11.06;11.48;22.66;ND;16.96;15.64;NA;NA;ND;NA;NA;NA;
17;20;9.12;18.88;23.33;ND;22.16;3.46;NA;NA;ND;NA;NA;NA;
17;21;13.21;10.32;19.18;ND;19.89;24.87;NA;NA;ND;NA;NA;NA;
17;22;12.89;7.77;11.89;ND;13.29;12.55;NA;NA;ND;NA;NA;NA;
17;23;5.11;9.93;11.84;ND;11.12;ND;NA;NA;ND;NA;NA;NA;
18;0;27.2;17.46;13.11;ND;19.94;4.63;NA;NA;ND;NA;NA;NA;
18;1;12.34;17.29;14.25;ND;13.31;13.72;NA;NA;ND;NA;NA;NA;
18;2;8.63;12.05;10.72;ND;13.54;23.16;NA;NA;ND;NA;NA;NA;
18;3;8.48;13.54;13.94;ND;14.58;0.12;NA;NA;ND;NA;NA;NA;
18;4;16.89;18.79;13.33;ND;16.74;13.69;NA;NA;ND;NA;NA;NA;
18;5;26.33;19.33;13.88;ND;22.31;16.98;NA;NA;ND;NA;NA;NA;
18;6;23.4;31.58;20.72;ND;64.79;35.98;NA;NA;ND;NA;NA;NA;
18;7;15.73;35;11.11;ND;81.05;24.06;NA;NA;ND;NA;NA;NA;
18;8;32.91;17.55;38.61;ND;51.91;54.18;NA;NA;ND;NA;NA;NA;
18;9;37.49;12.39;41.63;ND;23.52;30.73;NA;NA;ND;NA;NA;NA;
18;10;29.11;21.32;34.83;ND;36.71;24.99;NA;NA;ND;NA;NA;NA;
18;11;10.02;23.95;25.45;ND;30.02;33.75;NA;NA;ND;NA;NA;NA;
18;12;10.08;17.41;9.76;ND;21.17;26.45;NA;NA;ND;NA;NA;NA;
18;13;9.31;12.02;11.23;ND;22.15;18.47;NA;NA;ND;NA;NA;NA;
18;14;21.97;22.23;24.11;ND;29.81;26.75;NA;NA;ND;NA;NA;NA;
18;15;26.35;27.85;25.53;ND;23.73;2.73;NA;NA;ND;NA;NA;NA;
18;16;23.53;17.29;31.63;ND;22.85;27.31;NA;NA;ND;NA;NA;NA;
18;17;27.5;22.58;32.38;ND;24.79;25.48;NA;NA;ND;NA;NA;NA;
18;18;20.79;18.26;34.53;ND;36.99;18.69;NA;NA;ND;NA;NA;NA;
18;19;16.72;24.98;29.63;ND;28.5;27.74;NA;NA;ND;NA;NA;NA;
18;20;25.29;27.93;32.27;ND;29.45;30.82;NA;NA;ND;NA;NA;NA;
18;21;30.94;26.9;29.26;ND;34.22;38.66;NA;NA;ND;NA;NA;NA;
18;22;26.37;21.82;21.32;ND;45.92;48.02;NA;NA;ND;NA;NA;NA;
18;23;24.42;20.93;22.86;ND;29.34;ND;NA;NA;ND;NA;NA;NA;
19;0;32.12;32.68;30.74;ND;45.07;30.48;NA;NA;ND;NA;NA;NA;
19;1;28.35;17.52;31.21;ND;36.77;39.57;NA;NA;ND;NA;NA;NA;
19;2;33.11;23.21;21.83;ND;29.97;29.68;NA;NA;ND;NA;NA;NA;
19;3;29.8;18.64;17.13;ND;28.28;24.33;NA;NA;ND;NA;NA;NA;
19;4;16.57;21.14;24.67;ND;22.88;8.15;NA;NA;ND;NA;NA;NA;
19;5;21.15;22.87;29.98;ND;33.15;18.7;NA;NA;ND;NA;NA;NA;
19;6;27.26;28;21.93;ND;55.01;46.48;NA;NA;ND;NA;NA;NA;
19;7;31.25;29.81;32.36;ND;59.1;52.71;NA;NA;ND;NA;NA;NA;
19;8;24.59;26.99;43.02;ND;37.87;84.46;NA;NA;ND;NA;NA;NA;
19;9;19.68;21.87;34.22;ND;25.11;43.79;NA;NA;ND;NA;NA;NA;
19;10;21.1;22.07;15.46;ND;25.77;36.53;NA;NA;ND;NA;NA;NA;
19;11;13.58;16.63;14.25;ND;19.09;12.77;NA;NA;ND;NA;NA;NA;
19;12;8.28;11.05;6.46;ND;11.43;5.91;NA;NA;ND;NA;NA;NA;
19;13;9.6;19.66;11;ND;14.73;9.49;NA;NA;ND;NA;NA;NA;
19;14;4.42;6.38;3.82;ND;7.44;8.69;NA;NA;ND;NA;NA;NA;
19;15;16.22;17.78;13.07;ND;12.29;17.29;NA;NA;ND;NA;NA;NA;
19;16;6.9;14.48;12.88;ND;8.93;18.51;NA;NA;ND;NA;NA;NA;
19;17;6.27;10.74;13.56;ND;13.29;4.79;NA;NA;ND;NA;NA;NA;
19;18;9.12;18.96;17.05;ND;8.85;8.89;NA;NA;ND;NA;NA;NA;
19;19;19.46;24.39;13.94;ND;22.41;10.73;NA;NA;ND;NA;NA;NA;
19;20;12.5;17.3;8.07;ND;21.32;18.34;NA;NA;ND;NA;NA;NA;
19;21;8.78;5.59;20.79;ND;19.24;20.79;NA;NA;ND;NA;NA;NA;
19;22;4.9;13.15;10.3;ND;19.9;14.69;NA;NA;ND;NA;NA;NA;
19;23;11.35;4.5;9.64;ND;16.42;ND;NA;NA;ND;NA;NA;NA;
20;0;3.27;14.23;13.18;ND;8.4;23.15;NA;NA;ND;NA;NA;NA;
20;1;3.65;8.67;12.24;ND;9.96;27.56;NA;NA;ND;NA;NA;NA;
20;2;12.63;3.44;3.01;ND;5.95;6.46;NA;NA;ND;NA;NA;NA;
20;3;11.89;15.62;2.84;ND;6.84;8.53;NA;NA;ND;NA;NA;NA;
20;4;5.85;10.78;4.78;ND;10.34;13.58;NA;NA;ND;NA;NA;NA;
20;5;0.92;12.6;0.28;ND;5.08;19.49;NA;NA;ND;NA;NA;NA;
20;6;16.67;19.09;5.11;ND;11.25;23.74;NA;NA;ND;NA;NA;NA;
20;7;6.8;10.14;48.96;ND;6.09;2.03;NA;NA;ND;NA;NA;NA;
20;8;13.63;9.66;8.31;ND;14.09;13.16;NA;NA;ND;NA;NA;NA;
20;9;6.59;6.57;7.15;ND;10.42;2.95;NA;NA;ND;NA;NA;NA;
20;10;4.58;11.08;1.08;ND;2.48;22.64;NA;NA;ND;NA;NA;NA;
20;11;3.65;12.41;4.6;ND;8.96;26.09;NA;NA;ND;NA;NA;NA;
20;12;2.22;3.68;4.89;ND;6.06;8.73;NA;NA;ND;NA;NA;NA;
20;13;13.05;10.84;2.84;ND;2.64;2.19;NA;NA;ND;NA;NA;NA;
20;14;2.67;1.48;2.18;ND;11.48;11.12;NA;NA;ND;NA;NA;NA;
20;15;1.8;1.08;0.91;ND;2.42;7.83;NA;NA;ND;NA;NA;NA;
20;16;2.78;7.73;16.33;ND;5.64;13.38;NA;NA;ND;NA;NA;NA;
20;17;14.43;19.02;10.57;ND;10.99;7.77;NA;NA;ND;NA;NA;NA;
20;18;15.16;13.29;9.15;ND;8.4;0;NA;NA;ND;NA;NA;NA;
20;19;12.49;12.28;6.27;ND;15.67;27.84;NA;NA;ND;NA;NA;NA;
20;20;3.32;6.97;9.1;ND;11.65;7.01;NA;NA;ND;NA;NA;NA;
20;21;6.41;7.2;9.4;ND;11.93;20.84;NA;NA;ND;NA;NA;NA;
20;22;9.6;11.16;14.79;ND;5.81;3.14;NA;NA;ND;NA;NA;NA;
20;23;0.1;3.7;7.8;ND;5.02;ND;NA;NA;ND;NA;NA;NA;
21;0;19.37;5.68;10.5;ND;8.26;14.71;NA;NA;ND;NA;NA;NA;
21;1;4.14;14.43;5.29;ND;8.55;5.16;NA;NA;ND;NA;NA;NA;
21;2;6.53;4.62;9.83;ND;4.65;8.35;NA;NA;ND;NA;NA;NA;
21;3;3.19;9.71;3.08;ND;0.98;15.04;NA;NA;ND;NA;NA;NA;
21;4;10.18;10.7;4.55;ND;3.21;0.98;NA;NA;ND;NA;NA;NA;
21;5;7.73;9.01;0.66;ND;6.43;0.02;NA;NA;ND;NA;NA;NA;
21;6;16.39;23.92;3.63;ND;29.23;17.08;NA;NA;ND;NA;NA;NA;
21;7;4.67;37.52;0.58;ND;28.34;21.43;NA;NA;ND;NA;NA;NA;
21;8;17;16.05;9.17;ND;19.35;4.83;NA;NA;ND;NA;NA;NA;
21;9;3.97;12.75;5.69;ND;5.45;13.63;NA;NA;ND;NA;NA;NA;
21;10;7.56;3.34;5.08;ND;1.07;2.2;NA;NA;ND;NA;NA;NA;
21;11;10.71;7.88;3.04;ND;7.31;11.45;NA;NA;ND;NA;NA;NA;
21;12;3.91;21.51;4.6;ND;6.05;0.01;NA;NA;ND;NA;NA;NA;
21;13;7.17;15.66;0.07;ND;3.18;3.19;NA;NA;ND;NA;NA;NA;
21;14;6.46;9.06;8.15;ND;5.29;5.43;NA;NA;ND;NA;NA;NA;
21;15;5.22;3.89;3.77;ND;4.47;18.48;NA;NA;ND;NA;NA;NA;
21;16;12;5.27;15.17;ND;6.42;17.51;NA;NA;ND;NA;NA;NA;
21;17;6.11;14.38;14.39;ND;10.22;8.52;NA;NA;ND;NA;NA;NA;
21;18;12.31;7.7;9.63;ND;15.19;11.73;NA;NA;ND;NA;NA;NA;
21;19;16.03;13.81;21.2;ND;9.03;8.38;NA;NA;ND;NA;NA;NA;
21;20;9.81;7.7;20.37;ND;12.65;22.25;NA;NA;ND;NA;NA;NA;
21;21;8.09;12.7;8.7;ND;16.13;18.85;NA;NA;ND;NA;NA;NA;
21;22;11.17;10.13;9.53;ND;10.48;4.33;NA;NA;ND;NA;NA;NA;
21;23;22.46;8.43;2.82;ND;9.24;ND;NA;NA;ND;NA;NA;NA;
22;0;8.51;14.61;0.34;ND;3.51;0.03;NA;NA;ND;NA;NA;NA;
22;1;9.89;12.4;11.02;ND;12.05;9.06;NA;NA;ND;NA;NA;NA;
22;2;10.17;11.58;5.72;ND;3.37;16.48;NA;NA;ND;NA;NA;NA;
22;3;10.11;11.46;0.18;ND;5.8;3.34;NA;NA;ND;NA;NA;NA;
22;4;7.21;15.74;10.32;ND;5.78;14.02;NA;NA;ND;NA;NA;NA;
22;5;5.03;22.84;3;ND;9.88;8.29;NA;NA;ND;NA;NA;NA;
22;6;19.39;32.23;8.25;ND;24.47;3.3;NA;NA;ND;NA;NA;NA;
22;7;16.63;27.58;2.06;ND;27.72;23.21;NA;NA;ND;NA;NA;NA;
22;8;12.89;19.14;2.66;ND;6.83;15.84;NA;NA;ND;NA;NA;NA;
22;9;6.71;8.28;8.89;ND;3.23;9.84;NA;NA;ND;NA;NA;NA;
22;10;8.43;3.31;3.28;ND;2.77;12.22;NA;NA;ND;NA;NA;NA;
22;11;7.71;4.34;4.59;ND;8.7;8.12;NA;NA;ND;NA;NA;NA;
22;12;ND;7.74;5.43;ND;6.02;19.33;NA;NA;ND;NA;NA;NA;
22;13;ND;5.89;2.56;ND;4.43;4.68;NA;NA;ND;NA;NA;NA;
22;14;ND;16.9;10.6;ND;5.78;8.33;NA;NA;ND;NA;NA;NA;
22;15;3.73;2.72;10.73;ND;7.51;10.15;NA;NA;ND;NA;NA;NA;
22;16;11;12.31;14;ND;7.71;21.77;NA;NA;ND;NA;NA;NA;
22;17;10.24;16.48;16.19;ND;14.28;23.63;NA;NA;ND;NA;NA;NA;
22;18;7.9;12.07;17.28;ND;19.58;12.53;NA;NA;ND;NA;NA;NA;
22;19;12.09;18.6;11.66;ND;18.01;18.29;NA;NA;ND;NA;NA;NA;
22;20;7.6;18.86;1.97;ND;22.22;9.57;NA;NA;ND;NA;NA;NA;
22;21;7.8;16.12;7.39;ND;17.28;29.5;NA;NA;ND;NA;NA;NA;
22;22;10.07;21.35;12.63;ND;ND;4.64;NA;NA;ND;NA;NA;NA;
22;23;11.01;8.05;2.89;ND;ND;ND;NA;NA;ND;NA;NA;NA;
23;0;3.17;12.13;3.99;ND;22.47;24.12;NA;NA;ND;NA;NA;NA;
23;1;5.57;6.37;1.96;ND;13.57;0.64;NA;NA;ND;NA;NA;NA;
23;2;9.76;10.56;9.86;ND;8.51;0.6;NA;NA;ND;NA;NA;NA;
23;3;6.91;10.75;2.56;ND;3.85;3.33;NA;NA;ND;NA;NA;NA;
23;4;7.7;8.22;1.02;ND;2.69;16.1;NA;NA;ND;NA;NA;NA;
23;5;8.65;13.02;4.1;ND;12.41;10.84;NA;NA;ND;NA;NA;NA;
23;6;14.85;27.47;3.41;ND;21.84;0.82;NA;NA;ND;NA;NA;NA;
23;7;9.04;24.24;6.47;ND;39.87;19;NA;NA;ND;NA;NA;NA;
23;8;12.22;14.17;10.9;ND;29.05;6.95;NA;NA;ND;NA;NA;NA;
23;9;8.22;5.99;3.36;ND;14.1;18.59;NA;NA;ND;NA;NA;NA;
23;10;4.37;6;7.02;ND;5.2;11.55;NA;NA;ND;NA;NA;NA;
23;11;7.24;8.45;3.87;ND;3.07;0;NA;NA;ND;NA;NA;NA;
23;12;9.5;9.32;0.94;ND;4.17;17.45;NA;NA;ND;NA;NA;NA;
23;13;6.43;11.83;3.33;ND;7.42;20.83;NA;NA;ND;NA;NA;NA;
23;14;6.02;10.74;9.46;ND;3.81;0;NA;NA;ND;NA;NA;NA;
23;15;8.18;4.7;8.17;ND;9.65;9;NA;NA;ND;NA;NA;NA;
23;16;6.56;21.92;6.88;ND;5.46;17.88;NA;NA;ND;NA;NA;NA;
23;17;11.63;7.25;18.77;ND;11.39;1.11;NA;NA;ND;NA;NA;NA;
23;18;14.19;22.05;19.78;ND;15.88;14.75;NA;NA;ND;NA;NA;NA;
23;19;14.54;18.48;13.45;ND;12.54;17.96;NA;NA;ND;NA;NA;NA;
23;20;18.58;17.06;5.93;ND;17.61;31.32;NA;NA;ND;NA;NA;NA;
23;21;17.5;19.7;14.43;ND;15.72;8.06;NA;NA;ND;NA;NA;NA;
23;22;15.69;19.4;4.49;ND;11.53;2.36;NA;NA;ND;NA;NA;NA;
23;23;6.42;8.95;1.51;ND;3.36;ND;NA;NA;ND;NA;NA;NA;
24;0;5.38;12.45;5.02;ND;8.58;1.66;NA;NA;ND;NA;NA;NA;
24;1;9.81;15.06;6.05;ND;11.52;19.28;NA;NA;ND;NA;NA;NA;
24;2;5.82;11.9;3.88;ND;4.85;20.17;NA;NA;ND;NA;NA;NA;
24;3;13.94;2.76;5.15;ND;5.17;12.19;NA;NA;ND;NA;NA;NA;
24;4;4.15;16.37;4.22;ND;10.03;7.08;NA;NA;ND;NA;NA;NA;
24;5;11.54;17.28;6.06;ND;12;8.03;NA;NA;ND;NA;NA;NA;
24;6;15.33;17.85;6.85;ND;21.85;27.98;NA;NA;ND;NA;NA;NA;
24;7;11.51;19.49;11.1;ND;22.42;26.3;NA;NA;ND;NA;NA;NA;
24;8;10.59;9.49;19.12;ND;15.93;9.67;NA;NA;ND;NA;NA;NA;
24;9;12.68;15.02;7.75;ND;8.85;0.01;NA;NA;ND;NA;NA;NA;
24;10;11.92;9.64;6.32;ND;9.96;19.74;NA;NA;ND;NA;NA;NA;
24;11;2.35;6.61;9.42;ND;3.05;2.57;NA;NA;ND;NA;NA;NA;
24;12;5.52;7.69;1.64;ND;3.76;4.95;NA;NA;ND;NA;NA;NA;
24;13;6.86;15.35;6.82;ND;5.7;23;NA;NA;ND;NA;NA;NA;
24;14;6.41;9.74;4.64;ND;5.77;4.27;NA;NA;ND;NA;NA;NA;
24;15;4.24;7.53;9.21;ND;5.23;26.04;NA;NA;ND;NA;NA;NA;
24;16;14.41;12.81;6.45;ND;9.72;8.78;NA;NA;ND;NA;NA;NA;
24;17;11.93;6.5;22.33;ND;10.05;2.22;NA;NA;ND;NA;NA;NA;
24;18;5.66;13.38;15.76;ND;12.88;23.11;NA;NA;ND;NA;NA;NA;
24;19;11.23;24.85;12.85;ND;19.25;3.81;NA;NA;ND;NA;NA;NA;
24;20;14.31;11.98;8.12;ND;12.67;32.47;NA;NA;ND;NA;NA;NA;
24;21;16.59;11.16;3.44;ND;11.52;11.56;NA;NA;ND;NA;NA;NA;
24;22;8.08;13.45;6.15;ND;14.9;10.64;NA;NA;ND;NA;NA;NA;
24;23;11.28;7.76;8.29;ND;16.34;ND;NA;NA;ND;NA;NA;NA;
25;0;3.91;12.67;5.71;ND;11.73;13.21;NA;NA;ND;NA;NA;NA;
25;1;5.56;11.23;8.17;ND;13.43;1.02;NA;NA;ND;NA;NA;NA;
25;2;7.37;8.96;1.72;ND;3.98;6.41;NA;NA;ND;NA;NA;NA;
25;3;8.21;8.8;8.53;ND;8.07;20.06;NA;NA;ND;NA;NA;NA;
25;4;8.74;14.93;7.7;ND;11.56;4.78;NA;NA;ND;NA;NA;NA;
25;5;13.18;15.13;3.86;ND;4.48;19.08;NA;NA;ND;NA;NA;NA;
25;6;9.87;28.95;15.34;ND;22.31;29.13;NA;NA;ND;NA;NA;NA;
25;7;10.88;49.94;4.24;ND;22.41;18.96;NA;NA;ND;NA;NA;NA;
25;8;8.71;17.44;6.7;ND;11.18;5.37;NA;NA;ND;NA;NA;NA;
25;9;8.57;17.31;5.43;ND;7.59;8.94;NA;NA;ND;NA;NA;NA;
25;10;2.52;8.81;2.71;ND;6.06;2.04;NA;NA;ND;NA;NA;NA;
25;11;10.04;8.97;3.91;ND;6.05;1.47;NA;NA;ND;NA;NA;NA;
25;12;8.2;6.87;2.15;ND;5.19;4.96;NA;NA;ND;NA;NA;NA;
25;13;4.68;6.54;4.69;ND;7.02;0.36;NA;NA;ND;NA;NA;NA;
25;14;5.64;8.06;1.68;ND;8.26;0.85;NA;NA;ND;NA;NA;NA;
25;15;6.28;8.75;6.19;ND;2.74;10.58;NA;NA;ND;NA;NA;NA;
25;16;4.78;6.94;19.32;ND;5.81;7.28;NA;NA;ND;NA;NA;NA;
25;17;11.55;7.4;14.04;ND;14.42;19.81;NA;NA;ND;NA;NA;NA;
25;18;15.62;18.69;17.97;ND;17.02;28.08;NA;NA;ND;NA;NA;NA;
25;19;12.19;19.15;17.9;ND;17.02;7.59;NA;NA;ND;NA;NA;NA;
25;20;21.44;12.59;4.57;ND;19.23;16.06;NA;NA;ND;NA;NA;NA;
25;21;18.15;6.32;12.65;ND;17.33;9.05;NA;NA;ND;NA;NA;NA;
25;22;14.56;16.35;12.28;ND;16.76;27.65;NA;NA;ND;NA;NA;NA;
25;23;12.84;8.53;8.86;ND;31.52;ND;NA;NA;ND;NA;NA;NA;
26;0;7.02;25.1;10.37;ND;5.57;6.87;NA;NA;ND;NA;NA;NA;
26;1;11.47;27.54;14.01;ND;10.63;27.22;NA;NA;ND;NA;NA;NA;
26;2;7.71;19.17;17.65;ND;18.39;16.25;NA;NA;ND;NA;NA;NA;
26;3;10.54;18.68;9.3;ND;15.23;7.51;NA;NA;ND;NA;NA;NA;
26;4;9.86;22.24;9.48;ND;16.73;32.88;NA;NA;ND;NA;NA;NA;
26;5;9.23;21.69;7.09;ND;26.38;9.91;NA;NA;ND;NA;NA;NA;
26;6;10.61;28.67;14.3;ND;33.1;27.04;NA;NA;ND;NA;NA;NA;
26;7;17.33;24.44;13.96;ND;56.61;36.25;NA;NA;ND;NA;NA;NA;
26;8;15.09;28.07;40.09;ND;51.17;38.08;NA;NA;ND;NA;NA;NA;
26;9;13.73;8.31;15.15;ND;11.36;5.86;NA;NA;ND;NA;NA;NA;
26;10;8.87;12.38;7.26;ND;6.64;18.63;NA;NA;ND;NA;NA;NA;
26;11;8.41;17.09;2.94;ND;4.94;24.21;NA;NA;ND;NA;NA;NA;
26;12;9.62;6.35;1.38;ND;7.09;23.19;NA;NA;ND;NA;NA;NA;
26;13;8.37;13.96;2.24;ND;7.12;1.88;NA;NA;ND;NA;NA;NA;
26;14;4.43;6.7;0.78;ND;4.56;0.21;NA;NA;ND;NA;NA;NA;
26;15;10.59;10.63;10.29;ND;11.96;21.39;NA;NA;ND;NA;NA;NA;
26;16;13.62;5.35;5.94;ND;3.78;7.57;NA;NA;ND;NA;NA;NA;
26;17;8.8;15.98;21.77;ND;12.8;2.18;NA;NA;ND;NA;NA;NA;
26;18;17.05;11.14;11.02;ND;11.86;0.12;NA;NA;ND;NA;NA;NA;
26;19;14.47;17.1;15.14;ND;8.13;15.71;NA;NA;ND;NA;NA;NA;
26;20;6.84;2.84;7.78;ND;19.27;25.4;NA;NA;ND;NA;NA;NA;
26;21;8.57;11.06;2.21;ND;12.91;23.14;NA;NA;ND;NA;NA;NA;
26;22;9.29;8.1;15.48;ND;14.99;17.63;NA;NA;ND;NA;NA;NA;
26;23;8.97;4.46;9.48;ND;8.96;ND;NA;NA;ND;NA;NA;NA;
27;0;6.53;3.55;1.48;ND;4.49;0.05;NA;NA;ND;NA;NA;NA;
27;1;8.62;12.05;6.24;ND;7.51;21.25;NA;NA;ND;NA;NA;NA;
27;2;9.65;16.36;6.69;ND;13.54;4.29;NA;NA;ND;NA;NA;NA;
27;3;9.81;16.55;11.17;ND;10.86;5.75;NA;NA;ND;NA;NA;NA;
27;4;9.67;6.65;6.67;ND;11.85;18.42;NA;NA;ND;NA;NA;NA;
27;5;8.97;4.64;6.68;ND;13.79;19.43;NA;NA;ND;NA;NA;NA;
27;6;14.2;21.62;9.11;ND;19.9;10.09;NA;NA;ND;NA;NA;NA;
27;7;16.78;25.56;27.04;ND;9.11;25.16;NA;NA;ND;NA;NA;NA;
27;8;12.03;16.55;13.21;ND;12.46;6.75;NA;NA;ND;NA;NA;NA;
27;9;13.74;3.79;6;ND;3.6;2.6;NA;NA;ND;NA;NA;NA;
27;10;30.85;15.41;7.23;ND;19.67;2.28;NA;NA;ND;NA;NA;NA;
27;11;13.67;15.04;8.55;ND;3.56;17.78;NA;NA;ND;NA;NA;NA;
27;12;7.34;4.9;5.65;ND;11.29;18.74;NA;NA;ND;NA;NA;NA;
27;13;4.56;8.95;1.93;ND;2.49;6.3;NA;NA;ND;NA;NA;NA;
27;14;5.72;8.12;1.64;ND;12.41;4.61;NA;NA;ND;NA;NA;NA;
27;15;12.83;10.57;4.25;ND;2.33;5.73;NA;NA;ND;NA;NA;NA;
27;16;14.89;7.33;13.67;ND;12.67;0;NA;NA;ND;NA;NA;NA;
27;17;10.03;9.45;10.5;ND;17.47;9.97;NA;NA;ND;NA;NA;NA;
27;18;4.56;11.22;8.52;ND;23.09;14.63;NA;NA;ND;NA;NA;NA;
27;19;10.4;18.08;13.31;ND;17.38;14.81;NA;NA;ND;NA;NA;NA;
27;20;18.64;14.52;11.43;ND;16.34;27.61;NA;NA;ND;NA;NA;NA;
27;21;12.82;8.29;7.43;ND;10.21;28.38;NA;NA;ND;NA;NA;NA;
27;22;10.01;12.78;1.39;ND;15.29;6.47;NA;NA;ND;NA;NA;NA;
27;23;9.66;10.7;5.7;ND;15.64;ND;NA;NA;ND;NA;NA;NA;
28;0;2.96;3.62;2.08;ND;23.41;20.8;NA;NA;ND;NA;NA;NA;
28;1;8.34;21.86;9.24;ND;11.48;0.89;NA;NA;ND;NA;NA;NA;
28;2;10.8;15.98;0.91;ND;8.78;22.2;NA;NA;ND;NA;NA;NA;
28;3;10.4;20.14;10.25;ND;5.82;15.45;NA;NA;ND;NA;NA;NA;
28;4;10.16;13.87;7.51;ND;5.66;10.94;NA;NA;ND;NA;NA;NA;
28;5;10.28;19.14;8.82;ND;9.63;6.32;NA;NA;ND;NA;NA;NA;
28;6;25.52;27.3;6.62;ND;17.13;27.98;NA;NA;ND;NA;NA;NA;
28;7;20.9;31.4;14.28;ND;42.81;22.4;NA;NA;ND;NA;NA;NA;
28;8;11.6;23.81;6.45;ND;21.33;4.92;NA;NA;ND;NA;NA;NA;
28;9;4.31;21.62;10.7;ND;6.89;2.73;NA;NA;ND;NA;NA;NA;
28;10;10.75;5.79;4.9;ND;10.45;5.63;NA;NA;ND;NA;NA;NA;
28;11;0.8;6.59;1.23;ND;4.88;8.76;NA;NA;ND;NA;NA;NA;
28;12;13.35;3.38;0;ND;9.04;0.03;NA;NA;ND;NA;NA;NA;
28;13;1.37;11.3;2.88;ND;4.33;34.45;NA;NA;ND;NA;NA;NA;
28;14;7.81;4.11;19.62;ND;8.96;7.05;NA;NA;ND;NA;NA;NA;
28;15;6.5;16.7;14.99;ND;9.54;11.97;NA;NA;ND;NA;NA;NA;
28;16;12.73;18.4;13.16;ND;4.68;13.47;NA;NA;ND;NA;NA;NA;
28;17;21.28;21.93;15.67;ND;11.49;7.64;NA;NA;ND;NA;NA;NA;
28;18;28.04;22.18;7.87;ND;12.03;14.95;NA;NA;ND;NA;NA;NA;
28;19;15.98;27.54;18.02;ND;22.31;23.57;NA;NA;ND;NA;NA;NA;
28;20;17.64;27.87;21.17;ND;22.92;19.06;NA;NA;ND;NA;NA;NA;
28;21;17.38;16.26;21.46;ND;23.96;17.79;NA;NA;ND;NA;NA;NA;
28;22;9.6;9.82;9.3;ND;16.65;23.2;NA;NA;ND;NA;NA;NA;
28;23;14.01;10.79;ND;ND;11.06;ND;NA;NA;ND;NA;NA;NA;
29;0;20.6;21.22;16.46;ND;23.51;6.38;NA;NA;ND;NA;NA;NA;
29;1;7.66;6.97;4.61;ND;13.56;21.19;NA;NA;ND;NA;NA;NA;
29;2;2.38;17;7.69;ND;4.44;22.06;NA;NA;ND;NA;NA;NA;
29;3;13.51;24.11;15.79;ND;7.97;15.7;NA;NA;ND;NA;NA;NA;
29;4;8.36;9.75;3.36;ND;14.01;7.15;NA;NA;ND;NA;NA;NA;
29;5;9.77;10.7;11.5;ND;6.27;12.51;NA;NA;ND;NA;NA;NA;
29;6;16.14;20.05;7.04;ND;21.3;24.2;NA;NA;ND;NA;NA;NA;
29;7;16.12;30.79;13.73;ND;26.9;17.68;NA;NA;ND;NA;NA;NA;
29;8;9.88;22.13;30.88;ND;20.71;8.96;NA;NA;ND;NA;NA;NA;
29;9;28.32;10.35;36.44;ND;10.37;11.1;NA;NA;ND;NA;NA;NA;
29;10;18.34;17.94;15.74;ND;2.93;ND;NA;NA;ND;NA;NA;NA;
29;11;7.67;7.41;13.5;ND;15.48;0.21;NA;NA;ND;NA;NA;NA;
29;12;14.83;16.22;7.53;ND;5.29;2.32;NA;NA;ND;NA;NA;NA;
29;13;2.86;8.37;13.48;ND;7.25;2.19;NA;NA;ND;NA;NA;NA;
29;14;11.1;21.02;5.02;ND;4;3.61;NA;NA;ND;NA;NA;NA;
29;15;17.69;8.24;13.9;ND;10.03;6.25;NA;NA;ND;NA;NA;NA;
29;16;14.57;13.48;17.28;ND;8.76;6.41;NA;NA;ND;NA;NA;NA;
29;17;12.57;20.49;12.81;ND;15.41;7.89;NA;NA;ND;NA;NA;NA;
29;18;23.28;30.55;17.37;ND;26.61;11.8;NA;NA;ND;NA;NA;NA;
29;19;13;33.29;17.41;ND;28.33;29.65;NA;NA;ND;NA;NA;NA;
29;20;20.86;18.18;16.54;ND;27.97;28.45;NA;NA;ND;NA;NA;NA;
29;21;13.82;11.75;13.59;ND;22.99;29.63;NA;NA;ND;NA;NA;NA;
29;22;22.02;12.24;18.32;ND;33.17;21.31;NA;NA;ND;NA;NA;NA;
29;23;32.81;15.24;ND;ND;27.64;29.17;NA;NA;ND;NA;NA;NA;
30;0;17.95;31.18;17.43;ND;20.76;27.93;NA;NA;ND;NA;NA;NA;
30;1;27.96;21.14;21.88;ND;34.48;25.83;NA;NA;ND;NA;NA;NA;
30;2;20.08;22.64;22.33;ND;24.62;23.51;NA;NA;ND;NA;NA;NA;
30;3;19.63;17.26;21.88;ND;30.8;22.06;NA;NA;ND;NA;NA;NA;
30;4;17.33;20.84;18.28;ND;26.59;26.61;NA;NA;ND;NA;NA;NA;
30;5;24.53;24.82;21.62;ND;28.19;23.77;NA;NA;ND;NA;NA;NA;
30;6;24.92;24.58;21.4;ND;45.7;30.55;NA;NA;ND;NA;NA;NA;
30;7;37.06;28.62;36.51;ND;52.82;46.14;NA;NA;ND;NA;NA;NA;
30;8;27.14;32.19;43.24;ND;37.31;41.71;NA;NA;ND;NA;NA;NA;
30;9;17.95;28.16;26.48;ND;27;42.6;NA;NA;ND;NA;NA;NA;
30;10;15.87;9.01;23.67;ND;15.85;13.49;NA;NA;ND;NA;NA;NA;
30;11;13.83;21.41;16.08;ND;13.51;1.89;NA;NA;ND;NA;NA;NA;
30;12;15.01;8.99;24.28;ND;27.02;13.95;NA;NA;ND;NA;NA;NA;
30;13;9.6;12.73;11.65;ND;10.85;4.49;NA;NA;ND;NA;NA;NA;
30;14;1.37;6.61;1.71;ND;11.39;9.54;NA;NA;ND;NA;NA;NA;
30;15;13.68;5.96;6.56;ND;23.34;9.77;NA;NA;ND;NA;NA;NA;
30;16;22.7;20.33;19.64;ND;ND;27.08;NA;NA;ND;NA;NA;NA;
30;17;22.76;23.34;20.46;ND;40.9;25.96;NA;NA;ND;NA;NA;NA;
30;18;20.37;19.44;26.98;ND;21.79;6.43;NA;NA;ND;NA;NA;NA;
30;19;16.23;20.25;30.78;ND;22.14;30.23;NA;NA;ND;NA;NA;NA;
30;20;18.24;24.48;21.15;ND;29.14;32.21;NA;NA;ND;NA;NA;NA;
30;21;21.02;19.45;24.78;ND;31.76;14.26;NA;NA;ND;NA;NA;NA;
30;22;20.8;18.63;18.49;ND;29.68;10.05;NA;NA;ND;NA;NA;NA;
30;23;20.44;11.38;ND;ND;20;29.58;NA;NA;ND;NA;NA;NA;
31;0;27.25;8.15;7.94;ND;19.12;26.04;NA;NA;ND;NA;NA;NA;
31;1;23.78;20.6;29.81;ND;33.93;28.39;NA;NA;ND;NA;NA;NA;
31;2;22.33;19.28;21.68;ND;26.55;21.72;NA;NA;ND;NA;NA;NA;
31;3;18.36;28.33;9.15;ND;28.9;17.86;NA;NA;ND;NA;NA;NA;
31;4;16.21;20.71;9.67;ND;42.69;3.49;NA;NA;ND;NA;NA;NA;
31;5;16.94;32.16;21.96;ND;35.32;31.88;NA;NA;ND;NA;NA;NA;
31;6;23.83;41.06;25.41;ND;61.3;42.17;NA;NA;ND;NA;NA;NA;
31;7;29.86;41.55;46.27;ND;88.01;48.48;NA;NA;ND;NA;NA;NA;
31;8;35.69;17.73;57.98;ND;67.34;56.15;NA;NA;ND;NA;NA;NA;
31;9;36.87;11.2;45.02;ND;37;22.08;NA;NA;ND;NA;NA;NA;
31;10;34.02;16.6;ND;ND;31.26;19.12;NA;NA;ND;NA;NA;NA;
31;11;11.95;17.23;ND;ND;17.32;12.72;NA;NA;ND;NA;NA;NA;
31;12;24.54;20.85;ND;ND;16.07;32.85;NA;NA;ND;NA;NA;NA;
31;13;10.34;15.81;ND;ND;13.37;19.83;NA;NA;ND;NA;NA;NA;
31;14;16.25;12.41;ND;ND;20.48;7.63;NA;NA;ND;NA;NA;NA;
31;15;12.25;14.2;ND;ND;34.63;23.65;NA;NA;ND;NA;NA;NA;
31;16;19.63;23.84;ND;ND;22.58;15.73;NA;NA;ND;NA;NA;NA;
31;17;18.51;26.54;ND;ND;ND;14.18;NA;NA;ND;NA;NA;NA;
31;18;13.71;9.56;ND;ND;21.12;15.65;NA;NA;ND;NA;NA;NA;
31;19;12.57;18.43;ND;ND;19.5;18.42;NA;NA;ND;NA;NA;NA;
31;20;11.22;15.67;ND;ND;18.74;40.41;NA;NA;ND;NA;NA;NA;
31;21;19.2;13.22;ND;ND;32.62;5.63;NA;NA;ND;NA;NA;NA;
31;22;19.26;10.27;ND;ND;22.76;21.67;NA;NA;ND;NA;NA;NA;
31;23;11.58;8.56;ND;ND;21.25;18.77;NA;NA;ND;NA;NA;NA;
