DIA;HORA;Cotocollao;Carapungo;Belisario;Jipijapa;El Camal;Centro;Guamaní;Tumbaco;Los Chillos;El Condado;Turubamba;Chillogallo;
1;0;87.82;104.85;54.93;ND;131.96;72.92;NA;NA;ND;NA;NA;NA;
1;1;165.31;163.4;97.01;ND;257.67;170.48;NA;NA;ND;NA;NA;NA;
1;2;59.22;47.07;93.5;ND;215.42;83.36;NA;NA;ND;NA;NA;NA;
1;3;43.74;12.38;61.88;ND;82.8;48.94;NA;NA;ND;NA;NA;NA;
1;4;35.25;7.81;41.2;ND;46.68;29.83;NA;NA;ND;NA;NA;NA;
1;5;41.11;20.35;37.75;ND;21.82;17.36;NA;NA;ND;NA;NA;NA;
1;6;51.49;14.29;27.9;ND;23.89;35.73;NA;NA;ND;NA;NA;NA;
1;7;29.85;14.22;23.04;ND;17.59;28.07;NA;NA;ND;NA;NA;NA;
1;8;14.72;14.67;23.55;ND;11.51;26.45;NA;NA;ND;NA;NA;NA;
1;9;29.44;26.61;15.89;ND;11.57;33.42;NA;NA;ND;NA;NA;NA;
1;10;8.85;16.18;32.25;ND;13.66;8.12;NA;NA;ND;NA;NA;NA;
1;11;16.14;11.11;17.07;ND;19.46;15.22;NA;NA;ND;NA;NA;NA;
1;12;4.94;7.87;11.25;ND;9.02;17.01;NA;NA;ND;NA;NA;NA;
1;13;0.79;4.43;10.87;ND;8.15;4.74;NA;NA;ND;NA;NA;NA;
1;14;1.83;6.48;3.54;ND;12.1;18.69;NA;NA;ND;NA;NA;NA;
1;15;5.83;8.77;5.73;ND;3.79;10.54;NA;NA;ND;NA;NA;NA;
1;16;1.85;11.04;16.2;ND;2.55;15.24;NA;NA;ND;NA;NA;NA;
1;17;5.74;3.66;14.8;ND;7.53;29.96;NA;NA;ND;NA;NA;NA;
1;18;8.1;5.52;13.12;ND;4.59;15.96;NA;NA;ND;NA;NA;NA;
1;19;13.68;8.51;10.82;ND;2.78;12.12;NA;NA;ND;NA;NA;NA;
1;20;1.93;2.06;8.86;ND;7.31;1.34;NA;NA;ND;NA;NA;NA;
1;21;1.29;2.37;7.52;ND;3.51;15.79;NA;NA;ND;NA;NA;NA;
1;22;1.58;2.39;2.18;ND;13.44;11.34;NA;NA;ND;NA;NA;NA;
1;23;5.37;1.97;3.51;ND;2.84;0;NA;NA;ND;NA;NA;NA;
2;0;1.22;4.56;4.67;ND;10.97;0.32;NA;NA;ND;NA;NA;NA;
2;1;2.75;2.92;5.64;ND;3.9;29.37;NA;NA;ND;NA;NA;NA;
2;2;2.7;5.82;6.59;ND;4.18;29.37;NA;NA;ND;NA;NA;NA;
2;3;2.44;1.55;3.33;ND;10.11;2.65;NA;NA;ND;NA;NA;NA;
2;4;8.88;3.13;3.77;ND;4.56;0.42;NA;NA;ND;NA;NA;NA;
2;5;4.93;8.2;7.1;ND;9.64;11.26;NA;NA;ND;NA;NA;NA;
2;6;9.73;13.91;14.61;ND;55.94;41.59;NA;NA;ND;NA;NA;NA;
2;7;9.65;10.2;34.06;ND;32.46;34.34;NA;NA;ND;NA;NA;NA;
2;8;25.46;10.75;35.27;ND;10.74;48.9;NA;NA;ND;NA;NA;NA;
2;9;23.61;14.54;35.38;ND;7.86;19.07;NA;NA;ND;NA;NA;NA;
2;10;29.87;20.31;23.05;ND;9.1;25.69;NA;NA;ND;NA;NA;NA;
2;11;18.82;11.62;31.54;ND;21.36;32.25;NA;NA;ND;NA;NA;NA;
2;12;5.86;11.04;ND;ND;27.53;31.06;NA;NA;ND;NA;NA;NA;
2;13;6.72;11.54;19.88;ND;6.9;0.13;NA;NA;ND;NA;NA;NA;
2;14;1.22;3.41;21.51;ND;7.43;31.06;NA;NA;ND;NA;NA;NA;
2;15;6.33;3.91;36.62;ND;5.59;7.16;NA;NA;ND;NA;NA;NA;
2;16;2.3;10.2;22.52;ND;18.27;5.92;NA;NA;ND;NA;NA;NA;
2;17;3.82;7.19;17.76;ND;9.06;40.05;NA;NA;ND;NA;NA;NA;
2;18;2.51;6.08;12.04;ND;13.7;16.99;NA;NA;ND;NA;NA;NA;
2;19;6.63;12.34;22.84;ND;12.73;1.44;NA;NA;ND;NA;NA;NA;
2;20;13.84;3;17.94;ND;23.19;54.48;NA;NA;ND;NA;NA;NA;
2;21;7.41;2.64;16.28;ND;18.94;10.62;NA;NA;ND;NA;NA;NA;
2;22;2.42;6.86;14.32;ND;11.65;45.06;NA;NA;ND;NA;NA;NA;
2;23;2.85;7.17;8.55;ND;9.42;18.74;NA;NA;ND;NA;NA;NA;
3;0;0.49;2.16;ND;ND;16.38;3.92;NA;NA;ND;NA;NA;NA;
3;1;8.54;5.09;17.07;ND;16.46;14.89;NA;NA;ND;NA;NA;NA;
3;2;3.57;3.4;12.56;ND;6.08;27.4;NA;NA;ND;NA;NA;NA;
3;3;1.37;7.29;11.3;ND;12.24;1.74;NA;NA;ND;NA;NA;NA;
3;4;3.82;2.16;11.71;ND;7.82;21.11;NA;NA;ND;NA;NA;NA;
3;5;13.01;16.21;11.73;ND;12.42;8.28;NA;NA;ND;NA;NA;NA;
3;6;15.31;16.37;23.5;ND;18.69;24.38;NA;NA;ND;NA;NA;NA;
3;7;16.81;12.73;39.5;ND;34;23.06;NA;NA;ND;NA;NA;NA;
3;8;13.33;4.99;23.92;ND;15;11.3;NA;NA;ND;NA;NA;NA;
3;9;21.04;9.29;27.47;ND;16.47;0.45;NA;NA;ND;NA;NA;NA;
3;10;21.91;10.97;29.67;ND;ND;ND;NA;NA;ND;NA;NA;NA;
3;11;13.33;13.42;29.19;ND;21.92;ND;NA;NA;ND;NA;NA;NA;
3;12;9.51;8.93;27.22;ND;28.06;17.05;NA;NA;ND;NA;NA;NA;
3;13;12.59;9.95;15.36;ND;17.31;24.9;NA;NA;ND;NA;NA;NA;
3;14;5.86;1.98;19.96;ND;7.58;22.9;NA;NA;ND;NA;NA;NA;
3;15;1.71;7.09;15.16;ND;30.98;10.19;NA;NA;ND;NA;NA;NA;
3;16;1.06;4.9;21.02;ND;0.29;33.29;NA;NA;ND;NA;NA;NA;
3;17;5.75;8.35;26.63;ND;12.5;25.9;NA;NA;ND;NA;NA;NA;
3;18;8.23;11.62;14.17;ND;19.95;10.12;NA;NA;ND;NA;NA;NA;
3;19;7.44;7.66;28.84;ND;18.52;25.34;NA;NA;ND;NA;NA;NA;
3;20;16.27;18.94;17.42;ND;17.59;43.58;NA;NA;ND;NA;NA;NA;
3;21;16.36;13.14;20.61;ND;22.39;23.77;NA;NA;ND;NA;NA;NA;
3;22;6.33;11.31;16.74;ND;16.49;31.12;NA;NA;ND;NA;NA;NA;
3;23;9.75;7.97;16.86;ND;16.43;6.02;NA;NA;ND;NA;NA;NA;
4;0;13.16;21.66;ND;ND;13.9;7.75;NA;NA;ND;NA;NA;NA;
4;1;15.25;11.1;20.25;ND;16.56;43.06;NA;NA;ND;NA;NA;NA;
4;2;19.53;13.39;9.82;ND;21.11;31.8;NA;NA;ND;NA;NA;NA;
4;3;16.25;11.52;16.23;ND;16.47;46.15;NA;NA;ND;NA;NA;NA;
4;4;17.74;17.17;15.29;ND;18.94;28.3;NA;NA;ND;NA;NA;NA;
4;5;12.89;12.84;16.5;ND;20.27;17.38;NA;NA;ND;NA;NA;NA;
4;6;30.69;33.17;22.92;ND;46.46;32.43;NA;NA;ND;NA;NA;NA;
4;7;27.09;57.23;39.02;ND;54.82;16.39;NA;NA;ND;NA;NA;NA;
4;8;34.98;28.83;19.54;ND;28.87;10.27;NA;NA;ND;NA;NA;NA;
4;9;30.95;21.6;12.53;ND;7.18;11.33;NA;NA;ND;NA;NA;NA;
4;10;35;21.19;10.33;ND;7.03;24.23;NA;NA;ND;NA;NA;NA;
4;11;ND;13.56;8.13;ND;4.75;4.41;NA;NA;ND;NA;NA;NA;
4;12;ND;16.59;8.99;ND;3.93;1.79;NA;NA;ND;NA;NA;NA;
4;13;11.28;10.72;8.37;ND;3.96;28.51;NA;NA;ND;NA;NA;NA;
4;14;6.24;12.44;12.98;ND;10.53;32.04;NA;NA;ND;NA;NA;NA;
4;15;21.18;3.54;16.98;ND;9.08;44.34;NA;NA;ND;NA;NA;NA;
4;16;16.47;11.1;21.96;ND;9.77;0;NA;NA;ND;NA;NA;NA;
4;17;4.38;10.25;19.53;ND;9.65;11.18;NA;NA;ND;NA;NA;NA;
4;18;7.15;14.06;24.19;ND;16.72;24.2;NA;NA;ND;NA;NA;NA;
4;19;23.34;11.05;36.17;ND;33.11;15.92;NA;NA;ND;NA;NA;NA;
4;20;16.53;11.72;30.37;ND;32.18;70.65;NA;NA;ND;NA;NA;NA;
4;21;21.34;5.28;23.94;ND;27.29;13.5;NA;NA;ND;NA;NA;NA;
4;22;16.34;9.12;25.08;ND;24.45;54.31;NA;NA;ND;NA;NA;NA;
4;23;12.94;14.6;22.2;ND;24.31;46.18;NA;NA;ND;NA;NA;NA;
5;0;18.4;21.08;ND;ND;39.66;24.98;NA;NA;ND;NA;NA;NA;
5;1;20.64;18.03;21.22;ND;18.73;16.1;NA;NA;ND;NA;NA;NA;
5;2;13.3;15.51;23.9;ND;18.56;21.81;NA;NA;ND;NA;NA;NA;
5;3;18.85;11.8;18.11;ND;24.28;25.23;NA;NA;ND;NA;NA;NA;
5;4;21.92;14.11;18.43;ND;21.1;23.14;NA;NA;ND;NA;NA;NA;
5;5;17.49;12.11;14.18;ND;19.35;26.43;NA;NA;ND;NA;NA;NA;
5;6;21.92;15.44;19.34;ND;15.01;18.68;NA;NA;ND;NA;NA;NA;
5;7;16.74;13.58;20.4;ND;19.88;27.99;NA;NA;ND;NA;NA;NA;
5;8;37.77;19.46;44.91;ND;34.72;37;NA;NA;ND;NA;NA;NA;
5;9;20.11;27.61;26.97;ND;34.86;9.31;NA;NA;ND;NA;NA;NA;
5;10;19.3;22.94;27.05;ND;11.85;15.17;NA;NA;ND;NA;NA;NA;
5;11;5.59;5.82;11.32;ND;17.54;13.16;NA;NA;ND;NA;NA;NA;
5;12;9.65;9.41;21.79;ND;3.55;3.76;NA;NA;ND;NA;NA;NA;
5;13;2.06;8.05;8.14;ND;7.36;12.44;NA;NA;ND;NA;NA;NA;
5;14;1.87;12.37;18.89;ND;14.66;4.83;NA;NA;ND;NA;NA;NA;
5;15;9.05;8.63;11.31;ND;7.36;9.93;NA;NA;ND;NA;NA;NA;
5;16;5.17;2.06;13.88;ND;8.39;6.49;NA;NA;ND;NA;NA;NA;
5;17;17.15;12.67;14.25;ND;6.73;13.43;NA;NA;ND;NA;NA;NA;
5;18;4.46;7.7;16.21;ND;17.31;5.81;NA;NA;ND;NA;NA;NA;
5;19;0.46;9.75;10.58;ND;12.32;19.28;NA;NA;ND;NA;NA;NA;
5;20;10.38;6.8;17.05;ND;14.78;12.35;NA;NA;ND;NA;NA;NA;
5;21;9.09;4.86;5.53;ND;11.87;17.23;NA;NA;ND;NA;NA;NA;
5;22;11.31;7.6;11.31;ND;14.21;19.56;NA;NA;ND;NA;NA;NA;
5;23;8.31;3.31;10.31;ND;8.96;21.7;NA;NA;ND;NA;NA;NA;
6;0;1.21;12.55;ND;ND;10.46;22.01;NA;NA;ND;NA;NA;NA;
6;1;5.6;5.6;17.68;ND;12.83;17.29;NA;NA;ND;NA;NA;NA;
6;2;5.57;5.39;10.53;ND;10.47;12.67;NA;NA;ND;NA;NA;NA;
6;3;7.66;3.56;2.47;ND;9.79;6.12;NA;NA;ND;NA;NA;NA;
6;4;5.47;6.19;10.17;ND;6.94;9.89;NA;NA;ND;NA;NA;NA;
6;5;2.13;8.97;8.46;ND;5.45;5.01;NA;NA;ND;NA;NA;NA;
6;6;18.26;12.2;5.89;ND;5.57;19.59;NA;NA;ND;NA;NA;NA;
6;7;10.49;8.05;10.17;ND;12.43;9.9;NA;NA;ND;NA;NA;NA;
6;8;22.14;2.47;9.65;ND;16.1;23.8;NA;NA;ND;NA;NA;NA;
6;9;3.08;8.35;15.71;ND;11.03;10.49;NA;NA;ND;NA;NA;NA;
6;10;13.21;15.12;6.52;ND;9.05;3.41;NA;NA;ND;NA;NA;NA;
6;11;4.78;8.36;17.06;ND;3.03;6.24;NA;NA;ND;NA;NA;NA;
6;12;8.75;6.11;5.81;ND;10.95;17.6;NA;NA;ND;NA;NA;NA;
6;13;5.6;4.56;9.08;ND;7.9;3.79;NA;NA;ND;NA;NA;NA;
6;14;3.99;3;5.62;ND;10.73;1.48;NA;NA;ND;NA;NA;NA;
6;15;3.61;9.97;11.43;ND;3.69;1.47;NA;NA;ND;NA;NA;NA;
6;16;5.42;10.11;6.52;ND;6.28;17.73;NA;NA;ND;NA;NA;NA;
6;17;12.79;9.6;8.7;ND;12.2;10.83;NA;NA;ND;NA;NA;NA;
6;18;1.01;7.83;14.12;ND;10.96;16.9;NA;NA;ND;NA;NA;NA;
6;19;7.33;7.44;13.41;ND;11.35;5.58;NA;NA;ND;NA;NA;NA;
6;20;9.67;8.54;12.96;ND;13.89;16.11;NA;NA;ND;NA;NA;NA;
6;21;7.16;10.75;6.91;ND;11.18;8.34;NA;NA;ND;NA;NA;NA;
6;22;10.97;3.49;3.92;ND;2.82;1.45;NA;NA;ND;NA;NA;NA;
6;23;6.49;7.34;2.14;ND;6.74;10.77;NA;NA;ND;NA;NA;NA;
7;0;3.61;10.21;ND;ND;9.45;14.03;NA;NA;ND;NA;NA;NA;
7;1;2.27;13.54;11.6;ND;10.63;44.59;NA;NA;ND;NA;NA;NA;
7;2;1.87;8.63;10.57;ND;10.41;18.02;NA;NA;ND;NA;NA;NA;
7;3;6.4;5.8;8.32;ND;9.82;13.77;NA;NA;ND;NA;NA;NA;
7;4;6.37;14.42;11.85;ND;15.31;15.82;NA;NA;ND;NA;NA;NA;
7;5;7.03;6.68;13.62;ND;17.14;6.47;NA;NA;ND;NA;NA;NA;
7;6;18.08;24.46;17.34;ND;26.26;14.25;NA;NA;ND;NA;NA;NA;
7;7;35.85;21.39;30.11;ND;45.03;58.55;NA;NA;ND;NA;NA;NA;
7;8;40.34;23.81;55.2;ND;36.4;29.13;NA;NA;ND;NA;NA;NA;
7;9;22.24;18.88;48.39;ND;30.74;40.76;NA;NA;ND;NA;NA;NA;
7;10;15.88;20.19;44.32;ND;27.6;34.01;NA;NA;ND;NA;NA;NA;
7;11;12.92;ND;10.62;ND;2.6;0.66;NA;NA;ND;NA;NA;NA;
7;12;7.46;ND;9.69;ND;7.44;28.25;NA;NA;ND;NA;NA;NA;
7;13;1.15;18.57;6.6;ND;16.76;20.31;NA;NA;ND;NA;NA;NA;
7;14;9.37;7.88;8.55;ND;4.05;20.46;NA;NA;ND;NA;NA;NA;
7;15;10.36;11.5;16.15;ND;14.77;36.2;NA;NA;ND;NA;NA;NA;
7;16;8.17;ND;15.14;ND;7.78;12.23;NA;NA;ND;NA;NA;NA;
7;17;2.73;11.01;13.92;ND;12.11;1.71;NA;NA;ND;NA;NA;NA;
7;18;6.23;8.87;20.42;ND;10.41;33.31;NA;NA;ND;NA;NA;NA;
7;19;4.52;2.01;22.74;ND;16.19;8.07;NA;NA;ND;NA;NA;NA;
7;20;1.82;1.35;18.63;ND;15.32;12.8;NA;NA;ND;NA;NA;NA;
7;21;2.68;2.56;19.1;ND;16.54;18.48;NA;NA;ND;NA;NA;NA;
7;22;14.22;2.9;11.22;ND;11.74;8.96;NA;NA;ND;NA;NA;NA;
7;23;3.58;3.92;1.75;ND;11.47;14.11;NA;NA;ND;NA;NA;NA;
8;0;14.52;2.07;ND;ND;11.71;9.14;NA;NA;ND;NA;NA;NA;
8;1;8.92;12.27;5.97;ND;7.59;0.31;NA;NA;ND;NA;NA;NA;
8;2;7.25;2.64;10.17;ND;7.99;3.19;NA;NA;ND;NA;NA;NA;
8;3;3.02;7.39;4.72;ND;6.95;51.92;NA;NA;ND;NA;NA;NA;
8;4;9.32;7.74;12.68;ND;2.39;21.11;NA;NA;ND;NA;NA;NA;
8;5;10.13;8.34;8.22;ND;11.73;26.96;NA;NA;ND;NA;NA;NA;
8;6;10.92;4.84;11.48;ND;26.52;10.78;NA;NA;ND;NA;NA;NA;
8;7;7.81;12.36;42.75;ND;43.18;17.84;NA;NA;ND;NA;NA;NA;
8;8;14.67;8.83;43.58;ND;22.93;19.25;NA;NA;ND;NA;NA;NA;
8;9;9.85;16.51;27.96;ND;16;9.26;NA;NA;ND;NA;NA;NA;
8;10;15.89;7.36;ND;ND;17.95;8.51;NA;NA;ND;NA;NA;NA;
8;11;18.09;15.53;ND;ND;31.72;24.54;NA;NA;ND;NA;NA;NA;
8;12;15.12;11.22;27.88;ND;24.55;45.2;NA;NA;ND;NA;NA;NA;
8;13;1.04;4.46;13.46;ND;28.41;5.27;NA;NA;ND;NA;NA;NA;
8;14;4.19;10.35;9.75;ND;11.78;44.41;NA;NA;ND;NA;NA;NA;
8;15;14.17;6.46;14.05;ND;5.93;25.63;NA;NA;ND;NA;NA;NA;
8;16;2.91;7.35;15.47;ND;11.86;7.56;NA;NA;ND;NA;NA;NA;
8;17;10.14;10.83;28.74;ND;5.3;11.04;NA;NA;ND;NA;NA;NA;
8;18;8.26;14.44;22.08;ND;18.6;49.51;NA;NA;ND;NA;NA;NA;
8;19;9.37;3.79;17.85;ND;12.61;26.68;NA;NA;ND;NA;NA;NA;
8;20;7.4;7.78;16.76;ND;14.3;25.52;NA;NA;ND;NA;NA;NA;
8;21;1.29;11.28;16.36;ND;30.49;8.82;NA;NA;ND;NA;NA;NA;
8;22;6.1;1.29;5.02;ND;16.74;5.54;NA;NA;ND;NA;NA;NA;
8;23;1.93;3.28;2.86;ND;7.67;2.54;NA;NA;ND;NA;NA;NA;
9;0;3.91;8.23;ND;ND;0.91;0.64;NA;NA;ND;NA;NA;NA;
9;1;3.49;2.98;ND;ND;15.42;28.99;NA;NA;ND;NA;NA;NA;
9;2;0.56;4.24;ND;ND;10.27;7.96;NA;NA;ND;NA;NA;NA;
9;3;6.08;2.71;ND;ND;4.94;14.03;NA;NA;ND;NA;NA;NA;
9;4;1.04;1.01;ND;ND;5.16;0.15;NA;NA;ND;NA;NA;NA;
9;5;5.55;1.95;ND;ND;10.6;10.74;NA;NA;ND;NA;NA;NA;
9;6;12.89;9.71;ND;ND;34.33;8.72;NA;NA;ND;NA;NA;NA;
9;7;17.5;11.92;ND;ND;24.25;28.52;NA;NA;ND;NA;NA;NA;
9;8;20.44;7.35;ND;ND;36.03;5.09;NA;NA;ND;NA;NA;NA;
9;9;10.88;7.68;ND;ND;22.23;25.06;NA;NA;ND;NA;NA;NA;
9;10;4.52;2.35;ND;ND;17.52;14.26;NA;NA;ND;NA;NA;NA;
9;11;11.4;6.28;17.35;ND;6.52;ND;NA;NA;ND;NA;NA;NA;
9;12;1.8;5.82;19.41;ND;ND;ND;NA;NA;ND;NA;NA;NA;
9;13;13.23;7.66;22.11;ND;ND;29.34;NA;NA;ND;NA;NA;NA;
9;14;3.39;2.19;20.37;ND;ND;16.35;NA;NA;ND;NA;NA;NA;
9;15;7.14;9.15;23.58;ND;14.82;15.57;NA;NA;ND;NA;NA;NA;
9;16;9.66;8.09;25.17;ND;17.13;25.75;NA;NA;ND;NA;NA;NA;
9;17;13.42;13.85;38.08;ND;34.02;9.7;NA;NA;ND;NA;NA;NA;
9;18;18.4;15.31;39.23;ND;44.66;37.77;NA;NA;ND;NA;NA;NA;
9;19;14.65;6.58;23.62;ND;28.87;42.89;NA;NA;ND;NA;NA;NA;
9;20;14.49;13.02;17.69;ND;20.58;31;NA;NA;ND;NA;NA;NA;
9;21;6.38;9.78;16.23;ND;12.33;8.63;NA;NA;ND;NA;NA;NA;
9;22;2.9;1.26;17.81;ND;16.71;11.65;NA;NA;ND;NA;NA;NA;
9;23;6.74;7.4;2.05;ND;9.19;8.32;NA;NA;ND;NA;NA;NA;
10;0;20.54;11.57;ND;ND;11.76;28.25;NA;NA;ND;NA;NA;NA;
10;1;1.12;6.33;9.5;ND;15.82;16.21;NA;NA;ND;NA;NA;NA;
10;2;6.17;10.09;7.1;ND;14.37;17.8;NA;NA;ND;NA;NA;NA;
10;3;1.13;7.79;7.66;ND;21.65;14.13;NA;NA;ND;NA;NA;NA;
10;4;10.11;6.3;9.8;ND;12.57;12.79;NA;NA;ND;NA;NA;NA;
10;5;13.52;12.8;13.24;ND;7.42;22.77;NA;NA;ND;NA;NA;NA;
10;6;12.97;17.46;9.06;ND;28.34;21.1;NA;NA;ND;NA;NA;NA;
10;7;13.74;29.88;17.56;ND;43.9;5.86;NA;NA;ND;NA;NA;NA;
10;8;10.85;29.8;35.06;ND;38.53;14.88;NA;NA;ND;NA;NA;NA;
10;9;21.22;25.32;39.88;ND;44.13;31.76;NA;NA;ND;NA;NA;NA;
10;10;ND;16.55;41.59;ND;37.7;ND;NA;NA;ND;NA;NA;NA;
10;11;ND;16.89;34.7;ND;38.05;26.18;NA;NA;ND;NA;NA;NA;
10;12;25.15;20.63;48.19;ND;33.46;71.65;NA;NA;ND;NA;NA;NA;
10;13;3;9.72;33.86;ND;32.96;47.52;NA;NA;ND;NA;NA;NA;
10;14;3.77;7.93;21.27;ND;28.04;13.21;NA;NA;ND;NA;NA;NA;
10;15;0;9.46;24.15;ND;10.76;10.57;NA;NA;ND;NA;NA;NA;
10;16;0.08;8.06;24.07;ND;3.56;14.26;NA;NA;ND;NA;NA;NA;
10;17;0.49;8.26;17.33;ND;12.35;35.56;NA;NA;ND;NA;NA;NA;
10;18;12.57;7.16;17.77;ND;10.47;7.03;NA;NA;ND;NA;NA;NA;
10;19;21.14;8.89;16.3;ND;14.62;37.13;NA;NA;ND;NA;NA;NA;
10;20;9.63;7.33;14.83;ND;23.98;12.98;NA;NA;ND;NA;NA;NA;
10;21;8.54;16.06;13.53;ND;11.86;14.95;NA;NA;ND;NA;NA;NA;
10;22;10.04;7.43;8.8;ND;10.98;2;NA;NA;ND;NA;NA;NA;
10;23;14.73;15.37;8.13;ND;11.06;3.98;NA;NA;ND;NA;NA;NA;
11;0;8.32;13.74;ND;ND;14.14;4.1;NA;NA;ND;NA;NA;NA;
11;1;14.89;17.91;11.14;ND;16.17;3.4;NA;NA;ND;NA;NA;NA;
11;2;11.81;7.26;12.21;ND;13.2;2.45;NA;NA;ND;NA;NA;NA;
11;3;15.83;6.31;13.29;ND;11.84;45.82;NA;NA;ND;NA;NA;NA;
11;4;4.34;2.25;20.62;ND;6.18;18.98;NA;NA;ND;NA;NA;NA;
11;5;5.47;6.48;11.54;ND;7.02;1.21;NA;NA;ND;NA;NA;NA;
11;6;9.92;5.55;8.72;ND;27.62;3.28;NA;NA;ND;NA;NA;NA;
11;7;13.49;7.33;21.19;ND;31.49;23.06;NA;NA;ND;NA;NA;NA;
11;8;4.45;10.93;39.86;ND;24.63;17.65;NA;NA;ND;NA;NA;NA;
11;9;6.84;14.36;29.07;ND;21.43;26.7;NA;NA;ND;NA;NA;NA;
11;10;18.93;7.05;18.51;ND;6.63;9.11;NA;NA;ND;NA;NA;NA;
11;11;23.64;15.41;14.87;ND;12.41;6.29;NA;NA;ND;NA;NA;NA;
11;12;16.27;17.52;25.53;ND;22.1;50.2;NA;NA;ND;NA;NA;NA;
11;13;2.86;7.53;13.07;ND;27.63;15.77;NA;NA;ND;NA;NA;NA;
11;14;3.58;8.03;22.47;ND;15.94;24.85;NA;NA;ND;NA;NA;NA;
11;15;10.37;5.88;25.36;ND;15.93;19.49;NA;NA;ND;NA;NA;NA;
11;16;6.5;11.94;25.82;ND;13.27;20.19;NA;NA;ND;NA;NA;NA;
11;17;4.16;8.63;26.67;ND;4.51;13.13;NA;NA;ND;NA;NA;NA;
11;18;6.88;10.49;21.59;ND;23.83;11.96;NA;NA;ND;NA;NA;NA;
11;19;15.31;13.7;21.67;ND;32.74;37.08;NA;NA;ND;NA;NA;NA;
11;20;10.45;15.88;23.47;ND;36.44;13.19;NA;NA;ND;NA;NA;NA;
11;21;13.38;9.44;16.9;ND;30.63;4.36;NA;NA;ND;NA;NA;NA;
11;22;12.87;10.7;10.69;ND;15.83;17.77;NA;NA;ND;NA;NA;NA;
11;23;14.78;9.03;8.64;ND;18.46;16.3;NA;NA;ND;NA;NA;NA;
12;0;14.75;21.55;ND;ND;4.93;8.89;NA;NA;ND;NA;NA;NA;
12;1;19.86;8.61;14.55;ND;19.39;16.25;NA;NA;ND;NA;NA;NA;
12;2;17.82;11.46;13.21;ND;18.99;24.7;NA;NA;ND;NA;NA;NA;
12;3;14.84;9.63;13.23;ND;22.07;20.05;NA;NA;ND;NA;NA;NA;
12;4;5.13;9.89;11.56;ND;20.27;22.93;NA;NA;ND;NA;NA;NA;
12;5;15.89;18.55;15.83;ND;30.59;5.71;NA;NA;ND;NA;NA;NA;
12;6;27.17;16.54;18.55;ND;39.81;28.52;NA;NA;ND;NA;NA;NA;
12;7;32.21;33.25;27.45;ND;70.98;51.19;NA;NA;ND;NA;NA;NA;
12;8;21.71;22.37;33.3;ND;65.27;84.21;NA;NA;ND;NA;NA;NA;
12;9;19.21;24.23;42.71;ND;31.3;23.12;NA;NA;ND;NA;NA;NA;
12;10;29.88;30.92;32.14;ND;29.39;36.28;NA;NA;ND;NA;NA;NA;
12;11;25.9;31.94;37.06;ND;22.89;27.9;NA;NA;ND;NA;NA;NA;
12;12;16.89;13.58;34.34;ND;31.07;3;NA;NA;ND;NA;NA;NA;
12;13;14.53;12.32;15.92;ND;26.85;14.97;NA;NA;ND;NA;NA;NA;
12;14;12.41;6.75;20.72;ND;19.32;15.75;NA;NA;ND;NA;NA;NA;
12;15;13.07;16.01;23.08;ND;17.07;33.74;NA;NA;ND;NA;NA;NA;
12;16;14.94;16.77;24.66;ND;24.14;12.35;NA;NA;ND;NA;NA;NA;
12;17;13.82;7.44;25.88;ND;15.39;34.3;NA;NA;ND;NA;NA;NA;
12;18;8.59;9.94;29.2;ND;17.99;9.46;NA;NA;ND;NA;NA;NA;
12;19;5.45;5.44;24.02;ND;16.59;42.35;NA;NA;ND;NA;NA;NA;
12;20;7.25;2;14.31;ND;16.95;9.27;NA;NA;ND;NA;NA;NA;
12;21;8.72;5.67;12.13;ND;20.83;10.23;NA;NA;ND;NA;NA;NA;
12;22;5.7;4.46;10.96;ND;9.54;13.82;NA;NA;ND;NA;NA;NA;
12;23;11.66;5.06;9.35;ND;5;24.38;NA;NA;ND;NA;NA;NA;
13;0;11.14;22.98;ND;ND;6.35;38.94;NA;NA;ND;NA;NA;NA;
13;1;10.03;5.13;13.03;ND;12.17;2.49;NA;NA;ND;NA;NA;NA;
13;2;8.36;5.31;10.76;ND;14.25;2.44;NA;NA;ND;NA;NA;NA;
13;3;6.54;1.44;9.86;ND;8.25;11.46;NA;NA;ND;NA;NA;NA;
13;4;5.08;5.18;3.15;ND;6.4;0;NA;NA;ND;NA;NA;NA;
13;5;2.03;4.57;6.31;ND;8.39;14.52;NA;NA;ND;NA;NA;NA;
13;6;8.95;4.92;12.01;ND;7.81;20.17;NA;NA;ND;NA;NA;NA;
13;7;3.4;2.94;10.25;ND;8.47;21.91;NA;NA;ND;NA;NA;NA;
13;8;6.77;3.62;18.65;ND;14.7;4.43;NA;NA;ND;NA;NA;NA;
13;9;8.01;2.9;11.51;ND;9.54;8.64;NA;NA;ND;NA;NA;NA;
13;10;12.49;7.58;13.85;ND;7.46;15.96;NA;NA;ND;NA;NA;NA;
13;11;12.26;8;16.72;ND;9.55;24.39;NA;NA;ND;NA;NA;NA;
13;12;7.33;5.28;13.48;ND;6.86;4.58;NA;NA;ND;NA;NA;NA;
13;13;9.45;13.68;8.75;ND;11.97;1.95;NA;NA;ND;NA;NA;NA;
13;14;0.62;5.99;13.46;ND;17.86;42.41;NA;NA;ND;NA;NA;NA;
13;15;7.92;9.96;5.88;ND;17.02;6.99;NA;NA;ND;NA;NA;NA;
13;16;7.02;2.52;3.13;ND;12.03;5.7;NA;NA;ND;NA;NA;NA;
13;17;7.25;11.78;14.64;ND;5.12;33.7;NA;NA;ND;NA;NA;NA;
13;18;9.6;6.71;20.49;ND;14.18;36.68;NA;NA;ND;NA;NA;NA;
13;19;10.83;2.02;18.06;ND;9.19;7.36;NA;NA;ND;NA;NA;NA;
13;20;3.1;4.64;9.81;ND;18.72;12.52;NA;NA;ND;NA;NA;NA;
13;21;7.02;2.85;10.8;ND;13.52;22.22;NA;NA;ND;NA;NA;NA;
13;22;4.05;0.99;12.67;ND;9.12;8;NA;NA;ND;NA;NA;NA;
13;23;4.96;7.26;5.29;ND;12.68;11.02;NA;NA;ND;NA;NA;NA;
14;0;2.28;3.75;ND;ND;11.85;18.87;NA;NA;ND;NA;NA;NA;
14;1;14.04;3.49;11.12;ND;6.57;12.9;NA;NA;ND;NA;NA;NA;
14;2;4.28;8.41;11.69;ND;8.86;12.74;NA;NA;ND;NA;NA;NA;
14;3;2.23;0.93;5.49;ND;6.76;4.38;NA;NA;ND;NA;NA;NA;
14;4;7.46;5.91;9.95;ND;10.44;12.21;NA;NA;ND;NA;NA;NA;
14;5;15.47;7.97;9.85;ND;8.61;6.91;NA;NA;ND;NA;NA;NA;
14;6;21.54;10.96;12.68;ND;21.75;18.18;NA;NA;ND;NA;NA;NA;
14;7;23.99;19.34;29.45;ND;42.46;28.92;NA;NA;ND;NA;NA;NA;
14;8;22.66;15.47;35.82;ND;30.38;17.91;NA;NA;ND;NA;NA;NA;
14;9;24.38;11.91;46.26;ND;24.68;36.03;NA;NA;ND;NA;NA;NA;
14;10;14.11;30.38;35.62;ND;20.37;33.81;NA;NA;ND;NA;NA;NA;
14;11;17.34;15.79;30.77;ND;32.46;15.03;NA;NA;ND;NA;NA;NA;
14;12;8.9;15.51;34.07;ND;30.65;38.13;NA;NA;ND;NA;NA;NA;
14;13;15.22;13.25;27.95;ND;23.21;11.39;NA;NA;ND;NA;NA;NA;
14;14;6.36;9.27;11.49;ND;14.83;7.99;NA;NA;ND;NA;NA;NA;
14;15;5.34;2.62;15.72;ND;15.35;21.93;NA;NA;ND;NA;NA;NA;
14;16;6.66;12.35;24.69;ND;18.83;11.07;NA;NA;ND;NA;NA;NA;
14;17;2.24;9.74;20.08;ND;17.21;5.65;NA;NA;ND;NA;NA;NA;
14;18;10.57;7.68;28.97;ND;16.18;5.79;NA;NA;ND;NA;NA;NA;
14;19;3.02;4.05;24.76;ND;19.85;34.89;NA;NA;ND;NA;NA;NA;
14;20;12.47;6.15;15.93;ND;15.19;38.52;NA;NA;ND;NA;NA;NA;
14;21;4.08;7.05;19.78;ND;21.79;15.76;NA;NA;ND;NA;NA;NA;
14;22;32.94;8.03;11.82;ND;14.13;20.85;NA;NA;ND;NA;NA;NA;
14;23;19.79;5.95;18.62;ND;7.17;13.56;NA;NA;ND;NA;NA;NA;
15;0;14.67;15.26;ND;ND;2.85;9.46;NA;NA;ND;NA;NA;NA;
15;1;16.74;12.24;21.28;ND;19.41;13.89;NA;NA;ND;NA;NA;NA;
15;2;15.39;9.78;7.74;ND;6.7;25.26;NA;NA;ND;NA;NA;NA;
15;3;9.83;11.44;15.27;ND;9.37;9.73;NA;NA;ND;NA;NA;NA;
15;4;19.82;7.41;10.79;ND;13.58;11.95;NA;NA;ND;NA;NA;NA;
15;5;14.96;12.71;10.32;ND;15;14.59;NA;NA;ND;NA;NA;NA;
15;6;17.71;12.35;21.49;ND;22.71;9.26;NA;NA;ND;NA;NA;NA;
15;7;30.33;24.48;42.51;ND;44.59;23.83;NA;NA;ND;NA;NA;NA;
15;8;30.1;25.21;29.86;ND;41.35;15.33;NA;NA;ND;NA;NA;NA;
15;9;23.18;18.62;29.26;ND;16.74;35.09;NA;NA;ND;NA;NA;NA;
15;10;27.85;25.23;41.99;ND;33.37;35.35;NA;NA;ND;NA;NA;NA;
15;11;19.82;7.41;31.59;ND;26.96;31.45;NA;NA;ND;NA;NA;NA;
15;12;10.88;8.07;20.35;ND;20.63;72.91;NA;NA;ND;NA;NA;NA;
15;13;6.33;5.49;22.66;ND;19.03;8.93;NA;NA;ND;NA;NA;NA;
15;14;8.42;6.27;23.23;ND;11.15;10.83;NA;NA;ND;NA;NA;NA;
15;15;3.85;10.71;22.23;ND;15.86;11.41;NA;NA;ND;NA;NA;NA;
15;16;0;4.17;19.47;ND;12.32;30.55;NA;NA;ND;NA;NA;NA;
15;17;0.78;1.29;30.79;ND;19.9;11.13;NA;NA;ND;NA;NA;NA;
15;18;5.75;8.99;19;ND;13.98;12.28;NA;NA;ND;NA;NA;NA;
15;19;16.83;11.33;21.44;ND;10.95;7.23;NA;NA;ND;NA;NA;NA;
15;20;7.89;8.66;ND;ND;17.97;3.18;NA;NA;ND;NA;NA;NA;
15;21;11.8;8.12;11.14;ND;14.28;9.94;NA;NA;ND;NA;NA;NA;
15;22;4.62;3.94;9.88;ND;6.28;17.49;NA;NA;ND;NA;NA;NA;
15;23;5.56;1.95;3.56;ND;9.28;12.43;NA;NA;ND;NA;NA;NA;
16;0;8.83;0.76;ND;ND;16.46;29.39;NA;NA;ND;NA;NA;NA;
16;1;8.95;6.28;3.88;ND;9.04;5.25;NA;NA;ND;NA;NA;NA;
16;2;4.21;3.8;3.27;ND;5.5;19.32;NA;NA;ND;NA;NA;NA;
16;3;5.65;5.05;8.9;ND;8.15;8.14;NA;NA;ND;NA;NA;NA;
16;4;6.57;5.3;6.95;ND;13.23;23.58;NA;NA;ND;NA;NA;NA;
16;5;3.76;1.81;5.47;ND;11.01;7.12;NA;NA;ND;NA;NA;NA;
16;6;13.12;9.83;11.57;ND;24.54;32.65;NA;NA;ND;NA;NA;NA;
16;7;12.34;8.44;44.79;ND;20.15;17.35;NA;NA;ND;NA;NA;NA;
16;8;10.79;15.64;46.56;ND;33.05;24.41;NA;NA;ND;NA;NA;NA;
16;9;19.38;16.85;33.3;ND;39.98;34.98;NA;NA;ND;NA;NA;NA;
16;10;13.92;17.74;41.35;ND;19.97;12.16;NA;NA;ND;NA;NA;NA;
16;11;3.32;4.59;36.73;ND;18.96;14.82;NA;NA;ND;NA;NA;NA;
16;12;14.02;14.04;35.54;ND;20.72;8.4;NA;NA;ND;NA;NA;NA;
16;13;22.61;13.67;37.22;ND;24.73;33.14;NA;NA;ND;NA;NA;NA;
16;14;4.87;13.57;32.64;ND;24.3;5.83;NA;NA;ND;NA;NA;NA;
16;15;3.16;4.87;28.74;ND;13.99;39.24;NA;NA;ND;NA;NA;NA;
16;16;6.38;7.46;ND;ND;19.86;43.3;NA;NA;ND;NA;NA;NA;
16;17;11.28;4.9;36.63;ND;18.03;28.18;NA;NA;ND;NA;NA;NA;
16;18;3.46;9.77;29.12;ND;17.96;9.61;NA;NA;ND;NA;NA;NA;
16;19;4.72;4.4;31.58;ND;9.87;1.6;NA;NA;ND;NA;NA;NA;
16;20;4.89;7.9;19.65;ND;13.05;7.87;NA;NA;ND;NA;NA;NA;
16;21;7.75;6.24;13.89;ND;16.49;20.2;NA;NA;ND;NA;NA;NA;
16;22;5.75;6.76;8.45;ND;15.69;17.98;NA;NA;ND;NA;NA;NA;
16;23;10.08;3.65;3.46;ND;15.22;1.24;NA;NA;ND;NA;NA;NA;
17;0;17.2;1.13;ND;ND;17.76;16.85;NA;NA;ND;NA;NA;NA;
17;1;11.63;5.19;14.54;ND;16.94;15.54;NA;NA;ND;NA;NA;NA;
17;2;8.66;4.15;9.49;ND;7.17;6.02;NA;NA;ND;NA;NA;NA;
17;3;6.42;2.19;5.73;ND;3.71;7.3;NA;NA;ND;NA;NA;NA;
17;4;6.09;6.62;9.58;ND;7.79;6.16;NA;NA;ND;NA;NA;NA;
17;5;2.64;10.29;3.93;ND;18.08;4.12;NA;NA;ND;NA;NA;NA;
17;6;10.3;16.68;16.25;ND;28.73;41.26;NA;NA;ND;NA;NA;NA;
17;7;20.4;12.18;43.84;ND;48.11;47.05;NA;NA;ND;NA;NA;NA;
17;8;34.54;6.79;35.58;ND;19.35;22.62;NA;NA;ND;NA;NA;NA;
17;9;22.89;15.41;28.53;ND;7.77;27.88;NA;NA;ND;NA;NA;NA;
17;10;14.39;13.66;36.33;ND;22.86;40.56;NA;NA;ND;NA;NA;NA;
17;11;23.51;19.8;26.29;ND;15.64;28.25;NA;NA;ND;NA;NA;NA;
17;12;12.99;11.55;20.09;ND;20.63;28.69;NA;NA;ND;NA;NA;NA;
17;13;4.04;4.26;16.92;ND;17.47;10.24;NA;NA;ND;NA;NA;NA;
17;14;24.01;18.95;21.94;ND;19.75;18.17;NA;NA;ND;NA;NA;NA;
17;15;8.17;4.97;16.32;ND;14.03;19.19;NA;NA;ND;NA;NA;NA;
17;16;19.2;12.2;14.34;ND;13.65;32.03;NA;NA;ND;NA;NA;NA;
17;17;5.86;10.61;24.96;ND;11.94;3.5;NA;NA;ND;NA;NA;NA;
17;18;2.17;9.54;28.66;ND;12.81;32.03;NA;NA;ND;NA;NA;NA;
17;19;3.3;6;21.29;ND;12.13;12.69;NA;NA;ND;NA;NA;NA;
17;20;3.04;3.79;22.42;ND;14.63;25.77;NA;NA;ND;NA;NA;NA;
17;21;8.45;4.09;18.2;ND;20.04;13.02;NA;NA;ND;NA;NA;NA;
17;22;11.4;6.58;12.5;ND;13.31;22.22;NA;NA;ND;NA;NA;NA;
17;23;12.99;16.23;18.43;ND;15.89;24.52;NA;NA;ND;NA;NA;NA;
18;0;21.12;14.61;ND;ND;8.56;8.5;NA;NA;ND;NA;NA;NA;
18;1;18.24;15.71;19.99;ND;20.95;10.41;NA;NA;ND;NA;NA;NA;
18;2;15.27;8.2;17.31;ND;14.67;8.84;NA;NA;ND;NA;NA;NA;
18;3;11.12;12.26;13.1;ND;17.45;13.05;NA;NA;ND;NA;NA;NA;
18;4;4;11.59;15.25;ND;28.61;26.08;NA;NA;ND;NA;NA;NA;
18;5;13.61;10.79;17.89;ND;24.88;21.62;NA;NA;ND;NA;NA;NA;
18;6;19.89;23.41;22.95;ND;46.54;28.36;NA;NA;ND;NA;NA;NA;
18;7;27.37;21.71;45.25;ND;79.26;32.81;NA;NA;ND;NA;NA;NA;
18;8;28.72;21.18;14.87;ND;42.27;20.45;NA;NA;ND;NA;NA;NA;
18;9;26.06;22.78;19.52;ND;19.4;17.75;NA;NA;ND;NA;NA;NA;
18;10;28.26;26.64;24.06;ND;5.25;11.42;NA;NA;ND;NA;NA;NA;
18;11;12.01;10.5;15.18;ND;13.61;2.61;NA;NA;ND;NA;NA;NA;
18;12;9.1;9.37;10.98;ND;8.18;24.12;NA;NA;ND;NA;NA;NA;
18;13;11.62;17.35;11.16;ND;7.35;26.44;NA;NA;ND;NA;NA;NA;
18;14;10.24;ND;18.42;ND;13.41;8.11;NA;NA;ND;NA;NA;NA;
18;15;3.29;ND;20.34;ND;17.53;23.73;NA;NA;ND;NA;NA;NA;
18;16;12.91;27.38;20.71;ND;13.93;4.24;NA;NA;ND;NA;NA;NA;
18;17;10.65;16.14;18.16;ND;12.42;7.9;NA;NA;ND;NA;NA;NA;
18;18;0.49;8.86;22.04;ND;22.36;29.94;NA;NA;ND;NA;NA;NA;
18;19;4.27;6.38;16.01;ND;16.81;25.1;NA;NA;ND;NA;NA;NA;
18;20;21.08;4.63;14.82;ND;22.4;23.53;NA;NA;ND;NA;NA;NA;
18;21;10.5;10.21;18.71;ND;17.85;3.41;NA;NA;ND;NA;NA;NA;
18;22;19.87;6.98;13.12;ND;13.1;9.84;NA;NA;ND;NA;NA;NA;
18;23;12.44;12.27;17.61;ND;18.32;41.89;NA;NA;ND;NA;NA;NA;
19;0;0.34;4.42;ND;ND;11.4;33.66;NA;NA;ND;NA;NA;NA;
19;1;14.59;6.39;11.98;ND;15.01;15.93;NA;NA;ND;NA;NA;NA;
19;2;10.74;11.68;8.85;ND;24.46;4.43;NA;NA;ND;NA;NA;NA;
19;3;9.73;12.66;14.96;ND;8.21;21.31;NA;NA;ND;NA;NA;NA;
19;4;1.88;14.53;9.06;ND;12.83;12.46;NA;NA;ND;NA;NA;NA;
19;5;6.78;11.86;12.97;ND;19.14;17.36;NA;NA;ND;NA;NA;NA;
19;6;21.61;19.84;16.11;ND;21.09;29.41;NA;NA;ND;NA;NA;NA;
19;7;20.68;22.49;32.79;ND;23.13;32.75;NA;NA;ND;NA;NA;NA;
19;8;9.21;7.54;39.3;ND;10.1;13.82;NA;NA;ND;NA;NA;NA;
19;9;27.46;18.9;19.69;ND;17.5;9.78;NA;NA;ND;NA;NA;NA;
19;10;10.66;19.22;20.61;ND;8.05;9.8;NA;NA;ND;NA;NA;NA;
19;11;18.18;10.35;6.81;ND;6.69;11.43;NA;NA;ND;NA;NA;NA;
19;12;11.43;19.32;6.66;ND;3.86;2.76;NA;NA;ND;NA;NA;NA;
19;13;18.6;10.22;11.21;ND;7.96;2.76;NA;NA;ND;NA;NA;NA;
19;14;5.59;12.79;18.93;ND;13.25;10.59;NA;NA;ND;NA;NA;NA;
19;15;5.61;2.96;13.63;ND;10.93;2.8;NA;NA;ND;NA;NA;NA;
19;16;17.55;10.15;11.14;ND;12.46;17.62;NA;NA;ND;NA;NA;NA;
19;17;12.61;16.13;18.75;ND;19.5;23.35;NA;NA;ND;NA;NA;NA;
19;18;1.75;7.79;13.76;ND;20.27;31.24;NA;NA;ND;NA;NA;NA;
19;19;3.97;11.17;16.27;ND;13.53;14.14;NA;NA;ND;NA;NA;NA;
19;20;12.13;10.04;15.11;ND;17.32;20.11;NA;NA;ND;NA;NA;NA;
19;21;13.74;7.15;17.17;ND;22.52;25.5;NA;NA;ND;NA;NA;NA;
19;22;0.76;10.11;19.51;ND;22.73;23.82;NA;NA;ND;NA;NA;NA;
19;23;15.08;21.77;12.56;ND;17.33;19.46;NA;NA;ND;NA;NA;NA;
20;0;6.41;8.42;ND;ND;32.2;9.64;NA;NA;ND;NA;NA;NA;
20;1;13.43;10.21;23.51;ND;18.45;5.24;NA;NA;ND;NA;NA;NA;
20;2;13.53;8.47;16.68;ND;13.82;15.59;NA;NA;ND;NA;NA;NA;
20;3;15.33;7.91;19.91;ND;17.02;21.88;NA;NA;ND;NA;NA;NA;
20;4;11.01;9.61;16.38;ND;17.27;18.51;NA;NA;ND;NA;NA;NA;
20;5;7.27;15.19;15.16;ND;22.08;25.36;NA;NA;ND;NA;NA;NA;
20;6;10.02;11.21;19.95;ND;25.99;32.09;NA;NA;ND;NA;NA;NA;
20;7;14.49;19.84;21.86;ND;22.37;38.14;NA;NA;ND;NA;NA;NA;
20;8;21.94;12.11;20.26;ND;20.01;2.81;NA;NA;ND;NA;NA;NA;
20;9;19.46;15.65;12.73;ND;10.5;0.6;NA;NA;ND;NA;NA;NA;
20;10;15.02;9.08;11.45;ND;5.4;16.47;NA;NA;ND;NA;NA;NA;
20;11;8.59;12.53;3.21;ND;3;2.03;NA;NA;ND;NA;NA;NA;
20;12;17.7;15.57;5.15;ND;8.22;10.23;NA;NA;ND;NA;NA;NA;
20;13;16.96;8.29;6.16;ND;8.01;11.47;NA;NA;ND;NA;NA;NA;
20;14;8.63;8.79;12.77;ND;6.93;15.4;NA;NA;ND;NA;NA;NA;
20;15;2.19;5.57;16.41;ND;14.51;14.29;NA;NA;ND;NA;NA;NA;
20;16;1.02;7.21;8.09;ND;3.12;0.18;NA;NA;ND;NA;NA;NA;
20;17;11.54;10.32;10.56;ND;13.05;7.68;NA;NA;ND;NA;NA;NA;
20;18;7.28;9.02;14.83;ND;17.9;1.75;NA;NA;ND;NA;NA;NA;
20;19;0.92;3.28;13.25;ND;13.75;25.95;NA;NA;ND;NA;NA;NA;
20;20;1.86;4.95;15.82;ND;6.37;7.67;NA;NA;ND;NA;NA;NA;
20;21;10.36;6.03;12.03;ND;17.78;12.58;NA;NA;ND;NA;NA;NA;
20;22;3.62;0.72;6.96;ND;14.92;19;NA;NA;ND;NA;NA;NA;
20;23;9.32;1.69;10.67;ND;10.5;11.23;NA;NA;ND;NA;NA;NA;
21;0;3.22;2.8;ND;ND;4.84;1.86;NA;NA;ND;NA;NA;NA;
21;1;13.74;8.7;9.33;ND;10.94;7.03;NA;NA;ND;NA;NA;NA;
21;2;7.36;3.56;10.53;ND;10.59;2.06;NA;NA;ND;NA;NA;NA;
21;3;5.32;5.37;9.87;ND;13.93;18.2;NA;NA;ND;NA;NA;NA;
21;4;6.12;6.94;9.26;ND;6.03;31.14;NA;NA;ND;NA;NA;NA;
21;5;8.5;9.56;9.16;ND;15.36;20.27;NA;NA;ND;NA;NA;NA;
21;6;21.85;8.63;17.21;ND;37.15;23.15;NA;NA;ND;NA;NA;NA;
21;7;27.64;9.24;46.57;ND;63.51;42.63;NA;NA;ND;NA;NA;NA;
21;8;20.12;14.92;38.05;ND;42.6;42.83;NA;NA;ND;NA;NA;NA;
21;9;36.67;20.62;33.71;ND;17.34;18.88;NA;NA;ND;NA;NA;NA;
21;10;26.15;15.21;25.84;ND;19.12;22.1;NA;NA;ND;NA;NA;NA;
21;11;12.2;8.54;22.37;ND;17.16;1.27;NA;NA;ND;NA;NA;NA;
21;12;14.99;15.01;21.19;ND;2.17;10.4;NA;NA;ND;NA;NA;NA;
21;13;21.34;14.09;8.7;ND;5.27;4.36;NA;NA;ND;NA;NA;NA;
21;14;15;13.63;14.89;ND;20.56;27.11;NA;NA;ND;NA;NA;NA;
21;15;0.93;3.4;15.11;ND;12.84;20.44;NA;NA;ND;NA;NA;NA;
21;16;5.31;7.61;11.84;ND;13.75;8.12;NA;NA;ND;NA;NA;NA;
21;17;11.66;15.18;21.61;ND;13.04;12.13;NA;NA;ND;NA;NA;NA;
21;18;7.65;14.67;22.54;ND;16.9;0;NA;NA;ND;NA;NA;NA;
21;19;6.6;9.75;21.33;ND;21.65;14.2;NA;NA;ND;NA;NA;NA;
21;20;12.57;4.16;31.71;ND;21.19;6.55;NA;NA;ND;NA;NA;NA;
21;21;15.96;13.57;28.65;ND;21.44;39.6;NA;NA;ND;NA;NA;NA;
21;22;4.87;12.58;21.22;ND;22.44;54.43;NA;NA;ND;NA;NA;NA;
21;23;11.16;12.71;12.62;ND;18.63;20.82;NA;NA;ND;NA;NA;NA;
22;0;19.29;8.59;ND;ND;18.53;18.29;NA;NA;ND;NA;NA;NA;
22;1;10.4;13.51;17.02;ND;13.67;31.45;NA;NA;ND;NA;NA;NA;
22;2;10.19;15.57;12.21;ND;7.57;1.4;NA;NA;ND;NA;NA;NA;
22;3;10.42;11.85;14.57;ND;9.63;6.99;NA;NA;ND;NA;NA;NA;
22;4;14.83;15.03;17.93;ND;8.15;12.09;NA;NA;ND;NA;NA;NA;
22;5;12.9;13.4;17.85;ND;17.42;26.4;NA;NA;ND;NA;NA;NA;
22;6;21.51;29.18;24.72;ND;34.25;11.51;NA;NA;ND;NA;NA;NA;
22;7;37.18;24.79;22.22;ND;31.65;11.57;NA;NA;ND;NA;NA;NA;
22;8;21.52;29.36;38.82;ND;37.86;8.46;NA;NA;ND;NA;NA;NA;
22;9;21.37;10.35;39.66;ND;20.16;17.16;NA;NA;ND;NA;NA;NA;
22;10;19.95;25.69;25.02;ND;13.48;40.85;NA;NA;ND;NA;NA;NA;
22;11;24.33;21.27;8.89;ND;5.46;23.69;NA;NA;ND;NA;NA;NA;
22;12;23.95;16.03;14.99;ND;7.7;21.84;NA;NA;ND;NA;NA;NA;
22;13;28.75;16.62;11.68;ND;13.4;3.75;NA;NA;ND;NA;NA;NA;
22;14;10.62;9.96;19.09;ND;16.58;15.58;NA;NA;ND;NA;NA;NA;
22;15;1.73;9.08;12.93;ND;20.46;37.7;NA;NA;ND;NA;NA;NA;
22;16;5.24;12.43;22.88;ND;10.92;9.38;NA;NA;ND;NA;NA;NA;
22;17;4.52;9.21;18.6;ND;21.12;0.66;NA;NA;ND;NA;NA;NA;
22;18;0.78;9.02;24.36;ND;10.48;4.16;NA;NA;ND;NA;NA;NA;
22;19;0.56;11.69;23.41;ND;12.83;29.01;NA;NA;ND;NA;NA;NA;
22;20;1.92;12.54;19.88;ND;11.58;0.49;NA;NA;ND;NA;NA;NA;
22;21;2.16;4.2;17.69;ND;11.45;15.5;NA;NA;ND;NA;NA;NA;
22;22;1.51;3.75;15.15;ND;18.28;31.12;NA;NA;ND;NA;NA;NA;
22;23;7.68;7.09;7.68;ND;14.29;25.28;NA;NA;ND;NA;NA;NA;
23;0;23.84;7.7;ND;ND;21.95;29.41;NA;NA;ND;NA;NA;NA;
23;1;13.54;7.63;20.72;ND;16.34;8.99;NA;NA;ND;NA;NA;NA;
23;2;3.87;8.66;10.66;ND;13.41;27.43;NA;NA;ND;NA;NA;NA;
23;3;17.82;5.59;14.94;ND;19.56;15.42;NA;NA;ND;NA;NA;NA;
23;4;14.31;4.6;12.15;ND;16.61;8.78;NA;NA;ND;NA;NA;NA;
23;5;11.51;7.08;19.11;ND;18.87;14.29;NA;NA;ND;NA;NA;NA;
23;6;19.51;31.67;22.09;ND;39.87;25.1;NA;NA;ND;NA;NA;NA;
23;7;36.39;30.6;43.57;ND;72.09;46.14;NA;NA;ND;NA;NA;NA;
23;8;30.06;366.06;56;ND;36.09;45.73;NA;NA;ND;NA;NA;NA;
23;9;38.87;58.28;34.96;ND;27.25;60.94;NA;NA;ND;NA;NA;NA;
23;10;11.81;377.18;25.1;ND;25.25;13.23;NA;NA;ND;NA;NA;NA;
23;11;14.19;63.21;12.6;ND;10.81;2.63;NA;NA;ND;NA;NA;NA;
23;12;26.64;26.56;9.91;ND;10.39;4.58;NA;NA;ND;NA;NA;NA;
23;13;29.99;9.34;27.77;ND;10.66;12.35;NA;NA;ND;NA;NA;NA;
23;14;12.42;21.26;12.79;ND;22.88;29.68;NA;NA;ND;NA;NA;NA;
23;15;19.23;ND;18.01;ND;8.77;6.05;NA;NA;ND;NA;NA;NA;
23;16;11.16;16.65;19.69;ND;8.52;12.45;NA;NA;ND;NA;NA;NA;
23;17;2.59;12.54;30.98;ND;17.57;38.75;NA;NA;ND;NA;NA;NA;
23;18;3.33;6.52;26.23;ND;15.52;9.1;NA;NA;ND;NA;NA;NA;
23;19;1.01;8.88;24.57;ND;16.38;17.27;NA;NA;ND;NA;NA;NA;
23;20;1.46;2.99;19.62;ND;16.45;25.74;NA;NA;ND;NA;NA;NA;
23;21;1.41;8.6;18.48;ND;14.17;8.39;NA;NA;ND;NA;NA;NA;
23;22;6.87;0.29;14.45;ND;2.8;18.66;NA;NA;ND;NA;NA;NA;
23;23;4.24;4.67;4.38;ND;23.6;8.16;NA;NA;ND;NA;NA;NA;
24;0;6.83;5.57;ND;ND;15.99;15.92;NA;NA;ND;NA;NA;NA;
24;1;5.33;17.89;11.57;ND;9.96;8.47;NA;NA;ND;NA;NA;NA;
24;2;9.78;22.86;4.86;ND;10.03;3.17;NA;NA;ND;NA;NA;NA;
24;3;11.07;11.01;6.34;ND;5.88;10.89;NA;NA;ND;NA;NA;NA;
24;4;7.5;5.03;5.71;ND;13.01;20.54;NA;NA;ND;NA;NA;NA;
24;5;7.88;5.65;14.17;ND;11.68;22.32;NA;NA;ND;NA;NA;NA;
24;6;13.04;15.45;28.08;ND;26.9;34.53;NA;NA;ND;NA;NA;NA;
24;7;14.88;9.85;54.83;ND;57.71;41.42;NA;NA;ND;NA;NA;NA;
24;8;20.02;11.7;49.8;ND;33.97;26.6;NA;NA;ND;NA;NA;NA;
24;9;14.78;19.41;39.16;ND;27.22;38.82;NA;NA;ND;NA;NA;NA;
24;10;14.63;11.99;49.45;ND;36.77;23.82;NA;NA;ND;NA;NA;NA;
24;11;7.93;8.08;48.25;ND;31.68;24.08;NA;NA;ND;NA;NA;NA;
24;12;25.46;12.3;ND;ND;39.23;38.02;NA;NA;ND;NA;NA;NA;
24;13;16.61;12.87;20.78;ND;24.11;7.69;NA;NA;ND;NA;NA;NA;
24;14;23.93;19.94;16.78;ND;26.77;23.35;NA;NA;ND;NA;NA;NA;
24;15;10.75;7.54;14.51;ND;11.32;20.05;NA;NA;ND;NA;NA;NA;
24;16;0.49;11.57;11.26;ND;10.05;25.22;NA;NA;ND;NA;NA;NA;
24;17;7.02;10.91;20.48;ND;17.4;8.79;NA;NA;ND;NA;NA;NA;
24;18;6.96;5.6;ND;ND;5.09;22.13;NA;NA;ND;NA;NA;NA;
24;19;0.06;10.96;30.4;ND;12;8.65;NA;NA;ND;NA;NA;NA;
24;20;3.59;16.38;26.23;ND;6.61;25.56;NA;NA;ND;NA;NA;NA;
24;21;4.56;8.1;19.05;ND;13.87;8.68;NA;NA;ND;NA;NA;NA;
24;22;8.11;ND;15.9;ND;15.25;16.15;NA;NA;ND;NA;NA;NA;
24;23;11.76;ND;16.87;ND;12.62;2.11;NA;NA;ND;NA;NA;NA;
25;0;18.41;7.09;ND;ND;9.23;3.25;NA;NA;ND;NA;NA;NA;
25;1;13.05;5.99;13.85;ND;12.2;22.45;NA;NA;ND;NA;NA;NA;
25;2;5.58;5.54;15.19;ND;16.97;32.35;NA;NA;ND;NA;NA;NA;
25;3;10.64;8.35;12.57;ND;9.54;5.68;NA;NA;ND;NA;NA;NA;
25;4;6.95;8.83;13.62;ND;7.74;21.37;NA;NA;ND;NA;NA;NA;
25;5;16.3;6.78;6.93;ND;18.78;12.4;NA;NA;ND;NA;NA;NA;
25;6;15.49;10.61;19.74;ND;25.12;23.88;NA;NA;ND;NA;NA;NA;
25;7;22.09;20.85;35.45;ND;55.23;58.63;NA;NA;ND;NA;NA;NA;
25;8;12.79;26.95;ND;ND;19.44;16.12;NA;NA;ND;NA;NA;NA;
25;9;5.29;15.58;ND;ND;11.23;32.85;NA;NA;ND;NA;NA;NA;
25;10;13.73;15.41;ND;ND;16.43;14.44;NA;NA;ND;NA;NA;NA;
25;11;21.14;11.14;ND;ND;23.85;41.59;NA;NA;ND;NA;NA;NA;
25;12;23.02;17.51;ND;ND;33.56;14.05;NA;NA;ND;NA;NA;NA;
25;13;12.39;12.07;ND;ND;23.43;2.37;NA;NA;ND;NA;NA;NA;
25;14;13.88;9.77;ND;ND;15.11;14.06;NA;NA;ND;NA;NA;NA;
25;15;8.52;16.09;ND;ND;1.47;19.96;NA;NA;ND;NA;NA;NA;
25;16;6.96;1.58;ND;ND;42.57;20.22;NA;NA;ND;NA;NA;NA;
25;17;6.95;9.48;ND;ND;17.16;15.06;NA;NA;ND;NA;NA;NA;
25;18;8.15;14.42;ND;ND;12.76;7.48;NA;NA;ND;NA;NA;NA;
25;19;6.6;11.68;ND;ND;6.44;11.54;NA;NA;ND;NA;NA;NA;
25;20;5.11;5.73;ND;ND;13.9;36.3;NA;NA;ND;NA;NA;NA;
25;21;4.5;3.52;ND;ND;9.45;1.99;NA;NA;ND;NA;NA;NA;
25;22;2.45;3.56;ND;ND;26.8;22.9;NA;NA;ND;NA;NA;NA;
25;23;6.9;2.04;ND;ND;3.76;22.18;NA;NA;ND;NA;NA;NA;
26;0;1.26;6.26;ND;ND;3.77;11.54;NA;NA;ND;NA;NA;NA;
26;1;9.5;2.59;ND;ND;13.36;0.08;NA;NA;ND;NA;NA;NA;
26;2;13.43;3.5;ND;ND;2.72;10.15;NA;NA;ND;NA;NA;NA;
26;3;2.27;6.53;ND;ND;8.78;3.08;NA;NA;ND;NA;NA;NA;
26;4;1.2;2.58;ND;ND;1.47;21.33;NA;NA;ND;NA;NA;NA;
26;5;1.81;4.09;ND;ND;18.95;6.9;NA;NA;ND;NA;NA;NA;
26;6;5.22;5.51;ND;ND;18.46;15.69;NA;NA;ND;NA;NA;NA;
26;7;8.27;9.44;ND;ND;28.63;1.37;NA;NA;ND;NA;NA;NA;
26;8;4.09;1.17;ND;ND;31.21;9.8;NA;NA;ND;NA;NA;NA;
26;9;14.05;8.75;ND;ND;25.08;8.43;NA;NA;ND;NA;NA;NA;
26;10;16.6;15.15;ND;ND;15.35;13.57;NA;NA;ND;NA;NA;NA;
26;11;14.94;4.31;ND;ND;6.32;16.88;NA;NA;ND;NA;NA;NA;
26;12;23.27;12.04;ND;ND;20.34;3.4;NA;NA;ND;NA;NA;NA;
26;13;10.89;7.5;ND;ND;25.87;21.63;NA;NA;ND;NA;NA;NA;
26;14;11.28;4.16;ND;ND;22.27;35.08;NA;NA;ND;NA;NA;NA;
26;15;6.44;7.66;ND;ND;19.06;11.25;NA;NA;ND;NA;NA;NA;
26;16;6.67;3.65;ND;ND;12.81;12.71;NA;NA;ND;NA;NA;NA;
26;17;6.19;9.39;ND;ND;3.39;21.74;NA;NA;ND;NA;NA;NA;
26;18;0.95;4.59;ND;ND;19.15;19.56;NA;NA;ND;NA;NA;NA;
26;19;1.97;8.32;ND;ND;3.03;25.1;NA;NA;ND;NA;NA;NA;
26;20;0;5.85;ND;ND;19.13;23.83;NA;NA;ND;NA;NA;NA;
26;21;4;4.12;8.29;ND;5.83;8.2;NA;NA;ND;NA;NA;NA;
26;22;1.2;4.37;2.15;ND;6.68;0.72;NA;NA;ND;NA;NA;NA;
26;23;6.24;5.69;0.43;ND;6.72;7.59;NA;NA;ND;NA;NA;NA;
27;0;3.41;7.45;ND;ND;14.74;11.8;NA;NA;ND;NA;NA;NA;
27;1;16.87;2.51;1.62;ND;7.68;0;NA;NA;ND;NA;NA;NA;
27;2;17.14;6.06;2.06;ND;11.7;9.01;NA;NA;ND;NA;NA;NA;
27;3;13.63;2.05;7.03;ND;7.75;17.13;NA;NA;ND;NA;NA;NA;
27;4;14.7;8.64;0.23;ND;9.89;4.08;NA;NA;ND;NA;NA;NA;
27;5;11.25;8.59;4.84;ND;10.37;1.54;NA;NA;ND;NA;NA;NA;
27;6;10.76;2.26;0.93;ND;22.39;10.57;NA;NA;ND;NA;NA;NA;
27;7;5.45;11.85;12.05;ND;21.98;0.06;NA;NA;ND;NA;NA;NA;
27;8;4.2;7.91;7.17;ND;16.8;6.61;NA;NA;ND;NA;NA;NA;
27;9;14.63;5.41;5.35;ND;10.93;12.79;NA;NA;ND;NA;NA;NA;
27;10;11.04;7.79;4.42;ND;13.32;38.62;NA;NA;ND;NA;NA;NA;
27;11;16.22;3.05;11.62;ND;7.68;23.14;NA;NA;ND;NA;NA;NA;
27;12;13.11;6.44;10.26;ND;16.01;2.63;NA;NA;ND;NA;NA;NA;
27;13;8.31;6.41;8.05;ND;20.9;9.8;NA;NA;ND;NA;NA;NA;
27;14;9.27;10.04;2.11;ND;9.29;2.25;NA;NA;ND;NA;NA;NA;
27;15;13.58;1.95;11.25;ND;13.8;3.71;NA;NA;ND;NA;NA;NA;
27;16;3.15;7.83;6;ND;14.93;19.7;NA;NA;ND;NA;NA;NA;
27;17;2.42;6.07;9.28;ND;9.75;20.19;NA;NA;ND;NA;NA;NA;
27;18;2.01;6.64;12.93;ND;10.19;6.59;NA;NA;ND;NA;NA;NA;
27;19;2.86;10.3;10.57;ND;12.57;5.74;NA;NA;ND;NA;NA;NA;
27;20;6.8;3.44;7.59;ND;8.43;16.29;NA;NA;ND;NA;NA;NA;
27;21;4.95;4.22;4.31;ND;16.48;2.26;NA;NA;ND;NA;NA;NA;
27;22;0.66;4.52;8.5;ND;9.28;5.68;NA;NA;ND;NA;NA;NA;
27;23;1.67;3.28;7.39;ND;10.82;7.76;NA;NA;ND;NA;NA;NA;
28;0;ND;1.63;ND;ND;7.27;0.17;NA;NA;ND;NA;NA;NA;
28;1;ND;3.89;7.41;ND;10.74;26.61;NA;NA;ND;NA;NA;NA;
28;2;ND;3.11;2.06;ND;2.22;19.09;NA;NA;ND;NA;NA;NA;
28;3;ND;2.46;3.21;ND;1.2;8.26;NA;NA;ND;NA;NA;NA;
28;4;ND;4.04;4.27;ND;8.62;25.84;NA;NA;ND;NA;NA;NA;
28;5;ND;0.56;1.99;ND;2.23;3.23;NA;NA;ND;NA;NA;NA;
28;6;ND;6.36;10.04;ND;16.69;58.14;NA;NA;ND;NA;NA;NA;
28;7;ND;5.63;20.03;ND;26.15;29.42;NA;NA;ND;NA;NA;NA;
28;8;ND;6.46;22.72;ND;22.59;37.1;NA;NA;ND;NA;NA;NA;
28;9;ND;0.36;22.59;ND;7.25;19.05;NA;NA;ND;NA;NA;NA;
28;10;ND;6.57;17.1;ND;24.17;20.17;NA;NA;ND;NA;NA;NA;
28;11;6.64;13;32.49;ND;21.91;26.52;NA;NA;ND;NA;NA;NA;
28;12;0.17;2.31;23.75;ND;12;11.6;NA;NA;ND;NA;NA;NA;
28;13;8.67;9.36;18.63;ND;21.96;18.37;NA;NA;ND;NA;NA;NA;
28;14;3.91;4.3;11.79;ND;5.26;8.97;NA;NA;ND;NA;NA;NA;
28;15;0.82;7.17;14.55;ND;6.01;11.43;NA;NA;ND;NA;NA;NA;
28;16;0;2.08;25.18;ND;7.19;31.53;NA;NA;ND;NA;NA;NA;
28;17;4.3;10.81;25.82;ND;3.96;0.15;NA;NA;ND;NA;NA;NA;
28;18;29.69;4.99;14.94;ND;15.3;23.27;NA;NA;ND;NA;NA;NA;
28;19;24.13;8.5;13.6;ND;11.64;14.2;NA;NA;ND;NA;NA;NA;
28;20;22.64;9.37;6.33;ND;32.43;2.93;NA;NA;ND;NA;NA;NA;
28;21;14.64;0.9;9.12;ND;28.13;14.73;NA;NA;ND;NA;NA;NA;
28;22;10.5;4.79;5.15;ND;8.22;17.37;NA;NA;ND;NA;NA;NA;
28;23;5.3;2.08;2.95;ND;13.98;8.97;NA;NA;ND;NA;NA;NA;
29;0;2.24;11.08;ND;ND;0.12;40.66;NA;NA;ND;NA;NA;NA;
29;1;5.28;5.27;4.3;ND;4.54;7.26;NA;NA;ND;NA;NA;NA;
29;2;6.41;3.17;2.95;ND;0;3.06;NA;NA;ND;NA;NA;NA;
29;3;4.22;2.32;1.64;ND;9.05;8.74;NA;NA;ND;NA;NA;NA;
29;4;9.24;5.17;1.7;ND;3.92;7.13;NA;NA;ND;NA;NA;NA;
29;5;7.97;5.73;2.8;ND;1.3;1.78;NA;NA;ND;NA;NA;NA;
29;6;0.96;4.94;5.43;ND;16.47;29.25;NA;NA;ND;NA;NA;NA;
29;7;8.05;6.42;22.09;ND;17.84;66.66;NA;NA;ND;NA;NA;NA;
29;8;5.63;3.04;20.36;ND;10.35;21.86;NA;NA;ND;NA;NA;NA;
29;9;10.41;6.21;19.92;ND;3.64;20.86;NA;NA;ND;NA;NA;NA;
29;10;3.6;3.25;18.07;ND;16.93;14.15;NA;NA;ND;NA;NA;NA;
29;11;0;0;20.17;ND;9.36;28.33;NA;NA;ND;NA;NA;NA;
29;12;0;9.23;22.12;ND;18.4;78.27;NA;NA;ND;NA;NA;NA;
29;13;0.02;6.16;20.13;ND;18.02;9.86;NA;NA;ND;NA;NA;NA;
29;14;9.18;9.71;21.28;ND;10.47;20.61;NA;NA;ND;NA;NA;NA;
29;15;9.2;2.56;34.16;ND;5.98;19.32;NA;NA;ND;NA;NA;NA;
29;16;0.63;7.98;25.92;ND;12.75;13.54;NA;NA;ND;NA;NA;NA;
29;17;6.81;7.66;19.6;ND;17.02;4.65;NA;NA;ND;NA;NA;NA;
29;18;2.48;6.27;ND;ND;21.55;7.08;NA;NA;ND;NA;NA;NA;
29;19;7.6;2.14;0.03;ND;18.55;9.13;NA;NA;ND;NA;NA;NA;
29;20;4.5;4.93;0;ND;23.06;18.02;NA;NA;ND;NA;NA;NA;
29;21;5.46;9.15;0;ND;31.67;6.65;NA;NA;ND;NA;NA;NA;
29;22;6.61;4.86;0;ND;21.33;0;NA;NA;ND;NA;NA;NA;
29;23;6.24;5.06;0;ND;8.14;3.32;NA;NA;ND;NA;NA;NA;
30;0;9.21;8.53;ND;ND;5.41;13.26;NA;NA;ND;NA;NA;NA;
30;1;3.2;7.03;1.08;ND;10.19;2.07;NA;NA;ND;NA;NA;NA;
30;2;11.92;5.52;0.13;ND;9.98;6.57;NA;NA;ND;NA;NA;NA;
30;3;3.3;1.84;1.98;ND;8.56;23.86;NA;NA;ND;NA;NA;NA;
30;4;3.6;2.07;0.11;ND;10.58;8.16;NA;NA;ND;NA;NA;NA;
30;5;9.27;2.4;0.69;ND;10.83;0;NA;NA;ND;NA;NA;NA;
30;6;9.03;11.64;6.97;ND;16.93;18.57;NA;NA;ND;NA;NA;NA;
30;7;17.83;12.78;17.42;ND;44.25;34.87;NA;NA;ND;NA;NA;NA;
30;8;16.23;7.32;18.44;ND;32.36;26.38;NA;NA;ND;NA;NA;NA;
30;9;1.48;6.73;21.76;ND;21.55;24.06;NA;NA;ND;NA;NA;NA;
30;10;10.38;2.24;12.98;ND;18.37;17.5;NA;NA;ND;NA;NA;NA;
30;11;8.93;10.48;20.09;ND;20.3;12.42;NA;NA;ND;NA;NA;NA;
30;12;5.35;14.45;19.68;ND;20.14;14.42;NA;NA;ND;NA;NA;NA;
30;13;6.18;6.57;9.77;ND;9.34;30.9;NA;NA;ND;NA;NA;NA;
30;14;0.86;4.25;18.3;ND;0.52;0.23;NA;NA;ND;NA;NA;NA;
30;15;6.97;7.57;12.82;ND;8.66;11.77;NA;NA;ND;NA;NA;NA;
30;16;7.06;8.89;19.46;ND;18.9;11.65;NA;NA;ND;NA;NA;NA;
30;17;3.13;9.24;24.97;ND;8.97;8.88;NA;NA;ND;NA;NA;NA;
30;18;3.22;6.78;22.55;ND;9.56;32.84;NA;NA;ND;NA;NA;NA;
30;19;3.2;2.91;16.13;ND;16.95;23.98;NA;NA;ND;NA;NA;NA;
30;20;9.09;1.81;9.64;ND;24.83;6.11;NA;NA;ND;NA;NA;NA;
30;21;1.25;1.85;3.78;ND;31.27;0;NA;NA;ND;NA;NA;NA;
30;22;4.31;3.94;2.02;ND;10.07;8.98;NA;NA;ND;NA;NA;NA;
30;23;5.16;2.14;9.96;ND;8.34;10.56;NA;NA;ND;NA;NA;NA;
31;0;9.22;11.78;ND;ND;0;4.67;NA;NA;ND;NA;NA;NA;
31;1;3.62;4.85;5.41;ND;10.18;9.73;NA;NA;ND;NA;NA;NA;
31;2;2.11;2.35;3.42;ND;7.67;7.86;NA;NA;ND;NA;NA;NA;
31;3;5.72;1.96;1.06;ND;2.69;0;NA;NA;ND;NA;NA;NA;
31;4;4.22;3.08;3.59;ND;4.64;10.82;NA;NA;ND;NA;NA;NA;
31;5;4.75;3.35;2.17;ND;10.59;3.19;NA;NA;ND;NA;NA;NA;
31;6;8.09;5.71;8.05;ND;13.18;6.29;NA;NA;ND;NA;NA;NA;
31;7;8.51;7.27;27.02;ND;32.4;32.4;NA;NA;ND;NA;NA;NA;
31;8;8.68;2.94;20.44;ND;28.18;26.76;NA;NA;ND;NA;NA;NA;
31;9;15.38;8.29;21.09;ND;30.07;19.51;NA;NA;ND;NA;NA;NA;
31;10;12.18;5.97;18.08;ND;20.35;8.26;NA;NA;ND;NA;NA;NA;
31;11;3.75;3.56;13.84;ND;13.25;29.34;NA;NA;ND;NA;NA;NA;
31;12;4.28;7.23;14.82;ND;21.24;1.27;NA;NA;ND;NA;NA;NA;
31;13;7.62;3.26;6.47;ND;11.21;7.74;NA;NA;ND;NA;NA;NA;
31;14;4.58;9.41;20.68;ND;12.05;17.94;NA;NA;ND;NA;NA;NA;
31;15;7.15;5.23;18.53;ND;3.78;18.82;NA;NA;ND;NA;NA;NA;
31;16;4.52;8.52;16.77;ND;5.82;0;NA;NA;ND;NA;NA;NA;
31;17;2.82;8.68;14.92;ND;10.3;13.72;NA;NA;ND;NA;NA;NA;
31;18;10.17;3.33;25.75;ND;17.18;50.45;NA;NA;ND;NA;NA;NA;
31;19;6.59;5.22;22;ND;31.97;22.65;NA;NA;ND;NA;NA;NA;
31;20;9.34;6.28;9.5;ND;19.59;5.8;NA;NA;ND;NA;NA;NA;
31;21;6.1;6.86;6.32;ND;32.97;7.44;NA;NA;ND;NA;NA;NA;
31;22;13.05;8.7;2.57;ND;19.08;15.12;NA;NA;ND;NA;NA;NA;
31;23;7.18;6.43;6.05;ND;9.07;8.49;NA;NA;ND;NA;NA;NA;
