DIA;HORA;Cotocollao;Carapungo;Belisario;Jipijapa;El Camal;Centro;Guamaní;Tumbaco;Los Chillos;El Condado;Turubamba;Chillogallo;
1;0;14.55;25.06;ND;NA;16.25;6.85;25.76;28.17;ND;NA;NA;NA;
1;1;21.78;25.98;ND;NA;20.63;10.28;20.35;28.37;10.6;NA;NA;NA;
1;2;ND;27.23;ND;NA;16.26;ND;15.09;27.27;5.25;NA;NA;NA;
1;3;25.29;27.02;ND;NA;21.84;21.01;12.57;28.13;1.22;NA;NA;NA;
1;4;16.04;20.22;ND;NA;19.59;19.1;13.77;16.93;6.03;NA;NA;NA;
1;5;3.29;12.18;ND;NA;9.1;6.4;11.81;2.22;3.33;NA;NA;NA;
1;6;0.45;4.82;ND;NA;3.38;2.77;30.76;2.81;0.62;NA;NA;NA;
1;7;7.55;9.17;ND;NA;9.04;6.1;18.6;8.39;4.4;NA;NA;NA;
1;8;20.56;21.46;ND;NA;23.89;19.79;34.3;20.11;14.29;NA;NA;NA;
1;9;38.9;33.82;ND;NA;38.65;32.92;40.94;34.98;12.81;NA;NA;NA;
1;10;ND;50.47;ND;NA;43.4;42.46;42.69;50.13;25.4;NA;NA;NA;
1;11;ND;50.23;ND;NA;47.26;49.72;46.16;56.5;39.64;NA;NA;NA;
1;12;40.86;ND;ND;NA;47.52;50.44;46.43;59.21;53.38;NA;NA;NA;
1;13;38.36;44.52;ND;NA;31.17;42.36;38.18;49.56;39.99;NA;NA;NA;
1;14;41.08;39.82;ND;NA;31.55;41.79;38.48;45.4;39.53;NA;NA;NA;
1;15;42.43;44.63;ND;NA;37.48;47.31;34.2;42.39;37.31;NA;NA;NA;
1;16;40.93;43.95;22.44;NA;30.91;27.49;25.14;38.16;29.01;NA;NA;NA;
1;17;23.59;35.84;7.01;NA;23.02;10.9;20.8;28.53;16.4;NA;NA;NA;
1;18;5.38;18.57;2.54;NA;14.55;4.21;9.9;25.45;12.1;NA;NA;NA;
1;19;5.96;19.77;5.04;NA;5.06;2.4;9.34;24.02;2.15;NA;NA;NA;
1;20;1.14;11.26;8.96;NA;5.67;2.54;18.68;7.34;2.69;NA;NA;NA;
1;21;0.65;3.32;6.46;NA;5.44;1.93;21.49;3.01;1.24;NA;NA;NA;
1;22;0.18;1.59;0.7;NA;0.94;2.55;26.41;1.2;0.86;NA;NA;NA;
1;23;0.47;1.05;1.33;NA;4.95;2.81;11.34;0.91;0.1;NA;NA;NA;
2;0;0.13;3.54;1.61;NA;0.64;2.56;19.87;ND;0.2;NA;NA;NA;
2;1;0.01;0.56;0.93;NA;6.12;5.23;ND;0.42;2.42;NA;NA;NA;
2;2;0.22;ND;ND;NA;ND;4.08;27.05;0.26;0.39;NA;NA;NA;
2;3;0.28;0.69;1.35;NA;1.56;3.07;27.73;0.39;0.93;NA;NA;NA;
2;4;0.02;0.64;1.51;NA;1.13;1.57;26.88;0.23;0.22;NA;NA;NA;
2;5;0.17;1.68;0.76;NA;2.78;2.84;26.16;0.31;0.17;NA;NA;NA;
2;6;0.37;2.07;1.04;NA;5.74;5.39;23.87;0.84;0.97;NA;NA;NA;
2;7;8.27;5.55;7.4;NA;6;13.26;27.37;1.48;4.21;NA;NA;NA;
2;8;14.24;14.5;19.9;NA;20.09;26.54;29.83;3.63;12.67;NA;NA;NA;
2;9;22.64;22.63;30.16;NA;30.58;36.83;33.11;8.36;14.62;NA;NA;NA;
2;10;41.64;38.09;39.66;NA;41.8;48.3;38.26;24.49;13.67;NA;NA;NA;
2;11;42.42;41.4;38.44;NA;42.93;46.02;40.01;43.25;44.14;NA;NA;NA;
2;12;50.06;46.71;45.84;NA;39.42;46.91;42.36;52.02;24.17;NA;NA;NA;
2;13;44.35;42.27;38.48;NA;41.84;45.38;32.76;42.98;37.17;NA;NA;NA;
2;14;49.96;44.55;48.72;NA;39.66;48.53;35.02;50.22;35.93;NA;NA;NA;
2;15;50.29;46.38;48.39;NA;42.58;51.99;30.69;38.55;33.26;NA;NA;NA;
2;16;39.29;40.59;37.58;NA;27.52;31.59;33.84;42.42;32.71;NA;NA;NA;
2;17;34.67;36.72;33.69;NA;25.31;23.76;25.84;42.31;31.15;NA;NA;NA;
2;18;28.5;27.81;9.42;NA;12.15;7.78;14.53;34.4;11.77;NA;NA;NA;
2;19;23.78;23.24;3.13;NA;6.91;4.49;5.12;28.66;26.54;NA;NA;NA;
2;20;13.45;19.97;1.03;NA;3.6;3.35;10.74;21.98;24.32;NA;NA;NA;
2;21;9.43;16.97;1.04;NA;6.19;2.59;10.15;27.82;19.17;NA;NA;NA;
2;22;4.39;11.33;0.19;NA;1.66;1.87;16.72;8.41;9.33;NA;NA;NA;
2;23;1.08;7.72;0.58;NA;1.28;1.95;6.93;8.81;0.27;NA;NA;NA;
3;0;0.29;6.09;0.26;NA;0.48;2.14;15.28;5.2;ND;NA;NA;NA;
3;1;0.05;1.78;0;NA;1.11;2.02;24.99;4.06;0.06;NA;NA;NA;
3;2;ND;0.44;ND;NA;1.64;ND;26.82;9.77;3.86;NA;NA;NA;
3;3;0.13;0.06;0.09;NA;1.08;1.77;23.14;8.69;0.64;NA;NA;NA;
3;4;0.01;4.76;1.07;NA;0.97;2.51;35.99;7.63;0;NA;NA;NA;
3;5;0.06;2.85;2.21;NA;1.7;2.82;37.74;6.12;0.45;NA;NA;NA;
3;6;1.04;3.31;3.46;NA;3.91;2.63;37.33;0.58;0.35;NA;NA;NA;
3;7;7.21;10.49;9.03;NA;10.69;10.07;40.3;2.36;4.85;NA;NA;NA;
3;8;23.02;20.01;22.69;NA;22.27;26.13;46.13;5.79;15.02;NA;NA;NA;
3;9;41.53;42.92;43.74;NA;36.18;43.56;48.51;12.49;16.15;NA;NA;NA;
3;10;61.23;49.11;50.86;NA;45.55;54.88;52.48;26.12;26.21;NA;NA;NA;
3;11;58.17;53.97;50.97;NA;51.59;57.67;58.35;44.92;29.04;NA;NA;NA;
3;12;60.12;58.25;55.29;NA;56.77;63.12;53.7;55.23;52.94;NA;NA;NA;
3;13;61.48;55.18;55.49;NA;58.26;60.27;60.37;55.79;57.33;NA;NA;NA;
3;14;51.07;49.77;49.79;NA;48.66;55.57;52.73;48.26;49.03;NA;NA;NA;
3;15;46.73;46.79;49.98;NA;48.82;54.86;46.18;48.29;43.34;NA;NA;NA;
3;16;44.95;44.79;49.24;NA;41.67;54.5;48.77;49.22;37.71;NA;NA;NA;
3;17;42.59;38.16;45.59;NA;30.95;44.56;39.76;42.09;30.01;NA;NA;NA;
3;18;32.85;27.75;26.79;NA;24.47;15.58;22.47;32.71;31.21;NA;NA;NA;
3;19;20.88;21.37;12.28;NA;14.3;5.4;8.47;24.5;25.78;NA;NA;NA;
3;20;8.04;18.54;1.31;NA;5.59;7.33;10.62;26.72;18.78;NA;NA;NA;
3;21;3.07;15.92;0.88;NA;2.59;2.61;10.07;27.92;5.74;NA;NA;NA;
3;22;4.1;10.63;0.44;NA;2;5.18;4.53;26.02;13.08;NA;NA;NA;
3;23;7.73;1.61;0.09;NA;2.56;3.09;23.39;18.63;7.79;NA;NA;NA;
4;0;15;5.18;0.59;NA;1.39;5.59;35.46;ND;8.34;NA;NA;NA;
4;1;18.76;10.76;6.2;NA;0.95;8.38;ND;0.51;7.12;NA;NA;NA;
4;2;18.56;ND;ND;NA;ND;2.24;38.36;0.46;1.6;NA;NA;NA;
4;3;26.63;7.17;0.55;NA;2.54;2.14;39.47;0.8;2.15;NA;NA;NA;
4;4;17.51;3.89;1.43;NA;1.51;4.15;39.05;0.21;2.31;NA;NA;NA;
4;5;0.56;0.13;1.01;NA;3.03;13.96;37.74;1.03;1.55;NA;NA;NA;
4;6;0.7;0.04;0.76;NA;3.87;11;38.55;0.76;1.16;NA;NA;NA;
4;7;7.48;5.98;4.43;NA;8.26;13.18;37.89;1.8;3.86;NA;NA;NA;
4;8;ND;15.19;6.96;NA;15.15;12.59;36.34;4.67;3.66;NA;NA;NA;
4;9;ND;37.23;26.5;NA;31.14;30.65;42.17;16.02;15.4;NA;NA;NA;
4;10;ND;48.38;41.9;NA;45.51;45.17;42.51;36;33.65;NA;NA;NA;
4;11;ND;54.31;56.54;NA;52.49;48.86;51.52;52.97;53.89;NA;NA;NA;
4;12;ND;54.6;ND;NA;50.82;56.06;53.27;52.97;55.03;NA;NA;NA;
4;13;ND;54.44;ND;NA;50.76;56.24;52.97;57.06;56.55;NA;NA;NA;
4;14;ND;55.21;ND;NA;48.5;50.85;50.24;51.31;52.49;NA;NA;NA;
4;15;ND;45.97;ND;NA;47.18;48.76;45.77;51.28;47.7;NA;NA;NA;
4;16;ND;41.94;ND;NA;42.68;42.79;41.15;49.22;48.39;NA;NA;NA;
4;17;ND;41.05;37.77;NA;28.72;33.86;31.05;47.69;49.56;NA;NA;NA;
4;18;ND;30.5;37.29;NA;10.86;18.73;36.56;36.13;27.85;NA;NA;NA;
4;19;ND;24.51;30.68;NA;9.08;15.66;34.94;24.75;10.82;NA;NA;NA;
4;20;ND;24.43;11.91;NA;4.26;4.64;31.14;18.68;24.45;NA;NA;NA;
4;21;ND;17.77;29.81;NA;5.21;9.36;23.89;7.86;5.37;NA;NA;NA;
4;22;ND;9.58;38.71;NA;11.61;19.31;15.34;5.85;1.83;NA;NA;NA;
4;23;ND;11.37;34.59;NA;6.68;9.88;8.23;12.23;2.08;NA;NA;NA;
5;0;ND;13.73;26.38;NA;6.8;6.17;24.27;12.22;ND;NA;NA;NA;
5;1;ND;6.47;35.65;NA;1.98;12.48;26.43;3.58;3.1;NA;NA;NA;
5;2;ND;7.31;26.29;NA;1.19;ND;39.67;2.39;1.66;NA;NA;NA;
5;3;ND;2.95;25.68;NA;2.02;7.42;36.87;0.19;1.91;NA;NA;NA;
5;4;ND;3.28;14.97;NA;2.43;5.14;34.75;0.12;0.67;NA;NA;NA;
5;5;ND;2.5;2.17;NA;0.72;3.57;37.58;0.47;0.67;NA;NA;NA;
5;6;ND;0.85;2.43;NA;3.95;4.42;40.29;1.2;1.88;NA;NA;NA;
5;7;ND;9.24;6.49;NA;8.54;10.64;41.13;4.22;6.18;NA;NA;NA;
5;8;ND;38.31;28.48;NA;27.07;36.61;45.71;10.54;27.12;NA;NA;NA;
5;9;ND;46.48;48.72;NA;43.95;53.54;49.17;38.53;23.49;NA;NA;NA;
5;10;ND;61.63;52.48;NA;51.12;56.3;60.04;ND;20.95;NA;NA;NA;
5;11;ND;62.81;58.78;NA;57.19;64.49;64.91;ND;47.53;NA;NA;NA;
5;12;ND;68.56;63.08;NA;61.15;64.33;59.62;65.73;ND;NA;NA;NA;
5;13;ND;60.84;55.02;NA;61.94;65.38;54.84;56.07;ND;NA;NA;NA;
5;14;ND;49.62;51.57;NA;59.76;62.63;52.78;54.2;51.55;NA;NA;NA;
5;15;ND;48.35;50.54;NA;49.32;54.37;50.53;54.81;56.64;NA;NA;NA;
5;16;ND;40.07;36.32;NA;34.63;42.31;43.9;41.97;47.88;NA;NA;NA;
5;17;ND;34.06;44.83;NA;23.7;36.36;30.75;35.81;25.83;NA;NA;NA;
5;18;24.49;30.35;20.08;NA;11.76;18.35;22.18;20.88;37.22;NA;NA;NA;
5;19;1.41;21.36;20.3;NA;4.13;9.46;15.73;6.18;13.02;NA;NA;NA;
5;20;3.16;19.21;3.57;NA;3.69;3.22;2.97;21.21;12.87;NA;NA;NA;
5;21;1.54;23.36;0.82;NA;4.28;2.75;1.03;32.76;20.07;NA;NA;NA;
5;22;6.36;21.69;0.97;NA;4.21;2.9;4.69;32.88;14.03;NA;NA;NA;
5;23;2.85;20.8;1.56;NA;1.21;3.14;12.14;25.3;2.64;NA;NA;NA;
6;0;6.15;22.48;1.48;NA;0.07;2.6;23.21;ND;4;NA;NA;NA;
6;1;14.49;11.33;1.75;NA;1.16;1.89;ND;13.36;0.23;NA;NA;NA;
6;2;30.79;ND;ND;NA;ND;3.11;12.07;2.34;0.34;NA;NA;NA;
6;3;26.52;2.74;0.16;NA;1.44;2.26;16.39;1.95;0.91;NA;NA;NA;
6;4;9.67;0.36;0.67;NA;1.54;2.25;16.73;0.27;0.02;NA;NA;NA;
6;5;1;1.07;0.27;NA;1.54;2.54;5.8;0.55;0.52;NA;NA;NA;
6;6;2.27;1.62;2.7;NA;3.3;4.45;5.1;1.22;1.01;NA;NA;NA;
6;7;12.78;5.78;10.64;NA;5.56;8.79;31.31;3.73;5.14;NA;NA;NA;
6;8;23.75;26.24;38.27;NA;25.73;32.47;50.61;10.83;14.67;NA;NA;NA;
6;9;54.94;ND;45.59;NA;42.94;47.68;55.97;30.57;9.4;NA;NA;NA;
6;10;ND;ND;52.58;NA;51.95;55.5;52.99;56.42;47.08;NA;NA;NA;
6;11;ND;ND;55.4;NA;53.57;64.6;54.05;70.87;53.56;NA;NA;NA;
6;12;48.02;ND;46.39;NA;59.09;57.2;52.11;59.32;53.61;NA;NA;NA;
6;13;48.94;ND;41.6;NA;50.38;46.53;49.38;51.78;50.39;NA;NA;NA;
6;14;ND;ND;48.13;NA;52.12;47.44;49.25;52.29;51.77;NA;NA;NA;
6;15;ND;ND;37.32;NA;48.83;39.46;47.88;49.22;50.37;NA;NA;NA;
6;16;44.64;ND;28.87;NA;38.94;40.7;45.21;47.49;48.16;NA;NA;NA;
6;17;42.12;ND;21.09;NA;29.28;32.42;37.94;41.51;37.21;NA;NA;NA;
6;18;27.69;ND;19.51;NA;11.92;17.85;25.59;29.65;35.06;NA;NA;NA;
6;19;23.68;ND;23.18;NA;4.77;10.04;21.63;8.94;32.32;NA;NA;NA;
6;20;8.66;ND;9.41;NA;7.55;11.97;11.4;11.99;3.79;NA;NA;NA;
6;21;9.92;ND;6.59;NA;8.92;9.57;10.95;7.99;5.9;NA;NA;NA;
6;22;25.79;ND;25.23;NA;3.38;3.39;25.17;6.15;3.29;NA;NA;NA;
6;23;38.76;ND;30.24;NA;9.42;3.25;38.1;10.64;2.18;NA;NA;NA;
7;0;48.15;ND;4.97;NA;3.46;2.95;46.52;11.54;ND;NA;NA;NA;
7;1;43.52;ND;24.87;NA;0.7;3.55;48.3;12.92;0.56;NA;NA;NA;
7;2;54.02;ND;49;NA;1.36;ND;34.86;4.25;0.97;NA;NA;NA;
7;3;57.94;ND;53.41;NA;6.67;6.9;31.47;1.16;0.73;NA;NA;NA;
7;4;51.41;ND;21.26;NA;4.97;1.96;38.32;0.9;1.19;NA;NA;NA;
7;5;19.06;ND;3.12;NA;1.91;3.45;34.93;0.9;1.38;NA;NA;NA;
7;6;2.5;ND;3.38;NA;2.41;6.77;33.44;2.35;1.51;NA;NA;NA;
7;7;8.41;ND;26.93;NA;4.81;15.71;37.95;5.69;3.56;NA;NA;NA;
7;8;25.61;ND;28.5;NA;17.7;28.52;43.21;12.5;12.12;NA;NA;NA;
7;9;47.56;ND;39.02;NA;42.01;43.7;43.13;22.37;41.72;NA;NA;NA;
7;10;49.12;ND;36.61;NA;42.5;41.93;46.73;43.4;44.3;NA;NA;NA;
7;11;54.92;ND;39.52;NA;43.84;45.5;45.4;45.13;47.71;NA;NA;NA;
7;12;55.92;ND;42.4;NA;46.77;48.36;ND;45.21;48.64;NA;NA;NA;
7;13;53.84;ND;43.71;NA;45.01;48.11;ND;52.71;49.19;NA;NA;NA;
7;14;46.11;ND;41.34;NA;41.73;45.67;44.51;44.15;46.91;NA;NA;NA;
7;15;50.81;ND;48.76;NA;50.47;55.88;45.69;55.35;55.34;NA;NA;NA;
7;16;47.43;ND;45.55;NA;52.45;56.99;46.74;55.93;57.62;NA;NA;NA;
7;17;46.74;45.96;30.6;NA;36.96;47.1;42.03;49.33;47.98;NA;NA;NA;
7;18;39.95;ND;22.88;NA;15.71;34.52;31.71;45.7;47.18;NA;NA;NA;
7;19;17.65;34.88;26.49;NA;20.06;34.92;37.03;43.34;40.37;NA;NA;NA;
7;20;8.76;27.36;18.47;NA;30.74;25.47;35.52;26.09;31.41;NA;NA;NA;
7;21;4.07;20.85;16.54;NA;21.52;30.15;48.73;19.66;6;NA;NA;NA;
7;22;6.15;24.4;11.15;NA;3.21;22.4;48.28;9.14;3.34;NA;NA;NA;
7;23;8.53;24.31;17.08;NA;4.58;14.31;48.57;8.64;3.2;NA;NA;NA;
8;0;31.9;15.51;23.83;NA;3.09;25.79;51.2;ND;4.76;NA;NA;NA;
8;1;18.12;16.35;22.13;NA;4.72;32.52;ND;2.53;8.77;NA;NA;NA;
8;2;ND;11.02;ND;NA;ND;36.04;52.08;0.52;6;NA;NA;NA;
8;3;18.65;12.11;44.09;NA;24.58;36.83;52.36;0.57;6.32;NA;NA;NA;
8;4;6.56;9.68;49.12;NA;26.91;38.14;53.3;1.61;5.82;NA;NA;NA;
8;5;2.24;4.93;4;NA;16.05;24.65;52.16;1.25;3.58;NA;NA;NA;
8;6;6.75;2.61;3.59;NA;6.48;19.78;48.23;1.78;2.48;NA;NA;NA;
8;7;9.45;13.73;26.23;NA;13.22;12.09;48.77;4.92;8.83;NA;NA;NA;
8;8;34.34;30.42;38.36;NA;27.68;39.68;53.99;11.04;14.52;NA;NA;NA;
8;9;56.2;ND;46.08;NA;51.14;53.74;58.61;34.98;48.48;NA;NA;NA;
8;10;65.22;ND;47.95;NA;48.69;54.22;60.11;50.09;54.67;NA;NA;NA;
8;11;63.54;ND;47.09;NA;50.02;52.87;56.42;53.43;53.71;NA;NA;NA;
8;12;62.89;ND;44.88;NA;46.54;52.9;51.27;51.08;50.11;NA;NA;NA;
8;13;56.37;ND;42.39;NA;43.94;47.51;53.2;45.6;48.79;NA;NA;NA;
8;14;56.48;ND;43.94;NA;42.97;46.88;44.58;44.88;45.1;NA;NA;NA;
8;15;55.57;ND;37.91;NA;39.38;43.56;40.38;42.1;41.03;NA;NA;NA;
8;16;44.41;44.89;29.43;NA;35.17;35.6;35.53;39.18;36.3;NA;NA;NA;
8;17;37.77;37.2;23.88;NA;28.05;31.49;24.22;39.3;38.85;NA;NA;NA;
8;18;29.77;33.53;14.9;NA;20.56;28.82;27.64;40.9;37.3;NA;NA;NA;
8;19;8.86;24.3;7.41;NA;13.36;17.13;35.62;25.24;14.01;NA;NA;NA;
8;20;2.18;15.17;2.19;NA;11.92;8.61;38.59;11.48;7.04;NA;NA;NA;
8;21;4.53;15.72;5.49;NA;5.5;4.98;38.75;6.43;8.39;NA;NA;NA;
8;22;1.67;16.73;2.15;NA;11.17;4.78;43.15;5.54;2.96;NA;NA;NA;
8;23;12.9;19.62;2.46;NA;12.28;16.32;50.57;2.38;1.31;NA;NA;NA;
9;0;13.84;15.93;6.41;NA;7.61;17.23;51.84;4.99;ND;NA;NA;NA;
9;1;19.93;16.02;23.64;NA;7.61;32.03;54.99;1.6;0.87;NA;NA;NA;
9;2;27.09;ND;35.98;NA;15.74;ND;59.08;2.81;3.41;NA;NA;NA;
9;3;20.92;4.19;46.67;NA;7.06;24.18;60.3;1.64;4.38;NA;NA;NA;
9;4;12.44;8.01;53.64;NA;5.55;14.14;58.67;3.41;14.65;NA;NA;NA;
9;5;13.03;3.3;29.9;NA;11.1;25.47;56.87;3.77;17.21;NA;NA;NA;
9;6;3.53;5.47;10.12;NA;6.79;27.64;52.85;2.06;7.49;NA;NA;NA;
9;7;10.61;26.23;17.89;NA;10.11;27.86;49.65;5.93;12.05;NA;NA;NA;
9;8;26.96;37.25;35.11;NA;30.34;40.06;49.71;20.42;19.72;NA;NA;NA;
9;9;59.45;52.52;52.25;NA;49.4;58.48;52.03;47.88;44.74;NA;NA;NA;
9;10;61.12;62.4;53.8;NA;60;61.88;52.68;56.83;72.33;NA;NA;NA;
9;11;69.24;65.08;57.45;NA;54.57;62.8;54.05;67.2;62.11;NA;NA;NA;
9;12;74.43;63.81;57.4;NA;58.7;65.58;55.25;61.85;59.07;NA;NA;NA;
9;13;69.08;61.22;59.62;NA;55.21;64.83;58.89;60.16;62.14;NA;NA;NA;
9;14;64.46;57.73;57.91;NA;56.76;61.82;58.45;60.8;61.03;NA;NA;NA;
9;15;62.91;55.94;52.34;NA;51.19;54.5;56.09;58.92;57.84;NA;NA;NA;
9;16;54.81;50.21;49.73;NA;51.6;56.13;46.36;53.56;55.96;NA;NA;NA;
9;17;49.6;39.41;37.1;NA;36.65;53.03;41.59;48.98;47.33;NA;NA;NA;
9;18;31.46;35.98;22.17;NA;17.95;24.98;37.41;34.73;41.13;NA;NA;NA;
9;19;24.55;33.84;5;NA;7.34;9.85;16.51;38.11;35.4;NA;NA;NA;
9;20;11.11;32.5;10.18;NA;4.6;9.04;8.59;28.78;30.49;NA;NA;NA;
9;21;6.03;28.21;21.85;NA;3.89;3.97;7.12;31.92;24.79;NA;NA;NA;
9;22;3.44;21.89;3.07;NA;13.34;3.5;8.32;14.69;9.13;NA;NA;NA;
9;23;1.07;21.11;1.64;NA;9.7;3.13;3.61;14.96;5.95;NA;NA;NA;
10;0;4.4;13.4;6.08;NA;7.01;4.59;5.26;ND;21.24;NA;NA;NA;
10;1;9.77;8.28;5.8;NA;5.86;3.83;4.9;24.11;17.91;NA;NA;NA;
10;2;10.8;10.99;ND;NA;ND;2.04;5.67;15.59;1.11;NA;NA;NA;
10;3;7.47;6.11;0.26;NA;2.99;1.62;20.79;10.15;1.08;NA;NA;NA;
10;4;5.77;4.13;0;NA;2.33;2.05;6.56;3.63;0.58;NA;NA;NA;
10;5;6.3;6.95;1.15;NA;2.1;2.38;6.39;3.07;0;NA;NA;NA;
10;6;3.69;13.39;4.88;NA;3.04;2.8;1.5;2.87;0.17;NA;NA;NA;
10;7;13.39;15.92;11.01;NA;9.22;8.54;11.45;6.93;5.42;NA;NA;NA;
10;8;16.71;19.4;15.72;NA;22.09;18.58;39.25;23.37;18.36;NA;NA;NA;
10;9;28.1;29.39;22.78;NA;31.78;27.95;43.39;33.69;29.59;NA;NA;NA;
10;10;51;43.46;36.9;NA;41.77;43.65;44.31;44.55;41.47;NA;NA;NA;
10;11;65.83;52.54;51.62;NA;48.46;59.15;48.57;65.17;43.65;NA;NA;NA;
10;12;71.61;55.13;61.54;NA;55.74;61.64;59.3;73.92;84.58;NA;NA;NA;
10;13;67.97;52.82;55.39;NA;54.8;58.4;58.1;73.4;58.54;NA;NA;NA;
10;14;47.45;37.62;56.65;NA;43.76;62.56;62.36;56.52;52.95;NA;NA;NA;
10;15;41.62;35.02;38.96;NA;31.44;42.81;57.81;42.44;54.3;NA;NA;NA;
10;16;39.44;33.56;23.43;NA;27.19;36.41;47.25;40.58;44.65;NA;NA;NA;
10;17;29.44;29.83;13.87;NA;17.19;15.92;37.41;38.43;30.39;NA;NA;NA;
10;18;22.92;25.32;3.36;NA;7.62;8.97;23.46;35.51;34.39;NA;NA;NA;
10;19;18.59;23.25;2.2;NA;2.71;3.46;26.98;33.17;28.19;NA;NA;NA;
10;20;7.79;16.7;0.26;NA;1.64;3.04;11.99;32.83;11.91;NA;NA;NA;
10;21;11.05;15.22;6.8;NA;2.73;5.39;15.66;34.08;25.44;NA;NA;NA;
10;22;10;15.5;6.11;NA;4.77;11.19;24.11;31.47;28.4;NA;NA;NA;
10;23;2.17;19.82;10.94;NA;9.53;10.8;26.9;25.5;2.28;NA;NA;NA;
11;0;4.2;17.34;4.43;NA;4.8;2.1;26.52;23.05;ND;NA;NA;NA;
11;1;3.88;16.03;0;NA;3.69;1.7;21.21;18.5;5.79;NA;NA;NA;
11;2;ND;ND;0;NA;2.85;ND;17.19;24.11;10.72;NA;NA;NA;
11;3;8.33;16.67;0;NA;2.77;2.96;7.99;14.22;15.89;NA;NA;NA;
11;4;2.07;29.2;2.56;NA;3.74;2.62;3.21;12.02;12.66;NA;NA;NA;
11;5;0.02;16.81;1.39;NA;7.52;4.8;7.99;7.35;10.36;NA;NA;NA;
11;6;1.07;6.24;3.77;NA;3.57;3.41;26.2;3.36;3.53;NA;NA;NA;
11;7;6.77;9.44;3.17;NA;6;6.38;38.57;5.63;3.27;NA;NA;NA;
11;8;21.43;24.99;24.44;NA;18.64;26.87;ND;17.63;10.41;NA;NA;NA;
11;9;48.73;25.8;43.98;NA;42.62;42.64;50.88;38.89;25.8;NA;NA;NA;
11;10;47.12;42.99;44.48;NA;ND;50.08;65.18;49.53;51.04;NA;NA;NA;
11;11;61.63;ND;53.18;NA;ND;56.97;60.64;64.59;71.15;NA;NA;NA;
11;12;73.33;ND;52.84;NA;ND;63.48;61.65;68.03;69.57;NA;NA;NA;
11;13;56.08;51.72;43.44;NA;ND;48.64;56.15;56.25;57.6;NA;NA;NA;
11;14;52.5;51.19;47.68;NA;ND;53.03;59.57;60.22;57.65;NA;NA;NA;
11;15;46.22;ND;53.63;NA;ND;49.13;51.78;61.62;63.22;NA;NA;NA;
11;16;44.3;ND;43.85;NA;ND;49.6;53.17;51.48;63.43;NA;NA;NA;
11;17;40.44;ND;18.64;NA;ND;20.41;32.07;37.7;33.04;NA;NA;NA;
11;18;34.17;23.08;14.15;NA;ND;5.94;21.92;32.61;16.34;NA;NA;NA;
11;19;12.55;24.02;2.77;NA;ND;3.04;8.27;28.25;25.55;NA;NA;NA;
11;20;5.63;19.8;0.17;NA;ND;2.4;3.05;30.41;20.41;NA;NA;NA;
11;21;4.37;13.75;0.06;NA;ND;1.47;2.13;29.61;18.32;NA;NA;NA;
11;22;1.96;10.05;0.05;NA;ND;1.56;3.34;26.47;0.12;NA;NA;NA;
11;23;0.18;8.55;0.86;NA;ND;1.69;7.86;23.7;0.26;NA;NA;NA;
12;0;4.22;13.14;2.55;NA;ND;10.35;24.56;ND;17.53;NA;NA;NA;
12;1;4.68;5.17;1.07;NA;ND;12.07;25.04;12.5;17.39;NA;NA;NA;
12;2;18.36;6.51;ND;NA;ND;16.35;20.1;8.19;19.65;NA;NA;NA;
12;3;27.69;12.25;10.48;NA;ND;16.21;27.42;5.06;20.14;NA;NA;NA;
12;4;11.23;9.89;2.9;NA;ND;15.93;19.52;5.86;16.87;NA;NA;NA;
12;5;2.95;6.55;1.05;NA;ND;4.12;13.77;4.09;11.47;NA;NA;NA;
12;6;3.51;3.21;1.28;NA;ND;4.43;4.47;1.27;4.21;NA;NA;NA;
12;7;7.28;12.95;6.45;NA;ND;7.87;14.71;5.07;8.03;NA;NA;NA;
12;8;22.1;25.55;17.61;NA;ND;23.84;41.7;11.11;19.45;NA;NA;NA;
12;9;48.4;39.37;27.39;NA;ND;47.45;56.04;29.64;36.95;NA;NA;NA;
12;10;73.35;56.82;46.46;NA;ND;57;61.15;54.16;28.49;NA;NA;NA;
12;11;85.25;68.77;48.63;NA;ND;55.83;68.93;69.15;40.08;NA;NA;NA;
12;12;84.76;62.84;55.56;NA;ND;62.57;67.43;69.94;63.71;NA;NA;NA;
12;13;72.44;62.46;56.15;NA;ND;66;70.82;69.24;64.2;NA;NA;NA;
12;14;52.21;55.69;ND;NA;ND;64;60.67;65.7;62.57;NA;NA;NA;
12;15;53.33;51.33;ND;NA;ND;66.59;52.28;64.63;50.77;NA;NA;NA;
12;16;51.64;45.83;29.61;NA;ND;36.14;43.58;53.2;49.34;NA;NA;NA;
12;17;40.37;38.59;15.24;NA;ND;24.28;34.32;49.64;39;NA;NA;NA;
12;18;22;32.73;4.61;NA;ND;10.14;30.66;34.25;37.97;NA;NA;NA;
12;19;11.89;22.24;2;NA;ND;5.65;29.98;17.05;28.13;NA;NA;NA;
12;20;4.04;17.9;0.87;NA;ND;3.1;27.47;12.56;10.25;NA;NA;NA;
12;21;2.8;16.25;6.18;NA;ND;10.33;20.3;7.77;5.63;NA;NA;NA;
12;22;12.57;18.81;3.56;NA;ND;5.99;33.17;10;2.25;NA;NA;NA;
12;23;6.15;4.79;18.88;NA;ND;14.79;41.36;9.84;1.8;NA;NA;NA;
13;0;4.83;5.01;23.04;NA;ND;13.56;36.35;9.95;ND;NA;NA;NA;
13;1;15.95;10.31;11.52;NA;ND;15.56;42.37;5.83;0.73;NA;NA;NA;
13;2;ND;ND;13.81;NA;ND;ND;41.42;0.84;0.23;NA;NA;NA;
13;3;3.69;13.31;8.5;NA;ND;7.77;32.8;2.88;2.69;NA;NA;NA;
13;4;4.13;9.81;1.31;NA;ND;3.12;19.97;0.73;4.61;NA;NA;NA;
13;5;0.97;2.71;0.32;NA;ND;3.04;36.49;0.56;1.26;NA;NA;NA;
13;6;0.75;1.46;1.02;NA;ND;4.31;15.94;1.53;1.86;NA;NA;NA;
13;7;4.92;7.5;5.66;NA;ND;9.22;40.53;6.2;5.72;NA;NA;NA;
13;8;31.35;30.81;17.67;NA;ND;16.98;ND;15.93;16.82;NA;NA;NA;
13;9;55.63;51.35;36.29;NA;ND;23.16;50.83;31.86;31.59;NA;NA;NA;
13;10;74.33;58.74;49.2;NA;ND;51.36;54.66;54.9;12.12;NA;NA;NA;
13;11;73.75;60.81;53.96;NA;ND;ND;46.5;75.63;42.32;NA;NA;NA;
13;12;71.1;59.78;63.81;NA;ND;ND;58.74;60.49;55.49;NA;NA;NA;
13;13;55.57;50.31;51.02;NA;ND;ND;66.75;64.56;50.29;NA;NA;NA;
13;14;61.77;53.46;58.62;NA;49.95;ND;52.01;66.89;47.3;NA;NA;NA;
13;15;53.27;47.95;40.41;NA;47.35;ND;ND;61.77;45.62;NA;NA;NA;
13;16;44.82;41.29;26.7;NA;ND;ND;ND;49.81;45.7;NA;NA;NA;
13;17;40.24;39.82;21.47;NA;ND;ND;39.34;47.87;29.03;NA;NA;NA;
13;18;22.81;30.15;11.25;NA;30.88;ND;38.94;32.94;18.71;NA;NA;NA;
13;19;14.58;23.76;15.11;NA;29.63;ND;41.73;24.33;21.17;NA;NA;NA;
13;20;5.63;23.65;10.02;NA;14.93;ND;45.69;22.74;20.3;NA;NA;NA;
13;21;2.37;13.51;6.12;NA;7.35;ND;47.24;20.47;19.54;NA;NA;NA;
13;22;15.14;16.18;20.25;NA;11.58;ND;49.82;10.71;11.02;NA;NA;NA;
13;23;6.53;9.2;24.91;NA;11.81;ND;51.59;5.14;11.91;NA;NA;NA;
14;0;6.25;7.23;41.11;NA;25.26;ND;51.72;ND;6.3;NA;NA;NA;
14;1;20.26;5.43;40.39;NA;31.05;ND;52.29;6.07;9.4;NA;NA;NA;
14;2;29.05;11.22;ND;NA;28.08;ND;53.07;2.58;5.15;NA;NA;NA;
14;3;18.09;3.07;31.97;NA;24.8;ND;53.59;0.99;6.85;NA;NA;NA;
14;4;8.07;1.95;43.75;NA;19.24;ND;52.84;1.35;2.73;NA;NA;NA;
14;5;2.53;1.51;28.42;NA;15.13;ND;49.85;0.55;2.82;NA;NA;NA;
14;6;2.14;1.45;19.56;NA;9.13;ND;50.64;1.94;1.37;NA;NA;NA;
14;7;17.53;10.82;5.18;NA;12.08;ND;44.59;5.12;3.43;NA;NA;NA;
14;8;34.42;34.48;9.99;NA;22.41;ND;49.21;10.38;4.88;NA;NA;NA;
14;9;56.34;50.92;39.19;NA;50.56;ND;52.33;35.11;12.84;NA;NA;NA;
14;10;69.54;62.27;56.87;NA;50.63;ND;54.67;55.74;38.59;NA;NA;NA;
14;11;70.49;62.33;59.68;NA;63.15;ND;56.13;61.44;65.16;NA;NA;NA;
14;12;69.27;57.89;60.18;NA;69.74;ND;56.92;59.68;62.6;NA;NA;NA;
14;13;70.09;62.67;60.49;NA;65.39;ND;59.84;64.58;76.7;NA;NA;NA;
14;14;ND;56.47;57.27;NA;67.21;ND;59.25;62.5;63.08;NA;NA;NA;
14;15;ND;48.84;45.88;NA;65.22;ND;53.3;58.64;58.28;NA;NA;NA;
14;16;45.82;47.98;38.4;NA;34.9;ND;56.97;56.19;55.14;NA;NA;NA;
14;17;40.31;45.59;31.52;NA;20.61;ND;37.62;52.47;51.8;NA;NA;NA;
14;18;25.16;32.83;14.07;NA;9.9;ND;16.43;43.74;10.91;NA;NA;NA;
14;19;20.7;27.65;2.7;NA;6.54;ND;4.31;36.38;24.97;NA;NA;NA;
14;20;10.47;25.88;0.85;NA;2.75;ND;15.01;35.21;31.67;NA;NA;NA;
14;21;6.89;23.65;2.18;NA;4.6;ND;10.38;26.05;18.05;NA;NA;NA;
14;22;4.29;21.55;8.17;NA;4.67;ND;9.34;29.38;10.87;NA;NA;NA;
14;23;26.3;5.55;13.54;NA;2.96;ND;36.26;24.89;4.34;NA;NA;NA;
15;0;12.06;7.07;6.89;NA;21.62;ND;50.2;13.5;ND;NA;NA;NA;
15;1;26.43;4.65;14.52;NA;40.26;ND;49.96;10.47;16.47;NA;NA;NA;
15;2;27.35;ND;17.46;NA;ND;ND;52.4;2.98;7.35;NA;NA;NA;
15;3;19.56;1.57;27.39;NA;35.87;ND;54.69;2.91;10.37;NA;NA;NA;
15;4;4.57;1.8;41.75;NA;31.26;ND;53.72;1.39;0.83;NA;NA;NA;
15;5;0.34;0.8;23.78;NA;9.87;ND;54.25;0.7;0.36;NA;NA;NA;
15;6;1.22;2.34;7.52;NA;4.75;ND;50.22;1.59;1.16;NA;NA;NA;
15;7;12.98;5;24.55;NA;8.96;ND;51.98;4.72;3.17;NA;NA;NA;
15;8;24.78;27.72;38.21;NA;38.6;ND;53.45;9.15;12.99;NA;NA;NA;
15;9;60.53;44.46;54.73;NA;58.63;ND;60.15;32.03;45.36;NA;NA;NA;
15;10;64.66;59.33;62.73;NA;72.85;ND;64.41;63.14;73.73;NA;NA;NA;
15;11;72.18;69.84;63.29;NA;71.84;ND;68.38;68.09;70.63;NA;NA;NA;
15;12;78.51;75.2;56.93;NA;57.11;ND;65.78;67.89;66.96;NA;NA;NA;
15;13;77.18;68.99;59.42;NA;63.28;ND;61.71;64.31;63.45;NA;NA;NA;
15;14;55.28;59.3;47.56;NA;61.5;ND;63.61;62.32;60.97;NA;NA;NA;
15;15;56.46;55.71;43.72;NA;53.4;ND;58.53;62.26;54.4;NA;NA;NA;
15;16;55.92;56.84;59.25;NA;32.31;47.55;48.42;55.72;57.13;NA;NA;NA;
15;17;51.55;49.26;50.54;NA;27.04;31.94;33.81;52.06;34.66;NA;NA;NA;
15;18;41.73;46.4;14.89;NA;21.8;27.36;20.47;47.89;28.21;NA;NA;NA;
15;19;34.46;40.71;3.85;NA;24.64;8.32;21.01;44.96;34.01;NA;NA;NA;
15;20;32.91;38.78;3.18;NA;22.1;4.24;18.84;41.05;32.31;NA;NA;NA;
15;21;31.02;38.4;7.25;NA;6.53;10.09;17.25;44.68;30.25;NA;NA;NA;
15;22;26.15;33.82;9.09;NA;28.16;22.47;33.77;40.47;21.68;NA;NA;NA;
15;23;20.47;37.02;15.98;NA;22.92;29.32;33.76;39.12;24.66;NA;NA;NA;
16;0;20.72;35.75;22.44;NA;29.72;25.92;36.68;ND;16.14;NA;NA;NA;
16;1;21.06;28.21;30.14;NA;31.58;33.63;39.57;29.4;12.98;NA;NA;NA;
16;2;ND;33.4;ND;NA;21.03;33.38;38.48;18.12;17.88;NA;NA;NA;
16;3;24.34;31.39;23.17;NA;19.89;22.79;39.54;24.94;16.04;NA;NA;NA;
16;4;22.03;31.62;13.07;NA;12.83;7.56;33.99;23.62;11.23;NA;NA;NA;
16;5;10.49;30.17;3.66;NA;4.3;2.97;31.93;22.87;10.64;NA;NA;NA;
16;6;11.89;22.65;8.75;NA;5.54;2.93;23.03;18.28;5.07;NA;NA;NA;
16;7;15.27;22.02;9.99;NA;9.48;4.94;26.66;26.69;17.37;NA;NA;NA;
16;8;25.01;28.32;19.75;NA;20.72;18.1;37.4;34.39;26.6;NA;NA;NA;
16;9;41.86;39.94;36.68;NA;42.01;38.11;47.65;46.47;44.36;NA;NA;NA;
16;10;56.12;51.23;51.63;NA;56.67;58.72;62.14;65.45;45.23;NA;NA;NA;
16;11;61.53;53.82;68.4;NA;63.76;65.56;65.52;64.69;50.38;NA;NA;NA;
16;12;66.51;57.58;57.88;NA;62.8;64.74;67.31;65.81;50.52;NA;NA;NA;
16;13;60.5;55.97;63.43;NA;61.81;65.89;64.58;66.61;66.83;NA;NA;NA;
16;14;51.14;48.93;58.96;NA;51.18;64.61;55.97;63.59;65.99;NA;NA;NA;
16;15;43.45;44.39;45.08;NA;42.01;42.98;56.6;52.59;65.71;NA;NA;NA;
16;16;43.14;43;40.63;NA;30.89;36.82;42.25;43.24;48.96;NA;NA;NA;
16;17;37.67;39.47;26.5;NA;28.77;30.09;31.31;40.69;39.02;NA;NA;NA;
16;18;23.83;30.46;15.41;NA;16.78;13.41;20.58;34.22;27.5;NA;NA;NA;
16;19;24.05;28.28;5.92;NA;6.55;13.75;15.28;32.99;26.17;NA;NA;NA;
16;20;15.95;25.72;2.47;NA;6.77;5.75;12.82;30.3;25.39;NA;NA;NA;
16;21;7.49;23.21;0.42;NA;6.92;3.63;9.4;28.29;27.29;NA;NA;NA;
16;22;12.23;19.78;8.49;NA;10.92;9.18;26.45;18.16;22.71;NA;NA;NA;
16;23;13.85;14.21;15.53;NA;16.49;19.44;26.22;25.32;18.48;NA;NA;NA;
17;0;7.68;21.24;20.61;NA;18.7;21.48;32.09;15.67;ND;NA;NA;NA;
17;1;19.9;25.92;18.32;NA;15.53;12.22;26.34;16.83;16.51;NA;NA;NA;
17;2;19.67;ND;8.4;NA;ND;ND;29.42;11.08;18.37;NA;NA;NA;
17;3;17.37;24.56;12.48;NA;9.02;9.18;17.33;6.84;19.54;NA;NA;NA;
17;4;19.1;17.06;10.51;NA;3.16;8.68;43.8;2.92;17.53;NA;NA;NA;
17;5;14.5;17.12;4.76;NA;3.36;3.22;47.9;4.53;16.18;NA;NA;NA;
17;6;18.94;9.28;8.29;NA;5.35;5.2;38.99;1.26;10.78;NA;NA;NA;
17;7;22.33;25.25;14.88;NA;16.61;12.72;38.52;5.31;16.29;NA;NA;NA;
17;8;39.02;39.54;30.61;NA;37.71;28.98;44.13;7.24;26.92;NA;NA;NA;
17;9;58.02;38.95;30.67;NA;62.21;61.78;54.85;38.75;45.49;NA;NA;NA;
17;10;77.69;64.01;52.62;NA;57.86;49.73;76.63;50.72;59.36;NA;NA;NA;
17;11;94.6;79.35;75.15;NA;54.59;69.88;88;76.58;37.05;NA;NA;NA;
17;12;77.55;71.41;98.03;NA;78.12;86.97;73.83;87.09;49.61;NA;NA;NA;
17;13;58.89;60.88;72.75;NA;55;83.95;67.82;80.54;69.8;NA;NA;NA;
17;14;52.82;48.75;63.26;NA;51.41;70.51;51.92;62.4;55.35;NA;NA;NA;
17;15;49.56;46.31;54.53;NA;52.36;64.19;57.09;55.08;61.59;NA;NA;NA;
17;16;46.4;44.1;41.78;NA;54.45;50.51;50.12;48.44;53.36;NA;NA;NA;
17;17;39.15;39.01;29.72;NA;38.76;38.93;45.75;42.91;28.37;NA;NA;NA;
17;18;29.81;32.74;12.83;NA;17.98;25.68;28.29;38.51;15.87;NA;NA;NA;
17;19;22.04;28.36;7.77;NA;7.58;16.52;25.46;34;32.48;NA;NA;NA;
17;20;13.79;26.75;3.73;NA;7.47;9.3;17.93;32.03;21.1;NA;NA;NA;
17;21;3.97;17.46;9.1;NA;19.56;16.21;20;29.38;28.08;NA;NA;NA;
17;22;14.57;22.15;17.02;NA;16.01;14.73;18.28;29.38;19.35;NA;NA;NA;
17;23;21.54;27.38;7.28;NA;12.89;10.04;25.01;17.47;11.62;NA;NA;NA;
18;0;18.96;25.46;15.11;NA;3.28;3.99;19.43;ND;16.1;NA;NA;NA;
18;1;15.09;23;8.44;NA;3.71;3.84;20.06;22.16;13.81;NA;NA;NA;
18;2;ND;25.65;ND;NA;15.4;2.68;29.18;23.83;0.42;NA;NA;NA;
18;3;20.7;24.15;0;NA;21.53;4.26;31.02;21.75;3.82;NA;NA;NA;
18;4;21.95;21.26;12.9;NA;12.19;9.16;31.88;23.88;5.17;NA;NA;NA;
18;5;10.02;16.99;24.17;NA;7.83;17.35;20.7;20.23;4.35;NA;NA;NA;
18;6;5.64;4.13;10.91;NA;8.46;7.33;15.21;6.72;0.84;NA;NA;NA;
18;7;2.46;4.38;0.64;NA;20.77;4.58;26.74;0.96;0.42;NA;NA;NA;
18;8;10.71;5.52;9.38;NA;15.17;21.02;43.45;4.43;3.18;NA;NA;NA;
18;9;22.9;12.85;17.38;NA;31.57;22.06;57.99;16.81;13.61;NA;NA;NA;
18;10;27.7;19.32;29.14;NA;40.19;27.89;56.99;30.24;ND;NA;NA;NA;
18;11;49.15;36.85;46.61;NA;40.18;ND;57.93;40.54;ND;NA;NA;NA;
18;12;61.65;51.98;55;NA;46.27;ND;59.14;49.41;ND;NA;NA;NA;
18;13;69.2;60.96;57.48;NA;55.42;48.66;64.88;65.03;ND;NA;NA;NA;
18;14;77.63;68.45;58.4;NA;47.63;54.55;55.99;63.09;ND;NA;NA;NA;
18;15;67.1;62.35;39.57;NA;42.2;ND;52.84;71.19;ND;NA;NA;NA;
18;16;ND;55.7;31.88;NA;29.36;25.15;47.3;65.41;ND;NA;NA;NA;
18;17;ND;43.36;22.47;NA;34.06;32.32;35.34;55.93;ND;NA;NA;NA;
18;18;19.25;30.99;12.55;NA;10.7;16.26;28.05;44.58;ND;NA;NA;NA;
18;19;19.56;26.48;0.72;NA;8.27;3.12;17.15;36.49;ND;NA;NA;NA;
18;20;15.16;13.94;0.1;NA;5.32;3.12;13.97;33.86;ND;NA;NA;NA;
18;21;11.69;13.09;3.05;NA;11.55;4.22;29.55;36.11;ND;NA;NA;NA;
18;22;8.86;13.8;0;NA;3.21;5.33;30.49;33.89;ND;NA;NA;NA;
18;23;5.05;13.53;2.95;NA;3.21;3.34;30.48;27.84;ND;NA;NA;NA;
19;0;0.84;17.87;13.46;NA;23.65;14.49;32.71;19.9;ND;NA;NA;NA;
19;1;3.77;16;18.04;NA;23.29;13.17;32.63;18.25;ND;NA;NA;NA;
19;2;14.63;ND;18.93;NA;ND;ND;24.37;13.38;ND;NA;NA;NA;
19;3;17.49;20.92;17.09;NA;21.12;13.59;24.47;16.18;ND;NA;NA;NA;
19;4;5.45;20;15.44;NA;14.49;9.99;12;15.15;ND;NA;NA;NA;
19;5;3.97;10.54;10.86;NA;14.09;4.87;3.4;5.74;ND;NA;NA;NA;
19;6;3.17;3.71;4.89;NA;10.16;5.27;7.31;1.81;ND;NA;NA;NA;
19;7;10.78;11.21;11.36;NA;14.59;10.32;23.32;5.4;ND;NA;NA;NA;
19;8;28.6;21.26;16.65;NA;16.57;16.79;33.7;9.32;ND;NA;NA;NA;
19;9;39.12;38.01;16.84;NA;36.46;29.85;52.03;21.44;ND;NA;NA;NA;
19;10;54.26;43.51;27.69;NA;43.81;30.75;54.8;39.42;ND;NA;NA;NA;
19;11;66.15;58.13;46.44;NA;51.87;54.44;54.48;61.62;ND;NA;NA;NA;
19;12;64.53;ND;ND;NA;54.06;56.06;55.96;68.35;ND;NA;NA;NA;
19;13;52.57;53.17;ND;NA;ND;48.33;50.96;55.67;ND;NA;NA;NA;
19;14;53.08;50.25;53.43;NA;ND;59.11;56.55;57.16;ND;NA;NA;NA;
19;15;49.5;47.69;46.53;NA;41.7;54.63;59.18;58.3;ND;NA;NA;NA;
19;16;38.91;41.08;25.32;NA;29.41;37.43;44.28;46.88;ND;NA;NA;NA;
19;17;33.92;37.41;23.13;NA;19.55;22.93;32.76;41.96;ND;NA;NA;NA;
19;18;32.65;29.06;9.07;NA;18.65;6.11;12.2;37.11;13.33;NA;NA;NA;
19;19;20.54;26.17;9.86;NA;11.2;5.99;9.75;25.04;4.78;NA;NA;NA;
19;20;18.16;28.82;0.11;NA;9.2;3.55;14.91;28.37;3.42;NA;NA;NA;
19;21;10.41;33.45;3.34;NA;9.95;4.76;8.49;33.47;2.19;NA;NA;NA;
19;22;16.72;34.52;11.62;NA;14.82;14.39;13.18;28.78;4.19;NA;NA;NA;
19;23;9.62;30.02;19.85;NA;6.85;23.58;16.49;26.1;14.13;NA;NA;NA;
20;0;20.58;28.06;15.2;NA;14.76;15.07;25.5;ND;2.31;NA;NA;NA;
20;1;23.33;25.77;11.77;NA;12.84;13.22;27.41;14.76;9.78;NA;NA;NA;
20;2;ND;27.78;ND;NA;8.57;16.82;17.15;8.51;7.24;NA;NA;NA;
20;3;24.9;26.12;18.53;NA;12.06;6.01;30.89;7.48;3.28;NA;NA;NA;
20;4;16.97;23.77;5.32;NA;7.44;2.35;22.8;0.18;0.52;NA;NA;NA;
20;5;2.56;0.1;2.13;NA;2.68;6.29;14.37;0.24;1.5;NA;NA;NA;
20;6;0.68;0.75;1.6;NA;2.92;6.22;18.25;0.71;0.67;NA;NA;NA;
20;7;1.62;2.45;1.9;NA;8.23;3.84;37.11;1.39;1.76;NA;NA;NA;
20;8;3.3;9.14;3.03;NA;10.01;6.99;25.04;1.4;3.37;NA;NA;NA;
20;9;6.35;13.13;3.62;NA;8.73;7.53;24.76;1.67;5.25;NA;NA;NA;
20;10;12.78;28.01;9.7;NA;10.31;6.65;27.65;ND;6.92;NA;NA;NA;
20;11;47.65;28.42;39.93;NA;36.12;44.19;51.84;ND;ND;NA;NA;NA;
20;12;68.02;47.44;58.83;NA;61.38;65.02;58.6;ND;ND;NA;NA;NA;
20;13;58.94;57.5;47.93;NA;56.12;56.62;ND;ND;34.73;NA;NA;NA;
20;14;67.4;66.13;56.05;NA;52.13;55.63;61.72;ND;47.95;NA;NA;NA;
20;15;70;58.11;58.29;NA;53.21;60.19;ND;ND;63.46;NA;NA;NA;
20;16;54;57.03;38.91;NA;37.55;44.97;ND;ND;58.01;NA;NA;NA;
20;17;45.63;48.15;31.06;NA;30.14;33.12;ND;ND;42.48;NA;NA;NA;
20;18;36.14;34.58;9.71;NA;9.79;10.35;23.81;ND;22.98;NA;NA;NA;
20;19;31.03;30.88;5.54;NA;6.93;4.4;9.54;ND;36.59;NA;NA;NA;
20;20;17.9;26.46;2.06;NA;3.01;4.47;7.88;ND;25.65;NA;NA;NA;
20;21;4.84;24.9;0;NA;8.36;3.07;16.63;ND;16.68;NA;NA;NA;
20;22;10.03;20.13;1.04;NA;9.53;5.13;22.25;ND;12.04;NA;NA;NA;
20;23;23.91;29.93;6.54;NA;16.95;11.12;21.35;ND;23.08;NA;NA;NA;
21;0;16.92;29.25;0.78;NA;11.87;19.66;24.91;ND;ND;NA;NA;NA;
21;1;14.7;23.88;7.96;NA;11.92;20;ND;ND;27.15;NA;NA;NA;
21;2;17.76;24.76;18.56;NA;ND;ND;20.14;ND;19.42;NA;NA;NA;
21;3;12.56;24.64;27.51;NA;16.21;21.04;18.62;ND;2.33;NA;NA;NA;
21;4;19.27;27.61;20.38;NA;8.5;23.28;19.07;ND;0.66;NA;NA;NA;
21;5;4.71;20.34;18.2;NA;5.05;12.67;2.81;ND;0.06;NA;NA;NA;
21;6;2.3;15.69;9.79;NA;5.57;8.13;4.32;ND;1.2;NA;NA;NA;
21;7;7.43;13.22;8.83;NA;7.22;6.23;12.42;ND;3.8;NA;NA;NA;
21;8;13.47;ND;12.2;NA;20.72;13.23;26.18;ND;8.59;NA;NA;NA;
21;9;26.94;ND;14.28;NA;39.22;30.45;36.39;ND;10.27;NA;NA;NA;
21;10;31.31;24.95;30.02;NA;34.7;32.89;46.79;ND;24.12;NA;NA;NA;
21;11;70.12;47.14;67.38;NA;63.6;68.84;ND;ND;52.92;NA;NA;NA;
21;12;84.14;64.72;73.94;NA;73.1;79.83;ND;ND;56.68;NA;NA;NA;
21;13;82.03;75.15;76.96;NA;72.55;81.05;ND;ND;56.48;NA;NA;NA;
21;14;74.09;64.14;68.73;NA;75.85;79.3;ND;ND;67.27;NA;NA;NA;
21;15;55.32;52.93;64.13;NA;55.56;70.66;ND;ND;67.63;NA;NA;NA;
21;16;48.52;42.49;48.68;NA;36.53;54;51.25;ND;49.88;NA;NA;NA;
21;17;41.34;41.04;24.03;NA;21.48;22.69;ND;ND;51.32;NA;NA;NA;
21;18;36.19;32.84;2.88;NA;14.07;17.97;ND;ND;35.15;NA;NA;NA;
21;19;28.96;27.3;0.57;NA;4.83;7.01;18.74;ND;35;NA;NA;NA;
21;20;16.55;25.06;0.52;NA;5.66;3.24;16.35;ND;30.57;NA;NA;NA;
21;21;14;23.92;1.16;NA;3.39;9.28;20.88;ND;17.55;NA;NA;NA;
21;22;14.36;25.54;0.86;NA;5.87;9.38;13.72;ND;22.68;NA;NA;NA;
21;23;14.69;26.83;9.68;NA;15.97;18.15;30.41;ND;23.11;NA;NA;NA;
22;0;17;27.37;18.99;NA;21.63;24.54;27.7;ND;22.68;NA;NA;NA;
22;1;27.66;27.05;29.11;NA;19.82;30.5;ND;ND;24.69;NA;NA;NA;
22;2;ND;24.82;ND;NA;20.68;30.02;22;ND;19.52;NA;NA;NA;
22;3;23.05;26.95;25.03;NA;23.17;24.89;20.44;ND;19.51;NA;NA;NA;
22;4;23.28;29.38;25.28;NA;23.89;18.81;24.34;ND;18.17;NA;NA;NA;
22;5;18.46;17.59;18.65;NA;5.26;8.25;13.17;ND;10.76;NA;NA;NA;
22;6;9.96;13.23;6.89;NA;12.81;7.1;19.27;ND;9.29;NA;NA;NA;
22;7;4.4;9.63;7.96;NA;7.35;6.16;8.93;ND;6.18;NA;NA;NA;
22;8;12.42;25.14;11.1;NA;26.1;19.55;27.43;ND;10.94;NA;NA;NA;
22;9;31.48;32.98;13.38;NA;49.89;48.86;52.86;ND;28.4;NA;NA;NA;
22;10;49.49;48.49;31.12;NA;61.08;55.17;60.22;ND;44.05;NA;NA;NA;
22;11;ND;70.53;47.39;NA;58.47;55.16;64.83;ND;58.81;NA;NA;NA;
22;12;66.8;62.99;47.15;NA;50.91;49.08;68.27;ND;27.81;NA;NA;NA;
22;13;ND;47.52;56.25;NA;44.93;57.7;51.07;ND;56.55;NA;NA;NA;
22;14;ND;48.29;41.24;NA;31.51;46.13;39.73;50.68;39.52;NA;NA;NA;
22;15;31.8;41.66;18.06;NA;20.52;29.85;41.81;37.89;23.99;NA;NA;NA;
22;16;27.67;35.48;9.34;NA;20.79;17.56;25.2;29.31;7.21;NA;NA;NA;
22;17;28.9;29.64;7.39;NA;9.85;12.76;17.59;31.28;4.33;NA;NA;NA;
22;18;24.24;31.44;0.24;NA;7.79;3.25;13.43;24.08;1.66;NA;NA;NA;
22;19;16.34;24.56;0.23;NA;3.5;2.48;3.85;27.76;18.1;NA;NA;NA;
22;20;15.77;22.1;0.75;NA;8.44;4.69;14.41;30.32;21.65;NA;NA;NA;
22;21;18.26;19.84;7.08;NA;7.46;7.59;29.01;27.82;25.69;NA;NA;NA;
22;22;10.66;14.5;2.6;NA;2.02;5.49;25.63;20.64;19.44;NA;NA;NA;
22;23;9.66;19.28;9.35;NA;13.15;7.78;22.19;20.91;8.5;NA;NA;NA;
23;0;9.13;20.92;11.07;NA;11.41;1.61;28.14;23.19;ND;NA;NA;NA;
23;1;13.12;21.19;12.21;NA;17.48;2.03;32.27;15.89;17;NA;NA;NA;
23;2;15.32;23.57;4.36;NA;ND;ND;27.02;12.18;15.84;NA;NA;NA;
23;3;13.08;18.73;7;NA;32.77;12.74;52.39;13.71;14.85;NA;NA;NA;
23;4;6.53;16.23;45.48;NA;47.48;43.72;60.12;6.35;28.1;NA;NA;NA;
23;5;6.02;3.65;50.02;NA;25.59;38.32;58.47;2.28;34.46;NA;NA;NA;
23;6;3.24;0.9;10.4;NA;11.19;11.02;40.37;0.95;18.56;NA;NA;NA;
23;7;9.37;11.47;9.05;NA;13.25;13.21;48.24;11.01;21.81;NA;NA;NA;
23;8;24.61;33.26;24.2;NA;36.72;36.66;50.29;22.44;35.62;NA;NA;NA;
23;9;41.97;44;35.22;NA;59.87;60.34;61.58;45.3;48.45;NA;NA;NA;
23;10;58.96;55.93;52.62;NA;61.97;65.54;64.9;66.85;66.19;NA;NA;NA;
23;11;78.35;ND;58.29;NA;77.74;74.67;69.37;79.63;89.83;NA;NA;NA;
23;12;70.04;ND;64.18;NA;74.83;71.73;67.84;86.7;ND;NA;NA;NA;
23;13;49.83;ND;65.67;NA;55.3;69.96;66.81;93.37;ND;NA;NA;NA;
23;14;47.42;ND;49.7;NA;42.78;53.34;57.89;57.55;ND;NA;NA;NA;
23;15;44.93;ND;32.22;NA;33.03;39.95;51.39;30.16;ND;NA;NA;NA;
23;16;39.06;ND;27.51;NA;30.97;21.47;38.12;36.25;ND;NA;NA;NA;
23;17;35.97;ND;9.13;NA;18.35;20.27;34.23;42.56;ND;NA;NA;NA;
23;18;25.31;ND;4.44;NA;5.14;10.42;20.44;39.92;ND;NA;NA;NA;
23;19;23.95;ND;12.96;NA;8.75;26.83;23.69;37.48;ND;NA;NA;NA;
23;20;25.58;ND;9.93;NA;14.14;30.45;20.53;32.33;ND;NA;NA;NA;
23;21;14.36;ND;22.49;NA;13.22;25.41;27.16;19.79;ND;NA;NA;NA;
23;22;16.97;ND;19.77;NA;16.69;20.01;26.65;18.72;ND;NA;NA;NA;
23;23;19.32;30.58;31.15;NA;18.35;10.6;24.19;14.14;ND;NA;NA;NA;
24;0;24.97;33.84;23.25;NA;4.74;5.11;44.32;ND;ND;NA;NA;NA;
24;1;22.15;19.26;12.61;NA;7.77;3.75;ND;6.03;ND;NA;NA;NA;
24;2;ND;17.3;ND;NA;13.78;3.37;42.4;6.32;ND;NA;NA;NA;
24;3;12.79;8.84;0.21;NA;7.68;1;40.64;4.21;ND;NA;NA;NA;
24;4;8.67;3.85;0;NA;1.41;1.94;32.37;1.01;ND;NA;NA;NA;
24;5;13.51;0.72;3.36;NA;1.14;6.57;15.84;1.63;ND;NA;NA;NA;
24;6;7.8;2.15;1.45;NA;4.35;11.09;28.11;2.95;ND;NA;NA;NA;
24;7;4.54;8.07;10.11;NA;10.01;11.96;43.84;7.6;ND;NA;NA;NA;
24;8;32.71;12.23;29.25;NA;27.92;39.42;50.71;6.75;ND;NA;NA;NA;
24;9;60.53;34.21;55.84;NA;52.32;62.3;57.55;20.94;ND;NA;NA;NA;
24;10;68.29;50.71;67.54;NA;64.57;66.69;61.72;55.7;ND;NA;NA;NA;
24;11;83.07;68.03;84.73;NA;73.32;87.37;71.19;73.02;ND;NA;NA;NA;
24;12;90.77;74.63;73.05;NA;81.71;91.39;79.05;83.86;ND;NA;NA;NA;
24;13;87.87;74.95;72.83;NA;75.43;83.65;83.27;78.87;ND;NA;NA;NA;
24;14;61.01;65.32;77.71;NA;81.08;88.93;73.7;89.46;ND;NA;NA;NA;
24;15;62.13;52.86;70.05;NA;51.78;70.97;61.83;75.94;ND;NA;NA;NA;
24;16;59.91;49.86;49.29;NA;54.85;51.53;65.86;54.57;ND;NA;NA;NA;
24;17;35.92;34.87;25.69;NA;39.63;33.87;57.44;37.94;ND;NA;NA;NA;
24;18;12.24;11.19;17.19;NA;13.57;28.79;42.72;29.89;ND;NA;NA;NA;
24;19;1.17;0.06;2.41;NA;27.57;10.13;30.77;33.09;ND;NA;NA;NA;
24;20;2.79;0;2.38;NA;19.82;2.6;17.32;9.15;ND;NA;NA;NA;
24;21;0.2;0.47;0.39;NA;1.62;7.43;19.49;9.91;ND;NA;NA;NA;
24;22;0.01;2.75;0;NA;1.16;5.03;18.31;12.47;ND;NA;NA;NA;
24;23;0.09;0.26;0.04;NA;1.59;4.23;7.94;9.19;ND;NA;NA;NA;
25;0;4.34;0;0.2;NA;6.97;7.41;36.83;6.04;ND;NA;NA;NA;
25;1;5.24;0.03;0.97;NA;4.28;3.61;31.98;6.16;ND;NA;NA;NA;
25;2;11.53;ND;7.35;NA;ND;ND;46.23;4.82;ND;NA;NA;NA;
25;3;4.75;2.62;6.8;NA;20.2;2.81;38.65;0.2;ND;NA;NA;NA;
25;4;1.59;7.42;3.27;NA;22.47;2.56;32.01;0.66;ND;NA;NA;NA;
25;5;6.68;6.17;2.9;NA;13.56;5.49;36.38;0.06;ND;NA;NA;NA;
25;6;3.35;1.16;1.42;NA;4.33;3.55;26.78;0.89;ND;NA;NA;NA;
25;7;9.29;4.99;7.09;NA;10.85;16.16;43.59;2.46;ND;NA;NA;NA;
25;8;15.26;21.61;19.53;NA;23.02;24.12;48.25;4.2;ND;NA;NA;NA;
25;9;35.82;24.73;39.76;NA;43.26;45.61;55.44;10.64;ND;NA;NA;NA;
25;10;58.07;50.44;55.39;NA;61.76;67.95;59.52;27.88;ND;NA;NA;NA;
25;11;62.06;57.08;53.43;NA;71.81;70.42;ND;53.7;ND;NA;NA;NA;
25;12;66.71;ND;59.83;NA;70.09;66.94;ND;57.67;ND;NA;NA;NA;
25;13;61.65;58.13;47.2;NA;65.94;62.41;ND;59.18;ND;NA;NA;NA;
25;14;52.08;52.31;49.66;NA;67.93;62.93;ND;55.76;ND;NA;NA;NA;
25;15;63.4;61.97;45.27;NA;66.06;58.45;ND;ND;71.79;NA;NA;NA;
25;16;58.53;49.71;50.44;NA;50.59;50.35;ND;ND;ND;NA;NA;NA;
25;17;48.97;47.28;24.59;NA;28.17;44.29;ND;49.68;47.26;NA;NA;NA;
25;18;37.25;41.58;4.73;NA;19.24;22.51;ND;48.95;39.05;NA;NA;NA;
25;19;18.42;41.06;1.15;NA;6.45;6.74;ND;40.1;37.43;NA;NA;NA;
25;20;38.66;39.61;3.13;NA;33.31;21.18;ND;39.79;37.33;NA;NA;NA;
25;21;36.2;34.86;12.87;NA;27.08;22.16;ND;43.19;37.88;NA;NA;NA;
25;22;42.84;27.41;15.62;NA;14.32;9.25;ND;32.77;32.85;NA;NA;NA;
25;23;20.44;24.61;21.01;NA;17.63;5.88;ND;33.22;6.88;NA;NA;NA;
26;0;19.09;34.01;22.66;NA;25.98;6.79;ND;ND;18.48;NA;NA;NA;
26;1;13.16;26.89;24.3;NA;34.89;34.98;ND;32.26;6.27;NA;NA;NA;
26;2;ND;5.89;ND;NA;36.71;36.78;ND;22.28;28.17;NA;NA;NA;
26;3;10.32;6.96;42.31;NA;40.49;35.45;ND;17.31;30.02;NA;NA;NA;
26;4;3.5;0;36.16;NA;39.15;34.87;ND;6.61;31.22;NA;NA;NA;
26;5;0.3;0.02;22.44;NA;29.57;25.11;ND;9.94;19.72;NA;NA;NA;
26;6;0.86;0.16;13.65;NA;9.34;16.23;ND;1.95;8.78;NA;NA;NA;
26;7;3.71;3.44;11.23;NA;30.37;15.64;ND;8.25;11.44;NA;NA;NA;
26;8;11.51;17.64;28.56;NA;33.3;37.5;ND;14.59;20.64;NA;NA;NA;
26;9;32.02;26.83;43.85;NA;51.76;54.89;ND;34.49;44.15;NA;NA;NA;
26;10;55.51;46.92;51.5;NA;61.28;60.97;ND;57.38;66.48;NA;NA;NA;
26;11;65.85;62;50.08;NA;54.15;61.85;ND;61.38;62.1;NA;NA;NA;
26;12;65.26;56.27;51.96;NA;52.01;57.01;ND;54.21;54.69;NA;NA;NA;
26;13;54.29;50.81;42.08;NA;46.61;48.33;ND;51.79;51.54;NA;NA;NA;
26;14;52.04;ND;39.52;NA;44.5;50.57;ND;52.27;52.42;NA;NA;NA;
26;15;ND;ND;34.5;NA;42.13;50.65;ND;51.97;53.68;NA;NA;NA;
26;16;ND;47.73;32.61;NA;40.65;ND;ND;55.33;48.41;NA;NA;NA;
26;17;48.24;41.09;29.69;NA;37.06;19.82;ND;47.1;46.64;NA;NA;NA;
26;18;50.52;29;10.29;NA;20.45;21.51;ND;40.35;36.76;NA;NA;NA;
26;19;33.73;24.96;12.07;NA;19.06;15.92;ND;33.87;28.65;NA;NA;NA;
26;20;9.83;18.97;13.36;NA;5.14;15.17;ND;28.69;26.8;NA;NA;NA;
26;21;5.39;20.21;15.48;NA;5.1;12.17;ND;21.41;17.1;NA;NA;NA;
26;22;2.15;7.49;0.85;NA;15.72;8.59;ND;11.23;1.21;NA;NA;NA;
26;23;1.66;0.79;3.05;NA;9.48;17.72;ND;7.92;2.7;NA;NA;NA;
27;0;0.42;1.29;5.6;NA;6.79;8.49;ND;11.48;ND;NA;NA;NA;
27;1;5.29;1.09;5.88;NA;5.45;11.07;ND;12.62;0.06;NA;NA;NA;
27;2;11.5;2.23;5.46;NA;ND;ND;ND;11.34;0.12;NA;NA;NA;
27;3;16.73;1.9;7.73;NA;5.53;7.04;ND;10.62;0.09;NA;NA;NA;
27;4;5.96;2.15;6.45;NA;3.1;9.74;ND;6.22;0.07;NA;NA;NA;
27;5;0.67;0.8;0.16;NA;2.59;2.36;ND;3.3;0.39;NA;NA;NA;
27;6;1.47;0.67;1.14;NA;3.89;3.65;ND;1.47;1.06;NA;NA;NA;
27;7;7.07;8.31;8.64;NA;8.54;8.23;ND;3.72;4.82;NA;NA;NA;
27;8;36.15;33.79;15.88;NA;22.54;18.19;ND;16.98;13.61;NA;NA;NA;
27;9;56.39;58.82;39.15;NA;46.09;43.71;ND;41.18;21.49;NA;NA;NA;
27;10;70.1;69.9;57.55;NA;58.51;61.33;ND;62.82;21.48;NA;NA;NA;
27;11;76.19;68.77;62.95;NA;66.81;69.94;ND;76.28;42.16;NA;NA;NA;
27;12;70.23;62.23;ND;NA;67.77;72.82;ND;73.65;72.71;NA;NA;NA;
27;13;74.34;64.98;ND;NA;68.28;73.23;ND;73.28;73.21;NA;NA;NA;
27;14;66.01;55.74;56.37;NA;61.68;67.86;ND;71.1;58.97;NA;NA;NA;
27;15;52.85;47.67;43.11;NA;49.78;53.65;ND;62.58;57.24;NA;NA;NA;
27;16;55.05;46.08;43.7;NA;39.65;48.73;40.01;59.47;54.49;NA;NA;NA;
27;17;52.03;38.54;27.06;NA;30.88;30.48;39.22;47.17;44.73;NA;NA;NA;
27;18;43.52;34.05;5.7;NA;22.09;32.08;26.83;40.04;34.46;NA;NA;NA;
27;19;50.78;34.55;1.28;NA;22.6;9.42;25.91;31.62;23.32;NA;NA;NA;
27;20;29.06;33.47;0.12;NA;17.5;2.82;12.49;28.51;31.23;NA;NA;NA;
27;21;25.76;18.59;1.59;NA;9.77;5;15.67;19.93;8.28;NA;NA;NA;
27;22;18.8;13.04;8.3;NA;26.51;10.55;17.01;25.87;20.18;NA;NA;NA;
27;23;19.2;22.04;13.65;NA;22.91;17.11;34.14;13.66;13.3;NA;NA;NA;
28;0;9.74;14.64;8.48;NA;22.41;15.3;45.64;ND;15.71;NA;NA;NA;
28;1;8.83;22.64;10.13;NA;23.53;11.32;53.12;1.52;19.46;NA;NA;NA;
28;2;ND;ND;ND;NA;9.82;24.29;31.63;4.03;15.52;NA;NA;NA;
28;3;14.64;19.16;19.56;NA;10.4;5.99;25.78;3.89;13.33;NA;NA;NA;
28;4;5.43;25.83;6.63;NA;3.01;8.63;26.18;0.78;7.85;NA;NA;NA;
28;5;0.64;14.02;0.25;NA;3.84;4.33;24.67;0.99;1.61;NA;NA;NA;
28;6;3.83;2.51;2.17;NA;6.76;5.33;33.32;2.23;1.71;NA;NA;NA;
28;7;12.89;15.7;11.64;NA;13.08;11.93;38.27;5.35;7.57;NA;NA;NA;
28;8;34.02;29.95;29;NA;37.91;44.44;59.89;16.03;20.88;NA;NA;NA;
28;9;59.35;41.54;39.2;NA;52.41;48.52;105.19;42.84;50.67;NA;NA;NA;
28;10;53.75;58.54;43.5;NA;56.1;55.66;102.64;68.61;25.79;NA;NA;NA;
28;11;55.83;77.78;75.86;NA;82.3;81.81;ND;95.04;74.01;NA;NA;NA;
28;12;43.46;76.02;67.66;NA;95.79;94.07;ND;92.49;121.38;NA;NA;NA;
28;13;35.27;63.13;56.11;NA;79.65;71.88;82.17;78.38;92.11;NA;NA;NA;
28;14;22.45;60.36;58.42;NA;58.81;67.07;ND;75.42;59.39;NA;NA;NA;
28;15;26.68;54.16;57.17;NA;46.68;63;ND;73.78;71.41;NA;NA;NA;
28;16;48.37;49.61;35.09;NA;36.72;51.16;ND;64.54;67.3;NA;NA;NA;
28;17;47.77;43.13;19.46;NA;39.26;43.16;51.29;51.53;47.2;NA;NA;NA;
28;18;44.55;42.55;9.42;NA;34.12;17.95;27.14;42.76;40.45;NA;NA;NA;
28;19;37.22;35.86;12.29;NA;24.02;10.89;44.51;37.99;29.22;NA;NA;NA;
28;20;21.32;33.16;0.54;NA;20.24;2.98;39.11;37.01;16.69;NA;NA;NA;
28;21;31.07;37.47;5.5;NA;22.74;20.47;28.32;40.96;29.46;NA;NA;NA;
28;22;26.96;37.69;6.3;NA;3.53;21.76;38.31;46.86;41.71;NA;NA;NA;
28;23;30.67;41.3;22.68;NA;12.03;22.65;21.33;43.44;39.85;NA;NA;NA;
29;0;43.09;37.29;20.26;NA;39.81;32.66;34.25;44.33;ND;NA;NA;NA;
29;1;45.6;33.62;34.88;NA;45.16;48.31;ND;37.33;42.27;NA;NA;NA;
29;2;40.07;36.5;32.91;NA;ND;ND;50.69;35.07;48.5;NA;NA;NA;
29;3;35.04;40.17;39.37;NA;38.86;20.99;45.27;29.22;13.88;NA;NA;NA;
29;4;32.3;37.57;23.28;NA;30;26.12;33.13;19.13;6.85;NA;NA;NA;
29;5;13.06;25.79;4.83;NA;12.74;3.11;6.27;6.26;3.49;NA;NA;NA;
29;6;2.95;2.53;1.01;NA;1.87;2.79;7.71;3.74;3.67;NA;NA;NA;
29;7;3.72;8.4;1.53;NA;3.16;3.98;12.41;3.62;3.14;NA;NA;NA;
29;8;5.53;18.81;3.12;NA;5.89;5.37;16.53;8.05;8.24;NA;NA;NA;
29;9;23.23;23.88;ND;NA;11.69;7.64;31.51;18.51;15.1;NA;NA;NA;
29;10;37.32;31.75;ND;NA;24.17;26.73;47.98;41.11;20.74;NA;NA;NA;
29;11;50.93;41.18;ND;NA;34.37;29.22;57.03;52.08;45.06;NA;NA;NA;
29;12;69.19;59.98;ND;NA;54.88;37.2;64.03;62.65;74.36;NA;NA;NA;
29;13;66.28;51.83;ND;NA;38.94;31.5;61.33;61.08;60.75;NA;NA;NA;
29;14;65.72;59.72;ND;NA;35.53;44.61;56.25;68.65;37.92;NA;NA;NA;
29;15;61.61;57.43;ND;NA;39.69;54.42;61.4;74.28;50.87;NA;NA;NA;
29;16;57.8;54.08;37.02;NA;27.6;44;49.05;81;34.75;NA;NA;NA;
29;17;49.42;55.95;30.09;NA;40.87;38.93;31.41;64.62;26.91;NA;NA;NA;
29;18;32.84;42.03;9.16;NA;22.28;21.19;24.7;42.01;12.01;NA;NA;NA;
29;19;18.96;27.89;1.29;NA;14.71;4.56;21.08;38.42;6.08;NA;NA;NA;
29;20;19.54;26.47;1.09;NA;8.96;2.24;18.75;31.19;15.83;NA;NA;NA;
29;21;7.27;17.32;3.57;NA;7.23;6.98;14.31;9.1;6.91;NA;NA;NA;
29;22;1.4;2.09;0.85;NA;2.84;2.16;20.05;2.39;4.97;NA;NA;NA;
29;23;0.52;4.22;0.07;NA;1.31;3.03;16.29;6.03;1.26;NA;NA;NA;
30;0;0.86;5.68;0.21;NA;1.8;1.81;2.03;ND;0.56;NA;NA;NA;
30;1;8.91;17.79;0.13;NA;1.16;1.95;31.24;0.79;0.8;NA;NA;NA;
30;2;ND;ND;ND;NA;0.76;1.89;39.55;1.12;0.65;NA;NA;NA;
30;3;9.71;9.73;0;NA;8.97;3.69;42.33;2.93;0.55;NA;NA;NA;
30;4;2.79;1.46;0.02;NA;3.24;6.74;36.66;4.1;0.53;NA;NA;NA;
30;5;0.57;0.67;0;NA;1.47;4.19;29.98;1.24;0.15;NA;NA;NA;
30;6;0.73;1.56;0.19;NA;3.01;2.36;27.56;0.98;1.62;NA;NA;NA;
30;7;15.67;3.81;4.38;NA;6.55;10.96;46.94;2.39;4.48;NA;NA;NA;
30;8;26.78;13.97;25.4;NA;35.42;38.19;54.18;14.63;24.08;NA;NA;NA;
30;9;31.91;33.58;39.89;NA;52.28;61.53;56.53;31;50.7;NA;NA;NA;
30;10;59.21;56.7;53.58;NA;62.95;62.6;63.87;52.51;67.94;NA;NA;NA;
30;11;71.78;64.8;60.85;NA;62.14;65.19;75.52;61.46;72.38;NA;NA;NA;
30;12;75.21;66.02;57.65;NA;57.22;62.88;71.73;63.47;69.73;NA;NA;NA;
30;13;65.28;63.01;50.7;NA;52.08;60.04;67.49;59.58;65.04;NA;NA;NA;
30;14;50.79;51.26;57.2;NA;62.72;63.92;57.34;68.73;64.73;NA;NA;NA;
30;15;49.96;46.81;53.66;NA;45.82;59.64;59.45;58.5;59.95;NA;NA;NA;
30;16;47.85;42.32;39.62;NA;37.49;48.24;47.38;47.1;58.91;NA;NA;NA;
30;17;42.99;38.53;34.3;NA;28.34;32.48;35.85;41.87;41.16;NA;NA;NA;
30;18;20.94;27.92;12.87;NA;13.71;21.03;25.42;34.34;16.19;NA;NA;NA;
30;19;4.8;21.9;7.02;NA;9.24;2.64;11.14;23.87;22.71;NA;NA;NA;
30;20;5.35;18.54;1.57;NA;8.42;2.3;20.59;28.53;18.5;NA;NA;NA;
30;21;0.77;3.75;3.41;NA;5.9;2.35;6.42;31.04;17.83;NA;NA;NA;
30;22;2.06;2.58;23.87;NA;20.34;25.79;16.96;26.26;5.37;NA;NA;NA;
30;23;6.63;1.67;35.48;NA;14.73;15.9;21.46;23.24;3.09;NA;NA;NA;
31;0;4.29;1.54;42.83;NA;15.16;26.97;33.29;16.08;ND;NA;NA;NA;
31;1;15;10.46;28.04;NA;2.45;6.22;ND;6.05;0.5;NA;NA;NA;
31;2;26.12;11.36;10.4;NA;ND;ND;39.83;0.61;0.3;NA;NA;NA;
31;3;21.78;3.8;5.46;NA;1.83;3;36.79;0.03;0.34;NA;NA;NA;
31;4;25.03;5.11;0.22;NA;2.45;1.88;35.65;0.14;0.33;NA;NA;NA;
31;5;11.56;1.47;2.26;NA;3.86;1.93;16.29;0.16;0.45;NA;NA;NA;
31;6;9.38;0.37;1.33;NA;3.24;2.28;8.06;0.58;0.74;NA;NA;NA;
31;7;7.23;2.62;3.86;NA;5.41;6.08;25.78;1.3;3.83;NA;NA;NA;
31;8;21.82;8.03;9.34;NA;15.83;16.15;32.71;3.07;9.85;NA;NA;NA;
31;9;45.17;27.43;36.05;NA;30.14;25.1;51.88;5.08;30.75;NA;NA;NA;
31;10;46.47;33.46;42.05;NA;39.11;45.34;66.57;29.91;36.67;NA;NA;NA;
31;11;62.87;54;51.61;NA;46.61;51.47;72.66;45.81;37.03;NA;NA;NA;
31;12;76.18;62.34;69.93;NA;65.67;73.23;78.04;60.66;57.22;NA;NA;NA;
31;13;54.84;51.69;57.35;NA;62.33;71.7;68.91;75.25;50.3;NA;NA;NA;
31;14;52.88;50.29;62.98;NA;64.71;72.13;58.54;77.45;60.79;NA;NA;NA;
31;15;44.85;46.09;50.37;NA;43.3;62.8;62.51;57.87;63.27;NA;NA;NA;
31;16;38.61;37.09;40.05;NA;35.76;41.62;40.34;47.32;46.44;NA;NA;NA;
31;17;31.29;36.06;16;NA;33.82;20.64;32.18;43.24;36.12;NA;NA;NA;
31;18;21.38;36.84;8.56;NA;27.67;14.5;18.26;39.41;20.84;NA;NA;NA;
31;19;23.13;30.24;13.87;NA;26.03;16.13;23.53;36.47;9.67;NA;NA;NA;
31;20;13.03;28.42;4.14;NA;27.16;5;23.8;35.94;8.67;NA;NA;NA;
31;21;12.13;20.51;15.72;NA;25.44;8.02;16.26;39.47;25.08;NA;NA;NA;
31;22;11.36;26.73;12.46;NA;19.29;9.75;26.17;36.7;33.13;NA;NA;NA;
31;23;5.27;21.55;18.05;NA;11.86;3.05;24.25;33.36;34.41;NA;NA;NA;
