DIA;HORA;Cotocollao;Carapungo;Belisario;Jipijapa;El Camal;Centro;Guamaní;Tumbaco;Los Chillos;El Condado;Turubamba;Chillogallo;
1;0;1.54;17.5;10.89;ND;12.29;12.1;NA;NA;ND;NA;NA;NA;
1;1;11.5;7.47;20.4;ND;3.3;12.4;NA;NA;ND;NA;NA;NA;
1;2;10.46;5.02;23.33;ND;19.54;7.62;NA;NA;ND;NA;NA;NA;
1;3;5.14;9.77;110;ND;11.73;15.82;NA;NA;ND;NA;NA;NA;
1;4;5.06;8.5;0.21;ND;15.05;19.75;NA;NA;ND;NA;NA;NA;
1;5;25.65;8.15;1.89;ND;17.45;5.16;NA;NA;ND;NA;NA;NA;
1;6;19.21;17.28;17.66;ND;40.13;15.21;NA;NA;ND;NA;NA;NA;
1;7;27.37;27.22;153.2;ND;60.35;20.8;NA;NA;ND;NA;NA;NA;
1;8;25.73;10.52;0.62;ND;54.83;66.01;NA;NA;ND;NA;NA;NA;
1;9;8.8;9.86;19.44;ND;29.71;24.74;NA;NA;ND;NA;NA;NA;
1;10;14.32;14.66;23.16;ND;18.56;12.62;NA;NA;ND;NA;NA;NA;
1;11;1.75;20.17;26.76;ND;15.38;54.79;NA;NA;ND;NA;NA;NA;
1;12;2.63;9.9;26.92;ND;15.63;14.62;NA;NA;ND;NA;NA;NA;
1;13;4.18;14.19;6.33;ND;21.13;32.65;NA;NA;ND;NA;NA;NA;
1;14;12.12;1.86;17.29;ND;17.05;24.59;NA;NA;ND;NA;NA;NA;
1;15;55.78;20.26;12.91;ND;8.54;14.66;NA;NA;ND;NA;NA;NA;
1;16;17.31;7.63;12.11;ND;1.74;9.41;NA;NA;ND;NA;NA;NA;
1;17;0.77;12.01;19.28;ND;13.1;14.76;NA;NA;ND;NA;NA;NA;
1;18;15.11;24.12;43.32;ND;13.78;23.93;NA;NA;ND;NA;NA;NA;
1;19;17.14;20.95;29.89;ND;28.96;6.72;NA;NA;ND;NA;NA;NA;
1;20;20.26;15.77;35.45;ND;31.61;42.39;NA;NA;ND;NA;NA;NA;
1;21;56.32;21.6;31.07;ND;20.67;16.84;NA;NA;ND;NA;NA;NA;
1;22;82.63;16.87;36.94;ND;19.57;21.94;NA;NA;ND;NA;NA;NA;
1;23;21.66;15.61;29.91;ND;14.01;17.22;NA;NA;ND;NA;NA;NA;
2;0;17.18;30.52;44.67;ND;28.52;15.69;NA;NA;ND;NA;NA;NA;
2;1;14.02;24.15;44.45;ND;25.48;34.32;NA;NA;ND;NA;NA;NA;
2;2;17.9;23.43;120.92;ND;26.5;19.2;NA;NA;ND;NA;NA;NA;
2;3;16.9;14.45;76.14;ND;33.54;19.06;NA;NA;ND;NA;NA;NA;
2;4;22.39;23.09;86.07;ND;31.41;34.83;NA;NA;ND;NA;NA;NA;
2;5;21.62;18.94;4.64;ND;32.23;28.11;NA;NA;ND;NA;NA;NA;
2;6;23.44;28.51;13.25;ND;50.93;30.2;NA;NA;ND;NA;NA;NA;
2;7;27.35;20.39;29.32;ND;47.5;51.47;NA;NA;ND;NA;NA;NA;
2;8;26.03;14.83;34.35;ND;49.36;49.4;NA;NA;ND;NA;NA;NA;
2;9;30.95;14.25;116.29;ND;19.76;5.99;NA;NA;ND;NA;NA;NA;
2;10;20.72;15.05;79.54;ND;9.7;22.28;NA;NA;ND;NA;NA;NA;
2;11;12.76;26.21;12.4;ND;26.39;25.64;NA;NA;ND;NA;NA;NA;
2;12;9.73;24.66;25.88;ND;17.28;35.54;NA;NA;ND;NA;NA;NA;
2;13;0.52;6.92;4.15;ND;2.11;16.05;NA;NA;ND;NA;NA;NA;
2;14;5.26;2.91;0.08;ND;0.75;0.01;NA;NA;ND;NA;NA;NA;
2;15;6.19;1.19;16.9;ND;17.94;10.99;NA;NA;ND;NA;NA;NA;
2;16;2.23;8.67;26.6;ND;14.16;26.44;NA;NA;ND;NA;NA;NA;
2;17;10.7;10.21;8.69;ND;6.93;29.45;NA;NA;ND;NA;NA;NA;
2;18;9.64;9.1;11.52;ND;10.43;5.28;NA;NA;ND;NA;NA;NA;
2;19;2.89;7.76;15.03;ND;9.56;11.45;NA;NA;ND;NA;NA;NA;
2;20;12.55;3.15;14.72;ND;13.87;24.19;NA;NA;ND;NA;NA;NA;
2;21;8.96;3.33;7.19;ND;24.59;6.66;NA;NA;ND;NA;NA;NA;
2;22;12.17;3.48;8.72;ND;14.84;5.99;NA;NA;ND;NA;NA;NA;
2;23;6.58;10.16;14.39;ND;15.64;19.34;NA;NA;ND;NA;NA;NA;
3;0;10.63;0.13;ND;ND;18.12;31.87;NA;NA;ND;NA;NA;NA;
3;1;11.22;8.57;ND;ND;9.75;16.58;NA;NA;ND;NA;NA;NA;
3;2;1.7;6.05;5.13;ND;13.7;14.95;NA;NA;ND;NA;NA;NA;
3;3;9.41;4.55;5.91;ND;13.1;15.42;NA;NA;ND;NA;NA;NA;
3;4;21.17;12.23;16.62;ND;13.8;4.36;NA;NA;ND;NA;NA;NA;
3;5;10.01;8.63;24.28;ND;21.9;20.9;NA;NA;ND;NA;NA;NA;
3;6;10.2;15.55;27.14;ND;27.06;18.96;NA;NA;ND;NA;NA;NA;
3;7;17.17;16.43;46.9;ND;53.16;40.22;NA;NA;ND;NA;NA;NA;
3;8;14.17;11.16;42.1;ND;42.1;40.27;NA;NA;ND;NA;NA;NA;
3;9;9.7;8.6;34.45;ND;34.68;13.5;NA;NA;ND;NA;NA;NA;
3;10;16.46;11.75;36.86;ND;19.41;0.26;NA;NA;ND;NA;NA;NA;
3;11;11.54;10.88;46.75;ND;23.73;41.12;NA;NA;ND;NA;NA;NA;
3;12;19.98;13.4;59.32;ND;27.3;33.17;NA;NA;ND;NA;NA;NA;
3;13;18.57;19.48;102.91;ND;ND;27.7;NA;NA;ND;NA;NA;NA;
3;14;6.94;11.66;ND;ND;35.42;19.91;NA;NA;ND;NA;NA;NA;
3;15;3.26;10.21;ND;ND;ND;16.57;NA;NA;ND;NA;NA;NA;
3;16;8.13;11.54;ND;ND;13.45;24.19;NA;NA;ND;NA;NA;NA;
3;17;7.03;3.68;ND;ND;7.86;16.31;NA;NA;ND;NA;NA;NA;
3;18;21.81;15.84;ND;ND;28.54;12.94;NA;NA;ND;NA;NA;NA;
3;19;16.55;13.36;ND;ND;37.43;15.9;NA;NA;ND;NA;NA;NA;
3;20;4.01;8.88;ND;ND;15.41;36.55;NA;NA;ND;NA;NA;NA;
3;21;11.73;7.18;ND;ND;11.9;29.72;NA;NA;ND;NA;NA;NA;
3;22;7.41;4.78;ND;ND;16.51;17.43;NA;NA;ND;NA;NA;NA;
3;23;0;4.17;ND;ND;13.5;8.47;NA;NA;ND;NA;NA;NA;
4;0;10.45;11.74;29.56;ND;2.42;32.22;NA;NA;ND;NA;NA;NA;
4;1;6.91;7.33;55.22;ND;7.41;45.45;NA;NA;ND;NA;NA;NA;
4;2;2.63;5.57;28.07;ND;6.79;1.88;NA;NA;ND;NA;NA;NA;
4;3;4.34;7.28;7.16;ND;4.19;7.61;NA;NA;ND;NA;NA;NA;
4;4;1.89;6.4;58.08;ND;7.27;5.47;NA;NA;ND;NA;NA;NA;
4;5;17.25;6.58;0;ND;6.28;2.74;NA;NA;ND;NA;NA;NA;
4;6;17.56;18.92;24.92;ND;35.29;8.01;NA;NA;ND;NA;NA;NA;
4;7;24.97;19.97;34.48;ND;38.34;24.63;NA;NA;ND;NA;NA;NA;
4;8;26.08;9.79;63.05;ND;36.3;45.24;NA;NA;ND;NA;NA;NA;
4;9;17.56;7.7;36.62;ND;26.63;4.79;NA;NA;ND;NA;NA;NA;
4;10;19.59;10.2;19.7;ND;10.24;21.28;NA;NA;ND;NA;NA;NA;
4;11;21.58;27.15;24.85;ND;26.57;29.89;NA;NA;ND;NA;NA;NA;
4;12;6.54;11.09;49.07;ND;25.73;30.04;NA;NA;ND;NA;NA;NA;
4;13;8.82;11.14;26.96;ND;9.58;25.3;NA;NA;ND;NA;NA;NA;
4;14;12.76;2.49;44.5;ND;34.74;7.08;NA;NA;ND;NA;NA;NA;
4;15;12.54;9.08;3.78;ND;21.57;41.95;NA;NA;ND;NA;NA;NA;
4;16;4.57;9.29;50.24;ND;20.54;16.73;NA;NA;ND;NA;NA;NA;
4;17;16.25;13.71;29.16;ND;10.54;23.28;NA;NA;ND;NA;NA;NA;
4;18;19.11;11.64;19.66;ND;10.96;28.92;NA;NA;ND;NA;NA;NA;
4;19;8.27;8.94;21.24;ND;19.99;32.81;NA;NA;ND;NA;NA;NA;
4;20;3.97;8.85;23.1;ND;32.99;11.06;NA;NA;ND;NA;NA;NA;
4;21;8.68;6.53;12.3;ND;30.77;13.52;NA;NA;ND;NA;NA;NA;
4;22;11.55;3.16;24.84;ND;ND;17.05;NA;NA;ND;NA;NA;NA;
4;23;1.54;2.23;45.4;ND;ND;11.02;NA;NA;ND;NA;NA;NA;
5;0;0.38;12.03;ND;ND;6.18;8.57;NA;NA;ND;NA;NA;NA;
5;1;12.48;5.1;ND;ND;12.75;15.4;NA;NA;ND;NA;NA;NA;
5;2;4.79;7.37;ND;ND;3.75;34.12;NA;NA;ND;NA;NA;NA;
5;3;6.87;2.12;ND;ND;3.1;7.4;NA;NA;ND;NA;NA;NA;
5;4;5.73;7.4;ND;ND;0.22;11.41;NA;NA;ND;NA;NA;NA;
5;5;6.78;1.23;ND;ND;6.19;12.1;NA;NA;ND;NA;NA;NA;
5;6;12.03;10.17;ND;ND;4.76;18.55;NA;NA;ND;NA;NA;NA;
5;7;17.03;11.53;ND;ND;34.12;33.97;NA;NA;ND;NA;NA;NA;
5;8;20.94;11.4;ND;ND;31.74;18.23;NA;NA;ND;NA;NA;NA;
5;9;12.33;13.16;ND;ND;19.42;13.73;NA;NA;ND;NA;NA;NA;
5;10;ND;9.78;ND;ND;25.1;43.51;NA;NA;ND;NA;NA;NA;
5;11;ND;19.97;ND;ND;11.48;14.04;NA;NA;ND;NA;NA;NA;
5;12;33.46;37.06;29.43;ND;22.28;6.95;NA;NA;ND;NA;NA;NA;
5;13;12;ND;27.15;ND;21.16;ND;NA;NA;ND;NA;NA;NA;
5;14;4.43;ND;18.47;ND;16.74;ND;NA;NA;ND;NA;NA;NA;
5;15;5.91;ND;8.02;ND;15.78;11.91;NA;NA;ND;NA;NA;NA;
5;16;11.23;14.89;27.09;ND;12.94;30.37;NA;NA;ND;NA;NA;NA;
5;17;14.61;6.77;24.14;ND;12.56;29.32;NA;NA;ND;NA;NA;NA;
5;18;11.93;5.94;23.56;ND;17.23;17.08;NA;NA;ND;NA;NA;NA;
5;19;10.59;4.5;26.31;ND;7.04;40.06;NA;NA;ND;NA;NA;NA;
5;20;12.04;9.02;20.87;ND;4.73;13.91;NA;NA;ND;NA;NA;NA;
5;21;3.78;4.23;10.21;ND;28.28;15.39;NA;NA;ND;NA;NA;NA;
5;22;5.07;37.87;0.37;ND;24.75;12.76;NA;NA;ND;NA;NA;NA;
5;23;6.37;ND;10.81;ND;18.69;13.87;NA;NA;ND;NA;NA;NA;
6;0;4.24;ND;24.85;ND;4.05;3.48;NA;NA;ND;NA;NA;NA;
6;1;2.38;ND;13.98;ND;5.23;3.73;NA;NA;ND;NA;NA;NA;
6;2;1.53;0.75;0.17;ND;2.51;25.51;NA;NA;ND;NA;NA;NA;
6;3;5.72;4.58;1.46;ND;5.42;8.12;NA;NA;ND;NA;NA;NA;
6;4;3.49;3.59;4.84;ND;2.71;9.45;NA;NA;ND;NA;NA;NA;
6;5;8.17;3.83;10.78;ND;7.13;7.42;NA;NA;ND;NA;NA;NA;
6;6;2.48;5.91;0.92;ND;17.7;9.15;NA;NA;ND;NA;NA;NA;
6;7;15.28;10.72;6.66;ND;20.89;22.27;NA;NA;ND;NA;NA;NA;
6;8;24.47;15.43;7.92;ND;25.86;13.66;NA;NA;ND;NA;NA;NA;
6;9;22.9;5.47;29.22;ND;28.24;8.19;NA;NA;ND;NA;NA;NA;
6;10;16.15;14.06;11.72;ND;17.78;39.14;NA;NA;ND;NA;NA;NA;
6;11;20.04;13.47;15.43;ND;30.47;8.79;NA;NA;ND;NA;NA;NA;
6;12;5.58;14.4;36.6;ND;19.67;16.49;NA;NA;ND;NA;NA;NA;
6;13;12.65;12.11;20.28;ND;16.33;21.35;NA;NA;ND;NA;NA;NA;
6;14;10.6;1.74;11.64;ND;20;43.32;NA;NA;ND;NA;NA;NA;
6;15;13.79;7.99;18.45;ND;1.75;14.84;NA;NA;ND;NA;NA;NA;
6;16;5.31;12.33;15.83;ND;14.13;29.42;NA;NA;ND;NA;NA;NA;
6;17;17.87;17.42;2.65;ND;15.07;12.43;NA;NA;ND;NA;NA;NA;
6;18;17.91;21.25;2.18;ND;18.91;36.06;NA;NA;ND;NA;NA;NA;
6;19;18.3;18.92;4.73;ND;18.01;9.69;NA;NA;ND;NA;NA;NA;
6;20;21.68;15.96;2.05;ND;11.53;8.11;NA;NA;ND;NA;NA;NA;
6;21;5.62;8.59;15.76;ND;11.81;25.92;NA;NA;ND;NA;NA;NA;
6;22;ND;6.78;17.78;ND;9.27;14.18;NA;NA;ND;NA;NA;NA;
6;23;ND;11.65;7.8;ND;3.96;10.45;NA;NA;ND;NA;NA;NA;
7;0;7.55;12.68;4.45;ND;27.35;7.02;NA;NA;ND;NA;NA;NA;
7;1;7.34;13.2;6.58;ND;13.21;2.22;NA;NA;ND;NA;NA;NA;
7;2;11.75;5.22;2.06;ND;12.14;16.55;NA;NA;ND;NA;NA;NA;
7;3;7.92;8.41;2.38;ND;10.51;27.54;NA;NA;ND;NA;NA;NA;
7;4;15.33;4.72;3.14;ND;11.34;8.02;NA;NA;ND;NA;NA;NA;
7;5;10.49;11.86;3.38;ND;31.56;13.91;NA;NA;ND;NA;NA;NA;
7;6;25.34;25.41;8.95;ND;39.28;48.79;NA;NA;ND;NA;NA;NA;
7;7;50.46;31.68;17.89;ND;72.55;73.49;NA;NA;ND;NA;NA;NA;
7;8;47.55;ND;33.44;ND;66.1;45.87;NA;NA;ND;NA;NA;NA;
7;9;38.28;ND;35.44;ND;48.05;18.98;NA;NA;ND;NA;NA;NA;
7;10;23.82;ND;25.71;ND;38.51;33.55;NA;NA;ND;NA;NA;NA;
7;11;15.73;ND;ND;ND;17.04;1.81;NA;NA;ND;NA;NA;NA;
7;12;5.18;ND;15.77;ND;21.09;36.22;NA;NA;ND;NA;NA;NA;
7;13;1.63;ND;15.25;ND;12.65;29.13;NA;NA;ND;NA;NA;NA;
7;14;2.93;ND;23.31;ND;19.04;22.75;NA;NA;ND;NA;NA;NA;
7;15;9.97;ND;17.16;ND;6.19;5.85;NA;NA;ND;NA;NA;NA;
7;16;3.07;ND;13.31;ND;8.48;13.48;NA;NA;ND;NA;NA;NA;
7;17;5.54;ND;20.96;ND;9.17;26.82;NA;NA;ND;NA;NA;NA;
7;18;14.22;ND;26.96;ND;7.53;19.86;NA;NA;ND;NA;NA;NA;
7;19;8.74;ND;13.42;ND;28.19;7.72;NA;NA;ND;NA;NA;NA;
7;20;5.17;ND;16.37;ND;35.02;15.07;NA;NA;ND;NA;NA;NA;
7;21;9.33;ND;16.91;ND;23.71;12.69;NA;NA;ND;NA;NA;NA;
7;22;11.74;ND;11.15;ND;13.94;19.52;NA;NA;ND;NA;NA;NA;
7;23;12.55;ND;ND;ND;8.64;3.77;NA;NA;ND;NA;NA;NA;
8;0;15.65;ND;7.41;ND;4.22;19.76;NA;NA;ND;NA;NA;NA;
8;1;17.05;ND;6.32;ND;14.65;17.08;NA;NA;ND;NA;NA;NA;
8;2;12.51;ND;10.06;ND;15.94;19.55;NA;NA;ND;NA;NA;NA;
8;3;13.7;ND;4.23;ND;16.75;8.15;NA;NA;ND;NA;NA;NA;
8;4;14.72;ND;12.14;ND;11.3;5.44;NA;NA;ND;NA;NA;NA;
8;5;12.49;ND;6.56;ND;26.52;18.74;NA;NA;ND;NA;NA;NA;
8;6;18.56;ND;4.88;ND;47.06;20.37;NA;NA;ND;NA;NA;NA;
8;7;20.97;ND;15.42;ND;53.09;24.01;NA;NA;ND;NA;NA;NA;
8;8;38.17;ND;42.61;ND;69.74;46.22;NA;NA;ND;NA;NA;NA;
8;9;37.2;ND;62.1;ND;78.63;67.68;NA;NA;ND;NA;NA;NA;
8;10;21.59;ND;30.75;ND;74.99;62.04;NA;NA;ND;NA;NA;NA;
8;11;21.48;ND;21.86;ND;40.82;47.38;NA;NA;ND;NA;NA;NA;
8;12;13.65;ND;37.85;ND;25.88;49.09;NA;NA;ND;NA;NA;NA;
8;13;18.19;ND;32.45;ND;5.09;20.28;NA;NA;ND;NA;NA;NA;
8;14;19.94;ND;19.3;ND;29.02;16.17;NA;NA;ND;NA;NA;NA;
8;15;2.71;13.34;3.69;ND;11.87;3.95;NA;NA;ND;NA;NA;NA;
8;16;13.22;16.67;15.51;ND;14.42;28.61;NA;NA;ND;NA;NA;NA;
8;17;2.46;14.23;9.23;ND;22.27;14.06;NA;NA;ND;NA;NA;NA;
8;18;8.87;5.9;18.36;ND;20.58;27.15;NA;NA;ND;NA;NA;NA;
8;19;7.15;18.57;14.96;ND;26.91;13.37;NA;NA;ND;NA;NA;NA;
8;20;13.09;14.48;18.08;ND;17.07;11.69;NA;NA;ND;NA;NA;NA;
8;21;9.89;21.64;13.45;ND;12.32;33.15;NA;NA;ND;NA;NA;NA;
8;22;7.82;11;2.92;ND;9.27;21.35;NA;NA;ND;NA;NA;NA;
8;23;8.42;17.73;6.76;ND;6.21;25.26;NA;NA;ND;NA;NA;NA;
9;0;2.89;25.12;5.07;ND;6.28;9.03;NA;NA;ND;NA;NA;NA;
9;1;15.99;16.91;14.34;ND;6.24;15.23;NA;NA;ND;NA;NA;NA;
9;2;16.03;10.08;10.27;ND;12.8;21.86;NA;NA;ND;NA;NA;NA;
9;3;17.86;8.95;18.56;ND;8.73;17.84;NA;NA;ND;NA;NA;NA;
9;4;10.5;13.06;7.5;ND;16.4;17.26;NA;NA;ND;NA;NA;NA;
9;5;13.44;13.72;12.54;ND;13.01;0.05;NA;NA;ND;NA;NA;NA;
9;6;10.55;15.71;15.6;ND;18.12;26.48;NA;NA;ND;NA;NA;NA;
9;7;15.87;10.77;11.88;ND;23.12;18.29;NA;NA;ND;NA;NA;NA;
9;8;12.48;12.1;22.08;ND;31.09;29.37;NA;NA;ND;NA;NA;NA;
9;9;23.27;14.59;11.79;ND;9.43;46.36;NA;NA;ND;NA;NA;NA;
9;10;16.63;15.29;26.88;ND;20.08;27.84;NA;NA;ND;NA;NA;NA;
9;11;14.76;10.65;12.17;ND;24.09;16.55;NA;NA;ND;NA;NA;NA;
9;12;11.36;11.88;19.87;ND;23.93;24.77;NA;NA;ND;NA;NA;NA;
9;13;11.61;8.51;14.59;ND;20.87;22.2;NA;NA;ND;NA;NA;NA;
9;14;9.66;8.39;13.9;ND;5.35;1.99;NA;NA;ND;NA;NA;NA;
9;15;2.25;7.88;14.36;ND;21.38;6.13;NA;NA;ND;NA;NA;NA;
9;16;5.89;2.96;8.15;ND;12.73;1.99;NA;NA;ND;NA;NA;NA;
9;17;8.17;5.42;12.52;ND;11.07;32.85;NA;NA;ND;NA;NA;NA;
9;18;2.77;8.6;9.5;ND;11.87;30.49;NA;NA;ND;NA;NA;NA;
9;19;4.1;4.85;6.18;ND;11.25;12.33;NA;NA;ND;NA;NA;NA;
9;20;16.11;5.88;17.27;ND;8.18;4.79;NA;NA;ND;NA;NA;NA;
9;21;9.29;11.28;5.47;ND;2.13;10.87;NA;NA;ND;NA;NA;NA;
9;22;5.14;1.86;7.52;ND;3.02;8;NA;NA;ND;NA;NA;NA;
9;23;2.05;1.48;3.38;ND;21.79;17.3;NA;NA;ND;NA;NA;NA;
10;0;9.64;3.38;6.05;ND;14.73;3.02;NA;NA;ND;NA;NA;NA;
10;1;4.9;6.02;9.18;ND;9.37;5.71;NA;NA;ND;NA;NA;NA;
10;2;5.86;5.77;9.76;ND;6.66;30.86;NA;NA;ND;NA;NA;NA;
10;3;7.35;4.29;5.2;ND;7.94;10.25;NA;NA;ND;NA;NA;NA;
10;4;8.44;1.82;2.79;ND;11.59;14.34;NA;NA;ND;NA;NA;NA;
10;5;5.32;7.03;4.36;ND;8.9;14.37;NA;NA;ND;NA;NA;NA;
10;6;12.77;13.23;13.6;ND;32.81;12.06;NA;NA;ND;NA;NA;NA;
10;7;15.02;17.56;25.26;ND;62.45;31.19;NA;NA;ND;NA;NA;NA;
10;8;13.52;13.64;19.13;ND;42.01;62.61;NA;NA;ND;NA;NA;NA;
10;9;17.71;13.98;31.61;ND;26.14;39.22;NA;NA;ND;NA;NA;NA;
10;10;14.26;11.42;17.5;ND;20.08;21.52;NA;NA;ND;NA;NA;NA;
10;11;12.67;10.33;14.94;ND;35.74;30.07;NA;NA;ND;NA;NA;NA;
10;12;1.27;14.56;4.13;ND;21.11;34.96;NA;NA;ND;NA;NA;NA;
10;13;7.19;4.14;27.16;ND;9;8.59;NA;NA;ND;NA;NA;NA;
10;14;2.53;5.31;31.45;ND;2.83;0.28;NA;NA;ND;NA;NA;NA;
10;15;3.75;7.17;ND;ND;7.98;8.88;NA;NA;ND;NA;NA;NA;
10;16;15.17;3.36;ND;ND;8.06;11;NA;NA;ND;NA;NA;NA;
10;17;7.86;6.4;28.16;ND;15.03;11.49;NA;NA;ND;NA;NA;NA;
10;18;8.49;2.56;20.83;ND;18.69;21.15;NA;NA;ND;NA;NA;NA;
10;19;9.01;2.91;15.86;ND;18.9;17.85;NA;NA;ND;NA;NA;NA;
10;20;11.05;2.4;13.21;ND;11.84;32.35;NA;NA;ND;NA;NA;NA;
10;21;13.82;5.47;6.1;ND;15.41;14.42;NA;NA;ND;NA;NA;NA;
10;22;3.3;5.96;11.32;ND;5.73;35.02;NA;NA;ND;NA;NA;NA;
10;23;1.55;1.83;6.68;ND;1.3;10.97;NA;NA;ND;NA;NA;NA;
11;0;1.28;1.01;1.66;ND;0.24;1.22;NA;NA;ND;NA;NA;NA;
11;1;4.95;3.03;14.66;ND;12.68;6.42;NA;NA;ND;NA;NA;NA;
11;2;8.3;4;4.47;ND;0.7;8.64;NA;NA;ND;NA;NA;NA;
11;3;1.09;0.83;4.13;ND;2.22;0;NA;NA;ND;NA;NA;NA;
11;4;3.49;1.24;2.2;ND;6.54;13.5;NA;NA;ND;NA;NA;NA;
11;5;3.35;9.7;2.75;ND;8.53;13.78;NA;NA;ND;NA;NA;NA;
11;6;16.66;5.56;10.74;ND;23.55;13.16;NA;NA;ND;NA;NA;NA;
11;7;17.83;13.12;6.75;ND;22.79;23.53;NA;NA;ND;NA;NA;NA;
11;8;14.52;11.23;14.75;ND;24.68;41.01;NA;NA;ND;NA;NA;NA;
11;9;13.63;11.54;21.49;ND;21.78;33.25;NA;NA;ND;NA;NA;NA;
11;10;23.27;23.12;19.76;ND;23.71;5.2;NA;NA;ND;NA;NA;NA;
11;11;22.43;20.18;28.47;ND;15.07;33.54;NA;NA;ND;NA;NA;NA;
11;12;9.02;17.82;28.39;ND;21.66;36.45;NA;NA;ND;NA;NA;NA;
11;13;14.51;8.13;22.28;ND;19.17;12.7;NA;NA;ND;NA;NA;NA;
11;14;4.41;17.56;25.93;ND;21.34;12.17;NA;NA;ND;NA;NA;NA;
11;15;5.65;12.25;ND;ND;17.25;25.77;NA;NA;ND;NA;NA;NA;
11;16;6.13;6.84;18.08;ND;7.52;24.65;NA;NA;ND;NA;NA;NA;
11;17;14.02;12.82;14.16;ND;2.8;18.91;NA;NA;ND;NA;NA;NA;
11;18;16.29;5.61;20.35;ND;30.18;18.49;NA;NA;ND;NA;NA;NA;
11;19;6.24;15.72;12.18;ND;20.46;14.49;NA;NA;ND;NA;NA;NA;
11;20;21.51;12.11;4.07;ND;15.6;8.14;NA;NA;ND;NA;NA;NA;
11;21;19.78;18.44;15.75;ND;14.36;21.01;NA;NA;ND;NA;NA;NA;
11;22;18.98;19.73;16.97;ND;25.56;13.45;NA;NA;ND;NA;NA;NA;
11;23;12.35;16.42;8.49;ND;7.47;11.02;NA;NA;ND;NA;NA;NA;
12;0;6.59;15.87;17.14;ND;1.91;12.97;NA;NA;ND;NA;NA;NA;
12;1;6.32;9.43;7.8;ND;1.83;19.76;NA;NA;ND;NA;NA;NA;
12;2;4.72;3.77;5.44;ND;6.68;5.99;NA;NA;ND;NA;NA;NA;
12;3;4.5;8.2;0;ND;9.84;7.33;NA;NA;ND;NA;NA;NA;
12;4;4.06;1.13;4.4;ND;1.51;10;NA;NA;ND;NA;NA;NA;
12;5;2.17;1.71;3.97;ND;7.28;2.61;NA;NA;ND;NA;NA;NA;
12;6;13.73;17.74;7.17;ND;22.24;16.2;NA;NA;ND;NA;NA;NA;
12;7;25.18;32.83;25.19;ND;27.75;26.88;NA;NA;ND;NA;NA;NA;
12;8;22.15;ND;62.97;ND;11.78;53.58;NA;NA;ND;NA;NA;NA;
12;9;18.45;ND;ND;ND;15.42;ND;NA;NA;ND;NA;NA;NA;
12;10;14.16;ND;52.16;ND;22.83;ND;NA;NA;ND;NA;NA;NA;
12;11;4.14;ND;24.49;ND;7.65;11.77;NA;NA;ND;NA;NA;NA;
12;12;8.5;ND;16.76;ND;14.1;15.64;NA;NA;ND;NA;NA;NA;
12;13;10.89;ND;19.98;ND;23.61;18.29;NA;NA;ND;NA;NA;NA;
12;14;6.82;ND;24.01;ND;27.51;25.41;NA;NA;ND;NA;NA;NA;
12;15;11.26;ND;26.57;ND;15.64;27.94;NA;NA;ND;NA;NA;NA;
12;16;1.92;ND;ND;ND;16.19;18.07;NA;NA;ND;NA;NA;NA;
12;17;12.21;ND;47.56;ND;10.85;22.55;NA;NA;ND;NA;NA;NA;
12;18;2.07;ND;23.16;ND;10.6;9.05;NA;NA;ND;NA;NA;NA;
12;19;15.01;ND;20.07;ND;8.04;12.45;NA;NA;ND;NA;NA;NA;
12;20;10.99;ND;13.18;ND;17.18;27.09;NA;NA;ND;NA;NA;NA;
12;21;14.01;ND;16.45;ND;7.49;4.95;NA;NA;ND;NA;NA;NA;
12;22;6.64;ND;7.7;ND;16.51;9.1;NA;NA;ND;NA;NA;NA;
12;23;8.07;ND;14.5;ND;10.48;4.88;NA;NA;ND;NA;NA;NA;
13;0;1.31;ND;6.05;ND;16.08;13.52;NA;NA;ND;NA;NA;NA;
13;1;12.25;ND;14.38;ND;7.96;17.02;NA;NA;ND;NA;NA;NA;
13;2;14.51;ND;6.59;ND;23.69;11.59;NA;NA;ND;NA;NA;NA;
13;3;4.82;ND;4.16;ND;13.34;15.59;NA;NA;ND;NA;NA;NA;
13;4;12.17;ND;12.49;ND;2.94;18.95;NA;NA;ND;NA;NA;NA;
13;5;17.14;ND;8.76;ND;30.71;27.93;NA;NA;ND;NA;NA;NA;
13;6;22.38;ND;16.59;ND;31.26;5.62;NA;NA;ND;NA;NA;NA;
13;7;38.7;ND;23.93;ND;25.85;39.4;NA;NA;ND;NA;NA;NA;
13;8;32.54;ND;32.05;ND;36.91;35.98;NA;NA;ND;NA;NA;NA;
13;9;39.85;ND;28.29;ND;21.57;41.07;NA;NA;ND;NA;NA;NA;
13;10;19.78;ND;35.06;ND;32.89;15.72;NA;NA;ND;NA;NA;NA;
13;11;24.89;ND;29.58;ND;16.51;24.22;NA;NA;ND;NA;NA;NA;
13;12;11.71;ND;ND;ND;17.58;ND;NA;NA;ND;NA;NA;NA;
13;13;18.16;ND;38.51;ND;22.95;ND;NA;NA;ND;NA;NA;NA;
13;14;13.27;ND;11.85;ND;36.87;ND;NA;NA;ND;NA;NA;NA;
13;15;7.73;ND;20.02;ND;16.43;ND;NA;NA;ND;NA;NA;NA;
13;16;1.87;12.05;14.23;ND;8.49;ND;NA;NA;ND;NA;NA;NA;
13;17;17.48;10.87;12.01;ND;26;ND;NA;NA;ND;NA;NA;NA;
13;18;7.94;16.56;ND;ND;21.79;ND;NA;NA;ND;NA;NA;NA;
13;19;9.16;15.35;22.13;ND;26.83;2.62;NA;NA;ND;NA;NA;NA;
13;20;14.55;7.17;27.37;ND;32.04;9.5;NA;NA;ND;NA;NA;NA;
13;21;5.16;ND;15.26;ND;10.89;25.14;NA;NA;ND;NA;NA;NA;
13;22;5.67;ND;9.97;ND;8.33;15.83;NA;NA;ND;NA;NA;NA;
13;23;0.11;4.1;2.46;ND;10.66;0;NA;NA;ND;NA;NA;NA;
14;0;0.7;9.6;12.4;ND;1.08;4.21;NA;NA;ND;NA;NA;NA;
14;1;1.42;19.62;4.22;ND;3.48;8.99;NA;NA;ND;NA;NA;NA;
14;2;2.15;16.81;9.5;ND;4.13;3.06;NA;NA;ND;NA;NA;NA;
14;3;2.39;14.97;0.71;ND;6.9;11.21;NA;NA;ND;NA;NA;NA;
14;4;7.37;8.38;3.6;ND;1.53;8.12;NA;NA;ND;NA;NA;NA;
14;5;4.21;13.55;4.5;ND;6.33;16.3;NA;NA;ND;NA;NA;NA;
14;6;5.9;21.86;5.94;ND;19.36;0;NA;NA;ND;NA;NA;NA;
14;7;14.4;25.12;27.53;ND;37.31;56.12;NA;NA;ND;NA;NA;NA;
14;8;12.19;ND;15.67;ND;9.27;30.59;NA;NA;ND;NA;NA;NA;
14;9;26.44;ND;18.78;ND;21.36;31.06;NA;NA;ND;NA;NA;NA;
14;10;28.28;17.46;19.14;ND;11.72;18.42;NA;NA;ND;NA;NA;NA;
14;11;20.49;23.42;ND;ND;19.41;23.56;NA;NA;ND;NA;NA;NA;
14;12;21.06;10.12;26.97;ND;13.03;13.9;NA;NA;ND;NA;NA;NA;
14;13;9.85;12.21;4.96;ND;22.03;19.81;NA;NA;ND;NA;NA;NA;
14;14;9.19;10.59;7.62;ND;17.27;23.35;NA;NA;ND;NA;NA;NA;
14;15;10.64;14.79;17.46;ND;12.19;16.04;NA;NA;ND;NA;NA;NA;
14;16;1.9;7.96;13.37;ND;6.93;32.4;NA;NA;ND;NA;NA;NA;
14;17;16.33;2.8;20.34;ND;25.57;11.62;NA;NA;ND;NA;NA;NA;
14;18;4.35;5.06;21.75;ND;29.66;60.85;NA;NA;ND;NA;NA;NA;
14;19;7.39;2.88;31.84;ND;17.86;10.46;NA;NA;ND;NA;NA;NA;
14;20;7.69;5.62;27.55;ND;23.74;41.28;NA;NA;ND;NA;NA;NA;
14;21;17.49;9.19;17.09;ND;23.98;35.33;NA;NA;ND;NA;NA;NA;
14;22;11.21;17.71;24.12;ND;42.99;9.12;NA;NA;ND;NA;NA;NA;
14;23;16.47;5.08;12.63;ND;24.42;2.15;NA;NA;ND;NA;NA;NA;
15;0;9.51;34.66;14.64;ND;18.81;46.64;NA;NA;ND;NA;NA;NA;
15;1;6.38;11.73;21.03;ND;24.59;30.19;NA;NA;ND;NA;NA;NA;
15;2;4.62;18.1;12.87;ND;25.53;29.11;NA;NA;ND;NA;NA;NA;
15;3;9.15;19.76;13.24;ND;16.65;14.78;NA;NA;ND;NA;NA;NA;
15;4;12.58;21.29;13.66;ND;18.6;17.81;NA;NA;ND;NA;NA;NA;
15;5;15.67;15.2;13.64;ND;28.21;9.83;NA;NA;ND;NA;NA;NA;
15;6;11.27;20.08;8.29;ND;31.24;18.77;NA;NA;ND;NA;NA;NA;
15;7;16.92;31.7;19.06;ND;45.46;11.24;NA;NA;ND;NA;NA;NA;
15;8;24.99;19.61;22.54;ND;37.95;18.38;NA;NA;ND;NA;NA;NA;
15;9;16.69;18.03;18.06;ND;41.44;48.94;NA;NA;ND;NA;NA;NA;
15;10;23.84;14.18;19.62;ND;23.34;13.07;NA;NA;ND;NA;NA;NA;
15;11;19.01;8.27;17.83;ND;22.66;45.44;NA;NA;ND;NA;NA;NA;
15;12;4.77;8.85;19.03;ND;11.52;30.1;NA;NA;ND;NA;NA;NA;
15;13;8.46;5.24;6.94;ND;9.32;15.16;NA;NA;ND;NA;NA;NA;
15;14;6.31;3.98;1.79;ND;16.39;12.52;NA;NA;ND;NA;NA;NA;
15;15;3.69;10.39;18.22;ND;20.34;5.61;NA;NA;ND;NA;NA;NA;
15;16;4.9;11.16;10.13;ND;13.93;29.32;NA;NA;ND;NA;NA;NA;
15;17;5.54;8.35;20.06;ND;6.88;14.15;NA;NA;ND;NA;NA;NA;
15;18;10.68;13.29;15.8;ND;22.97;30.69;NA;NA;ND;NA;NA;NA;
15;19;11.21;13.73;22.6;ND;10.75;3.95;NA;NA;ND;NA;NA;NA;
15;20;4.34;7.88;20.87;ND;4.67;0.09;NA;NA;ND;NA;NA;NA;
15;21;15.16;6.96;7.57;ND;6.3;48.39;NA;NA;ND;NA;NA;NA;
15;22;12.83;3.85;9.43;ND;25.45;0.96;NA;NA;ND;NA;NA;NA;
15;23;36.41;16.01;6.18;ND;17.31;8.97;NA;NA;ND;NA;NA;NA;
16;0;12.85;15.84;10.26;ND;22.16;39.97;NA;NA;ND;NA;NA;NA;
16;1;18.02;13.28;15.5;ND;23.37;34.98;NA;NA;ND;NA;NA;NA;
16;2;9.15;3.68;9.89;ND;24.04;36.87;NA;NA;ND;NA;NA;NA;
16;3;13.05;3.78;22.76;ND;19.2;40.43;NA;NA;ND;NA;NA;NA;
16;4;11.51;9.85;13.53;ND;26.37;42.89;NA;NA;ND;NA;NA;NA;
16;5;13.53;17.14;11.43;ND;26.68;34.45;NA;NA;ND;NA;NA;NA;
16;6;16.81;31.25;19.94;ND;38.18;20.88;NA;NA;ND;NA;NA;NA;
16;7;18.27;37.83;26.67;ND;56.23;61.51;NA;NA;ND;NA;NA;NA;
16;8;19.52;27.09;42.96;ND;70.72;16.16;NA;NA;ND;NA;NA;NA;
16;9;19.08;13.2;29.49;ND;44.5;27.69;NA;NA;ND;NA;NA;NA;
16;10;17.29;18.8;10.57;ND;16.81;12.98;NA;NA;ND;NA;NA;NA;
16;11;10.55;16.63;14.8;ND;14.71;15.3;NA;NA;ND;NA;NA;NA;
16;12;14.21;9.15;8.39;ND;14.89;21.68;NA;NA;ND;NA;NA;NA;
16;13;8.4;10.82;5.65;ND;12.7;6.72;NA;NA;ND;NA;NA;NA;
16;14;10.21;21.57;23.55;ND;23.62;23.25;NA;NA;ND;NA;NA;NA;
16;15;1.78;3.61;3.38;ND;5.73;4.84;NA;NA;ND;NA;NA;NA;
16;16;3.99;0.64;12.94;ND;0.76;11.21;NA;NA;ND;NA;NA;NA;
16;17;15.29;13.84;10.15;ND;20.21;28.23;NA;NA;ND;NA;NA;NA;
16;18;11.8;12.23;14.61;ND;16.47;27.19;NA;NA;ND;NA;NA;NA;
16;19;7.04;12.99;16.14;ND;14.36;17.97;NA;NA;ND;NA;NA;NA;
16;20;12.42;12.95;19.6;ND;21.06;22.28;NA;NA;ND;NA;NA;NA;
16;21;17.19;15.18;17.18;ND;28.23;30.43;NA;NA;ND;NA;NA;NA;
16;22;11.54;16.98;31.58;ND;30.12;45.18;NA;NA;ND;NA;NA;NA;
16;23;9.98;4.82;19.85;ND;23.69;31.37;NA;NA;ND;NA;NA;NA;
17;0;11.84;41.51;ND;ND;45.81;46.04;NA;NA;ND;NA;NA;NA;
17;1;5.69;26.06;ND;ND;32.58;5.65;NA;NA;ND;NA;NA;NA;
17;2;8.5;10.77;ND;ND;29.09;7.77;NA;NA;ND;NA;NA;NA;
17;3;1.99;7.34;ND;ND;23.7;9.78;NA;NA;ND;NA;NA;NA;
17;4;7.4;4.42;ND;ND;20.74;12.73;NA;NA;ND;NA;NA;NA;
17;5;4.29;11.58;ND;ND;31.27;27.76;NA;NA;ND;NA;NA;NA;
17;6;19.36;36.16;ND;ND;34.85;28.39;NA;NA;ND;NA;NA;NA;
17;7;31.45;41.76;ND;ND;39.18;11.1;NA;NA;ND;NA;NA;NA;
17;8;22.97;18.54;33.11;ND;12.98;10.42;NA;NA;ND;NA;NA;NA;
17;9;19.39;18.97;ND;ND;12.81;25.48;NA;NA;ND;NA;NA;NA;
17;10;14.74;15.49;11.8;ND;5.65;13.79;NA;NA;ND;NA;NA;NA;
17;11;10.85;12.34;6.37;ND;8.45;31.31;NA;NA;ND;NA;NA;NA;
17;12;10.18;10.66;9.8;ND;17.04;8.44;NA;NA;ND;NA;NA;NA;
17;13;7.72;16.54;6.63;ND;11.99;23.64;NA;NA;ND;NA;NA;NA;
17;14;3.99;7.76;17.32;ND;25.98;24.64;NA;NA;ND;NA;NA;NA;
17;15;11.71;12.34;ND;ND;20.41;34.37;NA;NA;ND;NA;NA;NA;
17;16;5.25;14.23;ND;ND;6.17;5.26;NA;NA;ND;NA;NA;NA;
17;17;3.08;10.74;ND;ND;12.53;16.21;NA;NA;ND;NA;NA;NA;
17;18;5.15;5.92;ND;ND;15.85;36.21;NA;NA;ND;NA;NA;NA;
17;19;7.09;0.43;ND;ND;23.91;10.33;NA;NA;ND;NA;NA;NA;
17;20;16.64;14.41;ND;ND;38.54;25.09;NA;NA;ND;NA;NA;NA;
17;21;4.04;6.19;ND;ND;14.17;27.19;NA;NA;ND;NA;NA;NA;
17;22;5.27;0.29;ND;ND;9;24.33;NA;NA;ND;NA;NA;NA;
17;23;3.48;2.98;ND;ND;8.76;14.05;NA;NA;ND;NA;NA;NA;
18;0;4.86;8.81;ND;ND;5.12;23.57;NA;NA;ND;NA;NA;NA;
18;1;6.3;0.42;ND;ND;13.39;25.12;NA;NA;ND;NA;NA;NA;
18;2;9.52;8.48;ND;ND;12.87;21.7;NA;NA;ND;NA;NA;NA;
18;3;1.51;7.77;ND;ND;12.7;1.71;NA;NA;ND;NA;NA;NA;
18;4;14.66;1.77;ND;ND;18.55;21.73;NA;NA;ND;NA;NA;NA;
18;5;12.32;3.18;ND;ND;13.45;15.18;NA;NA;ND;NA;NA;NA;
18;6;11.5;14.41;ND;ND;19.46;16.73;NA;NA;ND;NA;NA;NA;
18;7;13.69;21.39;ND;ND;36.49;12.97;NA;NA;ND;NA;NA;NA;
18;8;24.73;32.62;ND;ND;25.08;18.95;NA;NA;ND;NA;NA;NA;
18;9;22.56;9;ND;ND;14.6;11.79;NA;NA;ND;NA;NA;NA;
18;10;18.8;14.82;ND;ND;13.81;30.57;NA;NA;ND;NA;NA;NA;
18;11;5.18;17.93;ND;ND;19.29;8.83;NA;NA;ND;NA;NA;NA;
18;12;12.04;10.09;ND;ND;8.08;26.8;NA;NA;ND;NA;NA;NA;
18;13;11.39;24.02;17.02;ND;10.99;2.39;NA;NA;ND;NA;NA;NA;
18;14;5.65;10.65;9.03;ND;23.67;7.43;NA;NA;ND;NA;NA;NA;
18;15;7.85;9.63;8.4;ND;16.29;29.74;NA;NA;ND;NA;NA;NA;
18;16;4.95;5.53;7.2;ND;14.78;2.21;NA;NA;ND;NA;NA;NA;
18;17;11.24;11.91;14.31;ND;21.46;19.38;NA;NA;ND;NA;NA;NA;
18;18;9.13;17.78;23.22;ND;17.89;55.92;NA;NA;ND;NA;NA;NA;
18;19;18.73;8.86;32.74;ND;16.02;39.4;NA;NA;ND;NA;NA;NA;
18;20;14.01;15.7;21.52;ND;25.21;33.02;NA;NA;ND;NA;NA;NA;
18;21;15.01;8.37;24.65;ND;33.46;34.19;NA;NA;ND;NA;NA;NA;
18;22;17.09;20.73;23.17;ND;19.46;21.99;NA;NA;ND;NA;NA;NA;
18;23;23.11;23.68;17.57;ND;21.12;24.28;NA;NA;ND;NA;NA;NA;
19;0;17.83;26.75;20.41;ND;23.72;24.18;NA;NA;ND;NA;NA;NA;
19;1;22.84;12.93;10.56;ND;27.58;30.3;NA;NA;ND;NA;NA;NA;
19;2;14.05;11.11;20.74;ND;18.5;7.08;NA;NA;ND;NA;NA;NA;
19;3;13.18;12.93;16.68;ND;21.45;41.08;NA;NA;ND;NA;NA;NA;
19;4;7.67;18.02;14.04;ND;19.49;17.57;NA;NA;ND;NA;NA;NA;
19;5;20.92;13.84;16.25;ND;20.97;40.95;NA;NA;ND;NA;NA;NA;
19;6;14.63;14.11;22.15;ND;29.86;8.48;NA;NA;ND;NA;NA;NA;
19;7;11.03;16.84;22.87;ND;28.78;6.92;NA;NA;ND;NA;NA;NA;
19;8;20.6;14.37;30.63;ND;24.9;38.01;NA;NA;ND;NA;NA;NA;
19;9;16.23;15.88;24.04;ND;21.14;29.55;NA;NA;ND;NA;NA;NA;
19;10;10;13.4;27.04;ND;29.49;25.37;NA;NA;ND;NA;NA;NA;
19;11;14.88;23.62;19.17;ND;20.2;11.63;NA;NA;ND;NA;NA;NA;
19;12;14.93;16.91;8.24;ND;18.68;20.02;NA;NA;ND;NA;NA;NA;
19;13;6.91;8.91;15.03;ND;23.93;19.07;NA;NA;ND;NA;NA;NA;
19;14;4.76;12.1;20.07;ND;13.31;5.41;NA;NA;ND;NA;NA;NA;
19;15;20.23;17.95;22.75;ND;19.96;30.74;NA;NA;ND;NA;NA;NA;
19;16;3.66;4.88;20.57;ND;22.47;20.92;NA;NA;ND;NA;NA;NA;
19;17;6.98;16.02;29.84;ND;22.76;18.9;NA;NA;ND;NA;NA;NA;
19;18;16.6;17.16;26.05;ND;21.79;21.64;NA;NA;ND;NA;NA;NA;
19;19;21.13;14.24;21.42;ND;44.73;31.19;NA;NA;ND;NA;NA;NA;
19;20;22.02;7;25.97;ND;36.13;28.93;NA;NA;ND;NA;NA;NA;
19;21;9.5;12.21;23.46;ND;34.48;16.7;NA;NA;ND;NA;NA;NA;
19;22;9.65;13.95;22.09;ND;24.48;13.47;NA;NA;ND;NA;NA;NA;
19;23;18.18;20.09;18.91;ND;13.8;44.3;NA;NA;ND;NA;NA;NA;
20;0;12.95;8.95;23.15;ND;25.34;46.28;NA;NA;ND;NA;NA;NA;
20;1;14.2;5.73;27.48;ND;23.37;33.29;NA;NA;ND;NA;NA;NA;
20;2;14.03;12.02;18.27;ND;23.45;12.32;NA;NA;ND;NA;NA;NA;
20;3;7.96;7.77;19.66;ND;27.01;5.07;NA;NA;ND;NA;NA;NA;
20;4;11.56;6.88;13.98;ND;25.61;22.28;NA;NA;ND;NA;NA;NA;
20;5;11.53;9.42;23.7;ND;24.89;22.21;NA;NA;ND;NA;NA;NA;
20;6;12.89;14.56;18.41;ND;44.73;34.44;NA;NA;ND;NA;NA;NA;
20;7;19.6;25.09;24.6;ND;61.52;33.49;NA;NA;ND;NA;NA;NA;
20;8;9.24;29.06;21.43;ND;49.6;41.02;NA;NA;ND;NA;NA;NA;
20;9;66.34;11.13;25.55;ND;43.26;64.9;NA;NA;ND;NA;NA;NA;
20;10;21.65;29.88;23.32;ND;35.37;46.09;NA;NA;ND;NA;NA;NA;
20;11;21.56;29.91;26.5;ND;39.07;43.63;NA;NA;ND;NA;NA;NA;
20;12;11.35;10.72;19.11;ND;19.27;8.15;NA;NA;ND;NA;NA;NA;
20;13;9.86;12.2;18.56;ND;21.01;19.94;NA;NA;ND;NA;NA;NA;
20;14;9.44;10.02;18.51;ND;20.23;19.54;NA;NA;ND;NA;NA;NA;
20;15;9.82;8.84;12.3;ND;20.3;37.11;NA;NA;ND;NA;NA;NA;
20;16;8.51;4.92;9.3;ND;17.25;7.8;NA;NA;ND;NA;NA;NA;
20;17;13.17;14.62;18.39;ND;16.48;5.5;NA;NA;ND;NA;NA;NA;
20;18;11.63;13.19;28.52;ND;22.06;28.83;NA;NA;ND;NA;NA;NA;
20;19;8.1;9.06;26.7;ND;17.5;18.96;NA;NA;ND;NA;NA;NA;
20;20;24.2;9.97;22.59;ND;30.69;13.86;NA;NA;ND;NA;NA;NA;
20;21;22.83;6.38;18.53;ND;20.37;37.29;NA;NA;ND;NA;NA;NA;
20;22;28.08;21.17;16.73;ND;29.34;21.51;NA;NA;ND;NA;NA;NA;
20;23;21.99;13.94;20.85;ND;24.2;19.97;NA;NA;ND;NA;NA;NA;
21;0;21.51;18.49;20.35;ND;30.97;46.15;NA;NA;ND;NA;NA;NA;
21;1;21.71;20.78;26.98;ND;26.25;20.85;NA;NA;ND;NA;NA;NA;
21;2;21.52;25.64;18.01;ND;24.33;25.38;NA;NA;ND;NA;NA;NA;
21;3;15.38;6.46;19.38;ND;31.26;11.63;NA;NA;ND;NA;NA;NA;
21;4;19.38;22.51;18.34;ND;36.12;11.74;NA;NA;ND;NA;NA;NA;
21;5;18.3;11.57;11.03;ND;30.09;38.98;NA;NA;ND;NA;NA;NA;
21;6;19.48;20.12;3.33;ND;37.21;51.91;NA;NA;ND;NA;NA;NA;
21;7;28.54;22.59;21.41;ND;26.03;46.28;NA;NA;ND;NA;NA;NA;
21;8;24.4;27.76;18.28;ND;30.46;12.15;NA;NA;ND;NA;NA;NA;
21;9;22.14;12.97;20.34;ND;11.99;0;NA;NA;ND;NA;NA;NA;
21;10;16.58;17.07;14.26;ND;8.24;15.29;NA;NA;ND;NA;NA;NA;
21;11;9.5;10.58;19.24;ND;13.14;26.31;NA;NA;ND;NA;NA;NA;
21;12;16;16.56;9.12;ND;23.16;23.05;NA;NA;ND;NA;NA;NA;
21;13;12.44;13.6;11.61;ND;14.31;13.54;NA;NA;ND;NA;NA;NA;
21;14;9.62;13.45;12.46;ND;17.16;14.23;NA;NA;ND;NA;NA;NA;
21;15;10.86;9.37;17.74;ND;15.37;2.93;NA;NA;ND;NA;NA;NA;
21;16;16.07;6.9;19.44;ND;19.06;25.65;NA;NA;ND;NA;NA;NA;
21;17;4.07;9.87;13.83;ND;1.73;23.8;NA;NA;ND;NA;NA;NA;
21;18;9.36;16.09;12.66;ND;21.79;23.75;NA;NA;ND;NA;NA;NA;
21;19;2.91;16.77;20.3;ND;18.28;8.98;NA;NA;ND;NA;NA;NA;
21;20;13.61;8.34;22.3;ND;18.62;11.76;NA;NA;ND;NA;NA;NA;
21;21;10.96;10.76;12.05;ND;15.34;30.8;NA;NA;ND;NA;NA;NA;
21;22;2.63;13.43;13.19;ND;14.81;34.17;NA;NA;ND;NA;NA;NA;
21;23;8.95;12.51;11.5;ND;12.98;0.16;NA;NA;ND;NA;NA;NA;
22;0;15.47;0.49;12.67;ND;8.55;1.15;NA;NA;ND;NA;NA;NA;
22;1;6.09;6.93;22.33;ND;20.1;0.02;NA;NA;ND;NA;NA;NA;
22;2;7.24;10.61;6.77;ND;20.39;15.05;NA;NA;ND;NA;NA;NA;
22;3;12.28;ND;9.59;ND;10.44;41.05;NA;NA;ND;NA;NA;NA;
22;4;12.82;ND;11.81;ND;19.84;18.71;NA;NA;ND;NA;NA;NA;
22;5;20.61;0.41;12.38;ND;24.48;31.37;NA;NA;ND;NA;NA;NA;
22;6;17.75;4.82;9.18;ND;33.89;31.16;NA;NA;ND;NA;NA;NA;
22;7;8.29;20.32;14.92;ND;33.99;10.59;NA;NA;ND;NA;NA;NA;
22;8;20.28;10.05;24.82;ND;16.6;45.24;NA;NA;ND;NA;NA;NA;
22;9;14.44;17.18;28.76;ND;19;14.69;NA;NA;ND;NA;NA;NA;
22;10;17.88;5.82;16.11;ND;10.15;26.47;NA;NA;ND;NA;NA;NA;
22;11;1.46;9.79;13.5;ND;14.13;2.41;NA;NA;ND;NA;NA;NA;
22;12;19.71;6.98;7.62;ND;9.91;6.69;NA;NA;ND;NA;NA;NA;
22;13;8.61;6.74;11.21;ND;14.72;10.99;NA;NA;ND;NA;NA;NA;
22;14;10.31;12.27;9.44;ND;18.99;31.61;NA;NA;ND;NA;NA;NA;
22;15;11.21;8.63;20.19;ND;17.73;35.72;NA;NA;ND;NA;NA;NA;
22;16;10.38;16.64;11.92;ND;11.47;15.69;NA;NA;ND;NA;NA;NA;
22;17;5.34;11.11;18.21;ND;8.68;16.86;NA;NA;ND;NA;NA;NA;
22;18;7.46;8.51;14.61;ND;26.12;18.25;NA;NA;ND;NA;NA;NA;
22;19;15.65;17.49;23.38;ND;35.48;34.65;NA;NA;ND;NA;NA;NA;
22;20;22.71;27.11;19.23;ND;54.04;30.22;NA;NA;ND;NA;NA;NA;
22;21;20.53;28.5;20.24;ND;53.29;19.75;NA;NA;ND;NA;NA;NA;
22;22;18.67;21.69;13.21;ND;67.16;27.09;NA;NA;ND;NA;NA;NA;
22;23;27.03;16.12;6.53;ND;55.8;6.55;NA;NA;ND;NA;NA;NA;
23;0;23.05;25.26;26.58;ND;41.76;54.69;NA;NA;ND;NA;NA;NA;
23;1;17.47;13.88;23.52;ND;37.98;54.14;NA;NA;ND;NA;NA;NA;
23;2;15.54;15.71;19.44;ND;36.92;39.57;NA;NA;ND;NA;NA;NA;
23;3;18.99;24.09;8.64;ND;27.06;23.79;NA;NA;ND;NA;NA;NA;
23;4;11.35;15.23;19.87;ND;27.01;12.26;NA;NA;ND;NA;NA;NA;
23;5;12.84;25.85;6.92;ND;24.03;12.76;NA;NA;ND;NA;NA;NA;
23;6;24.24;23.1;6.85;ND;19.45;4.08;NA;NA;ND;NA;NA;NA;
23;7;3.8;15.46;12.74;ND;13.19;9.11;NA;NA;ND;NA;NA;NA;
23;8;31.35;17.33;9.71;ND;10.1;9.88;NA;NA;ND;NA;NA;NA;
23;9;5.17;8.02;3.02;ND;7.85;15.87;NA;NA;ND;NA;NA;NA;
23;10;7.4;11.5;2.64;ND;2.58;11.03;NA;NA;ND;NA;NA;NA;
23;11;17.68;8.78;4.15;ND;4.63;10.71;NA;NA;ND;NA;NA;NA;
23;12;13.26;17.83;0.46;ND;8.05;13.32;NA;NA;ND;NA;NA;NA;
23;13;12.58;16.95;6.62;ND;12.86;4.95;NA;NA;ND;NA;NA;NA;
23;14;8.57;10.6;4.91;ND;18.31;39.87;NA;NA;ND;NA;NA;NA;
23;15;5.85;11.95;25.63;ND;22.02;26.18;NA;NA;ND;NA;NA;NA;
23;16;12.12;9.91;14.33;ND;14.18;31.9;NA;NA;ND;NA;NA;NA;
23;17;2.12;14.67;16.71;ND;7.35;22.98;NA;NA;ND;NA;NA;NA;
23;18;3.99;7.68;13.62;ND;17.07;10.41;NA;NA;ND;NA;NA;NA;
23;19;5.82;3.91;8.3;ND;19.13;20.51;NA;NA;ND;NA;NA;NA;
23;20;4.6;4.14;17.28;ND;19.58;16.09;NA;NA;ND;NA;NA;NA;
23;21;11;6.58;8.58;ND;11.78;11.88;NA;NA;ND;NA;NA;NA;
23;22;4.72;3.65;10.84;ND;4.76;10.56;NA;NA;ND;NA;NA;NA;
23;23;6.11;6.98;5.3;ND;8.2;14.03;NA;NA;ND;NA;NA;NA;
24;0;0.27;1.93;1.01;ND;17.43;15.56;NA;NA;ND;NA;NA;NA;
24;1;6.16;8.53;11.64;ND;16.34;18.65;NA;NA;ND;NA;NA;NA;
24;2;7.06;3.24;17.57;ND;13.31;4.3;NA;NA;ND;NA;NA;NA;
24;3;8.5;9.79;10;ND;11.51;2.64;NA;NA;ND;NA;NA;NA;
24;4;17.59;10.22;7.18;ND;18.39;21.09;NA;NA;ND;NA;NA;NA;
24;5;18.93;12.25;15.07;ND;15.34;2.75;NA;NA;ND;NA;NA;NA;
24;6;15.06;13.38;14.41;ND;29.41;30.1;NA;NA;ND;NA;NA;NA;
24;7;24.38;21.37;18.28;ND;58.07;66.58;NA;NA;ND;NA;NA;NA;
24;8;20.4;24.12;24.86;ND;70.67;74.11;NA;NA;ND;NA;NA;NA;
24;9;18.94;18.15;18.81;ND;42.96;23.57;NA;NA;ND;NA;NA;NA;
24;10;17.08;9.12;22.57;ND;27.11;16.85;NA;NA;ND;NA;NA;NA;
24;11;11.27;6.61;7.04;ND;10.08;32.33;NA;NA;ND;NA;NA;NA;
24;12;10.83;24.36;8.77;ND;4.7;21.98;NA;NA;ND;NA;NA;NA;
24;13;4.5;20.04;6.33;ND;11.98;12.67;NA;NA;ND;NA;NA;NA;
24;14;8.25;9.62;6.25;ND;9.17;6.01;NA;NA;ND;NA;NA;NA;
24;15;14.59;11.48;ND;ND;12.51;16.16;NA;NA;ND;NA;NA;NA;
24;16;8.72;11.69;14.24;ND;18.5;6.93;NA;NA;ND;NA;NA;NA;
24;17;7.5;3.18;16.82;ND;21.8;9.65;NA;NA;ND;NA;NA;NA;
24;18;10.01;1.94;8.97;ND;21.13;12.01;NA;NA;ND;NA;NA;NA;
24;19;12.77;10.97;16.21;ND;24.82;11.87;NA;NA;ND;NA;NA;NA;
24;20;16.72;12.27;10.28;ND;14.55;13.54;NA;NA;ND;NA;NA;NA;
24;21;19.35;16.87;8.14;ND;22.46;9.82;NA;NA;ND;NA;NA;NA;
24;22;7.88;11.36;13.56;ND;15.58;14.34;NA;NA;ND;NA;NA;NA;
24;23;10.98;5.44;13.41;ND;13.97;22.56;NA;NA;ND;NA;NA;NA;
25;0;14.45;11.47;3.59;ND;15.6;22;NA;NA;ND;NA;NA;NA;
25;1;7.64;32.23;13.21;ND;19.61;9.54;NA;NA;ND;NA;NA;NA;
25;2;4.42;27.59;16.25;ND;19.97;16.5;NA;NA;ND;NA;NA;NA;
25;3;9.83;21.29;15.28;ND;20.97;26.45;NA;NA;ND;NA;NA;NA;
25;4;7.5;26.46;13.84;ND;26;11.29;NA;NA;ND;NA;NA;NA;
25;5;14.9;27.1;11.46;ND;22.35;6.17;NA;NA;ND;NA;NA;NA;
25;6;28.22;44.94;14.89;ND;54.3;50.16;NA;NA;ND;NA;NA;NA;
25;7;42.57;42.84;43.26;ND;94.13;73.81;NA;NA;ND;NA;NA;NA;
25;8;35.2;19.83;49.94;ND;59.87;75.01;NA;NA;ND;NA;NA;NA;
25;9;13.94;7.27;20.12;ND;32.7;15.85;NA;NA;ND;NA;NA;NA;
25;10;16.3;13.26;12.85;ND;19.58;16.8;NA;NA;ND;NA;NA;NA;
25;11;5.6;17.36;11.63;ND;17.53;5.19;NA;NA;ND;NA;NA;NA;
25;12;4.71;14.3;10.08;ND;13.62;49.06;NA;NA;ND;NA;NA;NA;
25;13;18.61;24.52;9.59;ND;12.32;3.6;NA;NA;ND;NA;NA;NA;
25;14;11.89;11.43;13.23;ND;8.92;17.37;NA;NA;ND;NA;NA;NA;
25;15;12.92;14.03;20.35;ND;21.04;6.39;NA;NA;ND;NA;NA;NA;
25;16;5.7;13.99;12.91;ND;17.6;13.53;NA;NA;ND;NA;NA;NA;
25;17;17.5;9.57;17.07;ND;19.4;39.56;NA;NA;ND;NA;NA;NA;
25;18;4.91;4;27.01;ND;20.82;12.56;NA;NA;ND;NA;NA;NA;
25;19;10.74;8.51;35.22;ND;22.19;46.02;NA;NA;ND;NA;NA;NA;
25;20;23.74;3.6;27.2;ND;41.02;36.89;NA;NA;ND;NA;NA;NA;
25;21;11.41;13.38;24.11;ND;30.76;39.44;NA;NA;ND;NA;NA;NA;
25;22;25.73;11.38;ND;ND;29.45;39.82;NA;NA;ND;NA;NA;NA;
25;23;17.02;14.19;ND;ND;29.47;36.32;NA;NA;ND;NA;NA;NA;
26;0;15.94;14.11;21.7;ND;32.24;33.54;NA;NA;ND;NA;NA;NA;
26;1;11.13;5.69;15.67;ND;27.57;23.4;NA;NA;ND;NA;NA;NA;
26;2;13.3;14.25;11.47;ND;20.57;14.89;NA;NA;ND;NA;NA;NA;
26;3;22.03;13.08;16.88;ND;20.06;20.44;NA;NA;ND;NA;NA;NA;
26;4;11.95;16.45;18.12;ND;7.45;7.67;NA;NA;ND;NA;NA;NA;
26;5;24.61;20.53;19.1;ND;16.21;5.82;NA;NA;ND;NA;NA;NA;
26;6;27.3;34.58;26.03;ND;46.27;15.9;NA;NA;ND;NA;NA;NA;
26;7;35.99;46.54;40.51;ND;61.7;66.22;NA;NA;ND;NA;NA;NA;
26;8;41.1;16.65;48.95;ND;49.58;32.46;NA;NA;ND;NA;NA;NA;
26;9;23.05;16.95;29.94;ND;12.04;20.42;NA;NA;ND;NA;NA;NA;
26;10;17.3;9.72;22.81;ND;2.11;19.68;NA;NA;ND;NA;NA;NA;
26;11;27.68;14.98;4.19;ND;13.57;18.92;NA;NA;ND;NA;NA;NA;
26;12;4.2;20.67;2.72;ND;17.52;14.15;NA;NA;ND;NA;NA;NA;
26;13;17.95;21.67;10.11;ND;7.6;11.68;NA;NA;ND;NA;NA;NA;
26;14;14.72;19.91;7.69;ND;13.49;14.23;NA;NA;ND;NA;NA;NA;
26;15;2.12;13.78;12.4;ND;10.51;14.34;NA;NA;ND;NA;NA;NA;
26;16;19.9;15.43;21.4;ND;9.24;2.17;NA;NA;ND;NA;NA;NA;
26;17;4.44;13.06;15.64;ND;11.85;12.59;NA;NA;ND;NA;NA;NA;
26;18;20.88;8.09;20.67;ND;18.64;36.67;NA;NA;ND;NA;NA;NA;
26;19;4.45;10.24;15.17;ND;23.18;10.45;NA;NA;ND;NA;NA;NA;
26;20;6.1;7.65;17.99;ND;31.56;14.31;NA;NA;ND;NA;NA;NA;
26;21;21.61;16.72;31.53;ND;25.88;41.82;NA;NA;ND;NA;NA;NA;
26;22;11.3;18.02;24.43;ND;16.87;34.71;NA;NA;ND;NA;NA;NA;
26;23;14.62;7.98;14.65;ND;25.99;18.83;NA;NA;ND;NA;NA;NA;
27;0;30.16;4.84;25.84;ND;13.97;19.12;NA;NA;ND;NA;NA;NA;
27;1;25.22;18.55;17.41;ND;23.44;9.13;NA;NA;ND;NA;NA;NA;
27;2;23.2;17.5;15.39;ND;16.78;34.43;NA;NA;ND;NA;NA;NA;
27;3;24.44;15.27;15.9;ND;15.27;19.85;NA;NA;ND;NA;NA;NA;
27;4;20.35;5.22;24.69;ND;22.07;22.21;NA;NA;ND;NA;NA;NA;
27;5;24.68;17.64;18.04;ND;28.76;25.32;NA;NA;ND;NA;NA;NA;
27;6;26.74;20.93;28.89;ND;42.7;15.37;NA;NA;ND;NA;NA;NA;
27;7;33.68;17.14;42.25;ND;92.41;56.48;NA;NA;ND;NA;NA;NA;
27;8;40.31;29.42;42.47;ND;40.99;67.06;NA;NA;ND;NA;NA;NA;
27;9;21.25;25.02;34.51;ND;14.29;28.73;NA;NA;ND;NA;NA;NA;
27;10;33.27;30.04;32.04;ND;20.03;21.6;NA;NA;ND;NA;NA;NA;
27;11;15.69;24.46;20.47;ND;30.2;49.26;NA;NA;ND;NA;NA;NA;
27;12;6.64;26.54;ND;ND;8.87;25.02;NA;NA;ND;NA;NA;NA;
27;13;0.63;18.05;ND;ND;22.34;11.27;NA;NA;ND;NA;NA;NA;
27;14;11.16;9.29;ND;ND;23.74;22.46;NA;NA;ND;NA;NA;NA;
27;15;11.89;8.81;19.02;ND;21.63;16.3;NA;NA;ND;NA;NA;NA;
27;16;7.11;13.06;23.13;ND;14.12;31.23;NA;NA;ND;NA;NA;NA;
27;17;11.9;3.89;19.57;ND;18.2;22.47;NA;NA;ND;NA;NA;NA;
27;18;7.09;2.11;27.01;ND;12.51;4.28;NA;NA;ND;NA;NA;NA;
27;19;7.84;5.96;20.31;ND;10.16;18.07;NA;NA;ND;NA;NA;NA;
27;20;13.3;10.06;17.59;ND;22.14;11.43;NA;NA;ND;NA;NA;NA;
27;21;8.63;10.21;15.52;ND;27.68;17.03;NA;NA;ND;NA;NA;NA;
27;22;4.81;9.37;24.01;ND;21.68;3.54;NA;NA;ND;NA;NA;NA;
27;23;14.3;6.09;3.72;ND;6.17;26.52;NA;NA;ND;NA;NA;NA;
28;0;11.79;4.53;7.76;ND;9.25;30.06;NA;NA;ND;NA;NA;NA;
28;1;11.26;10.25;17.53;ND;16.77;14.73;NA;NA;ND;NA;NA;NA;
28;2;16.18;8.89;11.83;ND;10.35;25.64;NA;NA;ND;NA;NA;NA;
28;3;12.77;8.81;12.42;ND;19.92;1.68;NA;NA;ND;NA;NA;NA;
28;4;7.97;9.66;24.27;ND;13.65;5.9;NA;NA;ND;NA;NA;NA;
28;5;14.29;4.31;4.25;ND;15.29;22.13;NA;NA;ND;NA;NA;NA;
28;6;12.95;5.47;17.99;ND;30.33;22.17;NA;NA;ND;NA;NA;NA;
28;7;17.61;16.48;22.28;ND;58.75;8.67;NA;NA;ND;NA;NA;NA;
28;8;23.84;9.3;32.37;ND;57.26;54.91;NA;NA;ND;NA;NA;NA;
28;9;27.61;15.09;34.16;ND;27.69;41.6;NA;NA;ND;NA;NA;NA;
28;10;17.57;9.2;39.68;ND;31.6;48.12;NA;NA;ND;NA;NA;NA;
28;11;15.06;15.83;24.1;ND;29.99;16.43;NA;NA;ND;NA;NA;NA;
28;12;13.52;17.28;18.19;ND;37.97;10.79;NA;NA;ND;NA;NA;NA;
28;13;9.8;21.13;10.08;ND;84.38;12.71;NA;NA;ND;NA;NA;NA;
28;14;11.66;9.59;9.27;ND;2.43;37.95;NA;NA;ND;NA;NA;NA;
28;15;19.44;16.18;15.44;ND;16.1;21.11;NA;NA;ND;NA;NA;NA;
28;16;5.57;15.4;23.8;ND;13.45;32.67;NA;NA;ND;NA;NA;NA;
28;17;9.94;9.58;21.96;ND;13.64;8.64;NA;NA;ND;NA;NA;NA;
28;18;19.58;6.74;28.8;ND;19.2;27.39;NA;NA;ND;NA;NA;NA;
28;19;22.61;14.89;18.65;ND;14.54;9.76;NA;NA;ND;NA;NA;NA;
28;20;17.35;6.53;23.26;ND;23.93;17.86;NA;NA;ND;NA;NA;NA;
28;21;13.24;10.24;15.25;ND;21.3;30.25;NA;NA;ND;NA;NA;NA;
28;22;16.46;6.87;9.53;ND;27.08;15.45;NA;NA;ND;NA;NA;NA;
28;23;12.57;3.2;12.02;ND;11.82;7.9;NA;NA;ND;NA;NA;NA;
29;0;1.61;13.78;7.8;ND;18.25;1.16;NA;NA;ND;NA;NA;NA;
29;1;8.87;7.29;16.3;ND;7.37;15.08;NA;NA;ND;NA;NA;NA;
29;2;4.31;4.04;8.06;ND;3.77;10.09;NA;NA;ND;NA;NA;NA;
29;3;3.77;6.2;5.48;ND;2.75;12.69;NA;NA;ND;NA;NA;NA;
29;4;7.67;6.8;2.6;ND;4.61;10.04;NA;NA;ND;NA;NA;NA;
29;5;6.38;3.95;5.41;ND;12.52;4.81;NA;NA;ND;NA;NA;NA;
29;6;4.19;8.34;0.92;ND;11.47;9.29;NA;NA;ND;NA;NA;NA;
29;7;17.38;8.04;16.43;ND;18.96;1.28;NA;NA;ND;NA;NA;NA;
29;8;11.91;3.84;15.41;ND;23.1;9.38;NA;NA;ND;NA;NA;NA;
29;9;7.02;6.06;10.21;ND;20.8;22.73;NA;NA;ND;NA;NA;NA;
29;10;14.74;14.75;12.59;ND;23.55;23.78;NA;NA;ND;NA;NA;NA;
29;11;17.05;16.05;18;ND;12.31;26.08;NA;NA;ND;NA;NA;NA;
29;12;5.66;5.03;20.14;ND;36.77;33.17;NA;NA;ND;NA;NA;NA;
29;13;5.86;12.62;9.09;ND;8.89;8.98;NA;NA;ND;NA;NA;NA;
29;14;5.47;15.31;8.54;ND;21.21;15.17;NA;NA;ND;NA;NA;NA;
29;15;15.95;3.22;16.83;ND;12.46;31.74;NA;NA;ND;NA;NA;NA;
29;16;4.7;8.39;12.66;ND;10.45;10.24;NA;NA;ND;NA;NA;NA;
29;17;8.71;6.72;18.49;ND;14.55;15.16;NA;NA;ND;NA;NA;NA;
29;18;8.86;12.58;19.62;ND;10.63;55.63;NA;NA;ND;NA;NA;NA;
29;19;4.19;9.98;17.91;ND;8.85;27.59;NA;NA;ND;NA;NA;NA;
29;20;3.51;7.18;16.43;ND;13.85;6.02;NA;NA;ND;NA;NA;NA;
29;21;14.2;5.82;13.39;ND;8.34;14.02;NA;NA;ND;NA;NA;NA;
29;22;8.4;4.71;14.37;ND;11.57;9.89;NA;NA;ND;NA;NA;NA;
29;23;8.45;9.68;13.19;ND;16.12;17.48;NA;NA;ND;NA;NA;NA;
30;0;8.48;4.36;6.34;ND;16.86;27.24;NA;NA;ND;NA;NA;NA;
30;1;11.99;7.98;11.88;ND;17.5;2.19;NA;NA;ND;NA;NA;NA;
30;2;9.46;2.5;5.11;ND;9.09;12.85;NA;NA;ND;NA;NA;NA;
30;3;6.52;4.46;8.04;ND;11.92;10.46;NA;NA;ND;NA;NA;NA;
30;4;3;5.61;4.65;ND;13.95;8.45;NA;NA;ND;NA;NA;NA;
30;5;5.93;2.21;4.5;ND;2.46;4.9;NA;NA;ND;NA;NA;NA;
30;6;4.52;8.2;5.02;ND;17.91;0.82;NA;NA;ND;NA;NA;NA;
30;7;12.52;6.95;9.16;ND;20.58;21.04;NA;NA;ND;NA;NA;NA;
30;8;4.18;13.41;13.96;ND;30.69;6.29;NA;NA;ND;NA;NA;NA;
30;9;12.23;0.62;7.86;ND;22.04;23.51;NA;NA;ND;NA;NA;NA;
30;10;13.58;11.33;8.38;ND;8.56;21.91;NA;NA;ND;NA;NA;NA;
30;11;11.92;14.87;12.76;ND;24.55;15.36;NA;NA;ND;NA;NA;NA;
30;12;14.25;19.46;9.76;ND;14.15;10.68;NA;NA;ND;NA;NA;NA;
30;13;8.29;7.46;5.24;ND;10.22;35.85;NA;NA;ND;NA;NA;NA;
30;14;15.47;8.19;9.72;ND;8.31;4.15;NA;NA;ND;NA;NA;NA;
30;15;8.75;13.08;17.68;ND;18.18;17.64;NA;NA;ND;NA;NA;NA;
30;16;3.43;11.59;20.51;ND;6.75;2.27;NA;NA;ND;NA;NA;NA;
30;17;8.4;3.71;19.27;ND;4.67;7.88;NA;NA;ND;NA;NA;NA;
30;18;10.19;2.73;6.82;ND;14.99;7.79;NA;NA;ND;NA;NA;NA;
30;19;10.25;13.72;16.22;ND;12.17;17.49;NA;NA;ND;NA;NA;NA;
30;20;1.05;1.82;5.78;ND;6.98;18.64;NA;NA;ND;NA;NA;NA;
30;21;4.75;4.1;5.01;ND;13.8;21.11;NA;NA;ND;NA;NA;NA;
30;22;6.59;1.15;10.61;ND;16.79;4.57;NA;NA;ND;NA;NA;NA;
30;23;14.16;3.24;8.24;ND;5.84;8.23;NA;NA;ND;NA;NA;NA;
31;0;0;0;0.58;ND;1.29;2.04;NA;NA;ND;NA;NA;NA;
31;1;0.85;2.63;8.38;ND;7.53;2.08;NA;NA;ND;NA;NA;NA;
31;2;4.34;1.41;1.52;ND;2.27;7.2;NA;NA;ND;NA;NA;NA;
31;3;0.45;2.59;5.65;ND;2.11;13.04;NA;NA;ND;NA;NA;NA;
31;4;7.36;3.79;3.49;ND;5.17;11.1;NA;NA;ND;NA;NA;NA;
31;5;0;4.33;4.14;ND;1.29;6.14;NA;NA;ND;NA;NA;NA;
31;6;1.83;12.31;14.37;ND;21.21;7.59;NA;NA;ND;NA;NA;NA;
31;7;18.48;14.55;37.92;ND;35.02;8.13;NA;NA;ND;NA;NA;NA;
31;8;25.53;10.14;34.09;ND;29.75;11.21;NA;NA;ND;NA;NA;NA;
31;9;24.87;9.18;29.35;ND;19.43;25.06;NA;NA;ND;NA;NA;NA;
31;10;32.78;13.39;14.31;ND;5.66;3.49;NA;NA;ND;NA;NA;NA;
31;11;25.97;24;21.68;ND;17.54;29.48;NA;NA;ND;NA;NA;NA;
31;12;16.08;18.35;24.73;ND;21.29;27.41;NA;NA;ND;NA;NA;NA;
31;13;6.19;16.17;18.66;ND;18.15;28.07;NA;NA;ND;NA;NA;NA;
31;14;5.22;12.99;14.07;ND;14.71;30.25;NA;NA;ND;NA;NA;NA;
31;15;23.98;16.31;21.88;ND;17.65;13.11;NA;NA;ND;NA;NA;NA;
31;16;21.97;12.81;32.43;ND;11.29;23.88;NA;NA;ND;NA;NA;NA;
31;17;11.18;14.78;17.93;ND;13.38;34.91;NA;NA;ND;NA;NA;NA;
31;18;15.55;5.86;17.2;ND;25.4;41.86;NA;NA;ND;NA;NA;NA;
31;19;5.43;7.66;15.4;ND;27.93;14.06;NA;NA;ND;NA;NA;NA;
31;20;7.22;6.56;12.79;ND;37.39;15.5;NA;NA;ND;NA;NA;NA;
31;21;11.32;4.19;14.85;ND;33.47;41.65;NA;NA;ND;NA;NA;NA;
31;22;4.57;6.14;8.15;ND;30.53;5.73;NA;NA;ND;NA;NA;NA;
31;23;5.04;9.41;14.77;ND;11.32;7.57;NA;NA;ND;NA;NA;NA;
