DIA;HORA;Cotocollao;Carapungo;Belisario;Jipijapa;El Camal;Centro;Guamaní;Tumbaco;Los Chillos;El Condado;Turubamba;Chillogallo;
1;0;ND;ND;ND;1.68;ND;0.65;ND;NA;ND;NA;NA;NA;
1;1;0.3;0.72;0.32;1.67;0.68;0.48;0.26;NA;ND;NA;NA;NA;
1;2;0.29;0.67;0.43;1.51;0.58;0.36;0.22;NA;ND;NA;NA;NA;
1;3;0.25;0.86;0.39;1.55;0.55;0.4;0.23;NA;ND;NA;NA;NA;
1;4;0.27;0.91;0.35;1.55;0.71;0.57;0.25;NA;ND;NA;NA;NA;
1;5;0.42;1.12;0.45;2.23;0.9;0.77;0.31;NA;ND;NA;NA;NA;
1;6;0.7;2.5;0.52;3.14;1.71;1.83;0.66;NA;ND;NA;NA;NA;
1;7;1.67;1.54;1.4;3.58;1.99;2.08;0.32;NA;ND;NA;NA;NA;
1;8;0.92;0.93;1.12;2.78;1.44;1.24;0.29;NA;ND;NA;NA;NA;
1;9;0.55;0.53;0.79;2.23;0.92;0.7;0.43;NA;ND;NA;NA;NA;
1;10;0.39;0.49;0.43;1.95;0.5;0.44;0.28;NA;ND;NA;NA;NA;
1;11;0.33;0.47;0.53;1.9;0.49;0.44;0.3;NA;ND;NA;NA;NA;
1;12;0.29;0.48;0.6;1.97;0.39;0.41;0.35;NA;ND;NA;NA;NA;
1;13;0.33;0.43;0.59;1.98;0.42;0.51;0.36;NA;ND;NA;NA;NA;
1;14;0.38;ND;0.56;1.92;0.41;0.58;0.39;NA;ND;NA;NA;NA;
1;15;0.32;0.46;0.69;1.89;0.6;0.52;0.4;NA;ND;NA;NA;NA;
1;16;0.34;0.52;0.77;1.96;0.61;0.52;0.44;NA;ND;NA;NA;NA;
1;17;0.45;0.55;0.91;1.96;0.81;0.66;0.52;NA;ND;NA;NA;NA;
1;18;0.73;0.66;0.62;2.35;0.97;1.02;0.66;NA;ND;NA;NA;NA;
1;19;1.09;0.81;0.82;2.26;1.07;1.15;0.58;NA;ND;NA;NA;NA;
1;20;0.73;0.83;0.92;2.41;0.93;1.11;0.45;NA;ND;NA;NA;NA;
1;21;0.74;0.77;1.1;2.39;1.18;1.21;0.39;NA;ND;NA;NA;NA;
1;22;0.63;0.57;1.26;2.42;0.75;0.68;0.34;NA;ND;NA;NA;NA;
1;23;0.5;0.5;0.73;2.21;0.54;0.58;0.3;NA;ND;NA;NA;NA;
2;0;0.61;ND;0.36;2.23;0.46;ND;0.3;NA;ND;NA;NA;NA;
2;1;0.61;0.53;0.3;2.28;0.44;0.38;0.28;NA;ND;NA;NA;NA;
2;2;0.76;0.59;0.2;1.76;0.43;0.38;0.27;NA;ND;NA;NA;NA;
2;3;0.8;0.51;0.24;2.01;0.36;0.44;0.28;NA;ND;NA;NA;NA;
2;4;0.51;0.53;0.22;2.07;0.33;0.41;0.29;NA;ND;NA;NA;NA;
2;5;0.59;0.94;0.44;2.35;0.73;0.81;0.33;NA;ND;NA;NA;NA;
2;6;0.94;2.69;0.7;3.43;1.82;1.68;0.46;NA;ND;NA;NA;NA;
2;7;1.03;1.27;1.71;3.56;1.65;1.09;0.37;NA;ND;NA;NA;NA;
2;8;0.9;0.69;0.8;2.73;0.95;0.76;0.37;NA;ND;NA;NA;NA;
2;9;0.5;0.56;0.68;2.27;0.51;0.6;0.34;NA;ND;NA;NA;NA;
2;10;0.41;0.47;0.58;2.12;0.43;0.56;0.42;NA;ND;NA;NA;NA;
2;11;0.34;0.45;0.54;1.89;0.42;0.59;0.37;NA;ND;NA;NA;NA;
2;12;0.34;0.46;0.64;1.85;0.46;0.52;0.42;NA;ND;NA;NA;NA;
2;13;0.3;0.45;0.75;1.93;0.48;0.52;0.4;NA;ND;NA;NA;NA;
2;14;0.37;0.51;0.54;1.81;0.52;ND;0.48;NA;ND;NA;NA;NA;
2;15;0.41;0.5;0.69;1.92;0.82;ND;0.55;NA;ND;NA;NA;NA;
2;16;0.38;0.51;0.72;2.01;0.86;ND;0.63;NA;ND;NA;NA;NA;
2;17;0.4;0.48;0.89;2.06;0.9;0.79;0.65;NA;ND;NA;NA;NA;
2;18;0.53;0.54;1.23;2.2;1.27;1.11;0.78;NA;ND;NA;NA;NA;
2;19;0.74;0.68;0.85;2.19;1.33;0.97;0.71;NA;ND;NA;NA;NA;
2;20;1.2;0.65;0.82;2.3;1.25;1.11;0.76;NA;ND;NA;NA;NA;
2;21;1.2;0.65;0.69;2.91;1.12;1.19;0.9;NA;ND;NA;NA;NA;
2;22;0.79;1.01;0.91;3.01;1.27;0.46;0.49;NA;ND;NA;NA;NA;
2;23;0.65;1;1.07;3.05;0.53;0.48;0.32;NA;ND;NA;NA;NA;
3;0;ND;0.84;0.26;2;ND;0.26;ND;NA;ND;NA;NA;NA;
3;1;0.45;0.54;0.26;2.12;0.36;0.24;0.29;NA;ND;NA;NA;NA;
3;2;0.49;0.72;0.22;2.09;0.27;0.2;0.28;NA;ND;NA;NA;NA;
3;3;0.44;0.64;0.35;2.13;0.29;0.24;0.29;NA;ND;NA;NA;NA;
3;4;0.41;0.59;0.32;2.14;0.31;0.31;0.28;NA;ND;NA;NA;NA;
3;5;0.41;0.88;0.54;2.12;0.56;0.53;0.32;NA;ND;NA;NA;NA;
3;6;1.31;1.69;0.64;2.65;1.15;0.68;0.37;NA;ND;NA;NA;NA;
3;7;1.4;1.41;0.77;3.05;1.33;0.77;0.37;NA;ND;NA;NA;NA;
3;8;1.32;1.28;0.83;3.03;0.52;0.82;0.38;NA;ND;NA;NA;NA;
3;9;0.62;0.99;0.65;2.52;0.5;0.62;0.36;NA;ND;NA;NA;NA;
3;10;0.54;0.51;0.63;2.32;0.42;0.53;0.36;NA;ND;NA;NA;NA;
3;11;0.49;0.52;0.62;2.18;0.54;0.45;0.39;NA;ND;NA;NA;NA;
3;12;0.46;0.5;0.69;2.22;0.5;0.44;0.4;NA;ND;NA;NA;NA;
3;13;0.48;0.49;0.65;2.11;0.41;0.38;ND;NA;ND;NA;NA;NA;
3;14;0.49;0.5;0.58;1.95;0.46;0.42;0.5;NA;ND;NA;NA;NA;
3;15;0.55;0.5;0.37;2;0.78;0.51;ND;NA;ND;NA;NA;NA;
3;16;0.49;0.5;0.57;2.04;0.84;0.74;0.65;NA;ND;NA;NA;NA;
3;17;0.48;0.5;0.59;2.08;0.8;0.81;0.69;NA;ND;NA;NA;NA;
3;18;0.55;0.6;0.94;2.24;1.04;1.02;0.81;NA;ND;NA;NA;NA;
3;19;0.74;0.66;1.07;2.47;1.17;1.46;0.83;NA;ND;NA;NA;NA;
3;20;1.04;0.61;1.5;2.44;2;1.66;0.86;NA;ND;NA;NA;NA;
3;21;0.85;0.42;1.58;2.76;2.23;1.75;0.63;NA;ND;NA;NA;NA;
3;22;0.93;ND;1.32;2.53;1.95;1.6;0.48;NA;ND;NA;NA;NA;
3;23;0.94;ND;1.56;2.44;1.98;1.27;0.4;NA;ND;NA;NA;NA;
4;0;0.76;ND;ND;2.65;0.83;ND;0.36;NA;ND;NA;NA;NA;
4;1;0.7;ND;0.67;2.47;0.69;0.28;0.35;NA;ND;NA;NA;NA;
4;2;0.7;ND;0.14;2.1;0.36;0.21;0.34;NA;ND;NA;NA;NA;
4;3;0.72;ND;0.13;1.85;0.42;0.3;0.33;NA;ND;NA;NA;NA;
4;4;0.55;ND;0.21;2.03;0.56;0.37;0.35;NA;ND;NA;NA;NA;
4;5;0.78;ND;0.29;2.02;1.01;0.63;0.37;NA;ND;NA;NA;NA;
4;6;0.86;ND;0.53;2.52;1.99;1.18;0.46;NA;ND;NA;NA;NA;
4;7;1.22;ND;0.94;3.44;1.67;1.09;0.48;NA;ND;NA;NA;NA;
4;8;1.19;ND;0.89;2.87;1.29;0.87;0.43;NA;ND;NA;NA;NA;
4;9;0.69;ND;0.69;2.4;0.51;0.49;0.47;NA;ND;NA;NA;NA;
4;10;0.52;0.62;0.58;2.28;0.49;0.43;0.57;NA;ND;NA;NA;NA;
4;11;0.49;0.58;0.58;2.31;0.47;0.4;0.49;NA;ND;NA;NA;NA;
4;12;0.42;0.54;0.61;2.35;0.44;0.45;0.47;NA;ND;NA;NA;NA;
4;13;0.38;0.53;0.61;2.47;0.48;0.46;0.45;NA;ND;NA;NA;NA;
4;14;0.44;0.49;0.57;2.41;0.38;0.46;0.44;NA;ND;NA;NA;NA;
4;15;0.51;0.53;0.71;2.45;0.34;0.53;0.45;NA;ND;NA;NA;NA;
4;16;0.57;0.57;ND;2.67;0.38;0.61;0.47;NA;ND;NA;NA;NA;
4;17;0.78;0.62;0.94;2.78;0.39;0.69;0.49;NA;ND;NA;NA;NA;
4;18;0.91;0.77;1.04;2.87;0.47;0.78;0.52;NA;ND;NA;NA;NA;
4;19;0.75;0.83;0.76;2.76;0.49;0.95;0.5;NA;ND;NA;NA;NA;
4;20;0.63;0.9;0.49;2.45;0.51;0.73;0.47;NA;ND;NA;NA;NA;
4;21;0.57;0.79;0.43;2.36;0.46;0.57;0.4;NA;ND;NA;NA;NA;
4;22;0.45;0.66;0.33;2.13;0.36;0.4;0.36;NA;ND;NA;NA;NA;
4;23;0.4;0.61;0.27;2.12;0.51;0.33;0.35;NA;ND;NA;NA;NA;
5;0;ND;0.61;0.25;2.05;ND;0.27;ND;NA;ND;NA;NA;NA;
5;1;0.35;0.53;0.22;1.98;0.3;0.22;0.31;NA;ND;NA;NA;NA;
5;2;0.36;0.46;0.22;1.95;0.22;0.2;0.3;NA;ND;NA;NA;NA;
5;3;0.34;0.4;0.21;1.9;0.25;0.21;0.3;NA;ND;NA;NA;NA;
5;4;0.35;0.45;0.19;1.92;0.37;0.27;0.31;NA;ND;NA;NA;NA;
5;5;0.37;0.44;0.22;1.93;0.64;0.37;0.34;NA;ND;NA;NA;NA;
5;6;0.46;0.49;0.3;2.12;0.38;0.59;0.45;NA;ND;NA;NA;NA;
5;7;0.63;0.59;0.47;2.3;0.3;0.58;0.5;NA;ND;NA;NA;NA;
5;8;0.57;0.58;0.48;2.26;0.37;0.46;0.48;NA;ND;NA;NA;NA;
5;9;0.55;0.53;0.46;2.15;0.39;0.31;0.42;NA;ND;NA;NA;NA;
5;10;0.57;0.55;0.5;2.19;0.43;0.34;0.43;NA;ND;NA;NA;NA;
5;11;0.57;0.54;0.49;2.3;0.37;0.4;0.46;NA;ND;NA;NA;NA;
5;12;0.59;0.55;0.5;2.31;0.36;0.35;0.47;NA;ND;NA;NA;NA;
5;13;0.52;0.52;0.49;2.27;0.36;0.4;0.42;NA;ND;NA;NA;NA;
5;14;0.54;0.51;0.45;2.33;0.37;0.37;0.43;NA;ND;NA;NA;NA;
5;15;0.52;0.54;0.45;2.26;0.45;0.35;0.43;NA;ND;NA;NA;NA;
5;16;0.48;0.5;0.42;2.18;0.38;0.33;0.6;NA;ND;NA;NA;NA;
5;17;0.6;0.54;0.48;2.17;0.46;0.37;1.23;NA;ND;NA;NA;NA;
5;18;0.71;0.65;0.64;2.22;0.66;0.39;0.55;NA;ND;NA;NA;NA;
5;19;0.72;0.74;0.5;2.26;0.43;0.62;0.46;NA;ND;NA;NA;NA;
5;20;0.67;0.71;0.45;2.27;0.41;0.43;0.4;NA;ND;NA;NA;NA;
5;21;0.61;0.71;0.4;2.34;0.51;0.44;0.37;NA;ND;NA;NA;NA;
5;22;0.56;0.59;0.42;2.32;0.64;0.54;0.35;NA;ND;NA;NA;NA;
5;23;0.5;0.5;0.36;2.2;0.26;0.33;0.35;NA;ND;NA;NA;NA;
6;0;0.44;ND;ND;2.07;0.21;ND;0.34;NA;ND;NA;NA;NA;
6;1;0.43;0.46;0.26;2.01;0.2;0.22;0.33;NA;ND;NA;NA;NA;
6;2;0.41;0.48;0.23;1.97;0.14;0.15;0.32;NA;ND;NA;NA;NA;
6;3;0.4;0.5;0.21;1.97;0.18;0.15;0.3;NA;ND;NA;NA;NA;
6;4;0.39;0.42;0.19;1.94;0.16;0.17;0.29;NA;ND;NA;NA;NA;
6;5;0.39;0.39;0.2;1.95;0.32;0.26;0.31;NA;ND;NA;NA;NA;
6;6;0.48;0.61;0.24;2.06;0.66;0.36;0.33;NA;ND;NA;NA;NA;
6;7;0.51;0.6;0.32;2.13;0.3;0.43;0.36;NA;ND;NA;NA;NA;
6;8;0.57;0.5;0.45;2.1;0.3;0.4;0.39;NA;ND;NA;NA;NA;
6;9;0.54;0.47;0.37;1.99;0.32;0.23;0.43;NA;ND;NA;NA;NA;
6;10;0.52;0.45;0.34;2.12;0.27;0.18;0.3;NA;ND;NA;NA;NA;
6;11;0.51;0.49;0.43;2.08;0.29;0.16;0.31;NA;ND;NA;NA;NA;
6;12;0.49;0.52;0.44;2.15;0.31;0.23;0.37;NA;ND;NA;NA;NA;
6;13;0.51;0.6;0.58;2.27;0.32;0.23;0.41;NA;ND;NA;NA;NA;
6;14;0.49;0.49;0.43;2.31;0.39;0.25;0.44;NA;ND;NA;NA;NA;
6;15;0.52;0.55;0.43;2.3;0.35;0.3;0.45;NA;ND;NA;NA;NA;
6;16;0.54;0.52;0.46;2.32;0.38;0.31;0.46;NA;ND;NA;NA;NA;
6;17;0.6;0.66;0.47;2.44;0.41;0.34;0.51;NA;ND;NA;NA;NA;
6;18;0.7;0.74;0.69;2.43;0.45;0.48;0.67;NA;ND;NA;NA;NA;
6;19;0.79;0.88;0.75;2.53;0.53;0.59;0.7;NA;ND;NA;NA;NA;
6;20;0.87;0.75;0.59;2.43;0.43;0.59;0.51;NA;ND;NA;NA;NA;
6;21;0.65;0.54;0.38;2.28;0.52;0.35;0.38;NA;ND;NA;NA;NA;
6;22;0.64;0.44;0.31;2.22;0.44;0.31;0.33;NA;ND;NA;NA;NA;
6;23;0.65;0.39;0.26;2.04;0.25;0.2;0.31;NA;ND;NA;NA;NA;
7;0;ND;0.37;0.23;1.99;ND;0.16;ND;NA;ND;NA;NA;NA;
7;1;0.47;0.36;0.21;1.97;0.16;0.14;0.27;NA;ND;NA;NA;NA;
7;2;0.44;0.37;0.21;1.96;0.14;0.13;0.26;NA;ND;NA;NA;NA;
7;3;0.46;0.44;0.2;1.98;0.16;0.14;0.25;NA;ND;NA;NA;NA;
7;4;0.49;0.41;0.26;2.09;0.24;0.17;0.29;NA;ND;NA;NA;NA;
7;5;0.72;0.86;0.38;2.34;0.64;0.26;0.29;NA;ND;NA;NA;NA;
7;6;1.86;2.39;0.79;3.06;2.04;0.57;0.38;NA;ND;NA;NA;NA;
7;7;1.72;1.31;1.17;3.4;1.4;0.64;0.35;NA;ND;NA;NA;NA;
7;8;1.23;1.06;0.94;3.53;0.5;0.65;0.37;NA;ND;NA;NA;NA;
7;9;0.81;0.77;0.89;2.78;0.44;0.52;0.33;NA;ND;NA;NA;NA;
7;10;0.58;0.54;0.69;2.56;0.39;0.32;0.35;NA;ND;NA;NA;NA;
7;11;0.54;0.57;0.61;2.49;ND;0.34;0.38;NA;ND;NA;NA;NA;
7;12;0.48;0.52;0.63;2.43;ND;0.38;0.41;NA;ND;NA;NA;NA;
7;13;0.56;0.49;0.71;2.42;ND;0.33;0.39;NA;ND;NA;NA;NA;
7;14;0.64;0.57;0.62;2.38;0.39;0.37;0.44;NA;ND;NA;NA;NA;
7;15;0.62;0.59;0.77;2.48;0.59;0.51;0.49;NA;ND;NA;NA;NA;
7;16;0.58;0.59;0.69;2.47;0.77;0.63;0.62;NA;ND;NA;NA;NA;
7;17;0.64;0.56;0.77;2.58;0.89;0.75;0.8;NA;ND;NA;NA;NA;
7;18;0.67;0.66;1.04;2.73;1.17;1.33;0.94;NA;ND;NA;NA;NA;
7;19;0.7;0.7;1.14;2.78;1.41;1.68;0.95;NA;ND;NA;NA;NA;
7;20;1.03;0.76;0.98;2.8;1.31;1.5;1.04;NA;ND;NA;NA;NA;
7;21;1.12;0.72;0.99;2.7;0.98;1.05;0.83;NA;ND;NA;NA;NA;
7;22;0.75;0.71;0.54;2.54;1.12;1.18;0.81;NA;ND;NA;NA;NA;
7;23;0.66;1.02;0.53;2.7;1.08;0.92;0.59;NA;ND;NA;NA;NA;
8;0;0.5;ND;ND;2.79;0.95;ND;0.39;NA;ND;NA;NA;NA;
8;1;0.47;0.9;0.35;2.95;0.83;0.42;0.34;NA;ND;NA;NA;NA;
8;2;0.56;0.83;0.29;2.55;0.71;0.55;0.31;NA;ND;NA;NA;NA;
8;3;0.67;0.73;0.37;2.4;0.56;0.5;0.3;NA;ND;NA;NA;NA;
8;4;0.75;0.93;0.29;2.36;0.48;0.35;0.31;NA;ND;NA;NA;NA;
8;5;0.98;0.83;0.43;2.56;0.75;0.73;0.37;NA;ND;NA;NA;NA;
8;6;1.78;2.9;1.29;3.55;2.32;1.32;0.48;NA;ND;NA;NA;NA;
8;7;1.98;2.06;1.1;3.66;2.77;0.92;0.46;NA;ND;NA;NA;NA;
8;8;1.31;1.04;1.15;3.06;0.94;0.98;0.37;NA;ND;NA;NA;NA;
8;9;0.76;0.64;0.75;2.71;ND;0.64;0.38;NA;ND;NA;NA;NA;
8;10;0.56;0.62;0.65;2.47;ND;0.6;0.4;NA;ND;NA;NA;NA;
8;11;0.52;0.51;0.68;2.32;ND;0.47;0.42;NA;ND;NA;NA;NA;
8;12;0.53;0.59;0.72;2.36;ND;0.5;0.48;NA;ND;NA;NA;NA;
8;13;0.52;0.52;0.86;2.73;ND;0.46;0.44;NA;ND;NA;NA;NA;
8;14;0.56;0.5;0.83;2.59;ND;0.46;0.45;NA;ND;NA;NA;NA;
8;15;0.63;0.54;0.82;2.88;ND;0.5;0.5;NA;ND;NA;NA;NA;
8;16;0.69;0.7;0.86;2.74;0.67;0.59;0.59;NA;ND;NA;NA;NA;
8;17;0.69;0.64;1;2.87;0.97;0.87;0.59;NA;ND;NA;NA;NA;
8;18;0.78;0.78;1.16;2.9;1.42;1.09;0.85;NA;ND;NA;NA;NA;
8;19;0.78;0.82;0.99;2.95;1.53;1.11;0.92;NA;ND;NA;NA;NA;
8;20;1.1;0.85;0.49;2.8;1.08;0.72;1.05;NA;ND;NA;NA;NA;
8;21;1.25;0.91;0.41;2.77;0.97;0.54;0.76;NA;ND;NA;NA;NA;
8;22;1.19;0.97;0.43;2.71;0.88;0.67;0.84;NA;ND;NA;NA;NA;
8;23;0.69;1.12;0.42;2.58;0.73;0.89;0.97;NA;ND;NA;NA;NA;
9;0;ND;0.97;0.37;2.69;1.08;0.75;ND;NA;ND;NA;NA;NA;
9;1;0.69;0.98;0.41;2.55;0.87;0.76;0.5;NA;ND;NA;NA;NA;
9;2;0.55;0.81;0.63;2.54;0.75;0.65;0.4;NA;ND;NA;NA;NA;
9;3;0.64;0.71;0.58;2.6;0.74;0.63;0.34;NA;ND;NA;NA;NA;
9;4;0.72;0.77;0.62;2.74;0.73;0.55;0.4;NA;ND;NA;NA;NA;
9;5;1;1.04;0.66;2.89;0.95;0.89;0.5;NA;ND;NA;NA;NA;
9;6;2.36;2.14;1.11;3.13;1.89;1.62;0.6;NA;ND;NA;NA;NA;
9;7;2.53;1.9;1.73;3.87;2.2;1.59;0.54;NA;ND;NA;NA;NA;
9;8;1.14;0.87;1.72;3.87;0.79;0.98;0.46;NA;ND;NA;NA;NA;
9;9;1.09;0.77;0.82;3.35;0.69;0.71;0.59;NA;ND;NA;NA;NA;
9;10;0.63;0.56;0.72;2.85;0.55;0.56;0.48;NA;ND;NA;NA;NA;
9;11;0.65;0.57;0.69;2.67;0.68;0.6;ND;NA;ND;NA;NA;NA;
9;12;0.72;0.56;0.81;2.67;0.69;0.64;ND;NA;ND;NA;NA;NA;
9;13;0.67;0.55;0.71;2.6;0.85;0.76;ND;NA;ND;NA;NA;NA;
9;14;ND;0.53;0.48;2.7;0.74;0.82;ND;NA;ND;NA;NA;NA;
9;15;ND;0.55;0.61;2.56;0.86;0.77;0.43;NA;ND;NA;NA;NA;
9;16;0.42;0.54;0.67;2.69;0.94;0.72;0.44;NA;ND;NA;NA;NA;
9;17;0.45;0.55;0.92;2.78;1.06;1.06;0.63;NA;ND;NA;NA;NA;
9;18;ND;0.64;1.5;2.94;1.18;1.52;0.75;NA;ND;NA;NA;NA;
9;19;0.68;0.71;1.29;2.98;1.22;1.67;0.83;NA;ND;NA;NA;NA;
9;20;0.62;0.61;1.2;2.87;1.39;1.49;0.72;NA;ND;NA;NA;NA;
9;21;0.75;0.67;1.07;2.76;0.81;0.9;0.66;NA;ND;NA;NA;NA;
9;22;0.65;0.83;1.16;2.62;0.83;0.97;0.61;NA;ND;NA;NA;NA;
9;23;0.74;0.91;0.76;2.79;0.93;0.87;0.89;NA;ND;NA;NA;NA;
10;0;0.63;ND;ND;2.71;ND;ND;0.53;NA;ND;NA;NA;NA;
10;1;0.46;0.76;0.47;2.55;0.94;0.84;ND;NA;ND;NA;NA;NA;
10;2;0.46;0.59;0.4;2.5;0.97;0.79;0.25;NA;ND;NA;NA;NA;
10;3;0.37;0.63;0.39;2.44;0.93;0.84;0.27;NA;ND;NA;NA;NA;
10;4;0.36;0.5;0.39;2.43;0.68;0.64;0.41;NA;ND;NA;NA;NA;
10;5;0.54;0.7;0.49;2.6;0.65;0.61;0.97;NA;ND;NA;NA;NA;
10;6;1.25;1.18;0.91;2.78;1.31;1.16;1.36;NA;ND;NA;NA;NA;
10;7;1.23;1.37;1.88;3.25;1.61;2.08;0.93;NA;ND;NA;NA;NA;
10;8;0.82;0.84;1.76;3.48;1.99;2.19;0.39;NA;ND;NA;NA;NA;
10;9;0.56;0.54;1.61;3.43;1.38;1.43;1.07;NA;ND;NA;NA;NA;
10;10;0.56;0.61;0.73;3.17;0.61;0.57;0.86;NA;ND;NA;NA;NA;
10;11;0.43;ND;0.74;2.83;0.58;0.59;0.63;NA;ND;NA;NA;NA;
10;12;0.4;ND;0.63;2.67;0.46;0.53;0.39;NA;ND;NA;NA;NA;
10;13;0.4;ND;0.63;2.83;0.45;0.5;0.31;NA;ND;NA;NA;NA;
10;14;0.4;ND;0.67;2.92;0.49;0.58;0.32;NA;ND;NA;NA;NA;
10;15;0.41;0.39;0.74;2.77;0.51;0.63;0.36;NA;ND;NA;NA;NA;
10;16;0.43;0.38;0.6;2.7;0.84;0.7;0.46;NA;ND;NA;NA;NA;
10;17;0.54;0.34;0.9;2.9;1.07;0.84;0.77;NA;ND;NA;NA;NA;
10;18;0.73;0.44;1.11;3.19;1.37;1.17;0.98;NA;ND;NA;NA;NA;
10;19;0.9;0.49;1.33;3.18;1.29;1.43;0.96;NA;ND;NA;NA;NA;
10;20;1.1;0.5;0.8;3.32;1.35;0.84;0.64;NA;ND;NA;NA;NA;
10;21;1.27;0.45;0.67;2.81;1.11;0.92;0.61;NA;ND;NA;NA;NA;
10;22;0.54;0.35;0.4;2.8;0.8;0.73;0.47;NA;ND;NA;NA;NA;
10;23;0.44;0.28;0.4;2.72;0.64;0.43;0.61;NA;ND;NA;NA;NA;
11;0;ND;0.24;0.45;2.64;0.52;0.64;0.39;NA;ND;NA;NA;NA;
11;1;0.27;0.19;0.37;2.67;0.51;0.53;0.26;NA;ND;NA;NA;NA;
11;2;0.32;0.15;0.48;2.75;0.33;0.34;0.2;NA;ND;NA;NA;NA;
11;3;0.3;0.17;0.36;2.71;0.37;0.38;0.23;NA;ND;NA;NA;NA;
11;4;0.41;0.27;0.27;2.65;0.49;0.39;0.19;NA;ND;NA;NA;NA;
11;5;0.57;0.7;0.34;2.58;1.28;0.66;0.28;NA;ND;NA;NA;NA;
11;6;1.91;2.04;0.82;3.51;2.8;1.75;0.39;NA;ND;NA;NA;NA;
11;7;1.18;1.99;1;3.53;2.47;2.15;0.29;NA;ND;NA;NA;NA;
11;8;0.6;0.39;0.79;3.18;0.56;0.78;0.28;NA;ND;NA;NA;NA;
11;9;0.41;0.27;0.65;2.88;0.38;0.52;0.24;NA;ND;NA;NA;NA;
11;10;0.33;0.22;0.66;2.96;0.33;0.53;0.24;NA;ND;NA;NA;NA;
11;11;0.38;0.35;0.68;2.99;0.3;0.5;0.26;NA;ND;NA;NA;NA;
11;12;0.38;0.34;0.7;3.04;0.34;0.54;0.29;NA;ND;NA;NA;NA;
11;13;0.43;0.34;0.61;2.98;0.36;0.62;0.28;NA;ND;NA;NA;NA;
11;14;0.39;0.18;0.55;3.06;0.38;0.5;0.33;NA;ND;NA;NA;NA;
11;15;0.37;0.21;0.67;3.32;0.37;0.53;0.78;NA;ND;NA;NA;NA;
11;16;0.37;0.22;0.8;3.16;0.41;0.55;0.42;NA;ND;NA;NA;NA;
11;17;0.48;0.26;0.82;3.51;0.43;0.7;0.47;NA;ND;NA;NA;NA;
11;18;0.69;0.44;1.17;4.23;0.81;0.89;0.54;NA;ND;NA;NA;NA;
11;19;0.83;0.66;0.87;3.39;1.04;0.92;0.53;NA;ND;NA;NA;NA;
11;20;0.8;0.51;0.87;3.16;0.88;0.9;0.56;NA;ND;NA;NA;NA;
11;21;0.65;0.43;0.73;2.83;0.83;0.81;0.38;NA;ND;NA;NA;NA;
11;22;0.69;0.33;0.74;2.91;0.61;0.91;0.26;NA;ND;NA;NA;NA;
11;23;0.61;0.24;0.72;2.86;0.48;0.81;0.23;NA;ND;NA;NA;NA;
12;0;0.4;0.21;ND;2.81;ND;ND;ND;NA;ND;NA;NA;NA;
12;1;0.41;0.22;0.41;2.88;0.27;0.43;0.22;NA;ND;NA;NA;NA;
12;2;0.51;0.47;0.43;2.87;0.3;0.45;0.21;NA;ND;NA;NA;NA;
12;3;0.58;0.42;0.4;2.88;0.32;0.5;0.2;NA;ND;NA;NA;NA;
12;4;0.64;0.61;0.36;2.73;0.27;0.55;0.21;NA;ND;NA;NA;NA;
12;5;0.84;0.43;0.35;2.67;0.62;0.57;0.24;NA;ND;NA;NA;NA;
12;6;0.84;0.78;0.52;2.88;0.98;0.76;0.37;NA;ND;NA;NA;NA;
12;7;0.79;0.52;0.79;3.17;0.65;0.87;0.34;NA;ND;NA;NA;NA;
12;8;0.59;0.38;0.87;3.26;0.5;0.87;0.38;NA;ND;NA;NA;NA;
12;9;0.55;0.32;0.74;3.09;0.57;0.65;0.33;NA;ND;NA;NA;NA;
12;10;0.49;0.24;0.54;3.08;0.78;0.55;0.33;NA;ND;NA;NA;NA;
12;11;0.46;0.26;0.55;3;0.53;0.55;0.35;NA;ND;NA;NA;NA;
12;12;0.38;0.28;0.56;2.97;0.68;0.57;0.37;NA;ND;NA;NA;NA;
12;13;0.42;0.26;0.6;2.98;0.68;0.59;0.37;NA;ND;NA;NA;NA;
12;14;0.43;0.31;0.63;2.9;0.73;0.63;0.57;NA;ND;NA;NA;NA;
12;15;0.42;0.29;0.67;2.9;0.84;0.73;0.64;NA;ND;NA;NA;NA;
12;16;0.65;0.29;0.54;2.9;0.91;0.73;0.68;NA;ND;NA;NA;NA;
12;17;0.48;0.28;0.64;2.92;0.94;0.8;0.75;NA;ND;NA;NA;NA;
12;18;0.61;0.37;0.87;3;1.2;1.19;1.01;NA;ND;NA;NA;NA;
12;19;0.9;0.39;0.99;3.12;1.97;1.35;1.2;NA;ND;NA;NA;NA;
12;20;0.89;0.41;1.23;3.66;2.18;1.67;0.48;NA;ND;NA;NA;NA;
12;21;0.9;0.67;1.18;3.27;0.7;1.04;0.38;NA;ND;NA;NA;NA;
12;22;1.59;0.92;0.8;3.32;0.8;0.83;0.29;NA;ND;NA;NA;NA;
12;23;1.45;1.15;0.53;3.82;0.69;0.73;0.25;NA;ND;NA;NA;NA;
13;0;ND;ND;0.65;3.28;0.86;0.7;0.24;NA;ND;NA;NA;NA;
13;1;0.85;1.36;0.63;3.17;0.47;0.54;0.23;NA;ND;NA;NA;NA;
13;2;0.8;0.85;0.63;3.35;0.53;0.61;0.18;NA;ND;NA;NA;NA;
13;3;0.79;0.59;0.55;3.42;0.51;0.45;0.17;NA;ND;NA;NA;NA;
13;4;0.72;0.64;0.52;3.46;0.54;0.5;0.15;NA;ND;NA;NA;NA;
13;5;0.65;0.7;0.46;3.25;0.54;0.52;0.16;NA;ND;NA;NA;NA;
13;6;1.11;1.35;0.94;3.55;1.03;0.62;0.2;NA;ND;NA;NA;NA;
13;7;0.71;0.64;0.65;3.15;1.17;0.66;0.56;NA;ND;NA;NA;NA;
13;8;0.55;0.36;0.59;3.14;0.69;0.58;0.55;NA;ND;NA;NA;NA;
13;9;0.62;0.33;0.47;2.87;0.51;0.57;0.51;NA;ND;NA;NA;NA;
13;10;0.54;0.23;0.65;2.87;0.51;0.49;0.41;NA;ND;NA;NA;NA;
13;11;0.4;0.15;0.62;2.76;0.43;0.43;0.34;NA;ND;NA;NA;NA;
13;12;0.42;0.21;0.48;2.72;0.49;0.49;0.29;NA;ND;NA;NA;NA;
13;13;0.47;0.26;0.59;2.67;0.61;0.52;0.34;NA;ND;NA;NA;NA;
13;14;0.46;0.23;0.54;2.71;1.06;0.89;0.43;NA;ND;NA;NA;NA;
13;15;0.44;0.31;0.52;2.7;1.46;0.74;0.59;NA;ND;NA;NA;NA;
13;16;0.43;0.27;0.58;2.75;1.21;0.7;0.83;NA;ND;NA;NA;NA;
13;17;0.5;0.31;0.71;2.88;1.01;0.76;0.78;NA;ND;NA;NA;NA;
13;18;0.57;0.37;0.98;3.01;1.27;0.95;0.86;NA;ND;NA;NA;NA;
13;19;0.66;0.52;1.3;3.13;1.35;1.12;0.91;NA;ND;NA;NA;NA;
13;20;1.28;0.41;1.17;3.26;1.04;0.79;0.68;NA;ND;NA;NA;NA;
13;21;1.32;0.39;0.87;3.4;0.82;1.09;0.38;NA;ND;NA;NA;NA;
13;22;1.34;0.45;1.04;3.41;1.02;0.84;0.34;NA;ND;NA;NA;NA;
13;23;0.73;0.38;0.51;3.15;0.69;0.62;0.3;NA;ND;NA;NA;NA;
14;0;0.67;0.55;ND;3.1;ND;ND;ND;NA;ND;NA;NA;NA;
14;1;0.58;0.57;1;3.12;0.54;0.47;0.26;NA;ND;NA;NA;NA;
14;2;0.55;0.47;1.01;3.03;0.5;0.46;0.26;NA;ND;NA;NA;NA;
14;3;0.49;0.28;0.88;2.99;0.52;0.59;0.26;NA;ND;NA;NA;NA;
14;4;0.51;0.32;0.78;3.08;0.54;0.69;0.27;NA;ND;NA;NA;NA;
14;5;0.74;0.78;1.11;3.21;0.82;0.63;0.35;NA;ND;NA;NA;NA;
14;6;2.33;2.88;1.34;3.87;1.94;1.05;0.44;NA;ND;NA;NA;NA;
14;7;1.61;1.94;1.4;4.64;1.28;1.05;0.39;NA;ND;NA;NA;NA;
14;8;0.95;0.49;1.55;4.35;0.86;0.85;0.34;NA;ND;NA;NA;NA;
14;9;0.95;0.51;1.37;3.52;0.72;0.83;0.34;NA;ND;NA;NA;NA;
14;10;0.67;0.32;0.92;3.32;0.87;0.96;0.34;NA;ND;NA;NA;NA;
14;11;0.51;ND;0.75;3.36;0.76;0.75;0.36;NA;ND;NA;NA;NA;
14;12;0.45;0.26;0.83;2.78;0.83;0.64;0.37;NA;ND;NA;NA;NA;
14;13;0.48;0.18;0.8;2.76;0.9;0.68;0.48;NA;ND;NA;NA;NA;
14;14;0.46;0.12;0.6;2.76;1.13;0.69;0.61;NA;ND;NA;NA;NA;
14;15;0.46;0.2;0.57;2.78;0.97;0.93;0.72;NA;ND;NA;NA;NA;
14;16;0.47;0.29;0.54;3.04;1.02;1;0.76;NA;ND;NA;NA;NA;
14;17;0.59;0.29;0.88;3.25;1.16;1.3;0.69;NA;ND;NA;NA;NA;
14;18;0.58;0.36;0.98;3.43;1.32;1.7;0.76;NA;ND;NA;NA;NA;
14;19;0.63;0.38;1.77;3.54;1.36;1.68;0.83;NA;ND;NA;NA;NA;
14;20;0.64;0.36;1.37;3.46;1.16;1.22;0.72;NA;ND;NA;NA;NA;
14;21;0.75;0.35;1.1;3.58;1.08;1;0.66;NA;ND;NA;NA;NA;
14;22;0.66;0.36;0.97;3.41;0.97;0.93;0.57;NA;ND;NA;NA;NA;
14;23;0.59;0.46;0.79;3.35;0.81;0.84;0.55;NA;ND;NA;NA;NA;
15;0;ND;ND;0.64;3.35;0.89;0.86;0.6;NA;ND;NA;NA;NA;
15;1;0.65;0.56;0.66;3.35;0.84;0.78;0.47;NA;ND;NA;NA;NA;
15;2;0.54;0.56;0.63;3.22;0.81;0.67;0.44;NA;ND;NA;NA;NA;
15;3;0.66;0.53;0.68;3.25;0.93;0.65;0.45;NA;ND;NA;NA;NA;
15;4;0.52;0.68;0.67;3.22;0.98;0.67;0.43;NA;ND;NA;NA;NA;
15;5;0.69;0.97;0.77;3.45;1.56;1.08;1.26;NA;ND;NA;NA;NA;
15;6;1.55;1.29;2.03;4.37;2.48;2.21;1.26;NA;ND;NA;NA;NA;
15;7;2.09;1.33;2.8;5.1;2.73;2.12;0.49;NA;ND;NA;NA;NA;
15;8;1.65;0.64;1.41;4.26;1.77;1;0.36;NA;ND;NA;NA;NA;
15;9;0.87;0.43;1.13;3.52;1.09;1.07;0.32;NA;ND;NA;NA;NA;
15;10;0.56;0.23;0.89;3.28;0.96;0.85;0.37;NA;ND;NA;NA;NA;
15;11;0.5;0.28;0.67;3.05;0.85;0.81;0.42;NA;ND;NA;NA;NA;
15;12;0.49;0.33;0.74;2.97;1.05;0.82;0.61;NA;ND;NA;NA;NA;
15;13;0.4;0.23;0.64;3;0.96;0.77;0.49;NA;ND;NA;NA;NA;
15;14;0.39;0.16;0.95;3.13;0.84;0.8;0.47;NA;ND;NA;NA;NA;
15;15;0.44;0.17;1.23;3.26;0.92;0.82;0.56;NA;ND;NA;NA;NA;
15;16;0.5;0.28;1.14;3.92;1.13;0.85;0.5;NA;ND;NA;NA;NA;
15;17;0.83;0.29;1.48;4.24;0.95;1.01;0.68;NA;ND;NA;NA;NA;
15;18;0.9;0.26;1.64;4.02;1.04;1.14;0.72;NA;ND;NA;NA;NA;
15;19;0.85;0.38;1.15;4.08;0.99;0.98;0.55;NA;ND;NA;NA;NA;
15;20;0.77;0.57;1.09;3.79;0.9;0.96;0.62;NA;ND;NA;NA;NA;
15;21;0.6;ND;0.89;3.59;0.81;0.88;0.66;NA;ND;NA;NA;NA;
15;22;0.57;ND;0.77;3.51;0.95;0.87;0.49;NA;ND;NA;NA;NA;
15;23;0.6;ND;0.63;3.43;0.75;0.73;0.49;NA;ND;NA;NA;NA;
16;0;0.53;ND;ND;3.33;ND;ND;ND;NA;ND;NA;NA;NA;
16;1;0.46;ND;0.54;3.26;0.57;0.63;0.49;NA;ND;NA;NA;NA;
16;2;0.45;ND;0.53;3.21;0.59;0.57;0.51;NA;ND;NA;NA;NA;
16;3;0.45;ND;0.51;3.27;0.59;0.59;0.5;NA;ND;NA;NA;NA;
16;4;0.48;ND;0.54;3.23;0.66;0.63;0.59;NA;ND;NA;NA;NA;
16;5;0.56;ND;0.66;3.38;0.85;0.82;0.87;NA;ND;NA;NA;NA;
16;6;1.02;ND;1;3.73;1.82;1.71;1.16;NA;ND;NA;NA;NA;
16;7;1.32;ND;1.79;4.16;2.22;2.52;1.18;NA;ND;NA;NA;NA;
16;8;1.29;ND;2.32;4.4;2.06;2.39;1.02;NA;ND;NA;NA;NA;
16;9;0.71;ND;2.09;4.34;1.71;2.08;0.54;NA;ND;NA;NA;NA;
16;10;0.58;ND;1.28;3.68;ND;1.27;0.48;NA;ND;NA;NA;NA;
16;11;0.48;ND;1.1;3.5;0.98;1.16;0.51;NA;ND;NA;NA;NA;
16;12;0.46;0.53;0.97;3.45;0.81;0.9;0.63;NA;ND;NA;NA;NA;
16;13;0.45;0.61;0.97;3.5;0.71;0.81;0.77;NA;ND;NA;NA;NA;
16;14;0.45;0.6;0.92;3.51;0.8;0.81;0.74;NA;ND;NA;NA;NA;
16;15;0.44;0.78;1.08;3.52;0.98;0.88;0.82;NA;ND;NA;NA;NA;
16;16;0.49;0.72;1.4;3.72;1;1.17;0.8;NA;ND;NA;NA;NA;
16;17;0.73;0.78;2.22;5.24;1;1.6;0.84;NA;ND;NA;NA;NA;
16;18;0.95;0.97;2.29;4.7;1.21;1.5;0.88;NA;ND;NA;NA;NA;
16;19;1.43;1.22;2.3;5;1.45;1.87;1.31;NA;ND;NA;NA;NA;
16;20;1.08;1.27;1.89;5.05;1.51;1.99;0.88;NA;ND;NA;NA;NA;
16;21;1;1.02;1.87;4.21;1.57;1.66;1.07;NA;ND;NA;NA;NA;
16;22;0.91;0.87;1.74;4.45;1.5;1.27;1.07;NA;ND;NA;NA;NA;
16;23;0.8;0.81;1.34;4.21;0.99;1.16;0.96;NA;ND;NA;NA;NA;
17;0;ND;ND;1.39;3.82;0.98;1.46;0.81;NA;ND;NA;NA;NA;
17;1;0.6;0.73;1.09;3.73;1.02;1.37;0.62;NA;ND;NA;NA;NA;
17;2;0.5;0.76;0.98;3.88;1;1.23;0.46;NA;ND;NA;NA;NA;
17;3;0.56;0.84;0.84;3.61;0.71;0.94;0.42;NA;ND;NA;NA;NA;
17;4;0.6;0.91;0.91;3.58;0.46;0.76;0.4;NA;ND;NA;NA;NA;
17;5;0.81;0.86;0.82;3.7;0.87;0.87;0.5;NA;ND;NA;NA;NA;
17;6;1.37;2.03;1.55;4.4;2.65;2.33;0.98;NA;ND;NA;NA;NA;
17;7;2.55;2.34;1.99;5.93;2.19;1.59;0.66;NA;ND;NA;NA;NA;
17;8;1.22;1.09;1.01;4.37;0.96;1.08;0.44;NA;ND;NA;NA;NA;
17;9;0.81;1.02;1.17;4.13;0.58;1.03;0.41;NA;ND;NA;NA;NA;
17;10;0.57;0.92;0.99;4.06;0.56;0.79;0.43;NA;ND;NA;NA;NA;
17;11;0.58;0.75;0.95;4.09;0.48;0.74;0.49;NA;ND;NA;NA;NA;
17;12;0.53;0.69;0.97;3.87;0.49;0.69;0.45;NA;ND;NA;NA;NA;
17;13;0.41;0.75;0.9;3.76;0.49;0.68;0.46;NA;ND;NA;NA;NA;
17;14;0.46;0.77;ND;3.59;0.59;0.81;0.48;NA;ND;NA;NA;NA;
17;15;0.51;0.74;ND;3.85;0.72;ND;0.5;NA;ND;NA;NA;NA;
17;16;0.7;0.98;ND;4.22;0.59;ND;0.51;NA;ND;NA;NA;NA;
17;17;0.93;1.29;1.83;4.39;1.31;1.84;0.79;NA;ND;NA;NA;NA;
17;18;1.74;1.47;3.26;5.36;1.86;2.4;1.01;NA;ND;NA;NA;NA;
17;19;1.94;1.78;2.42;6.35;1.34;1.99;1.04;NA;ND;NA;NA;NA;
17;20;1.72;2.73;2.65;8.04;1.82;2.58;1.06;NA;ND;NA;NA;NA;
17;21;2.01;3.04;2.27;6.64;2.66;2.21;0.95;NA;ND;NA;NA;NA;
17;22;1.13;ND;1.04;8.11;2.27;1.8;0.45;NA;ND;NA;NA;NA;
17;23;2.65;3.08;0.74;5.39;1.64;1.31;0.33;NA;ND;NA;NA;NA;
18;0;1.67;2.08;ND;4.49;ND;ND;ND;NA;ND;NA;NA;NA;
18;1;1.17;1.86;0.41;3.79;0.51;0.42;0.31;NA;ND;NA;NA;NA;
18;2;0.76;1.45;0.4;4.61;0.52;0.43;0.29;NA;ND;NA;NA;NA;
18;3;0.65;1.26;0.46;4.13;0.5;0.51;0.3;NA;ND;NA;NA;NA;
18;4;0.94;1.26;0.28;3.49;0.45;0.39;0.31;NA;ND;NA;NA;NA;
18;5;0.8;1.46;0.34;3.48;0.72;0.62;0.35;NA;ND;NA;NA;NA;
18;6;1.46;1.93;0.77;3.99;1.56;0.81;0.52;NA;ND;NA;NA;NA;
18;7;1.64;1.89;1;4.48;1.47;1.11;0.48;NA;ND;NA;NA;NA;
18;8;0.96;1.06;0.96;4.5;0.76;0.83;0.39;NA;ND;NA;NA;NA;
18;9;0.65;0.82;0.85;4.07;0.45;0.65;0.38;NA;ND;NA;NA;NA;
18;10;0.5;0.58;0.82;3.92;0.47;0.53;0.38;NA;ND;NA;NA;NA;
18;11;0.47;0.61;0.8;3.93;0.49;0.44;ND;NA;ND;NA;NA;NA;
18;12;0.46;0.65;0.81;3.96;0.48;0.55;ND;NA;ND;NA;NA;NA;
18;13;0.48;0.68;0.79;3.89;0.44;0.5;1.1;NA;ND;NA;NA;NA;
18;14;0.43;0.63;0.65;ND;0.4;0.44;1.17;NA;ND;NA;NA;NA;
18;15;0.43;0.53;0.66;ND;0.5;0.54;0.88;NA;ND;NA;NA;NA;
18;16;0.47;0.58;0.77;ND;0.62;0.7;0.67;NA;ND;NA;NA;NA;
18;17;0.67;0.66;0.97;ND;0.89;0.87;0.68;NA;ND;NA;NA;NA;
18;18;0.86;0.92;0.95;ND;1.3;0.92;0.74;NA;ND;NA;NA;NA;
18;19;0.97;0.89;0.97;ND;0.85;1.2;0.91;NA;ND;NA;NA;NA;
18;20;0.99;1.01;1;ND;1.42;1.49;0.52;NA;ND;NA;NA;NA;
18;21;0.95;1;1.05;ND;1.96;1.35;1.02;NA;ND;NA;NA;NA;
18;22;0.93;0.84;0.66;ND;1.41;0.84;0.83;NA;ND;NA;NA;NA;
18;23;0.81;0.73;0.6;ND;1.86;0.57;0.49;NA;ND;NA;NA;NA;
19;0;ND;ND;0.44;ND;1.64;1.06;0.37;NA;ND;NA;NA;NA;
19;1;0.88;1.16;0.53;ND;1.3;1.26;0.35;NA;ND;NA;NA;NA;
19;2;1.11;1;0.94;ND;0.98;1.08;0.28;NA;ND;NA;NA;NA;
19;3;0.88;1.23;0.9;ND;0.93;1.17;0.31;NA;ND;NA;NA;NA;
19;4;0.62;1.22;1.03;ND;0.77;1.18;0.35;NA;ND;NA;NA;NA;
19;5;0.68;1.13;0.79;ND;1.7;1.71;0.99;NA;ND;NA;NA;NA;
19;6;0.78;2.4;1.37;ND;1.67;2.22;1.11;NA;ND;NA;NA;NA;
19;7;0.55;1.08;2.03;ND;2.83;2.56;0.71;NA;ND;NA;NA;NA;
19;8;0.65;0.67;0.58;ND;1.51;2.03;0.48;NA;ND;NA;NA;NA;
19;9;0.56;0.67;0.53;ND;0.73;0.54;0.41;NA;ND;NA;NA;NA;
19;10;0.53;0.63;0.59;ND;0.43;0.41;0.44;NA;ND;NA;NA;NA;
19;11;0.49;0.65;0.57;ND;0.44;0.44;0.43;NA;ND;NA;NA;NA;
19;12;0.5;0.69;0.56;ND;0.42;0.45;0.44;NA;ND;NA;NA;NA;
19;13;0.51;0.67;0.57;ND;0.43;0.5;0.47;NA;ND;NA;NA;NA;
19;14;0.47;0.65;0.63;ND;0.52;0.49;0.5;NA;ND;NA;NA;NA;
19;15;0.42;0.66;0.59;ND;0.56;0.47;0.53;NA;ND;NA;NA;NA;
19;16;0.45;0.68;0.6;ND;0.55;0.51;0.54;NA;ND;NA;NA;NA;
19;17;0.54;0.65;0.67;ND;0.56;0.52;0.52;NA;ND;NA;NA;NA;
19;18;0.68;0.78;0.82;ND;0.68;0.55;0.65;NA;ND;NA;NA;NA;
19;19;0.87;1.06;0.67;ND;0.72;0.55;0.79;NA;ND;NA;NA;NA;
19;20;0.72;0.98;0.7;ND;0.66;0.56;1.13;NA;ND;NA;NA;NA;
19;21;0.83;0.94;0.66;ND;0.91;0.79;0.81;NA;ND;NA;NA;NA;
19;22;0.8;0.75;0.64;ND;0.93;1.06;0.43;NA;ND;NA;NA;NA;
19;23;0.56;0.66;0.52;ND;0.76;0.78;0.46;NA;ND;NA;NA;NA;
20;0;0.44;0.65;ND;ND;ND;ND;ND;NA;ND;NA;NA;NA;
20;1;0.54;0.71;0.4;ND;1.11;1.01;0.31;NA;ND;NA;NA;NA;
20;2;0.55;0.72;0.38;ND;0.95;0.89;0.28;NA;ND;NA;NA;NA;
20;3;0.54;0.78;0.37;ND;0.96;0.4;0.28;NA;ND;NA;NA;NA;
20;4;0.53;0.98;0.3;ND;0.69;0.6;0.28;NA;ND;NA;NA;NA;
20;5;0.62;0.78;0.43;ND;1.15;0.68;0.29;NA;ND;NA;NA;NA;
20;6;0.77;1.03;0.38;ND;0.82;0.59;0.36;NA;ND;NA;NA;NA;
20;7;0.72;0.88;0.54;ND;0.86;0.55;0.41;NA;ND;NA;NA;NA;
20;8;0.45;0.7;0.52;ND;0.34;0.48;0.45;NA;ND;NA;NA;NA;
20;9;0.43;0.6;0.43;ND;0.31;0.32;0.35;NA;ND;NA;NA;NA;
20;10;0.43;0.61;0.56;ND;0.28;0.31;0.35;NA;ND;NA;NA;NA;
20;11;0.43;0.57;0.48;ND;0.31;0.29;0.36;NA;ND;NA;NA;NA;
20;12;0.44;0.62;0.47;ND;0.35;0.29;0.42;NA;ND;NA;NA;NA;
20;13;0.43;0.58;0.62;ND;0.29;0.31;0.42;NA;ND;NA;NA;NA;
20;14;0.48;0.69;0.52;ND;0.32;0.33;0.42;NA;ND;NA;NA;NA;
20;15;0.48;0.62;0.56;ND;0.41;0.38;0.45;NA;ND;NA;NA;NA;
20;16;0.5;0.63;0.57;ND;0.41;0.42;0.5;NA;ND;NA;NA;NA;
20;17;0.54;0.64;0.61;ND;0.56;0.47;0.56;NA;ND;NA;NA;NA;
20;18;0.67;0.67;0.55;ND;0.71;0.75;0.88;NA;ND;NA;NA;NA;
20;19;0.57;0.74;0.53;ND;0.76;0.74;0.88;NA;ND;NA;NA;NA;
20;20;0.71;0.77;0.55;ND;0.84;0.51;0.68;NA;ND;NA;NA;NA;
20;21;0.84;0.72;0.6;ND;0.64;0.59;0.81;NA;ND;NA;NA;NA;
20;22;0.69;0.83;0.57;ND;0.65;0.8;0.95;NA;ND;NA;NA;NA;
20;23;0.48;0.75;0.47;ND;0.65;0.79;0.91;NA;ND;NA;NA;NA;
21;0;ND;ND;0.52;ND;0.64;0.64;0.4;NA;ND;NA;NA;NA;
21;1;0.39;0.74;0.67;ND;0.71;0.68;0.33;NA;ND;NA;NA;NA;
21;2;0.41;0.76;0.53;ND;0.5;0.42;0.31;NA;ND;NA;NA;NA;
21;3;0.47;0.73;0.31;ND;0.36;0.32;0.31;NA;ND;NA;NA;NA;
21;4;0.55;0.68;0.39;ND;0.32;0.39;0.32;NA;ND;NA;NA;NA;
21;5;0.65;0.95;0.5;ND;0.71;0.73;0.39;NA;ND;NA;NA;NA;
21;6;1.02;2.34;0.99;ND;1.47;1.31;0.59;NA;ND;NA;NA;NA;
21;7;1.16;1.7;1.25;ND;1.25;1.59;0.56;NA;ND;NA;NA;NA;
21;8;0.91;0.74;1.52;ND;1.36;1.74;0.44;NA;ND;NA;NA;NA;
21;9;0.72;0.67;1.39;ND;1.07;1.1;0.42;NA;ND;NA;NA;NA;
21;10;0.53;0.64;ND;ND;0.49;0.48;0.41;NA;ND;NA;NA;NA;
21;11;0.48;0.65;ND;ND;0.53;0.48;0.83;NA;ND;NA;NA;NA;
21;12;0.48;0.64;ND;ND;0.52;0.5;0.69;NA;ND;NA;NA;NA;
21;13;0.51;0.68;ND;ND;0.69;0.66;0.53;NA;ND;NA;NA;NA;
21;14;0.48;0.57;0.68;ND;0.81;0.59;0.68;NA;ND;NA;NA;NA;
21;15;0.49;0.58;0.62;ND;0.68;0.58;0.62;NA;ND;NA;NA;NA;
21;16;0.49;0.57;0.47;ND;0.76;0.54;0.64;NA;ND;NA;NA;NA;
21;17;0.57;0.72;0.52;ND;0.86;0.76;0.72;NA;ND;NA;NA;NA;
21;18;0.66;0.84;1.28;ND;0.94;1.47;0.88;NA;ND;NA;NA;NA;
21;19;0.82;0.85;1.7;ND;1.21;1.08;1.02;NA;ND;NA;NA;NA;
21;20;0.96;0.76;1.65;ND;1.37;1.32;0.83;NA;ND;NA;NA;NA;
21;21;0.91;0.67;1.4;ND;0.92;1.22;0.88;NA;ND;NA;NA;NA;
21;22;1.05;0.69;1.24;ND;1;1.18;1.46;NA;ND;NA;NA;NA;
21;23;1.19;0.65;0.91;ND;1.11;1.06;0.79;NA;ND;NA;NA;NA;
22;0;1;0.72;ND;ND;ND;ND;ND;NA;ND;NA;NA;NA;
22;1;0.78;0.81;0.72;ND;0.76;0.89;0.5;NA;ND;NA;NA;NA;
22;2;0.66;0.74;0.74;ND;0.81;0.88;0.34;NA;ND;NA;NA;NA;
22;3;0.69;0.76;0.64;ND;0.8;0.89;0.33;NA;ND;NA;NA;NA;
22;4;0.75;0.8;0.61;ND;0.83;0.94;0.34;NA;ND;NA;NA;NA;
22;5;0.98;1.14;0.92;ND;1.07;1.23;0.66;NA;ND;NA;NA;NA;
22;6;2;1.58;1.25;ND;1.52;1.78;0.86;NA;ND;NA;NA;NA;
22;7;1.48;1.55;1.88;ND;3.06;2.76;0.49;NA;ND;NA;NA;NA;
22;8;1.29;1.32;2.21;ND;1.33;1.45;0.38;NA;ND;NA;NA;NA;
22;9;1.16;0.97;1.34;ND;0.53;0.72;0.41;NA;ND;NA;NA;NA;
22;10;0.5;ND;0.78;ND;0.47;0.68;0.44;NA;ND;NA;NA;NA;
22;11;0.46;ND;0.66;ND;0.38;0.5;0.53;NA;ND;NA;NA;NA;
22;12;0.48;0.44;0.72;ND;0.41;0.51;0.5;NA;ND;NA;NA;NA;
22;13;0.53;0.59;0.87;ND;0.43;0.53;0.79;NA;ND;NA;NA;NA;
22;14;0.51;ND;0.82;ND;0.46;0.6;1.43;NA;ND;NA;NA;NA;
22;15;0.46;0.52;0.79;ND;0.49;0.72;1.08;NA;ND;NA;NA;NA;
22;16;0.5;0.31;0.94;ND;0.53;0.59;0.65;NA;ND;NA;NA;NA;
22;17;0.55;0.42;1.13;ND;0.66;0.66;0.71;NA;ND;NA;NA;NA;
22;18;0.93;0.74;1.51;ND;1.07;0.89;0.77;NA;ND;NA;NA;NA;
22;19;1.14;0.7;1.33;ND;0.97;1.26;0.62;NA;ND;NA;NA;NA;
22;20;0.88;0.75;1.69;ND;1.15;1.23;0.54;NA;ND;NA;NA;NA;
22;21;1.09;0.76;1.11;ND;0.95;0.78;0.47;NA;ND;NA;NA;NA;
22;22;0.78;0.63;0.77;ND;0.74;0.69;0.39;NA;ND;NA;NA;NA;
22;23;0.5;0.34;0.46;ND;0.61;0.61;0.37;NA;ND;NA;NA;NA;
23;0;ND;ND;0.52;ND;0.41;0.38;0.33;NA;ND;NA;NA;NA;
23;1;0.41;0.56;0.32;ND;0.27;0.36;0.36;NA;ND;NA;NA;NA;
23;2;0.4;0.58;0.34;ND;0.18;0.33;0.33;NA;ND;NA;NA;NA;
23;3;0.48;0.49;0.29;ND;0.16;0.33;0.32;NA;ND;NA;NA;NA;
23;4;0.55;0.51;0.33;ND;0.24;0.41;0.32;NA;ND;NA;NA;NA;
23;5;0.76;0.95;0.54;ND;0.51;0.61;0.4;NA;ND;NA;NA;NA;
23;6;1.98;2.71;1.87;ND;2.13;1.08;0.5;NA;ND;NA;NA;NA;
23;7;1.64;1.28;1.34;ND;1.58;1.1;0.48;NA;ND;NA;NA;NA;
23;8;1.14;0.44;1;ND;0.68;0.67;0.42;NA;ND;NA;NA;NA;
23;9;0.64;0.27;0.64;ND;0.33;0.52;0.45;NA;ND;NA;NA;NA;
23;10;0.53;0.22;0.65;ND;0.31;ND;0.44;NA;ND;NA;NA;NA;
23;11;0.52;0.27;0.73;ND;0.4;ND;0.46;NA;ND;NA;NA;NA;
23;12;0.53;0.36;0.68;ND;0.4;ND;0.47;NA;ND;NA;NA;NA;
23;13;0.5;0.34;0.74;ND;0.36;0.5;0.45;NA;ND;NA;NA;NA;
23;14;0.51;0.29;0.64;ND;0.31;0.43;0.49;NA;ND;NA;NA;NA;
23;15;0.5;0.35;0.7;ND;0.33;ND;0.48;NA;ND;NA;NA;NA;
23;16;0.54;0.34;0.76;ND;0.49;0.7;0.54;NA;ND;NA;NA;NA;
23;17;0.58;0.31;0.99;ND;0.46;0.75;0.56;NA;ND;NA;NA;NA;
23;18;0.69;0.38;1.18;ND;0.48;0.88;0.6;NA;ND;NA;NA;NA;
23;19;0.69;0.37;1.38;ND;0.54;1.14;0.56;NA;ND;NA;NA;NA;
23;20;0.56;0.44;1.03;ND;0.73;0.97;0.5;NA;ND;NA;NA;NA;
23;21;0.6;0.36;0.98;ND;0.5;0.77;0.44;NA;ND;NA;NA;NA;
23;22;0.76;0.48;0.46;ND;0.66;0.62;0.41;NA;ND;NA;NA;NA;
23;23;0.76;0.31;0.39;ND;0.32;0.5;0.38;NA;ND;NA;NA;NA;
24;0;0.6;0.23;ND;ND;ND;ND;ND;NA;ND;NA;NA;NA;
24;1;0.42;0.17;0.28;ND;0.11;0.34;0.33;NA;ND;NA;NA;NA;
24;2;0.43;0.19;0.27;ND;0.11;0.35;0.31;NA;ND;NA;NA;NA;
24;3;0.37;0.27;0.25;ND;0.12;0.33;0.31;NA;ND;NA;NA;NA;
24;4;0.45;0.38;0.27;ND;0.2;0.4;0.33;NA;ND;NA;NA;NA;
24;5;0.57;0.45;0.33;ND;0.5;0.5;0.37;NA;ND;NA;NA;NA;
24;6;1.07;1.82;0.66;ND;1.38;0.82;0.45;NA;ND;NA;NA;NA;
24;7;0.96;1.05;0.86;ND;1.15;0.84;0.43;NA;ND;NA;NA;NA;
24;8;0.78;0.44;0.74;ND;0.73;0.65;0.41;NA;ND;NA;NA;NA;
24;9;0.55;0.25;0.71;ND;0.3;0.55;0.4;NA;ND;NA;NA;NA;
24;10;0.53;0.28;0.69;ND;0.27;0.49;0.42;NA;ND;NA;NA;NA;
24;11;0.55;0.32;0.66;ND;0.3;0.46;0.45;NA;ND;NA;NA;NA;
24;12;0.62;0.33;0.68;ND;0.29;0.44;0.46;NA;ND;NA;NA;NA;
24;13;0.63;0.37;0.7;ND;0.27;0.53;0.56;NA;ND;NA;NA;NA;
24;14;0.58;0.29;0.61;ND;0.29;0.48;0.55;NA;ND;NA;NA;NA;
24;15;0.56;0.33;0.67;ND;0.3;0.54;0.56;NA;ND;NA;NA;NA;
24;16;0.58;0.34;0.76;ND;0.28;0.53;0.52;NA;ND;NA;NA;NA;
24;17;0.52;0.34;1.11;ND;0.34;0.77;0.58;NA;ND;NA;NA;NA;
24;18;0.56;0.46;1.03;ND;0.75;0.93;0.74;NA;ND;NA;NA;NA;
24;19;0.53;0.34;0.73;ND;0.86;0.96;0.71;NA;ND;NA;NA;NA;
24;20;0.54;0.44;0.71;ND;0.63;1.01;0.55;NA;ND;NA;NA;NA;
24;21;0.89;0.41;1.26;ND;0.99;0.91;0.46;NA;ND;NA;NA;NA;
24;22;0.98;0.42;0.89;ND;1.17;0.72;0.4;NA;ND;NA;NA;NA;
24;23;0.48;0.25;0.41;ND;0.5;0.5;0.34;NA;ND;NA;NA;NA;
25;0;ND;ND;0.34;ND;0.2;0.34;0.31;NA;ND;NA;NA;NA;
25;1;0.46;0.28;0.3;ND;0.14;0.34;0.33;NA;ND;NA;NA;NA;
25;2;0.43;0.24;0.31;ND;0.14;0.36;0.33;NA;ND;NA;NA;NA;
25;3;0.43;0.19;0.35;ND;0.27;0.41;0.33;NA;ND;NA;NA;NA;
25;4;0.59;0.16;0.38;ND;0.31;0.44;0.35;NA;ND;NA;NA;NA;
25;5;0.65;0.57;0.42;ND;0.57;0.5;0.37;NA;ND;NA;NA;NA;
25;6;1.42;2.14;0.67;ND;1.39;0.77;0.48;NA;ND;NA;NA;NA;
25;7;1.47;3.75;1.48;ND;1.09;1.11;0.46;NA;ND;NA;NA;NA;
25;8;1.07;0.52;1.19;ND;0.88;0.97;0.47;NA;ND;NA;NA;NA;
25;9;0.73;0.46;0.84;ND;0.39;0.6;0.45;NA;ND;NA;NA;NA;
25;10;0.52;0.41;0.7;ND;0.27;0.56;0.46;NA;ND;NA;NA;NA;
25;11;ND;0.33;0.67;ND;0.34;0.53;0.45;NA;ND;NA;NA;NA;
25;12;ND;0.24;0.84;ND;0.33;0.49;0.48;NA;ND;NA;NA;NA;
25;13;0.43;0.17;0.77;ND;0.3;0.51;0.48;NA;ND;NA;NA;NA;
25;14;0.34;0.25;0.72;ND;0.33;0.53;0.5;NA;ND;NA;NA;NA;
25;15;0.34;0.2;0.94;ND;0.33;0.65;0.51;NA;ND;NA;NA;NA;
25;16;0.35;0.29;0.98;ND;0.46;0.65;0.55;NA;ND;NA;NA;NA;
25;17;0.55;0.34;0.88;ND;0.72;0.89;0.84;NA;ND;NA;NA;NA;
25;18;0.85;0.46;1.19;ND;1.08;1.03;0.81;NA;ND;NA;NA;NA;
25;19;0.87;0.55;1.03;ND;1.26;1.32;1.06;NA;ND;NA;NA;NA;
25;20;0.86;0.58;1.03;ND;0.95;1.05;0.88;NA;ND;NA;NA;NA;
25;21;1.05;0.53;0.85;ND;0.69;0.8;0.87;NA;ND;NA;NA;NA;
25;22;0.88;0.51;0.54;ND;0.9;1;0.49;NA;ND;NA;NA;NA;
25;23;0.46;0.38;0.61;ND;0.61;0.84;0.44;NA;ND;NA;NA;NA;
26;0;0.38;0.32;ND;ND;ND;ND;ND;NA;ND;NA;NA;NA;
26;1;0.34;0.25;0.62;ND;0.7;0.93;0.43;NA;ND;NA;NA;NA;
26;2;0.43;0.22;0.66;ND;0.54;0.84;0.42;NA;ND;NA;NA;NA;
26;3;0.45;0.47;0.83;ND;0.54;0.81;0.42;NA;ND;NA;NA;NA;
26;4;0.71;0.76;0.45;ND;0.89;0.71;0.43;NA;ND;NA;NA;NA;
26;5;0.78;0.67;0.49;ND;0.96;0.86;0.51;NA;ND;NA;NA;NA;
26;6;1.46;1.49;0.64;ND;1.88;1.47;0.67;NA;ND;NA;NA;NA;
26;7;1.07;1.02;1.1;ND;1.39;1.21;0.62;NA;ND;NA;NA;NA;
26;8;0.52;0.47;0.7;ND;0.71;0.71;0.54;NA;ND;NA;NA;NA;
26;9;0.48;0.3;0.64;ND;0.36;0.54;0.5;NA;ND;NA;NA;NA;
26;10;0.39;0.25;0.61;ND;0.39;0.48;0.52;NA;ND;NA;NA;NA;
26;11;0.4;0.29;0.59;ND;0.44;0.49;0.45;NA;ND;NA;NA;NA;
26;12;0.39;0.24;0.84;ND;0.39;0.53;0.5;NA;ND;NA;NA;NA;
26;13;0.35;0.2;0.92;ND;0.36;0.54;0.48;NA;ND;NA;NA;NA;
26;14;0.32;0.01;0.85;ND;0.35;0.49;0.53;NA;ND;NA;NA;NA;
26;15;0.34;0.22;0.79;ND;0.38;0.49;0.56;NA;ND;NA;NA;NA;
26;16;0.39;0.27;0.69;ND;0.36;0.55;0.58;NA;ND;NA;NA;NA;
26;17;0.41;0.24;0.84;ND;0.47;0.6;0.65;NA;ND;NA;NA;NA;
26;18;0.6;0.39;0.8;ND;0.57;0.77;0.64;NA;ND;NA;NA;NA;
26;19;0.67;0.43;0.75;ND;0.6;0.68;0.69;NA;ND;NA;NA;NA;
26;20;0.52;0.38;0.6;ND;0.71;0.91;0.7;NA;ND;NA;NA;NA;
26;21;0.54;0.48;0.62;ND;0.79;0.94;0.96;NA;ND;NA;NA;NA;
26;22;0.62;0.45;0.68;ND;0.94;0.69;0.68;NA;ND;NA;NA;NA;
26;23;0.45;0.37;0.53;ND;1.27;0.86;0.51;NA;ND;NA;NA;NA;
27;0;ND;ND;0.66;ND;1.1;0.86;0.4;NA;ND;NA;NA;NA;
27;1;0.41;0.56;1.18;ND;0.82;0.99;0.39;NA;ND;NA;NA;NA;
27;2;0.34;0.9;0.82;ND;0.77;0.78;0.39;NA;ND;NA;NA;NA;
27;3;0.35;0.81;0.9;ND;0.29;0.62;0.37;NA;ND;NA;NA;NA;
27;4;0.56;0.74;0.39;ND;0.21;0.43;0.37;NA;ND;NA;NA;NA;
27;5;0.64;0.76;0.36;ND;0.28;0.49;0.38;NA;ND;NA;NA;NA;
27;6;0.78;1.48;0.41;ND;0.49;0.52;0.43;NA;ND;NA;NA;NA;
27;7;0.69;0.56;0.59;ND;0.54;0.58;0.49;NA;ND;NA;NA;NA;
27;8;0.37;0.27;0.6;ND;0.29;0.49;0.51;NA;ND;NA;NA;NA;
27;9;0.32;0.24;0.47;ND;0.29;0.44;0.49;NA;ND;NA;NA;NA;
27;10;0.29;0.22;0.53;ND;0.28;0.35;0.5;NA;ND;NA;NA;NA;
27;11;0.29;0.2;0.55;ND;0.25;0.36;0.44;NA;ND;NA;NA;NA;
27;12;0.28;0.26;0.49;ND;0.29;0.35;0.49;NA;ND;NA;NA;NA;
27;13;0.32;0.28;0.61;ND;0.31;0.37;0.52;NA;ND;NA;NA;NA;
27;14;0.4;0.29;0.52;ND;0.33;0.38;0.53;NA;ND;NA;NA;NA;
27;15;0.39;0.31;0.51;ND;0.36;0.42;0.54;NA;ND;NA;NA;NA;
27;16;0.43;0.37;0.56;ND;0.38;0.45;0.57;NA;ND;NA;NA;NA;
27;17;0.48;0.36;0.66;ND;0.55;0.58;0.7;NA;ND;NA;NA;NA;
27;18;0.54;0.51;0.65;ND;0.8;0.65;0.86;NA;ND;NA;NA;NA;
27;19;0.55;0.57;0.69;ND;0.88;0.78;1.01;NA;ND;NA;NA;NA;
27;20;0.8;0.46;0.58;ND;0.74;0.73;0.86;NA;ND;NA;NA;NA;
27;21;0.76;0.37;0.65;ND;0.65;0.73;0.71;NA;ND;NA;NA;NA;
27;22;0.52;0.32;0.53;ND;0.5;0.68;0.8;NA;ND;NA;NA;NA;
27;23;0.38;0.32;0.46;ND;0.49;0.76;0.53;NA;ND;NA;NA;NA;
28;0;0.34;0.37;ND;ND;ND;ND;ND;NA;ND;NA;NA;NA;
28;1;0.3;0.51;0.45;ND;0.47;0.56;0.43;NA;ND;NA;NA;NA;
28;2;0.32;0.32;0.47;ND;0.24;0.36;0.42;NA;ND;NA;NA;NA;
28;3;0.33;0.4;0.41;ND;0.18;0.36;0.41;NA;ND;NA;NA;NA;
28;4;0.39;0.57;0.36;ND;0.21;0.37;0.43;NA;ND;NA;NA;NA;
28;5;0.69;0.84;0.42;ND;0.65;0.54;0.47;NA;ND;NA;NA;NA;
28;6;1.31;2.05;0.85;ND;1.56;0.83;0.54;NA;ND;NA;NA;NA;
28;7;1.35;1.62;1.07;ND;0.92;0.93;0.55;NA;ND;NA;NA;NA;
28;8;0.62;0.54;1.02;ND;0.35;0.68;0.49;NA;ND;NA;NA;NA;
28;9;0.46;0.33;0.76;ND;0.37;0.54;0.5;NA;ND;NA;NA;NA;
28;10;ND;0.25;0.73;ND;0.36;0.6;0.66;NA;ND;NA;NA;NA;
28;11;ND;0.25;0.73;ND;0.37;0.56;0.98;NA;ND;NA;NA;NA;
28;12;0.47;0.28;0.74;ND;0.35;0.57;0.81;NA;ND;NA;NA;NA;
28;13;0.44;0.32;0.79;ND;0.39;0.58;0.61;NA;ND;NA;NA;NA;
28;14;ND;0.3;0.76;ND;0.36;0.6;0.6;NA;ND;NA;NA;NA;
28;15;0.47;0.26;0.83;ND;0.34;0.62;0.59;NA;ND;NA;NA;NA;
28;16;0.48;0.24;0.96;ND;0.34;0.66;0.61;NA;ND;NA;NA;NA;
28;17;0.6;0.28;1.39;ND;0.56;0.79;0.65;NA;ND;NA;NA;NA;
28;18;0.7;0.41;1.43;ND;0.66;0.9;0.63;NA;ND;NA;NA;NA;
28;19;0.59;0.45;1.21;ND;0.7;0.77;0.63;NA;ND;NA;NA;NA;
28;20;0.65;0.52;0.89;ND;0.48;0.9;0.59;NA;ND;NA;NA;NA;
28;21;0.71;0.46;1.04;ND;0.55;0.81;0.52;NA;ND;NA;NA;NA;
28;22;0.53;0.37;0.6;ND;0.52;0.56;0.46;NA;ND;NA;NA;NA;
28;23;0.4;0.21;0.4;ND;0.25;0.43;0.44;NA;ND;NA;NA;NA;
29;0;ND;ND;0.41;ND;0.22;0.39;0.43;NA;ND;NA;NA;NA;
29;1;0.31;0.18;0.35;ND;0.19;0.38;0.42;NA;ND;NA;NA;NA;
29;2;0.34;0.13;0.35;ND;0.21;0.37;0.42;NA;ND;NA;NA;NA;
29;3;0.35;0.15;0.34;ND;0.24;0.39;0.43;NA;ND;NA;NA;NA;
29;4;0.46;0.18;0.35;ND;0.32;0.46;0.42;NA;ND;NA;NA;NA;
29;5;0.67;0.73;0.52;ND;0.73;0.78;0.46;NA;ND;NA;NA;NA;
29;6;1.07;1.91;1.24;ND;1.85;1.18;0.59;NA;ND;NA;NA;NA;
29;7;1.03;0.74;0.97;ND;0.92;1.01;0.51;NA;ND;NA;NA;NA;
29;8;0.67;0.36;0.94;ND;0.4;0.6;0.52;NA;ND;NA;NA;NA;
29;9;0.47;0.3;0.69;ND;0.38;0.56;0.51;NA;ND;NA;NA;NA;
29;10;0.45;0.29;0.72;ND;ND;0.54;0.5;NA;ND;NA;NA;NA;
29;11;0.46;0.28;0.76;ND;ND;0.53;0.49;NA;ND;NA;NA;NA;
29;12;0.45;0.25;0.8;ND;0.54;0.5;0.52;NA;ND;NA;NA;NA;
29;13;0.49;0.29;0.81;ND;0.59;0.51;1.04;NA;ND;NA;NA;NA;
29;14;0.46;0.25;0.74;ND;ND;0.51;1.04;NA;ND;NA;NA;NA;
29;15;0.49;0.31;0.84;ND;0.48;0.54;0.94;NA;ND;NA;NA;NA;
29;16;0.52;0.39;0.94;ND;0.58;0.54;0.75;NA;ND;NA;NA;NA;
29;17;0.55;0.34;1.14;ND;0.71;0.69;0.71;NA;ND;NA;NA;NA;
29;18;0.6;0.37;1.15;ND;0.86;0.89;0.68;NA;ND;NA;NA;NA;
29;19;0.56;0.44;0.98;ND;0.85;0.95;0.61;NA;ND;NA;NA;NA;
29;20;0.58;0.45;0.91;ND;0.8;0.88;0.55;NA;ND;NA;NA;NA;
29;21;0.61;0.33;0.8;ND;0.58;0.72;0.52;NA;ND;NA;NA;NA;
29;22;0.45;0.26;0.61;ND;0.51;0.56;0.47;NA;ND;NA;NA;NA;
29;23;0.34;0.16;0.46;ND;0.43;0.45;0.45;NA;ND;NA;NA;NA;
30;0;0.31;0.18;ND;ND;ND;ND;ND;NA;ND;NA;NA;NA;
30;1;0.29;0.14;0.37;ND;0.45;0.35;0.4;NA;ND;NA;NA;NA;
30;2;0.3;0.12;0.36;ND;0.42;0.34;0.41;NA;ND;NA;NA;NA;
30;3;0.31;0.11;0.35;ND;0.44;0.35;0.41;NA;ND;NA;NA;NA;
30;4;0.32;0.13;0.37;ND;0.49;0.39;0.41;NA;ND;NA;NA;NA;
30;5;0.4;0.52;0.4;ND;0.81;0.54;0.45;NA;ND;NA;NA;NA;
30;6;0.79;1.86;0.85;ND;1.59;0.76;0.54;NA;ND;NA;NA;NA;
30;7;0.85;0.75;0.9;ND;1.07;0.9;0.52;NA;ND;NA;NA;NA;
30;8;0.65;0.35;0.92;ND;1;0.83;0.5;NA;ND;NA;NA;NA;
30;9;0.54;0.28;0.9;ND;0.64;0.57;0.5;NA;ND;NA;NA;NA;
30;10;0.43;0.24;0.73;ND;0.64;0.52;6.43;NA;ND;NA;NA;NA;
30;11;0.44;0.24;0.72;ND;0.63;0.54;2.37;NA;ND;NA;NA;NA;
30;12;0.39;0.29;0.84;ND;0.66;0.53;ND;NA;ND;NA;NA;NA;
30;13;0.29;0.31;0.96;ND;0.62;0.5;0.3;NA;ND;NA;NA;NA;
30;14;0.43;0.3;0.87;ND;0.63;0.52;0.35;NA;ND;NA;NA;NA;
30;15;0.47;0.26;0.92;ND;0.67;0.59;0.37;NA;ND;NA;NA;NA;
30;16;0.48;0.23;1.03;ND;0.75;0.61;0.46;NA;ND;NA;NA;NA;
30;17;0.53;0.3;1.18;ND;0.9;0.73;0.51;NA;ND;NA;NA;NA;
30;18;0.64;0.42;1.05;ND;1.19;0.8;0.53;NA;ND;NA;NA;NA;
30;19;0.84;0.45;1.03;ND;1.13;0.8;0.49;NA;ND;NA;NA;NA;
30;20;0.82;0.47;0.75;ND;0.85;0.79;0.4;NA;ND;NA;NA;NA;
30;21;0.72;0.39;0.83;ND;0.75;0.6;0.35;NA;ND;NA;NA;NA;
30;22;0.6;0.32;0.87;ND;0.66;0.69;0.29;NA;ND;NA;NA;NA;
30;23;0.47;0.23;0.63;ND;0.73;0.52;0.27;NA;ND;NA;NA;NA;
