DIA;HORA;Cotocollao;Carapungo;Belisario;Jipijapa;El Camal;Centro;Guamaní;Tumbaco;Los Chillos;El Condado;Turubamba;Chillogallo;
1;0;23.31;24.35;20.4;ND;7.64;ND;NA;NA;ND;NA;NA;NA;
1;1;20.33;15.99;8.04;ND;12.9;13;NA;NA;ND;NA;NA;NA;
1;2;10.75;25.78;12.63;ND;25.6;13.35;NA;NA;ND;NA;NA;NA;
1;3;23.53;28.59;11.67;ND;24.17;15.59;NA;NA;ND;NA;NA;NA;
1;4;20.52;11.53;10.07;ND;14.21;8.49;NA;NA;ND;NA;NA;NA;
1;5;21.96;25.59;8.96;ND;21.98;11.31;NA;NA;ND;NA;NA;NA;
1;6;22.25;22.88;13.37;ND;24.79;12.93;NA;NA;ND;NA;NA;NA;
1;7;28.93;27.4;23.5;ND;20.87;16.14;NA;NA;ND;NA;NA;NA;
1;8;21.08;30.28;23.83;ND;23.63;23.59;NA;NA;ND;NA;NA;NA;
1;9;24.43;28.07;21.49;ND;22.56;18.69;NA;NA;ND;NA;NA;NA;
1;10;9.35;6.56;13.89;ND;28.52;20.87;NA;NA;ND;NA;NA;NA;
1;11;13.67;14.96;11.25;ND;19.14;19.18;NA;NA;ND;NA;NA;NA;
1;12;33.84;33.06;25.73;ND;28.54;32.8;NA;NA;ND;NA;NA;NA;
1;13;14.52;27.72;30.51;ND;37.74;30.96;NA;NA;ND;NA;NA;NA;
1;14;25.01;18.95;21.96;ND;44.26;30.86;NA;NA;ND;NA;NA;NA;
1;15;11.56;16.49;22.51;ND;23.83;29.38;NA;NA;ND;NA;NA;NA;
1;16;26.22;29.53;34.47;ND;17.78;18.24;NA;NA;ND;NA;NA;NA;
1;17;17.28;19.75;25.57;ND;19.91;21.98;NA;NA;ND;NA;NA;NA;
1;18;14.27;14.36;26.17;ND;18.82;20.62;NA;NA;ND;NA;NA;NA;
1;19;18.84;7.46;22.46;ND;14.52;28.97;NA;NA;ND;NA;NA;NA;
1;20;13.21;16.48;18.54;ND;21.59;24;NA;NA;ND;NA;NA;NA;
1;21;22.2;20.54;23.61;ND;30.06;19.36;NA;NA;ND;NA;NA;NA;
1;22;14.61;24.22;20.9;ND;25.5;30.87;NA;NA;ND;NA;NA;NA;
1;23;13.31;23.83;6.54;ND;24.06;30.21;NA;NA;ND;NA;NA;NA;
2;0;21.74;27.39;12.25;ND;9.97;ND;NA;NA;ND;NA;NA;NA;
2;1;16;23.11;22.82;ND;26.71;29.83;NA;NA;ND;NA;NA;NA;
2;2;21.07;12.8;28.5;ND;23.27;26.54;NA;NA;ND;NA;NA;NA;
2;3;23.38;18.64;20.49;ND;21.21;26.95;NA;NA;ND;NA;NA;NA;
2;4;21.62;14.59;21.36;ND;25.11;26.11;NA;NA;ND;NA;NA;NA;
2;5;15.45;19.14;23.17;ND;28.28;19.49;NA;NA;ND;NA;NA;NA;
2;6;16.86;34.17;16.37;ND;27.08;22.63;NA;NA;ND;NA;NA;NA;
2;7;26.08;21.94;21.29;ND;33.84;27.39;NA;NA;ND;NA;NA;NA;
2;8;24.3;21.64;28.75;ND;18.14;17.89;NA;NA;ND;NA;NA;NA;
2;9;26.04;28.17;30.92;ND;23.16;25.63;NA;NA;ND;NA;NA;NA;
2;10;22.69;24.71;19;ND;26.39;25.87;NA;NA;ND;NA;NA;NA;
2;11;27.77;24.48;33.04;ND;37.09;34.59;NA;NA;ND;NA;NA;NA;
2;12;12.1;17.36;16.91;ND;11.83;21.15;NA;NA;ND;NA;NA;NA;
2;13;18.42;28.03;16.78;ND;13.25;4.27;NA;NA;ND;NA;NA;NA;
2;14;11.96;39.47;22.52;ND;16.38;17.83;NA;NA;ND;NA;NA;NA;
2;15;6.41;4.36;18.33;ND;14.63;13.52;NA;NA;ND;NA;NA;NA;
2;16;15.27;23.59;30.54;ND;16.52;12.5;NA;NA;ND;NA;NA;NA;
2;17;14.68;14.86;19.04;ND;7.77;14.14;NA;NA;ND;NA;NA;NA;
2;18;10.89;19.99;23.61;ND;27.1;17.43;NA;NA;ND;NA;NA;NA;
2;19;16.08;28.5;20.12;ND;16.82;32.8;NA;NA;ND;NA;NA;NA;
2;20;23.76;12.47;18.09;ND;12.18;24.54;NA;NA;ND;NA;NA;NA;
2;21;17.29;25.44;21.83;ND;8.71;15.17;NA;NA;ND;NA;NA;NA;
2;22;12.21;19.59;9.93;ND;27.21;19.79;NA;NA;ND;NA;NA;NA;
2;23;10.3;13.07;16.92;ND;16.75;11.4;NA;NA;ND;NA;NA;NA;
3;0;7.22;16.24;27.71;ND;16.73;ND;NA;NA;ND;NA;NA;NA;
3;1;16.78;11.53;17.78;ND;10.09;19.67;NA;NA;ND;NA;NA;NA;
3;2;16.8;18.75;17.31;ND;19.06;21.99;NA;NA;ND;NA;NA;NA;
3;3;18.83;17.66;13.82;ND;24.36;17.7;NA;NA;ND;NA;NA;NA;
3;4;19.05;6.73;16.94;ND;27.19;22.66;NA;NA;ND;NA;NA;NA;
3;5;18.95;20.61;18.09;ND;30.87;24.45;NA;NA;ND;NA;NA;NA;
3;6;25.5;30.4;14.9;ND;34.13;26.57;NA;NA;ND;NA;NA;NA;
3;7;16.31;29.75;16.64;ND;43.4;30.23;NA;NA;ND;NA;NA;NA;
3;8;22.16;11.59;29.49;ND;25.27;31.23;NA;NA;ND;NA;NA;NA;
3;9;29.16;23.62;22.75;ND;27.2;23.72;NA;NA;ND;NA;NA;NA;
3;10;36.83;40.4;33.67;ND;26.2;27.57;NA;NA;ND;NA;NA;NA;
3;11;21.34;20.25;21.92;ND;32.35;31.54;NA;NA;ND;NA;NA;NA;
3;12;19.33;18.71;22.44;ND;22.04;23.09;NA;NA;ND;NA;NA;NA;
3;13;5.77;22.28;15.45;ND;7.44;30.11;NA;NA;ND;NA;NA;NA;
3;14;12.23;19.35;14.58;ND;9.81;10.32;NA;NA;ND;NA;NA;NA;
3;15;28.9;20.63;17.28;ND;20.99;15.09;NA;NA;ND;NA;NA;NA;
3;16;14.14;15.33;5.51;ND;23.7;15.23;NA;NA;ND;NA;NA;NA;
3;17;9.37;19.87;31.94;ND;30.87;17.35;NA;NA;ND;NA;NA;NA;
3;18;13.13;18.32;28.63;ND;16.06;19.16;NA;NA;ND;NA;NA;NA;
3;19;25.66;15.52;28.36;ND;17.27;27.8;NA;NA;ND;NA;NA;NA;
3;20;20.22;13.99;24.24;ND;23.06;17.24;NA;NA;ND;NA;NA;NA;
3;21;14.74;13.88;22.36;ND;20.14;28.38;NA;NA;ND;NA;NA;NA;
3;22;29.27;26.73;18.88;ND;14.2;24.11;NA;NA;ND;NA;NA;NA;
3;23;16.53;30.74;14.68;ND;25.55;20.92;NA;NA;ND;NA;NA;NA;
4;0;27.59;15.61;18.67;ND;21.55;ND;NA;NA;ND;NA;NA;NA;
4;1;23.12;26.48;22.37;ND;25.26;31.01;NA;NA;ND;NA;NA;NA;
4;2;29.13;18.92;17.05;ND;31.8;29.62;NA;NA;ND;NA;NA;NA;
4;3;31.9;33.77;19.53;ND;28.04;26.93;NA;NA;ND;NA;NA;NA;
4;4;13.52;26.4;23.55;ND;32.61;24.18;NA;NA;ND;NA;NA;NA;
4;5;16.61;39.98;24.77;ND;34.47;20.48;NA;NA;ND;NA;NA;NA;
4;6;40.94;70.95;28.39;ND;78.53;40.02;NA;NA;ND;NA;NA;NA;
4;7;49.81;60.09;45.52;ND;89.82;55.88;NA;NA;ND;NA;NA;NA;
4;8;38.73;35.9;50.43;ND;63.43;54.65;NA;NA;ND;NA;NA;NA;
4;9;37.98;22.9;47.59;ND;42.62;37.58;NA;NA;ND;NA;NA;NA;
4;10;36.23;21.54;ND;ND;19.22;17.09;NA;NA;ND;NA;NA;NA;
4;11;27.54;21.19;27.37;ND;14.74;12.51;NA;NA;ND;NA;NA;NA;
4;12;21.94;22.56;ND;ND;31.1;29.5;NA;NA;ND;NA;NA;NA;
4;13;10.88;23.26;ND;ND;22.33;29.26;NA;NA;ND;NA;NA;NA;
4;14;9.31;23.73;24.75;ND;10.48;18.13;NA;NA;ND;NA;NA;NA;
4;15;22.08;10.11;19.86;ND;17.48;12.8;NA;NA;ND;NA;NA;NA;
4;16;14.79;21.38;21.38;ND;16.53;18.94;NA;NA;ND;NA;NA;NA;
4;17;20.49;10.8;37.33;ND;25.89;17.48;NA;NA;ND;NA;NA;NA;
4;18;11.62;21.2;62.48;ND;16.11;30.81;NA;NA;ND;NA;NA;NA;
4;19;16.42;21.85;39.4;ND;18.51;31.27;NA;NA;ND;NA;NA;NA;
4;20;17.13;19.51;28.42;ND;22.85;36.62;NA;NA;ND;NA;NA;NA;
4;21;7.61;16.12;27.72;ND;27.45;31.5;NA;NA;ND;NA;NA;NA;
4;22;10.26;14.03;26.91;ND;23.16;25.05;NA;NA;ND;NA;NA;NA;
4;23;15.56;27.38;22.86;ND;18.12;27.39;NA;NA;ND;NA;NA;NA;
5;0;9.08;20.26;15.84;ND;39.97;ND;NA;NA;ND;NA;NA;NA;
5;1;11.32;18.22;20.78;ND;32.54;40.2;NA;NA;ND;NA;NA;NA;
5;2;17.08;19.36;18.2;ND;34.79;34.76;NA;NA;ND;NA;NA;NA;
5;3;6.72;14.44;31.11;ND;26.33;31.57;NA;NA;ND;NA;NA;NA;
5;4;18.8;26.35;22.73;ND;31.86;27.96;NA;NA;ND;NA;NA;NA;
5;5;23.36;27.67;34.39;ND;35.26;30.95;NA;NA;ND;NA;NA;NA;
5;6;37.19;31.01;22.23;ND;63.07;33.25;NA;NA;ND;NA;NA;NA;
5;7;55.21;41.85;44.54;ND;79.55;56.17;NA;NA;ND;NA;NA;NA;
5;8;46.42;30.78;54.11;ND;54.63;39.6;NA;NA;ND;NA;NA;NA;
5;9;66.97;33.54;41.2;ND;52.07;42.99;NA;NA;ND;NA;NA;NA;
5;10;26.99;31.12;48.87;ND;51.16;36.67;NA;NA;ND;NA;NA;NA;
5;11;25.28;23.29;19.71;ND;ND;27.77;NA;NA;ND;NA;NA;NA;
5;12;21.7;16.8;32.67;ND;ND;28.88;NA;NA;ND;NA;NA;NA;
5;13;6.42;36.59;26.64;ND;14.34;11.03;NA;NA;ND;NA;NA;NA;
5;14;5.28;14.41;20;ND;ND;8.34;NA;NA;ND;NA;NA;NA;
5;15;11.63;14.66;7.82;ND;ND;15.86;NA;NA;ND;NA;NA;NA;
5;16;27.43;16.35;30.22;ND;27.57;11.99;NA;NA;ND;NA;NA;NA;
5;17;13.46;13.84;24.03;ND;25.09;21.37;NA;NA;ND;NA;NA;NA;
5;18;9.23;19.4;56.44;ND;17.12;46.14;NA;NA;ND;NA;NA;NA;
5;19;17.19;16.08;ND;ND;17.72;ND;NA;NA;ND;NA;NA;NA;
5;20;15.27;10.54;ND;ND;19.9;ND;NA;NA;ND;NA;NA;NA;
5;21;18.33;19.85;10.14;ND;27.65;0;NA;NA;ND;NA;NA;NA;
5;22;15.14;17.38;9.95;ND;27.85;0;NA;NA;ND;NA;NA;NA;
5;23;16.93;26.21;16.73;ND;22.11;0;NA;NA;ND;NA;NA;NA;
6;0;15.22;25.84;9.88;ND;29.59;ND;NA;NA;ND;NA;NA;NA;
6;1;18.49;15.56;20;ND;48.74;11.41;NA;NA;ND;NA;NA;NA;
6;2;17.13;22.02;16.58;ND;36.72;5.28;NA;NA;ND;NA;NA;NA;
6;3;23.33;10.05;17.49;ND;36.45;7.51;NA;NA;ND;NA;NA;NA;
6;4;14.67;9.42;13.14;ND;33.4;9.32;NA;NA;ND;NA;NA;NA;
6;5;20.89;33.82;18.92;ND;42.57;23;NA;NA;ND;NA;NA;NA;
6;6;45.92;38.96;24.29;ND;72.62;13.76;NA;NA;ND;NA;NA;NA;
6;7;62.08;33.35;52.99;ND;57.36;42.78;NA;NA;ND;NA;NA;NA;
6;8;ND;27.58;58.57;ND;50.19;48.74;NA;NA;ND;NA;NA;NA;
6;9;ND;25.97;ND;ND;33.67;20.08;NA;NA;ND;NA;NA;NA;
6;10;ND;30.66;9.53;ND;17.42;14.05;NA;NA;ND;NA;NA;NA;
6;11;ND;19.67;7.32;ND;16;ND;NA;NA;ND;NA;NA;NA;
6;12;13.2;25.02;12.83;ND;8.1;ND;NA;NA;ND;NA;NA;NA;
6;13;20.23;23.2;8.33;ND;14.17;ND;NA;NA;ND;NA;NA;NA;
6;14;41.06;8.86;30.06;ND;14.7;ND;NA;NA;ND;NA;NA;NA;
6;15;55.28;22.71;24.75;ND;13.78;ND;NA;NA;ND;NA;NA;NA;
6;16;35.3;31.31;23.79;ND;16.22;ND;NA;NA;ND;NA;NA;NA;
6;17;30.95;27.74;26.88;ND;20.04;0;NA;NA;ND;NA;NA;NA;
6;18;ND;15.11;29.76;ND;23.28;0;NA;NA;ND;NA;NA;NA;
6;19;ND;7.99;56.09;ND;21.49;0;NA;NA;ND;NA;NA;NA;
6;20;ND;19.12;ND;ND;26.4;2.75;NA;NA;ND;NA;NA;NA;
6;21;ND;24.23;ND;ND;48.17;11.6;NA;NA;ND;NA;NA;NA;
6;22;ND;24.38;ND;ND;53.02;24.38;NA;NA;ND;NA;NA;NA;
6;23;ND;38.05;ND;ND;44.53;32.64;NA;NA;ND;NA;NA;NA;
7;0;ND;16.74;15.49;ND;49.79;ND;NA;NA;ND;NA;NA;NA;
7;1;ND;24.62;19.45;ND;49.63;29.4;NA;NA;ND;NA;NA;NA;
7;2;ND;35.15;29.87;ND;36.06;31.94;NA;NA;ND;NA;NA;NA;
7;3;ND;30.17;20.24;ND;36.07;25.14;NA;NA;ND;NA;NA;NA;
7;4;ND;21.02;18.4;ND;38.3;42.41;NA;NA;ND;NA;NA;NA;
7;5;ND;33.71;17.53;ND;42.47;23.71;NA;NA;ND;NA;NA;NA;
7;6;ND;62.39;21.28;ND;69.08;36.31;NA;NA;ND;NA;NA;NA;
7;7;ND;64.18;26.65;ND;93.81;42.98;NA;NA;ND;NA;NA;NA;
7;8;ND;42.66;45.07;ND;85.02;38.96;NA;NA;ND;NA;NA;NA;
7;9;ND;31.89;32.42;ND;24.31;25.12;NA;NA;ND;NA;NA;NA;
7;10;ND;17.53;16.06;ND;17.81;18.06;NA;NA;ND;NA;NA;NA;
7;11;ND;20.41;9.48;ND;8.35;20.16;NA;NA;ND;NA;NA;NA;
7;12;ND;23.02;1.57;ND;18.62;17.74;NA;NA;ND;NA;NA;NA;
7;13;ND;21.15;1.47;ND;18.31;12.99;NA;NA;ND;NA;NA;NA;
7;14;ND;24.07;0.98;ND;27.03;32.32;NA;NA;ND;NA;NA;NA;
7;15;7.78;35.52;7.19;ND;23.62;36.42;NA;NA;ND;NA;NA;NA;
7;16;28.25;26.17;25.39;ND;21.2;24.37;NA;NA;ND;NA;NA;NA;
7;17;25.87;24.42;39.17;ND;27.55;39.86;NA;NA;ND;NA;NA;NA;
7;18;20.6;16.94;59.57;ND;31.22;34.45;NA;NA;ND;NA;NA;NA;
7;19;24.96;19.09;64.61;ND;17.57;22.78;NA;NA;ND;NA;NA;NA;
7;20;27.35;24.22;ND;ND;29.95;29.48;NA;NA;ND;NA;NA;NA;
7;21;32.34;30.71;36.16;ND;32.93;27.62;NA;NA;ND;NA;NA;NA;
7;22;24.16;9.26;9.63;ND;28.67;31.9;NA;NA;ND;NA;NA;NA;
7;23;25.05;44.01;9.72;ND;40.76;28.03;NA;NA;ND;NA;NA;NA;
8;0;28.51;21.24;12.53;ND;38.27;ND;NA;NA;ND;NA;NA;NA;
8;1;22.56;26.83;21.96;ND;25.42;38.89;NA;NA;ND;NA;NA;NA;
8;2;28.16;23.86;24.34;ND;38.39;30.26;NA;NA;ND;NA;NA;NA;
8;3;23.19;20.35;33.22;ND;34.13;30.2;NA;NA;ND;NA;NA;NA;
8;4;26.57;17.03;26.25;ND;29.98;28.43;NA;NA;ND;NA;NA;NA;
8;5;23.88;25.88;13.82;ND;28.5;29.56;NA;NA;ND;NA;NA;NA;
8;6;28.34;33.9;20.67;ND;41.11;30.26;NA;NA;ND;NA;NA;NA;
8;7;24.25;22.85;30.7;ND;47.87;39.03;NA;NA;ND;NA;NA;NA;
8;8;28.51;31.17;37.86;ND;53.25;44.09;NA;NA;ND;NA;NA;NA;
8;9;35.55;39.36;25.95;ND;32.34;24.9;NA;NA;ND;NA;NA;NA;
8;10;28.23;41.45;37.26;ND;37.55;40.57;NA;NA;ND;NA;NA;NA;
8;11;18.15;24.02;16;ND;26.65;32.31;NA;NA;ND;NA;NA;NA;
8;12;12.11;27.92;10.13;ND;26.51;20.9;NA;NA;ND;NA;NA;NA;
8;13;20.46;14.75;10.12;ND;17.64;14.05;NA;NA;ND;NA;NA;NA;
8;14;13.65;26.77;13.21;ND;27.99;19.22;NA;NA;ND;NA;NA;NA;
8;15;12.86;21.16;12.03;ND;20.26;16.81;NA;NA;ND;NA;NA;NA;
8;16;29.9;25.38;23.49;ND;16.18;27.17;NA;NA;ND;NA;NA;NA;
8;17;15.41;14.19;22.18;ND;24.16;28.57;NA;NA;ND;NA;NA;NA;
8;18;16.69;32.43;30.45;ND;21.77;13.06;NA;NA;ND;NA;NA;NA;
8;19;25.67;16.09;28.32;ND;11.82;22.77;NA;NA;ND;NA;NA;NA;
8;20;18.95;26.32;16.63;ND;33.87;17.79;NA;NA;ND;NA;NA;NA;
8;21;24.49;21.65;14.7;ND;21.23;14.69;NA;NA;ND;NA;NA;NA;
8;22;24.56;14.11;14.36;ND;10.67;10.58;NA;NA;ND;NA;NA;NA;
8;23;16.65;37.32;12.2;ND;18.85;7.87;NA;NA;ND;NA;NA;NA;
9;0;36.4;27.57;26.32;ND;37.87;ND;NA;NA;ND;NA;NA;NA;
9;1;21.21;27.15;18.25;ND;25.2;24.96;NA;NA;ND;NA;NA;NA;
9;2;20.37;14.29;17.36;ND;14.41;21.87;NA;NA;ND;NA;NA;NA;
9;3;24.41;27.19;21.11;ND;12.76;42.2;NA;NA;ND;NA;NA;NA;
9;4;25.89;53.69;17.88;ND;16.08;20.91;NA;NA;ND;NA;NA;NA;
9;5;29.42;51.81;29.72;ND;33.44;26.94;NA;NA;ND;NA;NA;NA;
9;6;32.97;81.58;28.06;ND;44.14;41.59;NA;NA;ND;NA;NA;NA;
9;7;49.85;43.59;45.09;ND;33.91;54.51;NA;NA;ND;NA;NA;NA;
9;8;46.25;29.75;41.5;ND;27.03;ND;NA;NA;ND;NA;NA;NA;
9;9;30.61;30.6;22.53;ND;23.31;ND;NA;NA;ND;NA;NA;NA;
9;10;18.92;23.1;17.01;ND;23.42;ND;NA;NA;ND;NA;NA;NA;
9;11;26.23;30.45;9.43;ND;22.13;ND;NA;NA;ND;NA;NA;NA;
9;12;ND;41.25;20.54;ND;31.43;ND;NA;NA;ND;NA;NA;NA;
9;13;ND;34.72;32.62;ND;89.24;ND;NA;NA;ND;NA;NA;NA;
9;14;ND;40.87;27.05;ND;54.6;0;NA;NA;ND;NA;NA;NA;
9;15;ND;35.89;35.21;ND;52.5;10.27;NA;NA;ND;NA;NA;NA;
9;16;17.35;57.62;65.32;ND;65.55;9.51;NA;NA;ND;NA;NA;NA;
9;17;14.76;46.42;ND;ND;50.67;23.05;NA;NA;ND;NA;NA;NA;
9;18;10.35;36.09;ND;ND;43.55;27.43;NA;NA;ND;NA;NA;NA;
9;19;23.56;29.82;53.26;ND;36.5;34.08;NA;NA;ND;NA;NA;NA;
9;20;39.38;26.48;19.69;ND;54.71;36.62;NA;NA;ND;NA;NA;NA;
9;21;34.7;25.32;33.26;ND;69.23;44.43;NA;NA;ND;NA;NA;NA;
9;22;29.54;26.73;33.93;ND;51.02;35.82;NA;NA;ND;NA;NA;NA;
9;23;37.44;36.12;33.52;ND;48.25;43.39;NA;NA;ND;NA;NA;NA;
10;0;29.55;42.91;43.23;ND;54.5;ND;NA;NA;ND;NA;NA;NA;
10;1;34.81;32.83;52.3;ND;65.85;59.06;NA;NA;ND;NA;NA;NA;
10;2;36.89;23.47;48.53;ND;38.14;49.27;NA;NA;ND;NA;NA;NA;
10;3;44.23;24.69;34.22;ND;27.56;44.1;NA;NA;ND;NA;NA;NA;
10;4;34.36;41.41;32.99;ND;37.21;24.53;NA;NA;ND;NA;NA;NA;
10;5;48.23;37.44;55.72;ND;29.42;27.35;NA;NA;ND;NA;NA;NA;
10;6;44.86;89.21;47.57;ND;80.87;34.57;NA;NA;ND;NA;NA;NA;
10;7;36.52;98.16;ND;ND;77.17;31.29;NA;NA;ND;NA;NA;NA;
10;8;55.99;42.31;ND;ND;22.38;30.61;NA;NA;ND;NA;NA;NA;
10;9;62.73;39.8;ND;ND;22.64;17.6;NA;NA;ND;NA;NA;NA;
10;10;ND;26.33;ND;ND;17.71;19.47;NA;NA;ND;NA;NA;NA;
10;11;ND;39.78;70.74;ND;13.51;20.7;NA;NA;ND;NA;NA;NA;
10;12;ND;24.48;25.18;ND;20.53;37.82;NA;NA;ND;NA;NA;NA;
10;13;ND;26.25;26.43;ND;42.37;32.47;NA;NA;ND;NA;NA;NA;
10;14;ND;38.86;21.12;ND;32.54;32.18;NA;NA;ND;NA;NA;NA;
10;15;ND;48.63;28.7;ND;24.58;30.96;NA;NA;ND;NA;NA;NA;
10;16;ND;40.67;35.44;ND;38.79;46.7;NA;NA;ND;NA;NA;NA;
10;17;ND;23.45;46.05;ND;32.35;ND;NA;NA;ND;NA;NA;NA;
10;18;5.49;26.74;40.04;ND;35.06;ND;NA;NA;ND;NA;NA;NA;
10;19;14.43;17.65;39;ND;37.45;5.56;NA;NA;ND;NA;NA;NA;
10;20;20.43;16.17;36.46;ND;30.08;0;NA;NA;ND;NA;NA;NA;
10;21;23.28;22.88;26.23;ND;35;0;NA;NA;ND;NA;NA;NA;
10;22;26.96;23.83;29;ND;27.86;3.18;NA;NA;ND;NA;NA;NA;
10;23;37.39;39.98;31.41;ND;31.96;19.08;NA;NA;ND;NA;NA;NA;
11;0;42.97;39.17;51.74;ND;48.79;ND;NA;NA;ND;NA;NA;NA;
11;1;32.35;31.76;30.71;ND;36.18;12.43;NA;NA;ND;NA;NA;NA;
11;2;41.72;29.92;33.11;ND;48.01;19.16;NA;NA;ND;NA;NA;NA;
11;3;30.99;36.33;35.56;ND;37.34;41.37;NA;NA;ND;NA;NA;NA;
11;4;31.97;15.89;31.59;ND;48.42;26.44;NA;NA;ND;NA;NA;NA;
11;5;31.94;53.56;23.12;ND;53.2;31.04;NA;NA;ND;NA;NA;NA;
11;6;42.49;74.37;39.73;ND;74.63;34.97;NA;NA;ND;NA;NA;NA;
11;7;40.71;54.1;51.43;ND;113.03;67.86;NA;NA;ND;NA;NA;NA;
11;8;44.36;53.81;ND;ND;60.64;58.33;NA;NA;ND;NA;NA;NA;
11;9;42.11;24.75;43.48;ND;32.28;33.15;NA;NA;ND;NA;NA;NA;
11;10;25.01;36.92;17.1;ND;23.68;20.94;NA;NA;ND;NA;NA;NA;
11;11;11.88;30.26;20.84;ND;14.92;18.01;NA;NA;ND;NA;NA;NA;
11;12;25.23;26.31;43.27;ND;15.03;9.84;NA;NA;ND;NA;NA;NA;
11;13;25.11;38.73;ND;ND;20.97;14.35;NA;NA;ND;NA;NA;NA;
11;14;21.17;27.07;ND;ND;16.06;26.49;NA;NA;ND;NA;NA;NA;
11;15;30.36;24.38;43.47;ND;32.96;23.79;NA;NA;ND;NA;NA;NA;
11;16;ND;38.89;1.01;ND;37.83;31.39;NA;NA;ND;NA;NA;NA;
11;17;ND;31.52;1.18;ND;30.04;31.27;NA;NA;ND;NA;NA;NA;
11;18;ND;38.94;31.57;ND;36.09;28.23;NA;NA;ND;NA;NA;NA;
11;19;18.14;27.3;37.25;ND;37.19;42.59;NA;NA;ND;NA;NA;NA;
11;20;16.29;24.22;37.79;ND;42.68;39.06;NA;NA;ND;NA;NA;NA;
11;21;10.58;25;33.16;ND;38.88;40.67;NA;NA;ND;NA;NA;NA;
11;22;16.41;16.32;32.65;ND;32.69;30.18;NA;NA;ND;NA;NA;NA;
11;23;23.36;36.15;17.41;ND;24.85;29.69;NA;NA;ND;NA;NA;NA;
12;0;23.96;19.03;19.83;ND;28.99;ND;NA;NA;ND;NA;NA;NA;
12;1;31.47;30.34;21.03;ND;31.42;34.53;NA;NA;ND;NA;NA;NA;
12;2;32.01;31.93;22.2;ND;34.88;32.56;NA;NA;ND;NA;NA;NA;
12;3;26.44;22.23;16.24;ND;30.43;26.24;NA;NA;ND;NA;NA;NA;
12;4;23.75;21.17;25.34;ND;26.71;20.33;NA;NA;ND;NA;NA;NA;
12;5;36.81;20.72;26.82;ND;30.28;29.95;NA;NA;ND;NA;NA;NA;
12;6;36.52;42.41;27.71;ND;40.53;38.27;NA;NA;ND;NA;NA;NA;
12;7;50.13;42.67;40.17;ND;61.24;38.77;NA;NA;ND;NA;NA;NA;
12;8;56.67;30.91;32.55;ND;42.16;43.54;NA;NA;ND;NA;NA;NA;
12;9;21.41;38.66;35.68;ND;39.43;34.77;NA;NA;ND;NA;NA;NA;
12;10;30.61;30.43;22.43;ND;36.84;24.65;NA;NA;ND;NA;NA;NA;
12;11;ND;33.59;25.59;ND;22.49;11.26;NA;NA;ND;NA;NA;NA;
12;12;ND;27.64;ND;ND;23.59;11.07;NA;NA;ND;NA;NA;NA;
12;13;26.85;22.56;ND;ND;24.66;20.26;NA;NA;ND;NA;NA;NA;
12;14;ND;30.29;ND;ND;29.5;20.56;NA;NA;ND;NA;NA;NA;
12;15;ND;54.16;ND;ND;48.09;25.82;NA;NA;ND;NA;NA;NA;
12;16;35.47;38.7;ND;ND;49.71;37.58;NA;NA;ND;NA;NA;NA;
12;17;17.17;39.77;ND;ND;22.49;41.02;NA;NA;ND;NA;NA;NA;
12;18;18.2;9.89;ND;ND;28.06;42.71;NA;NA;ND;NA;NA;NA;
12;19;21.76;5.08;44.83;ND;20.8;43.9;NA;NA;ND;NA;NA;NA;
12;20;41.11;9.74;36.35;ND;25.95;32.94;NA;NA;ND;NA;NA;NA;
12;21;ND;19.56;27.6;ND;40.87;31.25;NA;NA;ND;NA;NA;NA;
12;22;ND;15.43;25.85;ND;25.96;34.86;NA;NA;ND;NA;NA;NA;
12;23;ND;25.18;28.47;ND;31.68;37.24;NA;NA;ND;NA;NA;NA;
13;0;20.63;27.92;22.36;ND;43.12;ND;NA;NA;ND;NA;NA;NA;
13;1;25.67;28.13;29.82;ND;34.55;36.88;NA;NA;ND;NA;NA;NA;
13;2;29.71;19.71;29.26;ND;38.98;38.42;NA;NA;ND;NA;NA;NA;
13;3;23.63;14.41;31.29;ND;37.98;35.24;NA;NA;ND;NA;NA;NA;
13;4;27.84;18.29;34.75;ND;47.53;34.91;NA;NA;ND;NA;NA;NA;
13;5;26.24;36.36;32.64;ND;54.74;39.92;NA;NA;ND;NA;NA;NA;
13;6;ND;49.64;43.97;ND;66.53;50.9;NA;NA;ND;NA;NA;NA;
13;7;ND;53.23;43.52;ND;80.93;56.34;NA;NA;ND;NA;NA;NA;
13;8;ND;67.94;67.94;ND;66.42;65.44;NA;NA;ND;NA;NA;NA;
13;9;ND;58.6;61.63;ND;36.47;55.53;NA;NA;ND;NA;NA;NA;
13;10;ND;23.91;35.01;ND;20.76;20.5;NA;NA;ND;NA;NA;NA;
13;11;43.3;32.9;7.97;ND;24.9;32.27;NA;NA;ND;NA;NA;NA;
13;12;22.81;31.75;7.83;ND;15.3;40.4;NA;NA;ND;NA;NA;NA;
13;13;15.83;ND;14.55;ND;13.9;ND;NA;NA;ND;NA;NA;NA;
13;14;20.3;ND;11.49;ND;16.46;ND;NA;NA;ND;NA;NA;NA;
13;15;27.08;ND;15.68;ND;8.01;3.31;NA;NA;ND;NA;NA;NA;
13;16;19.07;ND;13.75;ND;24.44;ND;NA;NA;ND;NA;NA;NA;
13;17;24.61;43.01;23.45;ND;14.85;0;NA;NA;ND;NA;NA;NA;
13;18;51.53;37.94;ND;ND;26.66;0;NA;NA;ND;NA;NA;NA;
13;19;39.68;35.69;42.56;ND;33.14;1.92;NA;NA;ND;NA;NA;NA;
13;20;54.66;46.1;61.99;ND;54.15;25.04;NA;NA;ND;NA;NA;NA;
13;21;39.26;28.99;ND;ND;63.1;62.51;NA;NA;ND;NA;NA;NA;
13;22;31.33;22.64;ND;ND;59.68;15.27;NA;NA;ND;NA;NA;NA;
13;23;10.94;41.85;ND;ND;ND;42.4;NA;NA;ND;NA;NA;NA;
14;0;34.61;37.91;11.82;ND;49.47;ND;NA;NA;ND;NA;NA;NA;
14;1;26.38;37.59;12.35;ND;28.77;8.52;NA;NA;ND;NA;NA;NA;
14;2;41.69;35.35;26.66;ND;8.92;13.9;NA;NA;ND;NA;NA;NA;
14;3;28.08;47.3;33.47;ND;14.98;11.53;NA;NA;ND;NA;NA;NA;
14;4;33.25;44.5;28.96;ND;18.9;34.28;NA;NA;ND;NA;NA;NA;
14;5;32.4;49.26;19.95;ND;23.11;13.88;NA;NA;ND;NA;NA;NA;
14;6;31.83;74.14;23.17;ND;25.64;18.75;NA;NA;ND;NA;NA;NA;
14;7;31.95;49.81;21.13;ND;17.7;9.44;NA;NA;ND;NA;NA;NA;
14;8;44.77;18.25;16.32;ND;17.13;11.45;NA;NA;ND;NA;NA;NA;
14;9;41.85;29.26;10.49;ND;6.32;25.99;NA;NA;ND;NA;NA;NA;
14;10;23.64;10.13;8.48;ND;16.37;3.11;NA;NA;ND;NA;NA;NA;
14;11;3.02;14.9;1;ND;6.83;8.48;NA;NA;ND;NA;NA;NA;
14;12;25.04;29.14;2.73;ND;13.5;18.2;NA;NA;ND;NA;NA;NA;
14;13;21.38;28.47;0.73;ND;14.85;5.53;NA;NA;ND;NA;NA;NA;
14;14;20.27;23.2;22.22;ND;20.69;20.44;NA;NA;ND;NA;NA;NA;
14;15;12.85;38.5;19.61;ND;32.11;26.29;NA;NA;ND;NA;NA;NA;
14;16;17.94;38.04;25.41;ND;36.33;37.99;NA;NA;ND;NA;NA;NA;
14;17;26.7;22.6;21.58;ND;17.7;6.19;NA;NA;ND;NA;NA;NA;
14;18;23.53;25.46;36.41;ND;26.1;27.45;NA;NA;ND;NA;NA;NA;
14;19;28.97;26.99;37.37;ND;42.87;41.21;NA;NA;ND;NA;NA;NA;
14;20;13.51;14.81;30.9;ND;36.62;36.31;NA;NA;ND;NA;NA;NA;
14;21;26.26;21.57;25.44;ND;29.65;40.6;NA;NA;ND;NA;NA;NA;
14;22;20.37;25.78;29.8;ND;33.23;39.11;NA;NA;ND;NA;NA;NA;
14;23;28.51;43.21;22.74;ND;29.21;30.25;NA;NA;ND;NA;NA;NA;
15;0;31.36;27.44;19.46;ND;28.65;ND;NA;NA;ND;NA;NA;NA;
15;1;23.88;30.7;20.26;ND;7.14;45.31;NA;NA;ND;NA;NA;NA;
15;2;25.1;30.07;19.18;ND;46.28;34.52;NA;NA;ND;NA;NA;NA;
15;3;25.76;29.51;25.19;ND;34.43;50.99;NA;NA;ND;NA;NA;NA;
15;4;20.03;27.96;13.45;ND;25.61;38.75;NA;NA;ND;NA;NA;NA;
15;5;21.35;57.9;13.12;ND;32.73;39.81;NA;NA;ND;NA;NA;NA;
15;6;4.04;92.62;15.79;ND;32.87;26.83;NA;NA;ND;NA;NA;NA;
15;7;30.55;37.49;16.87;ND;24.72;8.89;NA;NA;ND;NA;NA;NA;
15;8;19.51;32.72;8.7;ND;12.09;4.38;NA;NA;ND;NA;NA;NA;
15;9;8.31;40.58;9.2;ND;12.67;3.53;NA;NA;ND;NA;NA;NA;
15;10;29.96;43.11;3.57;ND;9.98;6.41;NA;NA;ND;NA;NA;NA;
15;11;19.6;24.9;10.45;ND;10.23;10.45;NA;NA;ND;NA;NA;NA;
15;12;3.94;17.32;7.47;ND;13.72;13.3;NA;NA;ND;NA;NA;NA;
15;13;27.18;19.49;9.33;ND;21.75;23.08;NA;NA;ND;NA;NA;NA;
15;14;28.82;62.53;29.45;ND;27.73;30.68;NA;NA;ND;NA;NA;NA;
15;15;29.78;36.02;26.62;ND;45.74;37.93;NA;NA;ND;NA;NA;NA;
15;16;30.32;24.86;40.63;ND;28.19;22.81;NA;NA;ND;NA;NA;NA;
15;17;35.37;3.83;35.76;ND;21.59;26.38;NA;NA;ND;NA;NA;NA;
15;18;16.73;34.51;36.82;ND;21.11;25.24;NA;NA;ND;NA;NA;NA;
15;19;20.27;14.42;36.19;ND;19.95;20.68;NA;NA;ND;NA;NA;NA;
15;20;23.31;29.14;30.11;ND;16.83;20.5;NA;NA;ND;NA;NA;NA;
15;21;22.64;29.24;26.32;ND;28.17;33.75;NA;NA;ND;NA;NA;NA;
15;22;29.94;19.48;15.64;ND;24.41;27.79;NA;NA;ND;NA;NA;NA;
15;23;12.51;16.91;30.41;ND;24;23.77;NA;NA;ND;NA;NA;NA;
16;0;28.72;23.64;27.09;ND;21.28;ND;NA;NA;ND;NA;NA;NA;
16;1;24.42;36.02;25.17;ND;29.86;21.6;NA;NA;ND;NA;NA;NA;
16;2;28.1;23.77;22.1;ND;21.42;25.17;NA;NA;ND;NA;NA;NA;
16;3;20.57;19.19;25.23;ND;26.74;33.38;NA;NA;ND;NA;NA;NA;
16;4;24.14;23.48;21.42;ND;28.1;23.38;NA;NA;ND;NA;NA;NA;
16;5;30.75;28.92;13.37;ND;27.45;17.47;NA;NA;ND;NA;NA;NA;
16;6;44.87;40.02;17.43;ND;41.09;17.27;NA;NA;ND;NA;NA;NA;
16;7;43.5;39.36;33.39;ND;48;18.73;NA;NA;ND;NA;NA;NA;
16;8;44.28;32.2;42.06;ND;26.26;13.27;NA;NA;ND;NA;NA;NA;
16;9;20.01;16.03;ND;ND;11.61;11.36;NA;NA;ND;NA;NA;NA;
16;10;28.76;11.94;ND;ND;18.8;3.94;NA;NA;ND;NA;NA;NA;
16;11;21.14;22.25;30.67;ND;26.12;28.75;NA;NA;ND;NA;NA;NA;
16;12;30.3;42.38;2.04;ND;29.85;52.36;NA;NA;ND;NA;NA;NA;
16;13;27.38;111.95;4.31;ND;22.64;ND;NA;NA;ND;NA;NA;NA;
16;14;33.92;77.61;9.73;ND;39.16;10.6;NA;NA;ND;NA;NA;NA;
16;15;49.76;40.71;21.48;ND;33.56;0;NA;NA;ND;NA;NA;NA;
16;16;ND;38.31;31.8;ND;16.53;0;NA;NA;ND;NA;NA;NA;
16;17;25.69;28.37;36.71;ND;13.28;0;NA;NA;ND;NA;NA;NA;
16;18;1.34;25.11;41.04;ND;29.12;3.04;NA;NA;ND;NA;NA;NA;
16;19;8.02;23.63;36.01;ND;43.62;4.47;NA;NA;ND;NA;NA;NA;
16;20;16.02;27.71;31.63;ND;47.34;21.78;NA;NA;ND;NA;NA;NA;
16;21;27.34;16.73;31.6;ND;47.46;48.19;NA;NA;ND;NA;NA;NA;
16;22;20;17.53;27.93;ND;31.5;2.37;NA;NA;ND;NA;NA;NA;
16;23;31.86;41.61;22.78;ND;28.32;10.8;NA;NA;ND;NA;NA;NA;
17;0;24.48;47.3;26.27;ND;34.01;ND;NA;NA;ND;NA;NA;NA;
17;1;37.97;37.98;23.03;ND;28.2;25.06;NA;NA;ND;NA;NA;NA;
17;2;26.6;36.36;20.91;ND;19.62;32.8;NA;NA;ND;NA;NA;NA;
17;3;36.55;25.11;26.87;ND;31.6;64.62;NA;NA;ND;NA;NA;NA;
17;4;31.92;37.18;25.29;ND;33.15;76.2;NA;NA;ND;NA;NA;NA;
17;5;42.64;41.11;37.12;ND;48.09;39.76;NA;NA;ND;NA;NA;NA;
17;6;45.77;62.63;50.06;ND;77.5;59.05;NA;NA;ND;NA;NA;NA;
17;7;44.13;41.85;79.51;ND;115.24;60.54;NA;NA;ND;NA;NA;NA;
17;8;48.5;21.25;74.71;ND;87.2;36.26;NA;NA;ND;NA;NA;NA;
17;9;40.37;39.16;ND;ND;43.25;ND;NA;NA;ND;NA;NA;NA;
17;10;40.14;31.54;ND;ND;30.78;18.55;NA;NA;ND;NA;NA;NA;
17;11;41.28;43.66;52.45;ND;16.7;ND;NA;NA;ND;NA;NA;NA;
17;12;40.24;25.9;2.98;ND;35.93;ND;NA;NA;ND;NA;NA;NA;
17;13;ND;46.92;8.75;ND;39.52;30.41;NA;NA;ND;NA;NA;NA;
17;14;63.77;66.49;30.22;ND;43.27;53.43;NA;NA;ND;NA;NA;NA;
17;15;26.84;56.49;57.26;ND;48.42;ND;NA;NA;ND;NA;NA;NA;
17;16;7.77;34.43;49.17;ND;26.79;ND;NA;NA;ND;NA;NA;NA;
17;17;0.69;22.78;38.43;ND;19.16;ND;NA;NA;ND;NA;NA;NA;
17;18;2.55;18.43;39.57;ND;24.51;0;NA;NA;ND;NA;NA;NA;
17;19;36.12;32.21;42.17;ND;34.77;0;NA;NA;ND;NA;NA;NA;
17;20;16.77;ND;34.21;ND;27.2;0;NA;NA;ND;NA;NA;NA;
17;21;18.5;ND;28.83;ND;46.09;12.28;NA;NA;ND;NA;NA;NA;
17;22;30.61;36.71;28.78;ND;31.6;4.67;NA;NA;ND;NA;NA;NA;
17;23;24.9;14.45;25.12;ND;31.01;11.85;NA;NA;ND;NA;NA;NA;
18;0;28.25;8.27;25.48;ND;32.01;ND;NA;NA;ND;NA;NA;NA;
18;1;30.37;14.69;16.44;ND;34.2;13.49;NA;NA;ND;NA;NA;NA;
18;2;26.58;13.85;21.26;ND;29.73;18.79;NA;NA;ND;NA;NA;NA;
18;3;21.87;19.92;21.94;ND;22.64;18.18;NA;NA;ND;NA;NA;NA;
18;4;30.72;20.45;19.54;ND;24.08;25.95;NA;NA;ND;NA;NA;NA;
18;5;28.16;26.76;19.67;ND;30.33;25.35;NA;NA;ND;NA;NA;NA;
18;6;33.27;35.59;24.09;ND;33.37;5.52;NA;NA;ND;NA;NA;NA;
18;7;37.91;27.77;21.6;ND;44.06;26.08;NA;NA;ND;NA;NA;NA;
18;8;43.24;25.19;74.07;ND;28.18;36.39;NA;NA;ND;NA;NA;NA;
18;9;41.55;20.49;85.43;ND;29.52;31.15;NA;NA;ND;NA;NA;NA;
18;10;31.24;23.78;ND;ND;37.38;20.83;NA;NA;ND;NA;NA;NA;
18;11;13.04;32.19;49.09;ND;36.38;24.84;NA;NA;ND;NA;NA;NA;
18;12;12.13;28.55;3.39;ND;31.54;ND;NA;NA;ND;NA;NA;NA;
18;13;14.6;15.29;12.89;ND;47.2;ND;NA;NA;ND;NA;NA;NA;
18;14;25.49;14.38;11.74;ND;27.86;13.11;NA;NA;ND;NA;NA;NA;
18;15;27.85;19.15;8.39;ND;36.37;0;NA;NA;ND;NA;NA;NA;
18;16;ND;34.28;22.42;ND;22.45;0;NA;NA;ND;NA;NA;NA;
18;17;7.74;29.15;15.93;ND;17.05;0;NA;NA;ND;NA;NA;NA;
18;18;13.02;56.22;38.59;ND;46.05;10.24;NA;NA;ND;NA;NA;NA;
18;19;29.31;38.51;29.99;ND;55.58;12.97;NA;NA;ND;NA;NA;NA;
18;20;24.65;31.95;30.41;ND;49.59;18.57;NA;NA;ND;NA;NA;NA;
18;21;34.71;27.17;14.12;ND;59.21;16;NA;NA;ND;NA;NA;NA;
18;22;22.75;19.11;26.76;ND;61.67;34.53;NA;NA;ND;NA;NA;NA;
18;23;27.52;35.85;16.32;ND;ND;37.19;NA;NA;ND;NA;NA;NA;
19;0;31.4;27.89;25.97;ND;54.95;ND;NA;NA;ND;NA;NA;NA;
19;1;15.81;27.92;17.15;ND;63.14;72.52;NA;NA;ND;NA;NA;NA;
19;2;23.5;36.77;18.17;ND;45.2;75.12;NA;NA;ND;NA;NA;NA;
19;3;29.21;52.36;15.61;ND;42.1;44.19;NA;NA;ND;NA;NA;NA;
19;4;25.95;53.22;11.12;ND;36.77;26.92;NA;NA;ND;NA;NA;NA;
19;5;20.88;58.64;20.62;ND;41.45;53.19;NA;NA;ND;NA;NA;NA;
19;6;33.66;92.47;23.94;ND;100.44;21.26;NA;NA;ND;NA;NA;NA;
19;7;68.34;88.18;55.33;ND;94.65;54.38;NA;NA;ND;NA;NA;NA;
19;8;60.32;22.67;55.56;ND;41.92;30.15;NA;NA;ND;NA;NA;NA;
19;9;27.2;25.84;54.39;ND;20.2;10.62;NA;NA;ND;NA;NA;NA;
19;10;20.19;20.57;33.82;ND;22.18;13.74;NA;NA;ND;NA;NA;NA;
19;11;24.23;23.21;0.22;ND;12.96;9.14;NA;NA;ND;NA;NA;NA;
19;12;ND;20.54;0.24;ND;13.92;17.3;NA;NA;ND;NA;NA;NA;
19;13;ND;36.62;9.21;ND;17.23;23.07;NA;NA;ND;NA;NA;NA;
19;14;19.82;32.32;28.04;ND;21.14;37.97;NA;NA;ND;NA;NA;NA;
19;15;6.32;22.09;21.4;ND;25.89;ND;NA;NA;ND;NA;NA;NA;
19;16;7.38;39.26;40.77;ND;36.7;ND;NA;NA;ND;NA;NA;NA;
19;17;7.28;42.76;40.02;ND;32.75;3.58;NA;NA;ND;NA;NA;NA;
19;18;7.45;37.72;50.76;ND;36.64;0;NA;NA;ND;NA;NA;NA;
19;19;22.59;34.6;52.24;ND;ND;0;NA;NA;ND;NA;NA;NA;
19;20;32.93;ND;43.33;ND;37.17;1.56;NA;NA;ND;NA;NA;NA;
19;21;41.6;ND;44.56;ND;55.24;23.25;NA;NA;ND;NA;NA;NA;
19;22;29.41;36.24;47.66;ND;58.08;53.29;NA;NA;ND;NA;NA;NA;
19;23;31.13;30.77;39.99;ND;48.92;26.95;NA;NA;ND;NA;NA;NA;
20;0;23.87;21.47;45.2;ND;56.48;ND;NA;NA;ND;NA;NA;NA;
20;1;35.73;28.06;50.66;ND;51.77;45.95;NA;NA;ND;NA;NA;NA;
20;2;40.74;27.29;41.99;ND;43.16;41.19;NA;NA;ND;NA;NA;NA;
20;3;39.63;26.68;35.95;ND;40.58;31.42;NA;NA;ND;NA;NA;NA;
20;4;35.59;40.77;37.11;ND;44.06;20.77;NA;NA;ND;NA;NA;NA;
20;5;46.87;39.02;40.48;ND;34.22;45.09;NA;NA;ND;NA;NA;NA;
20;6;41.61;67.17;47.68;ND;76.08;50.95;NA;NA;ND;NA;NA;NA;
20;7;45.72;67.3;18.03;ND;73.16;35.82;NA;NA;ND;NA;NA;NA;
20;8;57.34;47.21;37.79;ND;48.52;20.98;NA;NA;ND;NA;NA;NA;
20;9;33.97;29.32;62.08;ND;16.73;6.49;NA;NA;ND;NA;NA;NA;
20;10;16.98;26.64;38.11;ND;5.03;6.2;NA;NA;ND;NA;NA;NA;
20;11;7.91;21.96;1.31;ND;13.61;21.82;NA;NA;ND;NA;NA;NA;
20;12;16.88;31.11;0;ND;11.57;38.55;NA;NA;ND;NA;NA;NA;
20;13;11.56;22.07;2.21;ND;10.28;ND;NA;NA;ND;NA;NA;NA;
20;14;31.66;26.72;15.82;ND;23.26;3.96;NA;NA;ND;NA;NA;NA;
20;15;44.75;23.57;22.79;ND;36.16;0;NA;NA;ND;NA;NA;NA;
20;16;ND;25.48;21.98;ND;33.63;0;NA;NA;ND;NA;NA;NA;
20;17;39;23.77;28.89;ND;27.5;0;NA;NA;ND;NA;NA;NA;
20;18;2.69;20.3;30.22;ND;27.76;0.11;NA;NA;ND;NA;NA;NA;
20;19;6.64;26.52;44.98;ND;31.73;25.98;NA;NA;ND;NA;NA;NA;
20;20;21.9;28.66;47.46;ND;50.65;20.98;NA;NA;ND;NA;NA;NA;
20;21;22.88;49.01;ND;ND;36.89;36.72;NA;NA;ND;NA;NA;NA;
20;22;25.69;57.64;53.59;ND;51.14;35.6;NA;NA;ND;NA;NA;NA;
20;23;55.42;79.63;52;ND;54.65;47.99;NA;NA;ND;NA;NA;NA;
21;0;38.46;53.35;27.65;ND;54.3;ND;NA;NA;ND;NA;NA;NA;
21;1;45.4;36.15;13.48;ND;13.8;14.06;NA;NA;ND;NA;NA;NA;
21;2;48.53;55.35;9.17;ND;15.96;5.11;NA;NA;ND;NA;NA;NA;
21;3;32.6;45.86;7.21;ND;4.9;9.22;NA;NA;ND;NA;NA;NA;
21;4;25.52;43.65;5.48;ND;10.67;5.11;NA;NA;ND;NA;NA;NA;
21;5;29.79;52.84;6.29;ND;22.19;3.13;NA;NA;ND;NA;NA;NA;
21;6;29.45;50;2.02;ND;19.43;6.35;NA;NA;ND;NA;NA;NA;
21;7;20.38;7.09;6.6;ND;14.47;5.84;NA;NA;ND;NA;NA;NA;
21;8;17.53;18.98;4.72;ND;14.79;11.52;NA;NA;ND;NA;NA;NA;
21;9;5.3;21.74;4.38;ND;9.88;4.17;NA;NA;ND;NA;NA;NA;
21;10;14.7;17.79;5.12;ND;10.51;1.65;NA;NA;ND;NA;NA;NA;
21;11;8.82;18.17;7.6;ND;6.38;7.36;NA;NA;ND;NA;NA;NA;
21;12;4.42;22.45;0.64;ND;11.21;17.18;NA;NA;ND;NA;NA;NA;
21;13;14.97;31.02;7.84;ND;21.11;7.62;NA;NA;ND;NA;NA;NA;
21;14;25.22;23.7;12.9;ND;7.29;10.54;NA;NA;ND;NA;NA;NA;
21;15;31.92;27.2;23.57;ND;20.39;20.66;NA;NA;ND;NA;NA;NA;
21;16;19.27;9.43;21.5;ND;35.89;14.23;NA;NA;ND;NA;NA;NA;
21;17;10.56;40.91;21.04;ND;32.47;25.26;NA;NA;ND;NA;NA;NA;
21;18;22.19;10.32;24.81;ND;26.75;26.86;NA;NA;ND;NA;NA;NA;
21;19;22.79;36.45;33.45;ND;34.76;37.74;NA;NA;ND;NA;NA;NA;
21;20;24.52;28.92;39.49;ND;49.24;45.72;NA;NA;ND;NA;NA;NA;
21;21;29.18;27.6;28.34;ND;35.11;37.11;NA;NA;ND;NA;NA;NA;
21;22;16.38;46.82;19.31;ND;43.75;25.03;NA;NA;ND;NA;NA;NA;
21;23;18.64;30.66;16.57;ND;52.95;33.16;NA;NA;ND;NA;NA;NA;
22;0;4.17;27.84;20.66;ND;66.84;ND;NA;NA;ND;NA;NA;NA;
22;1;21.41;41.48;15.63;ND;33;27.58;NA;NA;ND;NA;NA;NA;
22;2;24.98;37.55;10.67;ND;10.7;5.33;NA;NA;ND;NA;NA;NA;
22;3;15.52;35.07;11.83;ND;9.7;5.48;NA;NA;ND;NA;NA;NA;
22;4;27.79;53.26;11.37;ND;13.7;11.9;NA;NA;ND;NA;NA;NA;
22;5;13.74;37.52;10.34;ND;9.62;15.6;NA;NA;ND;NA;NA;NA;
22;6;18.97;44.67;16.66;ND;19.07;5.15;NA;NA;ND;NA;NA;NA;
22;7;22.81;22.17;8.74;ND;10.09;2.61;NA;NA;ND;NA;NA;NA;
22;8;18.06;22.94;17.67;ND;20.81;7.84;NA;NA;ND;NA;NA;NA;
22;9;8.69;14.71;12.14;ND;8.35;2.86;NA;NA;ND;NA;NA;NA;
22;10;23.2;15.97;3.85;ND;3.8;3.98;NA;NA;ND;NA;NA;NA;
22;11;17.45;16.35;5.82;ND;0.95;12.01;NA;NA;ND;NA;NA;NA;
22;12;14.47;15.3;0.75;ND;8.42;4.37;NA;NA;ND;NA;NA;NA;
22;13;16.26;35.83;12.49;ND;38.48;13.74;NA;NA;ND;NA;NA;NA;
22;14;6.95;15.31;14.89;ND;19.13;24.6;NA;NA;ND;NA;NA;NA;
22;15;11.79;26.97;15.32;ND;27.11;17.2;NA;NA;ND;NA;NA;NA;
22;16;18.59;31.16;18.51;ND;23.47;14.18;NA;NA;ND;NA;NA;NA;
22;17;13.03;17.89;11.85;ND;14.89;18.37;NA;NA;ND;NA;NA;NA;
22;18;7.37;20.01;15.94;ND;10.8;13.57;NA;NA;ND;NA;NA;NA;
22;19;8.15;4.88;17.38;ND;17.33;17.19;NA;NA;ND;NA;NA;NA;
22;20;24.92;25.17;11.44;ND;17.04;29.27;NA;NA;ND;NA;NA;NA;
22;21;18.66;1.27;31.84;ND;21.04;32.33;NA;NA;ND;NA;NA;NA;
22;22;8.53;10.92;ND;ND;19.13;26.7;NA;NA;ND;NA;NA;NA;
22;23;8.05;ND;ND;ND;17.24;18.33;NA;NA;ND;NA;NA;NA;
23;0;6.38;10.63;22.24;ND;25.76;ND;NA;NA;ND;NA;NA;NA;
23;1;14.92;4.04;23.97;ND;9.73;25.34;NA;NA;ND;NA;NA;NA;
23;2;13.96;3.34;22.13;ND;21.92;20.06;NA;NA;ND;NA;NA;NA;
23;3;21.26;21.9;19.14;ND;27.83;21.1;NA;NA;ND;NA;NA;NA;
23;4;20.24;19.46;20.22;ND;25.69;21.35;NA;NA;ND;NA;NA;NA;
23;5;19.99;18.55;22.33;ND;20.57;22.9;NA;NA;ND;NA;NA;NA;
23;6;34.54;29.79;24.34;ND;37.41;25.67;NA;NA;ND;NA;NA;NA;
23;7;41.57;12.93;41.14;ND;48.64;44.65;NA;NA;ND;NA;NA;NA;
23;8;41.75;43.55;45.46;ND;51.23;44.22;NA;NA;ND;NA;NA;NA;
23;9;22.46;36.51;45.71;ND;40.83;32.24;NA;NA;ND;NA;NA;NA;
23;10;3.07;13.82;41.36;ND;19.15;7.18;NA;NA;ND;NA;NA;NA;
23;11;13.81;16.52;1.74;ND;18.13;26.35;NA;NA;ND;NA;NA;NA;
23;12;32.57;11.17;5.92;ND;29.14;11.09;NA;NA;ND;NA;NA;NA;
23;13;ND;14.31;29.33;ND;9.71;3.65;NA;NA;ND;NA;NA;NA;
23;14;11.82;25.26;19.02;ND;4.64;22.89;NA;NA;ND;NA;NA;NA;
23;15;4.35;18.23;0.04;ND;29.03;47.59;NA;NA;ND;NA;NA;NA;
23;16;0;10.02;12.45;ND;27;ND;NA;NA;ND;NA;NA;NA;
23;17;5.99;13.9;21.97;ND;16.54;4.22;NA;NA;ND;NA;NA;NA;
23;18;4.57;16.64;22.96;ND;18.41;ND;NA;NA;ND;NA;NA;NA;
23;19;9.07;32.05;23.74;ND;22.62;0;NA;NA;ND;NA;NA;NA;
23;20;19.08;2.01;26.03;ND;10.57;0;NA;NA;ND;NA;NA;NA;
23;21;18.19;8.11;15.52;ND;34.1;0;NA;NA;ND;NA;NA;NA;
23;22;17.55;14.48;20.73;ND;24.88;13.33;NA;NA;ND;NA;NA;NA;
23;23;6.22;8.57;24.25;ND;20.29;7.36;NA;NA;ND;NA;NA;NA;
24;0;25.9;20.59;14.18;ND;10.68;ND;NA;NA;ND;NA;NA;NA;
24;1;22.1;10.01;21.58;ND;19.31;16.64;NA;NA;ND;NA;NA;NA;
24;2;21.84;4.99;19.86;ND;20.17;9.31;NA;NA;ND;NA;NA;NA;
24;3;13.89;8.36;11.66;ND;6.44;10.48;NA;NA;ND;NA;NA;NA;
24;4;19.06;23.18;13.76;ND;15.23;6.98;NA;NA;ND;NA;NA;NA;
24;5;16.64;28.52;10.22;ND;16.64;14.1;NA;NA;ND;NA;NA;NA;
24;6;42.04;22.7;17.05;ND;36.16;24.99;NA;NA;ND;NA;NA;NA;
24;7;44.03;27.1;36.39;ND;44.43;32.35;NA;NA;ND;NA;NA;NA;
24;8;31.58;31.39;44.86;ND;44.9;19.29;NA;NA;ND;NA;NA;NA;
24;9;23.22;19.99;57.59;ND;26.44;21.16;NA;NA;ND;NA;NA;NA;
24;10;18.5;27.37;52.39;ND;20.6;11.18;NA;NA;ND;NA;NA;NA;
24;11;15.02;15.35;5.08;ND;29.92;29.47;NA;NA;ND;NA;NA;NA;
24;12;15.34;11.57;0;ND;35.09;49.98;NA;NA;ND;NA;NA;NA;
24;13;17.02;20.9;11.64;ND;33.54;ND;NA;NA;ND;NA;NA;NA;
24;14;21.27;29.89;16.16;ND;39.83;ND;NA;NA;ND;NA;NA;NA;
24;15;31.34;16.94;17.19;ND;30.77;0;NA;NA;ND;NA;NA;NA;
24;16;ND;30.39;38.91;ND;31;0;NA;NA;ND;NA;NA;NA;
24;17;16.9;40.01;45.6;ND;21.17;0;NA;NA;ND;NA;NA;NA;
24;18;6.61;30.73;36.63;ND;36.32;0.22;NA;NA;ND;NA;NA;NA;
24;19;8.98;34.71;40.43;ND;41.31;2.29;NA;NA;ND;NA;NA;NA;
24;20;10.38;28.5;33.08;ND;47.96;37.76;NA;NA;ND;NA;NA;NA;
24;21;19.61;19.26;41.2;ND;37.85;22.13;NA;NA;ND;NA;NA;NA;
24;22;22.33;7.01;34.81;ND;49.7;24.3;NA;NA;ND;NA;NA;NA;
24;23;19.89;17.96;32.14;ND;34.18;26;NA;NA;ND;NA;NA;NA;
25;0;21.85;41.98;39.09;ND;37.04;ND;NA;NA;ND;NA;NA;NA;
25;1;18.01;18.17;21.95;ND;19.79;25.18;NA;NA;ND;NA;NA;NA;
25;2;31.04;28.01;19.59;ND;12.86;12.72;NA;NA;ND;NA;NA;NA;
25;3;31.94;17.92;20.78;ND;23.71;12.87;NA;NA;ND;NA;NA;NA;
25;4;34.24;25.24;9.98;ND;17.26;16.43;NA;NA;ND;NA;NA;NA;
25;5;25.23;26.62;19.05;ND;28.25;23.9;NA;NA;ND;NA;NA;NA;
25;6;30.1;43.98;20.43;ND;40.85;21.58;NA;NA;ND;NA;NA;NA;
25;7;44.79;24.08;28.14;ND;62.23;43.88;NA;NA;ND;NA;NA;NA;
25;8;35.83;24.17;46.63;ND;62.25;46.48;NA;NA;ND;NA;NA;NA;
25;9;47.24;36.1;75.74;ND;61.64;28.29;NA;NA;ND;NA;NA;NA;
25;10;36.53;27.12;55.19;ND;29.01;21.81;NA;NA;ND;NA;NA;NA;
25;11;31.08;44.55;6.67;ND;29.2;27.11;NA;NA;ND;NA;NA;NA;
25;12;46.01;43.78;5.69;ND;32.83;27.84;NA;NA;ND;NA;NA;NA;
25;13;ND;33.52;20.71;ND;27.2;25.62;NA;NA;ND;NA;NA;NA;
25;14;27.84;20.73;14.25;ND;32.25;22.84;NA;NA;ND;NA;NA;NA;
25;15;22.05;23.86;30.11;ND;20.98;28.67;NA;NA;ND;NA;NA;NA;
25;16;17.85;44.56;21.48;ND;42.85;24.32;NA;NA;ND;NA;NA;NA;
25;17;17.85;30.36;40.27;ND;22.81;31.87;NA;NA;ND;NA;NA;NA;
25;18;18.3;33.45;48.32;ND;34;39.4;NA;NA;ND;NA;NA;NA;
25;19;31.51;23.38;ND;ND;22.32;43.53;NA;NA;ND;NA;NA;NA;
25;20;23.77;25.24;40.63;ND;32.15;40.47;NA;NA;ND;NA;NA;NA;
25;21;25.91;17.65;44.51;ND;38.32;41.33;NA;NA;ND;NA;NA;NA;
25;22;36.48;21.07;35.7;ND;41.12;33.43;NA;NA;ND;NA;NA;NA;
25;23;29.66;27.04;39.17;ND;39;38.09;NA;NA;ND;NA;NA;NA;
26;0;36.71;32.03;35.03;ND;30.37;ND;NA;NA;ND;NA;NA;NA;
26;1;23.2;24.86;35.07;ND;37.41;37.06;NA;NA;ND;NA;NA;NA;
26;2;27.61;29.71;28.54;ND;32.86;35.8;NA;NA;ND;NA;NA;NA;
26;3;36.66;22.73;30.67;ND;32.01;37.03;NA;NA;ND;NA;NA;NA;
26;4;34.65;25.64;29.27;ND;39.54;31.48;NA;NA;ND;NA;NA;NA;
26;5;39.08;29.21;32.93;ND;32.58;29.25;NA;NA;ND;NA;NA;NA;
26;6;45.33;51.39;44.31;ND;83.84;52.32;NA;NA;ND;NA;NA;NA;
26;7;51.35;67.18;63.77;ND;100.1;25.19;NA;NA;ND;NA;NA;NA;
26;8;43.58;ND;38.95;ND;26.74;23.55;NA;NA;ND;NA;NA;NA;
26;9;49.12;34.5;38.37;ND;68.09;12.25;NA;NA;ND;NA;NA;NA;
26;10;25.56;ND;51.03;ND;37.3;6.62;NA;NA;ND;NA;NA;NA;
26;11;22.45;ND;1.07;ND;34.83;8.38;NA;NA;ND;NA;NA;NA;
26;12;10.94;36.9;0;ND;21.88;41.26;NA;NA;ND;NA;NA;NA;
26;13;21.3;50.21;2.27;ND;12.78;54.93;NA;NA;ND;NA;NA;NA;
26;14;28.21;31.25;18.28;ND;40.02;ND;NA;NA;ND;NA;NA;NA;
26;15;45.59;29.51;20.41;ND;35.44;0;NA;NA;ND;NA;NA;NA;
26;16;ND;22.88;20.37;ND;41.35;0;NA;NA;ND;NA;NA;NA;
26;17;32.88;20.08;29.07;ND;18.77;0;NA;NA;ND;NA;NA;NA;
26;18;1.47;6.92;41.35;ND;24.65;0;NA;NA;ND;NA;NA;NA;
26;19;0;11.96;37;ND;18.52;3.79;NA;NA;ND;NA;NA;NA;
26;20;3.86;10.28;38.26;ND;25;21.96;NA;NA;ND;NA;NA;NA;
26;21;18.74;19.05;31.96;ND;36.44;26.63;NA;NA;ND;NA;NA;NA;
26;22;16.82;23.21;27.46;ND;34.06;25.64;NA;NA;ND;NA;NA;NA;
26;23;26.57;35.79;29.63;ND;26.26;29.55;NA;NA;ND;NA;NA;NA;
27;0;38.58;15.38;33.26;ND;30.3;ND;NA;NA;ND;NA;NA;NA;
27;1;31.19;34.31;31.2;ND;32.81;39.32;NA;NA;ND;NA;NA;NA;
27;2;31.96;15.61;29.62;ND;38.08;35.26;NA;NA;ND;NA;NA;NA;
27;3;19.2;16.27;30.19;ND;38.85;30.06;NA;NA;ND;NA;NA;NA;
27;4;22.69;32.29;20.69;ND;31.61;28;NA;NA;ND;NA;NA;NA;
27;5;29.65;24.6;29.09;ND;25.33;30.31;NA;NA;ND;NA;NA;NA;
27;6;44.03;26;39.05;ND;42.86;31.16;NA;NA;ND;NA;NA;NA;
27;7;39.12;40.15;41.16;ND;58.25;51.98;NA;NA;ND;NA;NA;NA;
27;8;49.43;25.4;76.34;ND;60.64;41.4;NA;NA;ND;NA;NA;NA;
27;9;57.55;35.47;ND;ND;43.29;31.84;NA;NA;ND;NA;NA;NA;
27;10;20.51;27.07;ND;ND;43.75;27.55;NA;NA;ND;NA;NA;NA;
27;11;20.11;10.65;ND;ND;33.77;15.59;NA;NA;ND;NA;NA;NA;
27;12;ND;22.69;0;ND;25.32;19.16;NA;NA;ND;NA;NA;NA;
27;13;ND;18.63;4.72;ND;30.2;19.08;NA;NA;ND;NA;NA;NA;
27;14;ND;21.39;9.68;ND;28.33;28.41;NA;NA;ND;NA;NA;NA;
27;15;0;34.09;12.13;ND;35.79;32.4;NA;NA;ND;NA;NA;NA;
27;16;0.32;27.53;15.86;ND;48.81;ND;NA;NA;ND;NA;NA;NA;
27;17;0.89;17.88;29.87;ND;36.3;4.75;NA;NA;ND;NA;NA;NA;
27;18;6.55;9.67;33.61;ND;25.6;0;NA;NA;ND;NA;NA;NA;
27;19;7.79;11.8;27.37;ND;15.31;0;NA;NA;ND;NA;NA;NA;
27;20;11.38;8.77;23.96;ND;21.88;0;NA;NA;ND;NA;NA;NA;
27;21;9.86;12.09;21;ND;35.49;2.17;NA;NA;ND;NA;NA;NA;
27;22;16.67;8.2;20.8;ND;39.52;1.43;NA;NA;ND;NA;NA;NA;
27;23;11.81;13.51;ND;ND;17.2;7.49;NA;NA;ND;NA;NA;NA;
28;0;30.2;18.84;22.36;ND;18.75;ND;NA;NA;ND;NA;NA;NA;
28;1;22.33;14.41;16.52;ND;29.23;13.21;NA;NA;ND;NA;NA;NA;
28;2;23.24;7.43;22.78;ND;19.55;20.18;NA;NA;ND;NA;NA;NA;
28;3;23.87;12.91;15.65;ND;21.18;13.58;NA;NA;ND;NA;NA;NA;
28;4;17.76;21.92;21.4;ND;22.84;19.8;NA;NA;ND;NA;NA;NA;
28;5;22.48;25.59;21.36;ND;32.91;19.07;NA;NA;ND;NA;NA;NA;
28;6;23.67;18.96;25.15;ND;36.7;28.28;NA;NA;ND;NA;NA;NA;
28;7;21.79;15.6;20.17;ND;23.5;11.54;NA;NA;ND;NA;NA;NA;
28;8;36.62;18.74;26.75;ND;26.88;24.78;NA;NA;ND;NA;NA;NA;
28;9;21.69;27.97;30.43;ND;21.43;17.73;NA;NA;ND;NA;NA;NA;
28;10;31.35;23.43;28.92;ND;63.04;30.89;NA;NA;ND;NA;NA;NA;
28;11;9.92;16.85;22.37;ND;31.67;3.64;NA;NA;ND;NA;NA;NA;
28;12;14.56;23.45;4.95;ND;13.15;5.05;NA;NA;ND;NA;NA;NA;
28;13;23.88;34.31;12.78;ND;27.73;21.96;NA;NA;ND;NA;NA;NA;
28;14;16.44;38.26;22.86;ND;21.76;18.95;NA;NA;ND;NA;NA;NA;
28;15;21.6;37.59;30.58;ND;39.75;22.53;NA;NA;ND;NA;NA;NA;
28;16;22.49;39.41;37;ND;28.07;21.14;NA;NA;ND;NA;NA;NA;
28;17;9.72;23.75;28.44;ND;19.59;22.21;NA;NA;ND;NA;NA;NA;
28;18;7.78;18.22;34.51;ND;20.81;20.47;NA;NA;ND;NA;NA;NA;
28;19;8.49;7.43;24.42;ND;17.39;30.56;NA;NA;ND;NA;NA;NA;
28;20;7.56;12.96;27.25;ND;14.32;27.59;NA;NA;ND;NA;NA;NA;
28;21;13.32;13.52;21.59;ND;36.17;25.33;NA;NA;ND;NA;NA;NA;
28;22;2.8;13.28;12.02;ND;24.55;21.03;NA;NA;ND;NA;NA;NA;
28;23;13.68;15.52;13.25;ND;13.73;8.13;NA;NA;ND;NA;NA;NA;
29;0;20.64;26.13;2.84;ND;22.35;ND;NA;NA;ND;NA;NA;NA;
29;1;2.88;18.17;6.15;ND;11.04;10.14;NA;NA;ND;NA;NA;NA;
29;2;11.1;13.25;11.56;ND;14.48;13.79;NA;NA;ND;NA;NA;NA;
29;3;9.15;9.93;6.31;ND;9.22;10.09;NA;NA;ND;NA;NA;NA;
29;4;10.21;5.83;14.29;ND;11.56;8.11;NA;NA;ND;NA;NA;NA;
29;5;6.27;9.41;9.55;ND;17.43;15.83;NA;NA;ND;NA;NA;NA;
29;6;3.12;23.43;11.23;ND;11.53;9.25;NA;NA;ND;NA;NA;NA;
29;7;9.02;18.37;10.63;ND;15.57;15.43;NA;NA;ND;NA;NA;NA;
29;8;10.71;9.26;12.24;ND;30.87;9.15;NA;NA;ND;NA;NA;NA;
29;9;18.41;9.77;7.41;ND;23.5;15.72;NA;NA;ND;NA;NA;NA;
29;10;21.5;12.57;19.1;ND;17.94;6.62;NA;NA;ND;NA;NA;NA;
29;11;16.67;13.83;8.37;ND;8.08;8.08;NA;NA;ND;NA;NA;NA;
29;12;23.38;18.35;5.37;ND;12.63;6.72;NA;NA;ND;NA;NA;NA;
29;13;18.85;27.72;15.03;ND;27.49;26.36;NA;NA;ND;NA;NA;NA;
29;14;15.33;27.35;17.78;ND;20.47;24.3;NA;NA;ND;NA;NA;NA;
29;15;17.15;26.32;18.16;ND;8.11;20.39;NA;NA;ND;NA;NA;NA;
29;16;7.74;9.34;31.01;ND;13.37;31.05;NA;NA;ND;NA;NA;NA;
29;17;13.18;8.74;26.62;ND;12.63;17.94;NA;NA;ND;NA;NA;NA;
29;18;11.08;11.88;23.56;ND;4.74;23.49;NA;NA;ND;NA;NA;NA;
29;19;20.54;25.43;19.7;ND;26.04;24.4;NA;NA;ND;NA;NA;NA;
29;20;16.46;10.68;17.53;ND;14.43;25.83;NA;NA;ND;NA;NA;NA;
29;21;14.71;17.77;14.21;ND;46.42;16.42;NA;NA;ND;NA;NA;NA;
29;22;18.08;5.35;14.64;ND;25.55;18.88;NA;NA;ND;NA;NA;NA;
29;23;20.55;24.24;12.62;ND;14.53;14.78;NA;NA;ND;NA;NA;NA;
30;0;18.31;13.76;23.06;ND;23.34;ND;NA;NA;ND;NA;NA;NA;
30;1;15.34;8.47;17.65;ND;32.63;20.7;NA;NA;ND;NA;NA;NA;
30;2;13.77;18.27;13.8;ND;26.81;14.83;NA;NA;ND;NA;NA;NA;
30;3;15.8;19.54;13.74;ND;14.92;15.38;NA;NA;ND;NA;NA;NA;
30;4;17.11;5.28;8.24;ND;12.85;12.21;NA;NA;ND;NA;NA;NA;
30;5;18.36;13.37;11.62;ND;15.63;6.86;NA;NA;ND;NA;NA;NA;
30;6;23.08;21.93;13.92;ND;32.29;13.83;NA;NA;ND;NA;NA;NA;
30;7;31.29;32.08;34.98;ND;48.45;34.84;NA;NA;ND;NA;NA;NA;
30;8;ND;14.16;49.1;ND;25.26;24.79;NA;NA;ND;NA;NA;NA;
30;9;ND;17.8;67.26;ND;19.41;19.85;NA;NA;ND;NA;NA;NA;
30;10;ND;12.3;44.85;ND;19.81;24.19;NA;NA;ND;NA;NA;NA;
30;11;ND;19.36;1.68;ND;10.22;25.8;NA;NA;ND;NA;NA;NA;
30;12;ND;31.68;5.11;ND;37.5;51.09;NA;NA;ND;NA;NA;NA;
30;13;ND;19.09;11.85;ND;18.08;ND;NA;NA;ND;NA;NA;NA;
30;14;ND;17.35;24.91;ND;33.68;ND;NA;NA;ND;NA;NA;NA;
30;15;ND;37.85;27.89;ND;44.9;0;NA;NA;ND;NA;NA;NA;
30;16;ND;22.85;33.72;ND;12.7;ND;NA;NA;ND;NA;NA;NA;
30;17;ND;20.72;33.33;ND;22.27;2.96;NA;NA;ND;NA;NA;NA;
30;18;ND;22.47;33.51;ND;37.46;2.56;NA;NA;ND;NA;NA;NA;
30;19;ND;18.97;29.68;ND;36.7;10.03;NA;NA;ND;NA;NA;NA;
30;20;ND;25.56;35.4;ND;39.91;29.52;NA;NA;ND;NA;NA;NA;
30;21;ND;23.79;39.91;ND;55.45;26.61;NA;NA;ND;NA;NA;NA;
30;22;ND;23.1;31.67;ND;47.75;40.01;NA;NA;ND;NA;NA;NA;
30;23;ND;31.46;27.97;ND;33.24;29.3;NA;NA;ND;NA;NA;NA;
