DIA;HORA;Cotocollao;Carapungo;Belisario;Jipijapa;El Camal;Centro;Guamaní;Tumbaco;Los Chillos;El Condado;Turubamba;Chillogallo;
1;0;1.86;1.54;1.23;NA;0;1.25;8.33;ND;1.29;NA;NA;NA;
1;1;2.39;0.76;1.5;NA;0;2.08;13.86;0.74;1.36;NA;NA;NA;
1;2;2.15;ND;ND;NA;ND;2.02;19.03;0.98;1.28;NA;NA;NA;
1;3;1.4;1.13;0.94;NA;0;1.55;20.29;0.81;1.21;NA;NA;NA;
1;4;1.57;1.3;0.79;NA;1.39;1.23;11.13;0.81;1.03;NA;NA;NA;
1;5;1.36;2.12;0.7;NA;0;2.19;18.79;0.99;1.42;NA;NA;NA;
1;6;1.65;2.81;1.46;NA;0.11;3.82;16.81;0.99;1.8;NA;NA;NA;
1;7;2.81;4.41;2.93;NA;1.38;5.57;18.96;2.03;2.15;NA;NA;NA;
1;8;7.21;14.01;9.93;NA;13.63;15.09;22.68;5.87;7.28;NA;NA;NA;
1;9;24.97;28.48;29.04;NA;26.68;31.5;28.26;18.88;15.03;NA;NA;NA;
1;10;45.53;44.72;30.53;NA;34.15;39.97;34.74;36.2;28.56;NA;NA;NA;
1;11;55.32;48.8;46.43;NA;42.76;56.43;37.92;53;46.75;NA;NA;NA;
1;12;50.45;50.43;54.72;NA;62.63;63.72;43.14;64.72;42.96;NA;NA;NA;
1;13;42.74;44.55;54.92;NA;43.84;64.39;33.49;64.7;31.28;NA;NA;NA;
1;14;35.66;36.17;41.84;NA;26.39;30.13;31.17;34.33;30.22;NA;NA;NA;
1;15;28.87;32.97;28.7;NA;20.37;20.41;28.66;17.13;32.91;NA;NA;NA;
1;16;32.9;27.71;20.15;NA;17.78;23.59;26.93;35.38;26.52;NA;NA;NA;
1;17;13.45;27.66;14.87;NA;19.35;10.99;19.46;28.54;20.43;NA;NA;NA;
1;18;5.87;25.93;12.72;NA;10.01;10.01;17.79;22.33;6.09;NA;NA;NA;
1;19;7.85;23.53;9.21;NA;8.01;5.37;10.1;23.99;3.08;NA;NA;NA;
1;20;6.61;22.88;10.25;NA;5.74;7.84;5.93;25.05;1.25;NA;NA;NA;
1;21;9.63;25.76;14.08;NA;3.28;8.52;3.02;25.9;1.21;NA;NA;NA;
1;22;17.21;24.49;16.06;NA;1.28;14.71;6.74;26.88;3.66;NA;NA;NA;
1;23;15.63;26.4;14.63;NA;2.64;10.06;6.93;24.99;2.75;NA;NA;NA;
2;0;19.54;20.52;10.84;NA;16.57;4.88;12.1;28.25;16.59;NA;NA;NA;
2;1;17.17;22.86;17.19;NA;23.14;14.54;ND;25.46;ND;NA;NA;NA;
2;2;12.68;19.85;9.57;NA;20.03;16.33;16.62;21.72;12.4;NA;NA;NA;
2;3;7.59;13.47;10.08;NA;24.79;18.4;22.84;20.36;19.39;NA;NA;NA;
2;4;7.64;17.66;16.23;NA;25.8;19.83;18.7;15.53;17.81;NA;NA;NA;
2;5;5.76;16.32;16.35;NA;10.04;8.75;9.25;16.09;16.29;NA;NA;NA;
2;6;3.35;9.21;10.58;NA;7.95;11.09;7.14;15.19;15.13;NA;NA;NA;
2;7;11.03;14.39;12.22;NA;18.71;11.21;9.01;23.98;16.08;NA;NA;NA;
2;8;17.15;21.43;16.81;NA;16.67;16.63;22.37;24.82;22.56;NA;NA;NA;
2;9;22.8;32.05;22.99;NA;23.59;25.46;36.33;34.09;33.6;NA;NA;NA;
2;10;43.3;44.84;33.75;NA;34.95;41.24;41.27;43.04;44.68;NA;NA;NA;
2;11;49.85;47.86;47.31;NA;46.62;47.54;55.64;52.99;47;NA;NA;NA;
2;12;33.47;47.7;45.81;NA;29.36;47.26;36.7;53.86;38.92;NA;NA;NA;
2;13;33;38.45;32.74;NA;19.66;22.67;37.42;44.29;45.34;NA;NA;NA;
2;14;37.59;29.69;15.26;NA;14.6;16.9;23.55;29.06;28.27;NA;NA;NA;
2;15;36.99;16.77;8.99;NA;17.15;17.51;19.84;22.67;18.9;NA;NA;NA;
2;16;34.94;18.52;2.61;NA;10.45;4.38;18.22;20.38;18.19;NA;NA;NA;
2;17;28.64;25.53;2.65;NA;9.04;3.26;10.04;24.64;4.94;NA;NA;NA;
2;18;21.08;26.63;0.86;NA;5.55;1.95;2.83;25.27;9.82;NA;NA;NA;
2;19;14.63;25.25;2.66;NA;5.59;5.83;1.2;22.45;13.79;NA;NA;NA;
2;20;12.58;19.73;5.85;NA;8.07;11.05;8.22;23.21;18.76;NA;NA;NA;
2;21;12.87;8.62;4.15;NA;4.34;8.12;15.04;15.1;20.52;NA;NA;NA;
2;22;11.58;5.14;3.07;NA;7.99;4.41;8.47;11.47;17.53;NA;NA;NA;
2;23;15.65;3.68;2.93;NA;5.87;9.84;13.97;7.25;13.35;NA;NA;NA;
3;0;24.72;1.98;2.41;NA;2.11;2.02;13.27;ND;19.18;NA;NA;NA;
3;1;14.56;7.05;1.14;NA;4.8;1.84;15.49;4.3;19.3;NA;NA;NA;
3;2;ND;ND;ND;NA;ND;3.42;11.72;6;15.16;NA;NA;NA;
3;3;16.47;12.72;5.25;NA;0.98;1.71;9.18;4.94;8.84;NA;NA;NA;
3;4;9.82;19.27;15.36;NA;13.15;8.29;5.77;8.72;2.28;NA;NA;NA;
3;5;6.73;14.47;12.37;NA;4.22;6.62;7.42;7.46;1.08;NA;NA;NA;
3;6;5.32;15.8;10.11;NA;2.64;5.18;4.96;6.14;1.98;NA;NA;NA;
3;7;4.64;24.9;16.77;NA;9.41;11.04;7.46;13.57;7.26;NA;NA;NA;
3;8;17.72;25.73;18.67;NA;18.89;19.41;20.35;22.2;17.04;NA;NA;NA;
3;9;35.96;33.54;21.57;NA;29.29;23.37;54.3;24.48;25.49;NA;NA;NA;
3;10;52.3;38.18;28.14;NA;30.03;34.6;50.35;32.03;35.21;NA;NA;NA;
3;11;57.15;48.55;50.18;NA;46.76;54.59;50.27;50.14;46.56;NA;NA;NA;
3;12;55.91;48.07;63.96;NA;52.2;69.09;38.04;62.82;69.83;NA;NA;NA;
3;13;49.9;38.06;29.86;NA;17.29;37.96;29.33;69.16;56.79;NA;NA;NA;
3;14;ND;33.33;13.83;NA;16.81;20.11;22.15;40.52;25.34;NA;NA;NA;
3;15;39.6;29.09;12.88;NA;19.62;13.94;23.68;26.41;22.12;NA;NA;NA;
3;16;38.99;29.91;11.86;NA;22.13;8.15;21.39;19.15;22.18;NA;NA;NA;
3;17;30.97;26.34;6.2;NA;17.49;5.52;18.65;17.93;22.82;NA;NA;NA;
3;18;28.61;6.69;4.6;NA;6.91;5.18;20.48;23.82;13.74;NA;NA;NA;
3;19;20.76;7.63;0.86;NA;4.58;3.11;6.06;15.04;12.07;NA;NA;NA;
3;20;17.17;4.02;0.54;NA;7.6;1.81;1.85;4.88;17.68;NA;NA;NA;
3;21;11.95;7.21;4.4;NA;6.31;1.82;1.76;6.17;13.09;NA;NA;NA;
3;22;22.83;7.12;4.44;NA;5.43;ND;2.55;4.39;1.49;NA;NA;NA;
3;23;32.75;9.43;11.06;NA;6.26;ND;2.99;3.44;0.99;NA;NA;NA;
4;0;ND;18.52;14.64;NA;4.2;5.25;6.98;4.5;0.57;NA;NA;NA;
4;1;ND;24.04;23.64;NA;1.29;4.59;ND;5.65;ND;NA;NA;NA;
4;2;ND;27.51;20.05;NA;1.43;ND;11.86;1.4;0.73;NA;NA;NA;
4;3;ND;24.27;19.85;NA;2.12;1.83;10.06;1.51;0.56;NA;NA;NA;
4;4;ND;20.42;20.89;NA;0;2.14;3.6;0.44;0.47;NA;NA;NA;
4;5;ND;6.72;11.77;NA;1.98;2.23;4.31;0.48;0.57;NA;NA;NA;
4;6;ND;2.77;3.11;NA;3.89;3.84;2;1.2;1.19;NA;NA;NA;
4;7;ND;7.06;3.11;NA;3.77;5.55;6.32;3.12;2.76;NA;NA;NA;
4;8;ND;17.99;10.12;NA;13.92;14.24;28.42;8.78;8.77;NA;NA;NA;
4;9;ND;24.16;12.91;NA;25.61;24.53;36.26;24.12;24.31;NA;NA;NA;
4;10;ND;36.33;27.69;NA;33.88;26.84;27.45;35.21;36.15;NA;NA;NA;
4;11;36.75;38.08;29.08;NA;ND;ND;44.54;54.91;20.45;NA;NA;NA;
4;12;ND;34.06;26.94;NA;ND;ND;37.21;55.27;40.84;NA;NA;NA;
4;13;ND;29.88;28.04;NA;ND;36.25;32.03;48.54;46.74;NA;NA;NA;
4;14;24.58;30.32;26.65;NA;25.77;31.08;32.27;40.96;34.27;NA;NA;NA;
4;15;26.43;29.97;22.86;NA;26.76;30.87;31.44;33.99;24.83;NA;NA;NA;
4;16;24.17;28.91;12.65;NA;21.54;22.27;26.08;28.2;23.4;NA;NA;NA;
4;17;9.34;18.26;10.65;NA;21.06;8.33;23.23;22.49;24.28;NA;NA;NA;
4;18;1.76;8.27;5.61;NA;9.49;2.91;12.32;19.65;23.13;NA;NA;NA;
4;19;0.94;5.85;2.01;NA;5.67;1.62;6.11;13.75;15.73;NA;NA;NA;
4;20;0.95;2.47;2.13;NA;7.62;1.68;12.66;5.67;15.86;NA;NA;NA;
4;21;1.12;2.18;0.76;NA;8.56;2.13;1.34;2.15;3.91;NA;NA;NA;
4;22;1.96;2.06;0.51;NA;2.04;2.7;0.47;2.5;0.88;NA;NA;NA;
4;23;0.87;1.51;0.55;NA;1.75;1.9;0.48;0.76;0.6;NA;NA;NA;
5;0;1.5;1.75;0.69;NA;1.32;1.98;15.04;ND;0.72;NA;NA;NA;
5;1;8.22;1.47;0.78;NA;0.82;5.16;15.95;0.53;0.57;NA;NA;NA;
5;2;7.39;ND;ND;NA;0.75;5.33;14.39;0.46;0.73;NA;NA;NA;
5;3;4.96;1.78;1.19;NA;5.12;9.4;17.76;0.65;0.75;NA;NA;NA;
5;4;2.37;2.03;1.15;NA;1.32;4.32;9.22;0.55;0.49;NA;NA;NA;
5;5;1.04;2.59;0.57;NA;5.82;2.8;2.62;0.53;0.93;NA;NA;NA;
5;6;2.4;4.81;2.37;NA;8.15;4.4;6.74;0.97;1.56;NA;NA;NA;
5;7;5.88;6.21;6.56;NA;9.98;8.77;12.36;3.48;5.12;NA;NA;NA;
5;8;18.88;17.33;16.46;NA;17.27;21.54;32.62;8.94;10.27;NA;NA;NA;
5;9;23.23;30.66;27.78;NA;30.33;32.44;54.16;24.4;26.35;NA;NA;NA;
5;10;ND;58.79;35.66;NA;42.45;43.44;65.39;44.95;47.88;NA;NA;NA;
5;11;64.46;70.2;40.02;NA;55.79;50.51;92.25;56.05;56.39;NA;NA;NA;
5;12;67.45;83.55;63.6;NA;38.13;59.11;56.29;62.9;48.3;NA;NA;NA;
5;13;29.21;42.66;47.98;NA;28.54;38.72;34.94;77.69;83.39;NA;NA;NA;
5;14;28.01;33.83;38.9;NA;29.55;34.96;35.58;36.29;63.37;NA;NA;NA;
5;15;27.46;31.75;20.2;NA;31.78;35.48;38.6;31.05;24.26;NA;NA;NA;
5;16;33.97;31.39;18.64;NA;29.79;29.29;23.86;35.64;17.76;NA;NA;NA;
5;17;18.33;25.55;14.36;NA;21.43;15.07;16.3;31.84;12.06;NA;NA;NA;
5;18;3.27;14.97;6.19;NA;16.1;13.73;12.69;26.76;7.66;NA;NA;NA;
5;19;3.82;12.79;2.57;NA;8.46;3.22;2.68;23.15;2.35;NA;NA;NA;
5;20;1.88;9.48;1.73;NA;5.12;6.66;4.3;8.95;1.91;NA;NA;NA;
5;21;1.49;3.94;6.03;NA;9.16;6;2.19;3.19;1.44;NA;NA;NA;
5;22;2.17;1.88;1.83;NA;2.49;8.66;8.85;ND;1.08;NA;NA;NA;
5;23;2.25;3.03;1.17;NA;1.73;4.08;19.81;ND;0.97;NA;NA;NA;
6;0;3.81;1.77;2.58;NA;1.16;3.19;22.69;1;0.99;NA;NA;NA;
6;1;4.08;1.71;2.55;NA;3.23;3.96;ND;0.68;ND;NA;NA;NA;
6;2;8.16;1.71;3.49;NA;2.24;ND;19.42;0.53;0.49;NA;NA;NA;
6;3;4.95;1.25;2.14;NA;1.04;3.18;15.88;0.57;0.61;NA;NA;NA;
6;4;1.14;1;1.31;NA;3.06;5.31;15.9;0.5;0.81;NA;NA;NA;
6;5;1.19;0.89;0.55;NA;1.89;3.51;5.72;0.6;0.89;NA;NA;NA;
6;6;2.27;1.74;1.64;NA;6.59;4.06;4.38;1.48;1.66;NA;NA;NA;
6;7;3.19;4.42;5.91;NA;9.38;7.75;12.77;3.19;4.97;NA;NA;NA;
6;8;13.26;20.15;13.19;NA;21.25;23.96;36.53;10.36;12.14;NA;NA;NA;
6;9;31.15;36.12;19.6;NA;38.78;33.31;40.73;28.6;29.41;NA;NA;NA;
6;10;54.18;51.51;36.26;NA;44.54;40.98;45.93;48.51;25.67;NA;NA;NA;
6;11;69.81;60.42;44.05;NA;51.95;51.79;65.08;59.73;36.29;NA;NA;NA;
6;12;70.88;86.55;75.45;NA;49.1;78.13;53.33;69.46;31.15;NA;NA;NA;
6;13;44.32;57.79;60.34;NA;30.57;61.46;37.14;88.88;82.21;NA;NA;NA;
6;14;32.64;39.24;45.53;NA;27.73;46.57;34.49;51.77;70.87;NA;NA;NA;
6;15;30.83;37.08;30.49;NA;28.51;34.97;35.24;41.4;40.26;NA;NA;NA;
6;16;28.35;35.43;20.94;NA;27.54;32.55;33.58;37.86;25.35;NA;NA;NA;
6;17;19.35;29.91;12.27;NA;21.34;24.1;26.94;32.75;28.39;NA;NA;NA;
6;18;8.09;24.56;3.01;NA;9.62;12.83;23.32;28.4;4.66;NA;NA;NA;
6;19;7.8;21.8;0.7;NA;3.1;7.93;19.3;24.07;9.92;NA;NA;NA;
6;20;1.24;11.04;6.09;NA;3.5;3.34;15.63;15.81;8.86;NA;NA;NA;
6;21;1.04;5.34;1.13;NA;1.33;2.47;19.54;1.93;1.79;NA;NA;NA;
6;22;1.65;2.76;0.76;NA;2.57;6.59;14.16;1.51;1.17;NA;NA;NA;
6;23;3.11;2.17;1.43;NA;2.46;5.87;18.6;1.4;0.93;NA;NA;NA;
7;0;9.98;0.81;3.37;NA;2.07;11.52;13.31;ND;0.73;NA;NA;NA;
7;1;8.65;2.01;9.51;NA;2.77;11.26;28.96;0.85;1.15;NA;NA;NA;
7;2;17.4;ND;ND;NA;3.31;14.99;24.93;0.89;0.72;NA;NA;NA;
7;3;18.17;1.06;12.31;NA;2.57;7.11;23.56;0.93;0.7;NA;NA;NA;
7;4;9.58;0.58;6.13;NA;3.05;4.06;14.62;0.64;1.04;NA;NA;NA;
7;5;2.17;0.81;0.38;NA;3.21;3.04;11.86;0.96;1.14;NA;NA;NA;
7;6;2.73;2.15;2.67;NA;5.47;4.3;23.07;1.56;2.31;NA;NA;NA;
7;7;4.46;4.98;6.3;NA;8.66;14.42;29.46;3.32;3.05;NA;NA;NA;
7;8;9.02;9.94;11;NA;23.81;22.39;36.88;5.58;6.34;NA;NA;NA;
7;9;21.26;22.37;15.11;NA;34.48;29.02;42.87;12.34;20.89;NA;NA;NA;
7;10;43.75;35.51;28.65;NA;51.97;46.78;48.28;35.16;24.28;NA;NA;NA;
7;11;60.63;59.38;47.86;NA;59.53;55.28;55.63;51.83;33.19;NA;NA;NA;
7;12;70.7;65.9;84.28;NA;71.99;83.78;65.73;59.05;37.61;NA;NA;NA;
7;13;64.92;67.1;78.68;NA;67.14;86.67;60.58;65.24;55.37;NA;NA;NA;
7;14;50.81;58.73;61.29;NA;40;59.28;46.16;62.77;54.85;NA;NA;NA;
7;15;47.35;48.63;38.78;NA;32.91;42.23;55.85;46.83;34.57;NA;NA;NA;
7;16;41.82;37.25;25.6;NA;28.62;34.11;34.09;30.43;27.46;NA;NA;NA;
7;17;30.66;34.07;18.73;NA;10.35;35.42;29.28;13.49;5.69;NA;NA;NA;
7;18;22.46;34.88;1.83;NA;3.65;5.68;32.55;1.85;6;NA;NA;NA;
7;19;15.09;25.49;1.1;NA;2.69;5.84;12.01;3.89;4.52;NA;NA;NA;
7;20;11.61;16.13;1.56;NA;3.25;2.71;15.24;1.67;1.61;NA;NA;NA;
7;21;6.47;18.84;1.01;NA;5.83;2;7.6;1.95;1.52;NA;NA;NA;
7;22;2.38;14.09;0.85;NA;4.18;1.7;8.57;1.01;0.75;NA;NA;NA;
7;23;5.74;9.79;1.37;NA;3.33;0.7;15.78;1.23;0.92;NA;NA;NA;
8;0;17.35;0.84;1.16;NA;2.07;2.4;19.02;0.84;0.77;NA;NA;NA;
8;1;10.38;1.91;1.16;NA;1.92;2.51;ND;0.56;ND;NA;NA;NA;
8;2;9.25;2.02;2.59;NA;2.45;ND;27.03;1.27;0.86;NA;NA;NA;
8;3;7.07;1.63;5.94;NA;2.63;2.66;16.68;0.57;0.7;NA;NA;NA;
8;4;3.57;1.66;3.92;NA;2.06;2.3;14.46;0.47;1.17;NA;NA;NA;
8;5;1.73;0.68;0.85;NA;4.08;3;16.3;0.85;1.07;NA;NA;NA;
8;6;2.91;3.9;2.39;NA;5.38;4.17;9;1.66;1.7;NA;NA;NA;
8;7;7.53;9.45;6.7;NA;7.57;7.38;26.85;4.14;4.67;NA;NA;NA;
8;8;21.41;19.52;15.09;NA;17.98;19.06;34.65;7.74;12.53;NA;NA;NA;
8;9;41.23;37.15;23.82;NA;31.6;32.31;44.43;22.72;31.72;NA;NA;NA;
8;10;53.95;44.35;40.12;NA;41.34;40.47;57.53;49.25;46.42;NA;NA;NA;
8;11;50.38;50.57;56.34;NA;49.07;57.58;62.76;63.31;31.37;NA;NA;NA;
8;12;57.67;56.85;66.51;NA;62.05;68.85;67.74;62.04;57.47;NA;NA;NA;
8;13;55.68;59.67;56.65;NA;59.12;61.82;59.74;60.24;49.61;NA;NA;NA;
8;14;50.82;57.21;49.84;NA;45.88;56.13;63.12;57.66;57.39;NA;NA;NA;
8;15;48.45;54.11;55.32;NA;40.51;53.11;69.81;59.53;44.8;NA;NA;NA;
8;16;43.22;44.51;35.81;NA;37.89;38.5;50.39;43.94;40.58;NA;NA;NA;
8;17;35.85;38.12;21.72;NA;25.04;35.6;47.36;38.96;17.61;NA;NA;NA;
8;18;28.58;29.96;11.5;NA;17.53;26.4;15.12;30.59;17.26;NA;NA;NA;
8;19;17.55;19.16;2.57;NA;21.62;10.45;21.08;20.01;17.03;NA;NA;NA;
8;20;12.17;11.6;12.03;NA;13.87;2.71;12.89;18.03;6.88;NA;NA;NA;
8;21;3.02;5.51;11.3;NA;6.02;7.79;13.25;1.28;1.39;NA;NA;NA;
8;22;7.17;12.61;6.33;NA;2.71;2.82;12.98;4.29;1.43;NA;NA;NA;
8;23;11.71;12.79;0.47;NA;2.34;2.25;14.56;4.34;1.58;NA;NA;NA;
9;0;8.91;17.83;1.33;NA;2.03;1.93;13.47;ND;0.65;NA;NA;NA;
9;1;16.18;1.81;3.05;NA;1.68;3.69;23.85;1.34;1.01;NA;NA;NA;
9;2;7.55;ND;ND;NA;1.19;2.06;30.36;0.84;1.24;NA;NA;NA;
9;3;2.31;1.15;2.39;NA;1.17;2.42;28.64;0.74;1.01;NA;NA;NA;
9;4;2.28;1.82;1.51;NA;1.78;2.83;27.34;0.59;0.64;NA;NA;NA;
9;5;1.37;1.6;1.24;NA;2.13;2.77;19.86;0.91;0.86;NA;NA;NA;
9;6;4.61;2.75;1.9;NA;5.21;2.85;21.21;1.55;1.56;NA;NA;NA;
9;7;19.42;14.14;10.09;NA;5.88;6.96;16.06;2.66;3.32;NA;NA;NA;
9;8;25.6;29.72;20.23;NA;20.67;23.25;19.48;8.08;6.91;NA;NA;NA;
9;9;32.75;35.18;33.48;NA;33.84;36.63;37.56;12.56;16.9;NA;NA;NA;
9;10;37;47.87;35.01;NA;40.11;40.72;45.71;26.19;27.93;NA;NA;NA;
9;11;44.44;48.04;44.03;NA;37.77;44.51;54.32;44.12;26.58;NA;NA;NA;
9;12;46.83;47.68;44.64;NA;40.09;46.32;50.99;47.83;32.91;NA;NA;NA;
9;13;49.61;50.8;35.54;NA;38.44;43.27;46.65;39.56;33.6;NA;NA;NA;
9;14;43.26;45.38;43.95;NA;37.37;43.46;39.87;51.62;34.22;NA;NA;NA;
9;15;39.93;45.19;40.36;NA;24.61;39.28;35.68;40.63;27.03;NA;NA;NA;
9;16;36.12;42.01;26.73;NA;15.89;19.86;41.52;36.79;20.83;NA;NA;NA;
9;17;34.26;37.48;30.7;NA;9.46;20;25.37;31.32;11.6;NA;NA;NA;
9;18;21.59;29.36;13.64;NA;6.85;11.6;3.38;18.03;2.94;NA;NA;NA;
9;19;22.13;26.2;8.11;NA;6.51;4.52;4.61;12.82;2.13;NA;NA;NA;
9;20;15.53;18.12;3.67;NA;5.25;4.54;3.97;4;1.87;NA;NA;NA;
9;21;3.16;15.04;6.85;NA;5.08;8.5;15.93;3.87;2.63;NA;NA;NA;
9;22;6.47;18.14;4.69;NA;3.25;4.62;17.58;2.02;2.21;NA;NA;NA;
9;23;11.05;22.26;8.17;NA;2.01;7.54;22.46;2.08;1.54;NA;NA;NA;
10;0;3.6;10.01;8.6;NA;2.48;11.56;25.24;2.26;1.48;NA;NA;NA;
10;1;2.03;2.21;14.18;NA;0.87;10.16;ND;1.17;ND;NA;NA;NA;
10;2;9.43;1.5;20.28;NA;4.02;ND;28.8;1.47;1.66;NA;NA;NA;
10;3;3.34;1.68;12.44;NA;3.02;12.86;28.24;1.31;4.49;NA;NA;NA;
10;4;2.08;1.81;3.57;NA;5.51;7.73;29.83;1.2;1.32;NA;NA;NA;
10;5;2.38;2;3.29;NA;2.98;9.55;29.22;1.26;1.58;NA;NA;NA;
10;6;6.03;3.13;9.84;NA;4.76;12.2;29.95;0.98;2.31;NA;NA;NA;
10;7;12.77;15.96;18.74;NA;13.28;19.78;32.17;3.2;5.63;NA;NA;NA;
10;8;25.93;21.52;30.49;NA;29.14;32.91;34.93;10.45;16.84;NA;NA;NA;
10;9;37.04;25.96;42;NA;36.08;41.89;38.12;25.64;32.99;NA;NA;NA;
10;10;35.49;41.83;42.75;NA;47.15;53.17;41.59;39.92;49.09;NA;NA;NA;
10;11;47.71;50.56;45.79;NA;51.55;49.31;46.93;50.04;49.89;NA;NA;NA;
10;12;48.52;48.09;38.99;NA;38.86;42.63;46.23;34.8;36.18;NA;NA;NA;
10;13;41.26;42.79;35.48;NA;38.25;40.88;42.73;34.48;36.37;NA;NA;NA;
10;14;42.83;40.11;35.89;NA;36.77;38;41.78;33.89;34.03;NA;NA;NA;
10;15;38.08;40.44;33.63;NA;33.57;36.22;38.07;33.14;32.77;NA;NA;NA;
10;16;31.33;37.82;29.83;NA;31.59;37.03;33.56;31.91;30.78;NA;NA;NA;
10;17;24.63;34.05;24.11;NA;28.8;28.28;25.24;29.67;25.91;NA;NA;NA;
10;18;14.17;23.84;17.05;NA;13.06;18.78;16.18;24.73;20.52;NA;NA;NA;
10;19;4.53;16.73;8.99;NA;11.03;17.55;13.4;19.74;11.82;NA;NA;NA;
10;20;2.8;14.19;6.78;NA;9.1;14.94;20.75;20.4;3.15;NA;NA;NA;
10;21;1.66;16.13;3.77;NA;2.7;16.11;20.84;14.61;5.96;NA;NA;NA;
10;22;1.91;12.4;1.08;NA;1.54;4.1;24.13;11.53;4.65;NA;NA;NA;
10;23;9.62;9.36;2.74;NA;1.7;1.85;27.13;18.02;1.11;NA;NA;NA;
11;0;10.88;7.83;4.94;NA;1.52;15.48;28.79;ND;1.08;NA;NA;NA;
11;1;11.17;5.68;11.05;NA;3.92;7.36;30.48;0.93;1.02;NA;NA;NA;
11;2;13.85;ND;ND;NA;10.45;6.7;29.91;0.54;0.74;NA;NA;NA;
11;3;14.54;5.1;7.99;NA;11.31;7.42;29.15;0.39;0.85;NA;NA;NA;
11;4;6.23;4.25;2.51;NA;6.87;8.34;27.24;0.65;0.65;NA;NA;NA;
11;5;1.39;3.49;1.07;NA;3.96;3.83;25.28;0.98;0.77;NA;NA;NA;
11;6;2.4;4.45;2.53;NA;5.33;4.54;24.65;1.28;1.77;NA;NA;NA;
11;7;8.6;8.52;8.01;NA;8.58;17.09;27.73;2.16;5.24;NA;NA;NA;
11;8;21.69;23.93;17.51;NA;26.57;28.98;31.6;5.09;7.2;NA;NA;NA;
11;9;37.38;36.63;26.07;NA;33.71;33;35.26;15.3;7.62;NA;NA;NA;
11;10;43.78;44.66;33.57;NA;35.76;35.48;39.37;39.55;14.01;NA;NA;NA;
11;11;40.61;52.18;35.36;NA;39.97;40.08;43.22;51.43;41.45;NA;NA;NA;
11;12;42.35;48.41;38.69;NA;45.54;45.35;48.33;44.06;34.69;NA;NA;NA;
11;13;45.09;42.85;37.87;NA;39.71;44.71;47.39;51.94;33.7;NA;NA;NA;
11;14;40.49;41.96;38.08;NA;41.84;43.16;38.47;45.06;39.71;NA;NA;NA;
11;15;34.84;37.26;24.21;NA;19.19;24.59;26.83;31.86;18.3;NA;NA;NA;
11;16;25.93;29.58;14.41;NA;17.01;16.8;21.45;35.01;12.57;NA;NA;NA;
11;17;18.58;24.58;6.32;NA;12.75;6.41;14.56;31.75;22.13;NA;NA;NA;
11;18;9.79;20.75;1.73;NA;3.71;2.87;9.17;26.83;25.61;NA;NA;NA;
11;19;7.56;9.04;1.23;NA;6.04;1.82;6.23;26.38;21.52;NA;NA;NA;
11;20;1.6;18.09;0.98;NA;3.07;1.49;11.11;25.7;13.88;NA;NA;NA;
11;21;2.34;12.17;0.87;NA;2.58;1.49;13.11;20.56;13.92;NA;NA;NA;
11;22;6.27;10.94;4.78;NA;1.27;2.61;16.66;19.33;10.8;NA;NA;NA;
11;23;9.93;10.57;7.1;NA;1.71;2.66;14.3;20.28;16.38;NA;NA;NA;
12;0;6.39;9.6;5.64;NA;2.28;4.42;13.67;20.98;7.93;NA;NA;NA;
12;1;2.95;15.22;2.22;NA;4.14;3.01;ND;11.98;ND;NA;NA;NA;
12;2;5.06;13.49;1.66;NA;6.19;ND;16.28;6.37;1.52;NA;NA;NA;
12;3;5.21;6.67;1.45;NA;5.58;6.56;18.04;4.28;1.63;NA;NA;NA;
12;4;2.24;1.27;4.65;NA;2.37;5.05;18.87;1;1.61;NA;NA;NA;
12;5;0.75;1.82;0.87;NA;3.12;2.08;6.71;0.59;0.7;NA;NA;NA;
12;6;2;2.4;3.94;NA;3.89;3.9;16.05;1.96;1.59;NA;NA;NA;
12;7;4.37;5.46;5.08;NA;7.92;7.77;20.35;3.04;4.24;NA;NA;NA;
12;8;10.58;16.27;12.24;NA;15.92;22.01;24.71;5.31;11.28;NA;NA;NA;
12;9;28.72;31.63;15.88;NA;32.08;30.32;29.98;14.92;19.77;NA;NA;NA;
12;10;40.36;41.86;28.25;NA;31.94;30.49;34.88;30.46;33.78;NA;NA;NA;
12;11;41.28;40.39;36.02;NA;36.13;38.62;42.79;47.7;41.38;NA;NA;NA;
12;12;44.02;44.94;38.36;NA;39.24;46.59;51.69;50.53;41.06;NA;NA;NA;
12;13;41.9;48.31;36.66;NA;42.7;43.93;50.43;32.24;54.26;NA;NA;NA;
12;14;32.05;35.36;24.95;NA;25.93;27.91;40.86;21.92;27.52;NA;NA;NA;
12;15;19.87;33.07;10.75;NA;20.98;12.63;33.75;20.26;14.3;NA;NA;NA;
12;16;22.96;31.56;13.46;NA;20.66;8.87;32.61;31.22;26.26;NA;NA;NA;
12;17;19.84;24.9;4.12;NA;19.01;7.75;23.3;26.95;16.79;NA;NA;NA;
12;18;13.43;22.25;1.76;NA;10.17;3.1;17.07;24.07;14.04;NA;NA;NA;
12;19;5.28;22.12;0.48;NA;6.13;2.48;12.63;23.57;4.69;NA;NA;NA;
12;20;2.56;22.66;0.58;NA;1.95;2.12;8.4;25.34;1.54;NA;NA;NA;
12;21;9.34;24.3;0.44;NA;8.3;1.87;4.62;26.52;10.19;NA;NA;NA;
12;22;7.37;22.74;4.73;NA;6.96;3.26;6.55;19.77;16.8;NA;NA;NA;
12;23;15.67;25.05;9;NA;8.76;6.93;13.24;17.96;11.75;NA;NA;NA;
13;0;17.88;24.9;8.38;NA;14.85;12.6;14.48;ND;11.81;NA;NA;NA;
13;1;23.16;26.73;10.94;NA;17.69;15.32;9.69;31.44;21.1;NA;NA;NA;
13;2;20.43;ND;ND;NA;15.32;15.03;6.26;24.83;6.25;NA;NA;NA;
13;3;19.02;23.7;18.73;NA;12.47;20.76;8.21;24.82;3.67;NA;NA;NA;
13;4;13.65;25.48;16.82;NA;10.72;18.05;7.21;21.34;5.25;NA;NA;NA;
13;5;3.5;18.57;15.04;NA;4.11;13.15;8.39;10.99;1.52;NA;NA;NA;
13;6;3.13;4.87;2.83;NA;2.32;3.71;5.76;2.44;1.62;NA;NA;NA;
13;7;5.29;15.69;3.67;NA;7.62;5.86;14.37;2.48;2.86;NA;NA;NA;
13;8;11.42;18.65;5.87;NA;13.14;10.86;22.17;9.45;6.23;NA;NA;NA;
13;9;25.01;29.84;10.67;NA;13.01;13.95;22.53;25.53;11.06;NA;NA;NA;
13;10;38.73;38.35;28.53;NA;26.94;31.18;36.33;37.35;15.98;NA;NA;NA;
13;11;49.74;45.7;52.03;NA;48.47;51.91;49.66;47.84;28.12;NA;NA;NA;
13;12;47.27;41.56;37.97;NA;56.14;57.3;66.12;47.21;41.7;NA;NA;NA;
13;13;34.27;38.27;37.77;NA;53.85;51.51;50.66;47.29;33.51;NA;NA;NA;
13;14;34.4;37.59;34.75;NA;37.55;32.86;55.24;44.55;47.86;NA;NA;NA;
13;15;34.71;36.81;26.76;NA;30.66;31.85;45.63;42;38.43;NA;NA;NA;
13;16;25.94;30.91;17.52;NA;19.42;21.74;31.12;35.88;39.53;NA;NA;NA;
13;17;20.8;26.16;6.36;NA;11.98;14.36;26.12;29.46;33.09;NA;NA;NA;
13;18;14.5;18.22;2.42;NA;6.34;5.76;16.76;25.02;25.86;NA;NA;NA;
13;19;8.12;20.53;2.16;NA;2.63;3.92;7.64;21.37;25.04;NA;NA;NA;
13;20;5.05;19.29;1.4;NA;4.19;5.92;6.36;21.6;14.7;NA;NA;NA;
13;21;2.65;11.82;0.89;NA;3.17;3.7;14.66;20.45;20;NA;NA;NA;
13;22;2.43;8.28;0.72;NA;3.36;2.06;14.05;20.49;8.7;NA;NA;NA;
13;23;12.21;19.48;3.12;NA;2.32;2.92;10.54;19.06;7.15;NA;NA;NA;
14;0;14.3;21.19;7.08;NA;7.35;7.65;10.54;21.78;13.44;NA;NA;NA;
14;1;14.96;22.07;11.47;NA;13.14;11.42;ND;21.62;ND;NA;NA;NA;
14;2;18.74;20.65;11.55;NA;19.91;ND;14.68;19.05;12.61;NA;NA;NA;
14;3;17.17;19.16;8.8;NA;14.58;13.59;19.59;17.39;17.48;NA;NA;NA;
14;4;9.2;11.76;7.49;NA;5.42;7.56;13.34;9.63;7.75;NA;NA;NA;
14;5;1.46;6.93;3.16;NA;5.85;3.16;10.57;2.55;0.9;NA;NA;NA;
14;6;1.56;2.6;1.08;NA;16.57;2.82;5.99;2.48;1.24;NA;NA;NA;
14;7;2.7;4.71;2.64;NA;25.99;4.48;5.9;4;2.74;NA;NA;NA;
14;8;6.93;8.01;8.91;NA;13.45;16.79;27.04;6.42;8.77;NA;NA;NA;
14;9;29.07;19.07;23.82;NA;31.95;34.73;35.04;16.2;19.3;NA;NA;NA;
14;10;36.47;29.22;30.74;NA;33.78;33.2;39.51;28.27;26.03;NA;NA;NA;
14;11;29.88;29.86;20.67;NA;26.47;24.34;43.09;41.61;28.02;NA;NA;NA;
14;12;44.19;46;28.86;NA;33.44;32.72;52.98;49.36;29.69;NA;NA;NA;
14;13;47.95;48.98;38.51;NA;40.46;37.92;35.3;53.15;25.66;NA;NA;NA;
14;14;47.43;47.09;35.84;NA;50.2;47.78;47.63;52.51;45.09;NA;NA;NA;
14;15;45.87;45.8;39;NA;55.49;50.72;45.82;57.45;54.11;NA;NA;NA;
14;16;29.46;39.25;30.34;NA;32.28;41.99;45.56;52.22;60.55;NA;NA;NA;
14;17;25.86;27.55;20.2;NA;19.8;25.34;29.23;36.6;40.78;NA;NA;NA;
14;18;20.25;23.6;2.88;NA;10.31;9.94;13.33;30.22;22.02;NA;NA;NA;
14;19;14.25;21.69;0.75;NA;8.88;7.08;8.6;24.54;26.57;NA;NA;NA;
14;20;7.33;19.81;0.93;NA;6.41;3.07;13.13;22.37;22.99;NA;NA;NA;
14;21;9.32;15.39;1.09;NA;5.39;1.69;11.95;21.72;20.64;NA;NA;NA;
14;22;9.35;20.42;0.29;NA;5.99;3.88;14.68;19.04;17.13;NA;NA;NA;
14;23;5.48;21.12;1.97;NA;7.81;2.43;18.24;13.17;11.47;NA;NA;NA;
15;0;8.38;13.76;3.4;NA;6.32;4.32;20.24;ND;7.95;NA;NA;NA;
15;1;9.39;14.11;2.94;NA;7.11;5.25;16.6;5.27;10.25;NA;NA;NA;
15;2;10.79;ND;ND;NA;2.23;6.28;15.62;4.91;11.74;NA;NA;NA;
15;3;6.08;15.63;1.27;NA;2.36;4.94;14.94;2.09;9.67;NA;NA;NA;
15;4;6.9;6.76;1.62;NA;2.75;3.64;16.26;3.03;6.57;NA;NA;NA;
15;5;1.12;2.26;0.49;NA;2.55;5.09;11.89;0.75;1.37;NA;NA;NA;
15;6;1.45;3.01;2.14;NA;7.31;3.91;6.11;1.43;2.63;NA;NA;NA;
15;7;7.37;9.57;6.38;NA;7.84;8.68;14.15;4.48;5.12;NA;NA;NA;
15;8;16.43;19.92;9.79;NA;21.56;21.75;26.19;13.14;11.61;NA;NA;NA;
15;9;31.89;32.05;16.25;NA;31.14;23.29;28.79;30.05;15.24;NA;NA;NA;
15;10;46.12;43.26;46.23;NA;34.72;35.09;50.74;49.24;13.11;NA;NA;NA;
15;11;50.35;49.63;58.74;NA;52.75;54.47;64.35;59.17;28.59;NA;NA;NA;
15;12;52.09;55.72;55.85;NA;63.19;61.99;54.64;61.17;52.7;NA;NA;NA;
15;13;48.52;55.23;47.49;NA;54.85;52.43;68.99;59.97;58.84;NA;NA;NA;
15;14;41.37;47.5;49.49;NA;51.29;53.79;62.62;52.83;64.6;NA;NA;NA;
15;15;40.48;41.31;38.08;NA;50.99;53.19;59.8;45;68.05;NA;NA;NA;
15;16;32.65;36.76;21.46;NA;37.5;50.96;51.76;39.71;44.11;NA;NA;NA;
15;17;29.5;29.44;8.32;NA;21.61;16.79;29.65;31.21;32.32;NA;NA;NA;
15;18;22.12;23.25;4.79;NA;15.7;7.52;20.13;23.85;22.67;NA;NA;NA;
15;19;13.24;19.59;2.04;NA;11.24;4.6;20.84;18.02;13.28;NA;NA;NA;
15;20;6.46;19.18;0.6;NA;3.48;4.47;10.21;17.93;14.95;NA;NA;NA;
15;21;5.03;15.28;0.86;NA;3.28;3.02;12.51;19.03;11.38;NA;NA;NA;
15;22;6.92;14.34;3.24;NA;5.09;4.14;12.19;16.99;11.52;NA;NA;NA;
15;23;11.49;17.39;3.76;NA;3.71;7.6;14.76;14.48;11.11;NA;NA;NA;
16;0;15.53;17.39;3.29;NA;13.33;6.84;17.81;3.08;7.87;NA;NA;NA;
16;1;11.27;14.54;1.52;NA;4.7;1.61;ND;3.01;ND;NA;NA;NA;
16;2;8.04;13.56;0.16;NA;4.39;ND;22.82;2.21;4.68;NA;NA;NA;
16;3;6.75;10.61;0.82;NA;4.59;2.34;21.97;1.91;5.48;NA;NA;NA;
16;4;4.34;8.67;0.68;NA;3.69;1.7;17.35;1.5;3.52;NA;NA;NA;
16;5;1.69;5.16;0.18;NA;3.45;1.82;3.33;0.73;1.46;NA;NA;NA;
16;6;2.74;3.52;2.52;NA;0.35;3.5;4.57;1.96;2.07;NA;NA;NA;
16;7;7.98;5.77;7.8;NA;9.77;8.45;15.51;4.15;7.86;NA;NA;NA;
16;8;15.88;13.01;13.29;NA;20.06;20.61;33.46;9.43;14.68;NA;NA;NA;
16;9;28.98;23.76;12.23;NA;41.41;28.25;40.47;26.5;18.56;NA;NA;NA;
16;10;44.25;39.29;36.44;NA;36.46;32.62;45.8;43.33;11.19;NA;NA;NA;
16;11;54.1;50.64;45.73;NA;39.13;48.77;41.17;54.97;26.37;NA;NA;NA;
16;12;53.82;54.01;56.67;NA;53.12;62.36;64.68;62.12;38.65;NA;NA;NA;
16;13;51.85;56.47;61.41;NA;59.25;63.53;80.03;63.73;60.52;NA;NA;NA;
16;14;44.12;52;56.05;NA;57.42;63.74;68.29;59.63;65.58;NA;NA;NA;
16;15;43.98;46.66;56.31;NA;41.52;59.77;58.55;54.55;59.88;NA;NA;NA;
16;16;39.51;40.83;29.78;NA;31.42;23.62;47.82;47.44;37.92;NA;NA;NA;
16;17;30.32;38.5;20.12;NA;26.13;12.09;50.31;40.29;28.55;NA;NA;NA;
16;18;33.19;33.32;19.63;NA;15.89;9.08;26.25;24.65;7.35;NA;NA;NA;
16;19;10.89;17.34;3.98;NA;14.54;6.19;22.62;8.81;2.12;NA;NA;NA;
16;20;8.83;3.72;5.44;NA;10.55;5.33;30.46;4.21;2.25;NA;NA;NA;
16;21;2.15;1.15;2.02;NA;0.07;4.46;29.79;1.94;2.12;NA;NA;NA;
16;22;2.39;2.68;0.96;NA;ND;3.57;23.27;1.28;2.31;NA;NA;NA;
16;23;2.16;1.44;1.35;NA;5.93;2.92;15.55;1.33;2.61;NA;NA;NA;
17;0;2;1.6;1.26;NA;ND;2.41;11.14;ND;2.22;NA;NA;NA;
17;1;1.1;0.7;0.79;NA;ND;2.22;25.96;1.04;2.4;NA;NA;NA;
17;2;0.94;ND;ND;NA;ND;2.19;32.74;1.08;1.03;NA;NA;NA;
17;3;1.58;1.33;1.66;NA;ND;2.12;26.83;0.95;1.06;NA;NA;NA;
17;4;1.57;0.94;3.95;NA;3.66;4.45;19.67;0.71;1.05;NA;NA;NA;
17;5;1.38;1.4;2.23;NA;2.54;8.54;14.32;0.79;0.96;NA;NA;NA;
17;6;4.79;2.73;3.08;NA;0;4.33;6.66;1.58;1.76;NA;NA;NA;
17;7;14.61;12.77;12.51;NA;10.31;13.82;22.97;4.94;6.31;NA;NA;NA;
17;8;31.64;36.05;29.68;NA;40.03;31.54;43.61;11.38;16.17;NA;NA;NA;
17;9;56.49;62.53;35.81;NA;42.91;40.46;49.33;30.23;24.59;NA;NA;NA;
17;10;71.98;76.1;49.03;NA;35.54;43.75;58.95;54.25;22.34;NA;NA;NA;
17;11;75.43;77.21;80.49;NA;59.27;72.74;46;69.16;28.12;NA;NA;NA;
17;12;78.17;75.35;80.24;NA;75.27;84.03;56.26;78.3;42.49;NA;NA;NA;
17;13;62.96;70.91;75.56;NA;80.24;88.53;88.85;81.73;70.4;NA;NA;NA;
17;14;57.99;65.05;72.1;NA;70.29;85.43;92.81;74.89;67.79;NA;NA;NA;
17;15;55.19;61.44;59.9;NA;67.38;77.56;73.66;64.49;56.25;NA;NA;NA;
17;16;46.85;52.98;42.94;NA;54.84;61.54;61.61;54.98;56.29;NA;NA;NA;
17;17;39.87;48.69;26.99;NA;39.65;42.48;52.66;45.94;39.86;NA;NA;NA;
17;18;33.22;41.97;16.61;NA;34.29;28.62;39.26;37.97;34.68;NA;NA;NA;
17;19;11.36;32.97;13.77;NA;19.49;15.36;28.41;36.15;28.28;NA;NA;NA;
17;20;14.58;33.54;15.82;NA;21.34;27.54;30.11;33.41;26.23;NA;NA;NA;
17;21;16.04;15.07;11.36;NA;9.28;13.61;24.11;20.77;23.92;NA;NA;NA;
17;22;22.22;19.38;11.52;NA;1.64;1.87;27.57;8.55;30.92;NA;NA;NA;
17;23;20.93;19.93;8.12;NA;3.71;1.22;31.77;6.41;9.48;NA;NA;NA;
18;0;12.36;5.86;7.97;NA;3.08;5.93;27.64;5.14;15.3;NA;NA;NA;
18;1;9.63;4.55;3.48;NA;ND;2.64;ND;8.66;ND;NA;NA;NA;
18;2;8.18;6.3;3.64;NA;5.07;ND;28.08;8.21;16.12;NA;NA;NA;
18;3;7.23;8.2;3.96;NA;2.12;2.59;34.31;2.15;14.88;NA;NA;NA;
18;4;4.32;2.51;13.43;NA;1.19;9.27;35.02;4.01;12.24;NA;NA;NA;
18;5;1.37;0.28;12.42;NA;2.46;9.3;33.55;0.71;3.43;NA;NA;NA;
18;6;2.62;0.55;18.31;NA;0.93;8.53;33.86;1.61;2.81;NA;NA;NA;
18;7;8.46;7.47;20.99;NA;24.04;20.45;36.82;3.63;7.86;NA;NA;NA;
18;8;26.43;19.55;32.29;NA;33.09;34;39.44;6.4;19.77;NA;NA;NA;
18;9;41.78;33.92;43.07;NA;39.89;46.48;45.09;21.47;11.61;NA;NA;NA;
18;10;47.11;52.63;48.02;NA;46.5;53.43;50.96;48.36;29.8;NA;NA;NA;
18;11;59.09;63.71;45.9;NA;56.83;54.26;54.18;68.78;58.95;NA;NA;NA;
18;12;68.11;69.09;57.25;NA;59.42;54.93;61.05;82.37;64.69;NA;NA;NA;
18;13;58.02;65.96;62.73;NA;56.85;70.42;61.44;74.83;74.68;NA;NA;NA;
18;14;52.42;60.1;58.76;NA;39.94;59.98;54.52;66.7;41.2;NA;NA;NA;
18;15;47.82;ND;37.61;NA;27.67;43.67;41.8;51.15;29.51;NA;NA;NA;
18;16;45.34;ND;23.56;NA;ND;32.49;41.47;47.41;32.86;NA;NA;NA;
18;17;40.21;41.19;14.11;NA;24.69;10.85;22.59;37.8;37.41;NA;NA;NA;
18;18;26.91;32.1;6.65;NA;9.66;6.38;16.2;20.27;25.58;NA;NA;NA;
18;19;17.4;30.05;4.54;NA;6.1;6.44;10.1;14.82;25.21;NA;NA;NA;
18;20;14.46;14.66;4.23;NA;8.14;5.92;7.17;15.92;11.55;NA;NA;NA;
18;21;1.25;8.08;2.25;NA;8.45;2.9;10.05;3.33;5.98;NA;NA;NA;
18;22;1.31;1.2;1.37;NA;4.47;2.33;25.44;2.34;2.24;NA;NA;NA;
18;23;1.13;0.18;12.18;NA;9.85;6.73;29.39;3.55;2.26;NA;NA;NA;
19;0;1.27;0.72;24.49;NA;16.11;17.83;29.52;ND;5.32;NA;NA;NA;
19;1;1.4;0.36;24.83;NA;15.79;18.38;31.49;0.69;3.1;NA;NA;NA;
19;2;3.16;0.65;ND;NA;5.82;8.12;32.8;0.54;4.49;NA;NA;NA;
19;3;1.12;0.58;11.7;NA;6.36;6.99;35.65;0.64;3.68;NA;NA;NA;
19;4;1.01;1.38;4.36;NA;5.28;6.86;34.84;0.75;1.58;NA;NA;NA;
19;5;1.5;3.07;6.94;NA;2.34;8.43;33.53;0.54;1.13;NA;NA;NA;
19;6;2.47;3.2;7.03;NA;5;9.79;35.11;1.32;1.84;NA;NA;NA;
19;7;3.21;3.3;4.49;NA;8.49;11.48;34.69;2.15;3.06;NA;NA;NA;
19;8;4.66;6.34;4.75;NA;8.68;9.1;33.82;2.19;6.69;NA;NA;NA;
19;9;7.25;15.03;5.63;NA;11.26;10.64;31.83;2.75;3.71;NA;NA;NA;
19;10;15.54;20.48;17.96;NA;19.64;19.25;37.95;4.35;12.09;NA;NA;NA;
19;11;37.27;32.91;33.59;NA;34.01;39.67;47.6;10.06;33.35;NA;NA;NA;
19;12;42.73;44.85;36.53;NA;39.18;44.16;52.6;ND;52.71;NA;NA;NA;
19;13;41.55;46.84;34.57;NA;38.92;45.21;61.48;36.42;38.11;NA;NA;NA;
19;14;41.46;48.43;35.67;NA;37.28;38.88;50.71;36.74;ND;NA;NA;NA;
19;15;44.98;47.72;27.52;NA;29.48;29.11;37.48;29.26;25.45;NA;NA;NA;
19;16;30.36;37.04;25.48;NA;20.97;23.56;34.36;40.88;30.55;NA;NA;NA;
19;17;15.98;27.26;22.71;NA;7.71;15.26;17.52;26.5;12.01;NA;NA;NA;
19;18;10.49;16.99;15.41;NA;4.18;4.86;7.66;6.26;13.15;NA;NA;NA;
19;19;6.08;10.74;6.97;NA;3.6;3.02;2.21;2.3;10.51;NA;NA;NA;
19;20;3.9;6.73;2.34;NA;3.72;2.44;1.27;1.76;4.7;NA;NA;NA;
19;21;1.86;8.83;1.42;NA;4.16;1.98;6.35;1.6;2.11;NA;NA;NA;
19;22;2.88;6.68;3.56;NA;7.25;1.67;11.92;5.28;1.25;NA;NA;NA;
19;23;12.33;7.39;7.08;NA;8.22;2.52;16.15;10.63;0.98;NA;NA;NA;
20;0;10.92;11.86;8.27;NA;19.6;6.35;20.31;1.26;0.06;NA;NA;NA;
20;1;14.2;12.27;16.19;NA;15.46;15.34;ND;0.23;0.42;NA;NA;NA;
20;2;20;19.9;21.85;NA;15.69;ND;20.8;0.37;1.76;NA;NA;NA;
20;3;25.87;17.46;23.23;NA;15.14;15.74;26.88;0.41;0.08;NA;NA;NA;
20;4;24.61;6.69;16.69;NA;7.94;7.47;31.52;0.67;0;NA;NA;NA;
20;5;17.27;1.3;23.24;NA;5.98;8.08;28.67;0.97;0.21;NA;NA;NA;
20;6;7.95;2.89;7.28;NA;5.24;3.73;24.94;1.24;1.66;NA;NA;NA;
20;7;8.47;5.14;6.45;NA;21.76;6.38;25.34;1.96;3.09;NA;NA;NA;
20;8;8.36;10.32;12.03;NA;16.45;12.21;26.18;2.15;6.14;NA;NA;NA;
20;9;15.7;16.6;16.38;NA;25.19;21.35;26.7;3.29;15.42;NA;NA;NA;
20;10;24.86;31.49;26.85;NA;32.36;32.51;31.05;11.83;28.73;NA;NA;NA;
20;11;29.05;36.24;27.57;NA;28.8;31.31;37.1;33.92;18.52;NA;NA;NA;
20;12;ND;36.39;31.42;NA;31.06;33.06;32.67;32.62;33.22;NA;NA;NA;
20;13;36.35;33.59;ND;NA;28.84;33.52;33.89;31.9;35.11;NA;NA;NA;
20;14;31.65;29.47;ND;NA;28.32;29.69;33.68;29.31;32.8;NA;NA;NA;
20;15;ND;28.98;20.31;NA;25.49;26.64;31.06;26.19;28.7;NA;NA;NA;
20;16;ND;32.78;16.62;NA;22.74;23.95;31.85;23.36;24.03;NA;NA;NA;
20;17;23.64;27.52;13.01;NA;16.57;13.46;20.17;19.39;15.83;NA;NA;NA;
20;18;20.05;22.43;19.72;NA;11.7;4.74;20.2;21.7;9.47;NA;NA;NA;
20;19;20.63;17.04;19.78;NA;6.12;2.97;20;7.48;10.58;NA;NA;NA;
20;20;10.12;14.12;9.99;NA;6.47;3.4;20.37;2.82;8.48;NA;NA;NA;
20;21;12.57;11.42;3.45;NA;5.43;3.04;20.97;2.59;5.12;NA;NA;NA;
20;22;5;4.77;1.79;NA;7.37;6.25;20.96;2.3;3.76;NA;NA;NA;
20;23;1.42;2.28;6.62;NA;2.7;4.03;22.49;1.51;3.79;NA;NA;NA;
21;0;2.71;1.76;8.17;NA;3.66;8.9;25.03;0.84;1.96;NA;NA;NA;
21;1;15.65;3.59;13.75;NA;1.62;6.11;20.31;1.52;1.07;NA;NA;NA;
21;2;ND;8.11;ND;NA;1.74;3.94;26.18;1.31;1.03;NA;NA;NA;
21;3;9.41;4.77;21.82;NA;3.25;12.04;29.46;1.25;1.04;NA;NA;NA;
21;4;3.03;5.45;27.63;NA;12.73;14.92;33.32;0.79;0.68;NA;NA;NA;
21;5;1.67;3.13;12.89;NA;4.2;3.16;32.77;1.49;1.01;NA;NA;NA;
21;6;2.74;3.99;5.99;NA;7.11;5.73;29.88;1.55;1.11;NA;NA;NA;
21;7;5.87;4.68;4.35;NA;8.22;6.92;28.39;2.97;2.9;NA;NA;NA;
21;8;7.08;6.04;7.39;NA;14.2;13.02;34.32;3.62;2.56;NA;NA;NA;
21;9;9.22;17.66;23.85;NA;26.96;31.46;39.42;6.67;15.78;NA;NA;NA;
21;10;28.21;26.32;28.39;NA;33.41;34.13;44.6;20.1;39.55;NA;NA;NA;
21;11;31.54;33.65;29.01;NA;32.03;34.95;47.44;32.09;36.29;NA;NA;NA;
21;12;31.74;ND;26.44;NA;ND;33.47;44.36;38.19;ND;NA;NA;NA;
21;13;32.26;ND;25.29;NA;ND;32.57;39.23;40.68;ND;NA;NA;NA;
21;14;36.22;ND;30.64;NA;ND;39.03;38.38;41.26;ND;NA;NA;NA;
21;15;40.18;ND;32.33;NA;ND;39.42;36.71;34.38;ND;NA;NA;NA;
21;16;30.42;ND;19.9;NA;25.37;27.78;28.92;28.58;ND;NA;NA;NA;
21;17;24;ND;12.94;NA;17.31;21.99;23.04;30.05;ND;NA;NA;NA;
21;18;17.54;13.16;6.41;NA;12.42;7.34;15.68;16.8;ND;NA;NA;NA;
21;19;16.92;12.82;6.77;NA;2.22;3.34;7.89;10.86;ND;NA;NA;NA;
21;20;7.32;12.09;9.65;NA;0.94;3.04;5.61;7.67;11.02;NA;NA;NA;
21;21;1.93;11.49;1.85;NA;1.07;2.93;7.08;5.48;1.75;NA;NA;NA;
21;22;3.08;9.33;1.27;NA;4.08;2.57;4.58;12.84;2.46;NA;NA;NA;
21;23;1.88;4.94;1.29;NA;1.31;2.23;5.28;8.79;0.71;NA;NA;NA;
22;0;1.96;3.79;0.37;NA;2.66;1.84;4.81;4.72;1.06;NA;NA;NA;
22;1;2.85;3.22;0.52;NA;1.3;1.22;ND;1.32;ND;NA;NA;NA;
22;2;2.1;1.98;0.88;NA;1.8;ND;1.08;2.14;0.25;NA;NA;NA;
22;3;1.11;2.15;1.09;NA;0.41;1.87;12.69;1.92;0;NA;NA;NA;
22;4;1.06;2.11;1.34;NA;0.49;2.18;15.92;0.69;0.31;NA;NA;NA;
22;5;1.34;2.63;1.17;NA;0.31;3.34;21.17;0.63;0.46;NA;NA;NA;
22;6;1.97;3.58;2.28;NA;4.45;4.02;23.52;2.19;1.33;NA;NA;NA;
22;7;5.37;4.68;3.99;NA;19.5;7.25;24.4;5.09;3.9;NA;NA;NA;
22;8;8;10.7;5.29;NA;16.2;12.11;27.77;10.85;7;NA;NA;NA;
22;9;19.98;25.75;14.31;NA;27.09;24.71;32.39;19.41;10.74;NA;NA;NA;
22;10;35.87;35.55;28.33;NA;29.6;31.69;34.62;20.07;24.89;NA;NA;NA;
22;11;36.95;41.08;29.04;NA;ND;31.91;33.26;26.39;13.41;NA;NA;NA;
22;12;40.79;47.83;24.57;NA;25.49;30.48;35.78;30.39;35.43;NA;NA;NA;
22;13;40.05;53.53;29.71;NA;27.25;35.03;37.36;47.11;30.52;NA;NA;NA;
22;14;39;44.13;35.6;NA;29.67;38.94;35.09;38.2;24.45;NA;NA;NA;
22;15;32.93;43.69;31.83;NA;24.75;32.43;25.11;40.17;22.61;NA;NA;NA;
22;16;28.45;38.13;24.66;NA;23.95;30.26;28.94;40.87;37.88;NA;NA;NA;
22;17;22.81;27.18;17.91;NA;12.52;16.96;14.3;36.3;19.37;NA;NA;NA;
22;18;20.67;24.55;6.3;NA;11.96;2.73;8.8;31.07;21.29;NA;NA;NA;
22;19;12.9;20.81;1.67;NA;2.47;2.23;5.63;29.42;22.93;NA;NA;NA;
22;20;7.71;21.77;0.86;NA;3.38;1.38;3.41;30.31;18.59;NA;NA;NA;
22;21;4.29;20.61;0.79;NA;3.15;3.06;9.54;31.77;13.33;NA;NA;NA;
22;22;3.52;16.06;0.3;NA;6.21;3.02;7.04;30.33;21.14;NA;NA;NA;
22;23;5.01;24.69;0.54;NA;4.88;1.32;5.37;26.2;17.11;NA;NA;NA;
23;0;2.24;21.27;0.57;NA;8.97;1.01;7.27;22.05;3.36;NA;NA;NA;
23;1;2.6;20.19;1.79;NA;20.65;1.22;5.09;18.87;2.4;NA;NA;NA;
23;2;ND;13.37;ND;NA;ND;1.32;9.96;12.31;0.47;NA;NA;NA;
23;3;11.33;8.12;4.59;NA;13.22;1.84;13.08;5.3;0.82;NA;NA;NA;
23;4;2.67;6.69;1.56;NA;10.62;0.7;16.92;0.5;0.64;NA;NA;NA;
23;5;0.99;2.67;0.66;NA;1.58;1.49;14.78;0.77;0.76;NA;NA;NA;
23;6;3.4;4;1.93;NA;5.83;2.9;15.21;1.38;0.75;NA;NA;NA;
23;7;8.79;10.85;6.65;NA;7.71;9.38;22.32;5.86;3.49;NA;NA;NA;
23;8;16.7;18.66;17.63;NA;22.37;23.92;28.44;13.85;15.7;NA;NA;NA;
23;9;29.65;36.24;29.57;NA;30.34;32.13;39.29;28.99;29.15;NA;NA;NA;
23;10;33.36;45.76;31.74;NA;34.59;36.8;42.69;41.41;33.12;NA;NA;NA;
23;11;40.04;48.98;37.14;NA;35.63;39.23;41.47;37.86;30.75;NA;NA;NA;
23;12;41.51;46.66;33.04;NA;33.43;36.56;41.38;31.38;29.32;NA;NA;NA;
23;13;43.81;46.38;32.53;NA;28.63;35.28;37.52;32.61;26.78;NA;NA;NA;
23;14;42.31;46.86;37.16;NA;30.4;39.92;35.8;35.88;25.88;NA;NA;NA;
23;15;38.52;45.67;33.02;NA;26.82;39.6;36.04;41.31;36.44;NA;NA;NA;
23;16;36.49;40.61;31.2;NA;27.14;36.71;34.28;39.87;40.52;NA;NA;NA;
23;17;30.43;33.02;22.41;NA;20.83;18.9;30.21;36.05;34.9;NA;NA;NA;
23;18;22.03;26.74;13.68;NA;9.16;8.01;20.85;28.55;20.35;NA;NA;NA;
23;19;11.92;26.28;2.68;NA;8.25;2.69;14.22;26.16;22.79;NA;NA;NA;
23;20;9.91;23.98;1.39;NA;6.08;4.42;16.3;29.1;9.28;NA;NA;NA;
23;21;7.94;25.6;1.37;NA;3.44;3.89;13.25;30.03;9.6;NA;NA;NA;
23;22;5.6;23.34;2.63;NA;4.94;6.41;6.72;25.88;16.02;NA;NA;NA;
23;23;12.06;20.19;5.66;NA;12.93;11.68;8.96;26.76;21.32;NA;NA;NA;
24;0;13.21;23.97;7.03;NA;12.41;13.13;9.33;27.51;7.67;NA;NA;NA;
24;1;12.39;23.06;9.21;NA;18.4;13.33;ND;24.95;ND;NA;NA;NA;
24;2;11.07;16.7;2.94;NA;12.27;11.31;9.68;21.85;19.08;NA;NA;NA;
24;3;11.74;18.39;1.27;NA;9.34;5.6;7.68;17.96;17.92;NA;NA;NA;
24;4;8.38;20.08;4.98;NA;6.22;8.64;10.44;20.2;14.91;NA;NA;NA;
24;5;6.48;19.49;4.61;NA;2.66;2.44;5.25;21.4;13.87;NA;NA;NA;
24;6;5.44;17.84;7.32;NA;3.92;5.15;1.66;17.32;14.61;NA;NA;NA;
24;7;9.37;17.9;10.18;NA;9.95;7.58;7.36;19.23;17.65;NA;NA;NA;
24;8;18.66;24.39;14.9;NA;14.14;13.82;14.53;22.66;19.62;NA;NA;NA;
24;9;25.94;33.87;24.17;NA;29.69;31.93;31.18;27.77;25.75;NA;NA;NA;
24;10;40.82;50.57;36.21;NA;34.11;38.11;46.37;41.64;31.68;NA;NA;NA;
24;11;55.88;47.88;43.35;NA;40.7;44.81;47.06;51.51;43.52;NA;NA;NA;
24;12;47.05;49.54;43.84;NA;46.28;47.77;46.71;49.99;52.97;NA;NA;NA;
24;13;39.96;48.12;40.18;NA;40.58;44.89;50.18;41.64;41.29;NA;NA;NA;
24;14;33.92;46.57;37.93;NA;39.06;43.84;43.59;42.51;36.33;NA;NA;NA;
24;15;32.21;41.98;38.87;NA;28.64;42.5;40.97;41.13;43.56;NA;NA;NA;
24;16;30.87;38.81;33.81;NA;25.17;26.59;31.95;37.84;39.73;NA;NA;NA;
24;17;30.41;33.88;23.23;NA;21.52;17.59;25.49;32.8;28.66;NA;NA;NA;
24;18;20.14;26.07;10.91;NA;13.46;7.16;16.52;27.53;16.02;NA;NA;NA;
24;19;10.45;21.34;5.24;NA;9.67;5.93;12.73;25.1;19;NA;NA;NA;
24;20;6.18;21.1;1.67;NA;11.6;4.44;12.95;27.35;18.22;NA;NA;NA;
24;21;1.95;21.71;5.39;NA;7.8;9.57;15.36;25.78;8.65;NA;NA;NA;
24;22;15.53;24.98;2.79;NA;11.63;7.52;19.3;25.05;15.82;NA;NA;NA;
24;23;11.43;29.25;1.33;NA;12.1;3.87;6.63;21.38;13.32;NA;NA;NA;
25;0;6.88;23.96;2.9;NA;17.81;4.22;15.94;19.26;17.6;NA;NA;NA;
25;1;8.67;23.65;2.27;NA;18.07;9.35;12.06;20.27;13.21;NA;NA;NA;
25;2;ND;24.16;ND;NA;ND;11.74;8.96;18.71;14.1;NA;NA;NA;
25;3;16.69;19.19;14.08;NA;20.52;11.04;8.48;20.47;12.67;NA;NA;NA;
25;4;5.71;14.9;12.94;NA;13.72;9.42;7.12;17.6;4.34;NA;NA;NA;
25;5;3.02;9.58;13.58;NA;13.22;8.36;2.87;14.65;1.86;NA;NA;NA;
25;6;1.89;4.27;3.83;NA;16.33;5.99;5;9.08;2.94;NA;NA;NA;
25;7;7.48;15.97;7.81;NA;11.48;8.91;13.93;14.67;3.32;NA;NA;NA;
25;8;15.97;23.65;13.29;NA;18.48;18.67;22.2;20.12;10.71;NA;NA;NA;
25;9;30.38;39.47;22.25;NA;25.25;29.42;30.58;28.91;17.12;NA;NA;NA;
25;10;40.25;42.43;23.25;NA;30.29;30.63;34.08;40.22;29.11;NA;NA;NA;
25;11;ND;47.03;33.53;NA;33.4;36.4;45.54;52.1;41.72;NA;NA;NA;
25;12;ND;42.41;26.03;NA;30.76;29.98;ND;53.47;46.51;NA;NA;NA;
25;13;35.36;39.42;25.09;NA;27.79;28.21;ND;46.71;39.12;NA;NA;NA;
25;14;33.83;38.52;31.07;NA;33.14;36.06;ND;44.43;31.63;NA;NA;NA;
25;15;32;39.53;26.86;NA;29.89;38.43;36.62;39.64;25.01;NA;NA;NA;
25;16;28.39;31.91;8.4;NA;23.54;27.49;33.83;34.39;26.49;NA;NA;NA;
25;17;23.55;27.76;2.95;NA;13.49;11.21;26.25;31.52;15.78;NA;NA;NA;
25;18;10.56;23.42;1.72;NA;6.84;7.97;19.99;24.17;10.07;NA;NA;NA;
25;19;2.46;17.89;1.08;NA;3.85;2.16;6.66;25.17;17.41;NA;NA;NA;
25;20;2.94;9.56;0.57;NA;4.83;2.01;4.66;16.75;8.27;NA;NA;NA;
25;21;1.73;8.15;3.38;NA;4.16;1.2;6.6;20.68;1.93;NA;NA;NA;
25;22;8.11;18.8;4.17;NA;3.58;1.35;12.7;8.61;1.32;NA;NA;NA;
25;23;18.05;23.3;6.57;NA;5.97;3.63;6.26;10.16;0.63;NA;NA;NA;
26;0;16.43;24.13;2.8;NA;1.62;2.43;7.93;6.52;5.63;NA;NA;NA;
26;1;14.68;24.62;2.76;NA;2.25;1.97;5.93;3.18;ND;NA;NA;NA;
26;2;ND;17.01;3.83;NA;5.54;4.46;5.49;0.91;6.27;NA;NA;NA;
26;3;9.13;18.52;2.67;NA;0.33;6.53;12.29;1.64;7.3;NA;NA;NA;
26;4;3.52;12.83;3.41;NA;0.68;5.05;7.57;1.42;6.1;NA;NA;NA;
26;5;1.99;3.63;1.18;NA;0;2.76;17.83;1.21;2.09;NA;NA;NA;
26;6;1.9;3.72;1.9;NA;4.47;3.71;23.07;1.52;2.26;NA;NA;NA;
26;7;8.01;13.33;5.87;NA;10.03;8.13;25.14;6.1;6.17;NA;NA;NA;
26;8;15.17;24.51;15.78;NA;18.06;23.03;31.02;17.52;13.8;NA;NA;NA;
26;9;28.31;34.54;20.7;NA;29.67;32.14;35.28;34.47;26.43;NA;NA;NA;
26;10;43.76;54.18;34.48;NA;40.75;40.91;43.73;52.17;40.2;NA;NA;NA;
26;11;61.06;65.83;44.07;NA;47.74;50.4;60.46;60.44;52.03;NA;NA;NA;
26;12;60.03;57.43;41.23;NA;43.93;48.17;65.51;53.88;62.49;NA;NA;NA;
26;13;51.87;52.37;39.86;NA;36.45;43.67;65.9;35.24;36.93;NA;NA;NA;
26;14;42.78;52.84;39.44;NA;37.62;46.21;41.58;44.14;31.82;NA;NA;NA;
26;15;38.82;54.89;40.14;NA;38.72;43.25;47.15;46.63;30.61;NA;NA;NA;
26;16;37.88;48.43;46.24;NA;32.95;47.17;44.22;46.1;30.39;NA;NA;NA;
26;17;36.1;40.28;30.86;NA;21.68;32.06;34.87;40.7;31.78;NA;NA;NA;
26;18;29.23;31.5;7.71;NA;15.19;7.13;18.6;36.43;29.73;NA;NA;NA;
26;19;14.54;28.46;5.19;NA;11.53;2.71;9.43;31.57;26.98;NA;NA;NA;
26;20;8.66;28.95;0.8;NA;15.98;2.26;17.87;31.12;12.74;NA;NA;NA;
26;21;7.64;17.16;1.75;NA;10.68;4.49;17.1;28.42;24.42;NA;NA;NA;
26;22;13.5;10.95;8.1;NA;5.62;7.93;12.31;20.29;10.35;NA;NA;NA;
26;23;4.3;16.77;3.44;NA;8.8;8.47;25.26;9.41;8.82;NA;NA;NA;
27;0;1.97;6.64;0.96;NA;0.95;4.7;31.32;12.77;1.13;NA;NA;NA;
27;1;2.97;2.44;5.05;NA;3.2;11.32;27.31;6.79;3.36;NA;NA;NA;
27;2;4.29;6.12;ND;NA;ND;8.14;25.26;5.55;2.55;NA;NA;NA;
27;3;1;5.97;4.02;NA;14.45;10.74;29.62;3.15;4.75;NA;NA;NA;
27;4;0.65;6.18;5.63;NA;16.28;12.06;29.97;3.11;3.03;NA;NA;NA;
27;5;0.87;5.58;1.15;NA;7.53;6.29;28.74;1.02;1.09;NA;NA;NA;
27;6;1.25;3.17;1.6;NA;5.12;3.31;21.19;1.42;1.36;NA;NA;NA;
27;7;5.26;3.67;8.08;NA;10.91;10.74;15.8;1.51;2.45;NA;NA;NA;
27;8;13.58;19.85;10.66;NA;15.69;10.39;19.06;2.45;4.58;NA;NA;NA;
27;9;20.1;17.9;18.73;NA;16.7;19.48;39.64;9.67;9.1;NA;NA;NA;
27;10;25.4;14.42;30.04;NA;33.46;36.48;51.76;16.93;20.55;NA;NA;NA;
27;11;39.74;17.95;30.42;NA;40.83;42.49;53.81;23.51;33.1;NA;NA;NA;
27;12;33.71;24.46;29.75;NA;43.25;ND;51.06;17.98;35.95;NA;NA;NA;
27;13;36.83;39.49;33.13;NA;42.93;ND;53.18;21.49;39.8;NA;NA;NA;
27;14;45.98;54.63;40.14;NA;45.34;48.02;53.05;34.83;49.52;NA;NA;NA;
27;15;47.57;58.77;39.4;NA;50.35;49.48;54.8;38.68;47.57;NA;NA;NA;
27;16;39.6;54.59;35.36;NA;47.74;49.87;49.06;49.22;43.69;NA;NA;NA;
27;17;34.54;44.55;19.4;NA;42.59;26.63;45.73;39.1;24.98;NA;NA;NA;
27;18;15.43;37.44;9.78;NA;8.99;7.62;37.26;27.16;11.35;NA;NA;NA;
27;19;7.27;23.31;2.39;NA;12.33;3.2;34.08;16.49;17.05;NA;NA;NA;
27;20;3.83;15.71;1.37;NA;8.95;3.62;36.79;5.48;8.78;NA;NA;NA;
27;21;5.57;9.9;1.39;NA;4.73;2.88;32.13;1.61;1.5;NA;NA;NA;
27;22;7.77;3.12;4.65;NA;4.62;5.46;23.05;3.11;1.26;NA;NA;NA;
27;23;6.57;14.76;2.73;NA;14.97;1.22;30.82;4.14;2.87;NA;NA;NA;
28;0;12.56;5.18;2.73;NA;8.28;1.47;26.09;7.72;2.75;NA;NA;NA;
28;1;14.73;5.06;1.18;NA;8.16;1.26;31.41;1.64;ND;NA;NA;NA;
28;2;ND;3.98;2.8;NA;4.38;ND;24.71;1.03;0.96;NA;NA;NA;
28;3;10.98;5.2;3.64;NA;5.92;2.04;23.19;0.49;1.15;NA;NA;NA;
28;4;7.39;2.03;2.87;NA;4.27;2.71;22.93;0.32;0.97;NA;NA;NA;
28;5;1.74;2.92;1.27;NA;2.65;2.15;31.65;0.87;0.99;NA;NA;NA;
28;6;3.04;4.12;3.32;NA;3.52;4.6;26.26;1.73;2.17;NA;NA;NA;
28;7;6.52;8.12;6.73;NA;6.95;6.92;37.91;4.69;4.49;NA;NA;NA;
28;8;23.89;19.02;19.1;NA;20.03;29.17;42.97;5.25;6.54;NA;NA;NA;
28;9;42.93;44.1;22.45;NA;42.96;37.48;49.04;15.12;5.93;NA;NA;NA;
28;10;54.22;53.96;54.79;NA;39.06;50.38;45.31;46.62;14.67;NA;NA;NA;
28;11;61.38;67.74;46.14;NA;53.88;57.48;67.64;66.28;34.47;NA;NA;NA;
28;12;69.83;75.45;50.76;NA;56.5;64.99;75.89;63.97;57.75;NA;NA;NA;
28;13;55.43;64.58;55.93;NA;52.38;67.23;75;62.5;45.26;NA;NA;NA;
28;14;48.09;59.89;57.77;NA;ND;59.75;73.02;59.28;47.65;NA;NA;NA;
28;15;44.97;51.78;52.06;NA;25.56;54.06;59.01;55.38;48.2;NA;NA;NA;
28;16;39.7;49.17;47.94;NA;26.99;33.52;42.85;50.46;33.16;NA;NA;NA;
28;17;34.89;37.16;14.09;NA;24.82;26.4;50.13;40.22;29.56;NA;NA;NA;
28;18;22.7;28.35;11.65;NA;27.17;22.45;43.02;33.26;24.93;NA;NA;NA;
28;19;22.26;20.54;7.33;NA;7.97;11.43;43.11;24.28;29.62;NA;NA;NA;
28;20;17.99;16.67;4.91;NA;9.81;3.14;18.1;14.01;5.29;NA;NA;NA;
28;21;6.92;24.78;4.16;NA;2.73;3.43;14.61;3.72;3.45;NA;NA;NA;
28;22;12.68;32.22;6.18;NA;8.53;6.37;4.39;3.57;2.89;NA;NA;NA;
28;23;25.26;31.57;19.98;NA;6.97;11.4;18.54;0.77;1.1;NA;NA;NA;
29;0;14.64;8.89;17.91;NA;6.3;7.89;13.6;2.67;0.77;NA;NA;NA;
29;1;13.69;2.75;7.56;NA;2.05;1.14;5.59;0.81;0.86;NA;NA;NA;
29;2;7.49;2.33;ND;NA;ND;0.74;4.36;0.8;1.4;NA;NA;NA;
29;3;4.94;3.51;9.17;NA;3.01;1.38;8.76;0.68;2.71;NA;NA;NA;
29;4;1.66;2.49;0.32;NA;3.02;1.24;19.34;0.89;1.8;NA;NA;NA;
29;5;0.89;2.16;0.33;NA;2.24;2.53;1.46;1.73;1.61;NA;NA;NA;
29;6;1.87;3.31;1.82;NA;3.02;2.14;3.24;1.37;1.89;NA;NA;NA;
29;7;5.88;5.78;3.35;NA;4.54;4.49;16.03;3.03;2.91;NA;NA;NA;
29;8;8.44;17.28;5.56;NA;7.88;5.64;36.28;3.57;4.79;NA;NA;NA;
29;9;22.41;18.56;4.82;NA;10.4;6.13;44.83;5.11;12.92;NA;NA;NA;
29;10;33.9;37.55;4.62;NA;10.02;12.04;41.2;10.52;5.04;NA;NA;NA;
29;11;43.42;44.62;14.08;NA;21.35;26.16;56.43;32.8;8.82;NA;NA;NA;
29;12;44.42;53.12;33.43;NA;30.97;34.67;49.42;53.54;20.71;NA;NA;NA;
29;13;48.72;55.87;48.91;NA;23.88;48.26;57.71;56.71;30.11;NA;NA;NA;
29;14;45.57;56.75;36.15;NA;18.44;36.44;64.57;61.77;35.68;NA;NA;NA;
29;15;42.94;53.07;25.29;NA;29.81;40.95;54.64;55.45;30.55;NA;NA;NA;
29;16;34.69;46.01;17.97;NA;28.35;30.92;37.3;49.56;26.25;NA;NA;NA;
29;17;27.67;36.45;12.61;NA;17.85;21.84;36.57;43.5;18.96;NA;NA;NA;
29;18;16.37;28.18;2.66;NA;6.32;7.48;6.06;35.42;19.32;NA;NA;NA;
29;19;3.39;21.5;2.63;NA;6.7;2.39;10.69;29.75;5.71;NA;NA;NA;
29;20;3.33;9.83;1.06;NA;3.99;3.12;2.53;26.74;6.52;NA;NA;NA;
29;21;4.46;12.28;0.45;NA;3.04;0.67;4.26;22.96;16.88;NA;NA;NA;
29;22;1.26;18.57;1.89;NA;3.56;0.61;7.06;4.79;19.6;NA;NA;NA;
29;23;1.68;14.79;0.42;NA;2.01;1.51;20.52;2.26;6.07;NA;NA;NA;
30;0;1.2;18.42;0.93;NA;0;0.61;23.67;0.92;3.91;NA;NA;NA;
30;1;1.77;16.75;1.39;NA;7.7;0.61;11.44;1.19;5.06;NA;NA;NA;
30;2;ND;24.38;1.76;NA;ND;ND;7.63;2.66;6.88;NA;NA;NA;
30;3;7.25;18;2.11;NA;2.72;3.92;3.08;2.24;1.08;NA;NA;NA;
30;4;3.44;6.58;1.03;NA;0;0.91;4.18;1.48;0.27;NA;NA;NA;
30;5;0.73;4.4;0.15;NA;0.23;0.98;2.56;1.32;0.6;NA;NA;NA;
30;6;2.17;3.78;1.93;NA;0.14;1.9;7.58;1.23;0.76;NA;NA;NA;
30;7;5.82;16.92;5.43;NA;0.52;4.64;14.04;3.6;2.16;NA;NA;NA;
30;8;16.54;20.89;14.34;NA;12.98;20.97;24.42;8.26;8.87;NA;NA;NA;
30;9;26.94;24.37;15.58;NA;27.99;36.97;37.52;20.82;25.09;NA;NA;NA;
30;10;37.9;42.73;29.85;NA;39.32;37.25;48.34;43.36;43.79;NA;NA;NA;
30;11;44.14;47.11;32.68;NA;37.75;40.66;58.63;56.89;17;NA;NA;NA;
30;12;48.21;52.34;39.19;NA;42.71;50.27;46.92;54.53;31.77;NA;NA;NA;
30;13;47;53.52;45.44;NA;48.43;53.39;54.87;58.29;36.48;NA;NA;NA;
30;14;42.57;55.02;55.4;NA;32.37;55.06;50.19;56.36;46.45;NA;NA;NA;
30;15;44.14;50.43;41.23;NA;34.15;45.67;43.92;51.02;51.17;NA;NA;NA;
30;16;34.26;42.41;29.89;NA;30.24;38.57;36.3;40.98;29.67;NA;NA;NA;
30;17;32.03;33.35;8.78;NA;19.83;10.99;25.51;35.07;18.2;NA;NA;NA;
30;18;23.55;29.12;4.85;NA;17.37;4.49;19.83;30.35;9.04;NA;NA;NA;
30;19;19.51;28.3;2.91;NA;15.02;4.13;25.14;26.29;3.82;NA;NA;NA;
30;20;14.22;30.36;3;NA;6.42;7.98;15.43;27.7;14.19;NA;NA;NA;
30;21;15.47;31.59;2.13;NA;7.88;9.16;8.77;31.86;20.84;NA;NA;NA;
30;22;13.82;30.86;4.11;NA;13.18;12.3;11.1;31.74;20.15;NA;NA;NA;
30;23;19.14;32.66;8.57;NA;19.12;15.66;23.2;33.54;21.48;NA;NA;NA;
31;0;18.22;32.36;6.33;NA;17.28;12.54;29.6;33.62;22.76;NA;NA;NA;
31;1;16.68;32.28;8.56;NA;20.29;17.75;25.28;30.19;21.91;NA;NA;NA;
31;2;14.44;30.1;ND;NA;13.13;11.05;19.76;26.3;21.73;NA;NA;NA;
31;3;10.17;27.28;7.42;NA;3.94;6.16;14.81;26.62;21.51;NA;NA;NA;
31;4;15.29;25.23;10.85;NA;7.9;6.18;9.18;23.21;17.94;NA;NA;NA;
31;5;18.79;17.9;7.88;NA;9.77;2.13;6.32;20.45;20.51;NA;NA;NA;
31;6;4.34;7.4;4.41;NA;0.88;2.75;4.61;8.2;6.96;NA;NA;NA;
31;7;9.04;17.74;9.66;NA;8.3;9.84;15.66;17.09;12.13;NA;NA;NA;
31;8;18.85;24.36;16.82;NA;20.71;24.95;25.73;14.92;18.22;NA;NA;NA;
31;9;29.56;35;21.41;NA;35.98;41.25;33.42;14.37;26.4;NA;NA;NA;
31;10;43.8;52.16;21.03;NA;41.13;32.83;42.23;26.5;22.16;NA;NA;NA;
31;11;57.17;58.24;40.75;NA;32.43;42.44;55.29;47.13;14.63;NA;NA;NA;
31;12;49.57;54.84;44.56;NA;42.89;51.65;38.77;53.91;31.21;NA;NA;NA;
31;13;41.12;50.73;39.81;NA;38.16;50.57;38.21;41.6;34.02;NA;NA;NA;
31;14;40.4;51.26;43.67;NA;40.2;51.03;41.47;49.58;34.76;NA;NA;NA;
31;15;42.97;49.46;50.33;NA;44.65;55.25;50.92;48.17;33.54;NA;NA;NA;
31;16;39.45;46.59;46.27;NA;42.11;53.33;53.14;44.58;43.32;NA;NA;NA;
31;17;32.39;38;30.67;NA;25.24;31.86;38.56;37.43;29.24;NA;NA;NA;
31;18;25.22;26.22;7.72;NA;6.29;17.12;13.42;30.51;19.24;NA;NA;NA;
31;19;10.08;23.54;1.94;NA;4.46;2.24;4.97;26.46;21.3;NA;NA;NA;
31;20;3.39;18.05;3.2;NA;3.27;1.81;11.06;27.53;15.6;NA;NA;NA;
31;21;3.18;3.22;0.84;NA;7.74;0.95;16.16;26.55;13.81;NA;NA;NA;
31;22;1.89;10.88;0.81;NA;1.26;0.85;13.29;16.92;14.95;NA;NA;NA;
31;23;1.57;9.78;0.84;NA;0;1.74;20.58;23.91;0.45;NA;NA;NA;
