DIA;HORA;Cotocollao;Carapungo;Belisario;Jipijapa;El Camal;Centro;Guamaní;Tumbaco;Los Chillos;El Condado;Turubamba;Chillogallo;
1;0;20.82;1.57;18.96;ND;23.38;29.75;NA;NA;ND;NA;NA;NA;
1;1;9.71;10.2;8.09;11.65;8.59;10.13;NA;NA;ND;NA;NA;NA;
1;2;13.97;20.66;8.57;8.81;20.56;13.55;NA;NA;ND;NA;NA;NA;
1;3;9.8;1.78;6.37;13.88;11.81;3.68;NA;NA;ND;NA;NA;NA;
1;4;11.06;12.34;12.96;13.74;15.4;16.13;NA;NA;ND;NA;NA;NA;
1;5;15.86;11.04;13.64;13.83;6.62;15.91;NA;NA;ND;NA;NA;NA;
1;6;27.18;19.57;26.56;24.7;58.33;19.01;NA;NA;ND;NA;NA;NA;
1;7;45.47;17.76;25.12;28.62;66.01;30.96;NA;NA;ND;NA;NA;NA;
1;8;17.78;15.11;34.96;29.94;75.75;43.64;NA;NA;ND;NA;NA;NA;
1;9;35.3;17.58;37.94;24.95;34.82;25.41;NA;NA;ND;NA;NA;NA;
1;10;20.93;18.92;21.24;19.36;33.31;21.07;NA;NA;ND;NA;NA;NA;
1;11;21.72;7.24;18.52;20.44;25.97;12.35;NA;NA;ND;NA;NA;NA;
1;12;19.51;20.09;13.35;9.94;29.21;20.18;NA;NA;ND;NA;NA;NA;
1;13;ND;13.56;10.3;8.34;1.27;16.58;NA;NA;ND;NA;NA;NA;
1;14;ND;3.4;9.81;5.4;0.11;8.28;NA;NA;ND;NA;NA;NA;
1;15;10.58;9.02;4.86;8.9;5.3;4.43;NA;NA;ND;NA;NA;NA;
1;16;7.25;5.22;15.14;14.02;25.54;6.16;NA;NA;ND;NA;NA;NA;
1;17;6.43;10.5;18.36;18.2;17.65;4.97;NA;NA;ND;NA;NA;NA;
1;18;10.47;11.23;18.66;18.74;19.95;11.93;NA;NA;ND;NA;NA;NA;
1;19;8.64;12.87;11.19;17.4;23.61;16.89;NA;NA;ND;NA;NA;NA;
1;20;17.47;16.35;19.47;21.46;33.39;14.44;NA;NA;ND;NA;NA;NA;
1;21;4.18;17.89;14.03;19.54;29.08;8.26;NA;NA;ND;NA;NA;NA;
1;22;10.18;16.8;3.86;8.59;14.28;7.8;NA;NA;ND;NA;NA;NA;
1;23;13.1;10.51;ND;9.44;ND;16.02;NA;NA;ND;NA;NA;NA;
2;0;10.74;11.55;14.26;ND;25.25;18.28;NA;NA;ND;NA;NA;NA;
2;1;15.47;11.99;14.08;15.97;14.95;17.99;NA;NA;ND;NA;NA;NA;
2;2;18.5;14.06;14.3;13.88;19.94;15.05;NA;NA;ND;NA;NA;NA;
2;3;19.96;8.47;15.04;12.73;11.87;16.61;NA;NA;ND;NA;NA;NA;
2;4;8.19;5.95;12.64;10.97;17.44;13.73;NA;NA;ND;NA;NA;NA;
2;5;19.05;11.77;17.63;18.44;23.42;9.14;NA;NA;ND;NA;NA;NA;
2;6;23.21;27.26;18.33;26.15;33.8;18;NA;NA;ND;NA;NA;NA;
2;7;23.39;43.92;26.19;38.1;41.11;28.21;NA;NA;ND;NA;NA;NA;
2;8;31.57;31.72;30.67;38.46;35.54;37.01;NA;NA;ND;NA;NA;NA;
2;9;30.1;15.47;27.99;34.35;20.16;21.84;NA;NA;ND;NA;NA;NA;
2;10;27.17;13.77;17.24;28.47;15.15;13.05;NA;NA;ND;NA;NA;NA;
2;11;21.67;14.5;16.91;17.67;19.99;23.36;NA;NA;ND;NA;NA;NA;
2;12;15;21.22;23;20.55;5.04;20.71;NA;NA;ND;NA;NA;NA;
2;13;7.94;18.2;10.32;9.64;29.7;18.89;NA;NA;ND;NA;NA;NA;
2;14;7.57;6.2;15.46;4.58;6.15;7.27;NA;NA;ND;NA;NA;NA;
2;15;16;8.96;6.03;10.52;14;7.61;NA;NA;ND;NA;NA;NA;
2;16;12.01;9.59;22.25;12.63;20.88;13.78;NA;NA;ND;NA;NA;NA;
2;17;12.88;10.09;21.08;18.66;20.19;12.82;NA;NA;ND;NA;NA;NA;
2;18;12.91;12.41;20.57;22.65;20.07;12.17;NA;NA;ND;NA;NA;NA;
2;19;12.88;19.78;19.23;38.13;22.05;14.42;NA;NA;ND;NA;NA;NA;
2;20;7.66;12.67;17.09;32.3;28.24;10.77;NA;NA;ND;NA;NA;NA;
2;21;13.83;11.19;15.03;23.97;24.1;11.19;NA;NA;ND;NA;NA;NA;
2;22;11.33;10.89;12.95;16.62;17.3;ND;NA;NA;ND;NA;NA;NA;
2;23;6.6;7.36;ND;18.96;ND;ND;NA;NA;ND;NA;NA;NA;
3;0;15.31;4.57;22.44;ND;16.83;1.32;NA;NA;ND;NA;NA;NA;
3;1;16.06;5.09;8.64;ND;14.77;11.93;NA;NA;ND;NA;NA;NA;
3;2;5.89;11.05;16.53;ND;11.99;13.95;NA;NA;ND;NA;NA;NA;
3;3;20.07;15.3;13.9;ND;12.54;11.64;NA;NA;ND;NA;NA;NA;
3;4;16.29;17.94;15.98;ND;14.03;17.28;NA;NA;ND;NA;NA;NA;
3;5;20.25;5.17;17.35;ND;22.05;23.27;NA;NA;ND;NA;NA;NA;
3;6;30.36;24.85;16.26;ND;25.27;18.47;NA;NA;ND;NA;NA;NA;
3;7;37.32;32.94;29.2;ND;42.86;39.42;NA;NA;ND;NA;NA;NA;
3;8;34.62;26.55;41.26;ND;45.68;47.42;NA;NA;ND;NA;NA;NA;
3;9;23;25.81;36.2;ND;33.89;37.86;NA;NA;ND;NA;NA;NA;
3;10;42.38;24.42;31.7;ND;37.33;28.2;NA;NA;ND;NA;NA;NA;
3;11;31.35;21.19;29.2;ND;42.95;25.6;NA;NA;ND;NA;NA;NA;
3;12;18.07;26.58;33.44;ND;30.4;27.94;NA;NA;ND;NA;NA;NA;
3;13;18.91;18.68;21.75;ND;25.41;18.36;NA;NA;ND;NA;NA;NA;
3;14;9.13;15.32;22.92;ND;20.55;16.91;NA;NA;ND;NA;NA;NA;
3;15;11.04;7.15;44.84;ND;1.47;5.29;NA;NA;ND;NA;NA;NA;
3;16;12.19;10.34;69.75;ND;16.72;19.17;NA;NA;ND;NA;NA;NA;
3;17;12.92;6.87;27.36;ND;26.15;26.29;NA;NA;ND;NA;NA;NA;
3;18;12.86;15.74;16.46;ND;18.93;15.22;NA;NA;ND;NA;NA;NA;
3;19;12.96;15.14;17.84;ND;23.72;17.98;NA;NA;ND;NA;NA;NA;
3;20;9.74;12.53;19.8;ND;27.85;13.27;NA;NA;ND;NA;NA;NA;
3;21;13;16.39;13.07;ND;18.77;17.32;NA;NA;ND;NA;NA;NA;
3;22;11.45;17.72;7.18;ND;20.75;14.76;NA;NA;ND;NA;NA;NA;
3;23;14.15;11.79;ND;ND;ND;13.55;NA;NA;ND;NA;NA;NA;
4;0;4.39;14.63;13.14;ND;27.25;16.63;NA;NA;ND;NA;NA;NA;
4;1;20.32;13.27;6.8;ND;17.6;12.33;NA;NA;ND;NA;NA;NA;
4;2;22.15;9.81;10.58;ND;6.34;10.51;NA;NA;ND;NA;NA;NA;
4;3;14.26;8.44;13.86;ND;16.41;15.64;NA;NA;ND;NA;NA;NA;
4;4;16.64;1.36;18.86;ND;17.39;12.37;NA;NA;ND;NA;NA;NA;
4;5;11.09;23.23;15.5;ND;32.36;15.91;NA;NA;ND;NA;NA;NA;
4;6;23.74;17.87;17.29;ND;29.62;19.73;NA;NA;ND;NA;NA;NA;
4;7;19.55;15.02;14.1;ND;31.5;18.43;NA;NA;ND;NA;NA;NA;
4;8;21.31;9.48;9.3;ND;28.16;19.04;NA;NA;ND;NA;NA;NA;
4;9;18.11;22.11;17.69;ND;6.06;15.9;NA;NA;ND;NA;NA;NA;
4;10;19.97;21.07;22.93;ND;21.31;19.86;NA;NA;ND;NA;NA;NA;
4;11;17.45;12.44;20.57;ND;10.5;18.4;NA;NA;ND;NA;NA;NA;
4;12;21.11;9.65;18.1;ND;18.9;20.4;NA;NA;ND;NA;NA;NA;
4;13;11.62;27.44;13.35;ND;37.31;17.97;NA;NA;ND;NA;NA;NA;
4;14;10.23;2.66;14.61;ND;34.78;21.71;NA;NA;ND;NA;NA;NA;
4;15;12.92;20.06;24.04;ND;26.42;13.95;NA;NA;ND;NA;NA;NA;
4;16;12.59;15.04;18.33;ND;12.76;16.43;NA;NA;ND;NA;NA;NA;
4;17;11.55;11.91;22.29;ND;14.21;13.8;NA;NA;ND;NA;NA;NA;
4;18;13.91;13.62;21.35;ND;21.99;12.55;NA;NA;ND;NA;NA;NA;
4;19;42.8;9.78;16.41;ND;13.26;13.6;NA;NA;ND;NA;NA;NA;
4;20;15.2;17.59;13.33;ND;21.51;15.72;NA;NA;ND;NA;NA;NA;
4;21;2.76;12.62;18.12;ND;22.07;14.54;NA;NA;ND;NA;NA;NA;
4;22;9.01;15.02;17.16;ND;25.72;17.55;NA;NA;ND;NA;NA;NA;
4;23;19.28;18.02;ND;ND;ND;15.06;NA;NA;ND;NA;NA;NA;
5;0;12.18;22.57;7.95;ND;27.22;16.16;NA;NA;ND;NA;NA;NA;
5;1;20.56;14.29;23.44;ND;20.08;24.3;NA;NA;ND;NA;NA;NA;
5;2;17.86;7.04;21.23;ND;10.98;15.38;NA;NA;ND;NA;NA;NA;
5;3;18.89;26.56;18.1;ND;21.01;23.33;NA;NA;ND;NA;NA;NA;
5;4;20.01;22.82;17.06;ND;21.41;13.09;NA;NA;ND;NA;NA;NA;
5;5;17.25;19.93;16.97;ND;29.75;20.46;NA;NA;ND;NA;NA;NA;
5;6;12.27;16.6;20.15;ND;21.12;24.28;NA;NA;ND;NA;NA;NA;
5;7;21.53;33.09;21.65;ND;46.54;32.91;NA;NA;ND;NA;NA;NA;
5;8;20.18;20.73;23.55;ND;49.35;31.33;NA;NA;ND;NA;NA;NA;
5;9;14.92;9.45;21.1;ND;42.85;28.48;NA;NA;ND;NA;NA;NA;
5;10;16.27;28.97;33.86;ND;32.27;28.06;NA;NA;ND;NA;NA;NA;
5;11;14.69;13.49;24.97;ND;24.18;23.18;NA;NA;ND;NA;NA;NA;
5;12;9.64;12.89;13.89;ND;21.61;17.67;NA;NA;ND;NA;NA;NA;
5;13;4.17;5.54;2.89;ND;3.27;5.64;NA;NA;ND;NA;NA;NA;
5;14;12.8;14.1;8.04;ND;3.91;5.53;NA;NA;ND;NA;NA;NA;
5;15;9.63;22.62;19.07;ND;11.48;15.96;NA;NA;ND;NA;NA;NA;
5;16;10.8;8.68;10.67;ND;18.09;10.57;NA;NA;ND;NA;NA;NA;
5;17;12.26;5.71;15.45;ND;27.8;12.43;NA;NA;ND;NA;NA;NA;
5;18;0.85;9.79;18.46;ND;12.46;12.99;NA;NA;ND;NA;NA;NA;
5;19;7.3;6.51;13.99;ND;15.44;12.22;NA;NA;ND;NA;NA;NA;
5;20;4.95;6.42;8.08;ND;16.56;8.84;NA;NA;ND;NA;NA;NA;
5;21;7.02;2.67;10.21;ND;8.61;6.19;NA;NA;ND;NA;NA;NA;
5;22;8.02;3.83;12.62;ND;20.48;ND;NA;NA;ND;NA;NA;NA;
5;23;5.33;1.68;ND;ND;ND;ND;NA;NA;ND;NA;NA;NA;
6;0;3.2;15.96;1.4;ND;4.49;9.35;NA;NA;ND;NA;NA;NA;
6;1;10.47;6.72;15.66;ND;20.3;14.28;NA;NA;ND;NA;NA;NA;
6;2;5.48;6.78;4.35;ND;15.99;7.62;NA;NA;ND;NA;NA;NA;
6;3;12.97;29.45;12.74;ND;8.24;13.49;NA;NA;ND;NA;NA;NA;
6;4;15.06;8.57;7.93;ND;18.38;8.35;NA;NA;ND;NA;NA;NA;
6;5;6.38;11.96;10.88;ND;17.09;11.98;NA;NA;ND;NA;NA;NA;
6;6;13.79;6.79;18.85;ND;20.02;14.94;NA;NA;ND;NA;NA;NA;
6;7;10.94;4.64;15.94;ND;12.19;17.02;NA;NA;ND;NA;NA;NA;
6;8;5.51;12.09;17.87;ND;11.96;17.99;NA;NA;ND;NA;NA;NA;
6;9;23.49;15.82;20.94;ND;15.05;19.11;NA;NA;ND;NA;NA;NA;
6;10;15.77;16.56;20.08;ND;27.55;16.6;NA;NA;ND;NA;NA;NA;
6;11;12.12;11.53;13.81;ND;17.07;13.98;NA;NA;ND;NA;NA;NA;
6;12;11.64;13.14;13.32;ND;23.1;5.84;NA;NA;ND;NA;NA;NA;
6;13;15.09;20.31;16.49;ND;27.68;16.79;NA;NA;ND;NA;NA;NA;
6;14;10.1;11.07;15.31;ND;12.74;18.41;NA;NA;ND;NA;NA;NA;
6;15;16.58;18.51;15.11;ND;27.04;26.15;NA;NA;ND;NA;NA;NA;
6;16;16.96;18.01;29.36;ND;4.28;9.66;NA;NA;ND;NA;NA;NA;
6;17;13.45;20.29;21.88;ND;5.15;18.62;NA;NA;ND;NA;NA;NA;
6;18;13.63;17.68;20.68;ND;21.38;24.03;NA;NA;ND;NA;NA;NA;
6;19;13.52;8.37;28.66;ND;42.35;25.4;NA;NA;ND;NA;NA;NA;
6;20;8.1;5.44;29.14;ND;38.53;27.21;NA;NA;ND;NA;NA;NA;
6;21;10.35;11.78;18.54;ND;26.63;23.51;NA;NA;ND;NA;NA;NA;
6;22;9.56;11.45;20.05;ND;32.21;18.89;NA;NA;ND;NA;NA;NA;
6;23;14.05;20.16;ND;ND;ND;20.15;NA;NA;ND;NA;NA;NA;
7;0;17.48;6.32;22.72;ND;26.26;29.46;NA;NA;ND;NA;NA;NA;
7;1;18.14;10.56;23.14;23.34;27.25;23.03;NA;NA;ND;NA;NA;NA;
7;2;18.11;22.65;25.09;28.62;24.26;15.43;NA;NA;ND;NA;NA;NA;
7;3;19.7;20.15;25.24;23.59;32.81;26.97;NA;NA;ND;NA;NA;NA;
7;4;21.47;23.59;22.04;25.14;31.99;30.36;NA;NA;ND;NA;NA;NA;
7;5;21.3;27.13;24.91;25.77;37.92;23.69;NA;NA;ND;NA;NA;NA;
7;6;32.85;35.11;28.25;28.29;42.15;35.86;NA;NA;ND;NA;NA;NA;
7;7;34.25;36.29;43.12;39.24;37.66;46.68;NA;NA;ND;NA;NA;NA;
7;8;28.04;27.43;57.81;45.46;51.79;56.13;NA;NA;ND;NA;NA;NA;
7;9;27.77;6.38;46.02;41.58;27.81;46.95;NA;NA;ND;NA;NA;NA;
7;10;12.56;14.51;38.47;24.89;41.31;31.22;NA;NA;ND;NA;NA;NA;
7;11;22.73;42.09;43.29;39.65;38.51;41.63;NA;NA;ND;NA;NA;NA;
7;12;15.04;9.64;22.12;26.74;33.74;19.91;NA;NA;ND;NA;NA;NA;
7;13;10.4;11.6;13.12;7.44;22.83;11.8;NA;NA;ND;NA;NA;NA;
7;14;11.15;6.75;14.63;4.35;15.59;5.43;NA;NA;ND;NA;NA;NA;
7;15;6.62;2.92;7.82;8.33;7.88;18.21;NA;NA;ND;NA;NA;NA;
7;16;14.76;10.59;24.32;25.84;15.97;12.03;NA;NA;ND;NA;NA;NA;
7;17;16.61;17.51;17.39;17.9;18.4;14.58;NA;NA;ND;NA;NA;NA;
7;18;13.46;20.23;18.42;14.5;22.98;16.23;NA;NA;ND;NA;NA;NA;
7;19;8.74;13.25;19.9;19.2;23.18;13.88;NA;NA;ND;NA;NA;NA;
7;20;8.83;10.5;14.24;26.37;26.06;12.82;NA;NA;ND;NA;NA;NA;
7;21;13.57;16.64;14.4;18.13;7.24;10.7;NA;NA;ND;NA;NA;NA;
7;22;11.2;13.71;11.91;17.69;7.03;13.27;NA;NA;ND;NA;NA;NA;
7;23;16.36;20.86;ND;19.81;ND;6.13;NA;NA;ND;NA;NA;NA;
8;0;19.62;4.12;15.49;ND;33;16.44;NA;NA;ND;NA;NA;NA;
8;1;15.79;16.27;12.19;15.18;16.35;20.59;NA;NA;ND;NA;NA;NA;
8;2;15.21;16.27;11.57;16.16;24.17;9.95;NA;NA;ND;NA;NA;NA;
8;3;16.07;13.13;14.88;10.1;17.1;15.49;NA;NA;ND;NA;NA;NA;
8;4;17.37;4.35;7.36;9.7;28.35;17.33;NA;NA;ND;NA;NA;NA;
8;5;8.49;20.53;13.22;9.02;13.38;9.54;NA;NA;ND;NA;NA;NA;
8;6;15.62;10.66;12.06;11.23;28.83;25.03;NA;NA;ND;NA;NA;NA;
8;7;21.03;23.12;25.08;31.56;34.67;33.23;NA;NA;ND;NA;NA;NA;
8;8;22.46;20.57;37.5;30.18;33.16;27.76;NA;NA;ND;NA;NA;NA;
8;9;25.45;19.84;39.05;32.29;40;29.66;NA;NA;ND;NA;NA;NA;
8;10;31.79;19.86;37.99;35.5;29.3;31.1;NA;NA;ND;NA;NA;NA;
8;11;26.75;11.53;20.62;22.78;31.32;22.68;NA;NA;ND;NA;NA;NA;
8;12;20.53;5.53;31.99;32.45;39.1;34.45;NA;NA;ND;NA;NA;NA;
8;13;11.68;11.09;25.4;14.33;17.77;23.95;NA;NA;ND;NA;NA;NA;
8;14;7.72;7.81;24.8;13.91;24.82;16.71;NA;NA;ND;NA;NA;NA;
8;15;12.01;6.82;46.5;19.7;25.41;13.23;NA;NA;ND;NA;NA;NA;
8;16;13.16;9.44;15.92;32.61;17.13;13.72;NA;NA;ND;NA;NA;NA;
8;17;9.98;10.33;30.3;24.13;13.22;14.14;NA;NA;ND;NA;NA;NA;
8;18;11.4;21.75;20.28;26.34;18.77;15.99;NA;NA;ND;NA;NA;NA;
8;19;11.14;11.08;18.37;19.52;29.64;9.98;NA;NA;ND;NA;NA;NA;
8;20;5.56;11.2;17.69;26.74;ND;8.59;NA;NA;ND;NA;NA;NA;
8;21;19.6;14.39;17.11;19.06;30.21;24.41;NA;NA;ND;NA;NA;NA;
8;22;12.76;13.11;13.65;21.6;18.48;17.07;NA;NA;ND;NA;NA;NA;
8;23;17.49;7.9;ND;16.07;ND;12.02;NA;NA;ND;NA;NA;NA;
9;0;28.05;22.69;22.15;ND;24.39;18.02;NA;NA;ND;NA;NA;NA;
9;1;24.49;13.29;18.62;20.16;23.52;14.49;NA;NA;ND;NA;NA;NA;
9;2;21.07;2.75;9.53;12.12;17.51;9.99;NA;NA;ND;NA;NA;NA;
9;3;20.28;28.65;13.72;21.57;18.7;16.94;NA;NA;ND;NA;NA;NA;
9;4;21.35;16.73;12.22;19.21;16.95;9.37;NA;NA;ND;NA;NA;NA;
9;5;24.52;24.61;11.01;13.13;10.84;18.16;NA;NA;ND;NA;NA;NA;
9;6;24.78;29.27;22.76;23.49;37.68;34.43;NA;NA;ND;NA;NA;NA;
9;7;26.52;24.73;21.66;27.49;41.83;47.28;NA;NA;ND;NA;NA;NA;
9;8;23.38;22.34;43.34;38.64;56.76;41.39;NA;NA;ND;NA;NA;NA;
9;9;37.65;21.83;41.84;34.37;39.32;38.54;NA;NA;ND;NA;NA;NA;
9;10;38.88;6.47;29.38;24.43;28.72;23.66;NA;NA;ND;NA;NA;NA;
9;11;29.69;20.39;37.85;27.47;11.31;6.93;NA;NA;ND;NA;NA;NA;
9;12;15.11;17.93;30.22;22.08;20.79;7.47;NA;NA;ND;NA;NA;NA;
9;13;5.39;22.27;17.06;12.57;15.79;10.45;NA;NA;ND;NA;NA;NA;
9;14;65.06;18.98;21.54;20.6;16.44;15.9;NA;NA;ND;NA;NA;NA;
9;15;48.73;8.43;17.26;19.25;24.91;20.63;NA;NA;ND;NA;NA;NA;
9;16;30.54;25.6;15.88;20.15;16.69;17.43;NA;NA;ND;NA;NA;NA;
9;17;26.15;12.64;27.07;20.88;16.8;19.41;NA;NA;ND;NA;NA;NA;
9;18;14.17;26.74;30.09;30.83;36.39;30.68;NA;NA;ND;NA;NA;NA;
9;19;23.97;18.55;28.17;32.14;27.6;30.84;NA;NA;ND;NA;NA;NA;
9;20;23.01;30.75;21.11;25.07;26.34;22.56;NA;NA;ND;NA;NA;NA;
9;21;19.21;23.97;28;22.99;28.39;23.41;NA;NA;ND;NA;NA;NA;
9;22;21.21;31.81;33.44;19.89;36.2;20.01;NA;NA;ND;NA;NA;NA;
9;23;23.54;7.79;ND;22.54;ND;24.15;NA;NA;ND;NA;NA;NA;
10;0;10.71;7.82;22.5;ND;24.16;18.18;NA;NA;ND;NA;NA;NA;
10;1;28.79;23.95;24.95;25.44;21.13;17.07;NA;NA;ND;NA;NA;NA;
10;2;18.78;20.96;16.18;21.61;30.12;18.23;NA;NA;ND;NA;NA;NA;
10;3;23.1;18.96;18.96;25.5;21.63;22.96;NA;NA;ND;NA;NA;NA;
10;4;20.26;24;15.82;25.68;33.9;17.78;NA;NA;ND;NA;NA;NA;
10;5;19.47;22.75;13.64;29.61;20.52;12.55;NA;NA;ND;NA;NA;NA;
10;6;16.65;30.5;6.76;28.92;19.45;19.49;NA;NA;ND;NA;NA;NA;
10;7;29.92;26.81;20.52;32.09;68.39;40.06;NA;NA;ND;NA;NA;NA;
10;8;20.8;5.39;24.74;23.52;48.85;49.47;NA;NA;ND;NA;NA;NA;
10;9;12.41;22.85;31.82;22.03;52.64;24.77;NA;NA;ND;NA;NA;NA;
10;10;19.22;23.36;29.87;18.56;38.83;36.32;NA;NA;ND;NA;NA;NA;
10;11;22.67;18.06;29.34;24.12;41.02;30.97;NA;NA;ND;NA;NA;NA;
10;12;7.3;6.19;23.84;19.82;29.47;19.08;NA;NA;ND;NA;NA;NA;
10;13;10.41;13.41;8.69;8.12;18.61;16.2;NA;NA;ND;NA;NA;NA;
10;14;3.48;7.17;9.01;5.83;8.03;7.92;NA;NA;ND;NA;NA;NA;
10;15;14.9;8.81;12.02;11.97;15.04;14.21;NA;NA;ND;NA;NA;NA;
10;16;14.38;18.8;11.74;14.46;21.59;16.6;NA;NA;ND;NA;NA;NA;
10;17;10.55;7.53;15.12;7.98;15.61;20.73;NA;NA;ND;NA;NA;NA;
10;18;6.25;8.19;14.06;7.34;13.86;18.92;NA;NA;ND;NA;NA;NA;
10;19;9.2;6.95;8.01;7.15;15.56;14.34;NA;NA;ND;NA;NA;NA;
10;20;5.55;8.22;5.24;5.12;10.54;21.54;NA;NA;ND;NA;NA;NA;
10;21;12.29;8.92;7.65;9.6;17.09;9.05;NA;NA;ND;NA;NA;NA;
10;22;6.93;1.89;7;2.78;11.49;11.86;NA;NA;ND;NA;NA;NA;
10;23;3.02;8.94;ND;0.83;ND;9.5;NA;NA;ND;NA;NA;NA;
11;0;0.69;6.79;14.11;ND;7.54;13.25;NA;NA;ND;NA;NA;NA;
11;1;7.73;11.2;4.91;9.92;3.27;11.05;NA;NA;ND;NA;NA;NA;
11;2;4.3;4.68;3.69;5.54;11.84;6.76;NA;NA;ND;NA;NA;NA;
11;3;8.09;9.56;8.12;7.62;14.52;11.09;NA;NA;ND;NA;NA;NA;
11;4;10.09;1.98;6.86;9.66;14.49;8.01;NA;NA;ND;NA;NA;NA;
11;5;3.2;9.25;8.43;4.6;20.7;1.85;NA;NA;ND;NA;NA;NA;
11;6;10.06;9.13;13.29;10.88;17.34;12.83;NA;NA;ND;NA;NA;NA;
11;7;5.39;2.19;4.79;4.5;9.82;12.06;NA;NA;ND;NA;NA;NA;
11;8;6.97;13.62;11.14;10.32;19.45;24.28;NA;NA;ND;NA;NA;NA;
11;9;12.79;8.88;10.4;11.85;8.61;13.72;NA;NA;ND;NA;NA;NA;
11;10;8.83;11.87;13.99;9.2;25.35;16.33;NA;NA;ND;NA;NA;NA;
11;11;9.76;5.59;3.33;11.35;14.41;13.58;NA;NA;ND;NA;NA;NA;
11;12;13.31;6.94;10.8;4.54;12.83;2.63;NA;NA;ND;NA;NA;NA;
11;13;8.96;6.72;16.72;12.69;11.63;9.61;NA;NA;ND;NA;NA;NA;
11;14;5.15;9.32;7.25;5.95;20;20.09;NA;NA;ND;NA;NA;NA;
11;15;9.01;14.6;12.54;24.53;8.92;15.62;NA;NA;ND;NA;NA;NA;
11;16;8.39;13;14.43;1.68;5.13;17.92;NA;NA;ND;NA;NA;NA;
11;17;8.1;8.89;18.32;7.03;9.98;9.17;NA;NA;ND;NA;NA;NA;
11;18;8.34;12.24;16.11;15.27;20.48;16.58;NA;NA;ND;NA;NA;NA;
11;19;14.7;9.99;14.57;8.19;15.64;20.6;NA;NA;ND;NA;NA;NA;
11;20;9.08;11.62;14.08;15.5;32.12;17.36;NA;NA;ND;NA;NA;NA;
11;21;9.04;13.83;13.69;6.15;32.77;14.88;NA;NA;ND;NA;NA;NA;
11;22;6.41;3.45;4.98;9.26;21.45;4.64;NA;NA;ND;NA;NA;NA;
11;23;7.69;0.27;ND;6.18;ND;1.65;NA;NA;ND;NA;NA;NA;
12;0;0.63;0.7;10.31;ND;17.73;9.81;NA;NA;ND;NA;NA;NA;
12;1;5.99;2.79;3.76;4.17;6.13;4.62;NA;NA;ND;NA;NA;NA;
12;2;4.2;6.09;3.52;6.3;2.51;6.29;NA;NA;ND;NA;NA;NA;
12;3;1.66;4.67;2.71;5.15;9.28;2.24;NA;NA;ND;NA;NA;NA;
12;4;3.78;6.87;4.48;8.67;9.86;2.59;NA;NA;ND;NA;NA;NA;
12;5;6.95;5.42;2.87;7.3;12.95;15.73;NA;NA;ND;NA;NA;NA;
12;6;4.78;8.91;7;4.48;13.39;18.65;NA;NA;ND;NA;NA;NA;
12;7;9.28;0.98;4.83;15.46;41.08;17.8;NA;NA;ND;NA;NA;NA;
12;8;10.95;16.85;11.28;7.99;40.01;14.28;NA;NA;ND;NA;NA;NA;
12;9;4.07;10.28;13.21;2.09;7.26;19.55;NA;NA;ND;NA;NA;NA;
12;10;10.08;6.13;12.32;2.43;35.92;10.84;NA;NA;ND;NA;NA;NA;
12;11;5.84;0.07;14.09;11.49;33.39;14.03;NA;NA;ND;NA;NA;NA;
12;12;12.09;12.06;9.43;4.96;40.59;21.22;NA;NA;ND;NA;NA;NA;
12;13;23.93;24.35;15.06;13.91;17.04;24.86;NA;NA;ND;NA;NA;NA;
12;14;11.13;8.84;17.83;14.14;17.75;18.62;NA;NA;ND;NA;NA;NA;
12;15;13.06;12.69;14.21;11.23;19.6;19.31;NA;NA;ND;NA;NA;NA;
12;16;4.41;8.52;14.27;9.67;25.02;13;NA;NA;ND;NA;NA;NA;
12;17;7.74;6.11;19.29;9.92;5.21;8.43;NA;NA;ND;NA;NA;NA;
12;18;3.51;6.62;9.76;9.05;8.96;11.64;NA;NA;ND;NA;NA;NA;
12;19;8.02;14.32;15.65;ND;5.73;11.33;NA;NA;ND;NA;NA;NA;
12;20;18.48;17.74;12.36;ND;16.01;4.55;NA;NA;ND;NA;NA;NA;
12;21;9.92;18.96;7.97;1.09;7.27;9.89;NA;NA;ND;NA;NA;NA;
12;22;8.24;19.72;9.77;12.43;5.65;6.28;NA;NA;ND;NA;NA;NA;
12;23;14.83;3.54;ND;11.56;ND;11.09;NA;NA;ND;NA;NA;NA;
13;0;15.53;4.15;17.21;ND;15.76;13.8;NA;NA;ND;NA;NA;NA;
13;1;12.61;6.91;10.55;11.93;19.22;12.31;NA;NA;ND;NA;NA;NA;
13;2;7.52;3.71;14.84;12.08;10.79;16.79;NA;NA;ND;NA;NA;NA;
13;3;7.03;8.11;6.96;8.76;19.15;9.85;NA;NA;ND;NA;NA;NA;
13;4;9.6;13.18;9.01;12.02;17.28;11.81;NA;NA;ND;NA;NA;NA;
13;5;13.06;13.18;11.48;15.6;18.97;18.92;NA;NA;ND;NA;NA;NA;
13;6;16.24;16.41;19.91;ND;22.87;26.35;NA;NA;ND;NA;NA;NA;
13;7;35.7;23.68;36.2;ND;71.24;50.51;NA;NA;ND;NA;NA;NA;
13;8;44.61;30.32;54.83;43.09;39.59;31.73;NA;NA;ND;NA;NA;NA;
13;9;27.98;15.72;42.86;23.51;12.75;30.16;NA;NA;ND;NA;NA;NA;
13;10;17.71;22.46;32.92;ND;22.19;34.08;NA;NA;ND;NA;NA;NA;
13;11;13.96;10.83;33.58;ND;26.04;28.54;NA;NA;ND;NA;NA;NA;
13;12;10.01;11.77;27.85;ND;30;14.36;NA;NA;ND;NA;NA;NA;
13;13;16.63;18.92;16.62;ND;22.24;24.44;NA;NA;ND;NA;NA;NA;
13;14;9.55;11.86;26.56;ND;11.24;25.85;NA;NA;ND;NA;NA;NA;
13;15;14.35;3.08;16.73;ND;4.36;19.68;NA;NA;ND;NA;NA;NA;
13;16;9.67;18.02;25.44;ND;35.84;22.06;NA;NA;ND;NA;NA;NA;
13;17;6.7;9.01;29.96;ND;28.45;19.37;NA;NA;ND;NA;NA;NA;
13;18;14.53;14.92;26.85;ND;22.84;12.44;NA;NA;ND;NA;NA;NA;
13;19;9.21;6.02;18.35;ND;21.32;18.45;NA;NA;ND;NA;NA;NA;
13;20;16.76;18.57;18.42;ND;15.83;26.88;NA;NA;ND;NA;NA;NA;
13;21;10.97;9.5;14.81;ND;32.17;17.1;NA;NA;ND;NA;NA;NA;
13;22;9.1;12.62;9.27;ND;30.53;13.02;NA;NA;ND;NA;NA;NA;
13;23;14.51;0.78;ND;ND;ND;9.38;NA;NA;ND;NA;NA;NA;
14;0;8.67;1.11;13.9;ND;21.12;6.86;NA;NA;ND;NA;NA;NA;
14;1;13.15;12.24;18.45;ND;14.97;10.07;NA;NA;ND;NA;NA;NA;
14;2;17.47;18.73;10.06;ND;9.35;11.21;NA;NA;ND;NA;NA;NA;
14;3;11.81;3.04;3.3;ND;11.54;5.66;NA;NA;ND;NA;NA;NA;
14;4;10.8;13.8;15.06;ND;8.46;14.29;NA;NA;ND;NA;NA;NA;
14;5;17.93;16.62;9.78;ND;11.31;13.57;NA;NA;ND;NA;NA;NA;
14;6;19.33;19.57;17.12;ND;28.3;20.87;NA;NA;ND;NA;NA;NA;
14;7;28.02;18.82;36.3;ND;39.85;42.22;NA;NA;ND;NA;NA;NA;
14;8;36.66;38.32;47.73;ND;39.9;42.02;NA;NA;ND;NA;NA;NA;
14;9;33.72;15.76;36.22;ND;23.07;27.44;NA;NA;ND;NA;NA;NA;
14;10;20.62;19.85;21.21;ND;24.08;13.27;NA;NA;ND;NA;NA;NA;
14;11;19.47;12.23;9.16;ND;17.14;13.61;NA;NA;ND;NA;NA;NA;
14;12;10.56;12.44;14.89;ND;23.56;11.21;NA;NA;ND;NA;NA;NA;
14;13;12.25;20.64;16.2;ND;14.03;11.72;NA;NA;ND;NA;NA;NA;
14;14;26.32;9.21;26.9;ND;13.36;19.69;NA;NA;ND;NA;NA;NA;
14;15;6.92;3.22;9.86;ND;29.08;16.03;NA;NA;ND;NA;NA;NA;
14;16;14.56;27.64;22.48;ND;13.62;21.27;NA;NA;ND;NA;NA;NA;
14;17;12.81;18.65;25.87;ND;9.21;16.79;NA;NA;ND;NA;NA;NA;
14;18;15.99;9.39;20.77;ND;23.91;25.56;NA;NA;ND;NA;NA;NA;
14;19;20.11;29.08;25.63;ND;11.88;17.57;NA;NA;ND;NA;NA;NA;
14;20;12.52;7.28;16.53;ND;8.67;15.97;NA;NA;ND;NA;NA;NA;
14;21;8.66;12.36;15.97;ND;26.27;14.11;NA;NA;ND;NA;NA;NA;
14;22;9.97;14.59;15.14;ND;11.41;15.86;NA;NA;ND;NA;NA;NA;
14;23;8.1;9.72;ND;ND;ND;15.53;NA;NA;ND;NA;NA;NA;
15;0;23.85;18.07;4.88;ND;47.86;16.92;NA;NA;ND;NA;NA;NA;
15;1;14.56;15.1;16.9;ND;22.5;14.31;NA;NA;ND;NA;NA;NA;
15;2;14.82;27.92;15.12;ND;23.86;17.4;NA;NA;ND;NA;NA;NA;
15;3;18.45;26.22;12.03;ND;36.5;17.88;NA;NA;ND;NA;NA;NA;
15;4;8.9;19.89;5.39;ND;17.13;20.7;NA;NA;ND;NA;NA;NA;
15;5;9.42;29.69;12.44;ND;29.27;20.14;NA;NA;ND;NA;NA;NA;
15;6;23.56;48.05;19.03;ND;58.77;38.71;NA;NA;ND;NA;NA;NA;
15;7;36;94.06;47.71;ND;102.44;61.29;NA;NA;ND;NA;NA;NA;
15;8;59.59;44.59;68.08;ND;111.09;74.22;NA;NA;ND;NA;NA;NA;
15;9;34.42;22.68;47.73;ND;65.95;27.42;NA;NA;ND;NA;NA;NA;
15;10;17.32;20.5;25.2;ND;37.53;14.34;NA;NA;ND;NA;NA;NA;
15;11;35.87;18.09;22.31;ND;17.85;7.26;NA;NA;ND;NA;NA;NA;
15;12;24.49;6.1;16.84;ND;11.75;13.73;NA;NA;ND;NA;NA;NA;
15;13;7.9;14.27;10.7;ND;11.05;11.62;NA;NA;ND;NA;NA;NA;
15;14;17.76;16.48;12.47;ND;27.72;22;NA;NA;ND;NA;NA;NA;
15;15;20.96;34.02;22.8;ND;13.09;13.08;NA;NA;ND;NA;NA;NA;
15;16;16.74;32.04;18.49;ND;21.63;16.39;NA;NA;ND;NA;NA;NA;
15;17;11.74;11.26;10.39;ND;23.68;9.01;NA;NA;ND;NA;NA;NA;
15;18;8.77;12.74;15.83;ND;18.33;19.02;NA;NA;ND;NA;NA;NA;
15;19;ND;19.29;ND;ND;27.56;22.92;NA;NA;ND;NA;NA;NA;
15;20;43.21;23.21;29.06;ND;41.36;ND;NA;NA;ND;NA;NA;NA;
15;21;37.17;18.45;11.74;ND;28.08;25.26;NA;NA;ND;NA;NA;NA;
15;22;28.68;ND;13.84;ND;15.56;9.57;NA;NA;ND;NA;NA;NA;
15;23;24.45;ND;ND;ND;ND;7.54;NA;NA;ND;NA;NA;NA;
16;0;8.22;30.01;3.99;ND;12.52;18.89;NA;NA;ND;NA;NA;NA;
16;1;11.7;29.88;5.51;ND;12.04;9.42;NA;NA;ND;NA;NA;NA;
16;2;18.66;24.48;8.81;ND;15.42;7.06;NA;NA;ND;NA;NA;NA;
16;3;12.54;20.99;4.1;ND;11.72;10.53;NA;NA;ND;NA;NA;NA;
16;4;21.53;18.78;6.31;ND;14.16;7.53;NA;NA;ND;NA;NA;NA;
16;5;20.42;21.93;8.73;ND;9.89;7.86;NA;NA;ND;NA;NA;NA;
16;6;22.27;41.99;11.05;ND;48.67;34.2;NA;NA;ND;NA;NA;NA;
16;7;26.96;22.01;34.92;ND;56.19;39.56;NA;NA;ND;NA;NA;NA;
16;8;20.46;12.51;28.52;ND;7.67;16.51;NA;NA;ND;NA;NA;NA;
16;9;23.92;11.84;10.03;ND;8.05;8.19;NA;NA;ND;NA;NA;NA;
16;10;16.82;13.11;7.73;ND;0.35;6.25;NA;NA;ND;NA;NA;NA;
16;11;13.24;7.88;7.26;ND;11.73;6.9;NA;NA;ND;NA;NA;NA;
16;12;6.84;36;10.05;ND;9.46;10.06;NA;NA;ND;NA;NA;NA;
16;13;25.37;17.88;4.54;ND;27.14;4.59;NA;NA;ND;NA;NA;NA;
16;14;6.65;17.91;21.59;ND;24.99;13.99;NA;NA;ND;NA;NA;NA;
16;15;17.49;12.94;19.81;ND;17.71;13.66;NA;NA;ND;NA;NA;NA;
16;16;16.9;22.54;18;ND;23.34;23.32;NA;NA;ND;NA;NA;NA;
16;17;12.84;3.31;23.67;ND;15.06;32.66;NA;NA;ND;NA;NA;NA;
16;18;7;14.64;25.79;ND;28.38;31.07;NA;NA;ND;NA;NA;NA;
16;19;17.22;8.16;32.98;ND;39.66;33.88;NA;NA;ND;NA;NA;NA;
16;20;7;1.83;41.5;ND;57.74;48.9;NA;NA;ND;NA;NA;NA;
16;21;12.52;14.31;25.66;ND;64.6;30.01;NA;NA;ND;NA;NA;NA;
16;22;10.14;9.77;17.95;ND;35.93;22.26;NA;NA;ND;NA;NA;NA;
16;23;8.29;2.76;ND;ND;ND;ND;NA;NA;ND;NA;NA;NA;
17;0;2.43;3.78;25.33;ND;23.51;27.74;NA;NA;ND;NA;NA;NA;
17;1;9.89;4.55;19.24;ND;10.85;6.89;NA;NA;ND;NA;NA;NA;
17;2;3.68;8.05;11.45;ND;16.79;11.57;NA;NA;ND;NA;NA;NA;
17;3;8.69;15.05;1.92;ND;5.44;5.29;NA;NA;ND;NA;NA;NA;
17;4;15.29;7.32;6.27;ND;13.41;3.52;NA;NA;ND;NA;NA;NA;
17;5;7.56;15.38;3.95;ND;22.33;5.41;NA;NA;ND;NA;NA;NA;
17;6;29.52;15.34;17.34;ND;32.24;14.86;NA;NA;ND;NA;NA;NA;
17;7;30.48;15.71;37.1;ND;35.66;8.08;NA;NA;ND;NA;NA;NA;
17;8;27.05;8.7;18.47;ND;16.93;12.13;NA;NA;ND;NA;NA;NA;
17;9;6.96;15.73;8.11;ND;7.24;4.26;NA;NA;ND;NA;NA;NA;
17;10;8.8;10.83;9.89;ND;16.35;6.85;NA;NA;ND;NA;NA;NA;
17;11;15.45;9.94;6.72;ND;9.38;6.32;NA;NA;ND;NA;NA;NA;
17;12;16.76;4.37;1.98;ND;6.26;7.41;NA;NA;ND;NA;NA;NA;
17;13;20.57;16.48;11.73;ND;9.06;5.5;NA;NA;ND;NA;NA;NA;
17;14;12.2;19.03;9.66;ND;29.65;18.56;NA;NA;ND;NA;NA;NA;
17;15;0.01;10.1;15.62;ND;12.68;13.2;NA;NA;ND;NA;NA;NA;
17;16;3.43;11.07;20.18;ND;6.81;10.48;NA;NA;ND;NA;NA;NA;
17;17;6.8;6.12;14.55;ND;23;20.8;NA;NA;ND;NA;NA;NA;
17;18;8.56;13.41;20.1;ND;18.64;23.25;NA;NA;ND;NA;NA;NA;
17;19;13.22;21.48;17.93;ND;32.76;40.48;NA;NA;ND;NA;NA;NA;
17;20;17.8;23.09;17.6;ND;22.46;32.74;NA;NA;ND;NA;NA;NA;
17;21;18.24;23.14;33.48;ND;ND;27.03;NA;NA;ND;NA;NA;NA;
17;22;24.78;19.7;44.29;ND;62.51;31.65;NA;NA;ND;NA;NA;NA;
17;23;18.92;18.73;ND;ND;ND;29.84;NA;NA;ND;NA;NA;NA;
18;0;22.68;30.36;9.19;ND;35.37;7.68;NA;NA;ND;NA;NA;NA;
18;1;21.13;20;9.18;ND;21.83;8.11;NA;NA;ND;NA;NA;NA;
18;2;25.37;23.96;22.81;ND;23.54;4.65;NA;NA;ND;NA;NA;NA;
18;3;18.82;11.38;19.98;ND;3.86;4.79;NA;NA;ND;NA;NA;NA;
18;4;18;20.66;5.32;ND;2.58;7.34;NA;NA;ND;NA;NA;NA;
18;5;18.02;18.71;16.04;ND;8.99;8.96;NA;NA;ND;NA;NA;NA;
18;6;24.32;13.49;20.36;ND;19.48;18.73;NA;NA;ND;NA;NA;NA;
18;7;18.62;17.25;6.54;ND;3.77;12.27;NA;NA;ND;NA;NA;NA;
18;8;17.18;21.79;4.03;ND;9.22;11.39;NA;NA;ND;NA;NA;NA;
18;9;23.23;6.36;7.8;ND;17.01;6.8;NA;NA;ND;NA;NA;NA;
18;10;10.03;7.64;5.88;ND;9.21;6.3;NA;NA;ND;NA;NA;NA;
18;11;12.88;2.35;15;ND;3.48;4.85;NA;NA;ND;NA;NA;NA;
18;12;6.95;19.03;4.28;ND;5.99;9.4;NA;NA;ND;NA;NA;NA;
18;13;11.93;7.97;3.32;ND;1.65;2.64;NA;NA;ND;NA;NA;NA;
18;14;18.39;10.48;6.67;ND;7.04;7.88;NA;NA;ND;NA;NA;NA;
18;15;4.32;13.39;6.03;ND;17.57;13.22;NA;NA;ND;NA;NA;NA;
18;16;7.99;7.02;14.12;ND;22.22;11.51;NA;NA;ND;NA;NA;NA;
18;17;16.11;29.06;18.01;ND;9.69;16.61;NA;NA;ND;NA;NA;NA;
18;18;10.23;6.55;8.08;ND;22.9;19.36;NA;NA;ND;NA;NA;NA;
18;19;12.63;17.42;18.87;ND;14.05;9.47;NA;NA;ND;NA;NA;NA;
18;20;10.49;8.15;20.4;ND;14.1;15.09;NA;NA;ND;NA;NA;NA;
18;21;9.1;4.58;17.2;ND;26.39;16.35;NA;NA;ND;NA;NA;NA;
18;22;18.41;14.84;12.95;ND;14.84;8.35;NA;NA;ND;NA;NA;NA;
18;23;13.63;13.5;ND;ND;ND;14.39;NA;NA;ND;NA;NA;NA;
19;0;17.68;12.09;15.43;ND;31.3;31.45;NA;NA;ND;NA;NA;NA;
19;1;11.65;7.46;19.44;ND;18.31;13.85;NA;NA;ND;NA;NA;NA;
19;2;15.46;15.59;14.84;ND;14.28;23.45;NA;NA;ND;NA;NA;NA;
19;3;9.09;7.47;8.87;ND;10.2;7.75;NA;NA;ND;NA;NA;NA;
19;4;12.28;13.29;10.93;ND;9.39;5.8;NA;NA;ND;NA;NA;NA;
19;5;12.65;13.9;12.93;ND;19.61;6.34;NA;NA;ND;NA;NA;NA;
19;6;16.62;12.73;9.94;ND;12.95;9.7;NA;NA;ND;NA;NA;NA;
19;7;4.52;10.31;2.31;ND;10.96;3.16;NA;NA;ND;NA;NA;NA;
19;8;9.17;11.01;8.38;ND;10.54;4.19;NA;NA;ND;NA;NA;NA;
19;9;9.55;15.8;3.59;ND;5.56;4.8;NA;NA;ND;NA;NA;NA;
19;10;7.24;7.46;2.46;ND;7.53;0;NA;NA;ND;NA;NA;NA;
19;11;7.13;13.33;7.33;ND;9.27;6.55;NA;NA;ND;NA;NA;NA;
19;12;2.27;21.32;2.23;ND;6.08;2.25;NA;NA;ND;NA;NA;NA;
19;13;13.71;8.22;1.88;ND;2.14;2.57;NA;NA;ND;NA;NA;NA;
19;14;4.54;5.47;6.32;ND;8.44;5.94;NA;NA;ND;NA;NA;NA;
19;15;6.84;6.48;5.68;ND;3.99;5.44;NA;NA;ND;NA;NA;NA;
19;16;6.83;5.35;9.76;ND;15.29;6.63;NA;NA;ND;NA;NA;NA;
19;17;9.53;14.63;17.19;ND;6.62;7.72;NA;NA;ND;NA;NA;NA;
19;18;13.65;16.54;7.81;ND;26.75;7.89;NA;NA;ND;NA;NA;NA;
19;19;8.1;9.09;18.12;ND;21.92;7.86;NA;NA;ND;NA;NA;NA;
19;20;17.26;12.08;10.28;ND;11.08;5.78;NA;NA;ND;NA;NA;NA;
19;21;16.27;12.53;21.28;ND;12.17;9.56;NA;NA;ND;NA;NA;NA;
19;22;21.2;12.42;6.37;ND;25.04;6.43;NA;NA;ND;NA;NA;NA;
19;23;7.02;15.52;ND;ND;ND;9.69;NA;NA;ND;NA;NA;NA;
20;0;11.27;4.91;0.93;ND;3.85;5.89;NA;NA;ND;NA;NA;NA;
20;1;7.52;9.35;9.75;ND;4.21;8.46;NA;NA;ND;NA;NA;NA;
20;2;12.84;9.16;2.29;ND;1.65;1.22;NA;NA;ND;NA;NA;NA;
20;3;9.61;16.93;8.58;ND;7.11;6.71;NA;NA;ND;NA;NA;NA;
20;4;8.64;8.11;12.45;ND;14.12;11.13;NA;NA;ND;NA;NA;NA;
20;5;13.47;14.58;10.2;ND;25.31;13.4;NA;NA;ND;NA;NA;NA;
20;6;26.06;18.36;20.93;ND;33.43;28.16;NA;NA;ND;NA;NA;NA;
20;7;41.81;33.24;27.08;ND;59.74;34.56;NA;NA;ND;NA;NA;NA;
20;8;14.65;11.04;35.16;ND;34.74;34.1;NA;NA;ND;NA;NA;NA;
20;9;13.75;14.51;45.59;ND;31.32;40.89;NA;NA;ND;NA;NA;NA;
20;10;23.44;18.57;34.09;ND;16.05;13.08;NA;NA;ND;NA;NA;NA;
20;11;17.36;18.97;4.57;ND;5.78;4.01;NA;NA;ND;NA;NA;NA;
20;12;7.06;19.77;6.57;ND;8.67;5.62;NA;NA;ND;NA;NA;NA;
20;13;9.06;15.82;5.52;ND;12.76;6.93;NA;NA;ND;NA;NA;NA;
20;14;12.11;12.79;7.61;ND;9.65;9.22;NA;NA;ND;NA;NA;NA;
20;15;15.68;ND;14.65;ND;2.74;9.49;NA;NA;ND;NA;NA;NA;
20;16;2.37;ND;8.81;ND;26.52;10.87;NA;NA;ND;NA;NA;NA;
20;17;8.27;3.35;19.66;ND;17.08;10.36;NA;NA;ND;NA;NA;NA;
20;18;8.44;2.03;17.39;ND;27.19;17.42;NA;NA;ND;NA;NA;NA;
20;19;11.65;18.51;26.68;ND;24.9;12.62;NA;NA;ND;NA;NA;NA;
20;20;13.59;4.53;27.97;ND;29.59;14.43;NA;NA;ND;NA;NA;NA;
20;21;11.68;4.45;21.98;ND;22.1;13.99;NA;NA;ND;NA;NA;NA;
20;22;14.15;16.33;42.92;ND;52.49;29.97;NA;NA;ND;NA;NA;NA;
20;23;17.13;10.78;ND;ND;ND;19.2;NA;NA;ND;NA;NA;NA;
21;0;19.27;6.62;20.66;ND;13.15;26.41;NA;NA;ND;NA;NA;NA;
21;1;12.43;8.04;23.13;ND;25.18;28.39;NA;NA;ND;NA;NA;NA;
21;2;15.36;4.75;14.72;ND;13.97;13.75;NA;NA;ND;NA;NA;NA;
21;3;13.22;10.44;19.13;ND;22.31;16.22;NA;NA;ND;NA;NA;NA;
21;4;12.92;14.4;16.78;ND;13.14;17.67;NA;NA;ND;NA;NA;NA;
21;5;10.46;10.64;14.91;ND;22.08;21.27;NA;NA;ND;NA;NA;NA;
21;6;20.42;14.71;23.57;ND;25.38;16.57;NA;NA;ND;NA;NA;NA;
21;7;23.82;6.51;ND;ND;22.4;34.16;NA;NA;ND;NA;NA;NA;
21;8;5.91;15.91;ND;ND;48.21;43.01;NA;NA;ND;NA;NA;NA;
21;9;23.56;19.98;ND;ND;14.55;16.76;NA;NA;ND;NA;NA;NA;
21;10;24.82;25.32;ND;ND;4.12;14.47;NA;NA;ND;NA;NA;NA;
21;11;21.19;7.47;41.5;ND;15.59;14.63;NA;NA;ND;NA;NA;NA;
21;12;10.63;3.58;19.58;ND;16.7;11.42;NA;NA;ND;NA;NA;NA;
21;13;11.49;6.29;9.92;ND;2.97;7.68;NA;NA;ND;NA;NA;NA;
21;14;12.81;11.12;18.89;ND;18.89;13.38;NA;NA;ND;NA;NA;NA;
21;15;6.39;15.2;12.65;ND;16.8;8.49;NA;NA;ND;NA;NA;NA;
21;16;6.4;11.71;4.64;ND;8.12;4.39;NA;NA;ND;NA;NA;NA;
21;17;11.83;4.97;15.93;ND;15.26;13.73;NA;NA;ND;NA;NA;NA;
21;18;9.64;37.04;27.92;ND;29.68;23.12;NA;NA;ND;NA;NA;NA;
21;19;3.68;19.69;19.18;ND;22.35;17.48;NA;NA;ND;NA;NA;NA;
21;20;1.2;12.65;12.04;ND;17.4;10.97;NA;NA;ND;NA;NA;NA;
21;21;9.54;22.01;17.04;ND;11.16;12.05;NA;NA;ND;NA;NA;NA;
21;22;6.44;16.36;15.79;ND;14.47;7.92;NA;NA;ND;NA;NA;NA;
21;23;8.44;6.68;ND;ND;ND;9.69;NA;NA;ND;NA;NA;NA;
22;0;22.59;5.68;9.65;ND;6.87;7.58;NA;NA;ND;NA;NA;NA;
22;1;14.41;0.21;10.12;ND;14.2;12.28;NA;NA;ND;NA;NA;NA;
22;2;8.26;3.92;15.14;ND;12.34;13.26;NA;NA;ND;NA;NA;NA;
22;3;13.92;5.42;7.96;ND;15.59;9.78;NA;NA;ND;NA;NA;NA;
22;4;5.09;11.14;10.19;ND;6.09;12.96;NA;NA;ND;NA;NA;NA;
22;5;6.47;18.95;11.65;ND;5.86;14.54;NA;NA;ND;NA;NA;NA;
22;6;13.75;13.12;14.77;ND;19.83;11.97;NA;NA;ND;NA;NA;NA;
22;7;14.85;12.81;10.14;ND;33.62;19.22;NA;NA;ND;NA;NA;NA;
22;8;5.94;5.89;13.2;ND;34.42;23.55;NA;NA;ND;NA;NA;NA;
22;9;13.02;10.18;15.25;ND;22.93;8.15;NA;NA;ND;NA;NA;NA;
22;10;10.92;9.88;11.38;ND;6.37;ND;NA;NA;ND;NA;NA;NA;
22;11;4.38;8.24;6.31;ND;6.09;ND;NA;NA;ND;NA;NA;NA;
22;12;13.4;14.19;4.53;ND;13.85;ND;NA;NA;ND;NA;NA;NA;
22;13;11.91;12.88;5.31;ND;12.89;0;NA;NA;ND;NA;NA;NA;
22;14;8.17;0.53;8.07;ND;2.58;0;NA;NA;ND;NA;NA;NA;
22;15;55.19;20.8;8.98;ND;10.55;0;NA;NA;ND;NA;NA;NA;
22;16;24.38;24.67;14.65;ND;10.51;0.31;NA;NA;ND;NA;NA;NA;
22;17;17.76;5.19;16.4;ND;19.89;0;NA;NA;ND;NA;NA;NA;
22;18;16.37;10.77;18.68;ND;17.76;5.36;NA;NA;ND;NA;NA;NA;
22;19;19.28;25.19;7.99;ND;22.26;7.48;NA;NA;ND;NA;NA;NA;
22;20;18.7;15.8;18.19;ND;22.35;18.86;NA;NA;ND;NA;NA;NA;
22;21;19;11.45;19.17;ND;17;9.92;NA;NA;ND;NA;NA;NA;
22;22;15.68;15.15;17.12;ND;22.86;20.38;NA;NA;ND;NA;NA;NA;
22;23;9.97;10.33;ND;ND;ND;12.96;NA;NA;ND;NA;NA;NA;
23;0;3.76;9.92;18.75;ND;11.85;ND;NA;NA;ND;NA;NA;NA;
23;1;12.01;8.41;17.86;ND;13.76;21.55;NA;NA;ND;NA;NA;NA;
23;2;12.53;16.04;26;ND;13.91;16.63;NA;NA;ND;NA;NA;NA;
23;3;17.43;13.5;15.22;ND;18.38;26.08;NA;NA;ND;NA;NA;NA;
23;4;9.81;17.38;26.6;ND;31.89;22.71;NA;NA;ND;NA;NA;NA;
23;5;19.47;9.56;21.58;ND;25.88;30.4;NA;NA;ND;NA;NA;NA;
23;6;18.62;28.9;22.18;ND;37.64;27.21;NA;NA;ND;NA;NA;NA;
23;7;54.42;38.22;34.18;ND;62.42;49.74;NA;NA;ND;NA;NA;NA;
23;8;35.59;17.95;31.87;ND;12.9;48.74;NA;NA;ND;NA;NA;NA;
23;9;18.46;8.95;30.42;ND;19.55;31.88;NA;NA;ND;NA;NA;NA;
23;10;18.11;12.64;21.17;ND;30.6;12.66;NA;NA;ND;NA;NA;NA;
23;11;18.23;21.89;24.08;ND;27.36;35.2;NA;NA;ND;NA;NA;NA;
23;12;17.59;17.35;22.48;ND;35.75;27.59;NA;NA;ND;NA;NA;NA;
23;13;19.31;11.26;29.78;ND;35.23;28.79;NA;NA;ND;NA;NA;NA;
23;14;14.75;16.91;22.13;ND;55.58;34.7;NA;NA;ND;NA;NA;NA;
23;15;20.7;10.56;20.24;ND;29.06;17.82;NA;NA;ND;NA;NA;NA;
23;16;12.29;12.32;13.63;ND;36.08;28.24;NA;NA;ND;NA;NA;NA;
23;17;24.26;16.74;26.89;ND;26.04;33.15;NA;NA;ND;NA;NA;NA;
23;18;22.55;23.35;30.16;ND;28.69;30.45;NA;NA;ND;NA;NA;NA;
23;19;14.18;12.75;27.53;ND;16.52;27.88;NA;NA;ND;NA;NA;NA;
23;20;18.18;18.95;27.94;ND;20.98;25.39;NA;NA;ND;NA;NA;NA;
23;21;20.74;5.71;19.07;ND;35.49;23.99;NA;NA;ND;NA;NA;NA;
23;22;9.7;31.83;19.73;ND;21.61;14.82;NA;NA;ND;NA;NA;NA;
23;23;15.8;18.46;ND;ND;ND;16.85;NA;NA;ND;NA;NA;NA;
24;0;9.07;30.17;18.07;ND;21.79;ND;NA;NA;ND;NA;NA;NA;
24;1;24.19;16.15;14.69;ND;23.14;23.61;NA;NA;ND;NA;NA;NA;
24;2;23.96;18.91;22.61;ND;22.46;19.45;NA;NA;ND;NA;NA;NA;
24;3;19.05;30.63;15.26;ND;18.31;19.44;NA;NA;ND;NA;NA;NA;
24;4;27.82;16.78;15.86;ND;16.74;17.16;NA;NA;ND;NA;NA;NA;
24;5;19.67;26.54;21.32;ND;22.39;21.98;NA;NA;ND;NA;NA;NA;
24;6;33.31;37.83;22.28;ND;51.45;36.49;NA;NA;ND;NA;NA;NA;
24;7;36.75;45.53;37.42;ND;91.83;51.09;NA;NA;ND;NA;NA;NA;
24;8;25;24.65;50.44;ND;61.92;40.12;NA;NA;ND;NA;NA;NA;
24;9;45.11;19.05;37.31;ND;30.55;25.74;NA;NA;ND;NA;NA;NA;
24;10;23.5;22.87;34.1;ND;28;27.66;NA;NA;ND;NA;NA;NA;
24;11;26.55;17.23;22.04;ND;19.86;25.7;NA;NA;ND;NA;NA;NA;
24;12;19.38;14.6;15.58;ND;16.43;11.73;NA;NA;ND;NA;NA;NA;
24;13;15.82;6.97;13.55;ND;17.64;23.69;NA;NA;ND;NA;NA;NA;
24;14;16.61;36.54;19.98;ND;19;20.29;NA;NA;ND;NA;NA;NA;
24;15;16.98;17.8;14.8;ND;27.89;17.64;NA;NA;ND;NA;NA;NA;
24;16;12.37;7.23;17.16;ND;21.18;7.9;NA;NA;ND;NA;NA;NA;
24;17;17.35;18.94;20.68;ND;28.5;30.71;NA;NA;ND;NA;NA;NA;
24;18;14.29;22.69;25.22;ND;17.97;32.61;NA;NA;ND;NA;NA;NA;
24;19;18.61;20.32;27.72;ND;24.77;27.18;NA;NA;ND;NA;NA;NA;
24;20;9.84;9.19;19.99;ND;43.09;22.78;NA;NA;ND;NA;NA;NA;
24;21;18.96;13.59;19.25;ND;16.38;19.32;NA;NA;ND;NA;NA;NA;
24;22;16.32;11.42;23.54;ND;33.81;20.27;NA;NA;ND;NA;NA;NA;
24;23;21.15;10.6;ND;ND;ND;21.51;NA;NA;ND;NA;NA;NA;
25;0;22.26;16.47;11.27;ND;26.41;ND;NA;NA;ND;NA;NA;NA;
25;1;20.19;22.89;13.17;ND;15.85;19.1;NA;NA;ND;NA;NA;NA;
25;2;15.44;9.26;23.02;ND;16.84;19.14;NA;NA;ND;NA;NA;NA;
25;3;17.06;19.3;17.51;ND;19.09;15.83;NA;NA;ND;NA;NA;NA;
25;4;19.75;20.52;22.65;ND;30.87;23.27;NA;NA;ND;NA;NA;NA;
25;5;20.96;8.88;24.35;ND;20.17;23.65;NA;NA;ND;NA;NA;NA;
25;6;25.9;36.24;18.58;ND;10.54;19.26;NA;NA;ND;NA;NA;NA;
25;7;32.01;26.75;21.21;ND;49.72;30.9;NA;NA;ND;NA;NA;NA;
25;8;18.48;29.1;20.81;ND;41.93;34.02;NA;NA;ND;NA;NA;NA;
25;9;22.79;23.28;26.06;ND;37.69;19.18;NA;NA;ND;NA;NA;NA;
25;10;10.99;19.58;3.88;ND;19.07;12.94;NA;NA;ND;NA;NA;NA;
25;11;8.79;14.23;21.7;ND;7.16;9.74;NA;NA;ND;NA;NA;NA;
25;12;22.77;14.98;14.51;ND;35.97;20.56;NA;NA;ND;NA;NA;NA;
25;13;22.55;35.02;13.37;ND;2.31;11.57;NA;NA;ND;NA;NA;NA;
25;14;33.6;30.76;23.7;ND;18.27;21.69;NA;NA;ND;NA;NA;NA;
25;15;25.27;21.25;30.88;ND;32.7;33.36;NA;NA;ND;NA;NA;NA;
25;16;15.71;12.92;19.72;ND;3.71;13.42;NA;NA;ND;NA;NA;NA;
25;17;25.08;13.43;28.98;ND;17.07;30.4;NA;NA;ND;NA;NA;NA;
25;18;21.98;10.15;24.42;ND;27.01;26.21;NA;NA;ND;NA;NA;NA;
25;19;14.4;21.53;25.6;ND;21.18;22.14;NA;NA;ND;NA;NA;NA;
25;20;23.54;10.01;25.66;ND;28.98;25.97;NA;NA;ND;NA;NA;NA;
25;21;13.7;19.5;16.54;ND;18.61;16.2;NA;NA;ND;NA;NA;NA;
25;22;15.26;17.68;15.87;ND;14.85;24.64;NA;NA;ND;NA;NA;NA;
25;23;20.79;17;ND;ND;ND;17.48;NA;NA;ND;NA;NA;NA;
26;0;19.82;25.01;26.13;ND;16.71;ND;NA;NA;ND;NA;NA;NA;
26;1;22.33;21.51;17.05;ND;23.03;25.76;NA;NA;ND;NA;NA;NA;
26;2;24.7;26.44;26.29;ND;23.09;21.73;NA;NA;ND;NA;NA;NA;
26;3;21.79;14.89;19.2;ND;25.75;14.06;NA;NA;ND;NA;NA;NA;
26;4;13.77;17.75;17.14;ND;19.7;13.63;NA;NA;ND;NA;NA;NA;
26;5;15.56;24.08;14.98;ND;30.01;25.15;NA;NA;ND;NA;NA;NA;
26;6;30.21;19.11;20.46;ND;20.11;36.3;NA;NA;ND;NA;NA;NA;
26;7;20.59;27.39;18.07;ND;26.57;27.56;NA;NA;ND;NA;NA;NA;
26;8;25.34;12.05;24.23;ND;43.26;20.7;NA;NA;ND;NA;NA;NA;
26;9;14.25;4;33.89;ND;42.77;37.24;NA;NA;ND;NA;NA;NA;
26;10;15.58;13.46;19.19;ND;25.17;17.77;NA;NA;ND;NA;NA;NA;
26;11;14.54;26.28;11.99;ND;2.49;10.36;NA;NA;ND;NA;NA;NA;
26;12;14.16;16.73;13.58;ND;23.39;10.44;NA;NA;ND;NA;NA;NA;
26;13;14.17;15.79;6.56;ND;11.37;7.36;NA;NA;ND;NA;NA;NA;
26;14;13.39;15.28;14.77;ND;24.72;16.29;NA;NA;ND;NA;NA;NA;
26;15;12.64;16.04;13.56;ND;23.49;10.61;NA;NA;ND;NA;NA;NA;
26;16;5.89;2.19;9.86;ND;10.32;7.22;NA;NA;ND;NA;NA;NA;
26;17;9.54;13.49;5.01;ND;3.24;9.57;NA;NA;ND;NA;NA;NA;
26;18;8.4;10.51;8.01;ND;15.54;5.99;NA;NA;ND;NA;NA;NA;
26;19;11.16;5.51;12.63;ND;14.92;15.9;NA;NA;ND;NA;NA;NA;
26;20;9.76;6.92;14.97;ND;4.78;13.02;NA;NA;ND;NA;NA;NA;
26;21;12.35;13.06;3.23;ND;8.6;12.79;NA;NA;ND;NA;NA;NA;
26;22;2.13;6.7;9.34;ND;14.48;6.8;NA;NA;ND;NA;NA;NA;
26;23;10.36;5.47;ND;ND;ND;3.18;NA;NA;ND;NA;NA;NA;
27;0;10.48;5.25;5.31;ND;6.07;ND;NA;NA;ND;NA;NA;NA;
27;1;3.28;16.67;2.6;ND;12.07;6.47;NA;NA;ND;NA;NA;NA;
27;2;5.57;8.84;5.24;ND;3.43;5.14;NA;NA;ND;NA;NA;NA;
27;3;3.6;8.85;1.89;ND;8.28;4.69;NA;NA;ND;NA;NA;NA;
27;4;9.05;12.29;7.95;ND;4.09;2.26;NA;NA;ND;NA;NA;NA;
27;5;8.9;14.44;3.05;ND;22.65;4.92;NA;NA;ND;NA;NA;NA;
27;6;16.73;48.9;7.89;ND;8.24;11.09;NA;NA;ND;NA;NA;NA;
27;7;21.29;34.62;4.61;ND;28.06;12.09;NA;NA;ND;NA;NA;NA;
27;8;21.31;16.78;14.31;ND;17.07;8.47;NA;NA;ND;NA;NA;NA;
27;9;10.65;8.21;7.76;ND;6.72;3.79;NA;NA;ND;NA;NA;NA;
27;10;6.72;14.29;6.35;ND;10.99;2.35;NA;NA;ND;NA;NA;NA;
27;11;4.79;17.74;14;ND;13.5;5.12;NA;NA;ND;NA;NA;NA;
27;12;6.41;4.23;2.44;ND;2.52;7.65;NA;NA;ND;NA;NA;NA;
27;13;5.16;9.16;3.99;ND;12.24;1.86;NA;NA;ND;NA;NA;NA;
27;14;8.63;11.7;4.73;ND;8.08;8.86;NA;NA;ND;NA;NA;NA;
27;15;8.15;6.84;9.85;ND;4.57;5.65;NA;NA;ND;NA;NA;NA;
27;16;5.13;13.81;10.13;ND;8.15;8.99;NA;NA;ND;NA;NA;NA;
27;17;13.3;3.91;14.06;ND;14.02;6.19;NA;NA;ND;NA;NA;NA;
27;18;12.54;23.97;10.81;ND;15.12;5.66;NA;NA;ND;NA;NA;NA;
27;19;13.86;19.21;8.59;ND;16.64;12.02;NA;NA;ND;NA;NA;NA;
27;20;15.22;22.71;15.19;ND;9.39;12.37;NA;NA;ND;NA;NA;NA;
27;21;14.37;9.4;9.4;ND;31.76;13.79;NA;NA;ND;NA;NA;NA;
27;22;16.76;6.81;14.06;ND;23.5;11.71;NA;NA;ND;NA;NA;NA;
27;23;9.67;6.92;ND;ND;ND;10.85;NA;NA;ND;NA;NA;NA;
28;0;9.78;18.22;4.53;ND;9.28;ND;NA;NA;ND;NA;NA;NA;
28;1;8.67;19.74;12.59;ND;5.98;5.22;NA;NA;ND;NA;NA;NA;
28;2;6.94;25.02;5.79;ND;1.78;6.87;NA;NA;ND;NA;NA;NA;
28;3;10.17;22.78;8.47;ND;17.67;6.51;NA;NA;ND;NA;NA;NA;
28;4;11.45;5.55;11.09;ND;17.44;9.94;NA;NA;ND;NA;NA;NA;
28;5;12.42;26.75;10.83;ND;6.36;7.41;NA;NA;ND;NA;NA;NA;
28;6;20.11;45.19;19.27;ND;28.34;30.89;NA;NA;ND;NA;NA;NA;
28;7;30.29;43.97;31.58;ND;51.97;24.68;NA;NA;ND;NA;NA;NA;
28;8;23.11;8.82;29.23;ND;14.11;9.7;NA;NA;ND;NA;NA;NA;
28;9;10.93;1.75;21.31;ND;14.56;7.81;NA;NA;ND;NA;NA;NA;
28;10;13.96;21.79;6.6;ND;20.28;6.24;NA;NA;ND;NA;NA;NA;
28;11;10.32;12.78;5.67;ND;13.5;4.25;NA;NA;ND;NA;NA;NA;
28;12;4.48;10.21;3.55;ND;10.97;8.41;NA;NA;ND;NA;NA;NA;
28;13;16.03;15.17;9.14;ND;5.9;11.18;NA;NA;ND;NA;NA;NA;
28;14;11.92;15.11;2.95;ND;6.89;5.1;NA;NA;ND;NA;NA;NA;
28;15;17.18;7.01;8.3;ND;6.91;3.09;NA;NA;ND;NA;NA;NA;
28;16;20.6;16.47;19.07;ND;15.7;18.56;NA;NA;ND;NA;NA;NA;
28;17;15.71;16.81;14.92;ND;15.7;17.62;NA;NA;ND;NA;NA;NA;
28;18;16.47;29.69;21.45;ND;19.42;24.91;NA;NA;ND;NA;NA;NA;
28;19;6.36;19.53;20.97;ND;20.11;24.41;NA;NA;ND;NA;NA;NA;
28;20;11.4;5.78;26.51;ND;13.58;17.13;NA;NA;ND;NA;NA;NA;
28;21;14.37;5.33;17.96;ND;35.8;31.55;NA;NA;ND;NA;NA;NA;
28;22;9.02;29.04;20.7;ND;27.14;16.45;NA;NA;ND;NA;NA;NA;
28;23;11.17;13.6;ND;ND;ND;16.01;NA;NA;ND;NA;NA;NA;
29;0;14.35;6.95;22.03;ND;17.78;ND;NA;NA;ND;NA;NA;NA;
29;1;14.44;18.2;11.99;ND;18.41;20.93;NA;NA;ND;NA;NA;NA;
29;2;12.37;6.73;13.8;ND;10.35;13.5;NA;NA;ND;NA;NA;NA;
29;3;12.51;7.35;12.28;ND;14.48;15.28;NA;NA;ND;NA;NA;NA;
29;4;12.12;6.14;21.27;ND;23.16;16.59;NA;NA;ND;NA;NA;NA;
29;5;11.16;17.09;13.96;ND;16.13;16.38;NA;NA;ND;NA;NA;NA;
29;6;22.92;21.86;19.44;ND;31.12;27.05;NA;NA;ND;NA;NA;NA;
29;7;27.66;26.55;28.91;ND;27.46;29.42;NA;NA;ND;NA;NA;NA;
29;8;15.27;13.45;36.72;ND;21.32;40.19;NA;NA;ND;NA;NA;NA;
29;9;25.5;20.03;43.23;ND;36.57;32.38;NA;NA;ND;NA;NA;NA;
29;10;21.94;2.6;29.32;ND;32.62;38.36;NA;NA;ND;NA;NA;NA;
29;11;16.13;11.14;22.59;ND;49.79;36.28;NA;NA;ND;NA;NA;NA;
29;12;8.78;20.64;12.29;ND;32.68;26.71;NA;NA;ND;NA;NA;NA;
29;13;3.6;5.37;11.11;ND;16.86;11.56;NA;NA;ND;NA;NA;NA;
29;14;13.4;17.43;6.28;ND;3.74;16.02;NA;NA;ND;NA;NA;NA;
29;15;11.86;10.63;10.73;ND;6.57;6.88;NA;NA;ND;NA;NA;NA;
29;16;8.23;2.39;20.02;ND;7.32;3.47;NA;NA;ND;NA;NA;NA;
29;17;8.56;20.62;27.97;ND;13.54;18.82;NA;NA;ND;NA;NA;NA;
29;18;22.69;14.12;20.36;ND;3.28;11.74;NA;NA;ND;NA;NA;NA;
29;19;6.01;14.25;16.75;ND;21.95;18.08;NA;NA;ND;NA;NA;NA;
29;20;9.52;7.82;13.7;ND;5.47;19.41;NA;NA;ND;NA;NA;NA;
29;21;6.12;8.74;8.03;ND;10.99;8.83;NA;NA;ND;NA;NA;NA;
29;22;8.1;10.82;10.74;ND;4.06;9.79;NA;NA;ND;NA;NA;NA;
29;23;8.03;3.83;ND;ND;ND;7.46;NA;NA;ND;NA;NA;NA;
30;0;4.76;15.89;1.27;ND;11.23;ND;NA;NA;ND;NA;NA;NA;
30;1;10.39;3.27;3.56;ND;19.28;10.2;NA;NA;ND;NA;NA;NA;
30;2;4.97;7.88;5.97;ND;4.37;7.28;NA;NA;ND;NA;NA;NA;
30;3;8.65;8.81;8.95;ND;17.8;7.38;NA;NA;ND;NA;NA;NA;
30;4;8.55;5.45;2.55;ND;9.38;10.73;NA;NA;ND;NA;NA;NA;
30;5;6.88;7.88;3.21;ND;13.64;6.84;NA;NA;ND;NA;NA;NA;
30;6;16.05;17.88;8.02;ND;12.51;4.62;NA;NA;ND;NA;NA;NA;
30;7;13.47;10.11;19.87;ND;18.58;16.8;NA;NA;ND;NA;NA;NA;
30;8;8.76;16.26;15.77;ND;18.75;16.09;NA;NA;ND;NA;NA;NA;
30;9;19.15;16.96;20.97;ND;10.63;13.21;NA;NA;ND;NA;NA;NA;
30;10;19.38;15.16;24.21;ND;25.69;15.96;NA;NA;ND;NA;NA;NA;
30;11;21.37;23.13;24.29;ND;28.77;22.39;NA;NA;ND;NA;NA;NA;
30;12;7.35;12.91;18.1;ND;20.85;19.88;NA;NA;ND;NA;NA;NA;
30;13;17.05;7.96;19.07;ND;16.93;21.26;NA;NA;ND;NA;NA;NA;
30;14;ND;13.61;18.87;ND;21.89;14.67;NA;NA;ND;NA;NA;NA;
30;15;ND;6.58;12.26;ND;17.59;17.77;NA;NA;ND;NA;NA;NA;
30;16;1.07;9.46;16.51;ND;19.23;17.69;NA;NA;ND;NA;NA;NA;
30;17;9.88;15.48;14.06;ND;27.69;17.32;NA;NA;ND;NA;NA;NA;
30;18;13.71;17.96;20.12;ND;19.48;21.65;NA;NA;ND;NA;NA;NA;
30;19;16.63;18.53;18;ND;29.26;20.49;NA;NA;ND;NA;NA;NA;
30;20;13.31;11.95;20.58;ND;30.56;30.43;NA;NA;ND;NA;NA;NA;
30;21;20.66;20.1;21.03;ND;26.81;28.84;NA;NA;ND;NA;NA;NA;
30;22;27.22;39.86;19.92;ND;16.9;26.02;NA;NA;ND;NA;NA;NA;
30;23;40.48;26.69;ND;ND;ND;25.3;NA;NA;ND;NA;NA;NA;
