DIA;HORA;Cotocollao;Carapungo;Belisario;Jipijapa;El Camal;Centro;Guamaní;Tumbaco;Los Chillos;El Condado;Turubamba;Chillogallo;
1;0;12.71;11.52;2.1;ND;15.98;ND;NA;NA;ND;NA;NA;NA;
1;1;18.05;4.66;10.63;ND;15.94;12.44;NA;NA;ND;NA;NA;NA;
1;2;7.58;7.24;10.61;ND;6.65;7.55;NA;NA;ND;NA;NA;NA;
1;3;7.06;8.45;6.2;ND;11.16;18.56;NA;NA;ND;NA;NA;NA;
1;4;13.85;22.54;11.13;ND;6.77;5.57;NA;NA;ND;NA;NA;NA;
1;5;22.94;21.98;11.77;ND;19.97;17.85;NA;NA;ND;NA;NA;NA;
1;6;30.09;129.49;17.05;ND;26.14;21.64;NA;NA;ND;NA;NA;NA;
1;7;49;87.19;27.85;ND;22.09;19.39;NA;NA;ND;NA;NA;NA;
1;8;39.51;35.63;15.79;ND;16.87;10.38;NA;NA;ND;NA;NA;NA;
1;9;22.22;10.64;12.2;ND;12.47;10.97;NA;NA;ND;NA;NA;NA;
1;10;13.79;20.45;2.63;ND;8.18;3.2;NA;NA;ND;NA;NA;NA;
1;11;12.99;15.18;1.03;ND;10.69;5.13;NA;NA;ND;NA;NA;NA;
1;12;5.36;23.76;4.63;ND;7.97;12.06;NA;NA;ND;NA;NA;NA;
1;13;12.86;13.02;2.74;ND;13.66;9.6;NA;NA;ND;NA;NA;NA;
1;14;32.59;36.88;24.24;ND;20.06;14.62;NA;NA;ND;NA;NA;NA;
1;15;44.62;34.7;21.93;ND;39.77;24.99;NA;NA;ND;NA;NA;NA;
1;16;38.63;28.36;33.39;ND;20.32;22.3;NA;NA;ND;NA;NA;NA;
1;17;31.59;21.44;31.73;ND;31.17;22.57;NA;NA;ND;NA;NA;NA;
1;18;28.28;37.23;31.3;ND;13.78;24.01;NA;NA;ND;NA;NA;NA;
1;19;28.59;29.21;39.71;ND;21.2;29.35;NA;NA;ND;NA;NA;NA;
1;20;28.61;24.04;34.51;ND;40.41;36.44;NA;NA;ND;NA;NA;NA;
1;21;32.15;25.91;38.22;ND;36.98;35.82;NA;NA;ND;NA;NA;NA;
1;22;30.2;30.38;42.48;ND;40.03;39;NA;NA;ND;NA;NA;NA;
1;23;28.32;32.3;40.09;ND;41.94;34;NA;NA;ND;NA;NA;NA;
2;0;30.07;25.67;58.83;ND;31.56;ND;NA;NA;ND;NA;NA;NA;
2;1;32.31;22.85;37.5;ND;38.47;45.95;NA;NA;ND;NA;NA;NA;
2;2;21.91;20.62;32.58;ND;45.76;40.63;NA;NA;ND;NA;NA;NA;
2;3;25.79;34.01;36.97;ND;35.12;39.18;NA;NA;ND;NA;NA;NA;
2;4;36.12;34.08;35.67;ND;30.67;30.99;NA;NA;ND;NA;NA;NA;
2;5;34.74;42.41;29.92;ND;31.16;25.81;NA;NA;ND;NA;NA;NA;
2;6;43.7;59.64;41.3;ND;36.25;20.56;NA;NA;ND;NA;NA;NA;
2;7;36.36;57.58;42.93;ND;54.77;45.8;NA;NA;ND;NA;NA;NA;
2;8;29.21;31.1;28.19;ND;45.07;55.36;NA;NA;ND;NA;NA;NA;
2;9;25.97;14.83;26.53;ND;11.08;17.96;NA;NA;ND;NA;NA;NA;
2;10;11.48;22.56;12.5;ND;14.84;4.75;NA;NA;ND;NA;NA;NA;
2;11;13.49;13.01;3.89;ND;15.17;10.8;NA;NA;ND;NA;NA;NA;
2;12;12.45;22.65;8.13;ND;9.27;11.19;NA;NA;ND;NA;NA;NA;
2;13;7.34;11.31;2.34;ND;16.94;7.39;NA;NA;ND;NA;NA;NA;
2;14;15.9;17.72;4.31;ND;19;15.15;NA;NA;ND;NA;NA;NA;
2;15;30.33;42.35;17.91;ND;49.42;16.84;NA;NA;ND;NA;NA;NA;
2;16;27.99;41.87;28.39;ND;32.58;34.9;NA;NA;ND;NA;NA;NA;
2;17;13.68;34;28.57;ND;28.96;23.82;NA;NA;ND;NA;NA;NA;
2;18;19.18;24.08;36.95;ND;43.71;19.96;NA;NA;ND;NA;NA;NA;
2;19;22.68;36.29;27.64;ND;22.93;32.92;NA;NA;ND;NA;NA;NA;
2;20;25.2;32.92;39.55;ND;25.25;37.01;NA;NA;ND;NA;NA;NA;
2;21;32.94;38.63;39.16;ND;39.71;28.08;NA;NA;ND;NA;NA;NA;
2;22;23.29;53.03;24.07;ND;40.17;38.89;NA;NA;ND;NA;NA;NA;
2;23;24.72;60.46;27.86;ND;33.16;34.5;NA;NA;ND;NA;NA;NA;
3;0;47.63;53.78;22.21;ND;24.22;ND;NA;NA;ND;NA;NA;NA;
3;1;27.96;37.63;8.21;ND;13.95;15.25;NA;NA;ND;NA;NA;NA;
3;2;28.7;44.01;1.89;ND;14.28;7.62;NA;NA;ND;NA;NA;NA;
3;3;32.71;36.16;8.87;ND;5.95;4.21;NA;NA;ND;NA;NA;NA;
3;4;21.79;43.81;1.75;ND;2.53;3.84;NA;NA;ND;NA;NA;NA;
3;5;21.84;33.26;4.41;ND;9.38;7.62;NA;NA;ND;NA;NA;NA;
3;6;25.88;36.37;2.05;ND;11.33;7.53;NA;NA;ND;NA;NA;NA;
3;7;9.9;22.25;4.33;ND;5.45;1.65;NA;NA;ND;NA;NA;NA;
3;8;2.84;5.31;0.98;ND;1.88;10.95;NA;NA;ND;NA;NA;NA;
3;9;7.13;13.12;9.13;ND;5.39;5.49;NA;NA;ND;NA;NA;NA;
3;10;12.56;14.01;4.76;ND;9.7;3.15;NA;NA;ND;NA;NA;NA;
3;11;4.93;13.59;0.01;ND;6.54;5.2;NA;NA;ND;NA;NA;NA;
3;12;4.96;6.19;5.93;ND;12.63;12.54;NA;NA;ND;NA;NA;NA;
3;13;10.65;33.83;3.94;ND;4.37;2.76;NA;NA;ND;NA;NA;NA;
3;14;23.11;31.86;9.14;ND;18.89;15.25;NA;NA;ND;NA;NA;NA;
3;15;11.55;30.08;18.28;ND;28.18;19.21;NA;NA;ND;NA;NA;NA;
3;16;28.66;45.18;32.15;ND;18.79;18.89;NA;NA;ND;NA;NA;NA;
3;17;20.18;26.94;32.75;ND;30.77;16.06;NA;NA;ND;NA;NA;NA;
3;18;20.7;26.4;33.61;ND;31.52;35.16;NA;NA;ND;NA;NA;NA;
3;19;29.45;29.03;42.11;ND;46.88;37.47;NA;NA;ND;NA;NA;NA;
3;20;26.92;36.51;28.99;ND;31.16;28.43;NA;NA;ND;NA;NA;NA;
3;21;12.47;15.57;24.54;ND;39.61;25.7;NA;NA;ND;NA;NA;NA;
3;22;19.53;16.91;26.22;ND;22.34;30.86;NA;NA;ND;NA;NA;NA;
3;23;18.8;26.9;22.89;ND;16.15;10.27;NA;NA;ND;NA;NA;NA;
4;0;19.49;27.97;21.91;ND;5.04;ND;NA;NA;ND;NA;NA;NA;
4;1;21.27;29.08;8.65;ND;10.03;13.95;NA;NA;ND;NA;NA;NA;
4;2;16.64;35.2;4.82;ND;6.73;8.61;NA;NA;ND;NA;NA;NA;
4;3;19.92;35.09;10.07;ND;6.55;6.42;NA;NA;ND;NA;NA;NA;
4;4;22.01;31.76;2.88;ND;6.46;5.91;NA;NA;ND;NA;NA;NA;
4;5;18.89;34.92;6.77;ND;9.08;6.28;NA;NA;ND;NA;NA;NA;
4;6;20.49;47.44;3.1;ND;2.51;2.61;NA;NA;ND;NA;NA;NA;
4;7;13.42;16.73;1.62;ND;5.45;3.56;NA;NA;ND;NA;NA;NA;
4;8;7.76;14.05;2.6;ND;5.37;4.13;NA;NA;ND;NA;NA;NA;
4;9;9.3;5.78;5.58;ND;2.03;4.34;NA;NA;ND;NA;NA;NA;
4;10;3.89;7.87;0.97;ND;10.61;8.04;NA;NA;ND;NA;NA;NA;
4;11;9.56;12.42;0.63;ND;5.66;1.44;NA;NA;ND;NA;NA;NA;
4;12;5.83;5.12;1.03;ND;7.35;5.19;NA;NA;ND;NA;NA;NA;
4;13;12.12;12.04;3.18;ND;8.28;5.15;NA;NA;ND;NA;NA;NA;
4;14;4.96;19.78;5.35;ND;11.17;9.09;NA;NA;ND;NA;NA;NA;
4;15;19.1;4.33;29.57;ND;10.67;9.19;NA;NA;ND;NA;NA;NA;
4;16;17.08;22.86;25.15;ND;24.47;8.56;NA;NA;ND;NA;NA;NA;
4;17;10.2;9.07;17.07;ND;29.07;15.53;NA;NA;ND;NA;NA;NA;
4;18;16.49;16.24;20.14;ND;18.8;26.28;NA;NA;ND;NA;NA;NA;
4;19;8.59;22.48;29.36;ND;21.64;20.43;NA;NA;ND;NA;NA;NA;
4;20;15.76;30.05;15.88;ND;15.42;20.7;NA;NA;ND;NA;NA;NA;
4;21;13.83;18.73;16.25;ND;16.22;19.33;NA;NA;ND;NA;NA;NA;
4;22;24.5;25.14;24.33;ND;16.87;26.74;NA;NA;ND;NA;NA;NA;
4;23;19.97;18.95;25.14;ND;23.93;27.09;NA;NA;ND;NA;NA;NA;
5;0;14.56;19.9;31.48;ND;21.43;ND;NA;NA;ND;NA;NA;NA;
5;1;19.2;37.67;20.4;ND;11.74;17.75;NA;NA;ND;NA;NA;NA;
5;2;18.99;20.43;15.82;ND;16.86;10.19;NA;NA;ND;NA;NA;NA;
5;3;16.64;19.93;15.39;ND;15.89;14.12;NA;NA;ND;NA;NA;NA;
5;4;16.13;24.14;16.02;ND;12.35;9.97;NA;NA;ND;NA;NA;NA;
5;5;16.52;21.45;5;ND;15.5;9.05;NA;NA;ND;NA;NA;NA;
5;6;34.11;36.35;20.68;ND;38.95;23.31;NA;NA;ND;NA;NA;NA;
5;7;32.2;15.31;47.2;ND;48.57;53.73;NA;NA;ND;NA;NA;NA;
5;8;30.08;16.11;32.44;ND;38.43;24;NA;NA;ND;NA;NA;NA;
5;9;24.84;11.2;6.13;ND;10.49;8.67;NA;NA;ND;NA;NA;NA;
5;10;20.12;13.44;3.96;ND;2.9;7.49;NA;NA;ND;NA;NA;NA;
5;11;19.64;19.35;0.24;ND;12.84;16.3;NA;NA;ND;NA;NA;NA;
5;12;17.29;25.92;3.94;ND;20.5;17.39;NA;NA;ND;NA;NA;NA;
5;13;20;28.78;10.58;ND;25.75;21.95;NA;NA;ND;NA;NA;NA;
5;14;29.08;26.46;22.03;ND;18.15;23.5;NA;NA;ND;NA;NA;NA;
5;15;28.36;53.13;31.36;ND;12.12;7.74;NA;NA;ND;NA;NA;NA;
5;16;4.05;18;29.22;ND;12.7;15.6;NA;NA;ND;NA;NA;NA;
5;17;25.25;33.58;45.61;ND;25.93;28.53;NA;NA;ND;NA;NA;NA;
5;18;14.6;20.44;37.47;ND;21.6;16.78;NA;NA;ND;NA;NA;NA;
5;19;20.26;24.52;33.24;ND;38.01;33.2;NA;NA;ND;NA;NA;NA;
5;20;26.57;25.73;35.18;ND;32.94;35.93;NA;NA;ND;NA;NA;NA;
5;21;23.92;26.35;33.83;ND;31.61;40.65;NA;NA;ND;NA;NA;NA;
5;22;26.91;29.52;23.19;ND;42.13;36.92;NA;NA;ND;NA;NA;NA;
5;23;27.44;24.77;ND;ND;37.93;34.49;NA;NA;ND;NA;NA;NA;
6;0;32.51;33.79;25.73;ND;12.34;ND;NA;NA;ND;NA;NA;NA;
6;1;33.51;26.89;32.19;ND;39.29;36.87;NA;NA;ND;NA;NA;NA;
6;2;33.99;24.59;28.82;ND;34.86;31.13;NA;NA;ND;NA;NA;NA;
6;3;34.34;28.28;31.7;ND;18.55;26.8;NA;NA;ND;NA;NA;NA;
6;4;26.8;34.33;32.59;ND;23.24;26.56;NA;NA;ND;NA;NA;NA;
6;5;24.09;19.45;24.98;ND;21.79;33.09;NA;NA;ND;NA;NA;NA;
6;6;41.52;45.85;34.34;ND;61.18;27.51;NA;NA;ND;NA;NA;NA;
6;7;45.52;38.84;40.84;ND;45.71;45.68;NA;NA;ND;NA;NA;NA;
6;8;17.36;20.07;40.57;ND;53.21;30.35;NA;NA;ND;NA;NA;NA;
6;9;20.16;20.03;31.95;ND;11.56;33.92;NA;NA;ND;NA;NA;NA;
6;10;11.57;8.66;14.19;ND;20.97;13.98;NA;NA;ND;NA;NA;NA;
6;11;27.26;18.67;7.81;ND;29.28;10.67;NA;NA;ND;NA;NA;NA;
6;12;12.32;13.75;12.82;ND;14.38;16.27;NA;NA;ND;NA;NA;NA;
6;13;6.21;11.86;10;ND;27.94;23.28;NA;NA;ND;NA;NA;NA;
6;14;33.6;29.87;12.75;ND;18.05;26.87;NA;NA;ND;NA;NA;NA;
6;15;26.51;20.86;17.09;ND;35.63;29.21;NA;NA;ND;NA;NA;NA;
6;16;26.63;40.12;21.47;ND;25.49;ND;NA;NA;ND;NA;NA;NA;
6;17;15.76;41.4;25.34;ND;21.62;ND;NA;NA;ND;NA;NA;NA;
6;18;16.24;36.09;25.11;ND;22.39;ND;NA;NA;ND;NA;NA;NA;
6;19;14.24;58.94;43.26;ND;20.34;18.36;NA;NA;ND;NA;NA;NA;
6;20;21.62;ND;29.87;ND;21.85;27.66;NA;NA;ND;NA;NA;NA;
6;21;23.68;ND;29.19;ND;30.96;30.86;NA;NA;ND;NA;NA;NA;
6;22;15.47;ND;24.32;ND;35.12;29.99;NA;NA;ND;NA;NA;NA;
6;23;13.27;ND;30.57;ND;44.94;31.01;NA;NA;ND;NA;NA;NA;
7;0;30.43;30.98;32.39;ND;26.51;ND;NA;NA;ND;NA;NA;NA;
7;1;31.37;31.72;37.15;ND;28.52;37;NA;NA;ND;NA;NA;NA;
7;2;27.79;34.79;33.61;ND;31.85;45.18;NA;NA;ND;NA;NA;NA;
7;3;29.3;31.4;27.46;ND;34.25;34.7;NA;NA;ND;NA;NA;NA;
7;4;36.51;39.26;25.23;ND;22.68;25.79;NA;NA;ND;NA;NA;NA;
7;5;25.09;36.32;29.11;ND;29.93;33.43;NA;NA;ND;NA;NA;NA;
7;6;26.32;50.77;28.04;ND;58.37;33.03;NA;NA;ND;NA;NA;NA;
7;7;39.5;35.64;42.84;ND;58.17;45.07;NA;NA;ND;NA;NA;NA;
7;8;18.8;24.17;46.39;ND;35.35;59.88;NA;NA;ND;NA;NA;NA;
7;9;10.93;11.64;17.05;ND;26.58;16.61;NA;NA;ND;NA;NA;NA;
7;10;26.37;18.83;16.87;ND;25.74;13.57;NA;NA;ND;NA;NA;NA;
7;11;19.12;19.93;8.95;ND;12.46;2.71;NA;NA;ND;NA;NA;NA;
7;12;15.89;27.98;8.56;ND;2.37;10.64;NA;NA;ND;NA;NA;NA;
7;13;22.38;26.52;0.75;ND;18.13;16.96;NA;NA;ND;NA;NA;NA;
7;14;29.52;26.81;24.74;ND;16.5;19.01;NA;NA;ND;NA;NA;NA;
7;15;21.77;22.29;21.38;ND;44.52;27.44;NA;NA;ND;NA;NA;NA;
7;16;21.95;21.09;20.8;ND;25.77;15.91;NA;NA;ND;NA;NA;NA;
7;17;26.24;11.93;18.86;ND;22.22;15.27;NA;NA;ND;NA;NA;NA;
7;18;17.91;22.88;22.23;ND;17.91;14.32;NA;NA;ND;NA;NA;NA;
7;19;7.2;13.38;24.01;ND;25.74;19.41;NA;NA;ND;NA;NA;NA;
7;20;5.51;19.22;12;ND;5.1;13.23;NA;NA;ND;NA;NA;NA;
7;21;18.26;22.68;17.55;ND;60.44;17.79;NA;NA;ND;NA;NA;NA;
7;22;14.35;19.02;19.07;ND;30.06;20.82;NA;NA;ND;NA;NA;NA;
7;23;13.06;9.66;12.24;ND;23.29;13.59;NA;NA;ND;NA;NA;NA;
8;0;7.02;10.76;22.7;ND;44.25;ND;NA;NA;ND;NA;NA;NA;
8;1;12.07;9.77;20.51;ND;17.33;24.07;NA;NA;ND;NA;NA;NA;
8;2;16.28;9.28;13.5;ND;25.37;15.14;NA;NA;ND;NA;NA;NA;
8;3;12.97;18.05;6.91;ND;14.4;8.3;NA;NA;ND;NA;NA;NA;
8;4;14.26;13.98;2.76;ND;6.05;8.5;NA;NA;ND;NA;NA;NA;
8;5;23.23;26.11;3.35;ND;3.68;5.97;NA;NA;ND;NA;NA;NA;
8;6;30.93;41.03;8.04;ND;38.14;13.97;NA;NA;ND;NA;NA;NA;
8;7;27.48;33.6;19.46;ND;19.86;11.9;NA;NA;ND;NA;NA;NA;
8;8;23.2;24.06;3.31;ND;40.69;8.43;NA;NA;ND;NA;NA;NA;
8;9;5.96;14.94;13.66;ND;8.45;7.38;NA;NA;ND;NA;NA;NA;
8;10;6.44;9.75;8.62;ND;3.77;6.08;NA;NA;ND;NA;NA;NA;
8;11;8.37;17.46;2.93;ND;5.12;10.75;NA;NA;ND;NA;NA;NA;
8;12;7.95;16.81;0.25;ND;13.44;8.28;NA;NA;ND;NA;NA;NA;
8;13;9.92;16.52;3.16;ND;1.73;8.16;NA;NA;ND;NA;NA;NA;
8;14;15.36;23.19;10.51;ND;13.37;12.22;NA;NA;ND;NA;NA;NA;
8;15;25.38;21.67;25.53;ND;ND;14.36;NA;NA;ND;NA;NA;NA;
8;16;21.66;12.7;24.33;ND;ND;51.13;NA;NA;ND;NA;NA;NA;
8;17;22.11;32.86;26.56;ND;12.33;11.92;NA;NA;ND;NA;NA;NA;
8;18;25.64;26.24;27.27;ND;5.17;19.7;NA;NA;ND;NA;NA;NA;
8;19;23.76;12.9;25.42;ND;39.77;25.55;NA;NA;ND;NA;NA;NA;
8;20;17.48;20.68;20.24;ND;ND;15.32;NA;NA;ND;NA;NA;NA;
8;21;33.68;7.24;25.14;ND;ND;22.94;NA;NA;ND;NA;NA;NA;
8;22;21.34;13.48;21.31;ND;ND;23.06;NA;NA;ND;NA;NA;NA;
8;23;16.33;13.83;13.91;ND;ND;31.28;NA;NA;ND;NA;NA;NA;
9;0;10.55;17.26;13.66;ND;17.96;ND;NA;NA;ND;NA;NA;NA;
9;1;5.33;20.13;21.66;ND;6.41;25.45;NA;NA;ND;NA;NA;NA;
9;2;15.14;8.21;17.5;ND;17.54;25.98;NA;NA;ND;NA;NA;NA;
9;3;10.88;1.02;10.89;ND;7.65;20.66;NA;NA;ND;NA;NA;NA;
9;4;8.02;19.23;4;ND;11.19;10.61;NA;NA;ND;NA;NA;NA;
9;5;8.7;28.38;6.96;ND;11.6;12.38;NA;NA;ND;NA;NA;NA;
9;6;22.12;47;4.35;ND;26.49;11.46;NA;NA;ND;NA;NA;NA;
9;7;18.3;27.66;0.21;ND;19.6;13.2;NA;NA;ND;NA;NA;NA;
9;8;22.92;14.48;8.9;ND;13.87;12.79;NA;NA;ND;NA;NA;NA;
9;9;5.19;14.42;1.59;ND;9.21;10.83;NA;NA;ND;NA;NA;NA;
9;10;9.72;21.86;4.9;ND;7.06;18.11;NA;NA;ND;NA;NA;NA;
9;11;5.09;10.04;1.08;ND;11.17;ND;NA;NA;ND;NA;NA;NA;
9;12;5.57;14.71;5.61;ND;11.91;ND;NA;NA;ND;NA;NA;NA;
9;13;6.02;16.43;4.71;ND;10.08;0;NA;NA;ND;NA;NA;NA;
9;14;13.5;20.67;7.83;ND;7.28;0;NA;NA;ND;NA;NA;NA;
9;15;9.79;28.52;13.59;ND;2.71;0;NA;NA;ND;NA;NA;NA;
9;16;21.41;17.34;11.61;ND;31.12;0;NA;NA;ND;NA;NA;NA;
9;17;35.57;22.25;7.49;ND;17.44;0.02;NA;NA;ND;NA;NA;NA;
9;18;23.39;28.55;14.63;ND;24.17;10.19;NA;NA;ND;NA;NA;NA;
9;19;24.73;25.72;19.12;ND;21.05;0.76;NA;NA;ND;NA;NA;NA;
9;20;35.42;22.77;24.86;ND;23.81;5.71;NA;NA;ND;NA;NA;NA;
9;21;28.3;26.39;26.16;ND;27.41;18.12;NA;NA;ND;NA;NA;NA;
9;22;22.91;18.23;19.88;ND;34.88;29.68;NA;NA;ND;NA;NA;NA;
9;23;17.2;14.35;12.57;ND;23.86;12.9;NA;NA;ND;NA;NA;NA;
10;0;28.44;4.59;21.5;ND;29.61;ND;NA;NA;ND;NA;NA;NA;
10;1;10.31;10.47;13.39;ND;17.07;28.44;NA;NA;ND;NA;NA;NA;
10;2;18.23;28.71;20.16;ND;31.74;30.44;NA;NA;ND;NA;NA;NA;
10;3;19.11;30.5;18.24;ND;38.45;25.44;NA;NA;ND;NA;NA;NA;
10;4;19.01;50.84;36.24;ND;42.78;18.2;NA;NA;ND;NA;NA;NA;
10;5;26.96;43.83;42.12;ND;43.42;21.06;NA;NA;ND;NA;NA;NA;
10;6;14.29;67.9;20.58;ND;61.44;28.42;NA;NA;ND;NA;NA;NA;
10;7;21.38;20.84;35.92;ND;70.91;44.64;NA;NA;ND;NA;NA;NA;
10;8;22.51;19.39;40.65;ND;37.46;36.19;NA;NA;ND;NA;NA;NA;
10;9;14.86;24.24;30.61;ND;40.4;49.52;NA;NA;ND;NA;NA;NA;
10;10;21.12;14.56;13.38;ND;26.1;14.02;NA;NA;ND;NA;NA;NA;
10;11;15.39;14.01;7.75;ND;22.34;12.22;NA;NA;ND;NA;NA;NA;
10;12;12.53;29.78;18.08;ND;20.07;16.8;NA;NA;ND;NA;NA;NA;
10;13;29.05;31.54;24.74;ND;8.88;19.97;NA;NA;ND;NA;NA;NA;
10;14;40.74;34.62;17.7;ND;13.39;10.02;NA;NA;ND;NA;NA;NA;
10;15;38.98;35.46;45.08;ND;24.54;30.2;NA;NA;ND;NA;NA;NA;
10;16;24.32;30.9;30.16;ND;20.49;31.63;NA;NA;ND;NA;NA;NA;
10;17;34.81;32.77;34.08;ND;31.53;27.48;NA;NA;ND;NA;NA;NA;
10;18;20.03;21.26;31.4;ND;5.18;20.69;NA;NA;ND;NA;NA;NA;
10;19;29.75;25.96;32.44;ND;21.41;21.31;NA;NA;ND;NA;NA;NA;
10;20;24.69;17.28;27.55;ND;21.25;24.46;NA;NA;ND;NA;NA;NA;
10;21;16.92;13.16;27.77;ND;40.72;29.53;NA;NA;ND;NA;NA;NA;
10;22;17.54;11.86;20.48;ND;22.59;31.54;NA;NA;ND;NA;NA;NA;
10;23;25.56;7.21;23.92;ND;30.64;25.45;NA;NA;ND;NA;NA;NA;
11;0;33.73;14.05;26.28;ND;28.33;ND;NA;NA;ND;NA;NA;NA;
11;1;29.42;28.38;27.59;ND;34.77;32.81;NA;NA;ND;NA;NA;NA;
11;2;27.66;32.51;31.3;ND;36.96;37.18;NA;NA;ND;NA;NA;NA;
11;3;34.4;21.01;28.17;ND;32.92;36.89;NA;NA;ND;NA;NA;NA;
11;4;32.07;21.92;19.38;ND;31.94;26.48;NA;NA;ND;NA;NA;NA;
11;5;26.09;26.31;24.49;ND;23.75;21.86;NA;NA;ND;NA;NA;NA;
11;6;29.8;34.84;10.3;ND;50.35;30.48;NA;NA;ND;NA;NA;NA;
11;7;23.78;25.76;42.82;ND;39.28;28.93;NA;NA;ND;NA;NA;NA;
11;8;40.1;35.2;42.11;ND;25.81;31.72;NA;NA;ND;NA;NA;NA;
11;9;47.19;28.18;19.02;ND;23.88;28.66;NA;NA;ND;NA;NA;NA;
11;10;17.91;21.85;18.51;ND;15.56;31.23;NA;NA;ND;NA;NA;NA;
11;11;11.46;19.99;11.67;ND;15.66;17.06;NA;NA;ND;NA;NA;NA;
11;12;20.51;30.64;4.79;ND;28.2;17.45;NA;NA;ND;NA;NA;NA;
11;13;23.97;31.74;13.97;ND;29.55;30.78;NA;NA;ND;NA;NA;NA;
11;14;15.53;9.33;14.25;ND;45.63;29.09;NA;NA;ND;NA;NA;NA;
11;15;16.91;32.9;18.9;ND;44.42;19.19;NA;NA;ND;NA;NA;NA;
11;16;14.77;33.34;32.71;ND;25.54;12.54;NA;NA;ND;NA;NA;NA;
11;17;28.24;14.19;26.08;ND;25.76;12.69;NA;NA;ND;NA;NA;NA;
11;18;16.07;5.73;22.59;ND;16.66;13.24;NA;NA;ND;NA;NA;NA;
11;19;14.7;15.07;21.17;ND;12.05;20.67;NA;NA;ND;NA;NA;NA;
11;20;5.75;8.56;12.7;ND;10.26;18.55;NA;NA;ND;NA;NA;NA;
11;21;15.59;16.33;15.82;ND;17.65;11.32;NA;NA;ND;NA;NA;NA;
11;22;17.5;11.7;4.84;ND;5.51;10.01;NA;NA;ND;NA;NA;NA;
11;23;22.35;9.23;0.7;ND;6.82;10.81;NA;NA;ND;NA;NA;NA;
12;0;11.18;8.97;14.05;ND;18.74;ND;NA;NA;ND;NA;NA;NA;
12;1;6.44;11.98;13.25;ND;31.91;18.46;NA;NA;ND;NA;NA;NA;
12;2;9.82;9.64;9.34;ND;10.63;9.34;NA;NA;ND;NA;NA;NA;
12;3;6.24;6.26;8.04;ND;8.76;9.91;NA;NA;ND;NA;NA;NA;
12;4;10.15;11.3;4.22;ND;22.51;9.01;NA;NA;ND;NA;NA;NA;
12;5;10.52;5.02;9.36;ND;11;13.26;NA;NA;ND;NA;NA;NA;
12;6;17.26;23.99;13.25;ND;22.49;11.75;NA;NA;ND;NA;NA;NA;
12;7;27.33;14.69;25.96;ND;44.67;30.54;NA;NA;ND;NA;NA;NA;
12;8;27.34;9.17;28.68;ND;48.47;20.25;NA;NA;ND;NA;NA;NA;
12;9;32.84;17.46;50.82;ND;46.88;39.24;NA;NA;ND;NA;NA;NA;
12;10;26.13;16.22;42.68;ND;36.35;32.4;NA;NA;ND;NA;NA;NA;
12;11;31.39;43.06;44.9;ND;39.61;41.5;NA;NA;ND;NA;NA;NA;
12;12;13.94;27.07;19.6;ND;58.85;31.9;NA;NA;ND;NA;NA;NA;
12;13;14.95;43.35;12.38;ND;14.77;18.86;NA;NA;ND;NA;NA;NA;
12;14;23.78;32.65;27.88;ND;21.1;4.74;NA;NA;ND;NA;NA;NA;
12;15;12.61;36.12;28.28;ND;15.7;23.14;NA;NA;ND;NA;NA;NA;
12;16;7.64;9.7;33.75;ND;36.35;27.08;NA;NA;ND;NA;NA;NA;
12;17;24.81;26.81;24.32;ND;26.46;19.48;NA;NA;ND;NA;NA;NA;
12;18;27.27;23.24;23.4;ND;36.71;22.58;NA;NA;ND;NA;NA;NA;
12;19;16.53;36.29;24.22;ND;41.91;29.2;NA;NA;ND;NA;NA;NA;
12;20;17.11;29.59;24.82;ND;47.44;26.43;NA;NA;ND;NA;NA;NA;
12;21;26.24;28.4;20.78;ND;35.2;34.07;NA;NA;ND;NA;NA;NA;
12;22;22.03;31.84;31.5;ND;45.02;42;NA;NA;ND;NA;NA;NA;
12;23;23.41;23.7;16.07;ND;31.97;34.68;NA;NA;ND;NA;NA;NA;
13;0;7.31;19.48;20.34;ND;39.28;ND;NA;NA;ND;NA;NA;NA;
13;1;25.4;19.28;13.56;ND;28.14;35.8;NA;NA;ND;NA;NA;NA;
13;2;30.41;15.82;21.28;ND;27.85;35.16;NA;NA;ND;NA;NA;NA;
13;3;29.5;30.61;17.42;ND;30.59;35.52;NA;NA;ND;NA;NA;NA;
13;4;22.63;29.45;17.47;ND;26.85;29.58;NA;NA;ND;NA;NA;NA;
13;5;27.5;36.81;18.42;ND;31.07;29.59;NA;NA;ND;NA;NA;NA;
13;6;40.14;50.11;28.75;ND;56.38;33.67;NA;NA;ND;NA;NA;NA;
13;7;41.48;33.82;34.86;ND;75.98;63.15;NA;NA;ND;NA;NA;NA;
13;8;42.4;30.25;36.55;ND;48.82;56.87;NA;NA;ND;NA;NA;NA;
13;9;41.66;35.47;41.89;ND;40.88;43.44;NA;NA;ND;NA;NA;NA;
13;10;23.97;24.02;48.85;ND;38.03;50.75;NA;NA;ND;NA;NA;NA;
13;11;25.78;24.63;31.09;ND;38.14;44.86;NA;NA;ND;NA;NA;NA;
13;12;2.44;20.25;23.06;ND;16.98;28.04;NA;NA;ND;NA;NA;NA;
13;13;3.59;12.54;26.01;ND;20.82;14.78;NA;NA;ND;NA;NA;NA;
13;14;14.05;3.82;33.59;ND;18.33;17.96;NA;NA;ND;NA;NA;NA;
13;15;8.29;16.89;35.59;ND;20.13;14.56;NA;NA;ND;NA;NA;NA;
13;16;19.88;23.65;24.82;ND;3.92;9.35;NA;NA;ND;NA;NA;NA;
13;17;18.57;28.74;23.95;ND;16.91;11.36;NA;NA;ND;NA;NA;NA;
13;18;21.9;30.48;26.78;ND;12.36;ND;NA;NA;ND;NA;NA;NA;
13;19;17.6;32.59;22;ND;44.66;38.87;NA;NA;ND;NA;NA;NA;
13;20;19.84;14.85;14.9;ND;30.23;26.23;NA;NA;ND;NA;NA;NA;
13;21;6.74;26.03;14.65;ND;16.26;12.65;NA;NA;ND;NA;NA;NA;
13;22;11.85;8.46;12.65;ND;16.86;13.16;NA;NA;ND;NA;NA;NA;
13;23;11.27;ND;5.47;ND;55.21;7.49;NA;NA;ND;NA;NA;NA;
14;0;15.57;ND;7.89;ND;28.94;ND;NA;NA;ND;NA;NA;NA;
14;1;13.3;ND;12.88;ND;8.64;23.28;NA;NA;ND;NA;NA;NA;
14;2;18.2;ND;9.49;ND;23.16;11.92;NA;NA;ND;NA;NA;NA;
14;3;16.82;ND;16.53;ND;17.21;17.99;NA;NA;ND;NA;NA;NA;
14;4;7.06;ND;5.1;ND;23.73;8.24;NA;NA;ND;NA;NA;NA;
14;5;6.21;ND;11.21;ND;12.66;8.52;NA;NA;ND;NA;NA;NA;
14;6;22.69;ND;12.58;ND;26.97;12.19;NA;NA;ND;NA;NA;NA;
14;7;28.17;ND;24.77;ND;49.3;25.52;NA;NA;ND;NA;NA;NA;
14;8;32.52;ND;30.19;ND;40.6;34.17;NA;NA;ND;NA;NA;NA;
14;9;43.47;ND;24.19;ND;41.14;39.42;NA;NA;ND;NA;NA;NA;
14;10;23.85;ND;24.1;ND;47.24;32.92;NA;NA;ND;NA;NA;NA;
14;11;26.23;ND;31.61;ND;11.76;40.21;NA;NA;ND;NA;NA;NA;
14;12;19.96;ND;33.92;ND;64.84;42.03;NA;NA;ND;NA;NA;NA;
14;13;18.47;ND;24.57;ND;54.85;27.71;NA;NA;ND;NA;NA;NA;
14;14;5.72;ND;26.26;ND;25.86;23.12;NA;NA;ND;NA;NA;NA;
14;15;6.37;ND;28.7;ND;5.22;18.32;NA;NA;ND;NA;NA;NA;
14;16;13.12;ND;34.59;ND;18.69;15.23;NA;NA;ND;NA;NA;NA;
14;17;17.33;ND;28.91;ND;15.55;20.94;NA;NA;ND;NA;NA;NA;
14;18;20.16;ND;20.68;ND;22.76;27.66;NA;NA;ND;NA;NA;NA;
14;19;20.55;ND;19.11;ND;34.98;18.67;NA;NA;ND;NA;NA;NA;
14;20;12.59;ND;16.29;ND;27.14;17.33;NA;NA;ND;NA;NA;NA;
14;21;12.27;ND;10.57;ND;14.28;24.39;NA;NA;ND;NA;NA;NA;
14;22;9.04;ND;23.09;ND;26.39;15.4;NA;NA;ND;NA;NA;NA;
14;23;4.17;ND;9.25;ND;2.19;24.63;NA;NA;ND;NA;NA;NA;
15;0;6.54;ND;20.24;ND;24.61;ND;NA;NA;ND;NA;NA;NA;
15;1;11.89;ND;14.74;ND;54.08;22.69;NA;NA;ND;NA;NA;NA;
15;2;12.74;ND;15.24;ND;4.88;12.31;NA;NA;ND;NA;NA;NA;
15;3;9.85;ND;22.29;ND;24.42;19.03;NA;NA;ND;NA;NA;NA;
15;4;14;ND;19.34;ND;16.23;17.22;NA;NA;ND;NA;NA;NA;
15;5;20.88;ND;21.08;ND;21.1;19.14;NA;NA;ND;NA;NA;NA;
15;6;34.69;ND;26.3;ND;46.04;32.27;NA;NA;ND;NA;NA;NA;
15;7;55.17;ND;42.65;ND;72.86;52.41;NA;NA;ND;NA;NA;NA;
15;8;28.03;ND;47.05;ND;56.33;51.87;NA;NA;ND;NA;NA;NA;
15;9;34.05;ND;25.2;ND;50.3;17.07;NA;NA;ND;NA;NA;NA;
15;10;22.08;ND;28.06;ND;43.41;22;NA;NA;ND;NA;NA;NA;
15;11;31.11;ND;33.22;ND;22.64;32.56;NA;NA;ND;NA;NA;NA;
15;12;23.09;ND;18.24;ND;12.59;23.88;NA;NA;ND;NA;NA;NA;
15;13;16.37;ND;23.73;ND;23.27;28.18;NA;NA;ND;NA;NA;NA;
15;14;19.11;ND;21.12;ND;65.3;31.76;NA;NA;ND;NA;NA;NA;
15;15;12.11;ND;17.94;ND;26.27;18.17;NA;NA;ND;NA;NA;NA;
15;16;12.99;ND;26.96;ND;18.3;17.69;NA;NA;ND;NA;NA;NA;
15;17;19.02;ND;25.31;ND;13.37;19.04;NA;NA;ND;NA;NA;NA;
15;18;5.42;ND;31.25;ND;50.94;21.7;NA;NA;ND;NA;NA;NA;
15;19;7.82;ND;26.61;ND;12.33;23.57;NA;NA;ND;NA;NA;NA;
15;20;6.3;ND;35.67;ND;51.73;26.33;NA;NA;ND;NA;NA;NA;
15;21;12.95;ND;26.87;ND;35.81;25.57;NA;NA;ND;NA;NA;NA;
15;22;17.89;ND;20.48;ND;32.45;17.88;NA;NA;ND;NA;NA;NA;
15;23;11.23;ND;28.31;ND;9.97;15.24;NA;NA;ND;NA;NA;NA;
16;0;2;ND;14.78;ND;24.56;ND;NA;NA;ND;NA;NA;NA;
16;1;14.04;ND;20.48;ND;22.42;22.99;NA;NA;ND;NA;NA;NA;
16;2;9.9;ND;18.76;ND;13.4;33.61;NA;NA;ND;NA;NA;NA;
16;3;28.46;ND;18.15;ND;51.89;28.72;NA;NA;ND;NA;NA;NA;
16;4;14.27;ND;28.98;ND;15.68;30.19;NA;NA;ND;NA;NA;NA;
16;5;19.78;ND;21.19;ND;42.16;33.69;NA;NA;ND;NA;NA;NA;
16;6;37.82;ND;28.45;ND;33.44;33.33;NA;NA;ND;NA;NA;NA;
16;7;45.1;ND;46.81;ND;109.06;34.13;NA;NA;ND;NA;NA;NA;
16;8;50.03;ND;39.39;ND;31.6;26.98;NA;NA;ND;NA;NA;NA;
16;9;24.63;ND;21.55;ND;28.28;15.94;NA;NA;ND;NA;NA;NA;
16;10;21.19;ND;16.87;ND;5.92;20.34;NA;NA;ND;NA;NA;NA;
16;11;24.5;ND;8.06;ND;25.13;17.03;NA;NA;ND;NA;NA;NA;
16;12;18.23;ND;5.89;ND;15.53;15.55;NA;NA;ND;NA;NA;NA;
16;13;11.52;ND;5.82;ND;15.1;19.52;NA;NA;ND;NA;NA;NA;
16;14;3.64;ND;2.66;ND;15.82;16.38;NA;NA;ND;NA;NA;NA;
16;15;17.55;ND;19.15;ND;25.24;13.69;NA;NA;ND;NA;NA;NA;
16;16;10.17;ND;22.95;ND;10.25;11.92;NA;NA;ND;NA;NA;NA;
16;17;7.98;ND;26.1;ND;22.22;18.25;NA;NA;ND;NA;NA;NA;
16;18;14.12;ND;30.27;ND;21.18;20.11;NA;NA;ND;NA;NA;NA;
16;19;12.14;ND;28.96;ND;22.54;25.57;NA;NA;ND;NA;NA;NA;
16;20;20.43;ND;30.86;ND;31.53;25.79;NA;NA;ND;NA;NA;NA;
16;21;23.26;ND;23.42;ND;34.62;20.09;NA;NA;ND;NA;NA;NA;
16;22;24.36;ND;22.09;ND;29.62;20.29;NA;NA;ND;NA;NA;NA;
16;23;27.9;ND;31.1;ND;5.33;35.47;NA;NA;ND;NA;NA;NA;
17;0;20.63;ND;36.74;ND;52.34;ND;NA;NA;ND;NA;NA;NA;
17;1;41.99;ND;31.85;ND;49.49;41.44;NA;NA;ND;NA;NA;NA;
17;2;33.33;ND;29.25;ND;32.22;38.45;NA;NA;ND;NA;NA;NA;
17;3;34.92;ND;30.68;ND;23.12;36.65;NA;NA;ND;NA;NA;NA;
17;4;27.61;ND;30.96;ND;50.5;34.04;NA;NA;ND;NA;NA;NA;
17;5;26.75;ND;23.86;ND;30.71;33.58;NA;NA;ND;NA;NA;NA;
17;6;33.97;ND;26.14;ND;41.14;38.33;NA;NA;ND;NA;NA;NA;
17;7;42.22;ND;27.5;ND;30.56;51.29;NA;NA;ND;NA;NA;NA;
17;8;29.99;ND;32.78;ND;19.82;26.18;NA;NA;ND;NA;NA;NA;
17;9;26.3;ND;17.32;ND;8.6;14.94;NA;NA;ND;NA;NA;NA;
17;10;18.37;ND;17.57;ND;25.12;26.23;NA;NA;ND;NA;NA;NA;
17;11;23.65;ND;9.09;ND;12.82;22.58;NA;NA;ND;NA;NA;NA;
17;12;20.73;ND;3.45;ND;29.59;21.22;NA;NA;ND;NA;NA;NA;
17;13;17.95;ND;12.44;ND;11.56;19.9;NA;NA;ND;NA;NA;NA;
17;14;43.23;ND;33.44;ND;51.2;22.89;NA;NA;ND;NA;NA;NA;
17;15;35.88;ND;40.93;ND;17.45;28.87;NA;NA;ND;NA;NA;NA;
17;16;22.64;ND;42.14;ND;26.45;33.13;NA;NA;ND;NA;NA;NA;
17;17;24.72;ND;19.82;ND;39.8;25.5;NA;NA;ND;NA;NA;NA;
17;18;0.87;ND;37.01;ND;31.94;32.53;NA;NA;ND;NA;NA;NA;
17;19;17.37;ND;27.27;ND;39.83;31.09;NA;NA;ND;NA;NA;NA;
17;20;18.4;ND;23.55;ND;35.42;29.76;NA;NA;ND;NA;NA;NA;
17;21;24.17;ND;27.66;ND;41.17;26.99;NA;NA;ND;NA;NA;NA;
17;22;22.44;ND;25.57;ND;38.67;31.09;NA;NA;ND;NA;NA;NA;
17;23;9.99;ND;19.05;ND;19.52;31.29;NA;NA;ND;NA;NA;NA;
18;0;10.57;ND;27.14;ND;21.21;ND;NA;NA;ND;NA;NA;NA;
18;1;16.78;ND;26.74;ND;27.14;33.22;NA;NA;ND;NA;NA;NA;
18;2;16.71;ND;23.92;ND;30.69;25.3;NA;NA;ND;NA;NA;NA;
18;3;8.15;ND;22.5;ND;23.51;22.55;NA;NA;ND;NA;NA;NA;
18;4;11.61;ND;20.64;ND;25.27;24.09;NA;NA;ND;NA;NA;NA;
18;5;22.35;ND;21.6;ND;29;25.59;NA;NA;ND;NA;NA;NA;
18;6;17.68;ND;17.89;ND;28.86;21.7;NA;NA;ND;NA;NA;NA;
18;7;32.44;ND;22.28;ND;6.69;7.02;NA;NA;ND;NA;NA;NA;
18;8;31.85;ND;11.42;ND;5.16;6.41;NA;NA;ND;NA;NA;NA;
18;9;21.12;ND;25.45;ND;18.56;27.89;NA;NA;ND;NA;NA;NA;
18;10;18.47;ND;31.19;ND;38.96;32.49;NA;NA;ND;NA;NA;NA;
18;11;13.06;ND;16.37;ND;21.09;24.35;NA;NA;ND;NA;NA;NA;
18;12;26.24;ND;8.91;ND;18.54;22.61;NA;NA;ND;NA;NA;NA;
18;13;24.17;ND;25.57;ND;36.07;30.9;NA;NA;ND;NA;NA;NA;
18;14;34.01;ND;35.95;ND;54.53;42.56;NA;NA;ND;NA;NA;NA;
18;15;30.1;ND;31.89;ND;35.41;34.23;NA;NA;ND;NA;NA;NA;
18;16;29.23;ND;26.37;ND;17.63;24.68;NA;NA;ND;NA;NA;NA;
18;17;20.45;ND;29.16;ND;37.55;28.51;NA;NA;ND;NA;NA;NA;
18;18;37.31;ND;36;ND;49.31;44.03;NA;NA;ND;NA;NA;NA;
18;19;33.12;ND;30.19;ND;30.27;41.65;NA;NA;ND;NA;NA;NA;
18;20;26.91;ND;39.54;ND;48.07;39.23;NA;NA;ND;NA;NA;NA;
18;21;25.68;ND;37.07;ND;46.94;34.85;NA;NA;ND;NA;NA;NA;
18;22;22.31;ND;30.3;ND;34.5;27.18;NA;NA;ND;NA;NA;NA;
18;23;34.14;ND;23.45;ND;30.1;28.82;NA;NA;ND;NA;NA;NA;
19;0;45.26;ND;22.8;ND;36.03;ND;NA;NA;ND;NA;NA;NA;
19;1;25.45;ND;28.89;ND;32.92;34.64;NA;NA;ND;NA;NA;NA;
19;2;30.95;ND;30.75;ND;31.94;37.1;NA;NA;ND;NA;NA;NA;
19;3;32.48;ND;22.99;ND;36.07;28.68;NA;NA;ND;NA;NA;NA;
19;4;34.63;ND;29.46;ND;25.29;36.55;NA;NA;ND;NA;NA;NA;
19;5;33.22;ND;26.87;ND;30.73;15.75;NA;NA;ND;NA;NA;NA;
19;6;36.46;ND;29.05;ND;50.07;46.78;NA;NA;ND;NA;NA;NA;
19;7;44.54;ND;40.35;ND;69.33;70.65;NA;NA;ND;NA;NA;NA;
19;8;47.74;ND;53.21;ND;84.01;63.1;NA;NA;ND;NA;NA;NA;
19;9;48.01;ND;52.62;ND;47.4;21.58;NA;NA;ND;NA;NA;NA;
19;10;39.46;ND;40.15;ND;43.44;39.07;NA;NA;ND;NA;NA;NA;
19;11;23.16;ND;ND;ND;20.5;33.61;NA;NA;ND;NA;NA;NA;
19;12;28.05;ND;21.09;ND;29.31;28.75;NA;NA;ND;NA;NA;NA;
19;13;33.09;ND;22.17;ND;22.38;39.6;NA;NA;ND;NA;NA;NA;
19;14;11.56;ND;34.6;ND;28.87;23.26;NA;NA;ND;NA;NA;NA;
19;15;13.21;ND;38.01;ND;12.58;18.48;NA;NA;ND;NA;NA;NA;
19;16;15.91;ND;21.11;ND;20.27;4.08;NA;NA;ND;NA;NA;NA;
19;17;10.83;ND;20.19;ND;22.98;21.31;NA;NA;ND;NA;NA;NA;
19;18;13.88;ND;23.78;ND;24.46;23.64;NA;NA;ND;NA;NA;NA;
19;19;11.1;ND;35.74;ND;38.78;37.99;NA;NA;ND;NA;NA;NA;
19;20;17.69;ND;38.46;ND;22.43;48.47;NA;NA;ND;NA;NA;NA;
19;21;16.28;ND;30.49;ND;51.45;53.66;NA;NA;ND;NA;NA;NA;
19;22;12.23;ND;ND;ND;ND;40.27;NA;NA;ND;NA;NA;NA;
19;23;7.45;ND;ND;ND;ND;22.96;NA;NA;ND;NA;NA;NA;
20;0;16.8;ND;7.31;ND;10.57;ND;NA;NA;ND;NA;NA;NA;
20;1;12.73;ND;24.83;ND;32.62;25.55;NA;NA;ND;NA;NA;NA;
20;2;22.97;ND;27.73;ND;32.2;31.8;NA;NA;ND;NA;NA;NA;
20;3;16.66;ND;22.98;ND;34.46;23.51;NA;NA;ND;NA;NA;NA;
20;4;19.64;ND;14.07;ND;25.79;23.6;NA;NA;ND;NA;NA;NA;
20;5;21.43;ND;16.39;ND;25.11;17.16;NA;NA;ND;NA;NA;NA;
20;6;40.39;ND;25.72;ND;43.82;33.45;NA;NA;ND;NA;NA;NA;
20;7;38.24;ND;42.92;ND;42.78;52.17;NA;NA;ND;NA;NA;NA;
20;8;29.29;ND;50.96;ND;63.6;64.96;NA;NA;ND;NA;NA;NA;
20;9;25.55;ND;62.03;ND;49.5;56.65;NA;NA;ND;NA;NA;NA;
20;10;30.97;ND;36.7;ND;23.08;49.47;NA;NA;ND;NA;NA;NA;
20;11;27.63;ND;38.72;ND;26.69;45.38;NA;NA;ND;NA;NA;NA;
20;12;17.4;ND;23.03;ND;36.1;31.67;NA;NA;ND;NA;NA;NA;
20;13;19.18;ND;34.99;ND;37.94;30.72;NA;NA;ND;NA;NA;NA;
20;14;14.18;ND;22.42;ND;18.37;24.59;NA;NA;ND;NA;NA;NA;
20;15;26.31;ND;32.14;ND;37.15;24.32;NA;NA;ND;NA;NA;NA;
20;16;24.28;ND;39.93;ND;51.01;53.75;NA;NA;ND;NA;NA;NA;
20;17;19.23;ND;26.84;ND;35.29;56.17;NA;NA;ND;NA;NA;NA;
20;18;13.11;ND;15.04;ND;27.37;30.99;NA;NA;ND;NA;NA;NA;
20;19;16.59;ND;38.43;ND;36.34;33.19;NA;NA;ND;NA;NA;NA;
20;20;19.26;ND;40.54;ND;44.24;50.18;NA;NA;ND;NA;NA;NA;
20;21;15.74;ND;39.53;ND;50.15;55.17;NA;NA;ND;NA;NA;NA;
20;22;23.19;ND;49.07;ND;41.14;46.26;NA;NA;ND;NA;NA;NA;
20;23;20.45;ND;33.7;ND;ND;ND;NA;NA;ND;NA;NA;NA;
21;0;34.89;ND;45.35;ND;36.21;ND;NA;NA;ND;NA;NA;NA;
21;1;32.86;ND;28.63;ND;45.37;95.14;NA;NA;ND;NA;NA;NA;
21;2;25.76;ND;32.62;ND;47.72;41.96;NA;NA;ND;NA;NA;NA;
21;3;27.67;ND;19.44;ND;38.06;54.47;NA;NA;ND;NA;NA;NA;
21;4;39.4;ND;20.87;ND;37.57;58;NA;NA;ND;NA;NA;NA;
21;5;35.2;ND;23.61;ND;32.21;28.16;NA;NA;ND;NA;NA;NA;
21;6;37.79;ND;35.17;ND;62.36;49.88;NA;NA;ND;NA;NA;NA;
21;7;44.01;ND;49.05;ND;83.72;50.03;NA;NA;ND;NA;NA;NA;
21;8;57.59;ND;53.62;ND;66;63.04;NA;NA;ND;NA;NA;NA;
21;9;51.09;ND;49.15;ND;54.14;56.51;NA;NA;ND;NA;NA;NA;
21;10;44.24;ND;48.39;ND;45.31;52.03;NA;NA;ND;NA;NA;NA;
21;11;12.37;ND;36.74;ND;46.36;ND;NA;NA;ND;NA;NA;NA;
21;12;14.32;ND;27.03;ND;37.24;51.91;NA;NA;ND;NA;NA;NA;
21;13;12.82;ND;15.39;ND;34.73;40.54;NA;NA;ND;NA;NA;NA;
21;14;24.31;ND;11.89;ND;15.18;33.33;NA;NA;ND;NA;NA;NA;
21;15;17.71;ND;26.77;ND;23.13;36.28;NA;NA;ND;NA;NA;NA;
21;16;13.01;ND;ND;ND;19.77;31.2;NA;NA;ND;NA;NA;NA;
21;17;13.19;ND;43.29;ND;22.34;42;NA;NA;ND;NA;NA;NA;
21;18;29.82;ND;38.01;ND;29.28;31.96;NA;NA;ND;NA;NA;NA;
21;19;26.16;ND;34.45;ND;17.44;44.79;NA;NA;ND;NA;NA;NA;
21;20;17.66;ND;23.95;ND;47.92;22.11;NA;NA;ND;NA;NA;NA;
21;21;13.95;ND;20.66;ND;29.62;28.53;NA;NA;ND;NA;NA;NA;
21;22;19.49;ND;24.03;ND;24.61;28.48;NA;NA;ND;NA;NA;NA;
21;23;33.75;ND;14.99;ND;29.95;23.14;NA;NA;ND;NA;NA;NA;
22;0;30.69;ND;30.92;ND;22.08;ND;NA;NA;ND;NA;NA;NA;
22;1;33.27;ND;23.27;ND;10.91;24.69;NA;NA;ND;NA;NA;NA;
22;2;11.67;ND;14.31;ND;19.61;19.09;NA;NA;ND;NA;NA;NA;
22;3;14.91;ND;19.66;ND;22.02;17.4;NA;NA;ND;NA;NA;NA;
22;4;16.65;ND;14.83;ND;17.95;21.87;NA;NA;ND;NA;NA;NA;
22;5;15.75;ND;16.34;ND;11.81;20.1;NA;NA;ND;NA;NA;NA;
22;6;28.76;ND;26.55;ND;53.53;26.3;NA;NA;ND;NA;NA;NA;
22;7;29.53;ND;44.11;ND;50.34;49.4;NA;NA;ND;NA;NA;NA;
22;8;37.55;ND;37;ND;54.88;52.53;NA;NA;ND;NA;NA;NA;
22;9;47.01;ND;30.8;ND;35.87;39.13;NA;NA;ND;NA;NA;NA;
22;10;16.83;ND;13.9;ND;10.89;18.08;NA;NA;ND;NA;NA;NA;
22;11;33.36;ND;24.96;ND;47.2;14.82;NA;NA;ND;NA;NA;NA;
22;12;14.23;ND;26.47;ND;12.38;34.13;NA;NA;ND;NA;NA;NA;
22;13;17.16;ND;19.58;ND;59.51;24.63;NA;NA;ND;NA;NA;NA;
22;14;16.07;ND;23.86;ND;32.97;25.23;NA;NA;ND;NA;NA;NA;
22;15;14.76;ND;18.58;ND;12.94;14.39;NA;NA;ND;NA;NA;NA;
22;16;15.31;ND;15;ND;29.18;20.39;NA;NA;ND;NA;NA;NA;
22;17;13.63;ND;36.29;ND;23.75;19.55;NA;NA;ND;NA;NA;NA;
22;18;14.93;ND;32.27;ND;23.51;43.97;NA;NA;ND;NA;NA;NA;
22;19;15.47;ND;43;ND;47.16;41.1;NA;NA;ND;NA;NA;NA;
22;20;30.3;ND;33.64;ND;43.93;37.47;NA;NA;ND;NA;NA;NA;
22;21;21.84;ND;27.47;ND;32.91;40.97;NA;NA;ND;NA;NA;NA;
22;22;23.65;ND;34.55;ND;22.78;34.01;NA;NA;ND;NA;NA;NA;
22;23;32.49;ND;20.94;ND;27.05;32;NA;NA;ND;NA;NA;NA;
23;0;37.71;ND;11.07;ND;23.53;ND;NA;NA;ND;NA;NA;NA;
23;1;21.88;ND;31.36;ND;39.82;40.44;NA;NA;ND;NA;NA;NA;
23;2;19.62;ND;15.42;ND;22.97;31.54;NA;NA;ND;NA;NA;NA;
23;3;22.65;ND;19.12;ND;19.31;25.29;NA;NA;ND;NA;NA;NA;
23;4;10.6;ND;10.95;ND;34.47;24.92;NA;NA;ND;NA;NA;NA;
23;5;7.3;ND;18.77;ND;46.15;23.18;NA;NA;ND;NA;NA;NA;
23;6;31.47;ND;29.13;ND;84.66;28.09;NA;NA;ND;NA;NA;NA;
23;7;49.16;ND;47.1;ND;103.99;71.7;NA;NA;ND;NA;NA;NA;
23;8;59.18;ND;53.13;ND;56.96;49.76;NA;NA;ND;NA;NA;NA;
23;9;35.83;ND;43.78;ND;17.93;33.4;NA;NA;ND;NA;NA;NA;
23;10;24.93;ND;29.31;ND;23.38;21.46;NA;NA;ND;NA;NA;NA;
23;11;11.18;ND;9.88;ND;9.59;19.35;NA;NA;ND;NA;NA;NA;
23;12;4.37;ND;11.63;ND;37.54;11.08;NA;NA;ND;NA;NA;NA;
23;13;17.49;ND;6.18;ND;17.3;16.64;NA;NA;ND;NA;NA;NA;
23;14;4.62;ND;3.69;ND;21.27;26.19;NA;NA;ND;NA;NA;NA;
23;15;21.98;ND;6.49;ND;25.3;31.71;NA;NA;ND;NA;NA;NA;
23;16;4.27;30.57;21.57;ND;6.87;34.62;NA;NA;ND;NA;NA;NA;
23;17;18.71;27.94;34.75;ND;27.43;19.59;NA;NA;ND;NA;NA;NA;
23;18;14.06;14.57;50.21;ND;16.77;25.37;NA;NA;ND;NA;NA;NA;
23;19;21.6;12.39;43.37;ND;36.17;22.9;NA;NA;ND;NA;NA;NA;
23;20;21.83;10.63;32.54;ND;34.53;35.88;NA;NA;ND;NA;NA;NA;
23;21;34.3;34.2;39.36;ND;33.77;35.37;NA;NA;ND;NA;NA;NA;
23;22;30.68;25.86;27.91;ND;36.16;34.81;NA;NA;ND;NA;NA;NA;
23;23;34.68;46.25;30.22;ND;44.39;37.38;NA;NA;ND;NA;NA;NA;
24;0;30.45;43.76;13.85;ND;38.16;ND;NA;NA;ND;NA;NA;NA;
24;1;29.23;31.12;24.3;ND;32.68;35.9;NA;NA;ND;NA;NA;NA;
24;2;28.42;31.89;14.33;ND;39.27;26.54;NA;NA;ND;NA;NA;NA;
24;3;22.22;30.7;13.67;ND;36.71;23.53;NA;NA;ND;NA;NA;NA;
24;4;19.55;42.86;11.19;ND;35.81;28.3;NA;NA;ND;NA;NA;NA;
24;5;24.66;28.24;13.17;ND;40.76;26.09;NA;NA;ND;NA;NA;NA;
24;6;20.06;45.24;14.01;ND;56.5;46.88;NA;NA;ND;NA;NA;NA;
24;7;28.69;42.51;31.5;ND;58.88;38.79;NA;NA;ND;NA;NA;NA;
24;8;26.04;35.28;33.1;ND;51.94;46.05;NA;NA;ND;NA;NA;NA;
24;9;38.91;40.73;35.54;ND;45.47;20.95;NA;NA;ND;NA;NA;NA;
24;10;46.44;31.12;38.71;ND;46.7;38.14;NA;NA;ND;NA;NA;NA;
24;11;28.96;41.24;34.74;ND;35.66;38.66;NA;NA;ND;NA;NA;NA;
24;12;18.83;19.5;9.08;ND;19.79;21;NA;NA;ND;NA;NA;NA;
24;13;25.75;21.15;20.78;ND;20.79;25.37;NA;NA;ND;NA;NA;NA;
24;14;21.33;33.13;19.67;ND;30.25;39.12;NA;NA;ND;NA;NA;NA;
24;15;22.16;36.37;13.1;ND;29.61;23.01;NA;NA;ND;NA;NA;NA;
24;16;23.14;25.63;30.63;ND;25;24.13;NA;NA;ND;NA;NA;NA;
24;17;14.14;13.05;35.28;ND;22.85;26.54;NA;NA;ND;NA;NA;NA;
24;18;12.87;17.78;34.84;ND;25.65;28.51;NA;NA;ND;NA;NA;NA;
24;19;14.25;33.32;30.39;ND;31.74;23.67;NA;NA;ND;NA;NA;NA;
24;20;31.3;11.16;24.38;ND;31.88;24.11;NA;NA;ND;NA;NA;NA;
24;21;31.63;26.79;30.15;ND;24.88;43.64;NA;NA;ND;NA;NA;NA;
24;22;45.07;41.14;21.01;ND;43.39;29.95;NA;NA;ND;NA;NA;NA;
24;23;29.21;53.66;25.94;ND;46.43;44.6;NA;NA;ND;NA;NA;NA;
25;0;27.7;36.79;26.21;ND;34.42;ND;NA;NA;ND;NA;NA;NA;
25;1;26.12;33.8;41.3;ND;50.1;40.22;NA;NA;ND;NA;NA;NA;
25;2;32.26;22.83;29.21;ND;21.43;29.94;NA;NA;ND;NA;NA;NA;
25;3;21.44;32;19.77;ND;45.02;24.13;NA;NA;ND;NA;NA;NA;
25;4;25.65;28.37;21.34;ND;17.23;34.69;NA;NA;ND;NA;NA;NA;
25;5;20.88;38.72;24.2;ND;24.35;27.65;NA;NA;ND;NA;NA;NA;
25;6;17.19;41.52;17.3;ND;45.32;15.91;NA;NA;ND;NA;NA;NA;
25;7;23.86;38.68;18.65;ND;16.53;18.18;NA;NA;ND;NA;NA;NA;
25;8;29.01;40.18;25.55;ND;24.75;19.13;NA;NA;ND;NA;NA;NA;
25;9;36.54;14.51;16.53;ND;25.83;10.3;NA;NA;ND;NA;NA;NA;
25;10;30.15;38.11;15.61;ND;11.6;8.38;NA;NA;ND;NA;NA;NA;
25;11;27.7;19;14.27;ND;21.08;20.93;NA;NA;ND;NA;NA;NA;
25;12;20.88;13.09;13.66;ND;18.56;19.19;NA;NA;ND;NA;NA;NA;
25;13;17.24;39.8;12.71;ND;21.53;23.33;NA;NA;ND;NA;NA;NA;
25;14;30.25;39.11;9.97;ND;11.09;8.85;NA;NA;ND;NA;NA;NA;
25;15;28.35;30.4;21.8;ND;23.98;30.75;NA;NA;ND;NA;NA;NA;
25;16;28.32;22.31;26.82;ND;35.52;26.22;NA;NA;ND;NA;NA;NA;
25;17;20.18;37.77;32.06;ND;25.92;25.91;NA;NA;ND;NA;NA;NA;
25;18;27.61;27.5;26.04;ND;31.49;18.88;NA;NA;ND;NA;NA;NA;
25;19;30.1;32.02;30.45;ND;25.56;30.92;NA;NA;ND;NA;NA;NA;
25;20;27.45;28.55;35.66;ND;13.74;31.6;NA;NA;ND;NA;NA;NA;
25;21;24.11;27.02;28.65;ND;36.9;40.74;NA;NA;ND;NA;NA;NA;
25;22;24.58;16.25;17.68;ND;35.42;44.09;NA;NA;ND;NA;NA;NA;
25;23;14.37;34.35;24.67;ND;10.59;18.6;NA;NA;ND;NA;NA;NA;
26;0;20.04;36.15;9.65;ND;23.2;ND;NA;NA;ND;NA;NA;NA;
26;1;23.83;41.79;19.19;ND;27.7;33.2;NA;NA;ND;NA;NA;NA;
26;2;19.78;19.59;23.6;ND;22.58;33.16;NA;NA;ND;NA;NA;NA;
26;3;20.9;22.46;20.48;ND;21.25;21.86;NA;NA;ND;NA;NA;NA;
26;4;20.52;25.21;13.34;ND;21.62;16.53;NA;NA;ND;NA;NA;NA;
26;5;23.44;21.21;20.65;ND;20.62;18.85;NA;NA;ND;NA;NA;NA;
26;6;36.91;88.45;28.91;ND;51.84;23.77;NA;NA;ND;NA;NA;NA;
26;7;45.95;69.45;37.89;ND;53.33;26.65;NA;NA;ND;NA;NA;NA;
26;8;21.82;39.6;18.93;ND;26.54;17.99;NA;NA;ND;NA;NA;NA;
26;9;2.58;29.72;7.95;ND;13.81;2.34;NA;NA;ND;NA;NA;NA;
26;10;18.29;14.11;7.4;ND;7.42;9.23;NA;NA;ND;NA;NA;NA;
26;11;10.51;22.96;6.87;ND;9.75;5.56;NA;NA;ND;NA;NA;NA;
26;12;4.5;11.8;7.28;ND;14.38;19.94;NA;NA;ND;NA;NA;NA;
26;13;22.78;32.7;11.22;ND;25.77;23.98;NA;NA;ND;NA;NA;NA;
26;14;19.25;24.44;16.01;ND;14.48;30.4;NA;NA;ND;NA;NA;NA;
26;15;19.62;32.44;20.38;ND;25.02;17.55;NA;NA;ND;NA;NA;NA;
26;16;27.51;19.9;22.24;ND;8.89;13.82;NA;NA;ND;NA;NA;NA;
26;17;25.37;24.85;24.88;ND;28.78;18.98;NA;NA;ND;NA;NA;NA;
26;18;25.95;31.08;21.61;ND;26.08;7.5;NA;NA;ND;NA;NA;NA;
26;19;21.07;28.91;25.17;ND;21.18;12.29;NA;NA;ND;NA;NA;NA;
26;20;26.9;21.15;24.8;ND;17.1;15.76;NA;NA;ND;NA;NA;NA;
26;21;23.13;26.19;20.05;ND;22.82;17.1;NA;NA;ND;NA;NA;NA;
26;22;23.98;9.48;17.8;ND;21.83;19.01;NA;NA;ND;NA;NA;NA;
26;23;21.74;55.63;30.75;ND;24.64;30.68;NA;NA;ND;NA;NA;NA;
27;0;22.7;41.49;31.7;ND;35.89;ND;NA;NA;ND;NA;NA;NA;
27;1;9.64;24.73;16.83;ND;25.07;32.74;NA;NA;ND;NA;NA;NA;
27;2;27.15;27.1;18.9;ND;22.34;29.93;NA;NA;ND;NA;NA;NA;
27;3;20.24;47.69;18.32;ND;25.14;15.8;NA;NA;ND;NA;NA;NA;
27;4;22.59;29.52;20.54;ND;23.51;27.29;NA;NA;ND;NA;NA;NA;
27;5;20.68;30.99;10.25;ND;32.73;24.85;NA;NA;ND;NA;NA;NA;
27;6;43.63;50.45;25.54;ND;56.06;34.97;NA;NA;ND;NA;NA;NA;
27;7;53.04;45.63;48.88;ND;61.34;50.32;NA;NA;ND;NA;NA;NA;
27;8;37.44;43.02;42.98;ND;68.72;40.05;NA;NA;ND;NA;NA;NA;
27;9;36.41;35.38;36.07;ND;26.51;20.46;NA;NA;ND;NA;NA;NA;
27;10;35.45;32.1;24.94;ND;27.03;23.63;NA;NA;ND;NA;NA;NA;
27;11;6.3;26.01;21.81;ND;40.99;33.06;NA;NA;ND;NA;NA;NA;
27;12;22.72;13.19;18.71;ND;22.65;25.27;NA;NA;ND;NA;NA;NA;
27;13;20.64;28.51;22.1;ND;22.64;26.17;NA;NA;ND;NA;NA;NA;
27;14;26.64;25.9;26.64;ND;35.3;30.5;NA;NA;ND;NA;NA;NA;
27;15;18.37;37.81;21.51;ND;31.89;28.8;NA;NA;ND;NA;NA;NA;
27;16;23.85;37.37;30.76;ND;41.55;29.26;NA;NA;ND;NA;NA;NA;
27;17;28.22;37.69;ND;ND;26.82;54.19;NA;NA;ND;NA;NA;NA;
27;18;24.25;28.02;40.14;ND;29.61;45.64;NA;NA;ND;NA;NA;NA;
27;19;22.73;33.72;38.97;ND;40.88;38.06;NA;NA;ND;NA;NA;NA;
27;20;24.39;24.8;31.25;ND;33.18;35.71;NA;NA;ND;NA;NA;NA;
27;21;30.63;24.9;35.51;ND;29.65;42.8;NA;NA;ND;NA;NA;NA;
27;22;27.74;23.77;32.21;ND;24.77;34.74;NA;NA;ND;NA;NA;NA;
27;23;26.01;46.12;29.38;ND;31.26;33.87;NA;NA;ND;NA;NA;NA;
28;0;39.18;44.97;11.38;ND;41.09;ND;NA;NA;ND;NA;NA;NA;
28;1;20.82;25.96;25.49;ND;38.42;38.5;NA;NA;ND;NA;NA;NA;
28;2;35.09;31.71;25.03;ND;33.24;22.75;NA;NA;ND;NA;NA;NA;
28;3;28.54;36.01;12.54;ND;24.63;13.05;NA;NA;ND;NA;NA;NA;
28;4;30.11;34.18;11.36;ND;13.46;14.12;NA;NA;ND;NA;NA;NA;
28;5;31.75;43.45;23.5;ND;29.28;13.09;NA;NA;ND;NA;NA;NA;
28;6;49.87;73.46;21.09;ND;45.86;26;NA;NA;ND;NA;NA;NA;
28;7;35.99;37.12;47.02;ND;39.54;23.55;NA;NA;ND;NA;NA;NA;
28;8;22.74;24.27;23.26;ND;25.66;18.11;NA;NA;ND;NA;NA;NA;
28;9;15.56;22.54;13.12;ND;10.37;15.58;NA;NA;ND;NA;NA;NA;
28;10;14.56;23.02;9.73;ND;18.53;13.4;NA;NA;ND;NA;NA;NA;
28;11;4.19;24.06;2.46;ND;3.18;12.93;NA;NA;ND;NA;NA;NA;
28;12;3.07;14.04;1.93;ND;14.92;10.06;NA;NA;ND;NA;NA;NA;
28;13;23.22;36.11;8.92;ND;2.54;13.39;NA;NA;ND;NA;NA;NA;
28;14;15.23;26.97;16.22;ND;18.49;19.01;NA;NA;ND;NA;NA;NA;
28;15;18.03;19.13;18.53;ND;34.24;19.4;NA;NA;ND;NA;NA;NA;
28;16;22.84;21.99;21.71;ND;21.21;22.13;NA;NA;ND;NA;NA;NA;
28;17;26.61;21.32;38.36;ND;13.88;14.61;NA;NA;ND;NA;NA;NA;
28;18;36.86;40.65;39.67;ND;25.91;39.99;NA;NA;ND;NA;NA;NA;
28;19;29.57;18.62;29.96;ND;32.45;37.15;NA;NA;ND;NA;NA;NA;
28;20;16.54;21.17;40.02;ND;43.74;42.45;NA;NA;ND;NA;NA;NA;
28;21;13.23;9.62;30.33;ND;45.13;31.33;NA;NA;ND;NA;NA;NA;
28;22;21.42;27.74;29.21;ND;30.17;30.95;NA;NA;ND;NA;NA;NA;
28;23;25.28;27.14;33.6;ND;24.8;27.92;NA;NA;ND;NA;NA;NA;
29;0;20.16;27.94;19.41;ND;26.36;ND;NA;NA;ND;NA;NA;NA;
29;1;31.74;14.12;21.02;ND;35.01;32.16;NA;NA;ND;NA;NA;NA;
29;2;23.98;10.66;14.72;ND;26.5;25;NA;NA;ND;NA;NA;NA;
29;3;18.45;8.31;25.55;ND;25.88;23.74;NA;NA;ND;NA;NA;NA;
29;4;24.5;19.02;19.5;ND;24.93;28.12;NA;NA;ND;NA;NA;NA;
29;5;26.63;27.61;23.77;ND;31.6;29.48;NA;NA;ND;NA;NA;NA;
29;6;48.25;50.55;26.51;ND;52.07;36.23;NA;NA;ND;NA;NA;NA;
29;7;36.76;49.31;29.55;ND;47.17;49.07;NA;NA;ND;NA;NA;NA;
29;8;43.61;29.85;41.72;ND;34.49;43.22;NA;NA;ND;NA;NA;NA;
29;9;35.77;19.62;16.08;ND;28.17;21.2;NA;NA;ND;NA;NA;NA;
29;10;19.7;25.48;16.83;ND;27.38;22.64;NA;NA;ND;NA;NA;NA;
29;11;18.92;16.32;4.18;ND;15.58;15;NA;NA;ND;NA;NA;NA;
29;12;15.84;24.94;4.14;ND;11.35;11.91;NA;NA;ND;NA;NA;NA;
29;13;31.17;30.42;16.58;ND;11.31;14.36;NA;NA;ND;NA;NA;NA;
29;14;30.84;27.42;21.1;ND;25.49;23.78;NA;NA;ND;NA;NA;NA;
29;15;32.16;49.28;31.19;ND;30.4;23.16;NA;NA;ND;NA;NA;NA;
29;16;33.48;37.58;41.49;ND;32.5;40.09;NA;NA;ND;NA;NA;NA;
29;17;42.06;37.37;42.61;ND;13.43;26.47;NA;NA;ND;NA;NA;NA;
29;18;25.27;19.27;47.57;ND;16.53;34.28;NA;NA;ND;NA;NA;NA;
29;19;25.36;40.5;47.39;ND;38.89;49.17;NA;NA;ND;NA;NA;NA;
29;20;22.5;22.29;40.51;ND;44.68;48.24;NA;NA;ND;NA;NA;NA;
29;21;32.52;26.67;34.54;ND;39.09;40.05;NA;NA;ND;NA;NA;NA;
29;22;15.86;18.41;26.85;ND;53.92;48.13;NA;NA;ND;NA;NA;NA;
29;23;29.14;40.41;26.17;ND;46.18;33.58;NA;NA;ND;NA;NA;NA;
30;0;11.55;30.28;38.65;ND;73.76;ND;NA;NA;ND;NA;NA;NA;
30;1;29.39;24.15;26.63;ND;51.86;49.51;NA;NA;ND;NA;NA;NA;
30;2;39.4;26.99;37.13;ND;51.08;53.6;NA;NA;ND;NA;NA;NA;
30;3;33.26;20.6;34.97;ND;54.31;40.79;NA;NA;ND;NA;NA;NA;
30;4;30.81;27.68;35.88;ND;24.28;47.92;NA;NA;ND;NA;NA;NA;
30;5;41.98;49.3;33.15;ND;70.12;44.2;NA;NA;ND;NA;NA;NA;
30;6;57.69;58.76;34.52;ND;49.79;58.69;NA;NA;ND;NA;NA;NA;
30;7;53.93;70.58;43.28;ND;94.87;72.88;NA;NA;ND;NA;NA;NA;
30;8;54.16;55.87;47.77;ND;71.31;34.41;NA;NA;ND;NA;NA;NA;
30;9;48.11;30.99;36.46;ND;36.75;37.46;NA;NA;ND;NA;NA;NA;
30;10;26.67;55.11;ND;ND;7.1;18.7;NA;NA;ND;NA;NA;NA;
30;11;26.1;24.19;13.45;ND;23.73;11.01;NA;NA;ND;NA;NA;NA;
30;12;18.34;17.45;23.96;ND;29.85;23.5;NA;NA;ND;NA;NA;NA;
30;13;13.98;35.38;14.67;ND;50.11;28.14;NA;NA;ND;NA;NA;NA;
30;14;16.26;14.74;15.53;ND;28.59;52.35;NA;NA;ND;NA;NA;NA;
30;15;20.88;36.36;24.39;ND;9.91;ND;NA;NA;ND;NA;NA;NA;
30;16;30.36;26.34;31.42;ND;53.88;ND;NA;NA;ND;NA;NA;NA;
30;17;15.07;29.82;48.71;ND;21.46;ND;NA;NA;ND;NA;NA;NA;
30;18;19.68;18.29;35.78;ND;34.09;0.47;NA;NA;ND;NA;NA;NA;
30;19;18.29;24.62;40.1;ND;52.93;0;NA;NA;ND;NA;NA;NA;
30;20;27.44;26.73;37.68;ND;47.3;0;NA;NA;ND;NA;NA;NA;
30;21;29.3;33.64;33.85;ND;ND;1.37;NA;NA;ND;NA;NA;NA;
30;22;21.02;24.49;38.85;ND;ND;15.62;NA;NA;ND;NA;NA;NA;
30;23;25.96;21.89;29.36;ND;ND;25.7;NA;NA;ND;NA;NA;NA;
31;0;18.87;14.4;36.6;ND;12.16;ND;NA;NA;ND;NA;NA;NA;
31;1;27.48;15.69;33.85;ND;24.04;25.04;NA;NA;ND;NA;NA;NA;
31;2;26.27;27.21;34.73;ND;14.65;35.02;NA;NA;ND;NA;NA;NA;
31;3;26.56;18.18;32.89;ND;25.01;26.78;NA;NA;ND;NA;NA;NA;
31;4;23.18;17.72;37.29;ND;23.6;31.12;NA;NA;ND;NA;NA;NA;
31;5;35.31;29.64;25.87;ND;26.54;27.93;NA;NA;ND;NA;NA;NA;
31;6;34.27;29.98;20.38;ND;46.76;32.46;NA;NA;ND;NA;NA;NA;
31;7;38.95;28.27;29.59;ND;41.08;35.45;NA;NA;ND;NA;NA;NA;
31;8;37.71;15.75;26.51;ND;36.26;44.51;NA;NA;ND;NA;NA;NA;
31;9;38.93;25.02;28.71;ND;48.78;31.55;NA;NA;ND;NA;NA;NA;
31;10;41.8;35.26;31.02;ND;28.65;30.19;NA;NA;ND;NA;NA;NA;
31;11;24.93;45.61;37.49;ND;45.07;38.05;NA;NA;ND;NA;NA;NA;
31;12;17.96;32.71;13.09;ND;49.69;30.63;NA;NA;ND;NA;NA;NA;
31;13;21.4;42.17;29.76;ND;11.35;32.15;NA;NA;ND;NA;NA;NA;
31;14;24.19;40.45;35.02;ND;11.42;24.34;NA;NA;ND;NA;NA;NA;
31;15;25.94;38.67;40.42;ND;0.12;33.5;NA;NA;ND;NA;NA;NA;
31;16;26.29;42.46;25.63;ND;10.43;24.26;NA;NA;ND;NA;NA;NA;
31;17;23.23;28.05;22.1;ND;15.48;26.47;NA;NA;ND;NA;NA;NA;
31;18;18.52;25.93;25.09;ND;14.64;22.89;NA;NA;ND;NA;NA;NA;
31;19;23.98;17.13;24.38;ND;21.71;42.08;NA;NA;ND;NA;NA;NA;
31;20;16.27;28.17;22.96;ND;61.99;18.29;NA;NA;ND;NA;NA;NA;
31;21;26.13;19.5;22.11;ND;23.3;22.95;NA;NA;ND;NA;NA;NA;
31;22;14.37;11.86;19.31;ND;32.03;17.83;NA;NA;ND;NA;NA;NA;
31;23;3.7;9.46;20.12;ND;18.1;21.38;NA;NA;ND;NA;NA;NA;
