DIA;HORA;Cotocollao;Carapungo;Belisario;Jipijapa;El Camal;Centro;Guamaní;Tumbaco;Los Chillos;El Condado;Turubamba;Chillogallo;
1;0;0.66;ND;0.43;NA;0.55;0.58;0.44;NA;ND;NA;NA;NA;
1;1;0.48;ND;0.28;NA;0.48;0.47;0.36;NA;ND;NA;NA;NA;
1;2;0.37;0.42;0.28;NA;0.4;0.44;0.33;NA;ND;NA;NA;NA;
1;3;0.33;0.38;0.3;NA;0.46;0.59;0.32;NA;ND;NA;NA;NA;
1;4;0.32;0.43;0.27;NA;0.53;0.65;0.35;NA;ND;NA;NA;NA;
1;5;0.4;1.04;0.38;NA;0.9;0.98;0.53;NA;ND;NA;NA;NA;
1;6;1.63;1.4;1.66;NA;2.25;1.84;0.63;NA;ND;NA;NA;NA;
1;7;1.93;2.12;2.22;NA;2.72;2.64;0.5;NA;ND;NA;NA;NA;
1;8;1.65;0.99;1.24;NA;1.69;1.21;0.42;NA;ND;NA;NA;NA;
1;9;1;0.65;1.16;NA;1.07;1.04;0.54;NA;ND;NA;NA;NA;
1;10;0.55;0.41;1.41;NA;0.88;ND;0.64;NA;ND;NA;NA;NA;
1;11;0.39;0.39;0.85;NA;1.01;ND;0.5;NA;ND;NA;NA;NA;
1;12;0.49;0.43;0.79;NA;0.79;ND;0.45;NA;ND;NA;NA;NA;
1;13;0.43;0.41;0.66;NA;0.6;0.44;0.42;NA;ND;NA;NA;NA;
1;14;0.43;0.35;0.62;NA;0.58;ND;0.43;NA;ND;NA;NA;NA;
1;15;ND;0.32;0.64;NA;0.65;0.5;0.5;NA;ND;NA;NA;NA;
1;16;0.4;0.38;0.65;NA;0.88;0.65;0.68;NA;ND;NA;NA;NA;
1;17;0.45;0.38;0.71;NA;1.05;0.83;0.8;NA;ND;NA;NA;NA;
1;18;0.57;0.49;0.87;NA;1.03;1.07;1.05;NA;ND;NA;NA;NA;
1;19;0.73;0.46;1.25;NA;1.13;1.41;1.04;NA;ND;NA;NA;NA;
1;20;0.84;0.51;1.36;NA;1.17;1.57;0.75;NA;ND;NA;NA;NA;
1;21;0.77;0.5;0.87;NA;0.99;1.14;0.64;NA;ND;NA;NA;NA;
1;22;0.51;0.49;0.48;NA;0.73;0.95;0.63;NA;ND;NA;NA;NA;
1;23;0.39;0.51;0.39;NA;0.91;0.78;0.58;NA;ND;NA;NA;NA;
2;0;0.5;0.36;0.32;NA;0.87;0.52;0.5;NA;ND;NA;NA;NA;
2;1;0.42;0.29;0.4;NA;0.66;0.58;0.48;NA;ND;NA;NA;NA;
2;2;0.43;0.28;0.45;NA;0.5;0.45;0.48;NA;ND;NA;NA;NA;
2;3;0.43;0.31;0.4;NA;0.52;0.55;0.51;NA;ND;NA;NA;NA;
2;4;0.46;0.31;0.39;NA;0.61;0.63;0.54;NA;ND;NA;NA;NA;
2;5;0.61;0.54;0.47;NA;0.79;0.63;0.79;NA;ND;NA;NA;NA;
2;6;1.48;1.15;0.84;NA;1.66;1.22;1.27;NA;ND;NA;NA;NA;
2;7;2.56;1.8;1.6;NA;1.58;1.57;1.31;NA;ND;NA;NA;NA;
2;8;1.7;0.95;1.6;NA;1.12;1.37;0.95;NA;ND;NA;NA;NA;
2;9;1.6;ND;1.64;NA;0.98;1.22;0.52;NA;ND;NA;NA;NA;
2;10;0.79;ND;1.39;NA;0.89;1.01;0.51;NA;ND;NA;NA;NA;
2;11;0.46;ND;0.96;NA;0.71;1;0.55;NA;ND;NA;NA;NA;
2;12;0.47;ND;0.67;NA;ND;0.76;0.64;NA;ND;NA;NA;NA;
2;13;0.43;0.57;0.63;NA;ND;0.72;0.64;NA;ND;NA;NA;NA;
2;14;0.41;ND;0.64;NA;ND;0.74;0.49;NA;ND;NA;NA;NA;
2;15;0.4;0.46;0.59;NA;ND;0.73;0.43;NA;ND;NA;NA;NA;
2;16;0.39;0.51;0.68;NA;1;0.7;0.46;NA;ND;NA;NA;NA;
2;17;0.46;0.47;0.73;NA;0.9;0.64;0.53;NA;ND;NA;NA;NA;
2;18;0.46;0.72;1.34;NA;1.16;1.01;0.99;NA;ND;NA;NA;NA;
2;19;0.59;0.74;1.48;NA;1.33;1.15;1.09;NA;ND;NA;NA;NA;
2;20;0.46;0.77;1.51;NA;1.2;1.27;1.22;NA;ND;NA;NA;NA;
2;21;0.62;0.59;1.13;NA;1.02;0.89;0.72;NA;ND;NA;NA;NA;
2;22;0.56;ND;0.77;NA;0.77;0.71;0.6;NA;ND;NA;NA;NA;
2;23;0.39;ND;0.58;NA;0.68;0.57;0.51;NA;ND;NA;NA;NA;
3;0;0.42;ND;0.49;NA;0.58;0.51;0.52;NA;ND;NA;NA;NA;
3;1;0.4;ND;0.44;NA;0.59;0.5;0.5;NA;ND;NA;NA;NA;
3;2;0.43;ND;0.39;NA;0.52;0.47;0.45;NA;ND;NA;NA;NA;
3;3;0.39;ND;0.37;NA;0.6;0.49;0.47;NA;ND;NA;NA;NA;
3;4;0.52;ND;0.37;NA;0.65;0.54;0.61;NA;ND;NA;NA;NA;
3;5;0.67;ND;0.48;NA;1.01;0.7;0.82;NA;ND;NA;NA;NA;
3;6;0.95;ND;1.02;NA;1.67;1.58;0.77;NA;ND;NA;NA;NA;
3;7;1.2;ND;1.45;NA;2.05;1.98;0.56;NA;ND;NA;NA;NA;
3;8;1.36;ND;2.04;NA;1.45;1.66;0.45;NA;ND;NA;NA;NA;
3;9;0.71;ND;1.46;NA;1.55;1.78;0.47;NA;ND;NA;NA;NA;
3;10;0.53;0.34;0.93;NA;1.37;1.37;ND;NA;ND;NA;NA;NA;
3;11;0.46;0.41;1.01;NA;0.95;0.9;ND;NA;ND;NA;NA;NA;
3;12;0.45;0.46;0.99;NA;0.98;0.83;ND;NA;ND;NA;NA;NA;
3;13;0.5;0.46;0.98;NA;0.88;0.69;ND;NA;ND;NA;NA;NA;
3;14;0.46;0.4;0.79;NA;0.93;0.84;ND;NA;ND;NA;NA;NA;
3;15;0.4;0.37;0.67;NA;0.98;0.73;ND;NA;ND;NA;NA;NA;
3;16;0.42;0.36;0.79;NA;0.86;0.69;0.44;NA;ND;NA;NA;NA;
3;17;0.49;0.46;0.98;NA;0.94;0.82;0.54;NA;ND;NA;NA;NA;
3;18;0.58;0.7;0.96;NA;1.33;1.02;1.17;NA;ND;NA;NA;NA;
3;19;0.49;0.56;0.96;NA;1.38;1.11;1.18;NA;ND;NA;NA;NA;
3;20;0.75;0.6;0.81;NA;1.29;1.19;1.04;NA;ND;NA;NA;NA;
3;21;0.82;0.53;0.89;NA;1.17;1.37;0.61;NA;ND;NA;NA;NA;
3;22;0.7;0.42;0.56;NA;1.11;1.03;1.06;NA;ND;NA;NA;NA;
3;23;0.57;0.44;0.38;NA;0.89;0.84;0.65;NA;ND;NA;NA;NA;
4;0;0.32;0.55;0.36;NA;1.07;0.87;0.47;NA;ND;NA;NA;NA;
4;1;0.4;0.49;0.62;NA;0.91;0.67;0.44;NA;ND;NA;NA;NA;
4;2;0.47;0.43;0.48;NA;0.99;0.6;0.32;NA;ND;NA;NA;NA;
4;3;0.51;0.4;0.39;NA;0.95;0.63;0.27;NA;ND;NA;NA;NA;
4;4;0.47;0.4;0.41;NA;1.03;0.68;0.39;NA;ND;NA;NA;NA;
4;5;0.62;0.59;0.69;NA;1.27;1.26;0.94;NA;ND;NA;NA;NA;
4;6;1.35;0.9;1.7;NA;2.78;2.41;1.78;NA;ND;NA;NA;NA;
4;7;3.21;1.74;3.71;NA;2.97;4.2;0.74;NA;ND;NA;NA;NA;
4;8;2.76;1.44;2.01;NA;2.66;2.25;0.24;NA;ND;NA;NA;NA;
4;9;0.94;0.77;1.03;NA;1.04;0.66;0.2;NA;ND;NA;NA;NA;
4;10;0.54;0.56;0.82;NA;0.61;0.52;0.23;NA;ND;NA;NA;NA;
4;11;0.45;0.47;0.67;NA;0.55;0.5;0.27;NA;ND;NA;NA;NA;
4;12;0.4;0.39;0.69;NA;0.65;0.57;0.3;NA;ND;NA;NA;NA;
4;13;0.38;0.38;0.59;NA;0.67;0.46;0.3;NA;ND;NA;NA;NA;
4;14;0.34;0.38;0.7;NA;0.65;0.47;0.27;NA;ND;NA;NA;NA;
4;15;0.41;0.45;0.93;NA;0.68;0.57;0.35;NA;ND;NA;NA;NA;
4;16;0.4;0.43;0.88;NA;0.69;0.62;0.38;NA;ND;NA;NA;NA;
4;17;0.51;0.43;0.86;NA;0.78;0.79;0.43;NA;ND;NA;NA;NA;
4;18;0.77;0.52;0.86;NA;1.02;0.98;0.62;NA;ND;NA;NA;NA;
4;19;0.87;0.66;1.1;NA;1.43;1.58;0.67;NA;ND;NA;NA;NA;
4;20;0.82;0.66;0.97;NA;1.51;1.67;0.53;NA;ND;NA;NA;NA;
4;21;0.88;0.56;0.83;NA;1.64;1.46;0.65;NA;ND;NA;NA;NA;
4;22;1.17;0.86;0.78;NA;1.07;1.73;0.85;NA;ND;NA;NA;NA;
4;23;0.7;0.87;0.84;NA;1.08;0.96;0.67;NA;ND;NA;NA;NA;
5;0;0.64;0.75;1.12;NA;0.92;0.87;0.2;NA;ND;NA;NA;NA;
5;1;0.43;0.79;0.81;NA;0.75;0.75;0.15;NA;ND;NA;NA;NA;
5;2;0.43;0.62;0.71;NA;0.57;0.63;0.16;NA;ND;NA;NA;NA;
5;3;0.44;0.59;0.71;NA;0.48;0.68;0.16;NA;ND;NA;NA;NA;
5;4;0.56;0.43;0.57;NA;0.64;0.77;0.18;NA;ND;NA;NA;NA;
5;5;0.58;0.47;0.54;NA;0.83;0.74;0.25;NA;ND;NA;NA;NA;
5;6;1.55;1.38;0.99;NA;2.09;2.09;0.38;NA;ND;NA;NA;NA;
5;7;2.94;1.89;2.16;NA;2.52;3.01;0.3;NA;ND;NA;NA;NA;
5;8;1.02;0.92;1.45;NA;0.96;0.97;0.24;NA;ND;NA;NA;NA;
5;9;0.83;0.66;0.84;NA;ND;0.82;0.23;NA;ND;NA;NA;NA;
5;10;0.43;0.45;0.61;NA;ND;0.59;0.26;NA;ND;NA;NA;NA;
5;11;0.39;0.47;0.67;NA;0.51;0.57;0.26;NA;ND;NA;NA;NA;
5;12;0.37;0.46;0.69;NA;ND;0.46;0.27;NA;ND;NA;NA;NA;
5;13;0.39;0.45;0.77;NA;ND;0.51;0.31;NA;ND;NA;NA;NA;
5;14;0.42;0.4;0.73;NA;ND;0.49;0.33;NA;ND;NA;NA;NA;
5;15;0.38;0.42;0.6;NA;ND;0.54;0.35;NA;ND;NA;NA;NA;
5;16;0.42;0.44;0.79;NA;0.42;0.56;0.37;NA;ND;NA;NA;NA;
5;17;0.43;0.43;0.86;NA;0.68;0.91;0.42;NA;ND;NA;NA;NA;
5;18;0.5;0.51;0.95;NA;1.18;1;0.5;NA;ND;NA;NA;NA;
5;19;0.67;0.68;0.95;NA;1.13;0.89;0.69;NA;ND;NA;NA;NA;
5;20;0.75;0.72;0.63;NA;1.11;1.18;1.38;NA;ND;NA;NA;NA;
5;21;0.68;0.93;0.65;NA;1.04;1.09;0.56;NA;ND;NA;NA;NA;
5;22;0.65;0.67;1.12;NA;1.11;0.98;0.33;NA;ND;NA;NA;NA;
5;23;0.53;0.58;1.25;NA;1.09;0.97;0.24;NA;ND;NA;NA;NA;
6;0;0.56;0.69;1.18;NA;0.69;0.65;0.22;NA;ND;NA;NA;NA;
6;1;0.6;0.9;0.88;NA;0.49;0.45;0.21;NA;ND;NA;NA;NA;
6;2;0.71;0.92;0.42;NA;0.32;0.45;0.23;NA;ND;NA;NA;NA;
6;3;0.61;0.99;0.44;NA;0.33;0.46;0.2;NA;ND;NA;NA;NA;
6;4;0.66;1.04;0.34;NA;0.28;0.49;0.2;NA;ND;NA;NA;NA;
6;5;0.74;0.8;0.57;NA;0.43;0.73;0.31;NA;ND;NA;NA;NA;
6;6;1.12;1.35;0.74;NA;0.72;1.1;0.65;NA;ND;NA;NA;NA;
6;7;1.04;1.08;1.11;NA;1.05;1.63;0.76;NA;ND;NA;NA;NA;
6;8;1.02;0.76;0.85;NA;1.21;1.05;0.43;NA;ND;NA;NA;NA;
6;9;0.59;0.62;0.72;NA;0.49;0.55;0.26;NA;ND;NA;NA;NA;
6;10;0.49;0.54;0.67;NA;0.52;0.6;0.34;NA;ND;NA;NA;NA;
6;11;0.46;0.45;0.79;NA;0.52;0.53;0.41;NA;ND;NA;NA;NA;
6;12;0.43;0.49;0.64;NA;0.59;0.6;0.49;NA;ND;NA;NA;NA;
6;13;0.42;0.46;0.64;NA;0.52;0.56;0.35;NA;ND;NA;NA;NA;
6;14;0.48;0.51;0.74;NA;0.55;0.6;0.48;NA;ND;NA;NA;NA;
6;15;0.42;0.53;0.67;NA;0.66;0.63;0.56;NA;ND;NA;NA;NA;
6;16;0.4;0.5;0.56;NA;0.54;0.58;0.49;NA;ND;NA;NA;NA;
6;17;0.44;0.56;0.61;NA;0.69;0.73;0.57;NA;ND;NA;NA;NA;
6;18;0.54;0.64;0.76;NA;0.81;1.02;1.09;NA;ND;NA;NA;NA;
6;19;0.97;0.73;1.07;NA;0.98;1.46;1.61;NA;ND;NA;NA;NA;
6;20;1.15;0.78;1.55;NA;1.23;1.51;0.92;NA;ND;NA;NA;NA;
6;21;1.52;0.94;1.33;NA;1.71;1.39;1.18;NA;ND;NA;NA;NA;
6;22;1.05;0.69;1.19;NA;1.09;1.45;2;NA;ND;NA;NA;NA;
6;23;0.94;0.83;1.26;NA;0.88;1.29;0.57;NA;ND;NA;NA;NA;
7;0;0.68;0.72;0.91;NA;0.78;0.99;0.47;NA;ND;NA;NA;NA;
7;1;0.67;0.68;0.62;NA;0.76;0.82;0.53;NA;ND;NA;NA;NA;
7;2;0.63;0.56;0.61;NA;0.42;0.7;0.46;NA;ND;NA;NA;NA;
7;3;0.65;0.56;0.62;NA;0.37;0.72;0.42;NA;ND;NA;NA;NA;
7;4;0.61;0.55;0.66;NA;0.42;0.73;0.54;NA;ND;NA;NA;NA;
7;5;0.5;0.55;0.53;NA;0.46;0.66;0.39;NA;ND;NA;NA;NA;
7;6;0.59;0.66;0.86;NA;0.63;0.97;0.73;NA;ND;NA;NA;NA;
7;7;0.56;0.76;0.78;NA;0.6;1.13;0.94;NA;ND;NA;NA;NA;
7;8;0.57;0.6;0.91;NA;0.79;1.01;1.62;NA;ND;NA;NA;NA;
7;9;0.5;0.73;0.87;NA;0.74;0.89;0.56;NA;ND;NA;NA;NA;
7;10;0.55;0.6;0.63;NA;0.44;0.53;0.41;NA;ND;NA;NA;NA;
7;11;0.46;0.5;0.56;NA;0.37;0.44;0.42;NA;ND;NA;NA;NA;
7;12;0.39;0.49;0.58;NA;0.42;0.43;0.51;NA;ND;NA;NA;NA;
7;13;0.35;0.47;0.68;NA;0.45;0.41;0.37;NA;ND;NA;NA;NA;
7;14;0.37;0.46;0.49;NA;0.36;0.41;0.35;NA;ND;NA;NA;NA;
7;15;0.43;0.43;0.54;NA;0.41;0.48;0.41;NA;ND;NA;NA;NA;
7;16;0.37;0.42;0.5;NA;0.46;0.55;0.55;NA;ND;NA;NA;NA;
7;17;0.42;0.45;0.57;NA;0.67;0.59;0.73;NA;ND;NA;NA;NA;
7;18;0.52;0.57;0.82;NA;0.65;0.88;0.71;NA;ND;NA;NA;NA;
7;19;0.52;0.59;1.05;NA;0.67;0.88;0.76;NA;ND;NA;NA;NA;
7;20;0.66;0.53;0.83;NA;0.7;0.87;0.56;NA;ND;NA;NA;NA;
7;21;0.68;0.55;0.67;NA;0.5;0.91;0.56;NA;ND;NA;NA;NA;
7;22;0.47;0.54;0.72;NA;0.72;1.05;0.51;NA;ND;NA;NA;NA;
7;23;0.46;0.43;0.69;NA;0.63;0.97;0.6;NA;ND;NA;NA;NA;
8;0;0.39;0.39;0.56;NA;0.52;0.74;0.29;NA;ND;NA;NA;NA;
8;1;0.38;0.4;0.53;NA;0.36;0.6;0.27;NA;ND;NA;NA;NA;
8;2;0.37;0.42;0.48;NA;0.38;0.65;0.24;NA;ND;NA;NA;NA;
8;3;0.33;0.39;0.37;NA;0.24;0.5;0.31;NA;ND;NA;NA;NA;
8;4;0.32;0.4;0.37;NA;0.23;0.49;0.42;NA;ND;NA;NA;NA;
8;5;0.45;0.59;0.48;NA;0.47;0.73;0.52;NA;ND;NA;NA;NA;
8;6;0.86;0.72;1.29;NA;1.69;1.98;0.65;NA;ND;NA;NA;NA;
8;7;1.05;1.09;2.31;NA;2.34;3.35;0.35;NA;ND;NA;NA;NA;
8;8;1.54;0.89;2.32;NA;1.22;1.44;0.28;NA;ND;NA;NA;NA;
8;9;0.87;0.64;1.14;NA;0.66;0.66;0.29;NA;ND;NA;NA;NA;
8;10;0.49;0.51;0.69;NA;0.31;0.58;0.33;NA;ND;NA;NA;NA;
8;11;0.38;0.47;ND;NA;0.29;0.59;0.3;NA;ND;NA;NA;NA;
8;12;0.39;0.48;0.68;NA;0.34;ND;0.32;NA;ND;NA;NA;NA;
8;13;0.4;0.45;0.71;NA;0.38;ND;0.4;NA;ND;NA;NA;NA;
8;14;0.36;0.44;ND;NA;0.58;0.54;0.49;NA;ND;NA;NA;NA;
8;15;0.38;0.46;ND;NA;0.53;0.55;0.53;NA;ND;NA;NA;NA;
8;16;0.39;0.48;0.66;NA;0.6;0.69;0.53;NA;ND;NA;NA;NA;
8;17;0.41;0.47;1;NA;0.77;0.81;0.66;NA;ND;NA;NA;NA;
8;18;0.49;0.58;1.67;NA;0.8;0.97;0.7;NA;ND;NA;NA;NA;
8;19;0.7;0.6;1.28;NA;0.84;1.09;0.55;NA;ND;NA;NA;NA;
8;20;0.81;0.56;0.93;NA;0.73;1.01;0.5;NA;ND;NA;NA;NA;
8;21;0.83;0.72;0.98;NA;0.58;0.98;0.59;NA;ND;NA;NA;NA;
8;22;0.73;0.65;0.79;NA;0.8;1.03;0.41;NA;ND;NA;NA;NA;
8;23;0.62;0.6;0.73;NA;0.61;0.8;0.24;NA;ND;NA;NA;NA;
9;0;0.52;0.54;0.61;NA;0.49;0.55;0.23;NA;ND;NA;NA;NA;
9;1;0.52;0.49;0.58;NA;0.28;0.5;0.22;NA;ND;NA;NA;NA;
9;2;0.4;0.4;0.55;NA;0.15;0.45;0.21;NA;ND;NA;NA;NA;
9;3;0.42;0.42;0.5;NA;0.26;0.52;0.21;NA;ND;NA;NA;NA;
9;4;0.43;0.42;0.45;NA;0.29;0.55;0.22;NA;ND;NA;NA;NA;
9;5;0.42;0.63;0.54;NA;0.99;0.87;0.45;NA;ND;NA;NA;NA;
9;6;0.77;1.33;0.77;NA;2.15;1.42;0.39;NA;ND;NA;NA;NA;
9;7;1.31;1.79;1.28;NA;1.82;2.66;0.33;NA;ND;NA;NA;NA;
9;8;0.94;0.75;1.78;NA;0.44;1.05;0.29;NA;ND;NA;NA;NA;
9;9;0.92;0.79;1.73;NA;0.44;0.77;0.32;NA;ND;NA;NA;NA;
9;10;0.68;0.64;1.47;NA;0.57;1.14;0.3;NA;ND;NA;NA;NA;
9;11;ND;0.48;1.18;NA;0.81;1.15;0.43;NA;ND;NA;NA;NA;
9;12;ND;0.48;0.98;NA;0.71;0.8;ND;NA;ND;NA;NA;NA;
9;13;0.38;0.51;0.79;NA;0.53;0.54;ND;NA;ND;NA;NA;NA;
9;14;ND;0.45;0.91;NA;0.56;0.57;0.44;NA;ND;NA;NA;NA;
9;15;0.39;0.45;0.81;NA;0.55;0.66;ND;NA;ND;NA;NA;NA;
9;16;0.46;0.47;0.89;NA;0.7;0.66;0.65;NA;ND;NA;NA;NA;
9;17;0.5;0.56;1.13;NA;0.73;0.9;0.74;NA;ND;NA;NA;NA;
9;18;0.58;0.66;1.6;NA;0.97;1;1.64;NA;ND;NA;NA;NA;
9;19;0.68;0.56;1.72;NA;0.92;1.25;1.09;NA;ND;NA;NA;NA;
9;20;0.65;0.56;1.47;NA;1.01;1.17;0.72;NA;ND;NA;NA;NA;
9;21;0.62;0.53;1.09;NA;0.62;0.75;0.51;NA;ND;NA;NA;NA;
9;22;0.69;0.52;0.92;NA;0.41;0.57;0.46;NA;ND;NA;NA;NA;
9;23;0.65;0.53;0.63;NA;0.31;0.45;0.38;NA;ND;NA;NA;NA;
10;0;0.59;0.47;0.57;NA;0.28;0.4;0.39;NA;ND;NA;NA;NA;
10;1;0.56;0.47;0.53;NA;0.27;0.42;0.36;NA;ND;NA;NA;NA;
10;2;0.48;0.41;0.54;NA;0.33;0.45;0.42;NA;ND;NA;NA;NA;
10;3;0.42;0.4;0.42;NA;0.25;0.38;0.35;NA;ND;NA;NA;NA;
10;4;0.45;0.41;0.41;NA;0.22;0.33;0.37;NA;ND;NA;NA;NA;
10;5;0.55;0.51;0.47;NA;0.33;0.46;0.45;NA;ND;NA;NA;NA;
10;6;1.25;1.3;1.08;NA;0.81;0.92;0.61;NA;ND;NA;NA;NA;
10;7;2.24;1.88;1.92;NA;1.07;1.3;0.95;NA;ND;NA;NA;NA;
10;8;2.15;1;2.28;NA;1.38;1.69;0.55;NA;ND;NA;NA;NA;
10;9;1.22;0.86;2.3;NA;1.24;1.58;0.34;NA;ND;NA;NA;NA;
10;10;0.65;0.63;1.58;NA;1.34;1.81;0.43;NA;ND;NA;NA;NA;
10;11;0.5;0.46;1.19;NA;0.95;1.23;0.53;NA;ND;NA;NA;NA;
10;12;0.53;ND;0.91;NA;0.5;0.55;0.57;NA;ND;NA;NA;NA;
10;13;0.52;ND;0.97;NA;0.58;0.57;0.44;NA;ND;NA;NA;NA;
10;14;0.49;0.27;0.74;NA;0.48;0.52;0.53;NA;ND;NA;NA;NA;
10;15;0.48;0.3;0.79;NA;0.64;0.57;0.56;NA;ND;NA;NA;NA;
10;16;0.5;0.33;0.84;NA;0.65;0.8;0.61;NA;ND;NA;NA;NA;
10;17;0.52;0.39;1.04;NA;0.66;0.97;0.72;NA;ND;NA;NA;NA;
10;18;0.5;0.44;1.38;NA;0.64;0.86;0.82;NA;ND;NA;NA;NA;
10;19;0.68;0.56;1.55;NA;0.73;1.09;0.91;NA;ND;NA;NA;NA;
10;20;0.69;0.47;1.16;NA;0.56;0.76;0.69;NA;ND;NA;NA;NA;
10;21;0.8;0.59;1.12;NA;0.67;0.79;0.51;NA;ND;NA;NA;NA;
10;22;0.99;0.56;0.96;NA;0.54;0.93;0.47;NA;ND;NA;NA;NA;
10;23;0.68;0.33;0.87;NA;0.32;0.64;0.39;NA;ND;NA;NA;NA;
11;0;0.56;0.32;0.88;NA;0.27;0.52;0.28;NA;ND;NA;NA;NA;
11;1;0.57;0.31;0.76;NA;0.3;0.57;0.27;NA;ND;NA;NA;NA;
11;2;0.53;0.31;0.56;NA;0.13;0.33;0.28;NA;ND;NA;NA;NA;
11;3;0.54;0.41;0.45;NA;0.25;0.38;0.32;NA;ND;NA;NA;NA;
11;4;0.54;0.38;0.47;NA;0.38;0.37;0.37;NA;ND;NA;NA;NA;
11;5;0.56;0.47;0.56;NA;0.48;0.66;0.51;NA;ND;NA;NA;NA;
11;6;0.94;0.87;1.17;NA;0.66;0.78;0.48;NA;ND;NA;NA;NA;
11;7;0.88;0.72;1.46;NA;1.33;1.36;0.65;NA;ND;NA;NA;NA;
11;8;1.51;0.98;2.09;NA;1.82;2.18;0.83;NA;ND;NA;NA;NA;
11;9;0.98;0.5;2.91;NA;1;2.11;0.77;NA;ND;NA;NA;NA;
11;10;0.68;0.39;2;NA;0.95;1.66;0.66;NA;ND;NA;NA;NA;
11;11;0.43;0.38;1.01;NA;0.86;1.19;0.55;NA;ND;NA;NA;NA;
11;12;0.44;0.42;0.79;NA;0.45;0.78;0.52;NA;ND;NA;NA;NA;
11;13;0.45;0.33;0.86;NA;0.52;0.86;0.49;NA;ND;NA;NA;NA;
11;14;0.45;0.31;0.87;NA;0.52;0.66;0.63;NA;ND;NA;NA;NA;
11;15;0.46;0.31;0.9;NA;0.55;0.88;0.68;NA;ND;NA;NA;NA;
11;16;0.42;0.34;0.76;NA;0.65;0.75;0.63;NA;ND;NA;NA;NA;
11;17;0.53;0.42;0.61;NA;0.76;0.79;0.66;NA;ND;NA;NA;NA;
11;18;0.7;0.44;0.88;NA;0.94;0.9;0.88;NA;ND;NA;NA;NA;
11;19;1;0.72;0.79;NA;1.37;1.28;1.59;NA;ND;NA;NA;NA;
11;20;1.35;0.75;0.9;NA;2.36;1.02;1.17;NA;ND;NA;NA;NA;
11;21;1.02;0.6;1.23;NA;1.16;1.2;0.45;NA;ND;NA;NA;NA;
11;22;0.84;0.5;1.34;NA;0.84;1.29;0.61;NA;ND;NA;NA;NA;
11;23;0.76;0.5;1.1;NA;0.86;0.84;0.49;NA;ND;NA;NA;NA;
12;0;0.6;0.61;0.79;NA;0.81;0.77;0.35;NA;ND;NA;NA;NA;
12;1;0.53;0.52;0.65;NA;0.55;0.8;0.44;NA;ND;NA;NA;NA;
12;2;0.5;0.51;0.69;NA;0.35;0.72;0.36;NA;ND;NA;NA;NA;
12;3;0.56;0.67;0.47;NA;0.61;0.61;0.29;NA;ND;NA;NA;NA;
12;4;0.55;0.43;0.48;NA;0.85;0.73;0.47;NA;ND;NA;NA;NA;
12;5;0.69;1.05;0.7;NA;1;1.34;0.87;NA;ND;NA;NA;NA;
12;6;1.61;1.15;0.98;NA;2.48;2.29;2.15;NA;ND;NA;NA;NA;
12;7;2.67;1.84;2.75;NA;2.77;2.98;1.67;NA;ND;NA;NA;NA;
12;8;1.79;1.07;2.03;NA;1.39;1.7;0.4;NA;ND;NA;NA;NA;
12;9;1.39;0.82;1.7;NA;0.78;1.13;0.4;NA;ND;NA;NA;NA;
12;10;0.86;0.64;1.28;NA;0.65;1.14;0.46;NA;ND;NA;NA;NA;
12;11;0.47;0.4;0.97;NA;0.57;0.91;0.5;NA;ND;NA;NA;NA;
12;12;0.4;0.29;0.78;NA;0.47;0.65;0.51;NA;ND;NA;NA;NA;
12;13;0.35;0.28;0.88;NA;0.36;0.64;0.42;NA;ND;NA;NA;NA;
12;14;0.37;0.23;0.68;NA;0.48;0.61;0.63;NA;ND;NA;NA;NA;
12;15;0.41;0.23;0.6;NA;0.55;0.65;0.74;NA;ND;NA;NA;NA;
12;16;0.38;0.27;0.82;NA;0.55;0.77;0.67;NA;ND;NA;NA;NA;
12;17;0.37;0.26;1.41;NA;0.35;1.02;1.12;NA;ND;NA;NA;NA;
12;18;0.46;0.33;1.56;NA;0.44;1.01;1.23;NA;ND;NA;NA;NA;
12;19;0.59;0.34;1.61;NA;0.37;0.84;1.34;NA;ND;NA;NA;NA;
12;20;0.55;0.35;1.36;NA;0.59;0.9;0.65;NA;ND;NA;NA;NA;
12;21;0.58;0.33;1.21;NA;0.57;0.85;0.62;NA;ND;NA;NA;NA;
12;22;0.58;0.3;0.9;NA;0.31;0.76;0.57;NA;ND;NA;NA;NA;
12;23;0.46;0.26;0.74;NA;0.25;0.55;0.47;NA;ND;NA;NA;NA;
13;0;0.42;0.21;0.6;NA;0.14;0.46;0.48;NA;ND;NA;NA;NA;
13;1;0.38;0.21;0.56;NA;0.1;0.47;0.47;NA;ND;NA;NA;NA;
13;2;0.35;0.2;0.52;NA;0.07;0.41;0.37;NA;ND;NA;NA;NA;
13;3;0.36;0.21;0.52;NA;0.04;0.37;0.36;NA;ND;NA;NA;NA;
13;4;0.37;0.23;0.5;NA;0.09;0.41;0.4;NA;ND;NA;NA;NA;
13;5;0.37;0.2;0.48;NA;0.15;0.46;0.64;NA;ND;NA;NA;NA;
13;6;0.46;0.58;0.66;NA;0.37;0.58;0.64;NA;ND;NA;NA;NA;
13;7;0.8;0.61;0.8;NA;0.36;0.84;0.55;NA;ND;NA;NA;NA;
13;8;1.05;0.51;0.94;NA;0.48;0.91;0.49;NA;ND;NA;NA;NA;
13;9;0.83;0.39;1.02;NA;0.43;0.88;0.39;NA;ND;NA;NA;NA;
13;10;0.52;0.31;0.98;NA;0.48;0.76;0.44;NA;ND;NA;NA;NA;
13;11;0.35;0.23;0.8;NA;0.36;0.68;0.56;NA;ND;NA;NA;NA;
13;12;0.4;0.31;0.67;NA;0.33;0.62;0.71;NA;ND;NA;NA;NA;
13;13;0.42;0.29;0.64;NA;0.44;0.6;0.69;NA;ND;NA;NA;NA;
13;14;0.43;0.28;0.67;NA;0.47;0.66;0.6;NA;ND;NA;NA;NA;
13;15;0.44;0.27;0.7;NA;0.68;0.7;0.86;NA;ND;NA;NA;NA;
13;16;0.41;0.26;0.63;NA;0.51;0.72;0.72;NA;ND;NA;NA;NA;
13;17;0.48;0.39;0.75;NA;0.37;0.86;0.73;NA;ND;NA;NA;NA;
13;18;0.52;0.35;0.98;NA;0.45;0.81;0.77;NA;ND;NA;NA;NA;
13;19;0.71;0.37;1.05;NA;0.5;0.82;0.79;NA;ND;NA;NA;NA;
13;20;0.83;0.53;0.94;NA;0.53;1.02;0.64;NA;ND;NA;NA;NA;
13;21;0.77;0.45;1.03;NA;0.33;0.99;0.55;NA;ND;NA;NA;NA;
13;22;0.8;0.35;0.84;NA;0.15;0.86;0.47;NA;ND;NA;NA;NA;
13;23;0.67;0.38;0.93;NA;0.21;0.62;0.39;NA;ND;NA;NA;NA;
14;0;0.62;0.31;0.82;NA;0.22;0.63;0.36;NA;ND;NA;NA;NA;
14;1;0.61;0.33;0.78;NA;0.32;0.67;0.52;NA;ND;NA;NA;NA;
14;2;0.47;0.25;0.52;NA;0.14;0.45;0.36;NA;ND;NA;NA;NA;
14;3;0.36;0.23;0.36;NA;0.03;0.29;0.42;NA;ND;NA;NA;NA;
14;4;0.45;0.26;0.49;NA;0.11;0.47;0.44;NA;ND;NA;NA;NA;
14;5;0.45;0.21;0.56;NA;0.43;0.58;0.7;NA;ND;NA;NA;NA;
14;6;0.83;0.72;0.71;NA;0.42;0.83;1.34;NA;ND;NA;NA;NA;
14;7;1.49;0.85;1.27;NA;1.11;1.16;1.12;NA;ND;NA;NA;NA;
14;8;1.12;0.83;1.35;NA;1.07;1.24;1.03;NA;ND;NA;NA;NA;
14;9;0.49;0.33;0.7;NA;0.6;1.03;0.7;NA;ND;NA;NA;NA;
14;10;0.51;0.44;0.67;NA;0.32;0.52;0.52;NA;ND;NA;NA;NA;
14;11;0.5;0.37;0.68;NA;0.23;0.47;0.41;NA;ND;NA;NA;NA;
14;12;0.46;0.34;0.59;NA;0.15;0.43;0.42;NA;ND;NA;NA;NA;
14;13;0.45;0.32;0.74;NA;0.21;0.42;0.44;NA;ND;NA;NA;NA;
14;14;0.46;0.31;0.54;NA;0.26;0.43;0.47;NA;ND;NA;NA;NA;
14;15;0.46;0.35;0.6;NA;0.34;0.48;0.61;NA;ND;NA;NA;NA;
14;16;0.48;0.32;0.52;NA;0.34;0.47;0.73;NA;ND;NA;NA;NA;
14;17;0.56;0.32;0.66;NA;0.4;0.6;0.8;NA;ND;NA;NA;NA;
14;18;0.65;0.45;1.01;NA;0.51;0.97;0.99;NA;ND;NA;NA;NA;
14;19;0.93;0.45;1.4;NA;0.63;0.94;1.03;NA;ND;NA;NA;NA;
14;20;0.71;0.53;1;NA;0.46;1.01;0.72;NA;ND;NA;NA;NA;
14;21;0.73;0.5;1.04;NA;0.34;0.99;0.67;NA;ND;NA;NA;NA;
14;22;0.73;0.48;0.83;NA;0.28;0.77;0.62;NA;ND;NA;NA;NA;
14;23;0.66;0.53;0.64;NA;0.37;0.68;0.51;NA;ND;NA;NA;NA;
15;0;0.75;0.38;0.73;NA;0.29;0.64;0.38;NA;ND;NA;NA;NA;
15;1;0.71;0.34;0.56;NA;0.17;0.55;0.38;NA;ND;NA;NA;NA;
15;2;0.56;0.35;0.57;NA;0.15;0.52;0.33;NA;ND;NA;NA;NA;
15;3;0.56;0.35;0.57;NA;0.14;0.46;0.33;NA;ND;NA;NA;NA;
15;4;0.59;0.37;0.56;NA;0.29;0.54;0.47;NA;ND;NA;NA;NA;
15;5;0.72;0.48;0.64;NA;0.5;0.72;0.77;NA;ND;NA;NA;NA;
15;6;1.59;1.42;0.98;NA;1.88;1.44;1.59;NA;ND;NA;NA;NA;
15;7;2.02;1.1;2.57;NA;2.34;2.8;1.62;NA;ND;NA;NA;NA;
15;8;1.61;0.98;2.76;NA;1.01;1.98;1.26;NA;ND;NA;NA;NA;
15;9;1.06;0.99;1.73;NA;0.9;1.17;0.43;NA;ND;NA;NA;NA;
15;10;0.63;0.53;1.15;NA;0.3;0.73;0.43;NA;ND;NA;NA;NA;
15;11;0.48;0.33;ND;NA;0.23;0.62;ND;NA;ND;NA;NA;NA;
15;12;ND;0.34;ND;NA;0.24;0.59;ND;NA;ND;NA;NA;NA;
15;13;0.39;0.35;0.59;NA;0.17;0.53;0.34;NA;ND;NA;NA;NA;
15;14;0.42;0.31;0.58;NA;0.26;0.59;0.49;NA;ND;NA;NA;NA;
15;15;0.39;0.26;0.4;NA;0.54;0.54;0.56;NA;ND;NA;NA;NA;
15;16;0.39;0.29;0.48;NA;0.52;0.54;0.64;NA;ND;NA;NA;NA;
15;17;0.47;0.29;0.75;NA;0.44;0.77;0.75;NA;ND;NA;NA;NA;
15;18;0.53;0.39;0.87;NA;0.6;1.08;0.79;NA;ND;NA;NA;NA;
15;19;0.54;0.44;1.01;NA;0.57;1.23;0.77;NA;ND;NA;NA;NA;
15;20;0.66;0.43;0.97;NA;0.66;1.24;0.66;NA;ND;NA;NA;NA;
15;21;0.72;0.33;0.95;NA;0.33;0.91;0.53;NA;ND;NA;NA;NA;
15;22;0.5;0.33;0.68;NA;0.25;0.8;0.53;NA;ND;NA;NA;NA;
15;23;0.49;0.26;0.51;NA;0.24;0.61;0.57;NA;ND;NA;NA;NA;
16;0;0.45;0.26;0.48;NA;0.23;0.65;0.39;NA;ND;NA;NA;NA;
16;1;0.44;0.25;0.43;NA;0.15;0.52;0.45;NA;ND;NA;NA;NA;
16;2;0.45;0.28;0.41;NA;0.13;0.6;0.33;NA;ND;NA;NA;NA;
16;3;0.44;0.31;0.38;NA;0.22;0.64;0.46;NA;ND;NA;NA;NA;
16;4;0.45;0.25;0.4;NA;0.25;0.69;0.51;NA;ND;NA;NA;NA;
16;5;0.51;0.33;0.49;NA;0.73;0.85;0.94;NA;ND;NA;NA;NA;
16;6;1.21;0.96;1.5;NA;1.32;1.46;1.56;NA;ND;NA;NA;NA;
16;7;2.18;0.98;2.25;NA;2.07;2.15;0.49;NA;ND;NA;NA;NA;
16;8;1.32;0.84;1.91;NA;0.91;1.72;0.38;NA;ND;NA;NA;NA;
16;9;0.84;0.56;2.06;NA;0.32;1.06;0.35;NA;ND;NA;NA;NA;
16;10;0.59;0.45;1.6;NA;0.3;ND;0.34;NA;ND;NA;NA;NA;
16;11;0.43;ND;0.93;NA;0.39;1.06;0.43;NA;ND;NA;NA;NA;
16;12;0.48;ND;0.74;NA;ND;0.73;0.64;NA;ND;NA;NA;NA;
16;13;0.46;0.51;0.8;NA;ND;0.68;0.6;NA;ND;NA;NA;NA;
16;14;0.47;0.43;0.61;NA;0.7;0.72;0.59;NA;ND;NA;NA;NA;
16;15;0.44;0.46;0.62;NA;0.87;0.7;0.61;NA;ND;NA;NA;NA;
16;16;0.46;0.45;0.78;NA;0.96;0.8;0.78;NA;ND;NA;NA;NA;
16;17;0.51;0.49;0.8;NA;1.13;1.22;0.74;NA;ND;NA;NA;NA;
16;18;0.54;0.6;1.19;NA;1.11;1.43;0.77;NA;ND;NA;NA;NA;
16;19;0.56;0.6;1.33;NA;1.25;1.31;0.84;NA;ND;NA;NA;NA;
16;20;0.62;0.52;1.14;NA;1.1;1.16;0.62;NA;ND;NA;NA;NA;
16;21;0.68;0.49;0.83;NA;1.01;0.92;0.53;NA;ND;NA;NA;NA;
16;22;0.59;0.42;0.79;NA;1.15;0.89;0.58;NA;ND;NA;NA;NA;
16;23;0.52;0.35;0.7;NA;0.98;0.75;0.44;NA;ND;NA;NA;NA;
17;0;0.48;0.33;0.43;NA;0.82;0.62;0.4;NA;ND;NA;NA;NA;
17;1;0.39;0.32;0.35;NA;0.64;0.52;0.38;NA;ND;NA;NA;NA;
17;2;0.38;0.32;0.33;NA;0.62;0.49;0.44;NA;ND;NA;NA;NA;
17;3;0.37;0.31;0.33;NA;0.57;0.5;0.42;NA;ND;NA;NA;NA;
17;4;0.4;0.34;0.34;NA;0.67;0.62;0.42;NA;ND;NA;NA;NA;
17;5;0.51;0.64;0.47;NA;0.82;0.79;0.51;NA;ND;NA;NA;NA;
17;6;0.94;0.67;1.19;NA;1.44;1.74;1.02;NA;ND;NA;NA;NA;
17;7;1.01;0.65;1.62;NA;2.3;1.9;0.9;NA;ND;NA;NA;NA;
17;8;0.85;0.5;2.05;NA;2.48;2.46;0.51;NA;ND;NA;NA;NA;
17;9;0.76;0.64;1.72;NA;1.56;1.71;0.49;NA;ND;NA;NA;NA;
17;10;0.72;0.51;1.33;NA;0.99;1.26;0.53;NA;ND;NA;NA;NA;
17;11;0.55;0.48;1.28;NA;1.08;1.13;0.6;NA;ND;NA;NA;NA;
17;12;0.47;0.43;0.93;NA;1.36;1.2;0.64;NA;ND;NA;NA;NA;
17;13;0.51;0.52;0.91;NA;1.12;0.91;0.57;NA;ND;NA;NA;NA;
17;14;0.5;0.45;0.74;NA;1.21;0.95;0.74;NA;ND;NA;NA;NA;
17;15;0.57;0.5;1.22;NA;1.02;0.87;0.7;NA;ND;NA;NA;NA;
17;16;0.57;0.49;1.2;NA;1.63;0.98;0.65;NA;ND;NA;NA;NA;
17;17;0.64;0.49;1.12;NA;1.42;1.35;0.74;NA;ND;NA;NA;NA;
17;18;0.81;0.56;1.72;NA;1.7;1.31;0.78;NA;ND;NA;NA;NA;
17;19;1.04;0.54;1.86;NA;1.59;1.25;0.71;NA;ND;NA;NA;NA;
17;20;0.89;0.55;1.37;NA;1.92;1.37;0.76;NA;ND;NA;NA;NA;
17;21;0.74;0.55;1.21;NA;1.21;1.13;0.63;NA;ND;NA;NA;NA;
17;22;0.63;0.39;0.77;NA;1;0.89;0.52;NA;ND;NA;NA;NA;
17;23;0.56;0.36;0.75;NA;0.88;0.74;0.45;NA;ND;NA;NA;NA;
18;0;0.44;0.35;0.49;NA;0.84;0.65;0.45;NA;ND;NA;NA;NA;
18;1;0.43;0.34;0.42;NA;0.7;0.55;0.43;NA;ND;NA;NA;NA;
18;2;0.41;0.32;0.35;NA;0.72;0.56;0.46;NA;ND;NA;NA;NA;
18;3;0.38;0.32;0.35;NA;0.67;0.51;0.43;NA;ND;NA;NA;NA;
18;4;0.39;0.32;0.37;NA;0.75;0.53;0.46;NA;ND;NA;NA;NA;
18;5;0.49;0.34;0.42;NA;0.89;0.62;0.55;NA;ND;NA;NA;NA;
18;6;0.77;0.73;0.9;NA;1.62;0.98;0.82;NA;ND;NA;NA;NA;
18;7;1.06;1.01;1.7;NA;1.73;1.47;0.94;NA;ND;NA;NA;NA;
18;8;1.15;0.51;1.38;NA;1.39;1.21;0.61;NA;ND;NA;NA;NA;
18;9;0.63;0.6;1.18;NA;1.32;1.43;0.49;NA;ND;NA;NA;NA;
18;10;0.55;0.45;0.76;NA;ND;0.84;0.53;NA;ND;NA;NA;NA;
18;11;0.45;0.41;0.67;NA;0.64;0.7;0.59;NA;ND;NA;NA;NA;
18;12;0.45;0.41;0.82;NA;0.61;0.81;0.55;NA;ND;NA;NA;NA;
18;13;0.5;0.4;0.72;NA;0.76;0.86;0.55;NA;ND;NA;NA;NA;
18;14;0.53;0.43;0.51;NA;0.68;0.66;0.67;NA;ND;NA;NA;NA;
18;15;0.45;0.38;0.93;NA;ND;0.97;0.65;NA;ND;NA;NA;NA;
18;16;0.5;0.42;0.87;NA;0.91;1.07;0.59;NA;ND;NA;NA;NA;
18;17;0.86;0.62;1.36;NA;1.08;1.83;0.86;NA;ND;NA;NA;NA;
18;18;1.12;0.56;2.13;NA;1.14;2.54;0.95;NA;ND;NA;NA;NA;
18;19;1.48;0.57;2.42;NA;1.79;1.85;0.92;NA;ND;NA;NA;NA;
18;20;1.24;0.52;1.75;NA;1.71;1.81;1;NA;ND;NA;NA;NA;
18;21;1.41;0.56;2.69;NA;1.56;2.44;0.87;NA;ND;NA;NA;NA;
18;22;1.06;0.68;1.68;NA;1.17;1.42;0.66;NA;ND;NA;NA;NA;
18;23;0.67;0.39;1.24;NA;1.11;1.43;0.61;NA;ND;NA;NA;NA;
19;0;0.79;0.39;1.36;NA;0.85;1.56;0.65;NA;ND;NA;NA;NA;
19;1;0.6;0.44;0.94;NA;0.89;1.39;0.58;NA;ND;NA;NA;NA;
19;2;0.55;0.63;1.11;NA;0.93;1.22;0.54;NA;ND;NA;NA;NA;
19;3;0.64;0.69;1.05;NA;0.96;1.03;0.49;NA;ND;NA;NA;NA;
19;4;0.51;0.73;0.71;NA;1.14;1.19;0.53;NA;ND;NA;NA;NA;
19;5;0.63;1.01;0.88;NA;1.18;1.55;0.94;NA;ND;NA;NA;NA;
19;6;1.5;1.32;1.97;NA;2.09;1.99;0.83;NA;ND;NA;NA;NA;
19;7;2.78;1.75;2.36;NA;2.08;2.92;1.17;NA;ND;NA;NA;NA;
19;8;2.98;1.33;3.08;NA;1.74;1.9;0.52;NA;ND;NA;NA;NA;
19;9;1.38;0.84;2.76;NA;0.8;1.73;0.4;NA;ND;NA;NA;NA;
19;10;0.57;0.47;1.61;NA;0.98;1.83;0.52;NA;ND;NA;NA;NA;
19;11;0.48;0.48;0.95;NA;0.98;1.03;0.55;NA;ND;NA;NA;NA;
19;12;0.5;0.46;0.93;NA;0.64;0.69;0.51;NA;ND;NA;NA;NA;
19;13;0.48;0.43;0.8;NA;0.64;0.68;0.43;NA;ND;NA;NA;NA;
19;14;0.46;0.38;0.61;NA;0.65;0.78;0.54;NA;ND;NA;NA;NA;
19;15;0.47;0.41;0.67;NA;0.68;0.78;0.64;NA;ND;NA;NA;NA;
19;16;0.43;0.42;0.81;NA;0.59;0.87;0.62;NA;ND;NA;NA;NA;
19;17;0.51;0.42;1.11;NA;0.66;0.84;0.65;NA;ND;NA;NA;NA;
19;18;0.82;0.49;1.46;NA;1.07;0.95;0.77;NA;ND;NA;NA;NA;
19;19;0.85;0.54;1.22;NA;1.22;1.09;1.35;NA;ND;NA;NA;NA;
19;20;1.2;0.59;1.01;NA;1.17;2;1.09;NA;ND;NA;NA;NA;
19;21;1.67;0.69;1.06;NA;1.19;2.52;1.65;NA;ND;NA;NA;NA;
19;22;0.64;0.52;ND;NA;1.1;1.35;1.3;NA;ND;NA;NA;NA;
19;23;0.79;0.54;ND;NA;1.12;0.88;0.53;NA;ND;NA;NA;NA;
20;0;0.98;0.55;0.75;NA;1.07;0.85;0.44;NA;ND;NA;NA;NA;
20;1;0.74;0.47;0.68;NA;0.94;0.72;0.37;NA;ND;NA;NA;NA;
20;2;0.64;0.43;0.98;NA;0.84;0.75;0.39;NA;ND;NA;NA;NA;
20;3;0.6;0.87;0.63;NA;0.52;0.6;0.35;NA;ND;NA;NA;NA;
20;4;0.74;0.67;0.38;NA;0.62;0.72;0.36;NA;ND;NA;NA;NA;
20;5;0.66;0.49;0.79;NA;0.85;0.98;0.5;NA;ND;NA;NA;NA;
20;6;0.79;0.88;0.88;NA;1.32;1.86;1.18;NA;ND;NA;NA;NA;
20;7;1.06;0.69;1.46;NA;2.12;2.05;0.64;NA;ND;NA;NA;NA;
20;8;0.6;0.48;1.39;NA;1.47;1.07;0.59;NA;ND;NA;NA;NA;
20;9;0.67;0.49;1.02;NA;0.85;0.86;0.6;NA;ND;NA;NA;NA;
20;10;0.82;0.51;0.76;NA;0.68;0.71;0.45;NA;ND;NA;NA;NA;
20;11;0.62;0.5;0.8;NA;0.6;0.68;0.5;NA;ND;NA;NA;NA;
20;12;0.52;0.45;0.71;NA;0.66;0.6;0.46;NA;ND;NA;NA;NA;
20;13;0.52;0.36;0.74;NA;0.6;0.61;0.51;NA;ND;NA;NA;NA;
20;14;0.53;0.36;0.73;NA;0.5;0.64;0.5;NA;ND;NA;NA;NA;
20;15;0.49;0.46;0.67;NA;0.5;0.67;0.55;NA;ND;NA;NA;NA;
20;16;0.5;0.4;0.59;NA;0.83;0.8;0.66;NA;ND;NA;NA;NA;
20;17;0.62;0.38;0.74;NA;0.82;0.77;0.67;NA;ND;NA;NA;NA;
20;18;0.73;0.55;1.09;NA;1.12;1.05;0.66;NA;ND;NA;NA;NA;
20;19;0.65;0.68;1.06;NA;1.05;1.4;0.58;NA;ND;NA;NA;NA;
20;20;0.83;0.73;1.14;NA;1.07;1.13;0.59;NA;ND;NA;NA;NA;
20;21;0.97;0.66;1.08;NA;0.96;0.91;0.46;NA;ND;NA;NA;NA;
20;22;0.75;0.54;0.88;NA;0.8;0.85;0.42;NA;ND;NA;NA;NA;
20;23;0.6;0.39;0.7;NA;0.44;0.64;0.38;NA;ND;NA;NA;NA;
21;0;0.44;0.33;0.6;NA;0.5;0.61;0.39;NA;ND;NA;NA;NA;
21;1;0.43;0.37;0.75;NA;0.45;0.6;0.38;NA;ND;NA;NA;NA;
21;2;0.43;0.34;0.55;NA;0.36;0.53;0.36;NA;ND;NA;NA;NA;
21;3;0.48;0.48;0.33;NA;0.43;0.55;0.34;NA;ND;NA;NA;NA;
21;4;0.53;0.55;0.33;NA;0.39;0.62;0.36;NA;ND;NA;NA;NA;
21;5;0.56;0.37;0.37;NA;0.53;0.64;0.39;NA;ND;NA;NA;NA;
21;6;0.91;0.87;0.63;NA;0.89;0.93;0.49;NA;ND;NA;NA;NA;
21;7;0.69;0.86;0.87;NA;0.65;0.73;0.53;NA;ND;NA;NA;NA;
21;8;0.79;0.73;0.74;NA;0.49;0.74;0.52;NA;ND;NA;NA;NA;
21;9;0.6;0.53;0.58;NA;0.48;0.51;0.49;NA;ND;NA;NA;NA;
21;10;0.47;0.57;0.59;NA;0.41;0.44;0.55;NA;ND;NA;NA;NA;
21;11;0.44;0.4;0.69;NA;0.45;0.41;0.49;NA;ND;NA;NA;NA;
21;12;0.43;0.31;0.55;NA;0.52;0.38;0.49;NA;ND;NA;NA;NA;
21;13;0.44;0.34;0.6;NA;0.5;0.35;0.43;NA;ND;NA;NA;NA;
21;14;0.44;0.36;0.53;NA;0.48;0.37;0.49;NA;ND;NA;NA;NA;
21;15;0.43;0.36;0.53;NA;0.57;0.49;0.66;NA;ND;NA;NA;NA;
21;16;0.46;0.37;0.51;NA;0.72;0.59;0.71;NA;ND;NA;NA;NA;
21;17;0.47;0.37;0.38;NA;0.62;0.53;0.87;NA;ND;NA;NA;NA;
21;18;0.53;0.44;0.48;NA;0.8;0.58;0.97;NA;ND;NA;NA;NA;
21;19;0.65;0.49;0.7;NA;1.08;0.85;0.88;NA;ND;NA;NA;NA;
21;20;0.82;0.48;0.97;NA;1.01;0.99;0.97;NA;ND;NA;NA;NA;
21;21;0.85;0.58;1;NA;0.83;0.95;0.79;NA;ND;NA;NA;NA;
21;22;0.76;0.35;0.46;NA;0.76;ND;0.8;NA;ND;NA;NA;NA;
21;23;0.46;0.37;0.51;NA;0.65;ND;0.8;NA;ND;NA;NA;NA;
22;0;0.4;0.43;0.47;NA;0.55;0.62;0.65;NA;ND;NA;NA;NA;
22;1;0.48;0.41;0.47;NA;0.56;0.57;0.73;NA;ND;NA;NA;NA;
22;2;0.44;0.41;0.4;NA;0.4;0.57;0.78;NA;ND;NA;NA;NA;
22;3;0.42;0.4;0.4;NA;0.42;0.56;0.64;NA;ND;NA;NA;NA;
22;4;0.46;0.42;0.38;NA;0.44;0.61;0.82;NA;ND;NA;NA;NA;
22;5;0.49;0.49;0.46;NA;0.7;0.7;1.14;NA;ND;NA;NA;NA;
22;6;1.05;0.93;0.69;NA;1.62;1;2.26;NA;ND;NA;NA;NA;
22;7;1.28;1.32;1.48;NA;2.06;2.03;1.24;NA;ND;NA;NA;NA;
22;8;1.22;0.61;1.54;NA;1.08;1.77;0.83;NA;ND;NA;NA;NA;
22;9;0.83;0.57;1.4;NA;0.77;1.22;0.63;NA;ND;NA;NA;NA;
22;10;0.49;0.39;0.97;NA;0.83;1;0.88;NA;ND;NA;NA;NA;
22;11;0.41;0.29;0.89;NA;0.62;0.74;0.82;NA;ND;NA;NA;NA;
22;12;0.42;0.36;0.54;NA;0.62;0.41;0.61;NA;ND;NA;NA;NA;
22;13;0.42;0.33;0.63;NA;0.69;0.64;0.78;NA;ND;NA;NA;NA;
22;14;0.43;0.31;0.61;NA;0.75;0.68;ND;NA;ND;NA;NA;NA;
22;15;0.44;0.3;0.7;NA;0.75;0.7;0.47;NA;ND;NA;NA;NA;
22;16;0.45;0.34;0.92;NA;0.79;0.8;0.47;NA;ND;NA;NA;NA;
22;17;0.5;0.36;1.27;NA;0.61;1.11;0.65;NA;ND;NA;NA;NA;
22;18;0.71;0.43;1.66;NA;0.74;1.1;0.68;NA;ND;NA;NA;NA;
22;19;0.76;0.44;1.25;NA;0.84;1.33;0.87;NA;ND;NA;NA;NA;
22;20;0.66;0.54;1.08;NA;0.8;1.2;0.85;NA;ND;NA;NA;NA;
22;21;0.55;0.45;0.72;NA;0.78;0.8;0.64;NA;ND;NA;NA;NA;
22;22;0.53;0.35;0.6;NA;0.68;0.62;0.53;NA;ND;NA;NA;NA;
22;23;0.46;0.33;0.49;NA;0.34;0.6;0.47;NA;ND;NA;NA;NA;
23;0;0.42;0.3;0.41;NA;0.35;0.51;0.52;NA;ND;NA;NA;NA;
23;1;0.39;0.29;0.39;NA;0.23;0.5;0.48;NA;ND;NA;NA;NA;
23;2;0.37;0.28;0.35;NA;0.19;0.5;0.28;NA;ND;NA;NA;NA;
23;3;0.37;0.27;0.32;NA;0.19;0.47;0.33;NA;ND;NA;NA;NA;
23;4;0.4;0.27;0.35;NA;0.27;0.48;0.48;NA;ND;NA;NA;NA;
23;5;0.46;0.52;0.38;NA;0.41;0.57;0.57;NA;ND;NA;NA;NA;
23;6;0.93;1.33;1.17;NA;1.16;1.21;0.76;NA;ND;NA;NA;NA;
23;7;1.56;0.99;1.92;NA;1.76;1.85;0.79;NA;ND;NA;NA;NA;
23;8;1.36;0.92;1.28;NA;1.52;1.33;0.57;NA;ND;NA;NA;NA;
23;9;1.03;0.51;1.19;NA;0.9;1.52;0.39;NA;ND;NA;NA;NA;
23;10;0.65;0.44;0.93;NA;0.71;1.05;0.39;NA;ND;NA;NA;NA;
23;11;0.45;0.45;0.76;NA;0.46;0.9;ND;NA;ND;NA;NA;NA;
23;12;0.5;0.47;0.69;NA;0.54;0.7;ND;NA;ND;NA;NA;NA;
23;13;0.47;0.44;0.65;NA;0.69;0.7;0.7;NA;ND;NA;NA;NA;
23;14;0.49;0.39;0.62;NA;ND;0.79;0.69;NA;ND;NA;NA;NA;
23;15;0.49;0.35;0.61;NA;ND;0.86;0.74;NA;ND;NA;NA;NA;
23;16;0.51;0.42;0.84;NA;0.64;0.76;0.79;NA;ND;NA;NA;NA;
23;17;0.51;0.43;0.93;NA;0.9;0.98;0.87;NA;ND;NA;NA;NA;
23;18;0.62;0.5;1.04;NA;0.87;1.09;0.96;NA;ND;NA;NA;NA;
23;19;0.63;0.55;0.94;NA;0.98;1.2;0.85;NA;ND;NA;NA;NA;
23;20;0.68;0.45;1.05;NA;0.89;1.16;0.79;NA;ND;NA;NA;NA;
23;21;0.86;0.74;0.99;NA;0.82;1.03;0.66;NA;ND;NA;NA;NA;
23;22;0.68;0.51;0.69;NA;0.69;1.01;0.67;NA;ND;NA;NA;NA;
23;23;0.69;0.47;0.73;NA;0.84;0.84;0.65;NA;ND;NA;NA;NA;
24;0;0.64;0.4;0.7;NA;0.74;0.65;0.52;NA;ND;NA;NA;NA;
24;1;0.54;0.38;0.61;NA;0.34;0.67;0.49;NA;ND;NA;NA;NA;
24;2;0.52;0.38;0.44;NA;0.3;0.64;0.68;NA;ND;NA;NA;NA;
24;3;0.5;0.42;0.39;NA;0.46;0.55;0.62;NA;ND;NA;NA;NA;
24;4;0.66;0.37;0.55;NA;0.5;0.66;0.52;NA;ND;NA;NA;NA;
24;5;0.86;0.54;0.67;NA;0.76;0.81;0.59;NA;ND;NA;NA;NA;
24;6;1.37;1.64;1.58;NA;1.82;1.91;0.73;NA;ND;NA;NA;NA;
24;7;2.05;1.33;2.3;NA;2.13;3.05;0.68;NA;ND;NA;NA;NA;
24;8;1.28;0.67;1.81;NA;1.14;1.85;0.49;NA;ND;NA;NA;NA;
24;9;0.76;0.51;0.94;NA;0.77;0.99;0.48;NA;ND;NA;NA;NA;
24;10;ND;0.4;0.53;NA;0.44;ND;0.42;NA;ND;NA;NA;NA;
24;11;ND;0.39;0.62;NA;0.36;ND;0.5;NA;ND;NA;NA;NA;
24;12;0.48;0.38;ND;NA;0.45;ND;0.57;NA;ND;NA;NA;NA;
24;13;0.5;0.36;0.57;NA;0.39;0.5;0.59;NA;ND;NA;NA;NA;
24;14;0.48;0.34;0.44;NA;0.52;0.46;0.67;NA;ND;NA;NA;NA;
24;15;0.48;0.36;0.47;NA;0.63;0.55;0.73;NA;ND;NA;NA;NA;
24;16;0.49;0.35;0.52;NA;0.73;0.59;0.76;NA;ND;NA;NA;NA;
24;17;0.52;0.4;0.77;NA;0.78;0.8;0.84;NA;ND;NA;NA;NA;
24;18;0.57;0.5;1.08;NA;0.81;1.17;0.91;NA;ND;NA;NA;NA;
24;19;0.67;0.51;1.03;NA;0.81;1.07;0.83;NA;ND;NA;NA;NA;
24;20;0.77;0.46;0.8;NA;0.85;1.1;0.8;NA;ND;NA;NA;NA;
24;21;0.78;0.44;0.81;NA;0.78;1;0.78;NA;ND;NA;NA;NA;
24;22;0.73;0.51;0.5;NA;1.08;0.97;0.82;NA;ND;NA;NA;NA;
24;23;0.61;0.66;0.44;NA;0.58;0.91;0.6;NA;ND;NA;NA;NA;
25;0;0.56;0.35;0.48;NA;0.5;0.61;0.52;NA;ND;NA;NA;NA;
25;1;0.59;0.34;0.43;NA;0.58;0.61;0.49;NA;ND;NA;NA;NA;
25;2;0.63;0.39;0.44;NA;0.51;0.56;0.49;NA;ND;NA;NA;NA;
25;3;0.58;0.42;0.42;NA;0.57;0.49;0.48;NA;ND;NA;NA;NA;
25;4;0.78;0.43;0.44;NA;0.6;0.58;0.51;NA;ND;NA;NA;NA;
25;5;0.96;0.52;0.49;NA;0.95;0.83;0.89;NA;ND;NA;NA;NA;
25;6;1.59;1.27;1.24;NA;1.97;1.77;1.22;NA;ND;NA;NA;NA;
25;7;2.53;1.38;2.49;NA;3.14;2.17;0.85;NA;ND;NA;NA;NA;
25;8;1.78;0.83;1.42;NA;1.45;1.11;0.83;NA;ND;NA;NA;NA;
25;9;0.78;0.58;0.85;NA;0.57;0.74;0.42;NA;ND;NA;NA;NA;
25;10;0.44;0.39;0.61;NA;0.41;0.53;0.39;NA;ND;NA;NA;NA;
25;11;0.42;0.45;0.55;NA;0.33;0.45;0.43;NA;ND;NA;NA;NA;
25;12;0.45;ND;0.6;NA;0.43;0.47;0.48;NA;ND;NA;NA;NA;
25;13;0.5;ND;0.62;NA;0.51;0.59;0.55;NA;ND;NA;NA;NA;
25;14;0.49;0.35;0.49;NA;0.58;0.5;0.67;NA;ND;NA;NA;NA;
25;15;0.49;0.35;0.49;NA;0.66;0.47;0.67;NA;ND;NA;NA;NA;
25;16;0.47;0.32;0.44;NA;0.68;0.61;0.68;NA;ND;NA;NA;NA;
25;17;0.5;0.35;0.84;NA;0.67;0.95;0.72;NA;ND;NA;NA;NA;
25;18;0.5;0.42;1.31;NA;0.83;1.16;0.9;NA;ND;NA;NA;NA;
25;19;0.72;0.46;1.19;NA;0.79;1.11;0.81;NA;ND;NA;NA;NA;
25;20;0.71;0.36;1.09;NA;0.99;1.27;0.67;NA;ND;NA;NA;NA;
25;21;0.77;0.4;0.99;NA;0.82;0.95;0.66;NA;ND;NA;NA;NA;
25;22;0.62;0.32;0.83;NA;0.61;0.76;0.63;NA;ND;NA;NA;NA;
25;23;0.58;0.28;0.75;NA;0.64;0.69;0.61;NA;ND;NA;NA;NA;
26;0;0.59;0.25;0.56;NA;0.5;0.53;0.54;NA;ND;NA;NA;NA;
26;1;0.6;0.29;0.56;NA;0.44;0.56;0.54;NA;ND;NA;NA;NA;
26;2;0.57;0.27;0.55;NA;0.42;0.6;0.54;NA;ND;NA;NA;NA;
26;3;0.51;0.2;0.46;NA;0.44;0.58;0.42;NA;ND;NA;NA;NA;
26;4;0.49;0.21;0.45;NA;0.52;0.66;0.46;NA;ND;NA;NA;NA;
26;5;0.53;0.22;0.53;NA;0.6;0.84;0.67;NA;ND;NA;NA;NA;
26;6;0.67;0.38;0.89;NA;1;0.82;0.76;NA;ND;NA;NA;NA;
26;7;1;0.68;1.13;NA;1.13;1.31;0.66;NA;ND;NA;NA;NA;
26;8;1.2;0.69;1.23;NA;1.02;1.2;0.57;NA;ND;NA;NA;NA;
26;9;1.19;0.49;1.24;NA;0.73;1.27;0.49;NA;ND;NA;NA;NA;
26;10;0.67;0.43;0.99;NA;0.59;0.72;0.52;NA;ND;NA;NA;NA;
26;11;0.5;0.26;0.83;NA;0.57;0.84;0.56;NA;ND;NA;NA;NA;
26;12;0.52;0.28;0.77;NA;0.64;0.81;0.68;NA;ND;NA;NA;NA;
26;13;0.48;0.35;0.64;NA;0.62;0.7;0.73;NA;ND;NA;NA;NA;
26;14;0.55;0.33;0.98;NA;0.73;0.7;0.64;NA;ND;NA;NA;NA;
26;15;0.66;0.34;0.86;NA;0.68;0.8;0.56;NA;ND;NA;NA;NA;
26;16;0.63;0.29;0.74;NA;0.91;0.89;0.53;NA;ND;NA;NA;NA;
26;17;0.7;0.31;1.56;NA;1.08;1.2;0.65;NA;ND;NA;NA;NA;
26;18;0.86;0.36;1.84;NA;1.02;1.1;0.71;NA;ND;NA;NA;NA;
26;19;0.88;0.56;1.68;NA;1.05;1.16;1.23;NA;ND;NA;NA;NA;
26;20;1.13;0.8;1.37;NA;1.2;1.37;1.34;NA;ND;NA;NA;NA;
26;21;1.74;0.99;1.64;NA;1.45;1.62;1.92;NA;ND;NA;NA;NA;
26;22;1.65;1.45;1.08;NA;1.16;1.58;1.6;NA;ND;NA;NA;NA;
26;23;2.04;1.5;1.29;NA;1.46;1.66;1.78;NA;ND;NA;NA;NA;
27;0;1.87;1.8;0.73;NA;1.73;1.36;1.36;NA;ND;NA;NA;NA;
27;1;1.49;1.03;1.3;NA;1.64;1.81;0.83;NA;ND;NA;NA;NA;
27;2;0.61;0.65;0.57;NA;1.23;1.08;1.08;NA;ND;NA;NA;NA;
27;3;0.68;0.74;0.59;NA;1.31;1.29;0.86;NA;ND;NA;NA;NA;
27;4;0.67;0.86;1.01;NA;1.25;1.56;0.94;NA;ND;NA;NA;NA;
27;5;0.73;0.81;1.19;NA;1.59;1.69;1.04;NA;ND;NA;NA;NA;
27;6;1.1;1.16;1.76;NA;2.02;1.78;0.99;NA;ND;NA;NA;NA;
27;7;1.11;1.4;2.14;NA;2.13;1.98;0.9;NA;ND;NA;NA;NA;
27;8;1.95;1.29;1.36;NA;1.76;1.19;0.67;NA;ND;NA;NA;NA;
27;9;1.32;0.91;0.82;NA;0.79;0.72;0.53;NA;ND;NA;NA;NA;
27;10;0.67;0.46;0.77;NA;0.52;0.59;0.54;NA;ND;NA;NA;NA;
27;11;0.64;0.43;0.75;NA;0.49;0.62;0.5;NA;ND;NA;NA;NA;
27;12;0.67;0.46;0.67;NA;0.42;0.56;0.63;NA;ND;NA;NA;NA;
27;13;0.67;0.41;0.82;NA;0.46;0.51;0.55;NA;ND;NA;NA;NA;
27;14;0.61;0.33;0.57;NA;0.4;0.52;0.55;NA;ND;NA;NA;NA;
27;15;0.59;0.34;0.6;NA;0.46;0.51;0.72;NA;ND;NA;NA;NA;
27;16;0.55;0.35;0.72;NA;0.75;0.88;0.77;NA;ND;NA;NA;NA;
27;17;0.58;0.34;0.64;NA;0.78;0.86;0.91;NA;ND;NA;NA;NA;
27;18;0.69;0.39;1.05;NA;0.87;1.26;0.98;NA;ND;NA;NA;NA;
27;19;0.85;0.4;1.31;NA;1.07;1.52;0.9;NA;ND;NA;NA;NA;
27;20;0.95;0.41;1.56;NA;0.95;2.07;1.16;NA;ND;NA;NA;NA;
27;21;0.85;0.61;1.08;NA;0.92;1.6;0.84;NA;ND;NA;NA;NA;
27;22;0.79;0.47;0.86;NA;0.92;0.95;0.68;NA;ND;NA;NA;NA;
27;23;0.8;0.4;0.94;NA;0.79;1.11;0.73;NA;ND;NA;NA;NA;
28;0;0.76;0.29;0.68;NA;0.59;1.03;0.65;NA;ND;NA;NA;NA;
28;1;0.69;0.32;0.58;NA;0.33;0.76;0.49;NA;ND;NA;NA;NA;
28;2;0.65;0.33;0.7;NA;0.36;0.73;0.45;NA;ND;NA;NA;NA;
28;3;0.61;0.28;0.59;NA;0.46;0.61;0.47;NA;ND;NA;NA;NA;
28;4;0.56;0.33;0.43;NA;0.4;0.63;0.44;NA;ND;NA;NA;NA;
28;5;0.55;0.44;0.42;NA;0.51;0.62;0.47;NA;ND;NA;NA;NA;
28;6;0.64;0.7;0.57;NA;0.71;0.88;0.56;NA;ND;NA;NA;NA;
28;7;0.72;0.83;0.7;NA;0.72;0.86;0.64;NA;ND;NA;NA;NA;
28;8;0.84;0.46;0.77;NA;0.39;0.77;0.63;NA;ND;NA;NA;NA;
28;9;0.78;0.52;0.71;NA;0.46;0.56;0.56;NA;ND;NA;NA;NA;
28;10;0.69;0.47;0.92;NA;0.41;0.48;0.5;NA;ND;NA;NA;NA;
28;11;0.59;0.4;0.92;NA;0.35;0.46;0.52;NA;ND;NA;NA;NA;
28;12;0.54;0.38;0.77;NA;0.39;0.44;0.54;NA;ND;NA;NA;NA;
28;13;0.55;0.36;0.69;NA;0.4;0.47;0.58;NA;ND;NA;NA;NA;
28;14;0.53;0.33;0.55;NA;0.43;0.53;0.54;NA;ND;NA;NA;NA;
28;15;0.53;0.32;0.53;NA;0.49;0.63;0.61;NA;ND;NA;NA;NA;
28;16;0.53;0.31;0.53;NA;0.51;0.55;0.79;NA;ND;NA;NA;NA;
28;17;0.57;0.34;0.65;NA;0.68;0.61;0.89;NA;ND;NA;NA;NA;
28;18;0.66;0.37;0.91;NA;0.68;1.05;0.98;NA;ND;NA;NA;NA;
28;19;0.7;0.43;0.95;NA;0.79;1.15;0.98;NA;ND;NA;NA;NA;
28;20;0.72;0.53;0.89;NA;0.88;0.95;0.65;NA;ND;NA;NA;NA;
28;21;0.78;0.4;0.87;NA;0.63;0.88;0.54;NA;ND;NA;NA;NA;
28;22;0.73;0.43;0.7;NA;0.59;0.85;0.59;NA;ND;NA;NA;NA;
28;23;0.57;0.55;0.73;NA;0.66;0.94;0.46;NA;ND;NA;NA;NA;
29;0;0.61;0.52;0.58;NA;0.52;0.58;0.4;NA;ND;NA;NA;NA;
29;1;0.55;0.25;0.35;NA;0.34;0.41;0.47;NA;ND;NA;NA;NA;
29;2;0.54;0.27;0.33;NA;0.23;0.39;0.47;NA;ND;NA;NA;NA;
29;3;0.48;0.31;0.32;NA;0.23;0.4;0.43;NA;ND;NA;NA;NA;
29;4;0.51;0.34;0.42;NA;0.32;0.46;0.46;NA;ND;NA;NA;NA;
29;5;0.74;0.44;0.46;NA;0.46;0.64;0.5;NA;ND;NA;NA;NA;
29;6;1.52;1.12;0.66;NA;1.28;0.94;0.61;NA;ND;NA;NA;NA;
29;7;1.07;1.22;1.02;NA;0.79;0.95;0.58;NA;ND;NA;NA;NA;
29;8;1.14;0.66;1.56;NA;0.46;0.79;0.64;NA;ND;NA;NA;NA;
29;9;0.94;0.56;1.32;NA;0.58;0.72;0.57;NA;ND;NA;NA;NA;
29;10;0.62;0.36;0.93;NA;0.44;0.67;0.63;NA;ND;NA;NA;NA;
29;11;0.52;0.35;0.66;NA;0.32;0.6;ND;NA;ND;NA;NA;NA;
29;12;0.52;0.33;ND;NA;0.35;0.58;ND;NA;ND;NA;NA;NA;
29;13;0.55;0.3;ND;NA;0.41;0.58;0.87;NA;ND;NA;NA;NA;
29;14;0.53;0.31;0.56;NA;0.57;0.66;0.59;NA;ND;NA;NA;NA;
29;15;0.54;0.29;0.68;NA;0.73;0.75;0.68;NA;ND;NA;NA;NA;
29;16;0.55;0.29;0.81;NA;0.65;0.78;0.66;NA;ND;NA;NA;NA;
29;17;0.59;0.33;ND;NA;0.74;1.18;0.98;NA;ND;NA;NA;NA;
29;18;0.66;0.35;1.53;NA;0.83;1.33;1.36;NA;ND;NA;NA;NA;
29;19;0.69;0.4;1.06;NA;0.89;0.96;0.92;NA;ND;NA;NA;NA;
29;20;0.74;0.39;1.1;NA;1.13;1.31;0.69;NA;ND;NA;NA;NA;
29;21;0.82;0.55;0.83;NA;0.61;1.09;0.95;NA;ND;NA;NA;NA;
29;22;0.6;0.38;0.58;NA;0.44;0.66;0.66;NA;ND;NA;NA;NA;
29;23;0.61;0.35;0.59;NA;0.35;0.59;0.59;NA;ND;NA;NA;NA;
30;0;0.56;0.31;0.51;NA;0.31;0.67;0.78;NA;ND;NA;NA;NA;
30;1;0.54;0.27;0.46;NA;0.28;0.68;0.98;NA;ND;NA;NA;NA;
30;2;0.52;0.22;0.47;NA;0.25;0.59;1.01;NA;ND;NA;NA;NA;
30;3;0.47;0.21;0.44;NA;0.27;0.62;0.83;NA;ND;NA;NA;NA;
30;4;0.49;0.23;0.43;NA;0.42;0.69;0.63;NA;ND;NA;NA;NA;
30;5;0.55;0.28;0.49;NA;0.67;0.93;0.93;NA;ND;NA;NA;NA;
30;6;0.7;0.65;0.87;NA;1.76;1.92;1.17;NA;ND;NA;NA;NA;
30;7;1.11;0.76;1.69;NA;1.26;2.14;0.61;NA;ND;NA;NA;NA;
30;8;1.14;0.69;1.76;NA;1.07;1.53;0.57;NA;ND;NA;NA;NA;
30;9;0.71;0.52;1.42;NA;0.7;1.28;0.57;NA;ND;NA;NA;NA;
30;10;0.6;0.35;1.03;NA;0.56;ND;0.66;NA;ND;NA;NA;NA;
30;11;0.57;0.32;0.94;NA;0.61;0.74;0.65;NA;ND;NA;NA;NA;
30;12;0.55;0.41;0.8;NA;ND;0.79;0.77;NA;ND;NA;NA;NA;
30;13;0.52;ND;0.81;NA;0.71;0.75;0.86;NA;ND;NA;NA;NA;
30;14;0.55;0.49;0.76;NA;0.75;0.75;0.8;NA;ND;NA;NA;NA;
30;15;0.6;0.45;0.63;NA;0.85;0.81;0.72;NA;ND;NA;NA;NA;
30;16;0.51;0.48;0.83;NA;0.95;0.84;0.7;NA;ND;NA;NA;NA;
30;17;0.63;0.47;1.23;NA;1.05;1.07;0.79;NA;ND;NA;NA;NA;
30;18;0.76;0.56;1.31;NA;1.55;1.77;1.48;NA;ND;NA;NA;NA;
30;19;0.9;0.6;1.61;NA;1.79;1.9;1.51;NA;ND;NA;NA;NA;
30;20;0.88;0.59;1.4;NA;1.13;1.49;1.84;NA;ND;NA;NA;NA;
30;21;0.81;0.51;1.18;NA;1.64;1.62;1.34;NA;ND;NA;NA;NA;
30;22;0.77;0.48;1.05;NA;1.48;1.82;0.74;NA;ND;NA;NA;NA;
30;23;0.68;0.35;0.97;NA;1.18;1.5;0.98;NA;ND;NA;NA;NA;
31;0;0.61;0.34;0.82;NA;0.88;1.11;0.98;NA;ND;NA;NA;NA;
31;1;0.57;0.31;0.76;NA;0.77;0.96;0.79;NA;ND;NA;NA;NA;
31;2;0.52;0.31;0.62;NA;0.7;0.95;0.66;NA;ND;NA;NA;NA;
31;3;0.52;0.32;0.54;NA;0.72;0.79;0.71;NA;ND;NA;NA;NA;
31;4;0.52;0.35;0.55;NA;0.54;0.76;0.71;NA;ND;NA;NA;NA;
31;5;0.58;0.47;0.58;NA;0.68;0.93;0.84;NA;ND;NA;NA;NA;
31;6;0.84;0.71;0.9;NA;1.05;1.14;1.27;NA;ND;NA;NA;NA;
31;7;1.17;0.75;1.27;NA;1.4;1.36;1.17;NA;ND;NA;NA;NA;
31;8;1.25;0.81;1.75;NA;1.24;1.42;1.04;NA;ND;NA;NA;NA;
31;9;1.07;0.71;1.62;NA;1.05;1.63;0.68;NA;ND;NA;NA;NA;
31;10;0.91;0.55;1.57;NA;1.08;1.5;0.75;NA;ND;NA;NA;NA;
31;11;0.74;0.51;1.58;NA;0.76;1.6;0.77;NA;ND;NA;NA;NA;
31;12;0.65;0.43;1.47;NA;0.89;1.12;0.92;NA;ND;NA;NA;NA;
31;13;0.62;0.41;0.98;NA;0.84;1.06;0.87;NA;ND;NA;NA;NA;
31;14;0.55;0.33;0.78;NA;1.05;0.94;0.98;NA;ND;NA;NA;NA;
31;15;0.53;0.34;0.94;NA;1.01;0.96;0.99;NA;ND;NA;NA;NA;
31;16;0.56;0.4;1.06;NA;0.93;1.14;1.07;NA;ND;NA;NA;NA;
31;17;0.65;0.47;1.53;NA;1.05;1.27;1.67;NA;ND;NA;NA;NA;
31;18;0.82;0.52;1.86;NA;1.23;1.42;0.99;NA;ND;NA;NA;NA;
31;19;1.19;0.57;1.07;NA;1.5;1.48;1.07;NA;ND;NA;NA;NA;
31;20;1.39;0.81;1.6;NA;2.21;1.58;1.25;NA;ND;NA;NA;NA;
31;21;1.34;0.6;1.68;NA;2.11;1.63;0.98;NA;ND;NA;NA;NA;
31;22;1.55;0.67;1.39;NA;1.91;1.4;0.63;NA;ND;NA;NA;NA;
31;23;1.7;0.78;0.88;NA;1.11;1.54;0.72;NA;ND;NA;NA;NA;
