DIA;HORA;Cotocollao;Carapungo;Belisario;Jipijapa;El Camal;Centro;Guamaní;Tumbaco;Los Chillos;El Condado;Turubamba;Chillogallo;
1;0;22.32;21.54;15.72;NA;41.91;16.7;16.46;20.46;27.35;NA;NA;NA;
1;1;14.99;20.83;17.08;NA;41.81;16.52;21.2;13.32;21.11;NA;NA;NA;
1;2;14.83;11.81;8.74;NA;30.27;15.42;19.9;3.73;15.01;NA;NA;NA;
1;3;11.44;3.03;9.03;NA;24.71;11.71;9.67;2.09;7.29;NA;NA;NA;
1;4;6.59;7.46;11.12;NA;19.34;7.13;7.72;1.25;4.93;NA;NA;NA;
1;5;8.07;5.4;8.2;NA;12.35;7.93;9.82;2.86;1.42;NA;NA;NA;
1;6;6.75;5.44;11.42;NA;7.91;5.7;19.05;1.69;2.23;NA;NA;NA;
1;7;12.54;14.37;26.52;NA;7.77;20.94;29.37;4.16;9.17;NA;NA;NA;
1;8;42.29;32;41.7;NA;24.27;42.83;36.39;12.47;23.74;NA;NA;NA;
1;9;60.11;54.05;41.39;NA;39.35;51.29;42.65;34.42;44.66;NA;NA;NA;
1;10;83.13;77.4;60.99;NA;52.88;54.14;52.34;60.88;50;NA;NA;NA;
1;11;90.58;85.41;97.79;NA;73.34;90.06;68.02;78.15;64.64;NA;NA;NA;
1;12;79.52;72.79;93.76;NA;102.73;105.69;94.85;77.57;67.42;NA;NA;NA;
1;13;64.05;67.58;82.4;NA;73.46;92.53;96.08;72.34;72.81;NA;NA;NA;
1;14;53.79;60.71;70.29;NA;54.06;78.87;77.37;66.9;71.72;NA;NA;NA;
1;15;52.2;52.91;63.87;NA;46.55;57.62;63.67;60.63;59.37;NA;NA;NA;
1;16;48.05;48.46;62.24;NA;42.63;51.65;57.36;51.67;52.31;NA;NA;NA;
1;17;45.14;42.32;47.23;NA;37.13;47.61;48.2;43.53;44.32;NA;NA;NA;
1;18;34.41;35.53;29.58;NA;29.95;33.62;30.77;37.4;27.96;NA;NA;NA;
1;19;20.02;31.63;17.44;NA;18.89;18.25;26.62;33.21;31.36;NA;NA;NA;
1;20;18.23;28.69;15.57;NA;19.17;14.02;24.65;25.19;26.81;NA;NA;NA;
1;21;18.46;21.88;23.03;NA;13.35;4.92;23.64;7;20.5;NA;NA;NA;
1;22;11.05;20.37;5.77;NA;10.21;4.38;21.48;ND;5.77;NA;NA;NA;
1;23;3.64;13.24;14.03;NA;1.21;10.88;31.21;ND;15.73;NA;NA;NA;
2;0;3.89;7.42;9.65;NA;5.14;6.84;25.01;4.23;11.48;NA;NA;NA;
2;1;9.1;16.79;12.79;NA;6.28;3.59;26.51;9.49;11.58;NA;NA;NA;
2;2;10.57;26.99;5.72;NA;1.39;4.52;30.2;14.41;14.27;NA;NA;NA;
2;3;14.52;24.01;9.38;NA;11.22;2.58;27.34;8.9;15.34;NA;NA;NA;
2;4;5.45;12.24;4.01;NA;7.67;3.49;22.01;6.69;14.34;NA;NA;NA;
2;5;2.95;0.24;1.3;NA;1.13;3.07;5.22;1.96;11.8;NA;NA;NA;
2;6;4.75;1.43;2.94;NA;2.61;3.05;10.12;4.38;3.79;NA;NA;NA;
2;7;16.23;8.97;13.35;NA;8.88;10.75;20.16;11.8;10.38;NA;NA;NA;
2;8;34.51;28.36;27.68;NA;26.4;25.78;39.16;18.42;22.31;NA;NA;NA;
2;9;48.44;42.61;34.61;NA;47.7;43.21;43.81;37.13;39.67;NA;NA;NA;
2;10;61.73;65.62;55.36;NA;54.54;50.25;67.6;55.63;46.02;NA;NA;NA;
2;11;57.47;58.43;74.88;NA;63.93;73.26;59.66;62.58;36.08;NA;NA;NA;
2;12;61.29;63.63;72.53;NA;73.26;83.06;80.3;68.89;62.01;NA;NA;NA;
2;13;54.43;63.43;70.07;NA;69.62;77.1;89.39;63.75;55.2;NA;NA;NA;
2;14;46.33;61.39;64.05;NA;50.87;69.43;69.84;65.35;66.98;NA;NA;NA;
2;15;45.97;59.75;61.17;NA;44.49;60.35;49.12;58.07;64.93;NA;NA;NA;
2;16;47.17;51.1;58.42;NA;33.64;51.12;41.74;49.09;55.3;NA;NA;NA;
2;17;42.52;45.05;42.08;NA;23.03;35.47;31.47;44.47;48.2;NA;NA;NA;
2;18;33.73;37.63;21.99;NA;18.1;16.35;14.36;38.52;22.16;NA;NA;NA;
2;19;23.48;28.36;13.03;NA;15.86;15.03;29.95;26.72;30.4;NA;NA;NA;
2;20;3.57;22.83;9.36;NA;10.68;6.17;30.14;18.63;26.65;NA;NA;NA;
2;21;3.74;21.66;3.52;NA;11.73;4.42;8.6;5.61;8.87;NA;NA;NA;
2;22;21.13;9.58;4.7;NA;9.23;3.6;10.5;3.34;7.93;NA;NA;NA;
2;23;12.91;5.01;14.28;NA;4.55;8.99;16.88;5.53;6.24;NA;NA;NA;
3;0;9.51;11.64;5.12;NA;2.13;15.35;31.52;2.72;12.31;NA;NA;NA;
3;1;8.02;3.3;13.47;NA;13.65;18.61;34.09;2.49;9.13;NA;NA;NA;
3;2;6;11.09;13.49;NA;10.45;21.87;37.12;5.41;11.29;NA;NA;NA;
3;3;6.63;11.08;15.01;NA;3.48;26.68;39.4;1.61;11.32;NA;NA;NA;
3;4;18.14;9.15;4.79;NA;2.12;22.61;38.52;1.11;13.2;NA;NA;NA;
3;5;10.72;8.53;18.99;NA;1.13;14.81;39.73;1.31;7.83;NA;NA;NA;
3;6;6.79;4.74;11.14;NA;4.99;9.65;41.9;0.8;3.52;NA;NA;NA;
3;7;16.46;18.69;16.1;NA;16.77;15.41;42.49;3.99;10.11;NA;NA;NA;
3;8;32.49;33.61;30.65;NA;31.15;41.78;43.86;12.32;26.91;NA;NA;NA;
3;9;54.91;56.51;43.46;NA;54.46;55.46;53.12;31.28;43.6;NA;NA;NA;
3;10;62.65;62.33;60.66;NA;55.63;57.65;64.03;58.38;63.5;NA;NA;NA;
3;11;65.75;68.34;77.78;NA;70.18;78.25;77.89;75.99;55.94;NA;NA;NA;
3;12;67.16;66.97;80.6;NA;81.09;85.75;87.11;75.54;65.3;NA;NA;NA;
3;13;65.16;64.07;75.39;NA;75.14;79.02;86.59;70.47;84.81;NA;NA;NA;
3;14;53.31;60.79;73.03;NA;66.44;80.74;77;71.37;76.18;NA;NA;NA;
3;15;49.64;60.15;66.97;NA;52.31;75.76;60.7;65.11;68.62;NA;NA;NA;
3;16;48.23;53.98;58.47;NA;46.87;60.28;49.71;53.12;58.21;NA;NA;NA;
3;17;43.94;47.6;45.02;NA;36.3;45.77;37.07;46.41;51.82;NA;NA;NA;
3;18;36.47;35.69;24.05;NA;22.86;25.02;23.88;36.55;34.72;NA;NA;NA;
3;19;21.11;28.13;9.33;NA;18.77;14.24;25.07;25.78;32.65;NA;NA;NA;
3;20;11.63;23.98;3.1;NA;8.1;3.05;20.14;19.7;15.17;NA;NA;NA;
3;21;5.32;17.89;4.52;NA;6.68;5.95;26.94;13.1;20.09;NA;NA;NA;
3;22;2.81;24.99;2.19;NA;22.44;13.25;40.27;19.18;12.17;NA;NA;NA;
3;23;5.01;12.48;35.3;NA;29.05;31.53;43.04;22.62;1.83;NA;NA;NA;
4;0;11.05;14.99;37.8;NA;33.23;35.75;46.04;24.19;1.3;NA;NA;NA;
4;1;11.82;24.63;41.45;NA;38.52;39.22;ND;22.44;ND;NA;NA;NA;
4;2;ND;23.08;ND;NA;39.56;36.6;49.72;6.17;0.35;NA;NA;NA;
4;3;7.18;17.23;43.35;NA;38.09;40.02;52.23;10.23;0.32;NA;NA;NA;
4;4;5.07;10.68;47.15;NA;36.03;36.19;50.88;2.83;0.88;NA;NA;NA;
4;5;1.85;2.65;38.87;NA;15.04;17.72;49.28;0.2;0.68;NA;NA;NA;
4;6;3.56;3.26;22.77;NA;7.07;9.81;48.62;0.73;1.07;NA;NA;NA;
4;7;11.01;12.41;28.88;NA;16.35;25.06;48.77;4.1;5.21;NA;NA;NA;
4;8;21.42;27.39;34.29;NA;40.63;41.31;50.41;9.61;14.79;NA;NA;NA;
4;9;42.97;47.09;32.81;NA;46.98;50.93;51.37;31.18;13.58;NA;NA;NA;
4;10;54.69;61.78;ND;NA;54.63;57.76;54.6;54.52;33.43;NA;NA;NA;
4;11;60.18;72.46;ND;NA;58.66;61.96;59.85;68.3;53.23;NA;NA;NA;
4;12;57.88;62.73;58.73;NA;68.45;70.23;71.39;73.38;61.25;NA;NA;NA;
4;13;52.26;60.71;63.13;NA;61.1;71.56;75.02;ND;57.33;NA;NA;NA;
4;14;48.34;58.94;56.66;NA;45.33;59;52.8;ND;53.16;NA;NA;NA;
4;15;45.22;56.43;52.78;NA;44.95;52.81;46.03;ND;51.97;NA;NA;NA;
4;16;44.76;49.87;44.02;NA;33.23;48.64;39.97;48.7;44.49;NA;NA;NA;
4;17;42.12;43.63;32.75;NA;26.67;31.3;31.12;43.12;38.07;NA;NA;NA;
4;18;37.71;36.86;16.61;NA;17.17;16.65;19.97;37.37;27.83;NA;NA;NA;
4;19;28.65;32.03;1.99;NA;17.18;7.05;20.61;34.09;34.11;NA;NA;NA;
4;20;19.9;29.61;1.18;NA;9.01;4.98;19.97;32.25;31.68;NA;NA;NA;
4;21;12.75;27.54;9.14;NA;7.16;11.65;22.8;28.42;14.48;NA;NA;NA;
4;22;18.29;15.7;14.79;NA;22.15;20.51;26.79;23.33;20.17;NA;NA;NA;
4;23;24.48;35.28;5.95;NA;21.55;19.46;23.77;16.74;28.62;NA;NA;NA;
5;0;22.84;34.78;7.02;NA;20.09;12.75;21.78;ND;9.83;NA;NA;NA;
5;1;12.44;26.52;11.24;NA;22.06;14.91;15.04;17.6;16.09;NA;NA;NA;
5;2;13.24;ND;11.21;NA;16.07;11.56;15.22;11.83;11.04;NA;NA;NA;
5;3;14.45;18.55;6.17;NA;10.09;7.59;12.72;9.49;12.71;NA;NA;NA;
5;4;7.81;15.11;6.36;NA;4.67;3.36;13.15;6.47;7.04;NA;NA;NA;
5;5;3;9.11;6.36;NA;8;4.89;2.34;2.52;2.99;NA;NA;NA;
5;6;2.54;2.22;1.81;NA;3.42;2.41;3.54;1.68;1.29;NA;NA;NA;
5;7;5.83;8.99;3.55;NA;7.64;3.95;16.91;2.68;5.55;NA;NA;NA;
5;8;20.79;22.03;12.82;NA;15.21;12.84;27.14;10.31;15.37;NA;NA;NA;
5;9;32.21;31.68;20.52;NA;24.1;23.97;56.32;27.8;26.86;NA;NA;NA;
5;10;35.62;37.32;ND;NA;32.64;28.42;53.91;39.63;ND;NA;NA;NA;
5;11;41.54;47.86;ND;NA;39.09;34.18;48.85;47.06;ND;NA;NA;NA;
5;12;57.03;57.1;ND;NA;47.92;45.88;60.67;54.32;ND;NA;NA;NA;
5;13;54.32;58.39;44.61;NA;50.53;47.9;71.47;52.87;ND;NA;NA;NA;
5;14;47.5;51.04;47.02;NA;49.01;52.76;57.17;42.55;ND;NA;NA;NA;
5;15;40.35;45.46;39.06;NA;38.99;41.28;42.7;ND;36.64;NA;NA;NA;
5;16;38.79;47.23;37.75;NA;30.4;34.17;36.57;ND;35.97;NA;NA;NA;
5;17;33.69;37.05;29.89;NA;25.6;24.18;26.12;ND;38.61;NA;NA;NA;
5;18;14.39;28.3;21.1;NA;17.59;20.32;20.98;32.23;30.58;NA;NA;NA;
5;19;10.11;20.14;6.6;NA;11.74;6.01;13.28;24.96;27.47;NA;NA;NA;
5;20;3.66;16.95;22.58;NA;5.86;8.54;20.8;15.01;17.21;NA;NA;NA;
5;21;2.23;9.76;9.05;NA;4.69;9.28;14.86;6.11;5.49;NA;NA;NA;
5;22;4.05;5.67;8.6;NA;4;1.52;9.13;2.62;7.1;NA;NA;NA;
5;23;12.41;0.89;12.87;NA;4.33;3.35;7.17;14.46;0.78;NA;NA;NA;
6;0;14.75;1.06;17.43;NA;2.61;10.58;21.58;11.65;0.71;NA;NA;NA;
6;1;14.37;0.27;9.24;NA;0.93;6.89;ND;8.72;ND;NA;NA;NA;
6;2;22.14;4.53;11.94;NA;2.68;16.57;24.64;1.22;0.58;NA;NA;NA;
6;3;14.74;1.42;17.58;NA;1.85;7.52;26.12;0.22;0.28;NA;NA;NA;
6;4;5.6;1.32;4.6;NA;2.83;3.25;33.73;0.07;0.65;NA;NA;NA;
6;5;5.37;1;1.54;NA;4.55;2.18;13.92;0.21;0.34;NA;NA;NA;
6;6;14.36;3.09;3.07;NA;8.51;3.42;9.81;1.75;1;NA;NA;NA;
6;7;10.62;6.75;7.31;NA;8.28;7.33;16.5;3.93;4.24;NA;NA;NA;
6;8;ND;30.26;19.14;NA;22.22;21.68;31.78;9.91;13.24;NA;NA;NA;
6;9;43.43;44.38;23.19;NA;36.37;38.8;49.23;27.48;34.22;NA;NA;NA;
6;10;ND;58.55;ND;NA;44.85;ND;56.29;48.88;40.99;NA;NA;NA;
6;11;68.01;66.61;ND;NA;52.02;55.33;58.38;63.02;48.38;NA;NA;NA;
6;12;54.51;66.07;49.92;NA;58.1;55.79;69.5;ND;61.26;NA;NA;NA;
6;13;47.57;54.02;51.45;NA;47.79;57.82;63.47;ND;54.57;NA;NA;NA;
6;14;40.17;47.95;42.35;NA;38.32;40.69;50.37;57.69;50.58;NA;NA;NA;
6;15;39.55;48.82;47.19;NA;ND;ND;ND;51.24;56.78;NA;NA;NA;
6;16;39.91;48.25;40.82;NA;ND;44.88;39.46;47.05;57.31;NA;NA;NA;
6;17;35.27;41.82;24.92;NA;ND;25.71;34.5;41.02;49;NA;NA;NA;
6;18;31.27;31.66;12.44;NA;14.48;14.26;24.6;35.01;34.63;NA;NA;NA;
6;19;24.92;27.29;5.05;NA;6.24;3.78;20.07;33.73;34.48;NA;NA;NA;
6;20;10.19;24.64;1.52;NA;4.3;1.87;16.35;33.04;24.05;NA;NA;NA;
6;21;19.76;20.16;3.4;NA;10.67;5.11;9.84;34.44;14.31;NA;NA;NA;
6;22;18.59;23.95;1.54;NA;6.92;2.14;22.15;28.98;18.43;NA;NA;NA;
6;23;4.22;15.34;1.34;NA;1.8;1.3;20.19;17.13;1.77;NA;NA;NA;
7;0;2.21;12.16;0.91;NA;5.93;1.94;7.31;ND;11.45;NA;NA;NA;
7;1;6.71;16.22;1.16;NA;6.84;1.69;12.35;11.18;9.48;NA;NA;NA;
7;2;2.32;ND;ND;NA;ND;ND;9.92;9.94;4.24;NA;NA;NA;
7;3;2.24;11.84;1.29;NA;2.05;2.07;8.52;5.76;2.95;NA;NA;NA;
7;4;2.59;5.79;0.99;NA;3.19;1.33;7.07;0.66;0.74;NA;NA;NA;
7;5;1.78;5.51;0.78;NA;2.85;1.46;3.42;0.15;0.48;NA;NA;NA;
7;6;3.15;1.96;2.15;NA;5.29;2.85;3.18;0.88;1.28;NA;NA;NA;
7;7;8.24;7.74;5.89;NA;7.29;5.42;9.25;4.91;5.4;NA;NA;NA;
7;8;21.38;25.67;24.12;NA;14.7;17.69;33.1;14.73;10.53;NA;NA;NA;
7;9;38.43;45.22;18.17;NA;33.8;37.35;51.13;26.6;17.02;NA;NA;NA;
7;10;49.6;56.66;ND;NA;45.8;47.91;53.77;50.84;36.47;NA;NA;NA;
7;11;56.09;61.25;44.97;NA;48.78;53.34;55.24;48.22;48.17;NA;NA;NA;
7;12;56.1;60.17;ND;NA;40.62;ND;49.85;47.1;48.2;NA;NA;NA;
7;13;58.35;56.92;41.45;NA;39.36;47.15;46.12;54.89;ND;NA;NA;NA;
7;14;43.49;46.82;42.91;NA;43.16;44.54;45.58;50.36;45.82;NA;NA;NA;
7;15;ND;45.23;48.66;NA;43.8;46.1;47.23;51.6;44.57;NA;NA;NA;
7;16;44.24;48.33;41.17;NA;35.98;42.34;39.61;49.67;49.34;NA;NA;NA;
7;17;ND;38.51;23.2;NA;30.7;31.33;30.9;43.03;35.8;NA;NA;NA;
7;18;23.18;30.17;14.48;NA;19.41;16.02;12.41;34.72;24.28;NA;NA;NA;
7;19;17.61;23.14;9.85;NA;9.59;8.04;14.63;31.3;7.33;NA;NA;NA;
7;20;6.64;27.53;12.79;NA;13.28;12.81;6.3;15.29;2.93;NA;NA;NA;
7;21;19.61;22.75;10.7;NA;14.74;14.95;5.89;15.57;1.77;NA;NA;NA;
7;22;19.22;19.81;22.09;NA;13.74;10.01;17.19;11.07;0.69;NA;NA;NA;
7;23;17.65;21.68;21.43;NA;28.39;15.63;22.58;2.97;0.72;NA;NA;NA;
8;0;23.88;28.13;25.83;NA;21.58;23.87;27.89;11.42;0.43;NA;NA;NA;
8;1;26.1;28.89;23.81;NA;20.46;12.03;27.06;24.39;ND;NA;NA;NA;
8;2;21.65;28.61;21.62;NA;18.02;7.6;23.57;20.54;10.09;NA;NA;NA;
8;3;14.3;22.48;11.54;NA;15.69;6.06;25.55;20.78;2.6;NA;NA;NA;
8;4;11.75;14.52;8.34;NA;12.07;6.56;12.95;13.24;3.12;NA;NA;NA;
8;5;1.85;9.13;3.87;NA;9.08;3.61;13.26;4.95;0.27;NA;NA;NA;
8;6;2.22;2.69;4.25;NA;6.35;11.53;2.53;1.36;1.8;NA;NA;NA;
8;7;5.25;6.1;11.52;NA;18.86;16.44;17.87;3.68;6.51;NA;NA;NA;
8;8;7.24;8.51;21.61;NA;34.86;32.05;34.97;5.77;15.99;NA;NA;NA;
8;9;16.14;23.53;18.19;NA;33.49;34.49;38.68;19.62;7.24;NA;NA;NA;
8;10;36.05;36.59;ND;NA;35;33.97;33.94;23.56;24.72;NA;NA;NA;
8;11;44.5;44.51;ND;NA;37.07;42.33;39.62;36.24;36.26;NA;NA;NA;
8;12;48.46;47.23;42.87;NA;46.04;48.79;44.69;46.2;42.22;NA;NA;NA;
8;13;43.65;44.33;37.23;NA;45.09;48.85;46.35;47.07;43.29;NA;NA;NA;
8;14;40.74;40.35;36.41;NA;38.68;41.16;42.5;36.4;38.17;NA;NA;NA;
8;15;37.37;38.9;33.03;NA;34.98;32.68;39.82;34.94;39.07;NA;NA;NA;
8;16;34.34;35.32;20.55;NA;27.71;26.68;30.77;30.91;31.14;NA;NA;NA;
8;17;25.02;31.98;15.71;NA;17.63;18.76;23.88;27.82;31.15;NA;NA;NA;
8;18;20.12;29.26;9.69;NA;10.69;12.31;12.47;28.76;17.02;NA;NA;NA;
8;19;8.26;23.97;4.57;NA;10.4;9.12;7.04;22.01;7.47;NA;NA;NA;
8;20;7.31;21.37;5.7;NA;4.02;7.91;3.89;25.05;15.8;NA;NA;NA;
8;21;3.33;18.27;3.3;NA;2.95;3.81;2.17;26.66;21.97;NA;NA;NA;
8;22;2.87;17.26;2.85;NA;4.89;1.2;9.08;26.5;21.4;NA;NA;NA;
8;23;4.33;11.12;8.89;NA;2.63;1.15;8.65;21.99;12.15;NA;NA;NA;
9;0;7.15;13.5;1.64;NA;2.85;1.18;12.35;ND;4.63;NA;NA;NA;
9;1;5.02;14.9;0.49;NA;5.69;1.22;9.56;20.94;0.78;NA;NA;NA;
9;2;ND;ND;ND;NA;ND;ND;9.73;17.06;0.58;NA;NA;NA;
9;3;5.44;21.08;4.15;NA;4.32;1.92;8.03;21.41;5.78;NA;NA;NA;
9;4;2.02;18.39;2.34;NA;3.09;4.94;6.48;19.47;3.09;NA;NA;NA;
9;5;1.17;7.33;0.52;NA;1.35;2.33;4.06;9.25;1.15;NA;NA;NA;
9;6;2.43;6.3;1.38;NA;1.7;1.87;4.28;1.93;0.88;NA;NA;NA;
9;7;3.33;2.87;3.01;NA;4.55;4.11;12.31;2.83;1.68;NA;NA;NA;
9;8;6.22;7.12;4.25;NA;10.09;8.29;21.85;6.97;5.57;NA;NA;NA;
9;9;14.47;20.21;12.2;NA;16.44;10.93;40.79;12.35;6.69;NA;NA;NA;
9;10;26.88;32.91;19.05;NA;23.44;20.95;35.65;24.62;17.17;NA;NA;NA;
9;11;37.24;42.87;33.5;NA;34.75;30.59;40.66;39.53;30.69;NA;NA;NA;
9;12;48.68;48.27;43.93;NA;46.83;46.54;54.85;50.9;32.92;NA;NA;NA;
9;13;47.82;41.19;54.54;NA;50.73;58.76;63.76;60.48;48.1;NA;NA;NA;
9;14;39.07;39.57;40.8;NA;52.24;53.92;63.84;52.92;51.2;NA;NA;NA;
9;15;37.18;40.43;34.26;NA;44.26;43.58;53.67;45.81;45.62;NA;NA;NA;
9;16;31.51;38.5;21.97;NA;28.42;28.35;42.19;40.05;47.86;NA;NA;NA;
9;17;26.23;28.82;14.56;NA;17.85;14.8;30.11;38.18;25.82;NA;NA;NA;
9;18;12.03;24.75;9.1;NA;13.94;6.14;12.99;35.68;28.14;NA;NA;NA;
9;19;3.42;22.46;1.48;NA;5.95;2.39;6.45;29.99;28.47;NA;NA;NA;
9;20;2.2;21.01;0.93;NA;12.09;2.79;8.45;29.13;25.49;NA;NA;NA;
9;21;3.28;23.74;1.06;NA;11.43;1.32;17.98;29.84;21.74;NA;NA;NA;
9;22;2.66;26.49;1.08;NA;7.73;1.66;21.21;25.2;22.36;NA;NA;NA;
9;23;2.38;20.34;1.19;NA;6.35;1.06;16.88;25.43;7.02;NA;NA;NA;
10;0;1.61;17.58;2.26;NA;8.98;1.1;16.1;27.99;20.98;NA;NA;NA;
10;1;3.67;22.36;6.73;NA;10.16;4.88;13.43;28.68;ND;NA;NA;NA;
10;2;14.01;23.25;4.9;NA;4.97;9.11;4.29;32.85;9.67;NA;NA;NA;
10;3;16.77;26.27;10.09;NA;10.96;4.98;6.26;29.89;6.77;NA;NA;NA;
10;4;13.08;24.22;8.48;NA;12.41;3.73;7.04;29;1.66;NA;NA;NA;
10;5;16.88;16.24;0.71;NA;2.17;3.1;3.98;12.6;4.76;NA;NA;NA;
10;6;10.78;9.81;0.43;NA;7.59;2.61;12.58;2.04;2.88;NA;NA;NA;
10;7;10.09;12.85;5.78;NA;12.2;6.48;20.16;5.65;5.79;NA;NA;NA;
10;8;21.54;23.35;13.94;NA;22.42;18.26;25.11;17.13;15.61;NA;NA;NA;
10;9;35.6;31.36;26.59;NA;42.06;34.7;32.57;25.18;34.3;NA;NA;NA;
10;10;45.26;48.65;43.15;NA;39.34;37.58;45.39;41.77;48.85;NA;NA;NA;
10;11;48.76;51.14;55.73;NA;55.6;59.44;51.45;54.6;38.18;NA;NA;NA;
10;12;51.66;50.56;57.31;NA;61.72;66.46;61.9;58.77;60.54;NA;NA;NA;
10;13;49.43;51.85;56.17;NA;52.31;64.09;71.49;56.14;51.02;NA;NA;NA;
10;14;46.15;49.71;50.86;NA;52.65;61.57;65.36;55.04;60.78;NA;NA;NA;
10;15;41.46;47.83;43.79;NA;40.05;53.08;68.37;51.18;57.98;NA;NA;NA;
10;16;39.86;45.76;31.84;NA;33.7;47.09;63.18;43.85;43.83;NA;NA;NA;
10;17;31.85;35.5;24.87;NA;28.06;31.08;31.88;36.59;40.25;NA;NA;NA;
10;18;27.03;28.45;13.01;NA;17.7;15.76;21.96;25.02;20.21;NA;NA;NA;
10;19;19.89;23.09;11.19;NA;11.27;17.17;14.35;24.08;18.3;NA;NA;NA;
10;20;19.52;21.67;7.29;NA;8.43;14.91;16.46;25.86;22.9;NA;NA;NA;
10;21;15.5;17.91;9.52;NA;8.35;11.66;15.47;25.2;21.09;NA;NA;NA;
10;22;15.48;16.34;14.21;NA;11.31;9.81;16.28;23.74;13.55;NA;NA;NA;
10;23;15.62;19.83;18.69;NA;20.79;19.77;14.4;22.99;10.3;NA;NA;NA;
11;0;17.66;21.83;21.38;NA;14.81;22.56;13.97;ND;20.95;NA;NA;NA;
11;1;18.89;19.24;22.67;NA;16.1;20.68;19.37;21.56;22.7;NA;NA;NA;
11;2;ND;ND;ND;NA;ND;ND;23.39;21.96;20.88;NA;NA;NA;
11;3;16.82;22.44;18.31;NA;13.1;14.98;22.62;22.5;18.23;NA;NA;NA;
11;4;11.84;17.32;6.52;NA;17.71;13.48;9.77;22.09;16.73;NA;NA;NA;
11;5;6.46;12.81;10.81;NA;8.79;11.32;3.97;15.59;19.08;NA;NA;NA;
11;6;2.27;4.28;5.43;NA;2.16;4.84;6.29;10.86;5.63;NA;NA;NA;
11;7;3.02;8.13;2.73;NA;3.82;2.7;10.2;4.36;3.57;NA;NA;NA;
11;8;8.1;14.27;2.82;NA;7.67;5.44;18.4;17.17;6.7;NA;NA;NA;
11;9;15.59;18.31;4.39;NA;9.73;8.54;16.37;19.72;6.53;NA;NA;NA;
11;10;14.7;14.75;ND;NA;13.65;15.32;8.9;23.5;13.61;NA;NA;NA;
11;11;19.49;18;ND;NA;16.23;ND;12;20.21;21.39;NA;NA;NA;
11;12;24.41;28.7;10.19;NA;20.52;ND;24.36;11.62;11.44;NA;NA;NA;
11;13;38.96;39.49;17.99;NA;32.03;ND;39.25;11.02;22.26;NA;NA;NA;
11;14;40.83;46.34;26.43;NA;50.79;ND;54.25;18.3;37.85;NA;NA;NA;
11;15;39.89;42.68;22.9;NA;44.27;ND;61.24;50.51;45.54;NA;NA;NA;
11;16;37.31;39.72;14.1;NA;17.7;24.54;54.41;37.82;30.99;NA;NA;NA;
11;17;30.88;33.82;ND;NA;10.66;22.95;27.99;35.54;23.21;NA;NA;NA;
11;18;27.37;29.73;ND;NA;17.07;15.65;19.06;28.64;22.33;NA;NA;NA;
11;19;25.15;22.63;ND;NA;7.92;1.52;19.1;18.57;19.85;NA;NA;NA;
11;20;12.35;21;3.54;NA;12.09;1.42;20.56;23.47;22.65;NA;NA;NA;
11;21;20.73;16.88;5.55;NA;4.97;4.3;11.29;18.23;15.15;NA;NA;NA;
11;22;5.93;13.48;3.75;NA;3.98;1.22;17.02;15.99;13.75;NA;NA;NA;
11;23;5.12;2.12;3.05;NA;10.6;0.98;13.98;4.52;5.31;NA;NA;NA;
12;0;2.36;12.02;4.67;NA;11.02;0.94;23.47;1.15;9.17;NA;NA;NA;
12;1;1.28;7.62;4.47;NA;3.88;1.04;34.95;5.43;ND;NA;NA;NA;
12;2;1.29;1.42;6.08;NA;0.81;0.75;23.87;4.43;0.4;NA;NA;NA;
12;3;1.33;0.01;6.11;NA;5.35;1.12;16.98;1.7;1.56;NA;NA;NA;
12;4;1.03;0;5.6;NA;1.96;1.07;11.67;0.28;0.36;NA;NA;NA;
12;5;1.44;0.09;5.08;NA;4.92;1.3;3.91;0.06;0.1;NA;NA;NA;
12;6;2.06;0.7;4.79;NA;5.88;1.74;4.69;0.39;0;NA;NA;NA;
12;7;4.31;4.46;10.07;NA;7.27;5.77;10.33;3.92;0.49;NA;NA;NA;
12;8;14.86;9.55;16.74;NA;13.48;14.51;35.27;12.34;10.4;NA;NA;NA;
12;9;18.93;14.28;13.22;NA;33.02;32.09;43.74;23.51;17.22;NA;NA;NA;
12;10;41.37;37.18;19.3;NA;29.83;29.07;53.85;37.95;26.55;NA;NA;NA;
12;11;59.21;55.03;ND;NA;32.85;37.31;59.08;58.26;22.98;NA;NA;NA;
12;12;58.72;63.21;ND;NA;71.18;68.29;48.84;71.37;54.16;NA;NA;NA;
12;13;58.66;60.9;57.05;NA;67.03;67.25;88.2;74.6;58.11;NA;NA;NA;
12;14;60.3;63.03;54.94;NA;70.01;61.04;90.73;77.27;65.82;NA;NA;NA;
12;15;50.6;61.93;52.88;NA;71.78;60.33;91.24;69.81;77.25;NA;NA;NA;
12;16;39.44;54.67;35.79;NA;42.36;44.15;64.84;60.76;64.84;NA;NA;NA;
12;17;36.27;45.59;24.12;NA;26.98;32.03;44.39;48.32;60.08;NA;NA;NA;
12;18;30.81;35.67;ND;NA;19.36;22.5;27.05;36.91;29.77;NA;NA;NA;
12;19;23.34;31.03;4.57;NA;14.99;8.7;23.67;33.08;34.65;NA;NA;NA;
12;20;16.74;29.81;2.19;NA;2.02;1.23;18.71;34.18;35.12;NA;NA;NA;
12;21;12.97;30.97;2.54;NA;1.61;5.92;19.2;37.35;27.3;NA;NA;NA;
12;22;21.27;27.12;7.94;NA;7.52;10.03;17.03;35.85;30.91;NA;NA;NA;
12;23;27.11;34.52;10.55;NA;16.17;15.74;3.31;36.45;29.38;NA;NA;NA;
13;0;23.69;38.72;15.46;NA;15.01;15.29;3.84;ND;21.66;NA;NA;NA;
13;1;21.04;29.33;20.59;NA;24.58;21.64;11.38;17.9;8.14;NA;NA;NA;
13;2;ND;ND;ND;NA;ND;ND;23.66;13.77;22.67;NA;NA;NA;
13;3;23.03;27.93;16.62;NA;23.09;24.54;5.1;20.33;20.72;NA;NA;NA;
13;4;7.81;22.16;13.17;NA;16.14;26.65;4.4;13.38;23.21;NA;NA;NA;
13;5;3.77;1.41;3.85;NA;11.34;17.72;9.81;3.57;14.36;NA;NA;NA;
13;6;3.17;5.38;2.23;NA;1.8;2.99;12.97;1.41;3.58;NA;NA;NA;
13;7;7.62;6.67;6.37;NA;6.5;7.71;17.38;6.43;7.24;NA;NA;NA;
13;8;18.93;13.85;10.64;NA;16.04;15.74;39.06;11.94;15.93;NA;NA;NA;
13;9;35.95;ND;16.49;NA;20.07;17.18;43.46;29.78;32.28;NA;NA;NA;
13;10;53.31;ND;38.38;NA;33.3;33.39;60.51;49.57;53.94;NA;NA;NA;
13;11;67.44;ND;61.71;NA;60.79;58.73;87.76;70.8;45.41;NA;NA;NA;
13;12;75.91;ND;78.87;NA;77.52;73.2;93.93;79.85;47.53;NA;NA;NA;
13;13;63.19;ND;76.53;NA;83.76;85.37;75.78;78.19;75.77;NA;NA;NA;
13;14;54.83;ND;67.53;NA;79.83;76.63;91.32;81.25;63.33;NA;NA;NA;
13;15;ND;ND;61.53;NA;65.84;61.91;80.98;73.29;75.46;NA;NA;NA;
13;16;53.12;57.03;60.3;NA;47.58;54.99;65.86;62.42;58.77;NA;NA;NA;
13;17;ND;49.35;ND;NA;35.86;43.41;50.26;49.88;57.57;NA;NA;NA;
13;18;38.09;41.88;38.33;NA;21.19;11.31;32.39;40.91;38.18;NA;NA;NA;
13;19;19.58;32.58;ND;NA;9.38;4.45;16.45;29.14;26.22;NA;NA;NA;
13;20;13.54;28;15.38;NA;2.03;2.91;15.32;19.67;32.63;NA;NA;NA;
13;21;13.66;28.27;2.72;NA;2.94;2.01;19.44;14.11;5.89;NA;NA;NA;
13;22;5.35;14.59;1.76;NA;3.71;2.28;18.88;7.65;2.74;NA;NA;NA;
13;23;12.29;5.42;7.35;NA;2.7;5.4;22.09;9.16;4.71;NA;NA;NA;
14;0;6.29;5.28;19.98;NA;1.67;17.88;28.04;5.24;4.2;NA;NA;NA;
14;1;22.02;2.94;18.54;NA;1.18;12.69;39.19;3.64;ND;NA;NA;NA;
14;2;12.01;0.94;18.54;NA;5.81;22.95;41.51;3.37;1.25;NA;NA;NA;
14;3;12.07;1.18;21.41;NA;10.27;29.8;43.96;4.25;0.29;NA;NA;NA;
14;4;7.47;2.1;11.8;NA;7.07;17.92;41.51;3.62;0.56;NA;NA;NA;
14;5;6.75;3.23;3.44;NA;1.2;7.02;34.04;3.73;0.4;NA;NA;NA;
14;6;5.91;2.87;2.78;NA;3.69;3.16;25.49;1.02;1.24;NA;NA;NA;
14;7;7.75;8.02;7.47;NA;9.9;8.61;34.73;2.63;4.74;NA;NA;NA;
14;8;25.1;17.19;23.06;NA;24.14;30.71;45.9;9.89;16.05;NA;NA;NA;
14;9;46.93;36.53;44.81;NA;49.17;52.04;54.87;32.71;42.82;NA;NA;NA;
14;10;48.8;56.49;44.41;NA;46.07;47.86;57.07;54.63;62.23;NA;NA;NA;
14;11;55.6;61.64;51.41;NA;55.67;54.81;65.56;57.29;49.15;NA;NA;NA;
14;12;55.89;60.1;46.66;NA;52.57;53.77;60.39;48.79;46.78;NA;NA;NA;
14;13;49.04;ND;37.48;NA;42.82;45.69;55.44;46.22;42.31;NA;NA;NA;
14;14;45.6;ND;38.88;NA;39.17;42.29;51.59;42.52;42.46;NA;NA;NA;
14;15;43.8;ND;35.36;NA;44.73;33.95;46.12;44.12;42.93;NA;NA;NA;
14;16;43.02;56.74;38.95;NA;24.43;30.85;40.05;44.07;42.16;NA;NA;NA;
14;17;39.08;49.41;ND;NA;18.73;16.37;32.27;41.47;47.47;NA;NA;NA;
14;18;36.31;41.7;14.33;NA;11.17;3.57;18.18;44.33;48.53;NA;NA;NA;
14;19;26.45;34.14;ND;NA;6.98;2.56;12.4;40.59;37.02;NA;NA;NA;
14;20;8.66;27.52;3.71;NA;5.47;2.18;7.65;31.15;34.7;NA;NA;NA;
14;21;7.46;26.41;1.46;NA;2.82;1.72;1.26;10.39;29.98;NA;NA;NA;
14;22;4.89;11.6;6.23;NA;2.94;1.14;7.62;8.18;4.04;NA;NA;NA;
14;23;9.44;4.31;1.29;NA;1.82;1.64;19.05;23.14;2.4;NA;NA;NA;
15;0;3.33;15.8;1.76;NA;1.72;3.4;24.26;ND;3.01;NA;NA;NA;
15;1;2.52;15.27;1.93;NA;3.24;1.2;16.31;13.98;4.28;NA;NA;NA;
15;2;ND;ND;1.14;NA;ND;ND;13.06;8.02;2;NA;NA;NA;
15;3;2.38;15.71;1.09;NA;2.87;1.23;17.85;0.55;2.25;NA;NA;NA;
15;4;1.69;7.88;1.12;NA;4.9;1.58;28.95;0.31;1.71;NA;NA;NA;
15;5;3.18;3.11;1.36;NA;2.61;1.5;11.1;1.12;0.49;NA;NA;NA;
15;6;3.72;2.14;1.78;NA;3.53;2.78;21.99;1.76;1.99;NA;NA;NA;
15;7;6.56;6.6;4.49;NA;9.11;4.63;29.25;2.25;4.94;NA;NA;NA;
15;8;17.45;23.3;13.77;NA;22.12;16.22;33.4;9.73;14.44;NA;NA;NA;
15;9;41.33;43.82;23.15;NA;33.61;34.56;37.98;23.13;21.91;NA;NA;NA;
15;10;57.43;60.36;38.64;NA;40.43;38.82;39.74;50.02;ND;NA;NA;NA;
15;11;58.59;ND;54.68;NA;46.92;55.67;41.92;62.58;ND;NA;NA;NA;
15;12;58.79;ND;48.4;NA;47.99;52.69;48.61;45.39;48.52;NA;NA;NA;
15;13;61.25;61.28;44.22;NA;44.68;45.2;68.24;48.76;52.27;NA;NA;NA;
15;14;52.16;49.16;42.99;NA;46.78;43.09;64.19;51.01;46.96;NA;NA;NA;
15;15;44.92;43.18;36.3;NA;23.97;39.47;44.29;44.38;38.74;NA;NA;NA;
15;16;39.11;44.84;31.29;NA;21.39;41.07;38.65;38.42;33.78;NA;NA;NA;
15;17;31.92;41.17;20.31;NA;21.03;28.44;32.41;31.61;30.4;NA;NA;NA;
15;18;15.55;32.81;12.29;NA;5.29;8.99;12.4;17.62;13.42;NA;NA;NA;
15;19;9.61;24.68;3.78;NA;6.82;3.6;8.08;8.17;7.55;NA;NA;NA;
15;20;4.71;17.66;3.14;NA;4.38;2.92;13.89;4.35;5.39;NA;NA;NA;
15;21;3.22;10.51;2.17;NA;5.46;5.27;21.99;3.53;2.19;NA;NA;NA;
15;22;3.1;8.18;9.81;NA;1.03;3.1;19.81;2.16;0.65;NA;NA;NA;
15;23;5.1;2.91;1.65;NA;1.97;1.76;24.54;1.23;1.14;NA;NA;NA;
16;0;8.33;1.41;1.3;NA;1.76;6.56;25.02;1.06;1.4;NA;NA;NA;
16;1;12.47;1.74;1.34;NA;1.51;9.6;26.47;0.82;0.9;NA;NA;NA;
16;2;19.36;3.01;ND;NA;1.44;4.16;29.66;1.74;1.29;NA;NA;NA;
16;3;20.37;2.38;8.18;NA;5.51;1.61;29.77;0.41;0.58;NA;NA;NA;
16;4;12.49;4.26;1.77;NA;2.33;1.74;25.95;0.8;0.15;NA;NA;NA;
16;5;5.76;4.14;2.14;NA;1.21;2.4;22.05;0.48;0.45;NA;NA;NA;
16;6;4.58;2.93;2.81;NA;4.08;3.07;19.73;1.24;0.98;NA;NA;NA;
16;7;6.17;4.01;6.9;NA;9.31;5.65;20.99;2.02;2.64;NA;NA;NA;
16;8;15.1;8.01;23.28;NA;18.15;20.76;31.05;3.54;9.31;NA;NA;NA;
16;9;34.28;35.41;26.83;NA;32.03;35.55;41.61;5.92;29.57;NA;NA;NA;
16;10;42.06;43.7;31.72;NA;27.4;36.1;44.72;24.6;37.09;NA;NA;NA;
16;11;46.8;49.14;42.83;NA;35.46;45.78;46.2;41.19;40.17;NA;NA;NA;
16;12;45.02;39.67;44.8;NA;46.93;52.79;46.45;45.7;41.12;NA;NA;NA;
16;13;39.78;41.07;41.91;NA;45.39;49.07;46.32;44.3;42.04;NA;NA;NA;
16;14;38.99;40.77;42.61;NA;41.35;48.23;44.66;42.99;41.08;NA;NA;NA;
16;15;37.75;36.95;35.91;NA;38.21;40.99;45.27;36.32;39.85;NA;NA;NA;
16;16;31.15;30.85;28.05;NA;28.66;32.72;38.43;30.2;32.01;NA;NA;NA;
16;17;24.3;29.77;22.24;NA;23.46;28.95;27.98;28.64;27.37;NA;NA;NA;
16;18;14.01;25.38;17.91;NA;14.85;20.46;16.97;26.8;23.26;NA;NA;NA;
16;19;13.29;21.74;14.17;NA;8.89;17.43;16.31;24.27;15.88;NA;NA;NA;
16;20;16.53;19.57;14.41;NA;9.14;12.31;11.77;14.18;21.39;NA;NA;NA;
16;21;20.46;15.35;26.22;NA;10.63;8.51;13.7;13.41;25.03;NA;NA;NA;
16;22;21.25;20.13;29.84;NA;14.05;21.03;19.72;12.93;10.39;NA;NA;NA;
16;23;21.54;19;19.81;NA;20.76;16.06;19.94;14.35;7.92;NA;NA;NA;
17;0;14.03;21.52;16.32;NA;26.39;19.22;22.03;ND;4.13;NA;NA;NA;
17;1;18.75;16.12;27.49;NA;19.53;14.49;19.7;10.06;ND;NA;NA;NA;
17;2;ND;ND;24.43;NA;ND;ND;26.87;9.08;1.04;NA;NA;NA;
17;3;21;17.71;25.78;NA;14.31;12.11;27.49;10.93;0.03;NA;NA;NA;
17;4;23.74;24.37;28.85;NA;14.77;5.83;16.2;10.69;0.21;NA;NA;NA;
17;5;29.24;20.82;35.01;NA;21.98;22.18;7.94;3.83;0.23;NA;NA;NA;
17;6;23.51;7.01;26.8;NA;17.09;16.59;12.27;1.7;1.09;NA;NA;NA;
17;7;23.04;9.18;24.36;NA;13.58;10.74;14.53;3.53;3.94;NA;NA;NA;
17;8;28.99;26.74;24.71;NA;25.8;25.48;31.47;5.37;6.56;NA;NA;NA;
17;9;32.79;33.03;32.24;NA;30.16;31.75;34.93;12.55;14.51;NA;NA;NA;
17;10;41.17;37.23;35.03;NA;34.52;36.78;37.28;26.64;14.76;NA;NA;NA;
17;11;38.11;37.02;39.46;NA;39.12;42.29;38.51;38.24;33.22;NA;NA;NA;
17;12;31.99;30.99;33.63;NA;39.32;40.32;39.7;35.37;32.32;NA;NA;NA;
17;13;31.25;31.55;36.04;NA;34.97;39.73;37.53;32.45;33.07;NA;NA;NA;
17;14;26.96;28.77;32.91;NA;32.39;36.91;35.53;31.06;31.46;NA;NA;NA;
17;15;28.16;28.53;31.77;NA;28.47;32.87;35.16;30.18;30.07;NA;NA;NA;
17;16;25.46;28.15;24.5;NA;24.15;27.52;26.01;27.26;26.39;NA;NA;NA;
17;17;20.16;25.01;20.39;NA;19.72;21.79;20.74;23.96;22.01;NA;NA;NA;
17;18;14.04;25.26;15.46;NA;13.3;18.83;18.62;22.56;19.07;NA;NA;NA;
17;19;9.85;21.84;9.17;NA;14.29;14.86;10.4;22.45;8.52;NA;NA;NA;
17;20;4.18;18.23;6.31;NA;7.18;13.56;13.28;13.35;6.61;NA;NA;NA;
17;21;10.55;18.13;7.88;NA;7.8;6.67;10.35;15.76;15.14;NA;NA;NA;
17;22;19.95;ND;24.47;NA;14.27;20.1;8.68;7.32;9.03;NA;NA;NA;
17;23;15.26;ND;23.27;NA;16.49;18.94;7.49;3.63;2.08;NA;NA;NA;
18;0;19.06;20.64;22.33;NA;15.58;16.23;5.32;4.61;0.12;NA;NA;NA;
18;1;19.79;15.65;24.81;NA;17.52;11.68;7.1;5.25;0.03;NA;NA;NA;
18;2;14.5;11.43;ND;NA;11.22;14.05;10.01;1.61;0.08;NA;NA;NA;
18;3;13.74;5.3;20.21;NA;11.18;4.52;4.51;0.96;0.08;NA;NA;NA;
18;4;8.82;4.81;17.15;NA;7.39;2.49;5.56;0.44;0.25;NA;NA;NA;
18;5;3.73;5.71;6.54;NA;2.68;1.56;4.49;0.33;0.46;NA;NA;NA;
18;6;3.54;4.49;2.18;NA;3.87;2.67;1.89;0.58;1.07;NA;NA;NA;
18;7;14.07;7.63;7.93;NA;5.73;4.56;6.26;2.32;2.28;NA;NA;NA;
18;8;23.14;23.68;15.74;NA;11.89;9.86;22.47;6.81;4.66;NA;NA;NA;
18;9;34.34;35.96;28.98;NA;20.02;25.14;32.96;13.87;3.86;NA;NA;NA;
18;10;43.97;37.78;32;NA;33.87;37.89;33.72;36.42;26.11;NA;NA;NA;
18;11;42.34;45.41;38.19;NA;ND;43.61;46.06;46.16;36.12;NA;NA;NA;
18;12;41.87;43.49;33.73;NA;ND;44.84;44.73;42.41;36.13;NA;NA;NA;
18;13;32.82;31.38;27.99;NA;38.65;38.22;45.4;31.86;31.65;NA;NA;NA;
18;14;26.58;31.47;23.16;NA;ND;29.52;31.97;30.96;32.78;NA;NA;NA;
18;15;30.13;34.87;23.01;NA;ND;ND;31.7;31.81;32.92;NA;NA;NA;
18;16;27.91;33.7;18.45;NA;23.84;ND;30.52;30.83;28.19;NA;NA;NA;
18;17;21.49;28.86;17.29;NA;18.92;22.37;18.85;30.5;25.7;NA;NA;NA;
18;18;13.33;24.76;12.56;NA;11.2;10.07;15.87;26.33;22.69;NA;NA;NA;
18;19;7.42;17.95;9.5;NA;4.15;10;16.86;12.16;9.66;NA;NA;NA;
18;20;3.89;13.23;7.68;NA;4.65;7.16;6.22;5.62;1.95;NA;NA;NA;
18;21;4.63;11.13;7.61;NA;3.85;1.87;10.22;3.75;3.93;NA;NA;NA;
18;22;4.62;5.6;6.36;NA;2.09;2.33;17.8;2.11;1.02;NA;NA;NA;
18;23;17.23;4.83;15.65;NA;2.16;2.44;24.77;1.08;0.72;NA;NA;NA;
19;0;15.75;6.56;7.63;NA;2.12;1.54;25.85;ND;0.64;NA;NA;NA;
19;1;7.18;1.73;2.51;NA;2.12;1.97;22.4;1.15;ND;NA;NA;NA;
19;2;ND;ND;1.64;NA;1.65;ND;25.82;0.95;0.45;NA;NA;NA;
19;3;6.16;1.05;1.62;NA;1.37;3.72;23.89;0.88;1.54;NA;NA;NA;
19;4;1.54;1.07;1.34;NA;0.93;1.6;5.85;1;0.09;NA;NA;NA;
19;5;1.83;1.37;1.19;NA;1.83;1.72;13.85;0.99;0.19;NA;NA;NA;
19;6;3.62;0.88;1.62;NA;5.05;1.72;2.08;1.19;0.78;NA;NA;NA;
19;7;6.29;6.4;3.56;NA;3.76;2.19;6.28;1.54;2.06;NA;NA;NA;
19;8;22.02;20.98;16.37;NA;8.4;10.14;20.11;1.94;4.95;NA;NA;NA;
19;9;34.95;36.2;25.53;NA;19.04;ND;26.96;4.09;9.57;NA;NA;NA;
19;10;44.65;37.96;43.54;NA;35.37;ND;37.99;26.32;20.22;NA;NA;NA;
19;11;46.66;48.81;39.78;NA;40.35;ND;47.13;43.15;44.82;NA;NA;NA;
19;12;55.19;49.42;41.21;NA;37.7;40.18;50.11;38.35;43.43;NA;NA;NA;
19;13;53.67;54.53;36.63;NA;37.68;40.37;48.96;39.05;37.33;NA;NA;NA;
19;14;41.84;43.47;32.44;NA;36.9;36.88;42.51;38.56;36.91;NA;NA;NA;
19;15;41.54;45.12;34.41;NA;36.7;41.49;44.72;38.53;38.62;NA;NA;NA;
19;16;38.33;41.93;33.99;NA;41.27;36.93;40.11;37.58;40.99;NA;NA;NA;
19;17;30.9;37.62;22.27;NA;34.41;26.46;36.62;34.38;33.64;NA;NA;NA;
19;18;22.31;32.15;18.64;NA;20.28;23.22;25.32;30.93;31.34;NA;NA;NA;
19;19;12.51;21.36;16.18;NA;15.24;7.62;22.52;11.6;19.02;NA;NA;NA;
19;20;5.28;20.18;7.3;NA;3.15;3.94;5.89;9.78;3.2;NA;NA;NA;
19;21;9.16;18.5;23.36;NA;5.05;7.38;5.66;6.27;1.63;NA;NA;NA;
19;22;12.16;11.93;12.16;NA;2.91;4.52;1.71;8.21;3.76;NA;NA;NA;
19;23;25.46;3.16;12.2;NA;2.19;6.21;19.08;2.11;1.02;NA;NA;NA;
20;0;25.08;12.21;16.57;NA;2.23;6.08;31.92;1.9;1.88;NA;NA;NA;
20;1;23.89;3.91;17.81;NA;1.25;10.02;33.8;0.73;0.54;NA;NA;NA;
20;2;24.31;2.04;ND;NA;1.53;7.2;34.13;0.22;0.61;NA;NA;NA;
20;3;21.83;2;10.53;NA;1.58;10.49;33.92;0.2;0.79;NA;NA;NA;
20;4;12.2;4.23;4.59;NA;3.3;4.74;32.7;0.23;0.71;NA;NA;NA;
20;5;2.25;1.53;1.61;NA;3.02;2.88;28.22;1.22;0.66;NA;NA;NA;
20;6;2.98;2.79;3.61;NA;2.71;2.86;26.89;0.9;1.21;NA;NA;NA;
20;7;6.31;9.98;8.61;NA;6.76;9.04;28.04;2.64;4.4;NA;NA;NA;
20;8;18.31;30.54;27.48;NA;22.4;31.02;36.18;5.92;15.35;NA;NA;NA;
20;9;35.55;40.39;28.18;NA;41.48;39.85;41.07;24.97;25.04;NA;NA;NA;
20;10;46.07;49.8;36.15;NA;46.49;45.93;46.42;45.84;50.45;NA;NA;NA;
20;11;53.59;58.46;42.78;NA;56.36;51.03;ND;46.84;53.71;NA;NA;NA;
20;12;51.25;59.26;43.12;NA;46.86;49.42;ND;46.61;50.45;NA;NA;NA;
20;13;54.21;55.31;40.83;NA;46.63;47.81;ND;46.11;46.46;NA;NA;NA;
20;14;51.18;50.61;44.28;NA;ND;50.44;ND;45.94;43.01;NA;NA;NA;
20;15;47.51;51.56;44.66;NA;45.17;49.96;ND;49.18;48.82;NA;NA;NA;
20;16;43.99;54.04;43.61;NA;41.53;42.78;53.63;48.71;49;NA;NA;NA;
20;17;35.63;49.06;41.9;NA;29.72;41.02;41.26;42.59;41.67;NA;NA;NA;
20;18;24.36;36.83;24.64;NA;18.72;24.43;24.91;38.61;32.63;NA;NA;NA;
20;19;25.86;30.55;7.72;NA;11.26;3.6;36.09;26.4;31.2;NA;NA;NA;
20;20;17.09;25.01;3.46;NA;6.56;4.2;34.25;18.62;14.91;NA;NA;NA;
20;21;10.21;23.07;1.74;NA;4.37;2.79;7.14;14.14;6.55;NA;NA;NA;
20;22;4.01;22.74;2.72;NA;3.81;1.28;2.88;13.84;6.02;NA;NA;NA;
20;23;2.72;10.48;2.75;NA;1.71;5.87;12.22;7.42;1.49;NA;NA;NA;
21;0;5.18;3.64;2.87;NA;1.33;4.34;19.62;ND;2.22;NA;NA;NA;
21;1;20.04;3.02;6.06;NA;7.85;1.14;ND;2.98;ND;NA;NA;NA;
21;2;ND;ND;4.24;NA;5.74;ND;26.5;2.06;0.84;NA;NA;NA;
21;3;23.03;3.69;16.35;NA;6.98;1.62;28.98;1.52;0.84;NA;NA;NA;
21;4;14;2.27;9.64;NA;5.92;4.28;28.71;2.08;1.16;NA;NA;NA;
21;5;5.1;3.18;2.34;NA;5.34;9.16;27.13;0.41;1.05;NA;NA;NA;
21;6;3.42;5.54;13.93;NA;2.13;10.44;26.81;1.31;1.28;NA;NA;NA;
21;7;8.3;9.61;15.47;NA;15.49;17.45;32.07;3.52;4.74;NA;NA;NA;
21;8;20.93;15.45;25.42;NA;31.12;34.1;37.16;14.24;4.74;NA;NA;NA;
21;9;36.52;32.38;39.52;NA;38.74;47.96;41.71;33.98;18.35;NA;NA;NA;
21;10;49.71;52.52;52.54;NA;47.67;60.95;ND;39.21;49.37;NA;NA;NA;
21;11;68.43;69.31;58.73;NA;58.27;66.58;50.48;61.02;62.56;NA;NA;NA;
21;12;69.02;67.47;59.93;NA;53.81;70.3;54.49;54.69;67.7;NA;NA;NA;
21;13;57.64;64.35;49.64;NA;58.62;68.58;54.3;54.71;51.77;NA;NA;NA;
21;14;54.27;62.65;51.97;NA;52.11;58.57;55.5;51.1;57.83;NA;NA;NA;
21;15;51.35;59.56;47.44;NA;48.02;54.8;48.46;50.27;51.27;NA;NA;NA;
21;16;46.63;54.41;49.99;NA;37.76;47.32;44.45;52.47;45.53;NA;NA;NA;
21;17;40.95;45.79;38.12;NA;24.01;37.29;36.06;44.95;46.22;NA;NA;NA;
21;18;32.46;39.33;24.38;NA;13.08;21.13;19.48;34.13;28.21;NA;NA;NA;
21;19;25.8;29.6;16;NA;7.67;8.06;13.59;27.79;27.42;NA;NA;NA;
21;20;15.72;23.07;7.81;NA;6.45;4.95;2.49;21.12;23.49;NA;NA;NA;
21;21;5.58;15.08;6.39;NA;2.47;8.11;5.47;7.57;20.07;NA;NA;NA;
21;22;ND;11.51;6.33;NA;4.23;2.17;14.95;3.43;5.07;NA;NA;NA;
21;23;ND;14.99;9;NA;3.59;3.58;29.17;3.7;2.91;NA;NA;NA;
22;0;22.69;16.44;18.02;NA;5.78;4.32;25.79;2.31;0.96;NA;NA;NA;
22;1;24.42;26.19;28.93;NA;14.21;5.57;29.86;8.37;1.09;NA;NA;NA;
22;2;26.07;30.62;ND;NA;ND;5.18;29.17;1.63;0.7;NA;NA;NA;
22;3;25.74;27.02;9.77;NA;4.35;5.1;32.88;0.34;0.61;NA;NA;NA;
22;4;11.66;4.98;19.05;NA;5.36;17.78;34.47;0.29;0.12;NA;NA;NA;
22;5;4.28;3.12;30;NA;8.83;13.95;33.97;0.08;0.45;NA;NA;NA;
22;6;4.73;3.71;18.92;NA;3.31;10.73;34.4;0.94;1.31;NA;NA;NA;
22;7;6.76;8.15;16.48;NA;9.29;17.7;36.58;4.37;5.31;NA;NA;NA;
22;8;30.53;22.84;29.47;NA;29.23;34.51;42.29;8.21;23.16;NA;NA;NA;
22;9;39.21;39.21;42.64;NA;43.91;51.4;47.41;25.2;45.05;NA;NA;NA;
22;10;46.91;55.25;48.74;NA;61.68;64.61;54.89;48.56;60.68;NA;NA;NA;
22;11;59.72;71.62;57.96;NA;58.54;65.22;62.97;58.05;60.54;NA;NA;NA;
22;12;65.61;72.88;64.43;NA;65.93;72.7;71.52;51.24;56.99;NA;NA;NA;
22;13;57.83;59.39;53.59;NA;59.51;70.84;75.05;52.57;62.51;NA;NA;NA;
22;14;58.51;65.14;63.29;NA;53.61;64.8;64.46;64.58;56.77;NA;NA;NA;
22;15;52.79;69.21;ND;NA;49.86;60.52;58.99;64.33;60.63;NA;NA;NA;
22;16;50.48;64.6;ND;NA;39.1;53.48;44.26;58.95;50.79;NA;NA;NA;
22;17;43.8;53.59;ND;NA;30.49;39.12;34.77;54.39;45.82;NA;NA;NA;
22;18;36.76;46.03;24.96;NA;21.15;22.02;17.12;46.91;46.68;NA;NA;NA;
22;19;25.71;34.58;9.37;NA;13.32;16.75;27.05;41.52;34.65;NA;NA;NA;
22;20;15.17;30.18;7.73;NA;11.05;9.79;31.73;36.62;36;NA;NA;NA;
22;21;7.03;27.76;5.06;NA;14.91;15.77;24.7;31.99;30.91;NA;NA;NA;
22;22;3.63;4.04;1.41;NA;16.25;7.34;19.9;26.71;34.71;NA;NA;NA;
22;23;5.99;8.91;4.96;NA;15.88;2.49;19.94;21.84;12.09;NA;NA;NA;
23;0;8.88;18.31;5.97;NA;2.51;4.43;25.48;ND;18.2;NA;NA;NA;
23;1;21.07;31.24;2.58;NA;11.74;8.64;ND;21.16;ND;NA;NA;NA;
23;2;ND;ND;13.49;NA;16.93;ND;9.59;29.61;4.54;NA;NA;NA;
23;3;16.17;24.6;9.52;NA;15.87;11.43;19.23;24.25;10.69;NA;NA;NA;
23;4;7.31;19.49;13.02;NA;10.03;5.95;7.32;18.18;6.06;NA;NA;NA;
23;5;14.29;17.71;11.63;NA;3.48;5.25;4.7;5.92;1.05;NA;NA;NA;
23;6;4.97;7.14;4.6;NA;2.72;1.94;8.82;1.72;2.03;NA;NA;NA;
23;7;7.26;17.85;12.13;NA;8.07;9.13;19.11;3.1;6.29;NA;NA;NA;
23;8;20.83;21.63;21.35;NA;23.91;28.08;39.09;15.3;19.73;NA;NA;NA;
23;9;38.25;26.75;30.68;NA;37.73;47.05;45.13;40.39;39.62;NA;NA;NA;
23;10;52.62;53.87;49.87;NA;50.6;58.75;56.73;61.54;59.29;NA;NA;NA;
23;11;57.01;75.82;65.2;NA;58.28;69.05;82.8;72.99;61.57;NA;NA;NA;
23;12;61.65;70.79;84.78;NA;53.85;93.26;88.82;88.04;81.05;NA;NA;NA;
23;13;56.75;65.68;72.87;NA;61.47;81.44;106.14;73.26;93.43;NA;NA;NA;
23;14;41.76;54.5;57.73;NA;42.55;60.97;84.38;64.24;68.17;NA;NA;NA;
23;15;33.9;39.64;50.83;NA;26.86;46.89;71.79;54.89;47.79;NA;NA;NA;
23;16;33.98;38.64;27.59;NA;28.89;36.73;52.73;48.86;34.69;NA;NA;NA;
23;17;27.92;31.97;27.51;NA;23.44;30.06;35.94;16.34;37.24;NA;NA;NA;
23;18;25.59;33.65;27.81;NA;14.28;38.64;30.52;13.01;25.05;NA;NA;NA;
23;19;23.67;30.48;9.04;NA;19.11;6.27;48.83;2.27;5.17;NA;NA;NA;
23;20;16.92;20.07;15.04;NA;12.2;9.72;3.97;0.97;4.12;NA;NA;NA;
23;21;22.47;23.33;21.62;NA;2.04;12.33;7.95;1.01;1.02;NA;NA;NA;
23;22;9.92;10.74;12.63;NA;18.28;1.89;10.29;0.02;0.74;NA;NA;NA;
23;23;7.25;8.14;10.92;NA;6.89;2.26;9.54;0.62;0.59;NA;NA;NA;
24;0;12.36;4.76;16.16;NA;8.92;17.53;15.19;0.14;0.4;NA;NA;NA;
24;1;11.81;11.03;5.42;NA;23.73;20.86;20.61;0.1;0.33;NA;NA;NA;
24;2;6.54;0.22;8.69;NA;ND;11.55;26.43;0.02;0.01;NA;NA;NA;
24;3;1.97;1.4;4.4;NA;4.3;3.98;17.9;0.09;0.05;NA;NA;NA;
24;4;2.91;6.39;5.66;NA;8.91;9.76;21.86;2.53;0.22;NA;NA;NA;
24;5;7.25;4.03;8.88;NA;11.6;22.26;13.22;0.08;0.1;NA;NA;NA;
24;6;6.82;9.02;8.05;NA;5.18;3.24;10.45;0.55;0.29;NA;NA;NA;
24;7;10.62;18.57;12.55;NA;10.58;5.6;10.66;2.89;2.08;NA;NA;NA;
24;8;25.13;25.29;18.46;NA;20.49;19.01;31.82;12.63;7.76;NA;NA;NA;
24;9;46.49;50.27;36.45;NA;31.61;29.4;38.72;39.9;21.19;NA;NA;NA;
24;10;69.08;65.22;56.05;NA;45.27;47.27;58.11;61.23;34.08;NA;NA;NA;
24;11;80.07;66.19;75;NA;55.74;68.03;57.13;86.06;42.38;NA;NA;NA;
24;12;61.26;59.52;94.35;NA;74.4;94.67;50.09;98.35;46.31;NA;NA;NA;
24;13;54.24;56.82;60.27;NA;71.57;80.45;55.95;73.41;79.25;NA;NA;NA;
24;14;47.36;58.22;57.12;NA;34.11;53.04;51.67;57.02;54.18;NA;NA;NA;
24;15;44.5;46.08;43.79;NA;23.56;33.71;30.72;50.95;48.35;NA;NA;NA;
24;16;41.31;46.4;40.82;NA;30.32;36.69;38.64;31.46;29.09;NA;NA;NA;
24;17;36.99;41.35;36.51;NA;26.59;16.04;37.99;24.81;5.71;NA;NA;NA;
24;18;27.64;26.17;25.22;NA;12.44;20.33;25.75;11.28;0.76;NA;NA;NA;
24;19;12.96;22.21;14.5;NA;15.66;24.35;29.19;12.03;0.63;NA;NA;NA;
24;20;16.34;23.27;12.53;NA;12.43;20.69;16.89;21.62;0.65;NA;NA;NA;
24;21;13.04;23.39;16.84;NA;23.35;25.88;23.79;13.99;0.14;NA;NA;NA;
24;22;15.73;21.26;16.92;NA;8.6;15.51;26;11.09;0.55;NA;NA;NA;
24;23;12.24;24.51;10.14;NA;6.68;4.79;15.06;6.93;0.06;NA;NA;NA;
25;0;20.09;24.71;12.6;NA;3.16;0.61;11.07;ND;0.2;NA;NA;NA;
25;1;22.76;28.13;6.72;NA;1.64;1.97;ND;3.83;ND;NA;NA;NA;
25;2;ND;ND;6.58;NA;6.89;ND;8.04;0.24;0.05;NA;NA;NA;
25;3;23.6;32.59;10.71;NA;2.53;3.17;11.28;0.05;3.01;NA;NA;NA;
25;4;15.5;15.5;5.23;NA;0.31;1.28;15.44;0.08;6.32;NA;NA;NA;
25;5;10.04;0.56;1.05;NA;3;1.23;18.02;0.51;2.15;NA;NA;NA;
25;6;2.18;1.22;1.63;NA;4.01;2.32;9.75;0.59;1.08;NA;NA;NA;
25;7;6.24;5.11;8.39;NA;6.01;5.01;15.33;2.81;2.42;NA;NA;NA;
25;8;11.63;16.53;10.45;NA;12.61;13.75;31.27;4.12;11.61;NA;NA;NA;
25;9;33.99;31.1;16.97;NA;28.99;25.49;43.79;17.36;24.5;NA;NA;NA;
25;10;42.86;44.9;28.56;NA;39.07;41.72;55.72;30.03;47.93;NA;NA;NA;
25;11;62.06;67.61;48.26;NA;52.62;56.44;66.45;ND;65.08;NA;NA;NA;
25;12;68.88;71.53;66.03;NA;64.06;71.49;76.87;ND;46.04;NA;NA;NA;
25;13;71.36;66.64;70.03;NA;54.82;74.67;73.32;72.86;65.9;NA;NA;NA;
25;14;69.08;65.11;67.24;NA;55.71;ND;70.77;ND;75.3;NA;NA;NA;
25;15;65.11;72.34;56.32;NA;52.9;ND;52.24;64.81;58.02;NA;NA;NA;
25;16;54.85;57.06;27.66;NA;37.61;40.68;55.29;54.94;51.17;NA;NA;NA;
25;17;36.75;38.99;27.9;NA;25.23;29.14;35.84;28.37;34.77;NA;NA;NA;
25;18;24.07;16.07;19.79;NA;9.22;20.59;20.47;12.37;0.95;NA;NA;NA;
25;19;10.21;13.29;2.72;NA;5.34;1.7;36.74;2.71;0.49;NA;NA;NA;
25;20;6.7;16.28;1.48;NA;11.92;2.81;27.3;0.03;0.34;NA;NA;NA;
25;21;11.17;13.94;1.27;NA;11.49;5.02;14.19;1.08;1.87;NA;NA;NA;
25;22;9.37;10.51;0.99;NA;6.12;0.66;33.36;0.13;0.84;NA;NA;NA;
25;23;12.12;24.47;0.83;NA;0.98;0.94;43.41;0;5.36;NA;NA;NA;
26;0;20.32;28.06;6.05;NA;6.41;0.8;42.57;0.09;1.99;NA;NA;NA;
26;1;19.97;27.89;4.06;NA;1.89;1.13;20.76;0.01;0;NA;NA;NA;
26;2;16.97;18.3;1.81;NA;ND;4.37;25.85;0;0;NA;NA;NA;
26;3;12.23;16.6;2.25;NA;0;10.57;36.24;0;0.17;NA;NA;NA;
26;4;7.83;8.55;1.17;NA;2.41;12.81;38.69;0;0.34;NA;NA;NA;
26;5;6.75;3.01;21.82;NA;3.49;11.03;37.68;0.01;0.01;NA;NA;NA;
26;6;5.78;2.4;12.04;NA;4.18;4.13;36.97;0.21;0.5;NA;NA;NA;
26;7;21.74;14.65;6.08;NA;9.27;12.22;35;2.72;3.69;NA;NA;NA;
26;8;27.3;19.91;14.66;NA;22.8;28.18;43.61;6;5.37;NA;NA;NA;
26;9;42.11;35.45;14.67;NA;24.79;22.37;44.05;21.64;4.22;NA;NA;NA;
26;10;56.36;48.53;44.46;NA;46.54;44.02;38.11;47.83;15.13;NA;NA;NA;
26;11;67.32;64.52;67.53;NA;70.36;70.13;66.2;75.33;57.33;NA;NA;NA;
26;12;67.75;67.11;54.03;NA;63.03;60.57;71.68;74.79;88;NA;NA;NA;
26;13;63.76;65.48;56.58;NA;61.71;61.78;72.19;68.34;72.59;NA;NA;NA;
26;14;ND;60.67;55.33;NA;62.61;62.6;73.6;66.35;62.08;NA;NA;NA;
26;15;ND;59.78;48.24;NA;43.33;55.05;60.57;ND;44.85;NA;NA;NA;
26;16;ND;58.16;51.2;NA;42.56;48.01;43.92;ND;52.76;NA;NA;NA;
26;17;36.63;48.49;35.67;NA;25.39;33.22;43.08;43.2;35.02;NA;NA;NA;
26;18;34.36;35.71;10.56;NA;22.56;14.92;24.44;34.17;19.82;NA;NA;NA;
26;19;25.1;26.66;2.16;NA;11.69;6.94;12.74;30.07;9.11;NA;NA;NA;
26;20;13.39;26.6;3.68;NA;12.99;3.93;18.54;28.79;9.53;NA;NA;NA;
26;21;10.39;27.02;5.34;NA;2.1;3.61;17.2;30.45;21.39;NA;NA;NA;
26;22;14.23;24.51;8.61;NA;13.66;7.66;28.4;30.39;23.13;NA;NA;NA;
26;23;17.3;25.47;11.87;NA;16.46;13.49;32.52;29.6;15.84;NA;NA;NA;
27;0;16.22;22.66;17.04;NA;21.84;20.62;26.5;27.53;17.73;NA;NA;NA;
27;1;20.98;23.63;23.68;NA;25.65;23.67;ND;24.93;ND;NA;NA;NA;
27;2;ND;ND;22.8;NA;28.24;ND;28.81;23.83;4.66;NA;NA;NA;
27;3;23.99;24.57;20.57;NA;19.81;11.48;27.7;23.25;10.41;NA;NA;NA;
27;4;17.38;25.83;21.03;NA;15.27;14.76;21.19;23.62;1.6;NA;NA;NA;
27;5;5.77;20.23;12.76;NA;3.17;8.79;17.09;13.23;0.8;NA;NA;NA;
27;6;3.03;5.15;1.94;NA;2.92;2.13;26.91;2.72;0.89;NA;NA;NA;
27;7;8.81;10.84;6.33;NA;15.93;5.04;32.41;3.87;2.3;NA;NA;NA;
27;8;12.69;15.77;9.23;NA;9.52;9.58;32.8;6.24;3.38;NA;NA;NA;
27;9;29.23;14.51;16.66;NA;20.4;24.29;37.77;20;11.39;NA;NA;NA;
27;10;32.36;38.64;41.41;NA;36.99;45.8;46.41;34.77;32.62;NA;NA;NA;
27;11;51.05;55.52;43.83;NA;53.83;52.25;53.69;59.72;51.99;NA;NA;NA;
27;12;63.19;60.98;50.73;NA;54.83;57.42;63.43;68.64;60.12;NA;NA;NA;
27;13;59.88;61.81;ND;NA;68.9;69.33;71.95;65.63;60.71;NA;NA;NA;
27;14;47.99;58.59;ND;NA;63.71;58.79;68.79;56.36;60.09;NA;NA;NA;
27;15;47.65;55.21;53.57;NA;45.68;53.73;58.69;56.24;34.37;NA;NA;NA;
27;16;45.61;57.28;45.24;NA;26.76;43.41;41.17;47.55;53.08;NA;NA;NA;
27;17;42.2;46.43;34.43;NA;17.83;23.89;23.72;41.85;41.52;NA;NA;NA;
27;18;30.96;29.5;11.32;NA;11.16;4.98;15.8;31.57;33.16;NA;NA;NA;
27;19;20.76;24.41;2.16;NA;5.74;3.13;14.4;25.69;22.74;NA;NA;NA;
27;20;8.85;19.01;1.03;NA;2.52;0.98;10.29;23.68;17.11;NA;NA;NA;
27;21;4.14;16.06;0.93;NA;4.75;0.43;13.3;23.67;8.33;NA;NA;NA;
27;22;7.8;14.57;1.23;NA;7.7;1.11;13.76;16.43;2.93;NA;NA;NA;
27;23;4.51;14.17;0.95;NA;9.45;0.32;17.81;19.14;12.85;NA;NA;NA;
28;0;11.86;21.67;2.61;NA;9.54;0.18;9.33;ND;3.32;NA;NA;NA;
28;1;17.76;22.59;3.3;NA;6.69;0.14;12.99;18.81;4.96;NA;NA;NA;
28;2;18.96;18.31;ND;NA;ND;0.7;7.35;7.14;2.38;NA;NA;NA;
28;3;12.17;10.68;2.79;NA;0.91;0.23;6.64;4.32;2.46;NA;NA;NA;
28;4;3.8;9.49;11.12;NA;1.16;2.25;10.17;4.62;0.98;NA;NA;NA;
28;5;2.02;3.22;1.06;NA;0.46;1.37;2.83;1.71;0.34;NA;NA;NA;
28;6;2.74;1.05;1.72;NA;2.71;1.45;2.81;1.2;0.75;NA;NA;NA;
28;7;5.21;2.62;5.03;NA;5.33;6.37;6.69;3.28;3.13;NA;NA;NA;
28;8;15.63;8.77;11.16;NA;17.69;14.77;29.04;10.65;7.25;NA;NA;NA;
28;9;28.02;25.68;20.45;NA;26.69;18.07;33.53;18.81;7.07;NA;NA;NA;
28;10;30.61;33.25;20.15;NA;20.38;14.99;38.35;28.83;19.41;NA;NA;NA;
28;11;37.82;39.25;39.26;NA;33.55;31.47;45.64;33.61;28.11;NA;NA;NA;
28;12;44.33;47.03;46.78;NA;45.49;49.72;59.57;51.77;48;NA;NA;NA;
28;13;58;56.12;56.6;NA;ND;57.12;70.1;57.44;53.38;NA;NA;NA;
28;14;48.85;ND;55.72;NA;ND;63.93;74.98;60.92;56.68;NA;NA;NA;
28;15;41.72;ND;58.18;NA;47.4;58.61;65.56;60.89;53.08;NA;NA;NA;
28;16;40.39;53.58;38.96;NA;ND;41.39;46.16;56.57;46.75;NA;NA;NA;
28;17;35.28;43.51;32.6;NA;16.3;23.9;25.68;40.8;40.03;NA;NA;NA;
28;18;26.35;31.16;10.35;NA;12.54;10.28;16.08;31.57;31.63;NA;NA;NA;
28;19;20.6;21.85;2.92;NA;7.75;1.54;14.93;24.31;27.64;NA;NA;NA;
28;20;14.32;22.06;1.08;NA;4.9;4.33;15.64;22.48;24.96;NA;NA;NA;
28;21;12.17;20.74;2.03;NA;5.68;3.5;16.87;26.57;12;NA;NA;NA;
28;22;9.67;17.36;3;NA;10.52;7.37;12.49;27.44;21.68;NA;NA;NA;
28;23;9.68;19.36;6.17;NA;9.05;9.39;12.86;26.74;18.73;NA;NA;NA;
29;0;9.23;21.52;11.15;NA;13.17;12.76;15.16;26.35;17.99;NA;NA;NA;
29;1;11.69;21.91;12.39;NA;12.3;12.99;ND;26.2;ND;NA;NA;NA;
29;2;ND;ND;12.93;NA;8.37;ND;8.84;ND;12.18;NA;NA;NA;
29;3;15.56;21.57;12.02;NA;2.79;2.22;7.79;ND;17.73;NA;NA;NA;
29;4;11.99;16.43;7.45;NA;1.01;0.33;11;ND;15.64;NA;NA;NA;
29;5;7.54;14.91;0.63;NA;1.21;0.05;1.6;ND;13.1;NA;NA;NA;
29;6;2.02;8.48;1.05;NA;2.05;0.7;1.76;ND;4.48;NA;NA;NA;
29;7;3.69;9.72;4.54;NA;4.5;2.95;3.75;ND;5.44;NA;NA;NA;
29;8;11.51;19.13;10.74;NA;11.84;9.07;21.7;ND;14.68;NA;NA;NA;
29;9;30.23;38.19;24.53;NA;18.26;23.79;34.06;ND;6.42;NA;NA;NA;
29;10;53.01;61.64;48.8;NA;49.41;54.28;46.48;ND;42.14;NA;NA;NA;
29;11;66.52;66.77;56.45;NA;65.91;ND;66.87;67.77;69.24;NA;NA;NA;
29;12;64.28;70.05;57.5;NA;65.78;ND;79.85;79.56;68.83;NA;NA;NA;
29;13;55.16;71.91;64.07;NA;62.68;ND;63.36;76.78;64.88;NA;NA;NA;
29;14;54.82;72.8;71.02;NA;59.11;ND;67.74;77.43;72.33;NA;NA;NA;
29;15;43.86;60.88;55.97;NA;45.89;ND;54.89;67.69;73.59;NA;NA;NA;
29;16;38.19;51.18;39.05;NA;32.65;49.83;45.05;51.68;46.95;NA;NA;NA;
29;17;33.22;35;40.97;NA;25.48;26.33;29.21;39.08;38.83;NA;NA;NA;
29;18;23.63;30.55;9.78;NA;13.92;8.64;19.25;32.92;23.07;NA;NA;NA;
29;19;21.18;27.46;4.5;NA;6.55;5.63;17.24;29.92;13.64;NA;NA;NA;
29;20;14.24;24.99;4.08;NA;6.08;3.12;13.48;32.32;23.75;NA;NA;NA;
29;21;6.56;22.22;2.34;NA;4.43;1.47;14.57;31.59;25;NA;NA;NA;
29;22;6.74;21.64;4.2;NA;5.24;0.25;14.19;30.8;20.8;NA;NA;NA;
29;23;10.41;23.73;5.6;NA;6.67;2.66;18.61;30.25;24.02;NA;NA;NA;
30;0;12.23;21.67;0.96;NA;2.61;1.43;7.01;ND;12.8;NA;NA;NA;
30;1;16.03;22.23;1.88;NA;3.59;4.26;14.31;22.34;13.13;NA;NA;NA;
30;2;18.68;21.25;ND;NA;ND;1.15;13.34;20.13;3.92;NA;NA;NA;
30;3;15.34;18.09;1.09;NA;1.43;1.03;25.02;11.17;1;NA;NA;NA;
30;4;7.82;14.85;3.27;NA;4.39;0.21;25.52;8.07;0.54;NA;NA;NA;
30;5;5.8;2.24;1.07;NA;3.21;0.79;25.54;1.27;0.44;NA;NA;NA;
30;6;2.37;3.61;2.46;NA;2.38;1.9;23.29;1.63;1.01;NA;NA;NA;
30;7;7.05;4.71;14.88;NA;7.17;10.95;26.81;4.39;3.91;NA;NA;NA;
30;8;26.49;8.86;28.14;NA;28.87;29.42;32.95;14.05;16.55;NA;NA;NA;
30;9;39.48;24.38;34.4;NA;38.8;43.12;39.16;28.17;19.22;NA;NA;NA;
30;10;42.27;46;40.92;NA;41.57;46.29;39.91;46.47;34.48;NA;NA;NA;
30;11;45.18;57.36;46.79;NA;44.97;43.92;45.66;55.84;39.26;NA;NA;NA;
30;12;52.11;65.66;44.02;NA;38.5;44.47;50.77;38.29;36.9;NA;NA;NA;
30;13;48.76;47.76;34.33;NA;35.31;37.47;39.71;34.58;41.9;NA;NA;NA;
30;14;44.86;46.88;34.11;NA;39.01;35.89;39.5;34.83;37.09;NA;NA;NA;
30;15;42.24;50.71;34.16;NA;36.14;36.11;43.86;32.62;36.05;NA;NA;NA;
30;16;40.72;46.37;38.64;NA;29.09;33.63;34.46;39.79;31.06;NA;NA;NA;
30;17;35.76;42.2;30.24;NA;20.08;26.21;29.93;41.12;25.65;NA;NA;NA;
30;18;27.27;36.23;18.99;NA;16.15;12.83;24.45;33.27;21.04;NA;NA;NA;
30;19;12.11;24.7;7.49;NA;12.64;7.16;12.51;29.71;14.9;NA;NA;NA;
30;20;4.67;21.33;5.89;NA;7.22;3.34;11.49;16.95;21.92;NA;NA;NA;
30;21;3.88;13.3;10.87;NA;5.54;11.81;14.92;9.84;10.55;NA;NA;NA;
30;22;3.93;12.35;1.78;NA;3.23;4.24;23.13;11.4;1.6;NA;NA;NA;
30;23;3.26;13.64;2.45;NA;1.59;6.15;27.33;16.38;1.88;NA;NA;NA;
31;0;5.94;9.35;2.67;NA;1.48;6.55;28.08;10.27;0.71;NA;NA;NA;
31;1;6.42;0.53;2.32;NA;1.28;11.8;ND;15.51;ND;NA;NA;NA;
31;2;ND;ND;4.71;NA;1.81;ND;29.61;13.32;0.62;NA;NA;NA;
31;3;16.56;3.67;1.75;NA;4.47;3.54;29.9;12.87;0.82;NA;NA;NA;
31;4;19.63;8.79;10.88;NA;2.95;1.46;27.65;9.02;0.41;NA;NA;NA;
31;5;14.82;6.78;20.39;NA;3.31;1.33;27.86;2.35;0.25;NA;NA;NA;
31;6;7.73;3.76;21.32;NA;5.53;1.96;27.29;1.85;0.63;NA;NA;NA;
31;7;19.52;19.35;17.31;NA;15.21;6.6;30.41;2.64;3.86;NA;NA;NA;
31;8;37.37;39.85;36.11;NA;31.11;31.98;36.54;4.25;14.51;NA;NA;NA;
31;9;49.4;49.57;43.2;NA;45.3;46.7;42.42;25.21;37.44;NA;NA;NA;
31;10;53.03;54.4;47.26;NA;46.13;48.97;47.24;43.04;51.02;NA;NA;NA;
31;11;53.26;54.93;47.36;NA;46.7;50.92;44.63;ND;48.25;NA;NA;NA;
31;12;55.29;56.36;48.17;NA;52.37;51.09;38.67;ND;45.55;NA;NA;NA;
31;13;44.35;43.24;41.53;NA;44.96;47.4;45.06;ND;39.12;NA;NA;NA;
31;14;37.92;42.45;37.02;NA;38.05;40.21;35.55;ND;34.9;NA;NA;NA;
31;15;36.62;42.39;34.84;NA;33.36;38.83;30.91;ND;34.32;NA;NA;NA;
31;16;31.83;36.65;28.28;NA;29.54;34.63;29.91;ND;30.33;NA;NA;NA;
31;17;25.52;32.12;20.16;NA;26.3;28.23;25.71;ND;26.05;NA;NA;NA;
31;18;23.8;27.75;17.83;NA;16.2;18.14;24.48;ND;23.55;NA;NA;NA;
31;19;19.15;23.34;21.11;NA;17.18;16.66;26.12;ND;12.9;NA;NA;NA;
31;20;5.91;19.52;6.69;NA;18.12;9.01;25.77;ND;2.42;NA;NA;NA;
31;21;7.13;21.37;12.87;NA;3.31;14.04;25.29;ND;1.11;NA;NA;NA;
31;22;9.52;19.45;21.6;NA;3.36;8.44;28.46;ND;0.76;NA;NA;NA;
31;23;12.43;22.98;17.83;NA;3.63;15.53;30.16;ND;0.55;NA;NA;NA;
