DIA;HORA;Cotocollao;Carapungo;Belisario;Jipijapa;El Camal;Centro;Guamaní;Tumbaco;Los Chillos;El Condado;Turubamba;Chillogallo;
1;0;1.99;1.86;5.26;NA;2.21;4.55;ND;0.99;ND;NA;NA;NA;
1;1;1.82;1.73;4.2;NA;3.9;4.44;ND;0.67;ND;NA;NA;NA;
1;2;1.91;1.53;4.17;NA;2.58;4.68;ND;0.5;ND;NA;NA;NA;
1;3;2.04;1.58;4.53;NA;11.73;6.32;ND;0.78;ND;NA;NA;NA;
1;4;2.44;1.53;6.01;NA;9.89;10.07;ND;3.2;ND;NA;NA;NA;
1;5;3.56;2.22;6.38;NA;24.5;10.59;ND;3.36;ND;NA;NA;NA;
1;6;3.28;3.56;8.48;NA;63.73;16.48;ND;5.97;ND;NA;NA;NA;
1;7;6.19;5.58;21.08;NA;29.32;22.07;ND;9.09;ND;NA;NA;NA;
1;8;12.92;7.17;26.29;NA;28.76;16.5;ND;10.04;ND;NA;NA;NA;
1;9;14.4;4.71;25.15;NA;8.82;18.17;ND;7.99;ND;NA;NA;NA;
1;10;7.74;4.19;13.98;NA;4.52;11.65;ND;3.18;ND;NA;NA;NA;
1;11;3.34;5.09;10.39;NA;9.61;8.44;ND;2.24;ND;NA;NA;NA;
1;12;2.79;3.85;7.88;NA;13.75;7.05;ND;2.64;ND;NA;NA;NA;
1;13;2.17;2.71;6.5;NA;2.51;4.99;ND;2.02;ND;NA;NA;NA;
1;14;1.56;2.25;5.67;NA;1.83;5.27;ND;1.38;ND;NA;NA;NA;
1;15;1.44;2.48;4.77;NA;2.88;5.17;ND;1.22;ND;NA;NA;NA;
1;16;1.49;1.94;5.73;NA;2.25;5.21;ND;0.88;ND;NA;NA;NA;
1;17;1.67;2.03;5.99;NA;2.52;4.77;ND;1.02;ND;NA;NA;NA;
1;18;1.69;1.86;6.75;NA;2.91;5.11;ND;0.87;ND;NA;NA;NA;
1;19;1.49;1.78;6.12;NA;1.87;4.77;ND;0.67;ND;NA;NA;NA;
1;20;1.6;1.85;6.45;NA;1.78;4.9;ND;0.62;ND;NA;NA;NA;
1;21;2.07;1.79;6.61;NA;3.14;5.54;ND;0.67;ND;NA;NA;NA;
1;22;1.88;1.51;5.59;NA;4.95;4.95;ND;0.56;ND;NA;NA;NA;
1;23;1.44;1.38;4.9;NA;5.86;4.69;ND;0.5;ND;NA;NA;NA;
2;0;1.04;1.41;4.95;NA;25.46;5.07;ND;0.55;ND;NA;NA;NA;
2;1;0.9;1.45;4.43;NA;5.13;4.87;ND;0.41;ND;NA;NA;NA;
2;2;1.07;1.39;4.26;NA;6.09;5.02;ND;0.77;ND;NA;NA;NA;
2;3;1.24;1.35;4.17;NA;6.64;5.49;ND;1.06;ND;NA;NA;NA;
2;4;1.42;1.93;4.49;NA;4.43;5.76;ND;0.84;ND;NA;NA;NA;
2;5;2.69;2.01;5.6;NA;8.35;7.05;ND;1.16;ND;NA;NA;NA;
2;6;4.28;2.62;5.97;NA;81.35;17.76;ND;2.49;ND;NA;NA;NA;
2;7;5.49;4.35;8.96;NA;54.12;23.2;ND;3.22;ND;NA;NA;NA;
2;8;7.21;3.92;11.41;NA;9.31;15.69;ND;8.83;ND;NA;NA;NA;
2;9;6.74;3.83;9.05;NA;5.11;9.8;ND;7.8;ND;NA;NA;NA;
2;10;4.44;4.03;11.41;NA;3.64;7.74;ND;3.39;ND;NA;NA;NA;
2;11;5.52;3.67;10.26;NA;3.38;5.72;ND;2.72;ND;NA;NA;NA;
2;12;4.12;3.6;8.8;NA;2.49;6.03;ND;2.13;ND;NA;NA;NA;
2;13;3.05;2.5;5.9;NA;3.16;5.84;ND;1.87;ND;NA;NA;NA;
2;14;1.65;2.69;4.05;NA;2.96;4.75;ND;1.08;ND;NA;NA;NA;
2;15;1.57;2.2;4.49;NA;4.24;5.3;ND;9.79;ND;NA;NA;NA;
2;16;1.73;1.99;4.83;NA;2.99;5.78;ND;2.09;ND;NA;NA;NA;
2;17;1.63;1.75;7.6;NA;3.02;5.91;ND;1.21;ND;NA;NA;NA;
2;18;1.55;1.69;7.89;NA;2.9;5.9;ND;1.04;ND;NA;NA;NA;
2;19;2.13;1.93;7.72;NA;3.11;6.17;ND;0.73;ND;NA;NA;NA;
2;20;2.31;1.62;6.92;NA;4.57;6.12;ND;0.72;ND;NA;NA;NA;
2;21;2.83;1.62;6.69;NA;4.86;5.8;ND;0.49;ND;NA;NA;NA;
2;22;2.09;1.73;5.34;NA;2.5;5.39;ND;0.46;ND;NA;NA;NA;
2;23;1.99;1.57;5.09;NA;1.48;4.75;ND;0.62;ND;NA;NA;NA;
3;0;1.97;1.5;4.68;NA;1.87;4.67;ND;1.89;ND;NA;NA;NA;
3;1;1.56;1.47;4.25;NA;1.4;4.15;ND;1.07;ND;NA;NA;NA;
3;2;1.26;1.53;4.18;NA;1.8;4.1;ND;0.51;ND;NA;NA;NA;
3;3;1.38;2.27;4.08;NA;2.21;3.92;ND;0.69;ND;NA;NA;NA;
3;4;2.06;2.07;4.56;NA;2.86;4.11;ND;2.19;ND;NA;NA;NA;
3;5;1.54;2.08;4.79;NA;4.61;5.38;ND;1.45;ND;NA;NA;NA;
3;6;1.71;2.07;5.8;NA;27.24;9.57;ND;4.32;ND;NA;NA;NA;
3;7;3.36;2.14;15.17;NA;34.76;18.52;ND;5.22;ND;NA;NA;NA;
3;8;5.27;3.91;17.26;NA;22.1;14.19;ND;21.04;ND;NA;NA;NA;
3;9;6.59;5.26;19.81;NA;12.51;9.17;ND;5.51;ND;NA;NA;NA;
3;10;3.84;4.27;8.12;NA;6.12;8.62;ND;5.84;ND;NA;NA;NA;
3;11;2.01;3.39;5.7;NA;5.46;6.03;ND;4.09;ND;NA;NA;NA;
3;12;1.87;2.35;3.98;NA;2.37;4.62;ND;1.56;ND;NA;NA;NA;
3;13;1.76;2.57;4.07;NA;1.95;4.49;ND;1.16;ND;NA;NA;NA;
3;14;1.58;2.04;3.6;NA;2.28;4.88;ND;1.33;ND;NA;NA;NA;
3;15;1.49;2.14;3.94;NA;3.3;4.44;ND;2.13;ND;NA;NA;NA;
3;16;1.32;1.92;4.04;NA;2.26;5.38;ND;1.31;ND;NA;NA;NA;
3;17;1.48;2.04;4.64;NA;2.32;5.09;ND;1.07;ND;NA;NA;NA;
3;18;1.83;1.93;5.14;NA;3.52;4.95;ND;0.91;ND;NA;NA;NA;
3;19;2.3;1.96;5.66;NA;5.76;5.63;ND;0.82;ND;NA;NA;NA;
3;20;2.43;1.9;5.61;NA;2.98;4.93;ND;0.9;ND;NA;NA;NA;
3;21;2.22;1.72;4.59;NA;1.91;4.38;ND;0.55;ND;NA;NA;NA;
3;22;2.33;1.49;5.17;NA;1.56;4.21;ND;0.62;ND;NA;NA;NA;
3;23;1.92;1.46;4;NA;1.21;3.87;ND;0.43;ND;NA;NA;NA;
4;0;1.5;1.38;3.65;NA;1.07;3.8;ND;0.62;ND;NA;NA;NA;
4;1;1.61;1.37;3.59;NA;1.05;3.77;ND;0.49;ND;NA;NA;NA;
4;2;1.55;1.38;3.51;NA;1.04;3.65;ND;0.52;ND;NA;NA;NA;
4;3;1.28;1.27;3.61;NA;1.55;3.7;ND;0.38;ND;NA;NA;NA;
4;4;1.2;1.28;4.36;NA;1.92;4.16;ND;0.39;ND;NA;NA;NA;
4;5;1.18;1.39;3.62;NA;31.28;4.22;ND;0.56;ND;NA;NA;NA;
4;6;1.7;1.66;4.39;NA;11.81;4.56;ND;0.87;ND;NA;NA;NA;
4;7;2.5;1.7;6.79;NA;61.4;7.47;ND;2.77;ND;NA;NA;NA;
4;8;2.74;2.04;16.87;NA;27.15;27.35;ND;22;ND;NA;NA;NA;
4;9;2.74;2.52;10.63;NA;7.23;13.44;ND;10.3;ND;NA;NA;NA;
4;10;2.92;2.74;9.62;NA;7.32;10.09;ND;6.54;ND;NA;NA;NA;
4;11;2.79;2.85;8.65;NA;5.57;8.93;ND;3.69;ND;NA;NA;NA;
4;12;2.97;2.74;8.41;NA;5.06;7.78;ND;2.4;ND;NA;NA;NA;
4;13;2.34;2.25;8.57;NA;5.07;7.97;ND;2.27;ND;NA;NA;NA;
4;14;1.92;1.81;5.27;NA;5.56;7.19;ND;1.53;ND;NA;NA;NA;
4;15;1.81;1.85;5.43;NA;3.93;7.27;ND;1.72;ND;NA;NA;NA;
4;16;2.1;1.88;5.57;NA;4.91;6.86;ND;1.69;ND;NA;NA;NA;
4;17;2.33;1.83;5.25;NA;4.2;5.73;ND;1.89;ND;NA;NA;NA;
4;18;2.4;1.82;5.64;NA;3.49;5.8;ND;1.35;ND;NA;NA;NA;
4;19;2.26;1.73;5.48;NA;3.51;5.2;ND;1.03;ND;NA;NA;NA;
4;20;2.2;1.64;5.32;NA;2.12;4.78;ND;0.94;ND;NA;NA;NA;
4;21;1.81;1.66;5.05;NA;2.15;4.7;ND;0.72;ND;NA;NA;NA;
4;22;1.38;1.51;4.44;NA;1.97;4.4;ND;0.64;ND;NA;NA;NA;
4;23;1.31;1.46;3.65;NA;1.28;4.09;ND;0.35;ND;NA;NA;NA;
5;0;1.47;1.41;3.68;NA;1.17;4.25;ND;0.69;ND;NA;NA;NA;
5;1;1.33;1.59;3.64;NA;1.06;4.13;ND;0.62;ND;NA;NA;NA;
5;2;1.31;1.55;4.14;NA;1.05;4.04;ND;0.76;ND;NA;NA;NA;
5;3;1.09;1.49;3.58;NA;1.29;3.81;ND;1.23;ND;NA;NA;NA;
5;4;1.78;1.45;3.69;NA;21.94;4.2;ND;0.75;ND;NA;NA;NA;
5;5;4.19;1.84;5.55;NA;34.19;5.76;ND;2.19;ND;NA;NA;NA;
5;6;4.04;2.09;8.55;NA;54.71;9.24;ND;3.2;ND;NA;NA;NA;
5;7;6.83;2.55;17.81;NA;77.7;18.01;ND;3.5;ND;NA;NA;NA;
5;8;11.94;6.37;19.34;NA;31.68;17.46;ND;23.34;ND;NA;NA;NA;
5;9;11.5;6.9;15.19;NA;9.35;11.7;ND;18.2;ND;NA;NA;NA;
5;10;6.98;5.9;13.36;NA;5.79;10.31;ND;5.59;ND;NA;NA;NA;
5;11;3.22;3.85;ND;NA;ND;9.7;ND;3.06;ND;NA;NA;NA;
5;12;1.89;2.93;ND;NA;ND;7.26;ND;2.68;ND;NA;NA;NA;
5;13;1.66;2.63;1.5;NA;1.26;6.1;ND;1.87;ND;NA;NA;NA;
5;14;1.36;2.03;ND;NA;ND;5.18;ND;1.16;ND;NA;NA;NA;
5;15;1.46;2.25;ND;NA;ND;4.93;ND;1.51;ND;NA;NA;NA;
5;16;2.31;3.43;2.87;NA;ND;5.49;ND;1.48;ND;NA;NA;NA;
5;17;2.81;3.33;3.99;NA;4.47;6.35;ND;1.44;ND;NA;NA;NA;
5;18;3.03;2.74;3.89;NA;3.23;7.13;ND;4.02;ND;NA;NA;NA;
5;19;3.23;2.17;4.61;NA;5.47;7.26;ND;4.02;ND;NA;NA;NA;
5;20;3.72;2.21;5.12;NA;2.69;6.44;ND;2.38;ND;NA;NA;NA;
5;21;2.3;2.37;5.22;NA;4.05;7.46;ND;1.58;ND;NA;NA;NA;
5;22;2.27;2.64;5.05;NA;5.26;7.42;ND;1.36;ND;NA;NA;NA;
5;23;2.22;2.37;5.13;NA;5.38;5.97;ND;0.95;ND;NA;NA;NA;
6;0;2.8;2.19;4.23;NA;4.53;5.33;ND;1.51;ND;NA;NA;NA;
6;1;3.49;2.71;3.2;NA;3.15;5.17;ND;2.17;ND;NA;NA;NA;
6;2;2.98;2.83;2.85;NA;3.15;4.88;ND;2.01;ND;NA;NA;NA;
6;3;4.22;2.34;4.41;NA;4.32;5.64;ND;1.88;ND;NA;NA;NA;
6;4;4.46;2.71;4.82;NA;9.84;7.26;ND;2.52;ND;NA;NA;NA;
6;5;3.31;2.69;4.93;NA;19.46;7.91;ND;2.19;ND;NA;NA;NA;
6;6;2.95;2.72;3.91;NA;13.78;6.72;ND;6.96;ND;NA;NA;NA;
6;7;3.48;3.18;6.01;NA;16.33;8.39;ND;11.74;ND;NA;NA;NA;
6;8;6.22;5.18;8.55;NA;20.31;8.26;ND;14.08;ND;NA;NA;NA;
6;9;8.79;8.27;6.37;NA;8.05;7.27;ND;11.09;ND;NA;NA;NA;
6;10;8.38;7.04;7.75;NA;5.85;6.02;ND;ND;ND;NA;NA;NA;
6;11;7.41;7.38;11.8;NA;5.01;7.26;ND;ND;ND;NA;NA;NA;
6;12;2.81;5.15;9.66;NA;3.97;9.75;ND;ND;ND;NA;NA;NA;
6;13;2.66;3.69;7.09;NA;2.87;10.81;ND;0.46;ND;NA;NA;NA;
6;14;1.77;2.91;4.93;NA;2.51;7.5;ND;0.44;ND;NA;NA;NA;
6;15;1.65;2.34;4.97;NA;2.21;5.59;ND;0.39;ND;NA;NA;NA;
6;16;2.4;1.98;5.73;NA;2.24;5.58;ND;0.28;ND;NA;NA;NA;
6;17;3.13;2.06;5.93;NA;1.92;5.57;ND;0.42;ND;NA;NA;NA;
6;18;2.85;2.01;4.75;NA;2.08;5.49;ND;0.41;ND;NA;NA;NA;
6;19;2.62;1.87;4.24;NA;2.02;5.4;ND;0.55;ND;NA;NA;NA;
6;20;1.81;1.88;3.94;NA;2.37;4.82;ND;0.23;ND;NA;NA;NA;
6;21;1.77;1.74;3.76;NA;2.54;4.71;ND;0.39;ND;NA;NA;NA;
6;22;1.7;1.47;3.18;NA;2.63;4.78;ND;0.43;ND;NA;NA;NA;
6;23;1.5;1.56;3.03;NA;2.56;4.25;ND;0.6;ND;NA;NA;NA;
7;0;2.09;1.26;3.66;NA;2.26;4.33;ND;0.61;ND;NA;NA;NA;
7;1;1.78;1.43;5.94;NA;5.51;4.93;ND;0.37;ND;NA;NA;NA;
7;2;1.36;1.49;5.49;NA;3.16;4.77;ND;0.63;ND;NA;NA;NA;
7;3;1.52;1.46;8.16;NA;2.25;4.63;ND;0.6;ND;NA;NA;NA;
7;4;1.95;2.02;7.35;NA;2.81;5.53;ND;0.7;ND;NA;NA;NA;
7;5;1.89;2.79;3.53;NA;3.44;6.06;ND;1.25;ND;NA;NA;NA;
7;6;2.89;5.57;7.89;NA;5.74;7.83;ND;3;ND;NA;NA;NA;
7;7;3.47;7.31;8.46;NA;10.74;13.4;ND;4.24;ND;NA;NA;NA;
7;8;3.7;6.18;9;NA;22.48;24.32;ND;7.22;ND;NA;NA;NA;
7;9;3.38;6.11;9.56;NA;15.1;20.14;ND;27.37;ND;NA;NA;NA;
7;10;ND;ND;12.04;NA;8.79;14.64;ND;14.83;ND;NA;NA;NA;
7;11;ND;ND;8.64;NA;8.76;12.92;ND;5.76;ND;NA;NA;NA;
7;12;0.76;ND;6.08;NA;4.72;8.88;ND;3.21;ND;NA;NA;NA;
7;13;0.76;1.96;4.6;NA;2.91;7.39;ND;1.89;ND;NA;NA;NA;
7;14;ND;ND;5.36;NA;1.95;6.44;ND;1.53;ND;NA;NA;NA;
7;15;ND;ND;4.87;NA;2.43;6.13;ND;1.95;ND;NA;NA;NA;
7;16;2.79;2.54;5.6;NA;1.77;5.62;ND;5.22;ND;NA;NA;NA;
7;17;2.27;2.81;7.74;NA;5.92;6.03;ND;5.51;ND;NA;NA;NA;
7;18;2.54;2.01;11.55;NA;9.63;11.21;ND;1.86;ND;NA;NA;NA;
7;19;2.62;3.45;16.59;NA;4.53;11.8;ND;1.97;ND;NA;NA;NA;
7;20;3.81;6.95;17.76;NA;6.93;20.52;ND;2.92;ND;NA;NA;NA;
7;21;6.27;16.16;15.36;NA;11.68;11.11;ND;2.28;ND;NA;NA;NA;
7;22;5.47;8.42;11.99;NA;18.58;14.31;ND;4.9;ND;NA;NA;NA;
7;23;6.98;13.09;13.61;NA;19.89;13.44;ND;2.35;ND;NA;NA;NA;
8;0;6.82;12.83;11.08;NA;15.97;11.22;ND;3.48;ND;NA;NA;NA;
8;1;6.16;5.8;11.05;NA;24.85;23.09;ND;4.25;ND;NA;NA;NA;
8;2;5.43;7.79;7.63;NA;36.61;10.08;ND;3.53;ND;NA;NA;NA;
8;3;5.29;16.75;4.57;NA;21.62;9.09;ND;2.74;ND;NA;NA;NA;
8;4;5.75;13.28;7.43;NA;33.05;8.11;ND;2.25;ND;NA;NA;NA;
8;5;8.51;11.16;8.21;NA;77.11;10.26;ND;1.97;ND;NA;NA;NA;
8;6;13.51;17.48;8.76;NA;201;23.76;ND;3.49;ND;NA;NA;NA;
8;7;15.67;23.15;17.11;NA;139.05;23.82;ND;3.71;ND;NA;NA;NA;
8;8;20.65;21.16;17.08;NA;65.74;17.22;ND;6.5;ND;NA;NA;NA;
8;9;10.16;11.37;8;NA;16.26;10.55;ND;5.18;ND;NA;NA;NA;
8;10;6.9;8.11;10.72;NA;6.89;10.36;ND;3.71;ND;NA;NA;NA;
8;11;4.41;4.09;6.8;NA;7.54;10.98;ND;2.82;ND;NA;NA;NA;
8;12;3.83;3.5;5.27;NA;4.06;7.6;ND;1.49;ND;NA;NA;NA;
8;13;3.11;3.1;5.52;NA;3.55;6.77;ND;1.51;ND;NA;NA;NA;
8;14;ND;3.04;4.11;NA;3.53;6.14;ND;1.32;ND;NA;NA;NA;
8;15;ND;2.74;3.35;NA;3.12;5.68;ND;0.95;ND;NA;NA;NA;
8;16;2.91;2.95;4.79;NA;4.38;6;ND;0.73;ND;NA;NA;NA;
8;17;2.72;2.55;5.5;NA;5.4;6.64;ND;0.63;ND;NA;NA;NA;
8;18;2.73;2.43;6.94;NA;4.91;6.38;ND;0.58;ND;NA;NA;NA;
8;19;5.03;5.48;5.34;NA;3.98;6.16;ND;1.07;ND;NA;NA;NA;
8;20;4.53;7.49;5.35;NA;13.1;6.44;ND;6.24;ND;NA;NA;NA;
8;21;5.32;5.66;4.84;NA;12.45;6.26;ND;16.09;ND;NA;NA;NA;
8;22;5.03;5.91;4.38;NA;15.48;5.6;ND;3.7;ND;NA;NA;NA;
8;23;5.06;7.24;4.61;NA;12.52;6.11;ND;2.69;ND;NA;NA;NA;
9;0;4.19;8.68;5.57;NA;32.4;9.95;ND;2.26;ND;NA;NA;NA;
9;1;4.15;4.77;5.74;NA;31.49;14.04;ND;1.93;ND;NA;NA;NA;
9;2;4.3;4.47;5.55;NA;51.11;12.31;ND;2.36;ND;NA;NA;NA;
9;3;4.82;6.96;5.61;NA;66.14;14.36;ND;3.51;ND;NA;NA;NA;
9;4;6.06;6.44;7.98;NA;74.68;12.77;ND;3.24;ND;NA;NA;NA;
9;5;5.44;7.51;8.3;NA;22.3;10.48;ND;2.63;ND;NA;NA;NA;
9;6;7.09;8.41;9.53;NA;21.17;11.63;ND;2.74;ND;NA;NA;NA;
9;7;8.01;11.37;11;NA;27.14;14.54;ND;4.2;ND;NA;NA;NA;
9;8;5.3;11.31;12.41;NA;25.98;15.5;ND;5.1;ND;NA;NA;NA;
9;9;6.8;11.12;13.69;NA;12.3;14.68;ND;8.81;ND;NA;NA;NA;
9;10;7.21;6.35;17.04;NA;7.55;13.14;ND;6.38;ND;NA;NA;NA;
9;11;6.31;5.77;13.14;NA;7.27;13.7;ND;3.45;ND;NA;NA;NA;
9;12;3.92;5;12.47;NA;5.95;11.11;ND;2.78;ND;NA;NA;NA;
9;13;4.84;4.98;11.42;NA;4.91;10.2;ND;2.28;ND;NA;NA;NA;
9;14;4.68;3.14;15.87;NA;3.98;9.55;ND;1.82;ND;NA;NA;NA;
9;15;3.27;2.11;6.46;NA;2.38;9.1;ND;2.11;ND;NA;NA;NA;
9;16;3.32;2.81;5.19;NA;2.75;6.12;ND;2.19;ND;NA;NA;NA;
9;17;3.5;2.47;5.07;NA;3.32;5.97;ND;1.43;ND;NA;NA;NA;
9;18;3.81;2.6;3.93;NA;3.87;6.5;ND;1.77;ND;NA;NA;NA;
9;19;4.42;3.95;6.15;NA;4.42;7.06;ND;12.13;ND;NA;NA;NA;
9;20;6.14;6.01;7.53;NA;12.5;9.69;ND;13.42;ND;NA;NA;NA;
9;21;6.41;6.79;5.68;NA;11.25;7.71;ND;4.35;ND;NA;NA;NA;
9;22;5.84;7.38;5.21;NA;18.77;7.13;ND;5.2;ND;NA;NA;NA;
9;23;5.11;15.85;5.86;NA;37.61;11.87;ND;3.38;ND;NA;NA;NA;
10;0;8.14;16.72;6.46;NA;47.8;11.83;ND;5.41;ND;NA;NA;NA;
10;1;8.62;12.14;5.56;NA;30.02;10.72;ND;5.44;ND;NA;NA;NA;
10;2;7.28;8.12;7.95;NA;19.91;10.38;ND;5.62;ND;NA;NA;NA;
10;3;6.57;6.69;4.67;NA;9.52;8.17;ND;4.35;ND;NA;NA;NA;
10;4;7.69;6.98;4.18;NA;10.17;8.2;ND;14.8;ND;NA;NA;NA;
10;5;7.47;10.89;2.69;NA;8.77;7.77;ND;8.31;ND;NA;NA;NA;
10;6;8.5;10.95;5.09;NA;7.42;10.31;ND;9.14;ND;NA;NA;NA;
10;7;11.85;11.96;4.45;NA;16.68;9.06;ND;12.54;ND;NA;NA;NA;
10;8;8.35;7.88;10.57;NA;9.92;8.94;ND;33.31;ND;NA;NA;NA;
10;9;6.85;5.46;9.12;NA;3.37;9.92;ND;32.46;ND;NA;NA;NA;
10;10;6.75;5.1;4.85;NA;7.39;7.32;ND;11.64;ND;NA;NA;NA;
10;11;5.86;3.58;3.15;NA;3.15;5.8;ND;5.21;ND;NA;NA;NA;
10;12;4.53;3.66;4.62;NA;3.96;6.32;ND;3.12;ND;NA;NA;NA;
10;13;3.73;2.81;3.52;NA;2.78;5.1;ND;1.89;ND;NA;NA;NA;
10;14;2.98;2.9;3.68;NA;3.54;5.62;ND;1.72;ND;NA;NA;NA;
10;15;2.76;2.06;3.43;NA;2.52;5.55;ND;1.53;ND;NA;NA;NA;
10;16;2.93;1.61;3.95;NA;2.18;5.08;ND;3.04;ND;NA;NA;NA;
10;17;3.63;1.83;5.16;NA;3.49;6.88;ND;2.61;ND;NA;NA;NA;
10;18;4.56;3.15;6.58;NA;5.05;6.16;ND;6.59;ND;NA;NA;NA;
10;19;5.05;3.65;5.65;NA;7.36;6.22;ND;4.2;ND;NA;NA;NA;
10;20;5.32;3.23;6.42;NA;7.44;6.41;ND;4.12;ND;NA;NA;NA;
10;21;5.25;3.38;6.39;NA;8.98;6.05;ND;4.33;ND;NA;NA;NA;
10;22;4.17;2.69;6.73;NA;8.54;7.36;ND;3.91;ND;NA;NA;NA;
10;23;3.17;2.93;5.49;NA;6.52;7.69;ND;6.46;ND;NA;NA;NA;
11;0;3.35;2.56;6.24;NA;4.63;6.53;ND;9.68;ND;NA;NA;NA;
11;1;3.67;2.27;5.49;NA;4.75;6;ND;8.79;ND;NA;NA;NA;
11;2;4;2.2;6.04;NA;9.4;7.08;ND;22.4;ND;NA;NA;NA;
11;3;3.76;2.86;6.08;NA;43.17;9.42;ND;32.03;ND;NA;NA;NA;
11;4;3.37;6.55;5.83;NA;26.79;9.5;ND;23.18;ND;NA;NA;NA;
11;5;3.45;6.84;5.01;NA;13.67;9.08;ND;13.79;ND;NA;NA;NA;
11;6;3.55;5.5;5.26;NA;8.75;7.82;ND;9.48;ND;NA;NA;NA;
11;7;3.97;6.11;6.25;NA;9.38;10.11;ND;20.91;ND;NA;NA;NA;
11;8;4.65;4.51;8.59;NA;26.48;17.97;ND;10.29;ND;NA;NA;NA;
11;9;5.14;4.99;9.62;NA;11.43;13.95;ND;22.27;ND;NA;NA;NA;
11;10;4.57;3.72;7.76;NA;3.42;9.33;ND;7.7;ND;NA;NA;NA;
11;11;4.28;2.71;6.27;NA;5.51;7.92;ND;6.17;ND;NA;NA;NA;
11;12;3.01;2.37;6.04;NA;7.58;7.24;ND;3.9;ND;NA;NA;NA;
11;13;2.64;1.83;4.56;NA;3.43;6.56;ND;5.3;ND;NA;NA;NA;
11;14;2.61;1.56;2.97;NA;1.92;5.97;ND;2.54;ND;NA;NA;NA;
11;15;2.43;1.69;3.16;NA;2.66;5.08;ND;1.89;ND;NA;NA;NA;
11;16;2.57;1.51;4.06;NA;2.53;5.38;ND;1.56;ND;NA;NA;NA;
11;17;3.26;1.76;4.51;NA;2.42;5.15;ND;1.37;ND;NA;NA;NA;
11;18;3.13;1.91;4.16;NA;3.49;5.07;ND;1.27;ND;NA;NA;NA;
11;19;2.93;1.92;4.19;NA;2.64;4.71;ND;1.01;ND;NA;NA;NA;
11;20;2.94;1.74;3.13;NA;3.26;4.44;ND;0.82;ND;NA;NA;NA;
11;21;2.47;1.64;2.59;NA;2.42;4.11;ND;0.95;ND;NA;NA;NA;
11;22;2.68;1.3;2.51;NA;1.78;3.98;ND;0.85;ND;NA;NA;NA;
11;23;2.61;1.24;2.34;NA;1.57;3.93;ND;0.67;ND;NA;NA;NA;
12;0;2.42;1.22;2.2;NA;1.82;3.74;ND;0.54;ND;NA;NA;NA;
12;1;2.32;1.38;1.93;NA;1.47;3.69;ND;0.44;ND;NA;NA;NA;
12;2;2.27;1.58;4;NA;1.37;3.59;ND;0.44;ND;NA;NA;NA;
12;3;3.2;1.54;5.52;NA;5.15;3.49;ND;0.7;ND;NA;NA;NA;
12;4;5.87;1.64;4.14;NA;5.86;4.06;ND;0.49;ND;NA;NA;NA;
12;5;5.27;1.95;3.47;NA;38.23;6.33;ND;1;ND;NA;NA;NA;
12;6;5.03;3.9;6.67;NA;65.36;13.01;ND;0.84;ND;NA;NA;NA;
12;7;6.96;6.69;16.54;NA;34.62;20.26;ND;3.9;ND;NA;NA;NA;
12;8;9.7;9.25;13.26;NA;24.47;13.28;ND;5.75;ND;NA;NA;NA;
12;9;4.97;7.02;13.33;NA;11.66;12.17;ND;2.89;ND;NA;NA;NA;
12;10;4.09;4.99;10.75;NA;7.28;11.74;ND;1.83;ND;NA;NA;NA;
12;11;3.64;3.2;7.29;NA;5.52;8.91;ND;2.79;ND;NA;NA;NA;
12;12;3.54;ND;ND;NA;4.26;7.42;ND;2.31;ND;NA;NA;NA;
12;13;2.78;ND;4.53;NA;3.23;6.39;ND;1.74;ND;NA;NA;NA;
12;14;2.56;1.81;4.35;NA;3.12;5.56;ND;1.29;ND;NA;NA;NA;
12;15;2.53;1.8;5.49;NA;2.73;5.45;ND;4.4;ND;NA;NA;NA;
12;16;ND;1.73;4.59;NA;2.99;5.53;ND;2.44;ND;NA;NA;NA;
12;17;ND;2.66;7.63;NA;3.13;5.81;ND;1.18;ND;NA;NA;NA;
12;18;1.97;4.39;6.7;NA;3.61;5.91;ND;4.04;ND;NA;NA;NA;
12;19;2.46;4.22;10.1;NA;4.97;6.58;ND;6.37;ND;NA;NA;NA;
12;20;3.64;2.65;9.6;NA;5.65;8.68;ND;2.32;ND;NA;NA;NA;
12;21;3.09;1.95;5.79;NA;6.89;9.5;ND;2.44;ND;NA;NA;NA;
12;22;2.65;1.81;12.47;NA;7.92;9.22;ND;4.03;ND;NA;NA;NA;
12;23;2.43;1.56;16.94;NA;11.75;9.54;ND;2.87;ND;NA;NA;NA;
13;0;1.79;1.61;15.24;NA;12.93;9.52;ND;8.65;ND;NA;NA;NA;
13;1;2.31;3.16;18.51;NA;9.7;10.69;ND;2.5;ND;NA;NA;NA;
13;2;2.23;8.85;10.8;NA;4.01;9.56;ND;2.94;ND;NA;NA;NA;
13;3;6.85;9.09;7.67;NA;3.46;8.38;ND;3.86;ND;NA;NA;NA;
13;4;7.14;14.46;13.42;NA;3.69;7.98;ND;6.41;ND;NA;NA;NA;
13;5;7.99;10.12;10.34;NA;4.32;8.02;ND;10;ND;NA;NA;NA;
13;6;8.71;6.52;9.04;NA;63.97;8.32;ND;16.17;ND;NA;NA;NA;
13;7;6.61;9.1;7.99;NA;41.5;9.99;ND;21.22;ND;NA;NA;NA;
13;8;9.63;8.11;7.34;NA;14.43;15.37;ND;12.99;ND;NA;NA;NA;
13;9;9.81;7.08;7.45;NA;7.67;12.79;ND;6.39;ND;NA;NA;NA;
13;10;5.51;4.89;7.61;NA;4.77;ND;ND;6.78;ND;NA;NA;NA;
13;11;3.42;3.47;7.77;NA;4.53;ND;ND;1.99;ND;NA;NA;NA;
13;12;2.28;2.33;5.44;NA;3.61;ND;ND;1.74;ND;NA;NA;NA;
13;13;1.98;2.51;4.25;NA;2.37;1.78;ND;1.23;ND;NA;NA;NA;
13;14;1.65;2.28;2.91;NA;2.81;ND;ND;1.15;ND;NA;NA;NA;
13;15;1.62;2.3;1.98;NA;3.03;ND;ND;1.02;ND;NA;NA;NA;
13;16;1.35;2.28;3.26;NA;3.57;ND;ND;0.52;ND;NA;NA;NA;
13;17;1.59;2.41;5.27;NA;3.18;2.25;ND;0.43;ND;NA;NA;NA;
13;18;2.48;2.25;5.52;NA;7.18;2.07;ND;0.69;ND;NA;NA;NA;
13;19;2.95;2.68;4.58;NA;4.5;1.87;ND;0.45;ND;NA;NA;NA;
13;20;2.59;2.38;4.69;NA;2.64;1.74;ND;0.34;ND;NA;NA;NA;
13;21;3.98;2.41;3.98;NA;2.66;1.74;ND;0.78;ND;NA;NA;NA;
13;22;2.02;2.07;4.49;NA;3.41;1.69;ND;1.43;ND;NA;NA;NA;
13;23;2.21;2.16;7.23;NA;3.34;1.84;ND;1.02;ND;NA;NA;NA;
14;0;2.28;1.96;3.57;NA;3.2;1.88;ND;0.59;ND;NA;NA;NA;
14;1;2.02;2.08;3.44;NA;2.29;1.69;ND;1.01;ND;NA;NA;NA;
14;2;2.16;1.9;2.26;NA;1.98;1.71;ND;0.32;ND;NA;NA;NA;
14;3;1.59;1.66;2.89;NA;1.69;1.69;ND;0.52;ND;NA;NA;NA;
14;4;2.93;1.59;4.07;NA;1.49;1.67;ND;ND;ND;NA;NA;NA;
14;5;3.18;1.76;3.18;NA;1.66;1.67;ND;ND;ND;NA;NA;NA;
14;6;3.18;2.3;4.75;NA;4.14;1.92;ND;0.92;ND;NA;NA;NA;
14;7;3.51;2.63;6.11;NA;5.48;2.83;ND;6.03;ND;NA;NA;NA;
14;8;3.93;2.32;7.77;NA;4.4;4.18;ND;4.79;ND;NA;NA;NA;
14;9;6.36;2.88;8.99;NA;7.99;3.81;ND;8.82;ND;NA;NA;NA;
14;10;2.94;2.26;8.14;NA;8.56;ND;ND;6.42;ND;NA;NA;NA;
14;11;2.89;2.19;6.01;NA;6.55;ND;ND;2.97;ND;NA;NA;NA;
14;12;1.93;2.19;4.54;NA;4.06;ND;ND;0.74;ND;NA;NA;NA;
14;13;1.78;1.79;3.51;NA;3.53;ND;ND;0.7;ND;NA;NA;NA;
14;14;1.52;1.9;3.23;NA;2.72;1.94;ND;0.72;ND;NA;NA;NA;
14;15;1.46;1.76;4.29;NA;2.26;1.97;ND;0.63;ND;NA;NA;NA;
14;16;ND;1.77;3.95;NA;2.01;1.67;ND;0.5;ND;NA;NA;NA;
14;17;1.44;1.7;3.96;NA;1.44;1.8;ND;0.46;ND;NA;NA;NA;
14;18;2.26;1.66;4.16;NA;1.62;1.7;ND;0.45;ND;NA;NA;NA;
14;19;1.96;1.51;3.43;NA;1.82;1.82;ND;0.4;ND;NA;NA;NA;
14;20;1.75;1.37;2.12;NA;2.87;1.38;ND;ND;ND;NA;NA;NA;
14;21;2.52;1.51;1.85;NA;3.98;1.4;ND;0.29;ND;NA;NA;NA;
14;22;1.81;1.6;1.67;NA;3.72;1.25;ND;0.56;ND;NA;NA;NA;
14;23;1.76;1.52;1.99;NA;10.98;1.22;ND;ND;ND;NA;NA;NA;
15;0;1.71;1.38;2.75;NA;9.58;1.88;ND;0.31;ND;NA;NA;NA;
15;1;1.55;2.02;4.86;NA;10.71;2.64;ND;0.35;ND;NA;NA;NA;
15;2;1.7;1.59;5.28;NA;8.4;2.46;ND;0.09;ND;NA;NA;NA;
15;3;1.29;1.53;3.74;NA;3.87;2.14;ND;0.1;ND;NA;NA;NA;
15;4;2.2;1.55;2.6;NA;2.31;1.99;ND;0.19;ND;NA;NA;NA;
15;5;3.75;1.56;3.1;NA;2.89;1.86;ND;0.28;ND;NA;NA;NA;
15;6;3.96;1.99;3.26;NA;4.1;1.77;ND;2.54;ND;NA;NA;NA;
15;7;4.94;2.26;6.75;NA;8.67;3.3;ND;3.34;ND;NA;NA;NA;
15;8;4.13;2.78;13.23;NA;25.75;5.65;ND;3.23;ND;NA;NA;NA;
15;9;4.57;4.13;11.16;NA;8.52;7.06;ND;3.33;ND;NA;NA;NA;
15;10;4.87;2.99;8.03;NA;ND;5.3;ND;1.32;ND;NA;NA;NA;
15;11;2.86;2.42;6.18;NA;ND;4.23;ND;0.64;ND;NA;NA;NA;
15;12;2.24;2.07;6.88;NA;4.31;3.71;ND;1.05;ND;NA;NA;NA;
15;13;2.05;1.96;4.27;NA;3;2.95;ND;0.84;ND;NA;NA;NA;
15;14;1.71;1.77;4.88;NA;2.67;2.54;ND;0.4;ND;NA;NA;NA;
15;15;1.34;1.46;5.06;NA;2.23;2.43;ND;1.06;ND;NA;NA;NA;
15;16;2.71;1.55;5.74;NA;1.91;2.54;ND;0.69;ND;NA;NA;NA;
15;17;3.23;2.25;5.58;NA;1.92;3.06;ND;0.55;ND;NA;NA;NA;
15;18;5.36;2.34;5.7;NA;3.3;3.37;ND;0.38;ND;NA;NA;NA;
15;19;4.21;2.55;5.31;NA;2.67;2.74;ND;0.66;ND;NA;NA;NA;
15;20;4.59;2.83;5.09;NA;4.09;2.82;ND;0.63;ND;NA;NA;NA;
15;21;4.54;3.9;5.32;NA;4.69;3.19;ND;0.59;ND;NA;NA;NA;
15;22;3.36;3.36;4.25;NA;5.72;3.46;ND;0.49;ND;NA;NA;NA;
15;23;2.09;2.76;3.61;NA;3.15;2.7;ND;0.55;ND;NA;NA;NA;
16;0;2.57;2.66;2.86;NA;2.99;1.98;ND;0.17;ND;NA;NA;NA;
16;1;2.59;3.76;3.28;NA;4.12;1.9;ND;0.15;ND;NA;NA;NA;
16;2;3.16;2.9;2.95;NA;2;1.87;ND;0.15;ND;NA;NA;NA;
16;3;3.43;3.33;2.1;NA;2.15;1.41;ND;0.22;ND;NA;NA;NA;
16;4;2.07;3.64;2.1;NA;3.67;1.84;ND;0.47;ND;NA;NA;NA;
16;5;4.09;3.43;2.97;NA;12.89;2.23;ND;0.55;ND;NA;NA;NA;
16;6;3.59;5.02;5.29;NA;8.19;5.5;ND;0.38;ND;NA;NA;NA;
16;7;6.24;4.33;5.96;NA;8.77;5.51;ND;0.44;ND;NA;NA;NA;
16;8;6.33;5.69;6.17;NA;12.45;5.27;ND;0.68;ND;NA;NA;NA;
16;9;7.8;4.57;5.66;NA;9.19;4.36;ND;0.16;ND;NA;NA;NA;
16;10;7.44;6.84;13.32;NA;6.25;3.96;ND;0.02;ND;NA;NA;NA;
16;11;7.97;5.6;15.15;NA;5.3;4.67;ND;0.3;ND;NA;NA;NA;
16;12;7.93;5.61;13.3;NA;7.93;5.9;ND;0.64;ND;NA;NA;NA;
16;13;6.41;4.95;10.05;NA;11.68;5.49;ND;0.42;ND;NA;NA;NA;
16;14;4.11;3.42;7.79;NA;11.74;5.3;ND;0.36;ND;NA;NA;NA;
16;15;3.08;2.66;7.08;NA;11.76;5.92;ND;0.33;ND;NA;NA;NA;
16;16;1.84;2.29;5.96;NA;3.68;3.77;ND;0.23;ND;NA;NA;NA;
16;17;1.98;2.2;7.4;NA;3.74;2.96;ND;0.25;ND;NA;NA;NA;
16;18;2.49;2.22;7.2;NA;3.04;2.97;ND;0.74;ND;NA;NA;NA;
16;19;2.54;2.28;6.71;NA;4.01;3.22;ND;0.39;ND;NA;NA;NA;
16;20;3.1;2;6.01;NA;3.23;2.96;ND;0.09;ND;NA;NA;NA;
16;21;3.75;3.11;5.91;NA;2.96;3.11;ND;0.11;ND;NA;NA;NA;
16;22;4.05;3.62;4.41;NA;1.73;2.62;ND;0.32;ND;NA;NA;NA;
16;23;2.86;3.87;4.17;NA;5.98;2.19;ND;0.27;ND;NA;NA;NA;
17;0;3.7;3.6;4.14;NA;39.66;2.93;ND;0.34;ND;NA;NA;NA;
17;1;3.14;2.48;7.8;NA;23.68;5.52;ND;0.31;ND;NA;NA;NA;
17;2;6.32;2.65;10.04;NA;12.49;7.56;ND;0.36;ND;NA;NA;NA;
17;3;6.03;2.76;6.48;NA;10.46;5.02;ND;0.22;ND;NA;NA;NA;
17;4;4.15;2.77;3.49;NA;5.85;3.76;ND;0.46;ND;NA;NA;NA;
17;5;3.51;2.54;5.26;NA;24;3.7;ND;0.68;ND;NA;NA;NA;
17;6;2.8;3.9;5.15;NA;51.68;4.49;ND;0.68;ND;NA;NA;NA;
17;7;5.27;5.72;6.9;NA;60.61;10.51;ND;0.8;ND;NA;NA;NA;
17;8;6.22;5.97;6.66;NA;61.38;12.49;ND;0.76;ND;NA;NA;NA;
17;9;4.18;3.91;6.54;NA;13.13;8.55;ND;0.43;ND;NA;NA;NA;
17;10;2.81;4.18;6.46;NA;8.87;8.63;ND;0.22;ND;NA;NA;NA;
17;11;2.29;2.98;6.76;NA;6.57;6.1;ND;0.5;ND;NA;NA;NA;
17;12;2.33;2.59;4.33;NA;3.81;4.12;ND;0.34;ND;NA;NA;NA;
17;13;2.01;2.07;4.27;NA;4.77;3.35;ND;0.36;ND;NA;NA;NA;
17;14;1.9;2.05;3.32;NA;7.77;3.74;ND;0.72;ND;NA;NA;NA;
17;15;1.52;1.99;3;NA;4.75;4.08;ND;0.56;ND;NA;NA;NA;
17;16;1.98;1.98;4.87;NA;4.71;4.21;ND;0.34;ND;NA;NA;NA;
17;17;2.61;2.11;5.17;NA;4.18;3.85;ND;0.19;ND;NA;NA;NA;
17;18;3.07;2.14;5.5;NA;3.93;3.66;ND;0.3;ND;NA;NA;NA;
17;19;3.26;1.85;4.99;NA;3.94;3.88;ND;0.5;ND;NA;NA;NA;
17;20;2.4;1.65;5.09;NA;4.57;3.29;ND;0.4;ND;NA;NA;NA;
17;21;2.64;1.68;5.12;NA;5.29;3.65;ND;0.08;ND;NA;NA;NA;
17;22;2.17;1.66;4.82;NA;2.81;4.44;ND;0.16;ND;NA;NA;NA;
17;23;2.3;1.81;4.21;NA;7.71;6.17;ND;0.24;ND;NA;NA;NA;
18;0;2.06;1.42;4.88;NA;3.54;5.75;ND;0.19;ND;NA;NA;NA;
18;1;2.14;1.79;4.92;NA;3.71;5.82;ND;0.25;ND;NA;NA;NA;
18;2;3.11;2.6;3.41;NA;4.28;4.53;ND;0.29;ND;NA;NA;NA;
18;3;3.22;2.54;2.75;NA;2.32;4.29;ND;0.38;ND;NA;NA;NA;
18;4;3.19;4.34;2.56;NA;1.66;4.08;ND;0.47;ND;NA;NA;NA;
18;5;3.69;8.02;2.6;NA;3.11;4.42;ND;0.55;ND;NA;NA;NA;
18;6;6.51;14.21;2.8;NA;3.02;4.45;ND;0.66;ND;NA;NA;NA;
18;7;15.03;13.5;4.72;NA;3.48;4.69;ND;0.86;ND;NA;NA;NA;
18;8;12.62;11.97;6.66;NA;3.24;5.29;ND;0.92;ND;NA;NA;NA;
18;9;9.27;11.09;5.38;NA;3.42;5.49;ND;0.65;ND;NA;NA;NA;
18;10;8.99;7.03;8.51;NA;1.87;6.21;ND;0.42;ND;NA;NA;NA;
18;11;4.56;4.82;6.82;NA;1.53;3.19;ND;0.21;ND;NA;NA;NA;
18;12;2.97;2.59;3.87;NA;2.19;2.71;ND;0.35;ND;NA;NA;NA;
18;13;1.84;2.15;3.41;NA;2.24;2.07;ND;0.44;ND;NA;NA;NA;
18;14;1.67;2.34;2.57;NA;2.09;1.78;ND;0.2;ND;NA;NA;NA;
18;15;1.61;2.61;2.59;NA;1.19;1.54;ND;0.08;ND;NA;NA;NA;
18;16;1.69;2.42;2.71;NA;1.88;1.83;ND;0.35;ND;NA;NA;NA;
18;17;1.61;2.25;2.56;NA;2.5;1.89;ND;0.25;ND;NA;NA;NA;
18;18;1.92;2.53;3.15;NA;2.66;2;ND;0.19;ND;NA;NA;NA;
18;19;2.84;2.57;3.72;NA;2.9;2.56;ND;0.41;ND;NA;NA;NA;
18;20;3.62;2.45;4.66;NA;4.27;2.4;ND;0.94;ND;NA;NA;NA;
18;21;2.74;2.31;5.07;NA;3.47;2.37;ND;0.09;ND;NA;NA;NA;
18;22;2.76;1.93;6.76;NA;1.93;2.12;ND;0.18;ND;NA;NA;NA;
18;23;2.08;2.05;4.44;NA;2.81;2.54;ND;0.16;ND;NA;NA;NA;
19;0;2.23;2.9;3.59;NA;3.27;3.73;ND;0.74;ND;NA;NA;NA;
19;1;1.78;4.46;2.58;NA;3.42;3.19;ND;0.35;ND;NA;NA;NA;
19;2;3.51;4.06;2.11;NA;4.27;3.1;ND;0.37;ND;NA;NA;NA;
19;3;3.09;4.03;1.98;NA;17.46;4.68;ND;0.67;ND;NA;NA;NA;
19;4;3.97;4.29;2.89;NA;34.14;6.86;ND;0.67;ND;NA;NA;NA;
19;5;6.74;4.31;6.07;NA;38.38;10.05;ND;0.9;ND;NA;NA;NA;
19;6;8.89;6.33;12.11;NA;129.12;16.65;ND;1.58;ND;NA;NA;NA;
19;7;25.93;7.14;26.23;NA;96.6;24.6;ND;1.1;ND;NA;NA;NA;
19;8;23.58;4.16;14.6;NA;54.83;23.85;ND;0.96;ND;NA;NA;NA;
19;9;6.46;3.6;6.14;NA;6.74;4.85;ND;0.59;ND;NA;NA;NA;
19;10;4.59;3.5;5.83;NA;2.15;3.36;ND;0.29;ND;NA;NA;NA;
19;11;2.46;3.05;ND;NA;2.03;2.32;ND;ND;ND;NA;NA;NA;
19;12;2.44;2.81;ND;NA;1.83;2;ND;ND;ND;NA;NA;NA;
19;13;2.06;2.7;5.01;NA;3.93;2.18;ND;3.54;ND;NA;NA;NA;
19;14;1.79;2.58;3.71;NA;3.71;2.62;ND;3.05;ND;NA;NA;NA;
19;15;1.67;2.14;3.36;NA;3.56;3.05;ND;3.53;ND;NA;NA;NA;
19;16;1.65;2.3;3.17;NA;3.25;2.93;ND;3.6;ND;NA;NA;NA;
19;17;2.16;2.22;5.08;NA;3.37;3.03;ND;3.81;ND;NA;NA;NA;
19;18;2.85;2.68;7.1;NA;5.05;4.41;ND;3.98;ND;NA;NA;NA;
19;19;3.84;3.23;5.82;NA;10.16;2.89;ND;3.68;ND;NA;NA;NA;
19;20;4.75;3.23;5.01;NA;5.86;2.84;ND;3.41;ND;NA;NA;NA;
19;21;4.34;2.76;4.95;NA;3.01;2.85;ND;3.93;ND;NA;NA;NA;
19;22;4.57;3.18;4.37;NA;14.25;1.61;ND;6.85;ND;NA;NA;NA;
19;23;3.38;2.33;4.68;NA;13.95;2.68;ND;5.55;ND;NA;NA;NA;
20;0;4.44;2.2;5.11;NA;6.49;3.1;ND;4.19;ND;NA;NA;NA;
20;1;5.29;2.2;2.48;NA;11.63;3.45;ND;3.83;ND;NA;NA;NA;
20;2;9.32;5.07;1.93;NA;61.68;6.29;ND;4.99;ND;NA;NA;NA;
20;3;7.59;5.14;2.26;NA;78.5;12.37;ND;4.24;ND;NA;NA;NA;
20;4;8.76;6.83;6.6;NA;27.95;14.59;ND;5.02;ND;NA;NA;NA;
20;5;11.15;8.28;5.15;NA;31.94;14.74;ND;9.49;ND;NA;NA;NA;
20;6;15.26;13.18;11.02;NA;37.71;19.76;ND;7.78;ND;NA;NA;NA;
20;7;21.32;23.34;15.48;NA;24.07;12.88;ND;23.16;ND;NA;NA;NA;
20;8;9.92;12.09;7.16;NA;9.83;5.45;ND;22.99;ND;NA;NA;NA;
20;9;10.7;8.24;4.66;NA;4;3.3;ND;9.88;ND;NA;NA;NA;
20;10;4.55;7.65;5.13;NA;2.04;2.54;ND;7.32;ND;NA;NA;NA;
20;11;4.44;3.56;4.52;NA;2.35;2.34;ND;6.87;ND;NA;NA;NA;
20;12;3.07;2.7;4.19;NA;3.13;2.89;ND;4.75;ND;NA;NA;NA;
20;13;2.76;2.58;3.4;NA;3.02;2.8;ND;2.71;ND;NA;NA;NA;
20;14;2.92;2.82;2.39;NA;1.75;ND;ND;2.27;ND;NA;NA;NA;
20;15;1.95;2.4;2.64;NA;2.71;ND;ND;2.33;ND;NA;NA;NA;
20;16;2.19;3.12;3.03;NA;2;ND;ND;2.21;ND;NA;NA;NA;
20;17;3.51;2.94;4.22;NA;1.9;1.44;ND;2.96;ND;NA;NA;NA;
20;18;3.32;3.24;4.93;NA;3.43;2.12;ND;3.26;ND;NA;NA;NA;
20;19;4.83;2.65;7.08;NA;5.97;3.16;ND;3.26;ND;NA;NA;NA;
20;20;4.02;2.73;9.67;NA;6.84;5.32;ND;3.98;ND;NA;NA;NA;
20;21;4.5;2.73;11.15;NA;7.06;6.22;ND;3.01;ND;NA;NA;NA;
20;22;5.96;3.15;7.8;NA;8.17;3.48;ND;2.88;ND;NA;NA;NA;
20;23;3.59;2.87;5.67;NA;24.91;4.13;ND;3.14;ND;NA;NA;NA;
21;0;3.79;3.03;7.04;NA;43.57;4.33;ND;3.07;ND;NA;NA;NA;
21;1;5.57;4.05;6.97;NA;81.08;10.43;ND;2.95;ND;NA;NA;NA;
21;2;5.31;3.8;7.8;NA;153.48;7.88;ND;11.47;ND;NA;NA;NA;
21;3;3.47;3.71;7.48;NA;101.29;6.31;ND;4.54;ND;NA;NA;NA;
21;4;3.54;4.75;6.73;NA;87.26;7.2;ND;4.14;ND;NA;NA;NA;
21;5;5.48;9.32;6.76;NA;86.01;13.89;ND;3.76;ND;NA;NA;NA;
21;6;7.43;15.46;10.16;NA;58.03;19.39;ND;8.93;ND;NA;NA;NA;
21;7;19.53;20.01;30.52;NA;27.36;31.19;ND;4.83;ND;NA;NA;NA;
21;8;24.01;13.69;26.78;NA;34.16;36.91;ND;15.7;ND;NA;NA;NA;
21;9;14.99;9.01;5.74;NA;10.54;6.11;ND;15.18;ND;NA;NA;NA;
21;10;8.55;7.35;3.52;NA;1.31;2.66;ND;10.86;ND;NA;NA;NA;
21;11;ND;4.94;3;NA;ND;2.81;ND;6.74;ND;NA;NA;NA;
21;12;ND;ND;2.31;NA;1.83;2.78;ND;3.26;ND;NA;NA;NA;
21;13;2.62;ND;2.65;NA;2.41;3.75;ND;2.58;ND;NA;NA;NA;
21;14;2.51;3;2.58;NA;1.84;3.4;ND;2.12;ND;NA;NA;NA;
21;15;2.63;2.69;2.7;NA;1.94;3.33;ND;1.72;ND;NA;NA;NA;
21;16;3.06;3.29;2.7;NA;2.91;3.48;ND;2.08;ND;NA;NA;NA;
21;17;3.05;4.34;4.19;NA;4.17;4.42;ND;2.69;ND;NA;NA;NA;
21;18;3.32;4.91;6.17;NA;6.67;5.14;ND;2.71;ND;NA;NA;NA;
21;19;4.34;5.44;6.88;NA;8.02;5.54;ND;3.42;ND;NA;NA;NA;
21;20;8.58;5.1;10.26;NA;9.2;6.92;ND;3.77;ND;NA;NA;NA;
21;21;8.99;5.14;7.44;NA;12.38;5.01;ND;3.17;ND;NA;NA;NA;
21;22;7.14;5.49;7.41;NA;20.9;5.64;ND;2.69;ND;NA;NA;NA;
21;23;8.93;4.84;5.93;NA;41.16;5.44;ND;2.51;ND;NA;NA;NA;
22;0;6.11;5.35;5.2;NA;35.06;4.99;ND;9.96;ND;NA;NA;NA;
22;1;9.81;8.41;5.42;NA;84.24;5.12;ND;7.36;ND;NA;NA;NA;
22;2;6.53;14.85;5.1;NA;113.31;5.12;ND;9.03;ND;NA;NA;NA;
22;3;5.57;12.49;5.18;NA;89.44;5.06;ND;3.39;ND;NA;NA;NA;
22;4;5.43;8.63;5.33;NA;59.4;7.3;ND;13.77;ND;NA;NA;NA;
22;5;9.32;9.2;7.11;NA;42.14;11.33;ND;6.32;ND;NA;NA;NA;
22;6;15.72;12.92;15.63;NA;100.51;17.87;ND;8.19;ND;NA;NA;NA;
22;7;26.86;18.78;18.46;NA;115.62;23.7;ND;21.87;ND;NA;NA;NA;
22;8;22.71;14.95;8.83;NA;36.73;9.64;ND;21.63;ND;NA;NA;NA;
22;9;5.53;8.56;4.63;NA;4.11;4.34;ND;11.79;ND;NA;NA;NA;
22;10;3.83;5.22;3.45;NA;2.41;4.02;ND;5.81;ND;NA;NA;NA;
22;11;3.44;3.77;2.73;NA;2.15;3.57;ND;ND;ND;NA;NA;NA;
22;12;3.34;3.47;2.5;NA;2.22;3.35;ND;ND;ND;NA;NA;NA;
22;13;3.41;2.88;2.09;NA;1.86;2.57;ND;1.8;ND;NA;NA;NA;
22;14;3.92;2.96;2.31;NA;1.86;2.4;ND;2.02;ND;NA;NA;NA;
22;15;3.59;3.29;2.7;NA;2.36;2.78;ND;1.84;ND;NA;NA;NA;
22;16;3.42;3.96;3.06;NA;1.95;2.58;ND;1.74;ND;NA;NA;NA;
22;17;3.45;4.26;3.75;NA;1.83;2.65;ND;1.83;ND;NA;NA;NA;
22;18;4.42;5.4;5.23;NA;3.06;3.53;ND;1.95;ND;NA;NA;NA;
22;19;8.05;5.49;5.08;NA;4.06;3.71;ND;2.88;ND;NA;NA;NA;
22;20;6.52;5.61;9.61;NA;2.93;4.56;ND;4.38;ND;NA;NA;NA;
22;21;7.33;5.53;9.48;NA;4.19;4.88;ND;5.2;ND;NA;NA;NA;
22;22;12.81;4.84;7.94;NA;16.02;3.43;ND;10.17;ND;NA;NA;NA;
22;23;7.59;4.14;6.47;NA;24.5;5.64;ND;12.73;ND;NA;NA;NA;
23;0;7.22;3.77;5.1;NA;22.05;3.24;ND;5.52;ND;NA;NA;NA;
23;1;6.15;3.72;4.47;NA;36.16;6.25;ND;3.35;ND;NA;NA;NA;
23;2;8.58;4.28;2.69;NA;74.79;12.89;ND;2.73;ND;NA;NA;NA;
23;3;5.76;4.47;3.1;NA;57.06;9.9;ND;3.4;ND;NA;NA;NA;
23;4;9.36;3.85;4.53;NA;36.95;14.03;ND;7.89;ND;NA;NA;NA;
23;5;19.47;19.93;5.2;NA;55;16.04;ND;4.61;ND;NA;NA;NA;
23;6;24.96;21.84;9.48;NA;69.43;22.89;ND;10.05;ND;NA;NA;NA;
23;7;14.52;11.41;9.08;NA;42.96;23.65;ND;28.18;ND;NA;NA;NA;
23;8;10.01;10.53;4.11;NA;15.48;5.79;ND;26.87;ND;NA;NA;NA;
23;9;4.94;6.85;5.29;NA;3.37;3.81;ND;14.57;ND;NA;NA;NA;
23;10;4.3;5;4.27;NA;2.84;3.68;ND;3.29;ND;NA;NA;NA;
23;11;4.06;3.91;3.32;NA;3.01;3.45;ND;2.22;ND;NA;NA;NA;
23;12;4.52;4.03;2.99;NA;2.78;3.01;ND;2.08;ND;NA;NA;NA;
23;13;4.09;3.59;2.98;NA;2.8;3.33;ND;2.13;ND;NA;NA;NA;
23;14;4.19;3.74;2.91;NA;2.73;3.22;ND;1.89;ND;NA;NA;NA;
23;15;3.17;3.42;2.84;NA;1.33;4.66;ND;1.88;ND;NA;NA;NA;
23;16;3.85;4.35;3.77;NA;2.23;4.4;ND;1.77;ND;NA;NA;NA;
23;17;4.9;4.7;5.19;NA;2.7;3.3;ND;2.12;ND;NA;NA;NA;
23;18;5.56;3.58;5.11;NA;5.36;3.54;ND;2.02;ND;NA;NA;NA;
23;19;5.2;4.59;5.7;NA;3.49;5.27;ND;1.93;ND;NA;NA;NA;
23;20;6.49;5.55;7.22;NA;3.42;5.38;ND;2.27;ND;NA;NA;NA;
23;21;7.56;4.94;6.61;NA;4.19;6.13;ND;13.22;ND;NA;NA;NA;
23;22;6.99;4.84;8.51;NA;2.8;6.27;ND;5.14;ND;NA;NA;NA;
23;23;10.51;5.2;8.3;NA;3.33;7.75;ND;10.37;ND;NA;NA;NA;
24;0;14.75;6.08;5.57;NA;2.49;5.43;ND;10.93;ND;NA;NA;NA;
24;1;13.44;4.9;5.06;NA;6.16;3.98;ND;8.71;ND;NA;NA;NA;
24;2;9.48;5.74;4.88;NA;3.33;3.28;ND;5.14;ND;NA;NA;NA;
24;3;6.6;5.82;2.7;NA;3.64;2.76;ND;10.22;ND;NA;NA;NA;
24;4;4.16;4.98;1.65;NA;2.02;2.52;ND;10.59;ND;NA;NA;NA;
24;5;3.91;5.78;2.08;NA;2.19;2.64;ND;6.35;ND;NA;NA;NA;
24;6;5.12;7.76;2.31;NA;4.31;3.22;ND;16.07;ND;NA;NA;NA;
24;7;7.7;8.43;2.59;NA;4.49;4.9;ND;46.03;ND;NA;NA;NA;
24;8;4.3;5.29;4.16;NA;1.95;3.91;ND;31.82;ND;NA;NA;NA;
24;9;5.87;4.59;6.46;NA;5.49;4.26;ND;11.87;ND;NA;NA;NA;
24;10;4.78;4.39;4.15;NA;2.63;3.58;ND;11.15;ND;NA;NA;NA;
24;11;3.7;4.21;3.3;NA;2.77;3.02;ND;2.84;ND;NA;NA;NA;
24;12;4.02;4.58;3.05;NA;2.91;2.75;ND;2.43;ND;NA;NA;NA;
24;13;4.37;3.44;2.13;NA;4.16;2.61;ND;2.08;ND;NA;NA;NA;
24;14;4.54;3.21;2.29;NA;3.69;2.46;ND;1.95;ND;NA;NA;NA;
24;15;3.4;3.44;2.96;NA;2.52;2.66;ND;1.9;ND;NA;NA;NA;
24;16;3.12;3.16;2.6;NA;3.6;3.11;ND;2.49;ND;NA;NA;NA;
24;17;3.24;3.26;2.85;NA;4.69;3.15;ND;2.4;ND;NA;NA;NA;
24;18;4.41;3.38;4.43;NA;5.37;3.19;ND;2.58;ND;NA;NA;NA;
24;19;6.07;4.23;5.48;NA;5.63;4.73;ND;3.3;ND;NA;NA;NA;
24;20;5.26;4.37;4.47;NA;11.71;5.44;ND;3.88;ND;NA;NA;NA;
24;21;7.04;4.44;5.52;NA;6.43;6.89;ND;4.45;ND;NA;NA;NA;
24;22;8.49;5.28;7.67;NA;6.1;6.35;ND;3.86;ND;NA;NA;NA;
24;23;4.81;6.63;8.01;NA;7.81;6.33;ND;2.98;ND;NA;NA;NA;
25;0;3.95;7.59;6.77;NA;7.01;5.24;ND;3.07;ND;NA;NA;NA;
25;1;4.69;10.12;7.2;NA;12.01;5.44;ND;2.62;ND;NA;NA;NA;
25;2;4.93;10.11;7.53;NA;37.4;11.35;ND;4.06;ND;NA;NA;NA;
25;3;6.61;10.96;7.39;NA;53.45;9.82;ND;2.93;ND;NA;NA;NA;
25;4;4.35;11.14;8.02;NA;23.97;11.79;ND;4.42;ND;NA;NA;NA;
25;5;6.11;14.48;9.1;NA;19.58;10.25;ND;4.54;ND;NA;NA;NA;
25;6;7.09;14.83;7.89;NA;26.8;16.59;ND;3.99;ND;NA;NA;NA;
25;7;12.58;12.9;13.24;NA;21.46;17.42;ND;8.45;ND;NA;NA;NA;
25;8;ND;9.3;9.83;NA;14.52;9.37;ND;39.22;ND;NA;NA;NA;
25;9;ND;8.43;3.06;NA;5.7;4.45;ND;23.47;ND;NA;NA;NA;
25;10;ND;5.47;3.76;NA;6.27;6.32;ND;10.36;ND;NA;NA;NA;
25;11;ND;4.67;2.35;NA;2.54;4.56;ND;5.27;ND;NA;NA;NA;
25;12;ND;4.29;2.72;NA;2.74;3.92;ND;2.26;ND;NA;NA;NA;
25;13;3.58;3.84;2.18;NA;1.86;3.29;ND;2.06;ND;NA;NA;NA;
25;14;3.11;3.68;2.33;NA;2.69;3;ND;1.88;ND;NA;NA;NA;
25;15;2.84;3.38;2.57;NA;1.87;2.99;ND;2.24;ND;NA;NA;NA;
25;16;2.94;3.57;3.4;NA;2.98;3.48;ND;2.12;ND;NA;NA;NA;
25;17;2.99;3.83;3;NA;2.2;3.48;ND;1.93;ND;NA;NA;NA;
25;18;3.57;4.08;3.76;NA;3.05;3.74;ND;2.12;ND;NA;NA;NA;
25;19;4.76;3.94;5.26;NA;4.13;4.05;ND;2.57;ND;NA;NA;NA;
25;20;5.35;4.31;5.17;NA;7.27;4.89;ND;2.4;ND;NA;NA;NA;
25;21;5.52;5.39;4.48;NA;6.35;5.48;ND;3.2;ND;NA;NA;NA;
25;22;5.53;6.13;5.27;NA;7.39;6.67;ND;2.97;ND;NA;NA;NA;
25;23;4.83;5.05;4.54;NA;7.22;6.64;ND;2.57;ND;NA;NA;NA;
26;0;4.66;4.67;4.39;NA;8.23;6.47;ND;2.29;ND;NA;NA;NA;
26;1;4.43;5.12;4.28;NA;32.45;7.15;ND;5.03;ND;NA;NA;NA;
26;2;3.98;8.64;4.8;NA;31.88;5.65;ND;4.84;ND;NA;NA;NA;
26;3;3.42;12.66;3.63;NA;14.02;4.6;ND;3.61;ND;NA;NA;NA;
26;4;5.03;17.54;7.4;NA;27.8;5.27;ND;4.16;ND;NA;NA;NA;
26;5;7.91;12.54;6.78;NA;28.09;8.31;ND;3.74;ND;NA;NA;NA;
26;6;8.91;11.08;8.5;NA;23.6;10.55;ND;7.88;ND;NA;NA;NA;
26;7;9.3;9.92;9.52;NA;15.99;9.22;ND;16.4;ND;NA;NA;NA;
26;8;9.13;8.22;8.32;NA;6.46;6.37;ND;27.37;ND;NA;NA;NA;
26;9;8.75;7.6;8.12;NA;2.02;4.58;ND;9.83;ND;NA;NA;NA;
26;10;5.81;5.04;7.76;NA;2.95;5.75;ND;5.06;ND;NA;NA;NA;
26;11;3.85;4.32;4.01;NA;ND;4.76;ND;3;ND;NA;NA;NA;
26;12;3.18;3.61;2.68;NA;ND;ND;ND;4.1;ND;NA;NA;NA;
26;13;3.08;3.35;2.37;NA;1.41;ND;ND;4.69;ND;NA;NA;NA;
26;14;3.54;3.08;ND;NA;1.82;1.15;ND;2.55;ND;NA;NA;NA;
26;15;3.47;3.36;ND;NA;1.44;2.48;ND;2.33;ND;NA;NA;NA;
26;16;3.34;3.69;4.49;NA;3.15;2.87;ND;1.99;ND;NA;NA;NA;
26;17;3.13;ND;3.34;NA;3.21;1.55;ND;2.72;ND;NA;NA;NA;
26;18;3.33;2.44;6.75;NA;3.09;2.44;ND;2.34;ND;NA;NA;NA;
26;19;5.04;2.9;10.51;NA;3.51;2.82;ND;2.23;ND;NA;NA;NA;
26;20;7.18;3.08;13.53;NA;6.39;5.9;ND;2.26;ND;NA;NA;NA;
26;21;6.36;5.5;9.01;NA;7.59;5.59;ND;2.18;ND;NA;NA;NA;
26;22;6.36;5.14;6;NA;6.88;4.88;ND;2.31;ND;NA;NA;NA;
26;23;6.43;5.71;7.4;NA;5.57;5.73;ND;2.54;ND;NA;NA;NA;
27;0;7.13;6.29;10.27;NA;5.11;5.48;ND;2.64;ND;NA;NA;NA;
27;1;6.03;4.88;23.4;NA;2.92;4.72;ND;2.56;ND;NA;NA;NA;
27;2;7.57;4.91;17.56;NA;4.38;4.21;ND;2.07;ND;NA;NA;NA;
27;3;5.33;3.36;9.59;NA;5.13;5.54;ND;2.99;ND;NA;NA;NA;
27;4;5.49;3.49;3.92;NA;1.78;4.73;ND;3.37;ND;NA;NA;NA;
27;5;4.79;3.09;3.07;NA;5.18;4.86;ND;2.54;ND;NA;NA;NA;
27;6;5.97;3.7;4.09;NA;8.73;5.99;ND;3.63;ND;NA;NA;NA;
27;7;8.89;4.84;6.01;NA;10.02;6.04;ND;4.12;ND;NA;NA;NA;
27;8;15.98;11.38;7.03;NA;8.59;4.87;ND;4.16;ND;NA;NA;NA;
27;9;17.64;12.62;5.98;NA;4.69;5.05;ND;5.27;ND;NA;NA;NA;
27;10;ND;8.43;4.04;NA;4.63;3.79;ND;4.64;ND;NA;NA;NA;
27;11;2.69;ND;2.43;NA;2.86;2.37;ND;3.33;ND;NA;NA;NA;
27;12;1.98;ND;3.13;NA;3.22;1.82;ND;2.46;ND;NA;NA;NA;
27;13;2.79;3.19;3.13;NA;2.01;1.29;ND;ND;ND;NA;NA;NA;
27;14;1.95;2.42;2.73;NA;2.1;1.34;ND;ND;ND;NA;NA;NA;
27;15;2.51;2.87;3.4;NA;1.76;1.41;ND;2.17;ND;NA;NA;NA;
27;16;1.72;2.14;4.59;NA;1.57;1.19;ND;1.97;ND;NA;NA;NA;
27;17;1.83;2.46;5.1;NA;3.55;1.86;ND;2.31;ND;NA;NA;NA;
27;18;2.69;3.04;8.71;NA;4.52;2.7;ND;2.48;ND;NA;NA;NA;
27;19;4.47;2.96;7.23;NA;4.16;3.42;ND;2.16;ND;NA;NA;NA;
27;20;5.09;2.74;6.68;NA;4.02;5;ND;1.88;ND;NA;NA;NA;
27;21;4.65;2.49;9.82;NA;2.9;5.37;ND;1.75;ND;NA;NA;NA;
27;22;6.04;2.36;8.11;NA;3.8;5.32;ND;1.87;ND;NA;NA;NA;
27;23;3.19;3.32;6.22;NA;6.19;4.21;ND;2.2;ND;NA;NA;NA;
28;0;3.41;3.67;4.26;NA;4.04;3.43;ND;2.04;ND;NA;NA;NA;
28;1;3.8;3.03;4.18;NA;3.33;3.05;ND;1.5;ND;NA;NA;NA;
28;2;4.74;3.09;3.83;NA;2.49;2.48;ND;1.5;ND;NA;NA;NA;
28;3;4.38;2.55;3.05;NA;2.83;2.08;ND;1.48;ND;NA;NA;NA;
28;4;4.81;2.55;3.43;NA;2.8;2.13;ND;1.41;ND;NA;NA;NA;
28;5;5.82;4.39;3.09;NA;2.72;2.55;ND;1.41;ND;NA;NA;NA;
28;6;10.29;5.05;5.7;NA;6.07;4.17;ND;2.91;ND;NA;NA;NA;
28;7;9.65;6.57;11.89;NA;25.15;11.58;ND;5.23;ND;NA;NA;NA;
28;8;10.26;8.65;13.94;NA;26.87;11.88;ND;6.72;ND;NA;NA;NA;
28;9;8.45;5.31;5.58;NA;8.6;4.22;ND;3.47;ND;NA;NA;NA;
28;10;3.68;3.27;4.56;NA;3.32;2.24;ND;3.08;ND;NA;NA;NA;
28;11;2.9;3.1;3.22;NA;2.63;1.8;ND;2.31;ND;NA;NA;NA;
28;12;2.66;2.4;3.62;NA;2.11;1.87;ND;1.95;ND;NA;NA;NA;
28;13;2.07;2.37;4.21;NA;2.32;1.78;ND;1.9;ND;NA;NA;NA;
28;14;1.92;1.98;3.38;NA;1.45;1.17;ND;1.71;ND;NA;NA;NA;
28;15;1.81;2.21;2.69;NA;3.14;1.75;ND;2.28;ND;NA;NA;NA;
28;16;1.8;2.06;3.72;NA;3.76;1.79;ND;3.15;ND;NA;NA;NA;
28;17;1.89;2.5;6.38;NA;4.19;2.61;ND;2.28;ND;NA;NA;NA;
28;18;2.09;2.75;8.57;NA;3.75;4.42;ND;2;ND;NA;NA;NA;
28;19;3.38;2.81;10.42;NA;5.97;5.17;ND;2.39;ND;NA;NA;NA;
28;20;5.19;2.47;11.34;NA;7.29;5.48;ND;2.14;ND;NA;NA;NA;
28;21;3.88;2.61;9.71;NA;11.96;6.23;ND;3.24;ND;NA;NA;NA;
28;22;3.94;3.22;9.21;NA;7.68;5.66;ND;2.59;ND;NA;NA;NA;
28;23;4.67;2.23;8.46;NA;17.95;9.42;ND;2.54;ND;NA;NA;NA;
29;0;3.64;2.21;6.85;NA;8.91;5.19;ND;2.89;ND;NA;NA;NA;
29;1;4.93;2.21;8.27;NA;5.73;4.63;ND;2.81;ND;NA;NA;NA;
29;2;7.2;4.9;9.43;NA;5.48;5.22;ND;3.1;ND;NA;NA;NA;
29;3;6.22;3.44;8.23;NA;5.01;5.27;ND;2.18;ND;NA;NA;NA;
29;4;6.38;3.5;5.21;NA;19.13;4.5;ND;5.24;ND;NA;NA;NA;
29;5;7.64;4.01;7.3;NA;39.6;17.38;ND;3.46;ND;NA;NA;NA;
29;6;6.92;5.45;15.09;NA;77.74;13.94;ND;3.38;ND;NA;NA;NA;
29;7;8.76;5.32;24.39;NA;104.16;23.9;ND;5.22;ND;NA;NA;NA;
29;8;10.42;4.86;26.48;NA;29.81;23.23;ND;4.57;ND;NA;NA;NA;
29;9;6.81;6.04;18.83;NA;12.53;6.15;ND;5.1;ND;NA;NA;NA;
29;10;3.35;3.13;10.01;NA;2.44;3.88;ND;4.31;ND;NA;NA;NA;
29;11;3.2;3.11;4.86;NA;3.26;2.25;ND;3.32;ND;NA;NA;NA;
29;12;2.87;2.49;4.56;NA;2.84;1.9;ND;2.31;ND;NA;NA;NA;
29;13;1.91;2.26;3.71;NA;2.42;2.34;ND;1.92;ND;NA;NA;NA;
29;14;1.72;2.3;3.23;NA;4.46;2.48;ND;2.01;ND;NA;NA;NA;
29;15;1.74;2.09;4.03;NA;4.04;2.16;ND;1.84;ND;NA;NA;NA;
29;16;1.72;2;3.83;NA;4.36;2.24;ND;2.09;ND;NA;NA;NA;
29;17;1.76;1.94;5.65;NA;3.75;2.47;ND;1.87;ND;NA;NA;NA;
29;18;2.02;2.34;7.54;NA;3.67;3.07;ND;1.92;ND;NA;NA;NA;
29;19;2.04;1.99;10.02;NA;3.7;3.69;ND;2.12;ND;NA;NA;NA;
29;20;3.54;1.79;7.41;NA;4.22;3.61;ND;1.77;ND;NA;NA;NA;
29;21;4.21;1.77;6.96;NA;3.93;3.43;ND;1.64;ND;NA;NA;NA;
29;22;3.53;1.59;5.6;NA;3.82;3.31;ND;1.82;ND;NA;NA;NA;
29;23;2.71;1.73;4.73;NA;6.83;4.59;ND;1.61;ND;NA;NA;NA;
30;0;2.72;1.65;5.16;NA;10.43;5.55;ND;1.57;ND;NA;NA;NA;
30;1;2.58;1.48;4;NA;7.18;2.81;ND;1.64;ND;NA;NA;NA;
30;2;2.83;1.73;3.64;NA;4.64;2.16;ND;1.52;ND;NA;NA;NA;
30;3;2.11;1.78;3.66;NA;3.48;2.05;ND;1.33;ND;NA;NA;NA;
30;4;2.31;1.67;3.07;NA;3.75;1.61;ND;1.5;ND;NA;NA;NA;
30;5;2.5;1.84;3.55;NA;3.04;1.47;ND;1.53;ND;NA;NA;NA;
30;6;4.1;2.21;3.69;NA;4.59;1.79;ND;1.77;ND;NA;NA;NA;
30;7;5.18;2.43;6.12;NA;4.2;3.15;ND;2.14;ND;NA;NA;NA;
30;8;5.59;3.51;7.76;NA;5.95;3.91;ND;2.57;ND;NA;NA;NA;
30;9;5.6;2.78;8.4;NA;6.41;3.67;ND;2.28;ND;NA;NA;NA;
30;10;4.53;2.64;9.38;NA;5.93;2.97;ND;2.05;ND;NA;NA;NA;
30;11;3.08;2.13;8.46;NA;5.25;3.96;ND;2.12;ND;NA;NA;NA;
30;12;2.11;1.9;5.26;NA;5;3.21;ND;1.9;ND;NA;NA;NA;
30;13;2.06;1.74;4.77;NA;3.95;2.72;ND;1.87;ND;NA;NA;NA;
30;14;1.76;2.03;4.19;NA;2.62;2.37;ND;1.8;ND;NA;NA;NA;
30;15;2;1.91;4.97;NA;2.48;1.95;ND;1.97;ND;NA;NA;NA;
30;16;1.73;1.99;5.91;NA;3.03;1.97;ND;1.63;ND;NA;NA;NA;
30;17;1.92;1.85;7.54;NA;3;2.59;ND;1.81;ND;NA;NA;NA;
30;18;2.2;2.26;9.05;NA;2.72;2.7;ND;1.97;ND;NA;NA;NA;
30;19;2.34;2.15;7.56;NA;2.8;3.53;ND;1.86;ND;NA;NA;NA;
30;20;3.15;2.42;7.37;NA;3.12;3.61;ND;1.73;ND;NA;NA;NA;
30;21;3.07;2.41;7.23;NA;4.76;3.34;ND;1.69;ND;NA;NA;NA;
30;22;3.31;2.63;5.81;NA;4.38;2.66;ND;1.65;ND;NA;NA;NA;
30;23;3.12;2.54;6.06;NA;3.51;1.95;ND;1.95;ND;NA;NA;NA;
31;0;3.76;2.12;6.58;NA;4.61;1.78;ND;1.56;ND;NA;NA;NA;
31;1;3.86;2.91;6.58;NA;15.1;2.08;ND;1.47;ND;NA;NA;NA;
31;2;3.39;2.68;4.79;NA;9.7;2.77;ND;1.96;ND;NA;NA;NA;
31;3;3.27;2.46;8.93;NA;19.75;4.17;ND;1.96;ND;NA;NA;NA;
31;4;4.48;3.51;8.72;NA;7.38;4.57;ND;2.5;ND;NA;NA;NA;
31;5;4.74;3;8.08;NA;7.29;3.75;ND;2.53;ND;NA;NA;NA;
31;6;4.43;2.97;7.64;NA;5.27;3.18;ND;3.03;ND;NA;NA;NA;
31;7;5.7;5.62;6.16;NA;8.35;3.96;ND;6.59;ND;NA;NA;NA;
31;8;6.75;6.81;7.43;NA;11.05;4.59;ND;7.9;ND;NA;NA;NA;
31;9;5.84;5.37;7.92;NA;5.93;4.24;ND;4.75;ND;NA;NA;NA;
31;10;5.47;4.81;7.86;NA;5.06;4.38;ND;3.52;ND;NA;NA;NA;
31;11;3.43;3.2;5.06;NA;5.35;4.89;ND;3.38;ND;NA;NA;NA;
31;12;2.31;2.67;4.46;NA;4.34;3.21;ND;3.05;ND;NA;NA;NA;
31;13;1.92;2.29;4.04;NA;3.41;2.55;ND;2.5;ND;NA;NA;NA;
31;14;1.74;1.93;3.96;NA;2.82;1.87;ND;2.14;ND;NA;NA;NA;
31;15;1.53;2;3.89;NA;2.48;1.58;ND;1.98;ND;NA;NA;NA;
31;16;1.44;1.91;4.19;NA;2.59;1.66;ND;1.84;ND;NA;NA;NA;
31;17;1.88;1.86;4.32;NA;2.36;1.92;ND;1.77;ND;NA;NA;NA;
31;18;2.17;2.03;3.98;NA;1.94;1.96;ND;1.89;ND;NA;NA;NA;
31;19;2.61;1.69;4.11;NA;2.15;1.78;ND;1.61;ND;NA;NA;NA;
31;20;2.86;2.33;4.37;NA;5.53;1.97;ND;1.66;ND;NA;NA;NA;
31;21;2.05;2.31;4.25;NA;6.97;2.29;ND;1.85;ND;NA;NA;NA;
31;22;3.05;2.81;5.73;NA;4.69;3.47;ND;2.37;ND;NA;NA;NA;
31;23;4.26;2.78;10.59;NA;4.83;3.03;ND;2.93;ND;NA;NA;NA;
