DIA;HORA;Cotocollao;Carapungo;Belisario;Jipijapa;El Camal;Centro;Guamaní;Tumbaco;Los Chillos;El Condado;Turubamba;Chillogallo;
1;0;16.32;8.94;14.18;ND;26.02;21.81;ND;19.61;ND;NA;NA;NA;
1;1;15.01;8.47;13.94;ND;25.3;21.31;ND;8.43;ND;NA;NA;NA;
1;2;13.01;5.34;14.3;ND;62.34;14.37;ND;4.42;ND;NA;NA;NA;
1;3;6.4;1.73;15.94;ND;53.85;11.73;ND;7.58;ND;NA;NA;NA;
1;4;5.4;0.89;11.43;ND;92.56;10.48;ND;5.48;ND;NA;NA;NA;
1;5;4.76;0.6;8.72;ND;98.89;24.76;ND;3.53;ND;NA;NA;NA;
1;6;4.61;1;21.1;ND;56.78;24.89;ND;5.99;ND;NA;NA;NA;
1;7;5.72;1.83;14.41;ND;33.11;19.67;ND;11.66;ND;NA;NA;NA;
1;8;6.41;2.83;4.64;ND;3.16;6.94;ND;13.25;ND;NA;NA;NA;
1;9;3.86;1.89;5.8;ND;1.89;3.79;ND;7.27;ND;NA;NA;NA;
1;10;3.07;1.25;5.28;ND;2.78;4.86;ND;3.24;ND;NA;NA;NA;
1;11;2.13;1.33;3.13;ND;3.63;3.95;ND;2.2;ND;NA;NA;NA;
1;12;2.6;1.83;2.75;ND;2.6;3.42;ND;2.14;ND;NA;NA;NA;
1;13;1.97;1.58;2.54;ND;2.15;3.43;ND;3.52;ND;NA;NA;NA;
1;14;1.81;0.94;3.61;ND;1.89;3.8;ND;3.25;ND;NA;NA;NA;
1;15;1.45;0.35;3.34;ND;1.82;2.03;ND;1.7;ND;NA;NA;NA;
1;16;1.2;0.26;1.17;ND;1.48;1.84;ND;0.94;ND;NA;NA;NA;
1;17;1.17;0.23;2.72;ND;1.54;1.75;ND;0.94;ND;NA;NA;NA;
1;18;1.07;0.25;3.25;ND;1.81;4.06;ND;1.41;ND;NA;NA;NA;
1;19;1.83;0.4;3.06;ND;2.35;3.98;ND;1.2;ND;NA;NA;NA;
1;20;1.81;0.43;3.21;ND;2.31;3.22;ND;1.37;ND;NA;NA;NA;
1;21;1.68;0.35;2.97;ND;4.34;3.45;ND;1.9;ND;NA;NA;NA;
1;22;1.43;0.23;3.83;ND;3.46;3.78;ND;ND;ND;NA;NA;NA;
1;23;1.71;0.29;2.7;ND;44.78;3.02;ND;ND;ND;NA;NA;NA;
2;0;1.91;0.24;2.72;ND;41.35;3.76;ND;0.83;ND;NA;NA;NA;
2;1;2.21;0.24;1.76;ND;40.02;4.46;ND;0.83;ND;NA;NA;NA;
2;2;1.14;0.11;1.66;ND;53.85;2.29;ND;0.9;ND;NA;NA;NA;
2;3;0.77;0.15;2.15;ND;41.07;3.76;ND;1.73;ND;NA;NA;NA;
2;4;1.07;0.19;5.64;ND;33.07;7.4;ND;1.11;ND;NA;NA;NA;
2;5;1.02;0.95;4.93;ND;50.33;8.52;ND;1.31;ND;NA;NA;NA;
2;6;1.62;1.33;5.9;ND;75.71;9.27;ND;1.29;ND;NA;NA;NA;
2;7;3.28;2.11;10.23;ND;29.88;11.54;ND;2.22;ND;NA;NA;NA;
2;8;3.91;1.95;11.43;ND;15.61;10.53;ND;4.77;ND;NA;NA;NA;
2;9;4;1.83;9.41;ND;12.1;8.41;ND;2.84;ND;NA;NA;NA;
2;10;3.4;1.87;6.9;ND;5.05;4.99;ND;2.29;ND;NA;NA;NA;
2;11;4.42;2.88;6.32;ND;4.66;4.34;ND;2;ND;NA;NA;NA;
2;12;7.83;5.21;8.18;ND;7.48;6.82;ND;5.13;ND;NA;NA;NA;
2;13;3.64;1.71;7.1;ND;4.91;6.21;ND;6.73;ND;NA;NA;NA;
2;14;1.52;0.75;3.16;ND;3;3.88;ND;2.82;ND;NA;NA;NA;
2;15;1.32;0.52;2.16;ND;2.35;2.56;ND;1.56;ND;NA;NA;NA;
2;16;0.99;0.32;1.61;ND;2.21;2.43;ND;0.95;ND;NA;NA;NA;
2;17;0.97;0.22;1.98;ND;2.17;1.72;ND;0.92;ND;NA;NA;NA;
2;18;1.3;0.29;4.48;ND;2.66;1.2;ND;0.79;ND;NA;NA;NA;
2;19;1.96;0.35;6.45;ND;3.52;2.64;ND;1.39;ND;NA;NA;NA;
2;20;1.99;0.48;5.26;ND;4.4;3.7;ND;1.56;ND;NA;NA;NA;
2;21;2.23;0.23;8.59;ND;4.42;4.19;ND;1.64;ND;NA;NA;NA;
2;22;3.59;0.33;6.38;ND;5.27;4.24;ND;1.39;ND;NA;NA;NA;
2;23;3.16;0.27;4.89;ND;4.05;3.52;ND;1.05;ND;NA;NA;NA;
3;0;4.5;0.26;3.95;ND;10.28;2.59;ND;0.96;ND;NA;NA;NA;
3;1;3.58;0.41;3.29;ND;5.44;3.25;ND;1.5;ND;NA;NA;NA;
3;2;1.49;0.16;3.62;ND;13.12;3.87;ND;1.37;ND;NA;NA;NA;
3;3;0.98;0.11;2.5;ND;18.69;2.58;ND;1.72;ND;NA;NA;NA;
3;4;0.99;0.19;3;ND;13.39;2.78;ND;5.3;ND;NA;NA;NA;
3;5;1.3;0.07;3.15;ND;11.83;6.93;ND;8.06;ND;NA;NA;NA;
3;6;2.03;0.23;4.4;ND;12.4;7.21;ND;14.05;ND;NA;NA;NA;
3;7;4.15;1;13.27;ND;26.58;13.9;ND;13.51;ND;NA;NA;NA;
3;8;5.11;1.64;12.38;ND;11.26;5.56;ND;11.68;ND;NA;NA;NA;
3;9;3.59;1.33;7.29;ND;1.4;3.62;ND;5.52;ND;NA;NA;NA;
3;10;4.09;3.02;5.4;ND;3.62;5.13;ND;2.4;ND;NA;NA;NA;
3;11;3.5;2.94;3.44;ND;2.91;3.54;ND;2.82;ND;NA;NA;NA;
3;12;3.74;2.22;3.07;ND;2.13;2.58;ND;2.7;ND;NA;NA;NA;
3;13;2.82;0.97;3.38;ND;1.47;1.47;ND;3.06;ND;NA;NA;NA;
3;14;1.7;0.41;2.04;ND;1.63;2.16;ND;2.58;ND;NA;NA;NA;
3;15;1.32;0.22;1.66;ND;1.42;2.05;ND;2.13;ND;NA;NA;NA;
3;16;1.14;0.31;1.81;ND;1.45;1.92;ND;1.19;ND;NA;NA;NA;
3;17;1.01;0.35;2.02;ND;1.5;1.81;ND;1.15;ND;NA;NA;NA;
3;18;1.21;0.34;3.81;ND;1.69;1.09;ND;1.21;ND;NA;NA;NA;
3;19;1.66;0.36;5.52;ND;2.46;1.81;ND;2;ND;NA;NA;NA;
3;20;1.46;0.12;5.07;ND;3.34;3.26;ND;1.6;ND;NA;NA;NA;
3;21;1.48;0.16;4.56;ND;3.86;3.64;ND;1.83;ND;NA;NA;NA;
3;22;1.61;0.2;4.6;ND;2.29;4.15;ND;1.25;ND;NA;NA;NA;
3;23;1.48;0.52;2.55;ND;1.31;3.53;ND;0.89;ND;NA;NA;NA;
4;0;0.6;0.36;2.28;ND;0.9;2.93;ND;0.85;ND;NA;NA;NA;
4;1;ND;0.14;ND;ND;0.47;2.13;ND;0.59;ND;NA;NA;NA;
4;2;0.44;0.49;1.57;ND;0.79;1.72;ND;2.95;ND;NA;NA;NA;
4;3;0.65;0.79;1.02;ND;0.81;1.29;ND;1.48;ND;NA;NA;NA;
4;4;0.73;1.28;0.77;ND;1.54;2.19;ND;11.59;ND;NA;NA;NA;
4;5;2.3;1.95;1.49;ND;3.51;3.71;ND;12.76;ND;NA;NA;NA;
4;6;4.73;5.18;3.41;ND;7.18;5.5;ND;25.13;ND;NA;NA;NA;
4;7;6.14;4.98;4.94;ND;6.97;6.05;ND;9.42;ND;NA;NA;NA;
4;8;6.34;4.27;6.47;ND;2.71;5.32;ND;10.19;ND;NA;NA;NA;
4;9;4.73;2.46;23.73;ND;3.89;3.4;ND;6.54;ND;NA;NA;NA;
4;10;3.01;0.86;16.02;ND;3.18;1.98;ND;ND;ND;NA;NA;NA;
4;11;1.81;0.72;4.91;ND;0.87;2;ND;ND;ND;NA;NA;NA;
4;12;1.39;1.23;2.52;ND;1.01;1.35;ND;ND;ND;NA;NA;NA;
4;13;1.14;1.42;1.88;ND;1.13;1.4;ND;1.92;ND;NA;NA;NA;
4;14;0.99;1.21;1.7;ND;1.2;3.02;ND;2.33;ND;NA;NA;NA;
4;15;0.98;0.99;1.88;ND;1.19;3.14;ND;2.08;ND;NA;NA;NA;
4;16;0.89;1.27;2.72;ND;1.43;2.31;ND;2.39;ND;NA;NA;NA;
4;17;0.85;1.27;3.21;ND;1.16;2.59;ND;2.26;ND;NA;NA;NA;
4;18;0.97;1.03;4.39;ND;1.55;1.5;ND;2.33;ND;NA;NA;NA;
4;19;1;0.83;5.51;ND;1.46;2.42;ND;1.99;ND;NA;NA;NA;
4;20;1.11;0.94;5.47;ND;1.96;2.43;ND;1.95;ND;NA;NA;NA;
4;21;1.38;0.92;3.22;ND;2.02;2.37;ND;1.96;ND;NA;NA;NA;
4;22;1.19;0.78;3.95;ND;1.22;2.37;ND;1.91;ND;NA;NA;NA;
4;23;0.71;0.59;9.32;ND;1.91;2.97;ND;2.07;ND;NA;NA;NA;
5;0;1.01;0.54;5.16;ND;3.13;3.01;ND;1.99;ND;NA;NA;NA;
5;1;1.4;ND;4.42;ND;1.13;3.07;ND;3.18;ND;NA;NA;NA;
5;2;1.45;0.77;3.54;ND;5.84;4.06;ND;2.46;ND;NA;NA;NA;
5;3;1.19;0.76;5.99;ND;16.01;5.52;ND;2.59;ND;NA;NA;NA;
5;4;3.62;0.58;6.47;ND;15.73;4.25;ND;2.23;ND;NA;NA;NA;
5;5;2.31;0.94;5.5;ND;5.07;4.53;ND;5.06;ND;NA;NA;NA;
5;6;4.26;1.75;7.98;ND;21.9;6.91;ND;16.15;ND;NA;NA;NA;
5;7;6.38;1.76;8.2;ND;16.62;9.95;ND;32.03;ND;NA;NA;NA;
5;8;7.84;2.53;11.95;ND;9.28;7.91;ND;15.56;ND;NA;NA;NA;
5;9;8.26;3.16;17.06;ND;7.14;6.23;ND;6.11;ND;NA;NA;NA;
5;10;8.37;3.3;18.13;ND;7.07;5.97;ND;5.25;ND;NA;NA;NA;
5;11;5.61;2.82;9.13;ND;6.07;7.5;ND;5.87;ND;NA;NA;NA;
5;12;5.43;3.17;5.54;ND;2.84;5.97;ND;5.33;ND;NA;NA;NA;
5;13;3.4;1.55;2.71;ND;1.82;3.08;ND;2.55;ND;NA;NA;NA;
5;14;2.39;1.24;3.22;ND;1.13;2.11;ND;1.82;ND;NA;NA;NA;
5;15;1.67;1.05;2.91;ND;1.2;2.39;ND;2.36;ND;NA;NA;NA;
5;16;1.42;1.03;3.1;ND;2.75;3.34;ND;2.39;ND;NA;NA;NA;
5;17;1.33;0.69;3.85;ND;2.92;2.34;ND;2.13;ND;NA;NA;NA;
5;18;2.23;0.98;4.39;ND;3.09;4.12;ND;2.19;ND;NA;NA;NA;
5;19;2.15;0.79;6.54;ND;3.86;4.32;ND;2.34;ND;NA;NA;NA;
5;20;2.72;0.73;2.93;ND;3.81;4.63;ND;2.78;ND;NA;NA;NA;
5;21;9.02;0.83;7.02;ND;2.95;4.27;ND;3.02;ND;NA;NA;NA;
5;22;4.66;0.47;6.69;ND;4.64;5.71;ND;3.26;ND;NA;NA;NA;
5;23;2.43;0.89;8.71;ND;4.57;4.64;ND;2.6;ND;NA;NA;NA;
6;0;1.82;1.44;5.58;ND;3.63;2.78;ND;1.97;ND;NA;NA;NA;
6;1;2.35;0.92;ND;ND;12.98;4.65;ND;2.22;ND;NA;NA;NA;
6;2;1.76;0.8;4.39;ND;18.43;4.99;ND;4.09;ND;NA;NA;NA;
6;3;2.03;0.65;4.03;ND;71.1;12.97;ND;8.99;ND;NA;NA;NA;
6;4;2.89;0.58;9.48;ND;99.61;11.54;ND;5.95;ND;NA;NA;NA;
6;5;3.4;0.83;11.48;ND;41.22;14.06;ND;5.94;ND;NA;NA;NA;
6;6;3.7;3.03;10.9;ND;35.03;11.13;ND;4.67;ND;NA;NA;NA;
6;7;18.62;4.46;19.18;ND;73.36;22.72;ND;15.26;ND;NA;NA;NA;
6;8;5.18;2.25;14.39;ND;19.25;19.66;ND;15.79;ND;NA;NA;NA;
6;9;6.46;4.82;33.42;ND;10.68;9.5;ND;10.62;ND;NA;NA;NA;
6;10;ND;4.24;28.92;ND;4.2;4.27;ND;7.58;ND;NA;NA;NA;
6;11;5.17;4.37;8.15;ND;2.81;3.3;ND;5.89;ND;NA;NA;NA;
6;12;3.2;5;4.03;ND;1.76;2.3;ND;4.09;ND;NA;NA;NA;
6;13;2.03;2.44;4.3;ND;1.63;2.09;ND;4.16;ND;NA;NA;NA;
6;14;1.55;1.73;3.76;ND;1.78;4.67;ND;3.73;ND;NA;NA;NA;
6;15;1.24;1.21;3.75;ND;1.55;ND;ND;2.85;ND;NA;NA;NA;
6;16;1.23;1.28;3.1;ND;1.65;3.22;ND;2.29;ND;NA;NA;NA;
6;17;1.47;1.24;4.39;ND;2.03;2.97;ND;2.32;ND;NA;NA;NA;
6;18;1.12;1.4;5.76;ND;2.23;1.44;ND;2.09;ND;NA;NA;NA;
6;19;1.2;1.29;6.56;ND;3;2.44;ND;1.9;ND;NA;NA;NA;
6;20;1.69;0.67;8.34;ND;3.5;3.56;ND;1.81;ND;NA;NA;NA;
6;21;1.15;0.77;4.94;ND;1.99;3.05;ND;1.67;ND;NA;NA;NA;
6;22;1.04;0.59;4.12;ND;1.7;3.02;ND;2.19;ND;NA;NA;NA;
6;23;1.42;0.34;3.67;ND;1.8;3.2;ND;2.39;ND;NA;NA;NA;
7;0;1.77;0.7;3.27;ND;6.5;2.64;ND;2.21;ND;NA;NA;NA;
7;1;1.38;ND;5.41;ND;ND;ND;ND;2.27;ND;NA;NA;NA;
7;2;1.16;0.54;4.54;ND;0.96;1.2;ND;2.58;ND;NA;NA;NA;
7;3;1.69;0.57;3.75;ND;20.54;3.36;ND;3.12;ND;NA;NA;NA;
7;4;1.94;0.61;6.6;ND;53.43;7.26;ND;6.23;ND;NA;NA;NA;
7;5;3.57;1.04;6.88;ND;67.32;8.22;ND;9.72;ND;NA;NA;NA;
7;6;8.42;1.82;13.49;ND;85.72;15.33;ND;11.55;ND;NA;NA;NA;
7;7;12.39;3.13;24.05;ND;59.67;24.89;ND;7.94;ND;NA;NA;NA;
7;8;12.28;3.85;10.55;ND;22.2;17.18;ND;10;ND;NA;NA;NA;
7;9;6.56;3.36;46.24;ND;6.35;4.39;ND;8.04;ND;NA;NA;NA;
7;10;2.99;2.87;ND;ND;2.97;2.36;ND;7.3;ND;NA;NA;NA;
7;11;2.38;1.55;6.15;ND;2.81;3.16;ND;2.9;ND;NA;NA;NA;
7;12;1.46;1.01;3.23;ND;1.76;ND;ND;1.92;ND;NA;NA;NA;
7;13;1.87;0.92;ND;ND;1.19;ND;ND;1.95;ND;NA;NA;NA;
7;14;2.57;1;3.45;ND;1.19;ND;ND;2.32;ND;NA;NA;NA;
7;15;ND;0.85;3.34;ND;2.91;ND;ND;2.5;ND;NA;NA;NA;
7;16;1.76;0.76;3.08;ND;3.5;ND;ND;2.39;ND;NA;NA;NA;
7;17;2.31;2.38;4.3;ND;1.76;2.81;ND;1.62;ND;NA;NA;NA;
7;18;ND;2.42;6.16;ND;2.69;4.54;ND;1.97;ND;NA;NA;NA;
7;19;2.44;1.83;5.96;ND;4.05;4.94;ND;2.13;ND;NA;NA;NA;
7;20;3.59;1.15;8.01;ND;3;3.66;ND;3.47;ND;NA;NA;NA;
7;21;2.98;1.99;3.56;ND;1.96;2.79;ND;3.8;ND;NA;NA;NA;
7;22;5.07;2.97;6.35;ND;2.78;4.64;ND;4.12;ND;NA;NA;NA;
7;23;4.71;2.91;4.03;ND;1.21;4.06;ND;9.42;ND;NA;NA;NA;
8;0;2.58;1.4;2.41;ND;1.5;2.3;ND;9.19;ND;NA;NA;NA;
8;1;2.43;1.12;4.56;ND;1.2;3.47;ND;2.21;ND;NA;NA;NA;
8;2;2.47;1.17;6.22;ND;2.57;4.6;ND;2.6;ND;NA;NA;NA;
8;3;2.85;1.23;5.18;ND;2.73;4.67;ND;1.98;ND;NA;NA;NA;
8;4;2.78;2.76;5.7;ND;3.75;4.08;ND;1.92;ND;NA;NA;NA;
8;5;3.75;2.67;5.91;ND;3.66;4.93;ND;2.84;ND;NA;NA;NA;
8;6;7.85;3.43;6.52;ND;5.38;4.18;ND;3.38;ND;NA;NA;NA;
8;7;9.61;5.43;6.22;ND;3.59;4.33;ND;5.8;ND;NA;NA;NA;
8;8;8.41;5.11;6.18;ND;1;2.62;ND;11.98;ND;NA;NA;NA;
8;9;5.17;2.31;35.47;ND;1.75;2.61;ND;9.27;ND;NA;NA;NA;
8;10;2.99;2.45;42.58;ND;2.12;3.08;ND;6.45;ND;NA;NA;NA;
8;11;2.68;1.37;6.33;ND;2.11;2.57;ND;5.16;ND;NA;NA;NA;
8;12;1.73;1.01;3.58;ND;1.04;2.08;ND;3.36;ND;NA;NA;NA;
8;13;2.15;1.16;3.76;ND;0.46;1.91;ND;2.13;ND;NA;NA;NA;
8;14;1.74;0.77;3.3;ND;0.53;3.34;ND;1.64;ND;NA;NA;NA;
8;15;1.37;0.67;2.21;ND;0.73;4.34;ND;1.65;ND;NA;NA;NA;
8;16;1.25;0.94;3.92;ND;0.91;2.69;ND;2.04;ND;NA;NA;NA;
8;17;1.46;0.97;4.37;ND;1.92;2.63;ND;2.27;ND;NA;NA;NA;
8;18;1.9;1.08;7.45;ND;2.19;4.45;ND;1.9;ND;NA;NA;NA;
8;19;2.21;1.05;5.1;ND;2.22;3.78;ND;2.48;ND;NA;NA;NA;
8;20;2.24;1.03;5.22;ND;3.76;3.84;ND;2.43;ND;NA;NA;NA;
8;21;2.36;1.15;7.06;ND;3.66;4.41;ND;2.01;ND;NA;NA;NA;
8;22;2.61;1.32;6.03;ND;3.07;5.66;ND;1.77;ND;NA;NA;NA;
8;23;2.94;1.36;3.39;ND;3.87;5.71;ND;1.78;ND;NA;NA;NA;
9;0;2.28;0.96;6.04;ND;7.8;5.52;ND;1.81;ND;NA;NA;NA;
9;1;ND;ND;ND;ND;ND;ND;ND;1.49;ND;NA;NA;NA;
9;2;1.63;1.16;9.6;ND;14.1;5.91;ND;1.59;ND;NA;NA;NA;
9;3;1.37;0.74;4.55;ND;6.58;5.05;ND;1.51;ND;NA;NA;NA;
9;4;1.39;0.71;3.9;ND;2.95;3.4;ND;1.47;ND;NA;NA;NA;
9;5;2;0.88;4.51;ND;2.87;3.61;ND;1.66;ND;NA;NA;NA;
9;6;2.74;0.7;5.46;ND;17.84;4.73;ND;1.96;ND;NA;NA;NA;
9;7;2.23;1.55;7.51;ND;18.2;10.43;ND;7.5;ND;NA;NA;NA;
9;8;2.22;2.13;10.46;ND;14.73;10.61;ND;8.54;ND;NA;NA;NA;
9;9;2.55;2.19;8.81;ND;8.45;9.04;ND;11.58;ND;NA;NA;NA;
9;10;3.17;2.22;7.38;ND;4.78;5.95;ND;5.94;ND;NA;NA;NA;
9;11;2.83;1.68;5.53;ND;4.2;4.72;ND;4.21;ND;NA;NA;NA;
9;12;2.87;2.01;5.18;ND;3.79;4.24;ND;3.94;ND;NA;NA;NA;
9;13;2.85;1.21;4.79;ND;2.78;3.92;ND;3.64;ND;NA;NA;NA;
9;14;2.37;1.61;4.1;ND;2.62;2.55;ND;3.36;ND;NA;NA;NA;
9;15;1.8;1.33;4.1;ND;2.34;2.89;ND;2.18;ND;NA;NA;NA;
9;16;1.35;0.41;3.94;ND;2.21;3.28;ND;2.28;ND;NA;NA;NA;
9;17;1.14;0.77;4.1;ND;2.16;3.38;ND;2.01;ND;NA;NA;NA;
9;18;1.55;0.69;4.57;ND;1.86;4.03;ND;1.77;ND;NA;NA;NA;
9;19;1.77;0.43;5.58;ND;3;4.28;ND;1.78;ND;NA;NA;NA;
9;20;1.86;0.46;3.93;ND;2.15;3.83;ND;1.77;ND;NA;NA;NA;
9;21;1.15;0.28;3.5;ND;1.29;3.62;ND;1.59;ND;NA;NA;NA;
9;22;1.11;0.35;4.05;ND;1.99;3.23;ND;1.58;ND;NA;NA;NA;
9;23;1.2;0.37;3.33;ND;2.56;3.08;ND;1.37;ND;NA;NA;NA;
10;0;1.51;0.44;3.24;ND;1.47;2.97;ND;1.55;ND;NA;NA;NA;
10;1;1.24;0.45;2.39;ND;1.32;2.68;ND;1.27;ND;NA;NA;NA;
10;2;1.08;0.41;1.94;ND;1.21;2.26;ND;1.34;ND;NA;NA;NA;
10;3;0.82;0.26;1.63;ND;0.78;2.2;ND;1.26;ND;NA;NA;NA;
10;4;0.93;0.18;2.72;ND;0.61;2.54;ND;1.34;ND;NA;NA;NA;
10;5;0.7;0.46;3.84;ND;13.35;2.73;ND;1.88;ND;NA;NA;NA;
10;6;0.79;0.52;27.74;ND;28.39;4.21;ND;7.05;ND;NA;NA;NA;
10;7;2.06;1.12;27.51;ND;17.8;9.93;ND;22.49;ND;NA;NA;NA;
10;8;3.46;1.21;16.06;ND;8.42;7.98;ND;8.99;ND;NA;NA;NA;
10;9;4.67;1.96;12.26;ND;7.43;6.82;ND;9.71;ND;NA;NA;NA;
10;10;4.11;1.64;11.72;ND;8.49;7.33;ND;6.36;ND;NA;NA;NA;
10;11;3.84;1.05;6.69;ND;8.1;7.07;ND;4.59;ND;NA;NA;NA;
10;12;2.14;0.71;3.08;ND;3.86;4.61;ND;2.64;ND;NA;NA;NA;
10;13;1.4;0.52;2.06;ND;2.3;3.15;ND;2.17;ND;NA;NA;NA;
10;14;1.1;0.65;1.89;ND;1.6;2.47;ND;2.2;ND;NA;NA;NA;
10;15;0.88;0.66;2.69;ND;1.25;1.91;ND;2.04;ND;NA;NA;NA;
10;16;0.86;0.82;2.26;ND;0.97;1.66;ND;1.74;ND;NA;NA;NA;
10;17;0.82;0.25;2.81;ND;0.91;1.58;ND;1.69;ND;NA;NA;NA;
10;18;0.82;0.3;3.6;ND;0.94;2.28;ND;1.99;ND;NA;NA;NA;
10;19;0.91;0.52;3.4;ND;1.21;2.48;ND;1.89;ND;NA;NA;NA;
10;20;1.05;0.3;2.96;ND;0.83;2.31;ND;1.68;ND;NA;NA;NA;
10;21;0.9;0.38;2.37;ND;1.22;2.43;ND;1.7;ND;NA;NA;NA;
10;22;0.84;0.33;1.86;ND;0.84;2.39;ND;1.44;ND;NA;NA;NA;
10;23;0.88;0.33;1.39;ND;0.48;1.91;ND;1.43;ND;NA;NA;NA;
11;0;0.61;0.3;1.33;ND;0.99;1.98;ND;1.21;ND;NA;NA;NA;
11;1;ND;ND;ND;ND;ND;ND;ND;1.25;ND;NA;NA;NA;
11;2;0.55;0.32;0.99;ND;1.62;2.14;ND;1.21;ND;NA;NA;NA;
11;3;0.55;0.25;1.61;ND;1.01;2.43;ND;1.17;ND;NA;NA;NA;
11;4;0.62;0.22;4.2;ND;0.6;2.21;ND;1.28;ND;NA;NA;NA;
11;5;0.95;0.29;2.9;ND;1.86;2.29;ND;1.51;ND;NA;NA;NA;
11;6;1.55;0.46;6.19;ND;5.76;3.11;ND;1.9;ND;NA;NA;NA;
11;7;1.74;0.62;8.03;ND;10.27;6.38;ND;3.12;ND;NA;NA;NA;
11;8;1.61;0.53;6.59;ND;7.1;5.28;ND;3.03;ND;NA;NA;NA;
11;9;1.61;0.37;5.97;ND;4.9;4.4;ND;1.87;ND;NA;NA;NA;
11;10;1.99;0.75;4.19;ND;2.77;3.22;ND;1.5;ND;NA;NA;NA;
11;11;1.81;0.98;ND;ND;2.77;4.09;ND;1.75;ND;NA;NA;NA;
11;12;2.53;1.37;7.63;ND;2.3;ND;ND;3.31;ND;NA;NA;NA;
11;13;4.42;2.11;8.75;ND;2.78;ND;ND;16.95;ND;NA;NA;NA;
11;14;7.73;2.7;10.67;ND;3.95;7.74;ND;18.16;ND;NA;NA;NA;
11;15;6.08;1.39;12.59;ND;4.56;ND;ND;5.17;ND;NA;NA;NA;
11;16;2.62;0.63;38.63;ND;9.02;7.12;ND;5.6;ND;NA;NA;NA;
11;17;1.49;1.37;32.58;ND;9.93;6.17;ND;3.22;ND;NA;NA;NA;
11;18;1.13;0.68;8.41;ND;4.8;4.78;ND;2.25;ND;NA;NA;NA;
11;19;1.34;0.69;6.9;ND;3.37;5.25;ND;2.36;ND;NA;NA;NA;
11;20;1.49;0.71;7.98;ND;2.04;5.5;ND;2.21;ND;NA;NA;NA;
11;21;1.2;0.59;6.22;ND;2.05;4.44;ND;2.34;ND;NA;NA;NA;
11;22;1.37;0.94;6.8;ND;2.32;4.38;ND;2.1;ND;NA;NA;NA;
11;23;1.58;1.16;7.97;ND;2.02;5.27;ND;2.08;ND;NA;NA;NA;
12;0;1.72;0.73;9.5;ND;3.07;6.27;ND;2.01;ND;NA;NA;NA;
12;1;2.38;0.81;15.81;ND;3.61;7.88;ND;1.94;ND;NA;NA;NA;
12;2;2.39;1.32;13.43;ND;5.23;8.27;ND;2.46;ND;NA;NA;NA;
12;3;1.84;2.12;9.66;ND;5.01;6.99;ND;2.9;ND;NA;NA;NA;
12;4;2.7;1.96;8.76;ND;5.12;6.33;ND;2.34;ND;NA;NA;NA;
12;5;3.3;3.32;8.91;ND;5.97;6.63;ND;3.06;ND;NA;NA;NA;
12;6;4.73;3.59;8.44;ND;6.99;7.42;ND;3.92;ND;NA;NA;NA;
12;7;7.38;4.88;10.84;ND;9.51;7.39;ND;10.46;ND;NA;NA;NA;
12;8;11.84;11.55;14.85;ND;12.13;9.89;ND;14.51;ND;NA;NA;NA;
12;9;14.16;8.31;ND;ND;10.23;9.87;ND;12.71;ND;NA;NA;NA;
12;10;11.74;6.25;ND;ND;12.82;13.66;ND;8.56;ND;NA;NA;NA;
12;11;10.53;6.08;15.18;ND;16.78;12.41;ND;7.45;ND;NA;NA;NA;
12;12;10.25;6.05;15.57;ND;9;10.37;ND;9.22;ND;NA;NA;NA;
12;13;4.9;2.82;11.8;ND;6.78;9.3;ND;7.98;ND;NA;NA;NA;
12;14;3.86;1.47;7.33;ND;3.77;8.59;ND;5.87;ND;NA;NA;NA;
12;15;2.91;1.51;7.13;ND;2.13;7.19;ND;3.06;ND;NA;NA;NA;
12;16;2.86;1.09;8.29;ND;2.09;6.52;ND;2.38;ND;NA;NA;NA;
12;17;1.94;0.75;10.84;ND;2.35;6.76;ND;2.03;ND;NA;NA;NA;
12;18;1.59;0.71;8.71;ND;2.73;3.78;ND;2.17;ND;NA;NA;NA;
12;19;1.73;1.07;7.51;ND;2.14;3.05;ND;2.18;ND;NA;NA;NA;
12;20;1.79;0.94;8.11;ND;3.26;4.65;ND;1.75;ND;NA;NA;NA;
12;21;1.79;0.99;6.53;ND;4.12;4.94;ND;1.54;ND;NA;NA;NA;
12;22;1.43;0.86;5.35;ND;1.8;4.5;ND;1.48;ND;NA;NA;NA;
12;23;1.08;0.83;4.09;ND;1.32;4.16;ND;1.43;ND;NA;NA;NA;
13;0;1.19;0.45;3.99;ND;1.35;3.8;ND;1.88;ND;NA;NA;NA;
13;1;ND;ND;ND;ND;ND;ND;ND;2.13;ND;NA;NA;NA;
13;2;1.34;0.92;5.02;ND;0.94;3.52;ND;4.66;ND;NA;NA;NA;
13;3;1.36;0.58;6.23;ND;1.24;3.38;ND;3.31;ND;NA;NA;NA;
13;4;1.54;0.3;4.04;ND;1.96;3.03;ND;2.2;ND;NA;NA;NA;
13;5;2.64;1.03;6.6;ND;7.65;2.92;ND;2.67;ND;NA;NA;NA;
13;6;5.98;3.02;8.42;ND;29.65;6.93;ND;3.66;ND;NA;NA;NA;
13;7;8.23;7.2;19.2;ND;39.5;15.83;ND;7.65;ND;NA;NA;NA;
13;8;9.96;10.28;25.91;ND;16.36;12.71;ND;18.61;ND;NA;NA;NA;
13;9;9.89;6.82;23.48;ND;15.14;16.13;ND;11.22;ND;NA;NA;NA;
13;10;7.68;5.38;12.38;ND;12.78;12.15;ND;7.29;ND;NA;NA;NA;
13;11;4.79;3.48;8.19;ND;7.28;9.58;ND;6.04;ND;NA;NA;NA;
13;12;4.43;1.8;8;ND;4.65;8.93;ND;5.92;ND;NA;NA;NA;
13;13;3.04;1.47;5.85;ND;4.85;6.26;ND;5.39;ND;NA;NA;NA;
13;14;2.5;ND;4.24;ND;2.74;5.33;ND;4.28;ND;NA;NA;NA;
13;15;ND;1.03;2.75;ND;2.1;4.98;ND;3.13;ND;NA;NA;NA;
13;16;1.33;0.89;3.32;ND;2.02;5.11;ND;2.68;ND;NA;NA;NA;
13;17;1.33;1.09;ND;ND;2.05;5.15;ND;2.73;ND;NA;NA;NA;
13;18;1.43;1.03;5.19;ND;2.25;5.45;ND;2.06;ND;NA;NA;NA;
13;19;1.87;1.52;ND;ND;4.15;5.74;ND;2.33;ND;NA;NA;NA;
13;20;2.6;1.61;8.6;ND;10.31;6.43;ND;11.52;ND;NA;NA;NA;
13;21;2.94;1.8;10.49;ND;10.29;6.28;ND;3.6;ND;NA;NA;NA;
13;22;3.58;1.76;9.42;ND;10.29;6.43;ND;3.55;ND;NA;NA;NA;
13;23;2.29;1;10.8;ND;9.33;6.11;ND;2.53;ND;NA;NA;NA;
14;0;2.46;0.81;7.53;ND;12.76;4.62;ND;2.68;ND;NA;NA;NA;
14;1;2.12;1.11;7.37;ND;22.9;5.51;ND;4.15;ND;NA;NA;NA;
14;2;2.42;1.51;7.02;ND;16.1;4.84;ND;4.13;ND;NA;NA;NA;
14;3;5.51;2.46;6.16;ND;18.35;3.2;ND;7.97;ND;NA;NA;NA;
14;4;4.71;2.15;6.85;ND;20.67;3.72;ND;6.83;ND;NA;NA;NA;
14;5;4.17;4.26;8.82;ND;38.7;5.13;ND;11.22;ND;NA;NA;NA;
14;6;5.09;5.57;13.85;ND;32.27;9.54;ND;18.57;ND;NA;NA;NA;
14;7;18.86;9.69;17.85;ND;25.86;21.7;ND;37.71;ND;NA;NA;NA;
14;8;10.57;8.72;13.13;ND;18.88;11.08;ND;19.77;ND;NA;NA;NA;
14;9;4.81;7.31;5.87;ND;5.33;4.87;ND;19.97;ND;NA;NA;NA;
14;10;4.43;3.5;5.64;ND;3.37;3.9;ND;14.5;ND;NA;NA;NA;
14;11;2.01;2.8;4.81;ND;2.83;2.7;ND;4.4;ND;NA;NA;NA;
14;12;2.01;1.97;4.61;ND;2.21;2.56;ND;1.78;ND;NA;NA;NA;
14;13;2.03;2.14;5.85;ND;1.14;2.47;ND;1.57;ND;NA;NA;NA;
14;14;2.04;1.87;5.32;ND;3.85;2.93;ND;1.82;ND;NA;NA;NA;
14;15;1.75;ND;5.84;ND;0.68;3.54;ND;2.43;ND;NA;NA;NA;
14;16;1.34;ND;4.42;ND;2.54;4.33;ND;2.93;ND;NA;NA;NA;
14;17;1.44;2.34;ND;ND;3.87;5.09;ND;3.44;ND;NA;NA;NA;
14;18;1.37;2.11;7.68;ND;5.22;5.36;ND;3;ND;NA;NA;NA;
14;19;1.43;2.31;9.95;ND;3.27;6.12;ND;2.56;ND;NA;NA;NA;
14;20;2.14;2.41;8.22;ND;4.16;6.38;ND;2.67;ND;NA;NA;NA;
14;21;2.49;2.39;9.57;ND;10.05;6.62;ND;2.96;ND;NA;NA;NA;
14;22;2.49;2.44;5.61;ND;10.02;6.86;ND;3.05;ND;NA;NA;NA;
14;23;2.78;2.47;7.42;ND;7.05;6.84;ND;2.54;ND;NA;NA;NA;
15;0;2.83;1.96;9.22;ND;19.09;5.74;ND;2.41;ND;NA;NA;NA;
15;1;ND;ND;ND;ND;ND;ND;ND;3.77;ND;NA;NA;NA;
15;2;3.93;2.23;6.97;ND;28.64;4.53;ND;5.68;ND;NA;NA;NA;
15;3;4.22;3.25;4.92;ND;7.65;4.42;ND;26.67;ND;NA;NA;NA;
15;4;3.84;2.55;5.86;ND;104.17;13.77;ND;22.15;ND;NA;NA;NA;
15;5;5.51;4.11;6.49;ND;46.11;13.72;ND;27.05;ND;NA;NA;NA;
15;6;7.71;5.61;12.43;ND;83.54;20.97;ND;14.65;ND;NA;NA;NA;
15;7;13.25;9.41;16.63;ND;37.91;35.58;ND;28.67;ND;NA;NA;NA;
15;8;11.85;8.9;22.33;ND;16.02;15.95;ND;27.74;ND;NA;NA;NA;
15;9;6.35;5.43;15.79;ND;6.21;8.16;ND;12.98;ND;NA;NA;NA;
15;10;4.41;3.49;9.62;ND;6.19;7.54;ND;5.88;ND;NA;NA;NA;
15;11;3.09;3.18;9;ND;6.34;5.38;ND;3.82;ND;NA;NA;NA;
15;12;2.83;5.75;5.36;ND;2.56;4.36;ND;2.25;ND;NA;NA;NA;
15;13;3.08;7.53;4.14;ND;2.87;3.23;ND;2.33;ND;NA;NA;NA;
15;14;4.26;4.16;4.18;ND;2.97;4.33;ND;2.77;ND;NA;NA;NA;
15;15;3.89;2.4;5.71;ND;12.35;5.4;ND;2.29;ND;NA;NA;NA;
15;16;4.1;3.3;5.8;ND;11.31;3.63;ND;2.35;ND;NA;NA;NA;
15;17;3.55;2.7;6.09;ND;4.93;4.36;ND;2.37;ND;NA;NA;NA;
15;18;3.91;2.81;6.68;ND;13.46;4.99;ND;2.78;ND;NA;NA;NA;
15;19;3.91;2.83;10.3;ND;7.87;7.54;ND;6.72;ND;NA;NA;NA;
15;20;4.04;2.99;9.91;ND;14.03;6.57;ND;6.67;ND;NA;NA;NA;
15;21;4.23;3.33;9.7;ND;7.55;5.77;ND;5.71;ND;NA;NA;NA;
15;22;7.42;3.43;6.32;ND;19.97;7.65;ND;5.56;ND;NA;NA;NA;
15;23;4.45;3.71;15.51;ND;25.75;10.28;ND;6.65;ND;NA;NA;NA;
16;0;4.32;3.89;13.41;ND;18.28;8.08;ND;4.8;ND;NA;NA;NA;
16;1;4.61;4.41;ND;ND;16.95;6.58;ND;5.7;ND;NA;NA;NA;
16;2;3.5;3.31;9.15;ND;11.36;8.72;ND;9.32;ND;NA;NA;NA;
16;3;2.89;3.91;9.6;ND;6.65;10.49;ND;6.28;ND;NA;NA;NA;
16;4;3.3;3.61;9.04;ND;9.72;10.58;ND;13.19;ND;NA;NA;NA;
16;5;4.45;4.72;9.86;ND;15.19;11.59;ND;12.39;ND;NA;NA;NA;
16;6;5.33;8.74;13;ND;74.18;28.95;ND;13.9;ND;NA;NA;NA;
16;7;7.88;14.87;18.69;ND;27.1;36.97;ND;20.27;ND;NA;NA;NA;
16;8;10.85;13.03;11.69;ND;16.29;15.85;ND;34.11;ND;NA;NA;NA;
16;9;5.95;6.64;11.32;ND;3.38;6.29;ND;26.64;ND;NA;NA;NA;
16;10;3.71;3.88;7.76;ND;10.48;6.19;ND;12.88;ND;NA;NA;NA;
16;11;2.49;3.35;4.63;ND;6.34;4.53;ND;4.92;ND;NA;NA;NA;
16;12;2.11;2.41;3.28;ND;1.68;4.21;ND;2.43;ND;NA;NA;NA;
16;13;1.47;2.15;2.81;ND;0.79;4.14;ND;1.87;ND;NA;NA;NA;
16;14;1.78;2.51;2.8;ND;1.47;3.7;ND;1.76;ND;NA;NA;NA;
16;15;1.31;2.08;3.28;ND;0.81;3.33;ND;1.6;ND;NA;NA;NA;
16;16;1.09;1.71;3.42;ND;1.73;2.86;ND;1.69;ND;NA;NA;NA;
16;17;1.74;1.84;3.91;ND;1.86;2.5;ND;1.64;ND;NA;NA;NA;
16;18;2.25;2.49;4.31;ND;3.01;2.83;ND;1.73;ND;NA;NA;NA;
16;19;2.25;3.17;5.17;ND;4.89;3.15;ND;2.14;ND;NA;NA;NA;
16;20;2.26;3.01;5.12;ND;2.67;3.53;ND;3.4;ND;NA;NA;NA;
16;21;2.15;3.33;4.11;ND;2.72;4.34;ND;3.25;ND;NA;NA;NA;
16;22;2.09;2.99;4.03;ND;2.27;3.93;ND;3.48;ND;NA;NA;NA;
16;23;2.45;2.95;4.66;ND;1.63;3.94;ND;3.03;ND;NA;NA;NA;
17;0;2.21;2.29;4.98;ND;1;3.78;ND;3.04;ND;NA;NA;NA;
17;1;ND;ND;5.58;ND;ND;ND;ND;3.05;ND;NA;NA;NA;
17;2;1.66;1.98;4.68;ND;3.08;3.91;ND;3.39;ND;NA;NA;NA;
17;3;2.55;1.94;4.64;ND;2.94;3.73;ND;3;ND;NA;NA;NA;
17;4;3.03;1.98;4.64;ND;2.56;4.21;ND;2.11;ND;NA;NA;NA;
17;5;2.14;1.93;3.69;ND;2.48;3.95;ND;2.38;ND;NA;NA;NA;
17;6;1.82;2.26;4.1;ND;2.61;3.86;ND;3.28;ND;NA;NA;NA;
17;7;2.1;3.42;4.73;ND;4.28;6.12;ND;9.17;ND;NA;NA;NA;
17;8;2;2.68;5.57;ND;4.25;6.63;ND;22.6;ND;NA;NA;NA;
17;9;2.7;3.77;5;ND;2;4.15;ND;18.22;ND;NA;NA;NA;
17;10;2.4;3.31;5.8;ND;2.16;3.07;ND;11.38;ND;NA;NA;NA;
17;11;2.64;3.14;4.57;ND;1.44;2.81;ND;4.21;ND;NA;NA;NA;
17;12;1.93;2.31;3.81;ND;0.89;2.88;ND;2.13;ND;NA;NA;NA;
17;13;1.26;1.53;3.47;ND;0.8;3.1;ND;1.56;ND;NA;NA;NA;
17;14;0.97;1.42;2.69;ND;1.47;2.42;ND;1.69;ND;NA;NA;NA;
17;15;0.74;1.57;2.48;ND;0.67;2.18;ND;1.58;ND;NA;NA;NA;
17;16;0.88;2.04;2.81;ND;0.73;2.15;ND;1.56;ND;NA;NA;NA;
17;17;1.27;2.41;3.43;ND;0.96;2.21;ND;1.47;ND;NA;NA;NA;
17;18;1.69;2.47;3.8;ND;1.42;2.26;ND;1.54;ND;NA;NA;NA;
17;19;1.86;2.4;4.7;ND;1.04;2.34;ND;2.27;ND;NA;NA;NA;
17;20;2.73;2.47;5.5;ND;1.84;2.58;ND;2.72;ND;NA;NA;NA;
17;21;2.1;2.53;5.67;ND;1.79;3.06;ND;2.29;ND;NA;NA;NA;
17;22;1.69;ND;3.67;ND;1.42;2.83;ND;2.34;ND;NA;NA;NA;
17;23;1.79;ND;3.28;ND;1.09;2.71;ND;2.33;ND;NA;NA;NA;
18;0;1.3;2.57;3;ND;1.19;2.85;ND;2.04;ND;NA;NA;NA;
18;1;1.49;2.66;ND;ND;1.77;3.67;ND;2.11;ND;NA;NA;NA;
18;2;1.38;2.83;3.57;ND;12.75;3.65;ND;3.95;ND;NA;NA;NA;
18;3;1.24;2.84;3.55;ND;7.88;4.38;ND;3.04;ND;NA;NA;NA;
18;4;1.66;2.98;3.7;ND;5.18;6.21;ND;3.45;ND;NA;NA;NA;
18;5;2.41;3.3;4.09;ND;12.85;7.29;ND;2.79;ND;NA;NA;NA;
18;6;5.82;6.94;9.04;ND;79.35;8.77;ND;2.58;ND;NA;NA;NA;
18;7;6.94;10.99;7.87;ND;69.12;16.3;ND;4.13;ND;NA;NA;NA;
18;8;4.69;4.99;12.46;ND;24.61;11.91;ND;5.8;ND;NA;NA;NA;
18;9;5.71;3.89;ND;ND;9.69;8.65;ND;10.35;ND;NA;NA;NA;
18;10;3.4;4.35;ND;ND;ND;5.03;ND;7.21;ND;NA;NA;NA;
18;11;2.75;3.79;3.5;ND;ND;ND;ND;3.81;ND;NA;NA;NA;
18;12;2.68;3.17;4.07;ND;2.29;ND;ND;3.08;ND;NA;NA;NA;
18;13;2.6;2.46;3.15;ND;2.46;ND;ND;5.62;ND;NA;NA;NA;
18;14;3.27;2.26;3.28;ND;1.33;2.5;ND;5.71;ND;NA;NA;NA;
18;15;3.77;2.2;3.42;ND;1.11;2.34;ND;1.48;ND;NA;NA;NA;
18;16;3.62;2.36;4.48;ND;1.12;2.02;ND;1.58;ND;NA;NA;NA;
18;17;3.3;2.21;4.77;ND;1.42;2.27;ND;1.71;ND;NA;NA;NA;
18;18;3.63;2.28;4.88;ND;2.54;2.9;ND;1.78;ND;NA;NA;NA;
18;19;3.07;2.58;3.82;ND;4.05;2.59;ND;3.19;ND;NA;NA;NA;
18;20;5.28;3.68;7.62;ND;3.55;3.76;ND;4.39;ND;NA;NA;NA;
18;21;3.93;3.32;5.11;ND;4.56;5.03;ND;4.22;ND;NA;NA;NA;
18;22;3.41;3.33;6.24;ND;11.66;5.64;ND;4.53;ND;NA;NA;NA;
18;23;2.41;3.51;4;ND;22.53;8.55;ND;8.5;ND;NA;NA;NA;
19;0;2.79;3.93;5.25;ND;43.85;7.51;ND;11.9;ND;NA;NA;NA;
19;1;ND;ND;8.6;ND;25.54;ND;ND;24.75;ND;NA;NA;NA;
19;2;4.96;8.36;15.42;ND;29.51;13.02;ND;24.16;ND;NA;NA;NA;
19;3;6.34;9.64;13.97;ND;25.2;11.83;ND;23.6;ND;NA;NA;NA;
19;4;6.72;8.38;13.58;ND;27.28;12.07;ND;37.14;ND;NA;NA;NA;
19;5;10.94;7.07;14.91;ND;41.69;20;ND;34.95;ND;NA;NA;NA;
19;6;10.29;7.94;15.33;ND;28.57;18.95;ND;21.38;ND;NA;NA;NA;
19;7;10.98;6.03;18.49;ND;14.88;16.79;ND;38.27;ND;NA;NA;NA;
19;8;6.68;3.91;8.24;ND;9.95;8.91;ND;86.5;ND;NA;NA;NA;
19;9;4.75;ND;7.44;ND;8.04;5.97;ND;83.32;ND;NA;NA;NA;
19;10;4.1;ND;6.26;ND;ND;5.53;ND;17.66;ND;NA;NA;NA;
19;11;4.99;1.8;3.39;ND;ND;4.78;ND;3.71;ND;NA;NA;NA;
19;12;2.69;0.67;1.98;ND;ND;3.05;ND;2.21;ND;NA;NA;NA;
19;13;2.65;0.4;2.09;ND;ND;2.42;ND;2.13;ND;NA;NA;NA;
19;14;2.5;0.24;2.24;ND;ND;3.23;ND;1.91;ND;NA;NA;NA;
19;15;1.67;0.22;1.95;ND;ND;2.39;ND;1.71;ND;NA;NA;NA;
19;16;1.67;0.43;2.72;ND;ND;3.77;ND;1.84;ND;NA;NA;NA;
19;17;1.95;0.27;4.07;ND;ND;7.55;ND;1.94;ND;NA;NA;NA;
19;18;1.62;0.51;4.24;ND;0.87;2.35;ND;2.58;ND;NA;NA;NA;
19;19;1.98;0.88;3.25;ND;1;3.83;ND;4.34;ND;NA;NA;NA;
19;20;2.62;0.87;4.87;ND;2.56;4.03;ND;4.77;ND;NA;NA;NA;
19;21;2.45;1.29;3.12;ND;2.94;3.36;ND;4.65;ND;NA;NA;NA;
19;22;2.11;1.19;3.09;ND;11.29;4.47;ND;4.07;ND;NA;NA;NA;
19;23;1.47;1.01;5.76;ND;23.63;4.73;ND;7.22;ND;NA;NA;NA;
20;0;1.46;1.04;6.33;ND;39;9.34;ND;11.63;ND;NA;NA;NA;
20;1;1.44;1.35;ND;ND;22.21;8.23;ND;7.57;ND;NA;NA;NA;
20;2;1.52;1.18;5.66;ND;17.21;7.5;ND;5.5;ND;NA;NA;NA;
20;3;1.33;2.23;5.78;ND;24.96;5.72;ND;6.93;ND;NA;NA;NA;
20;4;1.5;3.24;5.89;ND;11.76;7.15;ND;23.54;ND;NA;NA;NA;
20;5;4.99;8.45;8.18;ND;17.54;9.67;ND;76.06;ND;NA;NA;NA;
20;6;7.85;7.07;13.55;ND;15.37;11.57;ND;36.54;ND;NA;NA;NA;
20;7;17.6;8.12;14.84;ND;17.95;12;ND;58.65;ND;NA;NA;NA;
20;8;11.08;4.18;5.09;ND;8.23;5.58;ND;39.81;ND;NA;NA;NA;
20;9;3.86;2.61;8.13;ND;0.13;3.12;ND;15.48;ND;NA;NA;NA;
20;10;2.99;1.79;6.14;ND;0.36;3.79;ND;5.66;ND;NA;NA;NA;
20;11;2.07;0.86;3.9;ND;ND;3.56;ND;2.03;ND;NA;NA;NA;
20;12;1.55;0.55;2.46;ND;ND;3.18;ND;1.65;ND;NA;NA;NA;
20;13;1.3;0.4;2.59;ND;1.6;2.08;ND;1.71;ND;NA;NA;NA;
20;14;2.37;0.44;1.66;ND;1.78;2.03;ND;1.76;ND;NA;NA;NA;
20;15;1.63;0.76;2.75;ND;2.03;1.76;ND;1.56;ND;NA;NA;NA;
20;16;1.45;0.56;3.02;ND;1.9;2.45;ND;1.66;ND;NA;NA;NA;
20;17;1.51;0.15;3.15;ND;3.11;2.37;ND;1.79;ND;NA;NA;NA;
20;18;1.57;0.34;4.34;ND;3.48;2.47;ND;2.23;ND;NA;NA;NA;
20;19;1.34;0.42;6.36;ND;3.22;3.64;ND;3.76;ND;NA;NA;NA;
20;20;1.57;1.09;5.14;ND;3.36;4.29;ND;4.74;ND;NA;NA;NA;
20;21;2.29;0.63;7;ND;13.45;4.09;ND;3.91;ND;NA;NA;NA;
20;22;2.57;0.54;7.3;ND;10.52;5.3;ND;3.58;ND;NA;NA;NA;
20;23;3.58;1.06;6.77;ND;9.13;5.32;ND;3.2;ND;NA;NA;NA;
21;0;4.06;1.02;10.58;ND;11.81;5.6;ND;2.8;ND;NA;NA;NA;
21;1;ND;ND;8.53;ND;7.99;ND;ND;3.73;ND;NA;NA;NA;
21;2;1.71;1.37;6.97;ND;7.73;7.22;ND;3.51;ND;NA;NA;NA;
21;3;1.67;1.29;5.62;ND;6.86;7.2;ND;3.14;ND;NA;NA;NA;
21;4;1.94;1.19;6.59;ND;6.44;6.81;ND;3.58;ND;NA;NA;NA;
21;5;3.9;2.21;8.14;ND;6.46;5.54;ND;3.75;ND;NA;NA;NA;
21;6;11.13;5.44;5.89;ND;9.36;5.86;ND;4.47;ND;NA;NA;NA;
21;7;12.52;6.1;8.01;ND;7.68;7.5;ND;20.92;ND;NA;NA;NA;
21;8;9.2;10.88;8.08;ND;3.86;6.12;ND;19.98;ND;NA;NA;NA;
21;9;7.49;7.54;4.99;ND;5.38;4.06;ND;10.61;ND;NA;NA;NA;
21;10;4.07;3.36;5.34;ND;5.67;3.78;ND;14.22;ND;NA;NA;NA;
21;11;4.03;1.49;6.67;ND;ND;3.47;ND;8.77;ND;NA;NA;NA;
21;12;2.93;0.72;5.76;ND;ND;4.79;ND;2.12;ND;NA;NA;NA;
21;13;2.1;0.29;3.11;ND;4.23;3.01;ND;1.84;ND;NA;NA;NA;
21;14;1.7;0.34;2.82;ND;2.23;2.07;ND;1.56;ND;NA;NA;NA;
21;15;1.31;0.45;4.66;ND;2.58;2.45;ND;2.05;ND;NA;NA;NA;
21;16;1.09;0.53;2.86;ND;3.53;2.9;ND;2.98;ND;NA;NA;NA;
21;17;1.25;0.76;3.2;ND;3.94;2.01;ND;2.84;ND;NA;NA;NA;
21;18;1.31;0.55;4.15;ND;4.12;2.13;ND;2.8;ND;NA;NA;NA;
21;19;1.23;0.26;4.87;ND;3.83;2.95;ND;3.19;ND;NA;NA;NA;
21;20;1.4;0.98;6.41;ND;5.49;3.62;ND;3.29;ND;NA;NA;NA;
21;21;2.28;0.92;6.47;ND;5.51;4.02;ND;3.24;ND;NA;NA;NA;
21;22;ND;1.66;5.85;ND;6.63;4.55;ND;3.09;ND;NA;NA;NA;
21;23;ND;0.74;7.18;ND;14.92;5.29;ND;2.66;ND;NA;NA;NA;
22;0;1.38;0.49;3.6;ND;8.88;4.3;ND;2.33;ND;NA;NA;NA;
22;1;1.48;0.4;ND;ND;ND;4.53;ND;2.09;ND;NA;NA;NA;
22;2;1.3;0.23;5.31;ND;3.6;3.73;ND;6.51;ND;NA;NA;NA;
22;3;1.46;0.54;4.83;ND;9.22;4.38;ND;4.67;ND;NA;NA;NA;
22;4;2.25;1.21;3.5;ND;11.55;4.71;ND;3.31;ND;NA;NA;NA;
22;5;5;2.97;3.55;ND;8.54;5.75;ND;3.32;ND;NA;NA;NA;
22;6;8.99;8.34;4.74;ND;11.23;5.01;ND;6.58;ND;NA;NA;NA;
22;7;11.95;18.97;8.47;ND;10.29;6.67;ND;12.35;ND;NA;NA;NA;
22;8;5.59;9.02;7.25;ND;5.52;5.09;ND;32.91;ND;NA;NA;NA;
22;9;5.22;4.91;5.51;ND;5.29;3.58;ND;17.26;ND;NA;NA;NA;
22;10;5.84;3.68;5.74;ND;4.29;2.85;ND;7.01;ND;NA;NA;NA;
22;11;3.59;2.64;5.22;ND;3.68;3.04;ND;3.99;ND;NA;NA;NA;
22;12;2.11;1.55;3.27;ND;2.76;2.69;ND;2.09;ND;NA;NA;NA;
22;13;1.77;1.27;3.55;ND;2.78;3.19;ND;1.78;ND;NA;NA;NA;
22;14;1.55;1.04;ND;ND;2.37;2.28;ND;2.98;ND;NA;NA;NA;
22;15;1.24;0.51;ND;ND;2.14;2.34;ND;2.69;ND;NA;NA;NA;
22;16;2.28;0.7;ND;ND;2.23;2.24;ND;2.59;ND;NA;NA;NA;
22;17;4;0.79;ND;ND;3.01;1.97;ND;2.37;ND;NA;NA;NA;
22;18;2.19;0.83;5;ND;3.65;1.44;ND;2.65;ND;NA;NA;NA;
22;19;1.94;1.07;9.23;ND;4.84;1.8;ND;2.32;ND;NA;NA;NA;
22;20;2.4;0.86;9.58;ND;3.88;2.51;ND;2.24;ND;NA;NA;NA;
22;21;2.72;1.08;4.59;ND;2.76;2.12;ND;2.11;ND;NA;NA;NA;
22;22;2.61;1.48;5.45;ND;2.5;2.54;ND;2.31;ND;NA;NA;NA;
22;23;3.02;1.14;5.42;ND;2.55;3.33;ND;1.95;ND;NA;NA;NA;
23;0;1.79;0.68;5.24;ND;3.91;3.78;ND;2.46;ND;NA;NA;NA;
23;1;ND;ND;7.39;ND;2.84;ND;ND;2.1;ND;NA;NA;NA;
23;2;0.95;0.63;5.18;ND;2.09;4.21;ND;1.65;ND;NA;NA;NA;
23;3;0.79;0.67;3.63;ND;4.88;3.03;ND;1.73;ND;NA;NA;NA;
23;4;1.13;0.98;3.19;ND;5.42;3.07;ND;1.67;ND;NA;NA;NA;
23;5;1.27;1.22;4.83;ND;5.04;3.33;ND;3.25;ND;NA;NA;NA;
23;6;1.79;1.88;5.95;ND;17.56;4.56;ND;4.15;ND;NA;NA;NA;
23;7;3.18;2.11;9.58;ND;27.2;9.44;ND;14.94;ND;NA;NA;NA;
23;8;5.98;3.16;11.67;ND;21.6;10.12;ND;23.59;ND;NA;NA;NA;
23;9;8.26;6.96;11.12;ND;4.3;6.54;ND;5.72;ND;NA;NA;NA;
23;10;9.14;6.49;12.9;ND;5.24;4.1;ND;4.07;ND;NA;NA;NA;
23;11;2.69;1.94;9.93;ND;7.1;5.29;ND;4.94;ND;NA;NA;NA;
23;12;1.72;1.37;2.86;ND;3.91;4.33;ND;3.3;ND;NA;NA;NA;
23;13;1.41;1.18;1.8;ND;2.74;3.23;ND;2.82;ND;NA;NA;NA;
23;14;1.12;0.93;1.91;ND;2.41;2.86;ND;2.73;ND;NA;NA;NA;
23;15;1.09;0.98;3.42;ND;2.53;2.43;ND;2.37;ND;NA;NA;NA;
23;16;0.92;1;5.41;ND;1.93;1.81;ND;2.26;ND;NA;NA;NA;
23;17;1.18;0.62;4.61;ND;2.17;1.8;ND;15.3;ND;NA;NA;NA;
23;18;1.29;0.8;4.23;ND;3.21;2.87;ND;11.52;ND;NA;NA;NA;
23;19;1.13;1.58;6.76;ND;2.32;3.52;ND;16.57;ND;NA;NA;NA;
23;20;1.76;2.97;10.01;ND;3.44;4.67;ND;22.82;ND;NA;NA;NA;
23;21;1.89;2.48;6.5;ND;5.39;4.59;ND;17.69;ND;NA;NA;NA;
23;22;2.49;3.61;6.93;ND;3.29;5.08;ND;21.4;ND;NA;NA;NA;
23;23;2.31;4.55;6.59;ND;3.86;4.74;ND;17.71;ND;NA;NA;NA;
24;0;1.95;8.02;7.28;ND;3.64;3.59;ND;14.94;ND;NA;NA;NA;
24;1;2.11;3.28;10.45;ND;ND;3.39;ND;6.94;ND;NA;NA;NA;
24;2;2.2;6.6;7.09;ND;4.06;3.05;ND;4.5;ND;NA;NA;NA;
24;3;3.55;6.66;8.69;ND;5.34;3.45;ND;7.19;ND;NA;NA;NA;
24;4;3.63;3.49;9.39;ND;4.34;3.32;ND;4.47;ND;NA;NA;NA;
24;5;2.63;4.52;10.86;ND;3.71;3.37;ND;7.43;ND;NA;NA;NA;
24;6;2.29;3.29;13.25;ND;5.16;5.05;ND;5.41;ND;NA;NA;NA;
24;7;2.77;2.82;16.98;ND;7.09;8.78;ND;6.09;ND;NA;NA;NA;
24;8;2.67;2.79;14.64;ND;10.17;8.98;ND;7.99;ND;NA;NA;NA;
24;9;3.08;2.98;14.1;ND;7.87;6.69;ND;6.68;ND;NA;NA;NA;
24;10;2.96;2.37;8.43;ND;6.63;5.79;ND;5.52;ND;NA;NA;NA;
24;11;2.36;1.72;5.29;ND;6.33;6.25;ND;3.6;ND;NA;NA;NA;
24;12;1.79;1.37;2.31;ND;4.34;5.34;ND;2.73;ND;NA;NA;NA;
24;13;1.33;1.3;1.77;ND;2.95;3.8;ND;2.76;ND;NA;NA;NA;
24;14;1.01;2.4;1.9;ND;2.13;1.88;ND;3.96;ND;NA;NA;NA;
24;15;1.06;1.03;2.68;ND;1.95;1.14;ND;2.57;ND;NA;NA;NA;
24;16;1.04;0.68;2.71;ND;2.12;2.81;ND;2.95;ND;NA;NA;NA;
24;17;1.12;0.96;2.74;ND;2.32;3.87;ND;3.22;ND;NA;NA;NA;
24;18;1.13;1.16;3.15;ND;2.69;3.34;ND;5.73;ND;NA;NA;NA;
24;19;1.38;1;3.48;ND;2.64;2.97;ND;3.91;ND;NA;NA;NA;
24;20;1.25;0.87;2.79;ND;2.7;2.48;ND;2.55;ND;NA;NA;NA;
24;21;1.06;0.61;1.8;ND;1.62;2.47;ND;2.22;ND;NA;NA;NA;
24;22;1.04;0.68;2.64;ND;1.71;2.65;ND;2.05;ND;NA;NA;NA;
24;23;0.96;0.69;5.64;ND;2.81;2.51;ND;1.9;ND;NA;NA;NA;
25;0;0.98;0.42;7.76;ND;4.25;4.74;ND;1.67;ND;NA;NA;NA;
25;1;ND;ND;9.03;ND;5.14;ND;ND;7.41;ND;NA;NA;NA;
25;2;0.89;0.29;7.78;ND;5.89;7.7;ND;7.74;ND;NA;NA;NA;
25;3;0.91;0.12;5.3;ND;11.04;5.39;ND;6.28;ND;NA;NA;NA;
25;4;1.15;0.47;6.35;ND;33.45;8.57;ND;7;ND;NA;NA;NA;
25;5;1.11;3.29;13.79;ND;28.4;12.37;ND;4.1;ND;NA;NA;NA;
25;6;2.02;8.84;8.73;ND;38.86;12.35;ND;15.84;ND;NA;NA;NA;
25;7;6.01;7.32;12.27;ND;41.69;19.67;ND;16.53;ND;NA;NA;NA;
25;8;10.79;8.05;16.58;ND;15.98;12.67;ND;30.49;ND;NA;NA;NA;
25;9;10.94;7.34;19.75;ND;7;7.57;ND;17.98;ND;NA;NA;NA;
25;10;7.58;5.63;15.42;ND;6.3;5.28;ND;10.33;ND;NA;NA;NA;
25;11;5.99;2.72;5.76;ND;3.59;ND;ND;ND;ND;NA;NA;NA;
25;12;3.03;2.21;5.36;ND;3.07;ND;ND;ND;ND;NA;NA;NA;
25;13;2.13;1.75;5.04;ND;3.25;5.89;ND;ND;ND;NA;NA;NA;
25;14;1.8;1.62;3.76;ND;3;4.59;ND;ND;ND;NA;NA;NA;
25;15;1.32;1.34;3.24;ND;3.24;3.59;ND;2.39;ND;NA;NA;NA;
25;16;1.3;0.95;7.44;ND;2.92;3.73;ND;2.73;ND;NA;NA;NA;
25;17;1.95;1.44;5.47;ND;2.54;3.36;ND;3.03;ND;NA;NA;NA;
25;18;2.08;1.71;4.17;ND;3.36;3.24;ND;3.67;ND;NA;NA;NA;
25;19;1.82;1.9;6.62;ND;7.71;4.05;ND;7.51;ND;NA;NA;NA;
25;20;1.73;1.91;7.68;ND;5.72;4.98;ND;10.12;ND;NA;NA;NA;
25;21;1.44;1.54;7.42;ND;4.25;4.13;ND;9.68;ND;NA;NA;NA;
25;22;1.35;1.6;8.32;ND;6.61;5.33;ND;10.56;ND;NA;NA;NA;
25;23;1.31;0.94;8.18;ND;12.77;5.44;ND;9.31;ND;NA;NA;NA;
26;0;1.18;0.51;6.83;ND;11.19;5.43;ND;9.69;ND;NA;NA;NA;
26;1;1.08;0.49;5.5;ND;ND;6.57;ND;8.79;ND;NA;NA;NA;
26;2;1.57;1.23;7.89;ND;6.16;6.16;ND;6.98;ND;NA;NA;NA;
26;3;1.89;0.92;6.25;ND;9.1;6.32;ND;8.93;ND;NA;NA;NA;
26;4;2.03;1.93;7.11;ND;12.74;5.99;ND;7.57;ND;NA;NA;NA;
26;5;1.79;3.42;4.85;ND;10.95;5.1;ND;6.08;ND;NA;NA;NA;
26;6;2.65;5.27;6.87;ND;19.44;5.78;ND;5.42;ND;NA;NA;NA;
26;7;3.43;4.36;14.19;ND;8.97;7.43;ND;17.01;ND;NA;NA;NA;
26;8;3.28;2.33;13.96;ND;6.49;6.74;ND;29.28;ND;NA;NA;NA;
26;9;3.09;2.43;13.2;ND;7.97;4.37;ND;11.56;ND;NA;NA;NA;
26;10;3.07;2.57;8.3;ND;6.15;2.57;ND;5.82;ND;NA;NA;NA;
26;11;2.67;2.25;5.34;ND;4.37;2.66;ND;4.3;ND;NA;NA;NA;
26;12;2.33;1.9;3.16;ND;2.69;3.18;ND;2.69;ND;NA;NA;NA;
26;13;2.11;1.55;3.09;ND;2.19;2.96;ND;2.41;ND;NA;NA;NA;
26;14;ND;1.34;3.77;ND;2.26;2.77;ND;2.83;ND;NA;NA;NA;
26;15;ND;1.41;4.39;ND;2.48;2.62;ND;ND;ND;NA;NA;NA;
26;16;1.48;0.99;3.71;ND;2.56;1.69;ND;2.3;ND;NA;NA;NA;
26;17;1.11;0.88;4.76;ND;3.24;1.84;ND;2.61;ND;NA;NA;NA;
26;18;1.26;1.07;8.11;ND;2.84;1.38;ND;2.3;ND;NA;NA;NA;
26;19;1.42;1.09;7.67;ND;4.7;2.52;ND;2.19;ND;NA;NA;NA;
26;20;1.42;0.75;5.81;ND;4.01;2.59;ND;1.95;ND;NA;NA;NA;
26;21;1.33;0.81;5.56;ND;10.17;3.37;ND;1.87;ND;NA;NA;NA;
26;22;1.17;0.66;4.61;ND;5.27;3.67;ND;1.62;ND;NA;NA;NA;
26;23;0.84;0.33;3.91;ND;3.98;3.42;ND;1.42;ND;NA;NA;NA;
27;0;0.98;0.64;3.57;ND;3.23;3.19;ND;1.54;ND;NA;NA;NA;
27;1;ND;ND;2.3;ND;2.71;ND;ND;1.34;ND;NA;NA;NA;
27;2;1.15;0.27;2.84;ND;2.51;3.73;ND;1.44;ND;NA;NA;NA;
27;3;1.08;0.27;2.56;ND;2.33;3.54;ND;1.36;ND;NA;NA;NA;
27;4;0.87;0.25;3.25;ND;2.98;2.77;ND;1.43;ND;NA;NA;NA;
27;5;0.88;0.1;3.4;ND;9.68;3.22;ND;1.57;ND;NA;NA;NA;
27;6;1.78;1.15;7.69;ND;14.5;6.71;ND;3.41;ND;NA;NA;NA;
27;7;4.67;1.2;13.82;ND;14.32;12.06;ND;9.43;ND;NA;NA;NA;
27;8;6.4;3.93;12.27;ND;14.19;9.66;ND;11.78;ND;NA;NA;NA;
27;9;7.23;10.63;15.19;ND;12.57;7.64;ND;9.8;ND;NA;NA;NA;
27;10;9;7.38;9.86;ND;6.89;4.97;ND;6.85;ND;NA;NA;NA;
27;11;5.26;3.31;7.37;ND;3.66;3.4;ND;4.02;ND;NA;NA;NA;
27;12;3.27;2.28;ND;ND;5.51;3.51;ND;3.22;ND;NA;NA;NA;
27;13;2.26;1.58;ND;ND;4.26;3.32;ND;2.24;ND;NA;NA;NA;
27;14;1.81;1.19;4.24;ND;2.67;3.21;ND;1.91;ND;NA;NA;NA;
27;15;1.4;1.07;3.37;ND;3.23;2.63;ND;2.24;ND;NA;NA;NA;
27;16;1.44;1.24;3.49;ND;3.2;2.24;ND;2.12;ND;NA;NA;NA;
27;17;1.36;0.68;4.52;ND;3.11;1.3;ND;2.03;ND;NA;NA;NA;
27;18;1.15;0.75;7.36;ND;3.24;1.66;ND;1.85;ND;NA;NA;NA;
27;19;1.43;0.79;8.98;ND;3.9;2.58;ND;1.84;ND;NA;NA;NA;
27;20;1.56;0.97;6.76;ND;5.52;3.13;ND;1.63;ND;NA;NA;NA;
27;21;1.47;0.71;6.86;ND;5.02;3.92;ND;1.32;ND;NA;NA;NA;
27;22;1.09;0.58;6.96;ND;4.24;4.13;ND;1.94;ND;NA;NA;NA;
27;23;1.18;0.51;4.57;ND;3.51;4.37;ND;1.47;ND;NA;NA;NA;
28;0;1.11;0.62;4.36;ND;3.84;4.88;ND;1.66;ND;NA;NA;NA;
28;1;1.04;0.3;ND;ND;ND;4.59;ND;1.48;ND;NA;NA;NA;
28;2;1.05;0.72;5.78;ND;12.08;4.6;ND;4.58;ND;NA;NA;NA;
28;3;0.94;1.01;6.6;ND;11.34;4.59;ND;3.75;ND;NA;NA;NA;
28;4;1.64;0.9;5.78;ND;11.99;4.63;ND;3.23;ND;NA;NA;NA;
28;5;2.09;0.84;7.03;ND;16.26;4.49;ND;3.26;ND;NA;NA;NA;
28;6;3.92;1.52;8.93;ND;43.85;6.54;ND;9.75;ND;NA;NA;NA;
28;7;7.36;6.77;15.41;ND;34.84;8.72;ND;18.77;ND;NA;NA;NA;
28;8;7.47;9.78;20.23;ND;23.1;10.08;ND;15.35;ND;NA;NA;NA;
28;9;5.31;5.93;16.34;ND;10.39;9.65;ND;11.01;ND;NA;NA;NA;
28;10;3.96;ND;12.96;ND;10.41;6.6;ND;7.38;ND;NA;NA;NA;
28;11;3.36;ND;10.18;ND;7.82;7.9;ND;6.33;ND;NA;NA;NA;
28;12;3.38;2.11;6.65;ND;4.39;5.45;ND;4.83;ND;NA;NA;NA;
28;13;2.66;2.66;5.05;ND;ND;4.53;ND;3.23;ND;NA;NA;NA;
28;14;1.93;2.02;5.27;ND;ND;4.48;ND;2.87;ND;NA;NA;NA;
28;15;1.56;1.64;3.93;ND;ND;3.89;ND;2.88;ND;NA;NA;NA;
28;16;4.62;1.23;4.98;ND;3.07;3.13;ND;2.86;ND;NA;NA;NA;
28;17;3.97;0.93;5.48;ND;3.44;2.11;ND;2.05;ND;NA;NA;NA;
28;18;2.31;0.98;8.15;ND;3.87;1.79;ND;2.03;ND;NA;NA;NA;
28;19;2.04;1.28;9.23;ND;3.74;2.7;ND;1.95;ND;NA;NA;NA;
28;20;1.73;1.23;6.93;ND;3.64;3.41;ND;1.79;ND;NA;NA;NA;
28;21;1.53;1.04;6.16;ND;3.43;3.68;ND;1.71;ND;NA;NA;NA;
28;22;1.3;0.92;5.06;ND;3.14;3.62;ND;1.37;ND;NA;NA;NA;
28;23;1.25;0.76;4.64;ND;3.2;3.29;ND;1.26;ND;NA;NA;NA;
29;0;1.09;0.89;3.95;ND;2.63;3.24;ND;1.23;ND;NA;NA;NA;
29;1;ND;ND;3.35;ND;2.48;ND;ND;1.39;ND;NA;NA;NA;
29;2;1.17;0.85;3.2;ND;3.1;4.44;ND;1.58;ND;NA;NA;NA;
29;3;1.29;0.79;4.33;ND;5.64;3.9;ND;1.61;ND;NA;NA;NA;
29;4;1.16;0.74;5.55;ND;10.49;3.86;ND;1.34;ND;NA;NA;NA;
29;5;1.31;0.87;8.4;ND;5.9;4.69;ND;1.14;ND;NA;NA;NA;
29;6;1.73;1.37;12.6;ND;9.94;5.99;ND;1.31;ND;NA;NA;NA;
29;7;3.63;1.34;13.58;ND;9.27;7.03;ND;1.75;ND;NA;NA;NA;
29;8;3.9;1.56;10.89;ND;6.61;5.86;ND;2.26;ND;NA;NA;NA;
29;9;4.41;2.36;10.16;ND;5.17;4.85;ND;8.17;ND;NA;NA;NA;
29;10;3.35;1.85;6.24;ND;3.65;5.01;ND;9.48;ND;NA;NA;NA;
29;11;2.6;1.79;6.22;ND;2.53;ND;ND;4.67;ND;NA;NA;NA;
29;12;2.44;2.37;6.76;ND;3.72;ND;ND;2.5;ND;NA;NA;NA;
29;13;1.75;1.47;5.84;ND;3.49;ND;ND;2.38;ND;NA;NA;NA;
29;14;1.35;1.07;5.03;ND;2.59;ND;ND;2.21;ND;NA;NA;NA;
29;15;1.26;0.75;4.63;ND;2.09;4.27;ND;1.69;ND;NA;NA;NA;
29;16;1.05;0.72;4.85;ND;2.33;3.95;ND;1.68;ND;NA;NA;NA;
29;17;1.7;0.36;4.74;ND;2.4;2.84;ND;1.57;ND;NA;NA;NA;
29;18;1.22;0.69;8.45;ND;3.99;1.82;ND;1.4;ND;NA;NA;NA;
29;19;1.5;1.32;9.35;ND;3.31;1.01;ND;1.34;ND;NA;NA;NA;
29;20;1.64;1.16;7.31;ND;3.82;0.97;ND;1.16;ND;NA;NA;NA;
29;21;1.58;0.32;7.41;ND;3.79;1.67;ND;1.2;ND;NA;NA;NA;
29;22;1.27;0.54;7.09;ND;3.29;2.22;ND;1.15;ND;NA;NA;NA;
29;23;1.04;0.65;4.82;ND;2.94;2.28;ND;1.09;ND;NA;NA;NA;
30;0;1.02;0.34;5.62;ND;7.64;3.31;ND;1.03;ND;NA;NA;NA;
30;1;0.83;0.87;ND;ND;ND;5.22;ND;1.1;ND;NA;NA;NA;
30;2;0.94;0.8;6.18;ND;24.54;5.55;ND;1.08;ND;NA;NA;NA;
30;3;0.9;0.86;6.26;ND;93.69;7.62;ND;1.35;ND;NA;NA;NA;
30;4;1.04;0.74;6.66;ND;20.53;8.3;ND;2.06;ND;NA;NA;NA;
30;5;1.36;0.86;7.71;ND;12.56;7.39;ND;4.31;ND;NA;NA;NA;
30;6;2;1.24;10.34;ND;14.64;8.45;ND;10.82;ND;NA;NA;NA;
30;7;2.72;4.07;7.75;ND;20.28;8.28;ND;11.28;ND;NA;NA;NA;
30;8;3.12;10.14;5.4;ND;9.55;5.24;ND;10.66;ND;NA;NA;NA;
30;9;2.27;7.96;5.77;ND;2.55;2.97;ND;7.69;ND;NA;NA;NA;
30;10;1.78;3.95;4.34;ND;2.07;2.57;ND;4.96;ND;NA;NA;NA;
30;11;1.55;1.7;3.42;ND;1.84;2.69;ND;2.77;ND;NA;NA;NA;
30;12;1.56;1.87;3.06;ND;3.56;3.53;ND;1.5;ND;NA;NA;NA;
30;13;1.51;2.46;2.64;ND;3.53;2.37;ND;1.26;ND;NA;NA;NA;
30;14;1.3;0.85;2.73;ND;1.93;2.4;ND;1.28;ND;NA;NA;NA;
30;15;1.21;1.51;3.03;ND;3.04;1.65;ND;1.09;ND;NA;NA;NA;
30;16;1.02;1.45;3.68;ND;3.47;1.65;ND;1.23;ND;NA;NA;NA;
30;17;1.09;1.46;3.7;ND;4.44;1.83;ND;1.64;ND;NA;NA;NA;
30;18;1.15;1.02;4.45;ND;3.67;1.82;ND;2.06;ND;NA;NA;NA;
30;19;1.35;1.51;5.88;ND;4.22;2.54;ND;1.96;ND;NA;NA;NA;
30;20;1.69;1.08;7.25;ND;4.53;3.51;ND;2.99;ND;NA;NA;NA;
30;21;3.1;1.04;7.41;ND;7.86;3.08;ND;2.47;ND;NA;NA;NA;
30;22;2.34;1.38;8.42;ND;35.32;4.35;ND;1.92;ND;NA;NA;NA;
30;23;2.05;1.36;8.6;ND;15.7;3.61;ND;1.58;ND;NA;NA;NA;
31;0;1.78;1.32;11.71;ND;10.1;4.52;ND;1.7;ND;NA;NA;NA;
31;1;ND;ND;8.22;ND;5.91;ND;ND;1.54;ND;NA;NA;NA;
31;2;1.76;1.11;5.95;ND;4.72;2.38;ND;1.49;ND;NA;NA;NA;
31;3;1.69;1.12;8.37;ND;4.48;3.93;ND;1.49;ND;NA;NA;NA;
31;4;1.64;1.04;5.39;ND;3.78;4.09;ND;6.07;ND;NA;NA;NA;
31;5;2.06;0.89;3.39;ND;3.48;4.16;ND;57.82;ND;NA;NA;NA;
31;6;2.39;1.19;3.86;ND;5.48;5.23;ND;58.29;ND;NA;NA;NA;
31;7;3.12;1.87;7.25;ND;5.53;6.4;ND;43.98;ND;NA;NA;NA;
31;8;2.47;1.86;3.65;ND;3.12;3.15;ND;69.51;ND;NA;NA;NA;
31;9;1.84;1.4;4.14;ND;1.73;2.06;ND;12.63;ND;NA;NA;NA;
31;10;2.07;1.38;3.53;ND;2.91;2.22;ND;5.79;ND;NA;NA;NA;
31;11;1.63;0.81;2.16;ND;3.59;2.11;ND;2.09;ND;NA;NA;NA;
31;12;1.15;0.69;1.7;ND;1.77;2.01;ND;1.81;ND;NA;NA;NA;
31;13;0.96;0.45;1.63;ND;1.17;2.33;ND;1.69;ND;NA;NA;NA;
31;14;0.94;0.47;1.54;ND;1.85;2.1;ND;1.48;ND;NA;NA;NA;
31;15;1.05;0.51;2.22;ND;3.18;1.99;ND;1.38;ND;NA;NA;NA;
31;16;0.96;0.54;2.97;ND;4.42;1.69;ND;1.38;ND;NA;NA;NA;
31;17;1.25;0.58;3.74;ND;2.84;1.58;ND;1.39;ND;NA;NA;NA;
31;18;1.16;0.5;4.05;ND;2.62;1.47;ND;1.42;ND;NA;NA;NA;
31;19;1.66;1.06;3.16;ND;2.27;1.76;ND;1.51;ND;NA;NA;NA;
31;20;2.59;1.06;4.69;ND;2.08;2.23;ND;1.84;ND;NA;NA;NA;
31;21;2.66;0.97;4.47;ND;4.09;2.22;ND;2.77;ND;NA;NA;NA;
31;22;2.16;1.25;2.46;ND;6.44;2.72;ND;3.64;ND;NA;NA;NA;
31;23;2.02;1.28;3.66;ND;5.63;2.69;ND;4.49;ND;NA;NA;NA;
