DIA;HORA;Cotocollao;Carapungo;Belisario;Jipijapa;El Camal;Centro;Guamaní;Tumbaco;Los Chillos;El Condado;Turubamba;Chillogallo;
1;0;2.08;1.16;3.05;NA;3.41;2.23;ND;1.97;ND;NA;NA;NA;
1;1;ND;ND;1.56;NA;ND;ND;ND;1.82;ND;NA;NA;NA;
1;2;1.81;3.25;1.1;NA;2.54;3.14;ND;2.12;ND;NA;NA;NA;
1;3;1.99;2.14;0.92;NA;5.6;3;ND;1.82;ND;NA;NA;NA;
1;4;1.93;1.96;0.91;NA;3.69;2.74;ND;1.67;ND;NA;NA;NA;
1;5;2.47;8.62;2.27;NA;4;3.43;ND;2.03;ND;NA;NA;NA;
1;6;4.21;6.84;3.09;NA;6.43;5.27;ND;3.32;ND;NA;NA;NA;
1;7;4.35;6.43;7.15;NA;7.56;8.4;ND;4.56;ND;NA;NA;NA;
1;8;3.67;5.04;10.29;NA;6.67;12.41;ND;12.08;ND;NA;NA;NA;
1;9;3.14;3.47;9.57;NA;5.01;7.48;ND;17.91;ND;NA;NA;NA;
1;10;4.55;3.84;5.78;NA;5.4;3.69;ND;11.69;ND;NA;NA;NA;
1;11;4.03;3.49;ND;NA;5.49;2.44;ND;9.38;ND;NA;NA;NA;
1;12;2.59;3.52;ND;NA;4.52;2.59;ND;3.48;ND;NA;NA;NA;
1;13;2.05;2.54;ND;NA;2.88;1.07;ND;1.65;ND;NA;NA;NA;
1;14;1.94;1.77;ND;NA;1.54;1.03;ND;1.56;ND;NA;NA;NA;
1;15;1.53;1.49;ND;NA;1.22;0.96;ND;1.68;ND;NA;NA;NA;
1;16;1.43;1.63;ND;NA;1.4;1.36;ND;1.89;ND;NA;NA;NA;
1;17;1.53;1.67;1.98;NA;2.18;2.36;ND;1.96;ND;NA;NA;NA;
1;18;1.9;1.68;0.92;NA;3.82;2.6;ND;2.63;ND;NA;NA;NA;
1;19;2.81;1.95;0.93;NA;4.02;3.15;ND;3.47;ND;NA;NA;NA;
1;20;3.63;2.5;1.75;NA;4.81;3.22;ND;4.02;ND;NA;NA;NA;
1;21;3.55;2.8;5.84;NA;5.73;2.86;ND;3.38;ND;NA;NA;NA;
1;22;3.46;2.69;6.79;NA;6.64;1.73;ND;3.26;ND;NA;NA;NA;
1;23;1.98;2.58;5.75;NA;27.48;4.02;ND;2.46;ND;NA;NA;NA;
2;0;2.88;2.47;7.3;NA;14.74;8.71;ND;2.11;ND;NA;NA;NA;
2;1;3.02;2.58;9.23;NA;26.85;8.5;ND;2.38;ND;NA;NA;NA;
2;2;4.47;3.12;7.62;NA;26.55;18.46;ND;2.19;ND;NA;NA;NA;
2;3;2.91;1.72;5.81;NA;7.01;7.91;ND;2.13;ND;NA;NA;NA;
2;4;2.27;3.04;2.53;NA;4.31;4.49;ND;10.08;ND;NA;NA;NA;
2;5;2.42;2.23;4.86;NA;3.72;3.88;ND;7;ND;NA;NA;NA;
2;6;4.08;2.73;6.78;NA;6.59;6.9;ND;7.97;ND;NA;NA;NA;
2;7;8.25;4.79;8.7;NA;11.57;8.26;ND;16.69;ND;NA;NA;NA;
2;8;5.35;4.47;7.96;NA;9.09;12.87;ND;14.84;ND;NA;NA;NA;
2;9;3.32;2.28;7.95;NA;9.96;7.94;ND;7.79;ND;NA;NA;NA;
2;10;3.03;ND;5.67;NA;ND;4.28;ND;7.9;ND;NA;NA;NA;
2;11;2.48;ND;3.97;NA;ND;3.77;ND;7.17;ND;NA;NA;NA;
2;12;2.15;0.6;4.02;NA;ND;2.47;ND;5.65;ND;NA;NA;NA;
2;13;2.14;0.44;3.48;NA;2.1;1.67;ND;3.99;ND;NA;NA;NA;
2;14;1.98;0.55;3;NA;ND;1.77;ND;2.32;ND;NA;NA;NA;
2;15;1.6;0.62;2.53;NA;1.96;2.12;ND;2.19;ND;NA;NA;NA;
2;16;1.45;ND;1.4;NA;2.3;2.67;ND;1.94;ND;NA;NA;NA;
2;17;1.51;0.81;2.39;NA;2.79;2.67;ND;1.99;ND;NA;NA;NA;
2;18;2.04;0.71;1.41;NA;2.9;3.65;ND;2.19;ND;NA;NA;NA;
2;19;3.07;0.78;3.87;NA;4.36;4;ND;2.36;ND;NA;NA;NA;
2;20;3.46;1.21;5.37;NA;6.02;3.95;ND;2.99;ND;NA;NA;NA;
2;21;4.78;1.24;2.17;NA;5.71;4.97;ND;2.97;ND;NA;NA;NA;
2;22;6.08;1.16;3.29;NA;3.56;5.47;ND;2.06;ND;NA;NA;NA;
2;23;5.19;9.19;2.63;NA;4.41;4.01;ND;1.59;ND;NA;NA;NA;
3;0;4.28;5.89;2.66;NA;4.69;4.54;ND;1.6;ND;NA;NA;NA;
3;1;ND;ND;ND;NA;ND;ND;ND;1.11;ND;NA;NA;NA;
3;2;3.77;2.15;ND;NA;4.35;3.06;ND;1.63;ND;NA;NA;NA;
3;3;3.27;1.38;5.92;NA;4.21;3.13;ND;1.91;ND;NA;NA;NA;
3;4;3.12;1.52;7.11;NA;6.47;3.95;ND;1.53;ND;NA;NA;NA;
3;5;5.14;2.11;7.05;NA;7.56;4;ND;11.35;ND;NA;NA;NA;
3;6;6.48;3.11;4.87;NA;15.63;7.81;ND;30.94;ND;NA;NA;NA;
3;7;8.3;4.74;12.92;NA;27.66;11.7;ND;21.7;ND;NA;NA;NA;
3;8;6.92;3.82;15.08;NA;11.92;12.79;ND;6.66;ND;NA;NA;NA;
3;9;3.71;1.62;13.16;NA;7.75;11.32;ND;7.94;ND;NA;NA;NA;
3;10;3.31;1.44;ND;NA;6.42;4.9;ND;4.33;ND;NA;NA;NA;
3;11;2.65;1.16;5.5;NA;3.54;2.53;ND;3.05;ND;NA;NA;NA;
3;12;2.39;0.93;6.06;NA;2.16;1.82;ND;2.54;ND;NA;NA;NA;
3;13;1.85;1.04;4.68;NA;1.9;1.47;ND;2.09;ND;NA;NA;NA;
3;14;1.76;1.08;5.42;NA;1.5;1.2;ND;1.75;ND;NA;NA;NA;
3;15;1.63;0.93;4.64;NA;2.16;1.99;ND;1.99;ND;NA;NA;NA;
3;16;1.57;0.81;4.73;NA;2.99;1.93;ND;1.98;ND;NA;NA;NA;
3;17;1.57;0.99;5.07;NA;2.03;1.65;ND;2.54;ND;NA;NA;NA;
3;18;1.57;1.01;5.12;NA;1.99;3.06;ND;2.2;ND;NA;NA;NA;
3;19;1.59;1.07;6.13;NA;2.31;4.29;ND;2.07;ND;NA;NA;NA;
3;20;1.71;1.52;6.96;NA;7.93;4.43;ND;1.95;ND;NA;NA;NA;
3;21;2.01;1.47;5.79;NA;3.68;2.72;ND;1.66;ND;NA;NA;NA;
3;22;2.1;0.98;6.28;NA;3.2;2.68;ND;1.62;ND;NA;NA;NA;
3;23;1.96;1.69;5.88;NA;3.09;2.79;ND;1.61;ND;NA;NA;NA;
4;0;1.77;1.36;6.63;NA;5.42;3.06;ND;1.4;ND;NA;NA;NA;
4;1;1.8;1.16;8.32;NA;5.19;2.81;ND;1.45;ND;NA;NA;NA;
4;2;1.59;0.94;6.53;NA;3.96;2.35;ND;1.38;ND;NA;NA;NA;
4;3;2.06;1.6;5.74;NA;3.4;2.75;ND;1.5;ND;NA;NA;NA;
4;4;2.26;1.74;4.85;NA;4.55;4.72;ND;1.37;ND;NA;NA;NA;
4;5;3.15;2.52;5.75;NA;8.09;4.99;ND;1.38;ND;NA;NA;NA;
4;6;3.49;2.88;9.52;NA;5.05;6.33;ND;1.43;ND;NA;NA;NA;
4;7;4.3;3.79;12.99;NA;7.24;5.82;ND;2.05;ND;NA;NA;NA;
4;8;6.15;7.47;13.1;NA;12.06;6.7;ND;4.15;ND;NA;NA;NA;
4;9;9.46;10.05;12.33;NA;10.16;8.79;ND;4.91;ND;NA;NA;NA;
4;10;9.7;8.43;16.36;NA;9.82;10.82;ND;5.02;ND;NA;NA;NA;
4;11;6.98;4.58;10.87;NA;5.71;5.73;ND;5.41;ND;NA;NA;NA;
4;12;3.79;2.89;9.15;NA;4.98;5.66;ND;4.54;ND;NA;NA;NA;
4;13;2.55;2.05;7.35;NA;2.84;2.89;ND;3.22;ND;NA;NA;NA;
4;14;2.06;1.35;7.28;NA;2.41;3.31;ND;2.63;ND;NA;NA;NA;
4;15;1.85;1.22;6.72;NA;1.99;1.94;ND;2.07;ND;NA;NA;NA;
4;16;1.57;1.14;7.73;NA;1.63;2.5;ND;1.99;ND;NA;NA;NA;
4;17;1.72;1.17;8.43;NA;2.2;2.27;ND;1.76;ND;NA;NA;NA;
4;18;1.97;1.27;6.65;NA;2.52;2.78;ND;1.99;ND;NA;NA;NA;
4;19;3.25;1.37;8.01;NA;5.41;3.13;ND;1.79;ND;NA;NA;NA;
4;20;2.88;1.44;5.78;NA;2.61;2.15;ND;1.54;ND;NA;NA;NA;
4;21;2.2;1.43;5.85;NA;2.76;1.79;ND;1.48;ND;NA;NA;NA;
4;22;2.3;1.32;5.4;NA;4.08;2.58;ND;1.44;ND;NA;NA;NA;
4;23;2.17;1.32;5.48;NA;12.54;5.84;ND;1.29;ND;NA;NA;NA;
5;0;2.37;1.15;5.27;NA;11.95;8.55;ND;1.43;ND;NA;NA;NA;
5;1;ND;ND;ND;NA;ND;ND;ND;1.34;ND;NA;NA;NA;
5;2;2.18;0.9;8.23;NA;6.35;7.15;ND;1.35;ND;NA;NA;NA;
5;3;2.06;0.85;7.33;NA;6.66;6.4;ND;1.38;ND;NA;NA;NA;
5;4;2.09;0.96;6.65;NA;4.88;5.59;ND;1.33;ND;NA;NA;NA;
5;5;2.2;0.84;6.36;NA;2.82;3.77;ND;1.76;ND;NA;NA;NA;
5;6;2.07;0.79;5.62;NA;2.56;3.8;ND;4.08;ND;NA;NA;NA;
5;7;2.75;1.09;7.16;NA;3.78;6.03;ND;3.37;ND;NA;NA;NA;
5;8;2.54;1.51;11.24;NA;7.05;6.44;ND;15.55;ND;NA;NA;NA;
5;9;2.67;1.52;6.83;NA;7.56;5.77;ND;13.49;ND;NA;NA;NA;
5;10;2.1;1.3;6.17;NA;10.45;4.8;ND;3.92;ND;NA;NA;NA;
5;11;1.88;1.11;6.11;NA;4.1;2.59;ND;2.27;ND;NA;NA;NA;
5;12;1.45;1.23;5.89;NA;2.9;2.24;ND;2.02;ND;NA;NA;NA;
5;13;1.47;0.99;5.17;NA;2.74;1.78;ND;2.02;ND;NA;NA;NA;
5;14;1.28;0.79;4.31;NA;2.51;1.68;ND;2.12;ND;NA;NA;NA;
5;15;1.41;0.82;5.35;NA;2.49;1.3;ND;2;ND;NA;NA;NA;
5;16;1.19;0.61;6.02;NA;2.52;1.4;ND;2.01;ND;NA;NA;NA;
5;17;1.41;0.32;7.14;NA;2.12;2.02;ND;2.08;ND;NA;NA;NA;
5;18;1.49;0.69;6.4;NA;1.91;2.42;ND;1.87;ND;NA;NA;NA;
5;19;1.61;0.71;5.46;NA;2;2.27;ND;1.7;ND;NA;NA;NA;
5;20;1.61;0.99;5.34;NA;3.13;2.27;ND;1.79;ND;NA;NA;NA;
5;21;1.59;0.99;6.37;NA;2.01;1.95;ND;1.66;ND;NA;NA;NA;
5;22;1.44;0.75;5.85;NA;3.32;1.52;ND;1.67;ND;NA;NA;NA;
5;23;1.45;0.7;5.86;NA;4.95;1.88;ND;1.56;ND;NA;NA;NA;
6;0;1.7;0.68;4.6;NA;4.73;1.76;ND;1.39;ND;NA;NA;NA;
6;1;1.35;0.41;4.77;NA;ND;2.2;ND;1.27;ND;NA;NA;NA;
6;2;1.27;0.41;5.94;NA;3.13;1.9;ND;1.4;ND;NA;NA;NA;
6;3;1.37;0.52;6.02;NA;1.72;1.38;ND;1.35;ND;NA;NA;NA;
6;4;1.43;0.59;5.58;NA;2.32;1.4;ND;4.49;ND;NA;NA;NA;
6;5;1.35;0.39;5.67;NA;15.06;1.92;ND;15.47;ND;NA;NA;NA;
6;6;1.64;0.6;6.99;NA;20.7;5.28;ND;9.66;ND;NA;NA;NA;
6;7;1.68;0.51;7.96;NA;8.7;5.2;ND;13.45;ND;NA;NA;NA;
6;8;1.77;0.47;7.61;NA;5.07;4.48;ND;23.78;ND;NA;NA;NA;
6;9;1.98;0.33;9.52;NA;5.27;4.33;ND;6.06;ND;NA;NA;NA;
6;10;1.57;0.33;9.12;NA;6.99;6.03;ND;3.55;ND;NA;NA;NA;
6;11;1.19;0.51;7.65;NA;3.42;4.19;ND;3.4;ND;NA;NA;NA;
6;12;1.24;0.29;6.37;NA;2.33;3.07;ND;3.17;ND;NA;NA;NA;
6;13;1.15;0.47;6.47;NA;2.71;1.51;ND;2.66;ND;NA;NA;NA;
6;14;1.24;0.25;7.16;NA;1.93;1.65;ND;2.38;ND;NA;NA;NA;
6;15;1.28;0.34;6.78;NA;2.07;1.45;ND;2.2;ND;NA;NA;NA;
6;16;1.3;0.27;6.25;NA;2.15;1.33;ND;2.1;ND;NA;NA;NA;
6;17;1.18;0.4;6.12;NA;2.11;1.09;ND;2.08;ND;NA;NA;NA;
6;18;1.53;1.2;6.84;NA;2.86;1.73;ND;1.95;ND;NA;NA;NA;
6;19;2.49;1.13;6.73;NA;5.33;2.36;ND;2.99;ND;NA;NA;NA;
6;20;1.87;1.24;7.25;NA;6.42;2.26;ND;2.71;ND;NA;NA;NA;
6;21;1.8;0.78;5.81;NA;8.57;2.47;ND;2.94;ND;NA;NA;NA;
6;22;1.78;0.36;6.52;NA;6.48;4.54;ND;2.96;ND;NA;NA;NA;
6;23;1.66;0.37;6.19;NA;15.54;16.01;ND;2.54;ND;NA;NA;NA;
7;0;1.67;0.37;7.1;NA;36.87;20.96;ND;2.25;ND;NA;NA;NA;
7;1;ND;ND;ND;NA;15.45;ND;ND;2.49;ND;NA;NA;NA;
7;2;1.71;0.75;6.46;NA;11.63;7.95;ND;2.39;ND;NA;NA;NA;
7;3;1.41;0.49;6.77;NA;9.22;3.7;ND;2.17;ND;NA;NA;NA;
7;4;1.88;0.34;5.99;NA;5.73;3.23;ND;2.25;ND;NA;NA;NA;
7;5;2.67;0.34;6.24;NA;5.04;4.05;ND;2.64;ND;NA;NA;NA;
7;6;3.68;0.97;7.81;NA;6.77;5.71;ND;3.96;ND;NA;NA;NA;
7;7;2.69;1.14;9.19;NA;6.47;7.76;ND;5.56;ND;NA;NA;NA;
7;8;2.29;0.86;9.86;NA;4.95;6.43;ND;19.31;ND;NA;NA;NA;
7;9;2.73;2.02;ND;NA;5.7;4.7;ND;20.62;ND;NA;NA;NA;
7;10;2.63;2.72;ND;NA;12.53;13.32;ND;10.68;ND;NA;NA;NA;
7;11;ND;1.41;5.28;NA;9.84;9.38;ND;5.94;ND;NA;NA;NA;
7;12;ND;1.16;3.9;NA;4.43;4.99;ND;4.09;ND;NA;NA;NA;
7;13;1.49;0.7;2.89;NA;2.76;2.66;ND;2.81;ND;NA;NA;NA;
7;14;1.27;0.39;3.59;NA;2.36;2.2;ND;ND;ND;NA;NA;NA;
7;15;1.38;0.3;3.77;NA;2.41;2.25;ND;ND;ND;NA;NA;NA;
7;16;1.12;0.34;2.05;NA;2.3;3.07;ND;4.13;ND;NA;NA;NA;
7;17;1.74;0.72;2.72;NA;2.75;2.36;ND;8.01;ND;NA;NA;NA;
7;18;2.43;0.98;2.57;NA;3.11;2.05;ND;10.48;ND;NA;NA;NA;
7;19;2.28;0.82;2.96;NA;14.21;3.6;ND;13.19;ND;NA;NA;NA;
7;20;1.71;0.49;2.72;NA;9.86;6.4;ND;7.6;ND;NA;NA;NA;
7;21;1.59;0.39;2.62;NA;9.13;5.51;ND;3.19;ND;NA;NA;NA;
7;22;1.56;0.62;3.25;NA;4.05;2.71;ND;2.54;ND;NA;NA;NA;
7;23;1.24;1.8;2.47;NA;6.53;1.9;ND;2.04;ND;NA;NA;NA;
8;0;1.47;0.38;2.5;NA;3.23;2.49;ND;1.82;ND;NA;NA;NA;
8;1;1.78;0.84;ND;NA;ND;2.79;ND;1.67;ND;NA;NA;NA;
8;2;1.79;2.24;5.38;NA;3.03;4.22;ND;1.52;ND;NA;NA;NA;
8;3;2.39;2.49;5.56;NA;4.46;3.76;ND;1.67;ND;NA;NA;NA;
8;4;2.72;5.01;3.9;NA;6.46;2.98;ND;1.47;ND;NA;NA;NA;
8;5;2.71;1.57;3.32;NA;5.4;3.07;ND;1.56;ND;NA;NA;NA;
8;6;2.32;1.44;5.27;NA;8.27;5.98;ND;1.94;ND;NA;NA;NA;
8;7;3.25;3.21;5.82;NA;10.69;6.69;ND;2.54;ND;NA;NA;NA;
8;8;2.57;1.61;5.41;NA;15;6.38;ND;2.75;ND;NA;NA;NA;
8;9;2.68;0.93;4.92;NA;15.26;5.09;ND;3.61;ND;NA;NA;NA;
8;10;2.35;1.29;4.6;NA;7.97;ND;ND;2.57;ND;NA;NA;NA;
8;11;1.97;1.08;4.93;NA;ND;ND;ND;1.84;ND;NA;NA;NA;
8;12;1.76;ND;4.67;NA;ND;2.43;ND;1.97;ND;NA;NA;NA;
8;13;1.47;ND;2.74;NA;3.18;3.28;ND;1.97;ND;NA;NA;NA;
8;14;1.36;1.04;1.56;NA;2.41;2.13;ND;1.74;ND;NA;NA;NA;
8;15;1.33;0.76;1.02;NA;2.43;2.56;ND;2.25;ND;NA;NA;NA;
8;16;1.41;1.89;4.07;NA;2.52;2.27;ND;1.7;ND;NA;NA;NA;
8;17;1.41;1.99;5.79;NA;3.45;2.66;ND;1.79;ND;NA;NA;NA;
8;18;1.96;1.97;4.44;NA;2.94;3;ND;1.88;ND;NA;NA;NA;
8;19;1.73;1.55;0.99;NA;2.86;2.1;ND;1.77;ND;NA;NA;NA;
8;20;2.22;1.96;2.91;NA;3.34;1.84;ND;1.58;ND;NA;NA;NA;
8;21;2.76;1.27;2.75;NA;3.09;2.37;ND;1.88;ND;NA;NA;NA;
8;22;2.57;2.19;1.57;NA;4.24;2.14;ND;1.94;ND;NA;NA;NA;
8;23;3.1;7.11;0.21;NA;4.75;1.9;ND;1.85;ND;NA;NA;NA;
9;0;3.87;10.86;1.01;NA;4.33;2.51;ND;1.37;ND;NA;NA;NA;
9;1;ND;7.36;2.8;NA;4.13;2.85;ND;1.58;ND;NA;NA;NA;
9;2;5.24;6.93;3;NA;7.23;2.96;ND;1.71;ND;NA;NA;NA;
9;3;4.53;8.17;1.61;NA;5.59;6.42;ND;2.01;ND;NA;NA;NA;
9;4;3.78;4.38;2.71;NA;13.08;8.21;ND;2.22;ND;NA;NA;NA;
9;5;6.33;6.04;3.65;NA;16.53;7.27;ND;4.53;ND;NA;NA;NA;
9;6;8.58;8.35;5.8;NA;29.62;7.4;ND;3.7;ND;NA;NA;NA;
9;7;9.71;17.49;8.23;NA;48.4;12.18;ND;4.95;ND;NA;NA;NA;
9;8;7.59;22.04;12.64;NA;21.57;16.63;ND;14.06;ND;NA;NA;NA;
9;9;9.59;19.71;12.1;NA;10.82;9.68;ND;18.66;ND;NA;NA;NA;
9;10;12.38;9.38;13.57;NA;7.16;6.22;ND;10.65;ND;NA;NA;NA;
9;11;8.49;6.38;15.96;NA;5.35;6.86;ND;ND;ND;NA;NA;NA;
9;12;3.65;3.69;8.23;NA;8.35;7.53;ND;ND;ND;NA;NA;NA;
9;13;2.65;2.54;6.55;NA;6.68;4.56;ND;1.88;ND;NA;NA;NA;
9;14;2.31;1.75;4.99;NA;4.55;4.02;ND;1.55;ND;NA;NA;NA;
9;15;2.1;1.38;4.3;NA;3.32;3.64;ND;1.73;ND;NA;NA;NA;
9;16;1.84;1.03;5.73;NA;2.52;2.82;ND;1.67;ND;NA;NA;NA;
9;17;2.12;1.04;7.78;NA;2.52;1.91;ND;1.39;ND;NA;NA;NA;
9;18;2.15;1.4;7.4;NA;2.78;4.08;ND;1.43;ND;NA;NA;NA;
9;19;2.1;1.3;5.54;NA;5.72;2.85;ND;1.41;ND;NA;NA;NA;
9;20;2.11;1.34;4.02;NA;3.25;1.91;ND;1.22;ND;NA;NA;NA;
9;21;2.67;1.05;3.52;NA;3.88;1.91;ND;1.19;ND;NA;NA;NA;
9;22;2;1.28;4.29;NA;2.78;1.88;ND;1.02;ND;NA;NA;NA;
9;23;2.14;1.44;4.02;NA;5.22;2.7;ND;1.3;ND;NA;NA;NA;
10;0;2.13;1.21;3.68;NA;5.79;2.59;ND;1.17;ND;NA;NA;NA;
10;1;2.28;0.83;ND;NA;ND;ND;ND;0.99;ND;NA;NA;NA;
10;2;1.88;0.56;4.14;NA;6.73;6.08;ND;0.95;ND;NA;NA;NA;
10;3;1.5;0.69;4.65;NA;4.46;3.95;ND;1.04;ND;NA;NA;NA;
10;4;2.24;0.37;4.89;NA;6.34;4.63;ND;1.07;ND;NA;NA;NA;
10;5;2.16;0.63;4.52;NA;8.72;5.45;ND;0.86;ND;NA;NA;NA;
10;6;2.85;1.03;6.29;NA;7.03;6.89;ND;1.07;ND;NA;NA;NA;
10;7;3.41;1.2;7.87;NA;8.8;7.19;ND;1.5;ND;NA;NA;NA;
10;8;3.38;0.9;8.77;NA;8.91;7.68;ND;1.36;ND;NA;NA;NA;
10;9;2.84;0.9;8.65;NA;7.26;6.47;ND;1.27;ND;NA;NA;NA;
10;10;4.42;1.42;8.91;NA;7.45;6.16;ND;1.46;ND;NA;NA;NA;
10;11;4.7;1.9;9.1;NA;6.59;7.31;ND;2.94;ND;NA;NA;NA;
10;12;2.31;1.44;6.24;NA;3.1;4.86;ND;2.8;ND;NA;NA;NA;
10;13;1.76;0.81;5.29;NA;2.77;2.8;ND;2.37;ND;NA;NA;NA;
10;14;1.87;0.59;6.36;NA;2.91;2.64;ND;1.54;ND;NA;NA;NA;
10;15;1.99;0.49;6.26;NA;4.55;3.78;ND;1.2;ND;NA;NA;NA;
10;16;2.48;0.57;4.93;NA;4.26;2.48;ND;1.27;ND;NA;NA;NA;
10;17;2.19;0.54;5.23;NA;3.92;2.98;ND;1.34;ND;NA;NA;NA;
10;18;1.9;0.68;5.4;NA;6.73;2.43;ND;1.65;ND;NA;NA;NA;
10;19;2.13;0.64;6.03;NA;4.43;2.29;ND;1.53;ND;NA;NA;NA;
10;20;2.28;0.68;6.04;NA;4.6;2.43;ND;1.17;ND;NA;NA;NA;
10;21;1.87;0.61;3.87;NA;2.93;1.95;ND;1.22;ND;NA;NA;NA;
10;22;2.13;0.42;2.87;NA;2.51;1.99;ND;1.21;ND;NA;NA;NA;
10;23;1.98;0.73;2.46;NA;3.5;1.61;ND;0.79;ND;NA;NA;NA;
11;0;2.17;0.59;1.9;NA;2.92;1.32;ND;0.96;ND;NA;NA;NA;
11;1;ND;ND;1.79;NA;2.61;1.43;ND;1.08;ND;NA;NA;NA;
11;2;1.76;0.92;1.26;NA;3.56;1.37;ND;0.99;ND;NA;NA;NA;
11;3;1.74;0.43;2.23;NA;2.39;2.08;ND;0.96;ND;NA;NA;NA;
11;4;1.99;1.41;2.81;NA;2.74;2.2;ND;0.98;ND;NA;NA;NA;
11;5;2.85;2.03;4.04;NA;4.84;3.2;ND;0.91;ND;NA;NA;NA;
11;6;3.99;1.96;3.88;NA;8.13;5.84;ND;1;ND;NA;NA;NA;
11;7;4.89;1.73;8.69;NA;7.63;8.53;ND;1.17;ND;NA;NA;NA;
11;8;4.34;1.37;7.16;NA;5.26;5.61;ND;1.03;ND;NA;NA;NA;
11;9;3.76;1;6.04;NA;4.69;4.96;ND;1.18;ND;NA;NA;NA;
11;10;3.91;1.46;5.36;NA;10.76;7.35;ND;1.55;ND;NA;NA;NA;
11;11;3.2;1.28;5.93;NA;6.45;4.57;ND;1.76;ND;NA;NA;NA;
11;12;2.96;1.26;7.39;NA;4.8;4.69;ND;1.28;ND;NA;NA;NA;
11;13;2.42;0.9;6.38;NA;5.33;5.42;ND;1.38;ND;NA;NA;NA;
11;14;2.12;0.82;5.67;NA;4.23;3.9;ND;1.54;ND;NA;NA;NA;
11;15;1.79;1.02;6.04;NA;4.4;2.46;ND;1.43;ND;NA;NA;NA;
11;16;1.69;1.07;4.45;NA;3.45;2.17;ND;1.5;ND;NA;NA;NA;
11;17;1.82;1.13;5.17;NA;3.19;3.76;ND;1.25;ND;NA;NA;NA;
11;18;1.88;1.17;7.39;NA;3.48;4.45;ND;1.25;ND;NA;NA;NA;
11;19;2.11;1.11;5.76;NA;3.44;3.91;ND;1.15;ND;NA;NA;NA;
11;20;2.5;1.3;4.95;NA;4.32;3.28;ND;1.47;ND;NA;NA;NA;
11;21;2.33;1;4.94;NA;5.93;3.11;ND;1.26;ND;NA;NA;NA;
11;22;2.19;0.84;5.82;NA;5.45;3.81;ND;0.96;ND;NA;NA;NA;
11;23;2.11;0.82;4.88;NA;2.95;2.74;ND;0.95;ND;NA;NA;NA;
12;0;1.85;0.8;5.05;NA;3.87;2.42;ND;1.03;ND;NA;NA;NA;
12;1;1.99;1.61;ND;NA;ND;ND;ND;1.04;ND;NA;NA;NA;
12;2;2.28;0.81;4.54;NA;7.54;6;ND;1.01;ND;NA;NA;NA;
12;3;2.01;0.67;3.61;NA;5.75;2.59;ND;1.07;ND;NA;NA;NA;
12;4;1.66;0.53;3.02;NA;2.8;1.57;ND;0.96;ND;NA;NA;NA;
12;5;2.83;1.22;2.92;NA;4.53;2.18;ND;1.01;ND;NA;NA;NA;
12;6;3.22;1.15;4.16;NA;7.13;4.74;ND;1.02;ND;NA;NA;NA;
12;7;6.33;1.88;4.82;NA;6.74;4.32;ND;1.94;ND;NA;NA;NA;
12;8;6.37;1.79;6.01;NA;5.04;4.88;ND;1.9;ND;NA;NA;NA;
12;9;6.39;2.21;6.65;NA;3.92;4.28;ND;2.76;ND;NA;NA;NA;
12;10;3.92;1.59;7.55;NA;4.79;5.01;ND;4.6;ND;NA;NA;NA;
12;11;3.26;1.35;5.9;NA;4.68;3.92;ND;4.21;ND;NA;NA;NA;
12;12;2.12;0.82;4.9;NA;4.48;3.31;ND;2.84;ND;NA;NA;NA;
12;13;1.89;1.14;4.31;NA;3.07;2.29;ND;1.86;ND;NA;NA;NA;
12;14;1.78;1.56;4.13;NA;3.08;2.23;ND;2.05;ND;NA;NA;NA;
12;15;1.95;1.48;4.22;NA;2.96;2.62;ND;1.87;ND;NA;NA;NA;
12;16;1.75;1.46;5.03;NA;2.52;2.64;ND;1.58;ND;NA;NA;NA;
12;17;1.7;1.18;4.34;NA;2.69;2.74;ND;1.35;ND;NA;NA;NA;
12;18;1.87;1.17;4.24;NA;2.27;2.6;ND;1.48;ND;NA;NA;NA;
12;19;2.13;1.05;4.06;NA;2.67;2.01;ND;1.22;ND;NA;NA;NA;
12;20;2.1;0.94;3.61;NA;2.57;1.6;ND;1.16;ND;NA;NA;NA;
12;21;1.89;0.85;3.57;NA;2.49;1.78;ND;1.09;ND;NA;NA;NA;
12;22;2;0.54;3.36;NA;1.94;1.67;ND;0.93;ND;NA;NA;NA;
12;23;1.77;0.61;2.94;NA;2.02;1.2;ND;1.03;ND;NA;NA;NA;
13;0;1.53;0.33;2.37;NA;1.7;0.96;ND;1.02;ND;NA;NA;NA;
13;1;ND;ND;2.42;NA;1.92;1.18;ND;0.91;ND;NA;NA;NA;
13;2;1.58;0.88;2.22;NA;1.74;0.85;ND;1.12;ND;NA;NA;NA;
13;3;1.64;0.42;2.44;NA;1.7;1.06;ND;0.85;ND;NA;NA;NA;
13;4;1.54;0.58;2.49;NA;1.71;1.09;ND;0.98;ND;NA;NA;NA;
13;5;1.36;0.37;2.55;NA;3.13;1.22;ND;0.93;ND;NA;NA;NA;
13;6;1.21;0.47;2.7;NA;2.88;2.01;ND;1.05;ND;NA;NA;NA;
13;7;1.49;0.64;3.76;NA;2.82;3.04;ND;2.38;ND;NA;NA;NA;
13;8;1.62;0.62;4.13;NA;3.27;1.56;ND;1.4;ND;NA;NA;NA;
13;9;1.97;0.9;3.62;NA;2.85;1.59;ND;1.2;ND;NA;NA;NA;
13;10;1.79;0.75;4.35;NA;4.47;1.66;ND;1.2;ND;NA;NA;NA;
13;11;1.44;0.58;2.88;NA;2;1.18;ND;1.27;ND;NA;NA;NA;
13;12;1.44;0.45;4.17;NA;2.22;1.45;ND;1.38;ND;NA;NA;NA;
13;13;1.36;0.41;3.68;NA;2.25;1.04;ND;1.23;ND;NA;NA;NA;
13;14;1.28;0.69;3.02;NA;1.8;1.19;ND;0.94;ND;NA;NA;NA;
13;15;1.35;0.4;3.73;NA;1.8;2.03;ND;0.94;ND;NA;NA;NA;
13;16;1.46;0.49;3.19;NA;1.96;1.69;ND;1.29;ND;NA;NA;NA;
13;17;1.44;0.69;3.08;NA;3.16;1.22;ND;1.6;ND;NA;NA;NA;
13;18;1.84;1.11;3.22;NA;2.37;1.12;ND;1.09;ND;NA;NA;NA;
13;19;1.76;0.98;3.04;NA;2.9;1.05;ND;1.1;ND;NA;NA;NA;
13;20;1.74;0.59;2.79;NA;3.91;0.98;ND;1.09;ND;NA;NA;NA;
13;21;1.68;0.74;2.67;NA;3.61;1.14;ND;0.84;ND;NA;NA;NA;
13;22;1.33;0.59;2.46;NA;2.09;0.89;ND;0.78;ND;NA;NA;NA;
13;23;1.45;0.35;1.95;NA;1.61;0.66;ND;1.06;ND;NA;NA;NA;
14;0;1.36;0.29;1.84;NA;1.16;0.67;ND;0.86;ND;NA;NA;NA;
14;1;1.23;0.43;ND;NA;ND;ND;ND;0.73;ND;NA;NA;NA;
14;2;1.13;0.45;1.73;NA;2.02;0.59;ND;0.9;ND;NA;NA;NA;
14;3;1.26;0.38;2.14;NA;1.24;0.39;ND;0.93;ND;NA;NA;NA;
14;4;1.18;0.33;2.02;NA;1.35;0.58;ND;0.75;ND;NA;NA;NA;
14;5;1.61;0.4;2.56;NA;1.86;0.68;ND;0.92;ND;NA;NA;NA;
14;6;2.14;0.81;3.16;NA;3.09;2.52;ND;1.46;ND;NA;NA;NA;
14;7;2.15;2.08;4.34;NA;9.71;2.99;ND;3.22;ND;NA;NA;NA;
14;8;3.42;3.35;5.56;NA;18.48;9.8;ND;3.09;ND;NA;NA;NA;
14;9;3.5;1.2;6.04;NA;15.18;7.3;ND;2.04;ND;NA;NA;NA;
14;10;3.58;1.25;ND;NA;7.51;4.15;ND;5.13;ND;NA;NA;NA;
14;11;2.22;0.78;ND;NA;4.93;ND;ND;2.53;ND;NA;NA;NA;
14;12;1.62;0.92;2.54;NA;3.85;ND;ND;1.37;ND;NA;NA;NA;
14;13;1.44;0.88;2.79;NA;ND;2.61;ND;1.26;ND;NA;NA;NA;
14;14;1.54;0.72;1.46;NA;ND;2.51;ND;1.58;ND;NA;NA;NA;
14;15;1.41;0.92;2.1;NA;3.02;1.94;ND;1.46;ND;NA;NA;NA;
14;16;1.34;0.6;3.2;NA;2.57;2.29;ND;1.66;ND;NA;NA;NA;
14;17;1.65;0.78;4.27;NA;2.27;3.26;ND;1.32;ND;NA;NA;NA;
14;18;1.54;0.65;4.63;NA;3.18;3.36;ND;1.26;ND;NA;NA;NA;
14;19;3.25;2.06;3.51;NA;3.28;3.74;ND;1.34;ND;NA;NA;NA;
14;20;2.72;3.36;2.73;NA;4.46;2.92;ND;1.29;ND;NA;NA;NA;
14;21;2.44;2.31;2.59;NA;6.13;1.99;ND;1.37;ND;NA;NA;NA;
14;22;2.08;ND;2.71;NA;3.61;2.21;ND;1.1;ND;NA;NA;NA;
14;23;2.16;ND;1.68;NA;2.12;1.36;ND;1.21;ND;NA;NA;NA;
15;0;1.76;0.94;1.41;NA;2.6;3.69;ND;1.2;ND;NA;NA;NA;
15;1;ND;ND;1.39;NA;2.26;1.61;ND;0.96;ND;NA;NA;NA;
15;2;2.17;1.19;1.72;NA;1.74;1.19;ND;1.06;ND;NA;NA;NA;
15;3;2.12;1.17;4.27;NA;8.47;1.29;ND;1.74;ND;NA;NA;NA;
15;4;2.11;2.04;3.05;NA;3.17;2.18;ND;1.97;ND;NA;NA;NA;
15;5;2.33;1.18;3.22;NA;4.2;2.67;ND;5.94;ND;NA;NA;NA;
15;6;3.9;1.49;5;NA;10.47;7.43;ND;3.8;ND;NA;NA;NA;
15;7;9.54;7.46;9.66;NA;12.08;9.21;ND;7.44;ND;NA;NA;NA;
15;8;11.47;6.32;9.25;NA;13.76;9.47;ND;8.07;ND;NA;NA;NA;
15;9;7.94;5.33;12.18;NA;7.86;10.02;ND;5.39;ND;NA;NA;NA;
15;10;8.03;4.89;10.05;NA;8.55;9.42;ND;22.69;ND;NA;NA;NA;
15;11;7.83;4.36;9.73;NA;12.29;9.39;ND;21.46;ND;NA;NA;NA;
15;12;ND;3.38;9.71;NA;6.08;8.94;ND;ND;ND;NA;NA;NA;
15;13;1.51;1.64;7.35;NA;9.35;6.9;ND;ND;ND;NA;NA;NA;
15;14;1.05;1.23;4.74;NA;4.89;4.11;ND;2.18;ND;NA;NA;NA;
15;15;0.9;1.04;4.09;NA;3.34;2.39;ND;1.71;ND;NA;NA;NA;
15;16;0.87;1.02;4.47;NA;3.03;2.5;ND;1.58;ND;NA;NA;NA;
15;17;0.96;1.03;5.7;NA;3.35;5.47;ND;1.68;ND;NA;NA;NA;
15;18;1.08;1.13;5.09;NA;3.77;4.23;ND;2.02;ND;NA;NA;NA;
15;19;1.85;1.16;4.05;NA;5.22;2.97;ND;1.37;ND;NA;NA;NA;
15;20;1.78;0.85;3.36;NA;5.8;2.01;ND;1.21;ND;NA;NA;NA;
15;21;1.52;0.98;3.73;NA;4.64;2.02;ND;1.5;ND;NA;NA;NA;
15;22;1.08;1.07;2.28;NA;3.36;1.28;ND;1;ND;NA;NA;NA;
15;23;2.68;0.95;2.37;NA;3.37;1.21;ND;1.11;ND;NA;NA;NA;
16;0;1.66;1.5;2.25;NA;2.63;1.38;ND;0.95;ND;NA;NA;NA;
16;1;1.4;2.43;ND;NA;ND;ND;ND;0.94;ND;NA;NA;NA;
16;2;1.38;2.18;1.66;NA;5.75;0.89;ND;0.81;ND;NA;NA;NA;
16;3;1.37;0.97;1.47;NA;3.78;2.44;ND;1.07;ND;NA;NA;NA;
16;4;0.92;1.41;1.87;NA;7.26;1.95;ND;0.98;ND;NA;NA;NA;
16;5;1.83;1.31;2.25;NA;6.54;2.11;ND;1.11;ND;NA;NA;NA;
16;6;3.71;2.07;3.21;NA;11.92;3.76;ND;1.55;ND;NA;NA;NA;
16;7;4.34;3.13;6.47;NA;12.75;7.53;ND;1.54;ND;NA;NA;NA;
16;8;3.78;1.63;7.3;NA;7.12;6.84;ND;1.62;ND;NA;NA;NA;
16;9;2.97;1.33;5.26;NA;7.43;5.59;ND;1.39;ND;NA;NA;NA;
16;10;3.77;1.17;6.63;NA;7.14;5.61;ND;1.3;ND;NA;NA;NA;
16;11;2.55;0.76;4.9;NA;5.28;4.13;ND;1.49;ND;NA;NA;NA;
16;12;1.13;ND;3.52;NA;5.02;2.91;ND;1.34;ND;NA;NA;NA;
16;13;0.89;ND;3.13;NA;3.29;3.36;ND;1.25;ND;NA;NA;NA;
16;14;0.76;0.87;2.75;NA;2.97;2.51;ND;1.29;ND;NA;NA;NA;
16;15;0.73;0.99;4.17;NA;2.1;2.29;ND;1.21;ND;NA;NA;NA;
16;16;0.93;0.81;4.21;NA;2.49;2.36;ND;1.17;ND;NA;NA;NA;
16;17;0.8;0.77;3.13;NA;5.6;2.29;ND;1.48;ND;NA;NA;NA;
16;18;0.98;0.97;4.03;NA;5.4;2.08;ND;1.18;ND;NA;NA;NA;
16;19;1.36;1.27;4.78;NA;3.32;3.7;ND;1.42;ND;NA;NA;NA;
16;20;3.21;2.11;5.32;NA;3.36;2.65;ND;1.82;ND;NA;NA;NA;
16;21;2.18;1.68;3.28;NA;4.25;1.53;ND;1.14;ND;NA;NA;NA;
16;22;2.29;2.99;2.85;NA;5.93;1.93;ND;1.43;ND;NA;NA;NA;
16;23;3.46;2.66;ND;NA;2.93;1.8;ND;8.72;ND;NA;NA;NA;
17;0;3.51;4.29;3.74;NA;11.52;2.79;ND;5.16;ND;NA;NA;NA;
17;1;ND;ND;3.1;NA;15.06;16.44;ND;2.82;ND;NA;NA;NA;
17;2;1.83;2.31;4.96;NA;6.5;6.86;ND;1.47;ND;NA;NA;NA;
17;3;1.44;2.8;6.07;NA;7.23;3.82;ND;1.77;ND;NA;NA;NA;
17;4;1.75;2.49;4.06;NA;9.44;4.49;ND;1.82;ND;NA;NA;NA;
17;5;3.34;6.45;3.88;NA;36.41;5.97;ND;2.08;ND;NA;NA;NA;
17;6;5.08;7.84;6.2;NA;45.95;10.36;ND;2.23;ND;NA;NA;NA;
17;7;8.29;8.1;6.8;NA;15.49;3.71;ND;5.59;ND;NA;NA;NA;
17;8;4.13;5.22;5.27;NA;9.32;5.08;ND;8.1;ND;NA;NA;NA;
17;9;2.29;4.19;6.55;NA;5.85;5.39;ND;6.03;ND;NA;NA;NA;
17;10;4.9;7.07;8.18;NA;4.48;5.25;ND;8.22;ND;NA;NA;NA;
17;11;5.9;2.94;5.26;NA;6.91;3.98;ND;4.5;ND;NA;NA;NA;
17;12;2.67;2.12;5.25;NA;3.76;3;ND;2.79;ND;NA;NA;NA;
17;13;2.08;1.57;4.73;NA;4.35;3.39;ND;2.19;ND;NA;NA;NA;
17;14;1.47;1.45;3.72;NA;4.66;4.02;ND;1.56;ND;NA;NA;NA;
17;15;1.8;1.48;4.72;NA;3.51;2.92;ND;2.11;ND;NA;NA;NA;
17;16;3.98;3.55;8.11;NA;4.29;4.67;ND;3.45;ND;NA;NA;NA;
17;17;3.56;2.75;9.73;NA;4.13;4.81;ND;6.53;ND;NA;NA;NA;
17;18;2.94;4.33;5.97;NA;7.07;5.78;ND;3.41;ND;NA;NA;NA;
17;19;3.95;5.07;5.5;NA;8.77;9.95;ND;4.01;ND;NA;NA;NA;
17;20;4.87;7.91;13.08;NA;14.19;11.68;ND;3.8;ND;NA;NA;NA;
17;21;3.46;8.49;11.04;NA;15.76;11.34;ND;4;ND;NA;NA;NA;
17;22;4.68;7.27;14.94;NA;14.12;10.45;ND;4.28;ND;NA;NA;NA;
17;23;5.07;6.88;11.77;NA;14.61;12.08;ND;3.85;ND;NA;NA;NA;
18;0;3.87;4.03;9.89;NA;14.15;9.73;ND;3.51;ND;NA;NA;NA;
18;1;1.67;6.74;ND;NA;ND;ND;ND;5.9;ND;NA;NA;NA;
18;2;1.96;7.75;8.53;NA;16.58;22.04;ND;4.57;ND;NA;NA;NA;
18;3;2.45;7.15;8.91;NA;22.6;13.79;ND;4.63;ND;NA;NA;NA;
18;4;3.09;7.5;5.04;NA;20.84;6.56;ND;5.93;ND;NA;NA;NA;
18;5;4.2;7.59;6;NA;15.12;11.94;ND;6.81;ND;NA;NA;NA;
18;6;4.6;10.38;6.53;NA;29.53;11.49;ND;6.93;ND;NA;NA;NA;
18;7;6.71;15.25;9.9;NA;32.2;18.1;ND;11.45;ND;NA;NA;NA;
18;8;10.06;15.85;15.26;NA;36.02;16.63;ND;17.17;ND;NA;NA;NA;
18;9;11.72;9.16;15.19;NA;12.3;9.21;ND;21.31;ND;NA;NA;NA;
18;10;5.97;4.85;7.58;NA;6.6;5.48;ND;8.02;ND;NA;NA;NA;
18;11;1.85;2.64;8.79;NA;7.48;6.84;ND;4.35;ND;NA;NA;NA;
18;12;1.08;1.75;6.61;NA;7.28;6.01;ND;2.64;ND;NA;NA;NA;
18;13;1.04;1.19;3.24;NA;4.2;3.48;ND;1.7;ND;NA;NA;NA;
18;14;1.06;1.08;3.36;NA;3.59;2.6;ND;1.8;ND;NA;NA;NA;
18;15;1.1;0.99;5.19;NA;4.07;2.13;ND;1.43;ND;NA;NA;NA;
18;16;0.88;1.13;6.59;NA;3.39;2.42;ND;1.35;ND;NA;NA;NA;
18;17;2.47;1.37;5.78;NA;3.1;3.18;ND;1.55;ND;NA;NA;NA;
18;18;1.65;1.3;6.96;NA;3.33;4.21;ND;1.76;ND;NA;NA;NA;
18;19;1.96;1.62;6.71;NA;4.11;4.32;ND;1.95;ND;NA;NA;NA;
18;20;3.96;1.67;6.81;NA;3.62;7.08;ND;2.27;ND;NA;NA;NA;
18;21;1.89;1.58;5.15;NA;4.1;4.7;ND;1.97;ND;NA;NA;NA;
18;22;1.46;1.71;3.76;NA;5.04;2.49;ND;1.51;ND;NA;NA;NA;
18;23;1.75;1.69;3.89;NA;4.82;3.48;ND;2.13;ND;NA;NA;NA;
19;0;1.87;1.5;2.5;NA;9.85;2.28;ND;1.43;ND;NA;NA;NA;
19;1;ND;ND;2.35;NA;15.87;2.02;ND;1.15;ND;NA;NA;NA;
19;2;1.29;1.56;2.96;NA;7.46;1.98;ND;1.27;ND;NA;NA;NA;
19;3;0.95;1.41;3.24;NA;8.59;2.77;ND;1.18;ND;NA;NA;NA;
19;4;1.48;1.42;3.05;NA;15.61;3.27;ND;1.69;ND;NA;NA;NA;
19;5;1.13;1.32;2.39;NA;7.33;2.36;ND;1.84;ND;NA;NA;NA;
19;6;1.93;1.75;2.52;NA;9.5;3.61;ND;1.93;ND;NA;NA;NA;
19;7;2.12;1.52;3.63;NA;9.48;5.81;ND;1.4;ND;NA;NA;NA;
19;8;3.43;2.13;4.21;NA;6.95;4.38;ND;1.41;ND;NA;NA;NA;
19;9;2.34;2.97;3.61;NA;4.11;3.01;ND;1.25;ND;NA;NA;NA;
19;10;2.51;1.71;3.4;NA;9.62;3.68;ND;1.27;ND;NA;NA;NA;
19;11;4.37;1.65;3.88;NA;7.14;6.44;ND;1.7;ND;NA;NA;NA;
19;12;1.75;1.46;3.76;NA;5.25;5.98;ND;2.04;ND;NA;NA;NA;
19;13;0.95;1.13;2.51;NA;3.59;3.36;ND;1.62;ND;NA;NA;NA;
19;14;0.77;0.67;2.8;NA;3.07;1.8;ND;1.66;ND;NA;NA;NA;
19;15;0.59;0.65;2.67;NA;2.42;1.73;ND;1.46;ND;NA;NA;NA;
19;16;0.64;0.92;2.68;NA;2.53;1.46;ND;1.17;ND;NA;NA;NA;
19;17;0.46;0.95;3.95;NA;2.47;1.86;ND;1.32;ND;NA;NA;NA;
19;18;0.78;1.1;3.08;NA;3.15;1.61;ND;1.29;ND;NA;NA;NA;
19;19;0.65;0.98;2.65;NA;5.55;1.56;ND;1.35;ND;NA;NA;NA;
19;20;0.99;1.25;2.25;NA;5.41;1.5;ND;1.52;ND;NA;NA;NA;
19;21;0.73;1.43;2.07;NA;5.17;1.38;ND;1.44;ND;NA;NA;NA;
19;22;1;1.26;1.48;NA;3.2;1.09;ND;1.21;ND;NA;NA;NA;
19;23;0.94;1.27;1.52;NA;2.98;0.74;ND;1.02;ND;NA;NA;NA;
20;0;0.68;0.74;1.36;NA;2.38;0.81;ND;0.99;ND;NA;NA;NA;
20;1;0.87;1.14;ND;NA;ND;ND;ND;0.92;ND;NA;NA;NA;
20;2;0.44;0.68;1.38;NA;9.95;1.39;ND;1.06;ND;NA;NA;NA;
20;3;0.44;0.48;1.18;NA;11.87;1.64;ND;0.97;ND;NA;NA;NA;
20;4;0.44;0.8;1.01;NA;2.95;0.8;ND;0.82;ND;NA;NA;NA;
20;5;0.52;0.68;1.87;NA;2.99;0.99;ND;1.02;ND;NA;NA;NA;
20;6;0.66;1.45;2.44;NA;2.09;1.03;ND;1.23;ND;NA;NA;NA;
20;7;1.66;1.79;2.42;NA;3.23;1.82;ND;9.07;ND;NA;NA;NA;
20;8;2.78;1.44;2.71;NA;7.03;2.89;ND;2.13;ND;NA;NA;NA;
20;9;1.78;0.99;2.35;NA;3.12;2.23;ND;1.59;ND;NA;NA;NA;
20;10;1.06;0.98;1.91;NA;2.12;1.51;ND;1.36;ND;NA;NA;NA;
20;11;0.79;0.88;2.54;NA;2.36;1.63;ND;1.24;ND;NA;NA;NA;
20;12;0.53;0.82;2.02;NA;2.46;1.28;ND;1.33;ND;NA;NA;NA;
20;13;0.42;0.83;1.58;NA;2.04;1.61;ND;1.29;ND;NA;NA;NA;
20;14;0.34;0.32;1.02;NA;2.31;0.73;ND;1.23;ND;NA;NA;NA;
20;15;0.33;0.44;2.16;NA;1.87;0.91;ND;1.18;ND;NA;NA;NA;
20;16;0.28;0.31;1.71;NA;2.35;0.81;ND;1.23;ND;NA;NA;NA;
20;17;0.41;0.6;1.58;NA;2.11;1.06;ND;1.24;ND;NA;NA;NA;
20;18;1.12;0.74;1.49;NA;2.58;1.07;ND;1.34;ND;NA;NA;NA;
20;19;1.23;0.9;1.78;NA;3.66;0.99;ND;1.25;ND;NA;NA;NA;
20;20;0.96;0.83;1.36;NA;3.04;0.73;ND;1.03;ND;NA;NA;NA;
20;21;0.82;0.72;1.03;NA;1.89;0.75;ND;0.87;ND;NA;NA;NA;
20;22;0.83;0.67;0.93;NA;1.97;0.96;ND;0.93;ND;NA;NA;NA;
20;23;0.43;0.62;0.74;NA;1.44;0.39;ND;1.06;ND;NA;NA;NA;
21;0;0.16;0.5;0.55;NA;1.19;0.41;ND;1.02;ND;NA;NA;NA;
21;1;ND;ND;0.97;NA;1.21;0.05;ND;0.78;ND;NA;NA;NA;
21;2;0.41;0.54;0.3;NA;0.87;0.18;ND;0.81;ND;NA;NA;NA;
21;3;0.23;0.51;0.27;NA;1.08;0.22;ND;0.94;ND;NA;NA;NA;
21;4;0.31;0.44;0.15;NA;1.9;0.65;ND;0.89;ND;NA;NA;NA;
21;5;0.43;0.4;0.22;NA;4.63;1.34;ND;0.89;ND;NA;NA;NA;
21;6;0.59;0.65;0.48;NA;15.06;3.54;ND;1.21;ND;NA;NA;NA;
21;7;1.48;0.83;3.26;NA;5.74;5.74;ND;1.48;ND;NA;NA;NA;
21;8;1.05;0.67;6.95;NA;3.36;4.78;ND;1.31;ND;NA;NA;NA;
21;9;1.49;0.84;6.56;NA;2.59;2.37;ND;1.38;ND;NA;NA;NA;
21;10;1.36;1.28;4.97;NA;3.43;2.32;ND;1.19;ND;NA;NA;NA;
21;11;1.42;1.09;3.82;NA;2.98;3.22;ND;1.23;ND;NA;NA;NA;
21;12;0.91;0.77;4.47;NA;3.44;2.96;ND;1.44;ND;NA;NA;NA;
21;13;0.45;0.91;4.39;NA;2.7;1.76;ND;1.36;ND;NA;NA;NA;
21;14;0.56;0.74;4.18;NA;1.96;2.15;ND;1.41;ND;NA;NA;NA;
21;15;0.49;0.47;4.18;NA;3.07;2.46;ND;1.71;ND;NA;NA;NA;
21;16;0.43;0.52;3.05;NA;2.39;5.28;ND;1.77;ND;NA;NA;NA;
21;17;0.55;0.74;5.22;NA;2.06;2.86;ND;1.41;ND;NA;NA;NA;
21;18;0.8;0.65;4.15;NA;3.06;2.16;ND;1.04;ND;NA;NA;NA;
21;19;0.63;0.79;2.88;NA;2.45;1.95;ND;6.34;ND;NA;NA;NA;
21;20;2.12;0.65;3.14;NA;2.61;2.12;ND;10.03;ND;NA;NA;NA;
21;21;2.79;1.98;2.5;NA;3.23;1.43;ND;3.64;ND;NA;NA;NA;
21;22;3.37;2.35;2.25;NA;2.28;1.9;ND;16.12;ND;NA;NA;NA;
21;23;2.92;2.61;3.04;NA;5.23;3.91;ND;7.48;ND;NA;NA;NA;
22;0;2.45;6.55;4.63;NA;63.23;3.72;ND;7.88;ND;NA;NA;NA;
22;1;1.42;10.8;ND;NA;ND;ND;ND;5.65;ND;NA;NA;NA;
22;2;0.84;7.32;2.78;NA;77.39;4.69;ND;2.9;ND;NA;NA;NA;
22;3;1.11;7.43;1.65;NA;79.73;4.24;ND;2.82;ND;NA;NA;NA;
22;4;1.4;6.76;2.63;NA;119.59;7.86;ND;2.08;ND;NA;NA;NA;
22;5;3.19;4.49;3.87;NA;82.39;7.57;ND;3.11;ND;NA;NA;NA;
22;6;5.12;5.57;4.66;NA;39.81;11.48;ND;6.41;ND;NA;NA;NA;
22;7;13.43;6.95;10.46;NA;56.19;16.53;ND;5.93;ND;NA;NA;NA;
22;8;13.57;9.06;16.32;NA;38.44;13.23;ND;9.97;ND;NA;NA;NA;
22;9;9.27;7.96;9.8;NA;11.13;6.18;ND;8.76;ND;NA;NA;NA;
22;10;7.36;5.96;9.25;NA;6.3;6.65;ND;5.45;ND;NA;NA;NA;
22;11;5.16;3.67;3.88;NA;6.32;4.86;ND;3.6;ND;NA;NA;NA;
22;12;2.7;2.59;2.78;NA;3.74;2.34;ND;2.57;ND;NA;NA;NA;
22;13;1.36;1.95;1.63;NA;3.28;2.28;ND;2.39;ND;NA;NA;NA;
22;14;0.91;1.75;2;NA;3.97;2.06;ND;2.39;ND;NA;NA;NA;
22;15;1.1;1.71;4.12;NA;3.6;2.45;ND;31.43;ND;NA;NA;NA;
22;16;1.05;1.92;4.24;NA;3.48;3.74;ND;3.44;ND;NA;NA;NA;
22;17;1.67;1.74;4.66;NA;4.11;5.2;ND;3.95;ND;NA;NA;NA;
22;18;1.33;1.77;5.9;NA;3.76;4.62;ND;2.9;ND;NA;NA;NA;
22;19;2.26;1.83;5.41;NA;6.56;4.03;ND;2.79;ND;NA;NA;NA;
22;20;1.42;1.6;4.02;NA;5.36;5.15;ND;1.56;ND;NA;NA;NA;
22;21;1.07;1.45;2.32;NA;2.4;2.03;ND;1.35;ND;NA;NA;NA;
22;22;1.07;1.49;1.36;NA;3.26;1.37;ND;1.61;ND;NA;NA;NA;
22;23;1.56;1.27;1.13;NA;3.6;1.19;ND;1.64;ND;NA;NA;NA;
23;0;1.24;1.5;1.13;NA;2.87;1.41;ND;1.49;ND;NA;NA;NA;
23;1;ND;ND;0.96;NA;3.17;1.4;ND;1.33;ND;NA;NA;NA;
23;2;1.08;1.72;1.24;NA;1.96;0.95;ND;1.51;ND;NA;NA;NA;
23;3;1.09;1.8;1.35;NA;1.66;0.89;ND;1.9;ND;NA;NA;NA;
23;4;1.56;2.39;1.51;NA;3.13;1.22;ND;1.55;ND;NA;NA;NA;
23;5;1.76;3.33;2.06;NA;3.66;1.68;ND;1.73;ND;NA;NA;NA;
23;6;2.39;2.31;15.75;NA;8.81;7.05;ND;2.44;ND;NA;NA;NA;
23;7;2.6;1.98;19.64;NA;15.34;24.03;ND;2.1;ND;NA;NA;NA;
23;8;3.21;2.94;16.18;NA;14.37;17.52;ND;2.7;ND;NA;NA;NA;
23;9;5.28;3.07;13.87;NA;15.13;12.33;ND;3.34;ND;NA;NA;NA;
23;10;4.29;2.27;12.14;NA;16.54;11.88;ND;2.55;ND;NA;NA;NA;
23;11;2.28;1.65;9.08;NA;12.36;8.77;ND;3.97;ND;NA;NA;NA;
23;12;1.15;1.16;4.85;NA;7.05;4.93;ND;2.09;ND;NA;NA;NA;
23;13;0.67;1.03;3.16;NA;4.8;2.82;ND;1.5;ND;NA;NA;NA;
23;14;0.66;0.94;3.32;NA;3.9;2.35;ND;1.44;ND;NA;NA;NA;
23;15;0.66;0.92;5.47;NA;3.12;2.31;ND;1.5;ND;NA;NA;NA;
23;16;0.69;1.24;5.44;NA;2.95;3.66;ND;2.48;ND;NA;NA;NA;
23;17;0.91;1.05;4.56;NA;2.65;3.76;ND;1.67;ND;NA;NA;NA;
23;18;1.24;1.48;4.34;NA;2.54;3.37;ND;1.8;ND;NA;NA;NA;
23;19;0.88;1.67;3.59;NA;2.91;3.81;ND;1.51;ND;NA;NA;NA;
23;20;1.62;1.38;3.15;NA;3.49;2.78;ND;1.49;ND;NA;NA;NA;
23;21;1.13;1.36;2.23;NA;5.76;1.91;ND;1.12;ND;NA;NA;NA;
23;22;0.87;1.19;1.56;NA;4.64;1.33;ND;1.13;ND;NA;NA;NA;
23;23;0.83;1.29;1.52;NA;2.57;1.46;ND;0.98;ND;NA;NA;NA;
24;0;1.21;1.13;1.25;NA;2.13;1.1;ND;0.83;ND;NA;NA;NA;
24;1;0.67;1.15;ND;NA;ND;ND;ND;0.91;ND;NA;NA;NA;
24;2;0.82;0.78;1.21;NA;1.71;1.35;ND;1;ND;NA;NA;NA;
24;3;1.16;0.86;0.83;NA;2.03;1.1;ND;0.89;ND;NA;NA;NA;
24;4;1.31;0.71;0.53;NA;3.44;0.79;ND;1.07;ND;NA;NA;NA;
24;5;1.05;0.8;0.44;NA;5.31;1.33;ND;0.91;ND;NA;NA;NA;
24;6;2.02;1.23;1.44;NA;6.99;3.74;ND;1.06;ND;NA;NA;NA;
24;7;1.76;1.51;2.41;NA;10.2;5.57;ND;1.39;ND;NA;NA;NA;
24;8;3.36;1.52;3.39;NA;8.36;6.01;ND;1.45;ND;NA;NA;NA;
24;9;2.78;1.72;4.55;NA;5.24;4.4;ND;1.42;ND;NA;NA;NA;
24;10;2.26;1.13;3.52;NA;4.64;3.43;ND;1.45;ND;NA;NA;NA;
24;11;1.13;0.92;3.52;NA;3.68;2.97;ND;1.49;ND;NA;NA;NA;
24;12;0.84;0.84;3.35;NA;3.86;3.07;ND;1.54;ND;NA;NA;NA;
24;13;0.5;0.89;3.95;NA;3;3.26;ND;1.18;ND;NA;NA;NA;
24;14;0.6;0.82;1.78;NA;2.84;3.46;ND;1.49;ND;NA;NA;NA;
24;15;0.62;0.79;2.99;NA;2.62;2;ND;1.58;ND;NA;NA;NA;
24;16;0.5;0.6;3.23;NA;1.94;1.66;ND;1.36;ND;NA;NA;NA;
24;17;0.54;0.59;3.56;NA;1.58;1.96;ND;1.43;ND;NA;NA;NA;
24;18;0.49;0.91;2.77;NA;2.17;2.13;ND;1.41;ND;NA;NA;NA;
24;19;0.57;1.17;2.89;NA;2.45;2.91;ND;1.27;ND;NA;NA;NA;
24;20;0.78;1.09;2.76;NA;2.29;2.34;ND;1.29;ND;NA;NA;NA;
24;21;0.96;0.98;2.15;NA;2.15;1.31;ND;1.13;ND;NA;NA;NA;
24;22;0.7;0.93;1.95;NA;2.44;1.18;ND;0.97;ND;NA;NA;NA;
24;23;1.9;1.11;1.97;NA;1.73;1.56;ND;1.16;ND;NA;NA;NA;
25;0;0.87;0.97;1.17;NA;2.13;0.99;ND;0.88;ND;NA;NA;NA;
25;1;ND;ND;0.46;NA;1.67;0.91;ND;1.07;ND;NA;NA;NA;
25;2;0.91;2.5;0.41;NA;1.51;0.87;ND;1.28;ND;NA;NA;NA;
25;3;1.5;4.15;0.77;NA;1.73;0.73;ND;1.21;ND;NA;NA;NA;
25;4;3.67;1.36;0.7;NA;1.79;0.54;ND;1.19;ND;NA;NA;NA;
25;5;2.83;2.01;0.7;NA;3.69;0.71;ND;1.92;ND;NA;NA;NA;
25;6;3.58;5.48;2.35;NA;10.35;3.27;ND;3.64;ND;NA;NA;NA;
25;7;6.65;11.23;4.68;NA;36.81;5.11;ND;3.55;ND;NA;NA;NA;
25;8;8.72;8.32;6.14;NA;36.86;7;ND;10.04;ND;NA;NA;NA;
25;9;7.45;7.73;4.39;NA;14.87;2.96;ND;11.44;ND;NA;NA;NA;
25;10;8.31;6.23;7.69;NA;5.85;5.7;ND;5.89;ND;NA;NA;NA;
25;11;6.24;4.86;9.59;NA;8.54;9.24;ND;2.93;ND;NA;NA;NA;
25;12;2.34;2.39;6.76;NA;6.23;5.4;ND;1.49;ND;NA;NA;NA;
25;13;1.04;1.67;3.94;NA;4.4;3.52;ND;1.43;ND;NA;NA;NA;
25;14;0.69;1.2;1.97;NA;3.95;2.87;ND;1.23;ND;NA;NA;NA;
25;15;0.84;1.06;0.91;NA;3.44;2.52;ND;1.42;ND;NA;NA;NA;
25;16;0.77;0.96;1.79;NA;2.53;2.53;ND;1.54;ND;NA;NA;NA;
25;17;0.78;0.87;3.04;NA;2.41;1.8;ND;1.4;ND;NA;NA;NA;
25;18;0.7;1.23;9.65;NA;2.69;3.11;ND;1.45;ND;NA;NA;NA;
25;19;1.9;1.34;4.39;NA;3.08;2.89;ND;1.97;ND;NA;NA;NA;
25;20;2.83;1.93;4.85;NA;3.51;3.27;ND;1.74;ND;NA;NA;NA;
25;21;3.2;3.89;4.85;NA;6.44;3.47;ND;2.13;ND;NA;NA;NA;
25;22;2.12;5.56;6.11;NA;8.41;4.65;ND;2.64;ND;NA;NA;NA;
25;23;2.54;2.8;5.29;NA;9.34;3.44;ND;2.36;ND;NA;NA;NA;
26;0;2.94;3.14;6.59;NA;24.73;4.67;ND;1.89;ND;NA;NA;NA;
26;1;2.08;4.02;ND;NA;ND;ND;ND;1.59;ND;NA;NA;NA;
26;2;2.23;3.48;5.61;NA;57.1;4.3;ND;1.82;ND;NA;NA;NA;
26;3;2.79;4.17;6.05;NA;59.51;2.38;ND;1.8;ND;NA;NA;NA;
26;4;2.85;8.72;5.16;NA;72.37;9.18;ND;2.06;ND;NA;NA;NA;
26;5;4.46;8.16;3.94;NA;163.75;10.37;ND;2.36;ND;NA;NA;NA;
26;6;6.8;11.02;4.84;NA;159.9;11.43;ND;3.3;ND;NA;NA;NA;
26;7;10.07;22.44;7.17;NA;146.42;20.82;ND;6.61;ND;NA;NA;NA;
26;8;13.02;15.98;11.59;NA;45.78;22.06;ND;19.18;ND;NA;NA;NA;
26;9;9.5;12.19;12.38;NA;12.77;9.25;ND;13.05;ND;NA;NA;NA;
26;10;4.71;6.96;7.21;NA;6.44;6.32;ND;6.58;ND;NA;NA;NA;
26;11;2.08;3.72;4.63;NA;7.95;5.63;ND;3.96;ND;NA;NA;NA;
26;12;1.92;2.39;3.32;NA;5;3.74;ND;2.72;ND;NA;NA;NA;
26;13;1.47;2.49;2.85;NA;4.48;2.74;ND;2.2;ND;NA;NA;NA;
26;14;0.85;2.1;1.27;NA;4.22;1.39;ND;2.2;ND;NA;NA;NA;
26;15;0.91;1.59;2.23;NA;3.67;1.58;ND;2.14;ND;NA;NA;NA;
26;16;0.83;1.73;2.47;NA;3.43;1.52;ND;1.76;ND;NA;NA;NA;
26;17;0.8;1.58;3.95;NA;3.82;1.77;ND;1.81;ND;NA;NA;NA;
26;18;0.84;1.54;3.12;NA;4.09;2.74;ND;1.73;ND;NA;NA;NA;
26;19;0.99;1.92;2.83;NA;4.42;3.34;ND;1.63;ND;NA;NA;NA;
26;20;1.58;2.22;2.61;NA;4.8;2.85;ND;1.7;ND;NA;NA;NA;
26;21;2.09;2.68;3.07;NA;3.55;3.28;ND;1.64;ND;NA;NA;NA;
26;22;1.64;2.88;2.46;NA;ND;5.37;ND;2.14;ND;NA;NA;NA;
26;23;2.66;2.77;3.61;NA;ND;7.5;ND;1.83;ND;NA;NA;NA;
27;0;2.73;3.39;3.81;NA;23.87;2.52;ND;1.76;ND;NA;NA;NA;
27;1;ND;ND;2.43;NA;7.4;3.09;ND;1.65;ND;NA;NA;NA;
27;2;1.64;ND;3.31;NA;26.03;3.61;ND;1.71;ND;NA;NA;NA;
27;3;ND;ND;3.42;NA;15.42;3.94;ND;2.05;ND;NA;NA;NA;
27;4;1.73;ND;2.21;NA;35.93;3.02;ND;7.23;ND;NA;NA;NA;
27;5;ND;2.73;3.19;NA;106.93;9.05;ND;8.05;ND;NA;NA;NA;
27;6;ND;ND;3.22;NA;31.8;11.33;ND;3.49;ND;NA;NA;NA;
27;7;ND;3.9;10.57;NA;65.23;32.49;ND;23.54;ND;NA;NA;NA;
27;8;ND;ND;9.69;NA;23.33;16.28;ND;28.71;ND;NA;NA;NA;
27;9;ND;3.62;6.17;NA;5.82;6.09;ND;7.58;ND;NA;NA;NA;
27;10;1.61;2.19;4.34;NA;6.11;4.35;ND;4.34;ND;NA;NA;NA;
27;11;1.44;2.48;2.75;NA;3.79;2.99;ND;2.81;ND;NA;NA;NA;
27;12;1.27;2.07;3.02;NA;3.61;2.56;ND;2.3;ND;NA;NA;NA;
27;13;0.95;1.32;1.78;NA;3.58;2.41;ND;2.18;ND;NA;NA;NA;
27;14;0.68;1.33;1.41;NA;2.91;1.56;ND;2.19;ND;NA;NA;NA;
27;15;0.61;1.04;1.6;NA;2.51;1.42;ND;1.79;ND;NA;NA;NA;
27;16;0.63;1.13;2.6;NA;2.49;1.49;ND;1.68;ND;NA;NA;NA;
27;17;0.95;1.19;2.56;NA;2.87;2.09;ND;1.26;ND;NA;NA;NA;
27;18;1.2;1.32;2.08;NA;3.2;1.51;ND;1.86;ND;NA;NA;NA;
27;19;0.86;1.31;1.75;NA;3.06;1.83;ND;1.51;ND;NA;NA;NA;
27;20;0.56;1.19;1.32;NA;2.66;1.47;ND;1.29;ND;NA;NA;NA;
27;21;0.64;1.32;1.33;NA;1.74;1.39;ND;1.22;ND;NA;NA;NA;
27;22;0.65;1.02;1.09;NA;2.5;1.33;ND;3.02;ND;NA;NA;NA;
27;23;0.6;1.68;1.49;NA;4;2.33;ND;6.12;ND;NA;NA;NA;
28;0;0.4;1.92;1.13;NA;2.56;1.46;ND;3.77;ND;NA;NA;NA;
28;1;ND;ND;ND;NA;ND;ND;ND;1.76;ND;NA;NA;NA;
28;2;0.7;1.58;1.61;NA;1.84;1.32;ND;1.67;ND;NA;NA;NA;
28;3;0.56;2.11;1.18;NA;15.59;1.98;ND;1.24;ND;NA;NA;NA;
28;4;1.13;2.64;1.2;NA;9.26;3.52;ND;1.41;ND;NA;NA;NA;
28;5;2.21;2.28;2.96;NA;12.16;4.3;ND;2.06;ND;NA;NA;NA;
28;6;5.42;2.15;3.75;NA;54.59;10.34;ND;3.99;ND;NA;NA;NA;
28;7;7.29;10.98;15.31;NA;69.96;23.26;ND;7.74;ND;NA;NA;NA;
28;8;10.32;10.64;14.46;NA;19.12;9.28;ND;12.77;ND;NA;NA;NA;
28;9;8.38;8.31;13.54;NA;5.33;10.27;ND;7.4;ND;NA;NA;NA;
28;10;3.89;4.64;15.63;NA;11.02;14.67;ND;3.42;ND;NA;NA;NA;
28;11;1.64;ND;6.2;NA;10.01;8.49;ND;3.24;ND;NA;NA;NA;
28;12;0.93;ND;3.33;NA;4.9;4.27;ND;2.16;ND;NA;NA;NA;
28;13;0.67;ND;3.25;NA;3.84;4;ND;1.95;ND;NA;NA;NA;
28;14;1.05;1.74;2.93;NA;3.15;2.75;ND;1.76;ND;NA;NA;NA;
28;15;0.95;2.1;3.43;NA;3.21;2.17;ND;1.82;ND;NA;NA;NA;
28;16;0.87;ND;4.75;NA;2.26;1.66;ND;1.43;ND;NA;NA;NA;
28;17;0.91;2.76;5.61;NA;2.41;1.87;ND;2.15;ND;NA;NA;NA;
28;18;1.62;2.88;3.35;NA;2.52;1.82;ND;1.71;ND;NA;NA;NA;
28;19;0.78;ND;2.62;NA;2.88;2.13;ND;1.6;ND;NA;NA;NA;
28;20;0.66;3.16;2.15;NA;2.98;1.73;ND;1.25;ND;NA;NA;NA;
28;21;0.4;3.19;2.82;NA;2.1;2.03;ND;1.15;ND;NA;NA;NA;
28;22;0.82;3.13;1.8;NA;1.96;1.21;ND;1.02;ND;NA;NA;NA;
28;23;1.26;2.8;1.33;NA;1.36;0.94;ND;1.02;ND;NA;NA;NA;
