DIA;HORA;Cotocollao;Carapungo;Belisario;Jipijapa;El Camal;Centro;Guamaní;Tumbaco;Los Chillos;El Condado;Turubamba;Chillogallo;
1;0;1.25;14.59;0.65;NA;15.12;1.72;0.13;ND;0;NA;NA;NA;
1;1;5.08;21.7;0.66;NA;12.21;2.91;ND;0.92;0;NA;NA;NA;
1;2;ND;23.93;3.73;NA;14.88;5.42;14.28;0.36;0;NA;NA;NA;
1;3;2.83;19.1;3.22;NA;14.63;5.34;11.75;0.42;0;NA;NA;NA;
1;4;0.84;12.3;1.45;NA;11.8;4.92;3.52;0.43;0;NA;NA;NA;
1;5;0.98;1.52;0.51;NA;7.36;3.11;8.03;0.52;0;NA;NA;NA;
1;6;1.71;4.78;1.35;NA;5.51;5.62;4.3;1.31;0.31;NA;NA;NA;
1;7;3.88;3.22;7.33;NA;6.89;5.42;7.82;2.26;1.19;NA;NA;NA;
1;8;7.04;6.96;8.03;NA;27.76;13.8;19.03;3.38;4.6;NA;NA;NA;
1;9;13.17;23.49;18.12;NA;40.29;34.55;47.16;14.37;21.52;NA;NA;NA;
1;10;29.58;56.66;47.66;NA;54.64;52.07;56.75;44.59;14.3;NA;NA;NA;
1;11;35.71;60.18;60.65;NA;59.93;60.76;67.87;59.81;16.54;NA;NA;NA;
1;12;36.73;68.29;81.03;NA;68.23;71.82;66.18;80.03;44.97;NA;NA;NA;
1;13;32.35;64.59;67.07;NA;76.56;75.59;69.92;85.47;65.34;NA;NA;NA;
1;14;ND;63.66;61.72;NA;67.52;68.92;66.89;71.44;63.19;NA;NA;NA;
1;15;25.66;59.17;62.57;NA;52.9;60.93;50.73;66.91;39.75;NA;NA;NA;
1;16;22.15;42.93;51.84;NA;43.49;40.58;45.11;50.49;34.59;NA;NA;NA;
1;17;24;50.85;23.46;NA;53.91;34.58;35.5;43.25;31.28;NA;NA;NA;
1;18;19.63;35.82;12.05;NA;39;24.12;29.2;26.47;27.59;NA;NA;NA;
1;19;2.21;6.54;2.53;NA;27.8;7.39;15.62;13.07;0.32;NA;NA;NA;
1;20;4.78;22.07;0.96;NA;8.99;2.7;8.89;1.34;0;NA;NA;NA;
1;21;11.34;30.08;5.54;NA;13.01;2.42;1.22;0.4;0;NA;NA;NA;
1;22;2.88;11.15;4.49;NA;3.04;1.87;8.76;1.35;0.02;NA;NA;NA;
1;23;1.7;5.19;0.86;NA;1.59;1.94;1.06;0.19;0;NA;NA;NA;
2;0;3.15;2.19;0.65;NA;1.04;1.78;2.7;0.11;0;NA;NA;NA;
2;1;3.93;13.3;0.57;NA;10.78;1.01;1.74;0.31;ND;NA;NA;NA;
2;2;ND;ND;0.4;NA;ND;ND;0.13;0.4;0;NA;NA;NA;
2;3;1.49;5.87;5.44;NA;14.83;7.76;0.57;0.16;0.02;NA;NA;NA;
2;4;0.97;1.34;0.51;NA;23.25;2.12;0.26;0.18;0;NA;NA;NA;
2;5;0.97;0.35;0.17;NA;17.83;0.88;0.43;0.27;0;NA;NA;NA;
2;6;1.6;2.59;1.64;NA;10.43;2.18;0.89;0.78;0.18;NA;NA;NA;
2;7;2.56;3.42;9.08;NA;5.74;5.97;9.58;1.78;1.42;NA;NA;NA;
2;8;13.86;21.99;22.22;NA;38.87;13.96;35.25;6.08;8.13;NA;NA;NA;
2;9;20.53;33.59;34.77;NA;45.16;33.27;44.87;14.22;18.03;NA;NA;NA;
2;10;25.78;43.85;43.68;NA;56.23;43.03;56.35;31.87;24.09;NA;NA;NA;
2;11;27.58;53.77;43.06;NA;47.65;36.01;53;55.31;16.65;NA;NA;NA;
2;12;35.22;58.87;64.03;NA;69.97;62.54;65.19;88.73;34.7;NA;NA;NA;
2;13;25.84;45.44;55.13;NA;68.07;67.57;67.88;66.36;48.07;NA;NA;NA;
2;14;24.73;47.29;51.04;NA;60.71;61.85;67.56;47.56;48.69;NA;NA;NA;
2;15;24.2;47.4;50.76;NA;62.26;60.03;46.36;59.22;47.98;NA;NA;NA;
2;16;20.44;42.86;41.65;NA;31.83;41.61;38.91;52.26;32.51;NA;NA;NA;
2;17;18.29;39.95;26.66;NA;28.55;28.23;33.81;45.68;27.27;NA;NA;NA;
2;18;12.35;31.45;14.24;NA;20.72;9.74;31.48;34.9;22.39;NA;NA;NA;
2;19;8.44;25.73;7.66;NA;17.29;11.13;22.1;31.92;10.79;NA;NA;NA;
2;20;5.47;19.62;3.02;NA;8.13;5.56;17.76;29.78;5.76;NA;NA;NA;
2;21;7.64;22.13;11.88;NA;11.57;7.04;11.1;30.1;0.76;NA;NA;NA;
2;22;7.36;22;14.24;NA;13.36;7.89;9.13;27.66;0;NA;NA;NA;
2;23;3.65;20.06;5.16;NA;11.26;1.94;10.92;28.47;0;NA;NA;NA;
3;0;10.59;23.16;16.89;NA;31.8;21.31;17.82;ND;0;NA;NA;NA;
3;1;12.63;27.29;19.76;NA;30.02;21.61;ND;24.97;0;NA;NA;NA;
3;2;11.12;29.1;ND;NA;29.17;15.94;24.22;26.07;4.19;NA;NA;NA;
3;3;7.18;18.94;7.42;NA;22.87;10.57;24.49;24.48;11.18;NA;NA;NA;
3;4;5.25;15.85;6.88;NA;13.82;8.63;21.25;13.74;14.61;NA;NA;NA;
3;5;5.67;11.83;4.42;NA;5.3;2.97;12.54;4.38;7.93;NA;NA;NA;
3;6;2.11;4.59;2.44;NA;3.11;3.92;8.33;1.76;4.21;NA;NA;NA;
3;7;6.22;8.99;10.91;NA;17.05;13.95;14.9;5.78;5.41;NA;NA;NA;
3;8;13.98;30.58;27.44;NA;48.89;28.1;32.01;21.04;18.04;NA;NA;NA;
3;9;20.93;41.14;34.13;NA;52.92;49.17;39.5;36.42;31.85;NA;NA;NA;
3;10;32.31;50.33;49.33;NA;59.84;53.6;49.13;49.03;26.36;NA;NA;NA;
3;11;32.64;50.88;53.96;NA;65.97;45.01;42.5;63.93;41.47;NA;NA;NA;
3;12;29.39;54.14;68.55;NA;76.14;75.17;51.84;71.6;56.04;NA;NA;NA;
3;13;23.16;45.64;49.29;NA;38.69;59.05;55.95;64.15;55.6;NA;NA;NA;
3;14;20.04;35.12;43.37;NA;45.18;42.9;44.33;47.47;49.02;NA;NA;NA;
3;15;19.08;35.65;31.55;NA;37.95;27.65;33.61;34.78;23.82;NA;NA;NA;
3;16;14.14;35.64;19.63;NA;28.12;19.32;22.59;21.78;13.91;NA;NA;NA;
3;17;10.06;30.62;14.45;NA;32.69;14.64;31.08;2.81;19.95;NA;NA;NA;
3;18;4.73;20.25;6.19;NA;15.66;15.54;26.54;1.09;10.22;NA;NA;NA;
3;19;5.6;24.47;9.43;NA;21.73;7.92;9.61;3.56;7.21;NA;NA;NA;
3;20;5.44;23.48;3.69;NA;19.87;4.66;4.43;24.47;0;NA;NA;NA;
3;21;6.45;13.52;8.07;NA;27.56;11.36;2.86;12.34;0;NA;NA;NA;
3;22;6.49;9.1;18.78;NA;21.23;ND;ND;ND;0;NA;NA;NA;
3;23;6.47;24.29;9.6;NA;16.82;ND;ND;ND;0;NA;NA;NA;
4;0;14.11;26.21;1.83;NA;14.62;11.44;5.38;29.1;0;NA;NA;NA;
4;1;11.45;27.43;2.58;NA;15.74;4.2;14.85;31.65;ND;NA;NA;NA;
4;2;ND;ND;4.92;NA;ND;ND;23.17;34.02;0;NA;NA;NA;
4;3;17.39;36.92;29.36;NA;32.27;2.84;11.9;30.17;0;NA;NA;NA;
4;4;10.12;33.92;26.5;NA;38.71;18.06;17.3;32.27;6.3;NA;NA;NA;
4;5;4.98;27.82;20.07;NA;15.68;18.7;14.85;27.79;0.68;NA;NA;NA;
4;6;5.96;14.9;11.1;NA;10.83;13.73;8.48;22.13;11.77;NA;NA;NA;
4;7;3.41;8.31;4.45;NA;16.88;12.48;14.46;16.27;8.56;NA;NA;NA;
4;8;6.15;28.88;17.38;NA;32.28;22.17;25.81;20.48;13.86;NA;NA;NA;
4;9;ND;36.9;18.94;NA;30.01;25.41;33.47;24.77;32.08;NA;NA;NA;
4;10;ND;52.98;31.72;NA;48.92;31.67;47.89;45.99;46.05;NA;NA;NA;
4;11;31.16;58.49;28.97;NA;55.59;40.73;63.91;60.71;44.27;NA;NA;NA;
4;12;ND;58.56;51.14;NA;66.79;54.34;66.59;74.62;47.52;NA;NA;NA;
4;13;16.78;47.86;ND;NA;41.02;69.34;57.41;74.6;66.45;NA;NA;NA;
4;14;16.11;43.21;ND;NA;30.16;42.19;64.69;65.41;51.95;NA;NA;NA;
4;15;14.67;45.88;35.06;NA;28.92;35.94;49.93;61.22;48.63;NA;NA;NA;
4;16;12.67;34.84;29.23;NA;27.9;21.81;40.28;45.06;26.58;NA;NA;NA;
4;17;17.07;31.53;13.08;NA;35.92;27.97;15.09;34.8;38.52;NA;NA;NA;
4;18;10.33;14.22;4.43;NA;18.93;9.8;16.54;9.75;7.67;NA;NA;NA;
4;19;3.2;12.03;3.63;NA;10.21;13.26;15.39;1.78;16.41;NA;NA;NA;
4;20;5.79;2.08;1.2;NA;10.93;2;6.31;1.3;1.27;NA;NA;NA;
4;21;4.7;9.07;1.76;NA;6.66;2.35;2.29;0.45;0.29;NA;NA;NA;
4;22;4.7;17.42;1.24;NA;2.64;2.63;6.85;0.15;0.01;NA;NA;NA;
4;23;7.49;11.62;0.34;NA;4.17;1.18;0.21;0.31;0;NA;NA;NA;
5;0;8.01;10.79;2.77;NA;16.72;0.36;0.2;ND;0;NA;NA;NA;
5;1;12.2;34.54;13.93;NA;32.72;3.54;ND;0.1;0;NA;NA;NA;
5;2;19.08;40.57;ND;NA;10.33;13.5;10.26;19.97;0;NA;NA;NA;
5;3;16.79;38.08;37.42;NA;44.92;31.86;21.69;39;0.21;NA;NA;NA;
5;4;8.11;30.69;37.77;NA;31.56;26.74;26.72;30.98;17.73;NA;NA;NA;
5;5;5.28;14.91;36.11;NA;27.74;21.75;16.14;16.02;8.68;NA;NA;NA;
5;6;6.13;3.64;10.24;NA;8.01;9.18;15.72;2.23;1.58;NA;NA;NA;
5;7;5.04;8.72;5.22;NA;12.57;13.32;26.2;5.46;8.09;NA;NA;NA;
5;8;9.08;14.58;22.73;NA;24.76;27.45;44.11;15.03;14.28;NA;NA;NA;
5;9;14.18;24.12;29.15;NA;49.49;39.85;50.22;34.61;35.34;NA;NA;NA;
5;10;12.81;29.93;32.89;NA;68.12;51.68;63.94;43.1;25.51;NA;NA;NA;
5;11;23.71;48.17;47.39;NA;72.26;49.22;66.64;60.96;32.72;NA;NA;NA;
5;12;30.75;46.68;54.3;NA;66.46;59.79;62.05;55.63;ND;NA;NA;NA;
5;13;25.4;50.93;63.97;NA;81.91;70.91;79.37;55.02;ND;NA;NA;NA;
5;14;18.28;40.62;45.88;NA;48.6;62.88;56.9;66.66;55.96;NA;NA;NA;
5;15;12.84;34.13;24.14;NA;ND;27.26;43.13;51.62;ND;NA;NA;NA;
5;16;13.83;32.87;16.03;NA;ND;23.86;40.47;46.73;ND;NA;NA;NA;
5;17;10.93;26.62;7.9;NA;30.41;9.35;20.14;37.8;2.48;NA;NA;NA;
5;18;8.19;25.32;7;NA;16.75;10.17;13;31.73;0.09;NA;NA;NA;
5;19;3.71;17.88;0.7;NA;17.7;8.69;6.1;29.59;3.81;NA;NA;NA;
5;20;3.88;16.93;2.19;NA;13.49;1.56;1.58;27.19;3.72;NA;NA;NA;
5;21;3.34;17.62;1.11;NA;11.6;1.96;4.79;32.03;14.93;NA;NA;NA;
5;22;3.83;10.56;3.13;NA;15.24;1.42;14.78;31.63;6.58;NA;NA;NA;
5;23;3.17;20.89;10.03;NA;14.96;1.15;19.19;30.42;8.29;NA;NA;NA;
6;0;5.54;20.41;11.77;NA;15.63;4.35;14.8;28.38;16.83;NA;NA;NA;
6;1;16.61;24.22;20.41;NA;32;19.85;22.46;26.73;19.05;NA;NA;NA;
6;2;ND;ND;24.4;NA;34.53;ND;25.51;33.82;20.94;NA;NA;NA;
6;3;20.59;43.87;27.55;NA;37.72;30.71;35.88;30.93;7.01;NA;NA;NA;
6;4;9.99;34.87;29.51;NA;37.88;30.18;27.2;37.27;6.68;NA;NA;NA;
6;5;4.55;24.95;23.35;NA;22.64;28.47;11.92;33.64;21.63;NA;NA;NA;
6;6;2.66;1.35;13.42;NA;7.94;9.67;9.64;22.83;10.31;NA;NA;NA;
6;7;5.09;4.62;3.37;NA;11.4;4.11;16.6;9.93;3.21;NA;NA;NA;
6;8;6.72;16.1;3.11;NA;35.69;7.51;25.92;12.41;7.42;NA;NA;NA;
6;9;7.31;25.41;10.11;NA;34.97;21.22;27.78;13.37;25.88;NA;NA;NA;
6;10;9.31;29.7;20.75;NA;45.63;30.88;37.5;19.23;32.54;NA;NA;NA;
6;11;12.97;40.38;39.49;NA;48.22;48.36;44.72;29.74;40.4;NA;NA;NA;
6;12;14.89;34.09;29.33;NA;40.79;34.66;51.77;43.02;36.01;NA;NA;NA;
6;13;15.56;38.36;31.88;NA;32.87;32.9;44.49;44.71;32.44;NA;NA;NA;
6;14;10.93;40.15;26.33;NA;35.71;28.33;39.98;46.33;20.68;NA;NA;NA;
6;15;12.77;41.06;26.92;NA;35.61;27.15;46.8;52.31;27.51;NA;NA;NA;
6;16;14.49;47.66;22.85;NA;38.17;24.54;39.7;55.2;30.14;NA;NA;NA;
6;17;15.24;44.81;6.88;NA;16.2;8.52;31.63;44.78;23.58;NA;NA;NA;
6;18;5.77;9.92;1.45;NA;12.41;2.9;26.27;13.11;4;NA;NA;NA;
6;19;3.86;7.98;1.34;NA;13.5;3.99;19.03;2.9;0.09;NA;NA;NA;
6;20;4.59;3.21;1.11;NA;9.5;2.56;6.11;1.13;0;NA;NA;NA;
6;21;4.45;2.28;1.73;NA;4.27;2.91;1.37;0.45;0;NA;NA;NA;
6;22;4.3;2.01;0.44;NA;7.64;2.51;0.84;0.36;0;NA;NA;NA;
6;23;4.1;1.22;0.58;NA;17.14;2.69;0.78;0.28;0;NA;NA;NA;
7;0;3.83;1.07;0.66;NA;3.37;1.15;0.21;ND;0;NA;NA;NA;
7;1;2.86;1.05;0.59;NA;7.71;0.98;ND;0.2;ND;NA;NA;NA;
7;2;2.8;1.55;ND;NA;ND;1.47;0.43;0.05;0;NA;NA;NA;
7;3;2.85;2.31;0.66;NA;13.43;2.23;3.07;0.17;0;NA;NA;NA;
7;4;2.69;1.14;0.6;NA;17.7;2.15;9.2;0.13;0;NA;NA;NA;
7;5;3.54;0.57;0.69;NA;10.28;2.04;1.27;0.14;0;NA;NA;NA;
7;6;5.1;2.39;1.1;NA;6.92;3.12;1.22;0.85;0;NA;NA;NA;
7;7;5.74;3.18;2.89;NA;27.05;3.77;4.74;2.07;0.81;NA;NA;NA;
7;8;8.22;10.82;7.8;NA;24.09;7.77;19.23;15.14;4.44;NA;NA;NA;
7;9;14.86;28.96;10.83;NA;35.13;22.16;28.14;36.97;15.84;NA;NA;NA;
7;10;23.59;32.4;21.99;NA;40.16;36.43;41.66;59.06;34.65;NA;NA;NA;
7;11;27.9;43.68;36.46;NA;67.96;61.99;51.46;63.29;50.59;NA;NA;NA;
7;12;16.2;36.59;27.73;NA;34.39;48.58;32.21;57.76;47.77;NA;NA;NA;
7;13;11.43;37.61;20.01;NA;31.6;21.25;28.93;44.69;23.07;NA;NA;NA;
7;14;8.92;37.08;14.99;NA;38.98;20.02;28.62;36.25;31.04;NA;NA;NA;
7;15;13.04;36.92;8.35;NA;39.41;17.44;24.09;29.65;16.91;NA;NA;NA;
7;16;7.26;27.17;6.87;NA;31.45;22.25;33.86;16.97;18.94;NA;NA;NA;
7;17;5.27;16.99;5.18;NA;17.47;14.01;30.97;8.11;10.84;NA;NA;NA;
7;18;3.72;12.75;1.57;NA;4.44;5.08;17.78;2.05;3.41;NA;NA;NA;
7;19;3.27;9.02;0.94;NA;13.29;1.97;7.07;0.83;1.87;NA;NA;NA;
7;20;2.85;5.09;0.41;NA;4.45;2.56;4.09;0.68;0.06;NA;NA;NA;
7;21;3.06;3.98;1.05;NA;3.5;2.42;2.12;0.66;0;NA;NA;NA;
7;22;3.41;2.86;1.56;NA;2.58;2.2;0.2;0.3;0;NA;NA;NA;
7;23;4.81;1.11;0.87;NA;11.37;1.92;1.61;0.75;0;NA;NA;NA;
8;0;4.81;1.29;0.28;NA;24.14;1.21;7.09;0.24;0;NA;NA;NA;
8;1;3.27;0.77;0.33;NA;16.3;1.7;4.65;0.14;0;NA;NA;NA;
8;2;ND;ND;0.48;NA;70.9;ND;16.56;0.37;0;NA;NA;NA;
8;3;2.8;0.87;0.36;NA;30.42;1.97;4.62;0.17;0;NA;NA;NA;
8;4;3.04;0.9;0.41;NA;9;2.04;1.91;0.21;0;NA;NA;NA;
8;5;3.05;1.58;0.42;NA;57.25;1.72;0.26;0.34;0;NA;NA;NA;
8;6;4.53;2.03;0.82;NA;66.89;2.22;1.51;0.8;0;NA;NA;NA;
8;7;5.4;3.86;2.7;NA;36.98;3.87;5.94;2;0.36;NA;NA;NA;
8;8;7.76;12.86;8.13;NA;11.85;9.87;19.22;4.66;5.46;NA;NA;NA;
8;9;11.76;31.53;17.3;NA;31.57;28.02;38.4;11.79;20.68;NA;NA;NA;
8;10;22.74;47.61;33.65;NA;37.43;36.83;56.65;56.96;12.23;NA;NA;NA;
8;11;29.26;45;48.77;NA;54.82;ND;55.71;71.14;39.7;NA;NA;NA;
8;12;29.57;50.42;52.1;NA;66.22;ND;46.35;70.06;47.97;NA;NA;NA;
8;13;19.12;40.12;41.68;NA;45.22;51.27;43.73;58.52;32.43;NA;NA;NA;
8;14;17.69;46.04;34.22;NA;37.87;35.06;35.83;47.55;30.79;NA;NA;NA;
8;15;13.95;35.36;21.48;NA;43.01;43.41;39.41;41.98;29.34;NA;NA;NA;
8;16;6.39;27.99;9.55;NA;29.54;24.45;31.49;37.14;12.28;NA;NA;NA;
8;17;6.06;25.58;5.48;NA;24.29;13.95;20.98;29.91;23.89;NA;NA;NA;
8;18;3.2;17.12;1.16;NA;17.07;2.73;17.02;18.37;1.82;NA;NA;NA;
8;19;3.1;11.29;1.59;NA;8.71;0.53;23.73;22.65;14.34;NA;NA;NA;
8;20;2.86;14.52;2.78;NA;9.34;3.51;20.18;21.39;8.56;NA;NA;NA;
8;21;2.75;9.44;0.82;NA;11.5;1.52;12.41;23.51;6.68;NA;NA;NA;
8;22;2.7;14.3;2.87;NA;11.14;1.83;16;19.58;14.94;NA;NA;NA;
8;23;2.67;14.31;5.33;NA;12.33;3.96;13.97;14.55;8.15;NA;NA;NA;
9;0;3.2;20.38;8.63;NA;14.55;3.29;9.22;ND;12.71;NA;NA;NA;
9;1;3.55;20.84;14.35;NA;15.79;3.51;ND;23.54;ND;NA;NA;NA;
9;2;4.61;21;ND;NA;ND;1.66;3.74;24.75;11.94;NA;NA;NA;
9;3;5.3;19.14;12.95;NA;19.31;1.31;1.75;24.67;7.49;NA;NA;NA;
9;4;4.5;22.16;15.99;NA;15.79;8.02;2.39;26.02;12.54;NA;NA;NA;
9;5;4.63;18.56;7.53;NA;19.34;9.56;0.66;23.81;13.38;NA;NA;NA;
9;6;1.86;13.83;5.4;NA;20.1;3.65;0.59;25.17;12.91;NA;NA;NA;
9;7;2.27;10.18;4.08;NA;21.49;3.95;2.77;22.21;15.92;NA;NA;NA;
9;8;2.89;13.93;5.34;NA;48.42;5.18;7.52;28.14;15.52;NA;NA;NA;
9;9;6.89;23.69;17.62;NA;16.36;10.69;24.71;30.82;4.9;NA;NA;NA;
9;10;9.57;30.38;15.43;NA;35.68;18.23;26.59;34.71;12.41;NA;NA;NA;
9;11;13.18;35.93;23.33;NA;35.29;32.36;31.25;43.22;23.92;NA;NA;NA;
9;12;12.03;36.9;21.71;NA;22.51;31.2;30.96;43.45;24.44;NA;NA;NA;
9;13;10.36;34.11;16.9;NA;25.53;18.83;31.93;34.19;25.2;NA;NA;NA;
9;14;5.89;24.41;5.57;NA;23.42;8.62;20.01;29.78;22.36;NA;NA;NA;
9;15;6.48;23.44;11;NA;21.71;10.31;20.84;43.23;31.03;NA;NA;NA;
9;16;10.88;29.05;13.51;NA;24.18;17.23;18.06;40.32;32.31;NA;NA;NA;
9;17;7.66;25.68;5.71;NA;16.95;11.81;20.49;33.15;29.72;NA;NA;NA;
9;18;4.8;18.16;1.3;NA;18.49;4.93;15.21;18.13;21.48;NA;NA;NA;
9;19;3.09;12.59;2.72;NA;13.33;3.13;10.57;4.77;0.08;NA;NA;NA;
9;20;3.35;9.27;3.35;NA;2.57;1.9;9.01;1.37;1.53;NA;NA;NA;
9;21;2.1;2.06;1.11;NA;8.89;1.28;9.55;3.82;0.26;NA;NA;NA;
9;22;2.14;2.87;0.94;NA;12.35;0.82;11.03;1.54;1;NA;NA;NA;
9;23;2.46;1.58;0.75;NA;5.99;0.92;1.83;0.2;0;NA;NA;NA;
10;0;2.32;1.22;0.1;NA;19.26;0.37;1.32;0.31;0;NA;NA;NA;
10;1;1.88;1.25;0.25;NA;10.63;0.69;2.52;0.83;0;NA;NA;NA;
10;2;ND;ND;0.49;NA;11.2;ND;12.26;1.85;0;NA;NA;NA;
10;3;3.68;3.42;0.47;NA;9.42;0.23;12.21;0.81;0;NA;NA;NA;
10;4;3.58;1.76;1.44;NA;3.44;0.11;7.55;0.29;0;NA;NA;NA;
10;5;4.09;1.11;5.23;NA;9.86;0.27;9.29;1.31;0;NA;NA;NA;
10;6;2.34;1.66;5.09;NA;10;0.74;2.86;0.73;0.06;NA;NA;NA;
10;7;3.85;4.72;9.28;NA;11.98;5.79;15.72;4.02;3.38;NA;NA;NA;
10;8;8.29;18.41;11.76;NA;25.87;20.8;21.45;18.37;17.83;NA;NA;NA;
10;9;12.83;26.61;19.23;NA;33.63;28.92;25;33.79;16.9;NA;NA;NA;
10;10;22.37;43.71;27.75;NA;31.12;25.86;28.03;44.99;15.79;NA;NA;NA;
10;11;25.72;53.85;33.39;NA;47.8;34.23;33.4;58.32;30.76;NA;NA;NA;
10;12;18.88;44.6;34.31;NA;33.94;36.51;23.77;76.71;35.27;NA;NA;NA;
10;13;16.12;34.66;18.77;NA;22.63;12.78;16.01;39.04;17.02;NA;NA;NA;
10;14;12.17;31.78;15.26;NA;13.93;12.6;12.78;34.63;11.04;NA;NA;NA;
10;15;10.35;30.35;11.59;NA;31.18;10.98;9.18;38.15;23.63;NA;NA;NA;
10;16;7.86;26.68;22.28;NA;29.01;21;13.84;34.5;34.8;NA;NA;NA;
10;17;8.66;23.61;15.88;NA;16.99;21.66;14.8;29.07;24.19;NA;NA;NA;
10;18;7.54;23.04;7.99;NA;13.71;13.18;5.49;25.16;21.49;NA;NA;NA;
10;19;5.05;19.68;2.39;NA;16.45;11.48;3.05;22.94;17.61;NA;NA;NA;
10;20;5.5;18.83;0.95;NA;14.4;1.88;2.33;23.97;11.11;NA;NA;NA;
10;21;12.07;19.47;6.66;NA;23.71;4.13;4.83;23.2;17.89;NA;NA;NA;
10;22;6.39;20.74;14.9;NA;26.97;4.59;4.79;21.11;0;NA;NA;NA;
10;23;3.76;20.12;19.17;NA;29.65;4.98;15.42;16.58;4.56;NA;NA;NA;
11;0;13.78;24.15;26.23;NA;29.13;14.79;23.12;ND;15.2;NA;NA;NA;
11;1;14.52;26.95;20.73;NA;31.01;18.86;ND;25.33;ND;NA;NA;NA;
11;2;10.63;25.2;ND;NA;ND;23.82;20.95;22.9;20.86;NA;NA;NA;
11;3;10.03;25.2;25.17;NA;30.33;25.98;23.14;14.11;20.27;NA;NA;NA;
11;4;6.2;19.85;22.8;NA;30.15;25.75;19.16;14.99;17.52;NA;NA;NA;
11;5;1.7;11.54;19.34;NA;21.61;19.56;11.37;7.17;13.2;NA;NA;NA;
11;6;3.18;3.81;6.79;NA;3.27;6.68;4.56;1.98;2.28;NA;NA;NA;
11;7;3.56;9.59;3.81;NA;10.44;5.17;21.34;3.8;2.04;NA;NA;NA;
11;8;5.35;15.02;6.32;NA;17.28;8.23;24.8;11.26;7.07;NA;NA;NA;
11;9;6.59;22.8;4.82;NA;23.35;17.87;27.98;21.89;14.83;NA;NA;NA;
11;10;11.14;26.33;4.99;NA;ND;12.05;32.13;41.35;5.97;NA;NA;NA;
11;11;15.03;34.33;18.23;NA;ND;ND;30.78;50.99;32.21;NA;NA;NA;
11;12;12.86;32.55;25.86;NA;22.91;ND;25.06;48.12;38.19;NA;NA;NA;
11;13;11.23;25.76;13.74;NA;ND;18.41;24;35.08;26.2;NA;NA;NA;
11;14;12.41;22.69;6.1;NA;21.74;17.9;26.7;31.15;27.5;NA;NA;NA;
11;15;12.25;22.44;8.04;NA;ND;10.49;20.61;28.71;27.34;NA;NA;NA;
11;16;10.92;24.49;5.65;NA;ND;ND;25.85;27.09;16.12;NA;NA;NA;
11;17;10.07;23.41;2.6;NA;15.6;3.79;11.47;24.1;10.05;NA;NA;NA;
11;18;8.28;15.77;0.95;NA;9.36;4.82;3.29;19.44;7.2;NA;NA;NA;
11;19;8.87;13.82;0.75;NA;5.68;1.78;2.68;19.05;6.37;NA;NA;NA;
11;20;7.56;14.04;0.51;NA;15.53;ND;0.98;18.96;ND;NA;NA;NA;
11;21;7.64;15.07;2.43;NA;20.67;1.76;3.92;19.92;8.4;NA;NA;NA;
11;22;3.09;19.67;3.98;NA;12.64;1.23;9.1;18.69;14.61;NA;NA;NA;
11;23;8.12;18.65;3.85;NA;14.6;5.79;8.28;17.07;15;NA;NA;NA;
12;0;9.39;20.47;9.25;NA;21.75;7.41;9.37;21.19;14.65;NA;NA;NA;
12;1;9.51;21.39;16.24;NA;29.02;17.66;15.13;20.83;16.97;NA;NA;NA;
12;2;ND;ND;18.19;NA;39.92;ND;12.05;22.6;16;NA;NA;NA;
12;3;6.99;18.61;20.44;NA;24.61;20.72;15.5;21.71;15.18;NA;NA;NA;
12;4;3.53;16.8;22.33;NA;27.63;15.35;14.16;19.61;16.52;NA;NA;NA;
12;5;2.36;5.17;19.72;NA;43.43;12.66;6.89;16.27;12.59;NA;NA;NA;
12;6;3.65;4.25;7.58;NA;31.26;2.18;8.52;9.96;5.09;NA;NA;NA;
12;7;4.2;7.5;4.9;NA;31.71;2.91;15.24;12.94;10.74;NA;NA;NA;
12;8;4.91;14.87;4.97;NA;25.75;4.98;20.45;20.84;7.13;NA;NA;NA;
12;9;9.11;26.51;11.37;NA;40.47;11.66;33.17;32.87;4.2;NA;NA;NA;
12;10;15.79;37.17;ND;NA;34.77;18.12;40.93;ND;18.45;NA;NA;NA;
12;11;18.17;33.6;ND;NA;44.48;34.64;33.08;ND;34.81;NA;NA;NA;
12;12;15.06;29.66;21.5;NA;35.69;36.31;35.22;47.87;50.12;NA;NA;NA;
12;13;14.78;26.32;24.28;NA;18.02;23;32.26;36.69;35.39;NA;NA;NA;
12;14;14.03;28.3;ND;NA;17.99;11.23;32.04;28.94;ND;NA;NA;NA;
12;15;12.64;25.31;ND;NA;22.69;11.61;25.28;28.78;ND;NA;NA;NA;
12;16;11.3;21.73;ND;NA;20.48;6.99;16.18;14;8.28;NA;NA;NA;
12;17;10.64;18.87;1.27;NA;15.02;6.63;10.09;10.13;8.82;NA;NA;NA;
12;18;6.79;13.86;1.47;NA;8.85;1.04;12.26;18.34;1.96;NA;NA;NA;
12;19;6.16;13.94;1.21;NA;3.1;0.67;18.94;17.29;4.77;NA;NA;NA;
12;20;7.31;15.65;3.08;NA;5.32;0.59;19.71;10.26;2.88;NA;NA;NA;
12;21;8.23;18.71;4.31;NA;7.22;0.39;21.62;17.74;2.9;NA;NA;NA;
12;22;8.84;20.27;5.25;NA;17.5;4.33;11.31;20.29;9.35;NA;NA;NA;
12;23;11.8;20.66;9.08;NA;22.78;4.47;12.46;15.3;3.54;NA;NA;NA;
13;0;9.21;21.87;12.87;NA;21.44;9.9;12.58;ND;7.06;NA;NA;NA;
13;1;9.28;22.01;17.81;NA;26.51;17.01;ND;21.96;ND;NA;NA;NA;
13;2;9.41;18.6;ND;NA;ND;19.13;15.88;21.52;16.2;NA;NA;NA;
13;3;7.22;20.52;23.71;NA;20.21;ND;18.14;19.48;16.24;NA;NA;NA;
13;4;10.47;21.96;25.29;NA;10.01;ND;17.22;17.24;9.47;NA;NA;NA;
13;5;7.76;7.78;8.08;NA;6.57;ND;9.7;8.07;4.51;NA;NA;NA;
13;6;2.39;2.75;1.24;NA;4.1;ND;5.27;1.66;0.47;NA;NA;NA;
13;7;3.16;5.16;2.96;NA;5.34;ND;7.73;3.78;1.65;NA;NA;NA;
13;8;4.79;16.13;5.93;NA;11.59;ND;10.44;7.45;3.84;NA;NA;NA;
13;9;8.27;25.05;15.9;NA;27.65;ND;20.75;17.78;11.64;NA;NA;NA;
13;10;18.85;46.21;21.66;NA;44.64;ND;46.5;34.37;19.5;NA;NA;NA;
13;11;22.06;50.97;27.48;NA;53.66;29.13;55.06;45.37;13.47;NA;NA;NA;
13;12;18.21;38.66;46.81;NA;36.22;33.64;27.09;68.79;31.03;NA;NA;NA;
13;13;15.15;28.52;24.49;NA;23.26;21.68;24.4;53.52;47.39;NA;NA;NA;
13;14;ND;27.5;12.8;NA;22.93;9.43;23.06;28.19;25.86;NA;NA;NA;
13;15;ND;23.83;9.73;NA;21.16;10.48;23.52;19.35;10.39;NA;NA;NA;
13;16;11.78;21.87;6.5;NA;18.38;7.65;21.12;24.98;4.49;NA;NA;NA;
13;17;5.93;18.5;5.09;NA;9.08;2.8;16.63;11.23;6.27;NA;NA;NA;
13;18;2.82;14.44;2.31;NA;4.6;0.36;18.17;15.9;1.61;NA;NA;NA;
13;19;3.28;9.47;1.6;NA;6.41;0.26;12.42;16.57;9;NA;NA;NA;
13;20;2.87;8.93;1.42;NA;9.84;0.71;5.14;14.26;10.42;NA;NA;NA;
13;21;2.84;6.96;0.87;NA;9.9;1.31;4.53;5.55;9.36;NA;NA;NA;
13;22;2.17;5.84;1.14;NA;3.27;ND;3.39;2.13;5.36;NA;NA;NA;
13;23;3.66;8.62;1.43;NA;3.54;0.29;3.73;2.32;0.17;NA;NA;NA;
14;0;4.67;12.73;1.66;NA;6.18;0;6.5;10.04;1.61;NA;NA;NA;
14;1;4.07;12.24;7.91;NA;13.52;5.71;10.36;16.09;1.01;NA;NA;NA;
14;2;ND;ND;12.21;NA;8.38;ND;9.51;16.99;7.76;NA;NA;NA;
14;3;2.33;6.06;13.3;NA;4.98;ND;4.22;13.7;9.23;NA;NA;NA;
14;4;2.34;4.07;9.84;NA;20.62;ND;8.11;14.46;9.03;NA;NA;NA;
14;5;2.62;3.4;8.62;NA;9.12;ND;4.93;11.08;6.96;NA;NA;NA;
14;6;5.17;2.91;2.99;NA;10.23;2.27;ND;8.26;3.87;NA;NA;NA;
14;7;6.26;7.87;6.55;NA;13.03;ND;5.52;9.29;2.4;NA;NA;NA;
14;8;9.5;15.38;11.33;NA;31.45;ND;17.91;14.88;4.34;NA;NA;NA;
14;9;18.87;33.21;22.58;NA;39.73;ND;40.31;28.57;15.31;NA;NA;NA;
14;10;ND;51.32;40.12;NA;43.12;ND;45.38;47.49;17.77;NA;NA;NA;
14;11;ND;48.44;38.42;NA;40.98;ND;53.15;70.04;26.16;NA;NA;NA;
14;12;24.29;44.79;37.14;NA;30.76;39.71;40.06;69.44;32.82;NA;NA;NA;
14;13;ND;26.87;23.77;NA;20.13;ND;41.29;45.14;40.94;NA;NA;NA;
14;14;16.17;27.62;ND;NA;25.6;ND;37.08;21.89;23.8;NA;NA;NA;
14;15;15.4;27.34;ND;NA;28.19;22.09;40.89;24.68;24.37;NA;NA;NA;
14;16;14.25;25.78;9.19;NA;23.57;14.33;25.18;23.38;20.41;NA;NA;NA;
14;17;8.9;22.84;5.66;NA;19.86;ND;25.96;14.5;10.04;NA;NA;NA;
14;18;1.59;14.44;2.6;NA;10.64;ND;21.65;2.24;8.27;NA;NA;NA;
14;19;1.63;12.37;3.73;NA;9.42;0.49;21.6;1.23;7.7;NA;NA;NA;
14;20;1.23;8.62;1.98;NA;7.35;0.69;21.22;1.12;ND;NA;NA;NA;
14;21;1.93;5.75;3.24;NA;20.6;1.68;19.64;ND;ND;NA;NA;NA;
14;22;5.64;5.47;1.47;NA;7.59;2.07;8.94;3.25;ND;NA;NA;NA;
14;23;7.8;17.97;1.41;NA;10.99;4.43;20.42;13.48;2.01;NA;NA;NA;
15;0;6.91;24.29;9.96;NA;14.92;7;18.85;ND;0.79;NA;NA;NA;
15;1;12.36;26.49;7.46;NA;23.99;8.52;ND;29.62;ND;NA;NA;NA;
15;2;17.54;27.84;ND;NA;ND;6.22;11.01;27.9;20.75;NA;NA;NA;
15;3;11.99;25.56;15.37;NA;18.67;4.94;10.28;18.47;17.94;NA;NA;NA;
15;4;5.79;18.11;15.42;NA;26.21;7.11;7.28;13.85;15.1;NA;NA;NA;
15;5;2.42;12.1;4.99;NA;26.03;3.08;3.75;6.08;7.1;NA;NA;NA;
15;6;3.93;3.57;1.35;NA;3.72;4.2;6;1.97;1.1;NA;NA;NA;
15;7;6.58;9.86;8.14;NA;6.62;4.71;12.85;7.08;2.11;NA;NA;NA;
15;8;15.2;28.92;11.45;NA;37.95;12.96;24.84;21.27;10.4;NA;NA;NA;
15;9;19.6;33.57;16.27;NA;34.16;20.57;29.77;35.4;23.02;NA;NA;NA;
15;10;22.86;35.41;15.55;NA;31.12;ND;30.32;38.24;14.95;NA;NA;NA;
15;11;23.04;34.52;25.59;NA;31.8;ND;24.81;42.15;25.4;NA;NA;NA;
15;12;23.64;37.67;35.23;NA;37.59;ND;28.35;54.69;32.99;NA;NA;NA;
15;13;23.91;38.49;33.19;NA;40.3;ND;23.56;49.53;30.84;NA;NA;NA;
15;14;21.76;40.45;ND;NA;29.35;ND;37.68;45.74;22.45;NA;NA;NA;
15;15;22.05;38.49;25.73;NA;24.86;ND;30.56;45.42;23.38;NA;NA;NA;
15;16;17.08;35.68;13.67;NA;21.97;ND;16.68;47.86;13.62;NA;NA;NA;
15;17;13.7;28.18;15.84;NA;12.6;4.41;21.32;27.92;2.52;NA;NA;NA;
15;18;4.08;18.89;7.27;NA;5.79;2.14;11.12;8.19;0.79;NA;NA;NA;
15;19;5.81;15.27;3.46;NA;7.36;0.18;3.75;2.14;0;NA;NA;NA;
15;20;2.43;10.74;1.05;NA;8.7;0.04;0.49;1.55;0;NA;NA;NA;
15;21;1.52;17.37;0.75;NA;8.51;0.01;0.34;17.48;0;NA;NA;NA;
15;22;0.91;14.25;ND;NA;9.63;0.03;0.1;20.35;0;NA;NA;NA;
15;23;1.41;15.49;ND;NA;7.59;0;0;21.32;4.14;NA;NA;NA;
16;0;1.99;16.44;1.3;NA;11.79;0;0.11;25.5;10.77;NA;NA;NA;
16;1;2.7;19.25;1.92;NA;10.24;0.24;0.16;22.33;13.05;NA;NA;NA;
16;2;ND;ND;3.19;NA;9.14;ND;1.76;19.33;13.5;NA;NA;NA;
16;3;1.42;17.43;7.86;NA;16.67;9.36;11.85;17.96;12.21;NA;NA;NA;
16;4;1.35;12.18;10.97;NA;14.34;6.25;10.63;15.3;11.37;NA;NA;NA;
16;5;1.89;7.66;4.79;NA;8.3;3.77;8.25;15.35;9.04;NA;NA;NA;
16;6;1.09;5.36;2.73;NA;11.84;1.1;4.94;7.39;8.99;NA;NA;NA;
16;7;1.61;4.98;3.94;NA;6.69;2;5.85;12.45;9.57;NA;NA;NA;
16;8;5.6;14.94;19.23;NA;24.11;10.74;17.33;27.94;13.91;NA;NA;NA;
16;9;13.18;29.41;25.81;NA;27.26;26.18;26.34;36.49;20.75;NA;NA;NA;
16;10;26.46;37.01;34.37;NA;39.99;33.47;35.17;44.78;12.56;NA;NA;NA;
16;11;38.31;42.74;50.43;NA;49.9;45.64;47.51;54.67;28.76;NA;NA;NA;
16;12;30.15;49.26;55.72;NA;55.36;51.61;48.22;65.53;29.75;NA;NA;NA;
16;13;22.05;38.14;46.31;NA;50.45;52.07;34.26;67.02;33.27;NA;NA;NA;
16;14;19.49;30.86;35.65;NA;34.13;41.22;28.03;35.63;23.1;NA;NA;NA;
16;15;12.32;31.87;15.97;NA;27.12;20.34;28.95;35.39;23.07;NA;NA;NA;
16;16;9.8;26.71;13.4;NA;25.51;8.72;24.34;41.64;24.46;NA;NA;NA;
16;17;9.81;28.06;4.49;NA;10.83;3.54;18.58;25.97;27.53;NA;NA;NA;
16;18;6.81;22.91;1.85;NA;6;1.27;9.83;27.9;18.87;NA;NA;NA;
16;19;6.28;19.39;1.55;NA;7.83;5.75;8.47;29.4;24.16;NA;NA;NA;
16;20;4.54;17.05;1.55;NA;15.6;4.84;9.46;26.73;16.58;NA;NA;NA;
16;21;5.83;14.7;1.06;NA;9.86;0.44;11.69;25.01;18.93;NA;NA;NA;
16;22;9.36;16.23;3.59;NA;14.77;8.61;11.8;25.93;10.85;NA;NA;NA;
16;23;4.77;15.83;6.36;NA;20.8;14.42;19.9;27.5;16.53;NA;NA;NA;
17;0;7.18;22.37;9.41;NA;27.05;15.49;16.91;ND;14.67;NA;NA;NA;
17;1;10.97;21.08;17.58;NA;24.6;20.7;ND;23.37;ND;NA;NA;NA;
17;2;9.29;20.88;ND;NA;ND;23.3;22.78;19.88;12.94;NA;NA;NA;
17;3;13.79;21;22.88;NA;23.03;17.85;23.13;22.67;8.01;NA;NA;NA;
17;4;13.24;19.96;20.98;NA;25.37;23.44;15.27;14.43;13.03;NA;NA;NA;
17;5;9.13;20.86;18.7;NA;28.33;24.04;18.15;4.62;9.91;NA;NA;NA;
17;6;5.96;12.98;10.02;NA;17.82;8.56;12.94;1.83;12.26;NA;NA;NA;
17;7;13.05;22.4;14.48;NA;20.25;12.72;19.41;10.14;7.91;NA;NA;NA;
17;8;14.92;25.38;20.81;NA;26.75;22.61;22.19;23.05;4.72;NA;NA;NA;
17;9;20.66;32.34;24.91;NA;34.48;33.71;31.14;38.57;14.78;NA;NA;NA;
17;10;26.99;39.72;43.78;NA;40.31;45.96;40.15;50.67;21.43;NA;NA;NA;
17;11;31.85;42.01;61.87;NA;51.53;57.34;44.11;57.11;29.13;NA;NA;NA;
17;12;24.72;35.79;51.63;NA;52.64;68.4;41.17;59.21;35.28;NA;NA;NA;
17;13;18.79;28.93;37.54;NA;45.05;53.63;39.1;50.2;39.82;NA;NA;NA;
17;14;21.09;32.01;25.46;NA;30.4;24.52;35.5;39.69;25.67;NA;NA;NA;
17;15;19.68;33.8;19.82;NA;22.74;13.24;24.24;32.41;16.98;NA;NA;NA;
17;16;15.51;33.78;30.51;NA;26.43;17.89;21.93;30.28;15.67;NA;NA;NA;
17;17;9.32;26.52;8.33;NA;18.41;22.77;26.1;24.55;18.27;NA;NA;NA;
17;18;4.29;19.2;6.41;NA;11.31;11.24;25.78;20.72;14.61;NA;NA;NA;
17;19;1.55;12.21;7.37;NA;10.12;10.82;7.55;21.76;14.18;NA;NA;NA;
17;20;1.58;11.24;3.39;NA;8.58;6.77;8.89;19.64;7.57;NA;NA;NA;
17;21;0.88;6.08;6.34;NA;5;7.2;10.45;21.44;13.37;NA;NA;NA;
17;22;1.07;10.9;12.88;NA;11.05;1.17;10.19;13.93;11.08;NA;NA;NA;
17;23;0.89;11.5;10.98;NA;8.35;5;15.61;6.66;7.51;NA;NA;NA;
18;0;0.59;12.61;8.46;NA;7.91;0;15.92;8.69;2.31;NA;NA;NA;
18;1;0.52;17.41;5.08;NA;12.19;0;10.08;10.65;5.19;NA;NA;NA;
18;2;ND;ND;14.18;NA;16.75;ND;5.08;15.43;4.16;NA;NA;NA;
18;3;0.75;17.75;16.13;NA;23.64;11.83;4.84;16.37;0;NA;NA;NA;
18;4;1.66;17.22;19.9;NA;16.87;8.56;15.01;11.21;0.02;NA;NA;NA;
18;5;1.35;9.08;10.13;NA;9.98;0.91;2.71;5.73;0.06;NA;NA;NA;
18;6;1;5.16;3.3;NA;2.86;0.51;2.03;1.39;0.13;NA;NA;NA;
18;7;2.26;7.63;5.09;NA;11.19;2.38;13.29;6.11;4.43;NA;NA;NA;
18;8;9.54;17.72;12.33;NA;30.88;11.88;23.02;21.33;6.93;NA;NA;NA;
18;9;15.05;27.57;19.75;NA;29.81;23.87;32.06;35.82;17.5;NA;NA;NA;
18;10;22.82;36.46;31.83;NA;40.52;38.29;28.16;48.82;17.02;NA;NA;NA;
18;11;24.24;45.51;34.5;NA;29.1;ND;29.08;61.64;20.71;NA;NA;NA;
18;12;20.84;36.36;37.08;NA;33.12;ND;24.46;67.01;27.87;NA;NA;NA;
18;13;19.92;34.89;22.56;NA;ND;ND;32.75;40.38;30.18;NA;NA;NA;
18;14;16.91;32.74;12.76;NA;ND;ND;20.13;27.84;25.07;NA;NA;NA;
18;15;12.81;30.21;9.33;NA;19.1;ND;24.56;24.87;19.5;NA;NA;NA;
18;16;12.79;31.72;9.07;NA;24.71;12.85;21.12;36.23;9.18;NA;NA;NA;
18;17;9.17;22.48;2.4;NA;15.64;10.39;17.3;30.13;13.66;NA;NA;NA;
18;18;7.56;19.84;4.34;NA;4.77;8.08;12.83;18.47;5.72;NA;NA;NA;
18;19;2.24;17.77;2.39;NA;7.17;3.74;12.77;21.7;5.73;NA;NA;NA;
18;20;0.86;12.09;1.24;NA;7.88;0.01;4.77;24.65;0;NA;NA;NA;
18;21;1;15.69;0.65;NA;11;0;0.49;25.56;5.23;NA;NA;NA;
18;22;2.69;15.14;10.54;NA;ND;12.09;12.14;26.52;14.16;NA;NA;NA;
18;23;1.29;19.69;6.65;NA;ND;4.88;21.57;28.97;20.54;NA;NA;NA;
19;0;4.59;21.56;17.07;NA;12.89;15.14;24.35;ND;17.45;NA;NA;NA;
19;1;11.06;20.94;21.69;NA;14.06;19.11;ND;22.55;ND;NA;NA;NA;
19;2;8.67;18.47;ND;NA;ND;13.13;16.08;15.57;8.84;NA;NA;NA;
19;3;4.08;16.08;6.38;NA;5.38;6.89;8.89;12.37;3.25;NA;NA;NA;
19;4;1.08;8.59;10.72;NA;9.28;2.78;1.86;4.34;2.21;NA;NA;NA;
19;5;0.88;2.46;1.47;NA;9.39;0.75;8.09;1.56;0;NA;NA;NA;
19;6;1.28;2.91;1.22;NA;12.4;0.46;1.59;1.77;ND;NA;NA;NA;
19;7;4.81;9.54;7.45;NA;17.24;5.43;6.28;8.47;2.32;NA;NA;NA;
19;8;8.92;22.57;15;NA;33.63;15.96;23.11;21.27;10.98;NA;NA;NA;
19;9;19.16;33.6;18.92;NA;28.3;19.93;40.55;31.59;22.83;NA;NA;NA;
19;10;26.64;43.91;24.77;NA;48.07;32.53;ND;45.51;25.21;NA;NA;NA;
19;11;29.03;55.29;45.22;NA;41.68;50.9;ND;52.88;34.44;NA;NA;NA;
19;12;15.56;44.73;32.45;NA;35.04;29.13;28.48;55.96;27.24;NA;NA;NA;
19;13;9.72;29.04;29.83;NA;33.1;31.75;ND;55.72;30.38;NA;NA;NA;
19;14;7.95;28.08;ND;NA;24.61;16.47;ND;43.11;34.36;NA;NA;NA;
19;15;6.57;27.96;ND;NA;23.37;17.64;23.36;41.61;26.26;NA;NA;NA;
19;16;10.83;26.05;9.01;NA;20.47;10.93;19.02;35.63;15.81;NA;NA;NA;
19;17;9.22;22.12;3.5;NA;14.59;5.7;10.99;28.14;23.26;NA;NA;NA;
19;18;4.15;16.48;1.44;NA;13.43;ND;1.57;23.91;19.71;NA;NA;NA;
19;19;4.49;15.71;1.33;NA;10.4;ND;2.03;16.8;12.29;NA;NA;NA;
19;20;1.15;6.24;1.7;NA;12.49;ND;4.45;7.62;15.69;NA;NA;NA;
19;21;0.84;7.94;1.57;NA;24.04;ND;9.41;4.02;10.2;NA;NA;NA;
19;22;1.73;3.47;1.01;NA;20.54;6.43;21.35;1.22;6.84;NA;NA;NA;
19;23;1.86;1.6;1.43;NA;6.17;ND;22;2.05;ND;NA;NA;NA;
20;0;0.81;14.07;0.57;NA;2.06;ND;13.08;3.31;ND;NA;NA;NA;
20;1;0.76;13.63;0.69;NA;19.79;ND;11.41;6.21;ND;NA;NA;NA;
20;2;ND;ND;0.77;NA;17.29;ND;12.8;0.49;ND;NA;NA;NA;
20;3;2.86;6.99;0.39;NA;22.99;2.12;15.71;2.12;ND;NA;NA;NA;
20;4;2.66;9.48;1.27;NA;21.33;5.11;20.98;3.64;ND;NA;NA;NA;
20;5;0.62;5.8;5.56;NA;4.18;ND;16.56;ND;ND;NA;NA;NA;
20;6;0.94;2.62;3.17;NA;10.35;ND;4.89;1.56;ND;NA;NA;NA;
20;7;1.98;9.36;4.87;NA;16.88;2.66;11.37;8.91;4.65;NA;NA;NA;
20;8;8.98;21.2;7.83;NA;23.47;10.67;20;19.44;11.24;NA;NA;NA;
20;9;11.63;27.06;16.19;NA;31.76;18.62;26.33;35.59;16.51;NA;NA;NA;
20;10;13.22;ND;17.58;NA;32.31;20.66;38.62;51.88;32.66;NA;NA;NA;
20;11;13.7;ND;34.74;NA;39.41;25.9;39.37;62.37;17.72;NA;NA;NA;
20;12;21.65;34.62;52.37;NA;31.08;39.78;24.85;59.67;43.08;NA;NA;NA;
20;13;24.01;ND;39.7;NA;16.8;18.94;28.42;60.92;24.55;NA;NA;NA;
20;14;17.05;ND;11.99;NA;23.94;14.94;28.95;45.25;11.55;NA;NA;NA;
20;15;14.86;ND;10.31;NA;20.21;11.37;23.64;22.69;1.25;NA;NA;NA;
20;16;10.84;14.38;6.67;NA;37.77;3.87;16.03;23.2;13.02;NA;NA;NA;
20;17;4.63;9.1;3.59;NA;11.26;1.93;5.24;17;2.05;NA;NA;NA;
20;18;1.43;14.57;0.94;NA;6.35;0.7;0.68;3.84;ND;NA;NA;NA;
20;19;5.47;20.93;3.04;NA;14.35;0.8;1.98;0.79;ND;NA;NA;NA;
20;20;3.69;15.01;1.99;NA;33.13;ND;1.86;0.34;ND;NA;NA;NA;
20;21;4.45;15.61;1.29;NA;19.9;ND;3.46;0.53;ND;NA;NA;NA;
20;22;4.07;18.33;0.32;NA;ND;ND;0.54;0.44;ND;NA;NA;NA;
20;23;8.9;21.43;0.78;NA;ND;ND;1.32;7.81;ND;NA;NA;NA;
21;0;12.36;23.83;4.9;NA;24.71;0;0.94;ND;0;NA;NA;NA;
21;1;16.69;27.59;15.13;NA;4.36;3.6;ND;27.17;ND;NA;NA;NA;
21;2;14.98;26.51;ND;NA;ND;16.36;16.98;27.84;10.19;NA;NA;NA;
21;3;13.15;24.93;23.73;NA;30.34;21.13;20.69;24.93;20.23;NA;NA;NA;
21;4;6.45;20.69;24.11;NA;26.49;18.82;15.57;18.87;20.32;NA;NA;NA;
21;5;1.4;15.26;24.51;NA;19.39;23.36;10.09;5.89;11.83;NA;NA;NA;
21;6;2.05;4.85;10.88;NA;10.05;10.62;11.26;3.01;2.93;NA;NA;NA;
21;7;6.21;8.98;13.13;NA;9.94;12.67;19.62;5.32;10.54;NA;NA;NA;
21;8;13.69;23.1;17.52;NA;37.93;18.44;29.01;16.99;18.38;NA;NA;NA;
21;9;13.8;30.7;19.73;NA;37.15;23.14;36.35;33.04;14.41;NA;NA;NA;
21;10;18.91;44.34;27.95;NA;47.94;27.83;47.47;ND;14.06;NA;NA;NA;
21;11;16.46;48.24;25.96;NA;43.98;30.27;28.89;ND;27.05;NA;NA;NA;
21;12;13.35;40.8;18.75;NA;37.45;27.83;24.23;ND;50.73;NA;NA;NA;
21;13;10.55;36.9;21.31;NA;24.76;25.82;28.54;ND;54;NA;NA;NA;
21;14;6.76;19.35;9.09;NA;32.1;22.01;29.31;44.7;ND;NA;NA;NA;
21;15;9.45;24.48;10.2;NA;28.68;12.62;28.37;39.95;ND;NA;NA;NA;
21;16;7.2;24.58;5.04;NA;14.85;8.17;27.71;24.27;23.8;NA;NA;NA;
21;17;3.37;17.57;2.44;NA;9.01;1.99;16.87;7.03;7.73;NA;NA;NA;
21;18;4.02;13.71;1.24;NA;14.57;1.51;8.05;15.29;2.95;NA;NA;NA;
21;19;4.21;17.62;5.8;NA;11.18;1.24;8.01;25.73;3.47;NA;NA;NA;
21;20;1.84;16.43;6.02;NA;7.47;2.92;3;19.78;7.05;NA;NA;NA;
21;21;5.34;12.95;2.8;NA;10.45;0.04;4.87;10.78;6.09;NA;NA;NA;
21;22;9.63;10.93;7.75;NA;20.13;0.93;9.95;13.58;9.54;NA;NA;NA;
21;23;9.68;17.03;9.56;NA;5.85;5.78;13.72;18.26;6.84;NA;NA;NA;
22;0;6.36;18.89;19.49;NA;9.98;11.76;19.12;ND;3.39;NA;NA;NA;
22;1;10.53;22.24;31.76;NA;23.07;27.46;21.96;25.09;11.18;NA;NA;NA;
22;2;ND;ND;31.52;NA;32.84;ND;19.71;24;21.01;NA;NA;NA;
22;3;8.55;23.38;23.58;NA;31.33;19.4;15;25.56;19.71;NA;NA;NA;
22;4;10.32;25.03;23.94;NA;24.81;19.33;14.23;24.55;21.09;NA;NA;NA;
22;5;9.43;20.87;25.33;NA;18.32;22.18;9.95;20.79;19.61;NA;NA;NA;
22;6;7.42;12.93;17.74;NA;20.35;17.19;11.86;12.25;20.57;NA;NA;NA;
22;7;9.12;19.26;17.93;NA;17.36;10.91;18.44;14.29;21;NA;NA;NA;
22;8;11.81;27.2;21.2;NA;30.91;16.93;25.8;27.28;22.35;NA;NA;NA;
22;9;20.68;36.04;27.95;NA;42.16;28.88;33.64;35.15;26.81;NA;NA;NA;
22;10;28.13;50.62;34.51;NA;51.16;39.68;42.9;41.39;27.77;NA;NA;NA;
22;11;28.71;66.02;39.46;NA;59.26;46.03;49.12;58.44;19.6;NA;NA;NA;
22;12;31.9;57.04;63.8;NA;67.79;67.17;45.95;64.13;42.16;NA;NA;NA;
22;13;20.95;42.58;40.79;NA;57.54;50.37;42;66.11;64.25;NA;NA;NA;
22;14;18.15;32.79;41.28;NA;39.18;43.37;50.18;59.65;40.21;NA;NA;NA;
22;15;17.85;32.75;37.77;NA;24.25;33.18;45.02;39.24;35.36;NA;NA;NA;
22;16;13.42;27.33;18.49;NA;18.97;15.51;39.02;30.44;37.71;NA;NA;NA;
22;17;10.94;24.12;11.69;NA;13.47;6.18;12.03;28.73;23.41;NA;NA;NA;
22;18;2.06;14.99;1.19;NA;8.62;1.77;6.67;19.23;10.44;NA;NA;NA;
22;19;1.48;5.83;0.8;NA;13.23;1.03;12.77;7.25;10.19;NA;NA;NA;
22;20;2.52;2.98;0.38;NA;11.48;1.49;3.87;1.44;2.5;NA;NA;NA;
22;21;1.81;2.13;0.64;NA;3.2;0.68;1.81;1.39;5.23;NA;NA;NA;
22;22;1.19;1.96;0.33;NA;5.44;0.09;1.19;0.19;0.84;NA;NA;NA;
22;23;1.03;13.46;0.22;NA;13.68;0;0.59;0.28;0.7;NA;NA;NA;
23;0;0.98;10.67;0.09;NA;22.67;0;0.92;0.47;1.11;NA;NA;NA;
23;1;2.3;1.66;0.85;NA;1.9;0;ND;0.1;ND;NA;NA;NA;
23;2;2.14;1.47;ND;NA;ND;0;1.44;0.36;2.82;NA;NA;NA;
23;3;0.87;1.24;0.49;NA;1.96;0;7.88;0.09;2.47;NA;NA;NA;
23;4;0.74;0.89;0.44;NA;17.75;0.09;4.34;0.63;1.88;NA;NA;NA;
23;5;0.71;1.04;0.28;NA;0.75;0.13;2.97;0.24;0.9;NA;NA;NA;
23;6;1.06;2.99;0.94;NA;4.27;0.32;1.8;0.78;1.68;NA;NA;NA;
23;7;2.64;9.23;7.17;NA;18.34;4.22;7.36;4.52;4.15;NA;NA;NA;
23;8;13.59;19.41;21.06;NA;27.52;16.34;27.14;16.57;11.56;NA;NA;NA;
23;9;22.57;36.52;34.34;NA;40.1;33.28;31.42;43.45;31.66;NA;NA;NA;
23;10;32.83;43.45;49.49;NA;59.87;52.63;46.54;64.69;43.36;NA;NA;NA;
23;11;34.14;49.75;66.88;NA;72.03;75.88;65.15;76.74;40.47;NA;NA;NA;
23;12;24.05;42.86;54.1;NA;66.28;79.06;45.81;71.33;67.62;NA;NA;NA;
23;13;25.24;38.07;34.72;NA;35.38;35.63;28.22;50.55;44.26;NA;NA;NA;
23;14;21.91;32.3;16.58;NA;19.74;13.26;31.96;46.07;24.91;NA;NA;NA;
23;15;18.38;32;17.27;NA;18.44;15.81;31.45;38.73;22.35;NA;NA;NA;
23;16;14.56;25.36;34.45;NA;23.52;15.51;30.37;29.34;14.39;NA;NA;NA;
23;17;10.56;16.87;25.95;NA;22.58;8.73;15.26;19.28;15.34;NA;NA;NA;
23;18;2.18;7.33;7.47;NA;19.49;0.79;3.11;11.18;10.24;NA;NA;NA;
23;19;1.62;8.8;1.21;NA;11.43;0.83;5.82;8;4.15;NA;NA;NA;
23;20;4.18;10.94;1.07;NA;16.32;0.71;2.81;1.88;2.32;NA;NA;NA;
23;21;1.54;15.66;0.59;NA;11.11;0.88;1.06;1.25;1.21;NA;NA;NA;
23;22;1.86;4.57;0.75;NA;6.74;1.18;0.9;1.68;1.08;NA;NA;NA;
23;23;1.28;3.87;0.72;NA;4.88;0.04;3.44;0.66;0.99;NA;NA;NA;
24;0;1.18;6.53;0.77;NA;8.12;0.3;8.18;ND;0.92;NA;NA;NA;
24;1;1.11;2.26;0.86;NA;5.17;0.06;11.84;0.44;0.92;NA;NA;NA;
24;2;ND;ND;0.65;NA;6.08;ND;15.89;0.28;1.35;NA;NA;NA;
24;3;1.14;1.3;3.17;NA;2.12;6.84;7.51;0.29;1.45;NA;NA;NA;
24;4;2.32;1.54;0.62;NA;2.29;0.17;7.69;0.21;1.13;NA;NA;NA;
24;5;6.37;1.92;1.28;NA;1.76;0.78;16.75;0.35;1.81;NA;NA;NA;
24;6;1.47;3.39;1.88;NA;2.92;0.99;5.19;1.97;1.56;NA;NA;NA;
24;7;7.29;14.12;14.24;NA;13.16;12.22;26.58;10.22;7.34;NA;NA;NA;
24;8;19.04;28.66;34.35;NA;36.58;31.72;35.18;23.3;16.98;NA;NA;NA;
24;9;28.85;43.65;47.16;NA;45.65;43.48;37.21;43.36;32.84;NA;NA;NA;
24;10;37.46;53.79;63.3;NA;60.76;59.74;42.72;63.28;21.55;NA;NA;NA;
24;11;39.87;56.19;87.91;NA;75.35;80.13;51.6;85.04;30.63;NA;NA;NA;
24;12;31.37;54.07;80.68;NA;85.81;93.55;61.73;70.42;61.23;NA;NA;NA;
24;13;26.15;45.8;57.06;NA;46.15;65.79;43.5;60.05;71.78;NA;NA;NA;
24;14;24.61;44.5;52.1;NA;37.14;55.98;41.88;55.44;51.78;NA;NA;NA;
24;15;23.52;40.48;38.61;NA;22.86;35.16;28.61;43.36;38;NA;NA;NA;
24;16;17.1;32.11;25.98;NA;20.59;9.32;14.59;39.67;20.97;NA;NA;NA;
24;17;9.6;29.39;10.85;NA;14;5.1;13.89;39.09;20.69;NA;NA;NA;
24;18;2.56;18.67;2.14;NA;8.12;0.42;1.5;20.22;3.75;NA;NA;NA;
24;19;4.98;21.08;0.64;NA;10.47;0;0.49;29.65;1.48;NA;NA;NA;
24;20;4.75;14.82;0.55;NA;13.88;0.49;6.84;8.07;0.7;NA;NA;NA;
24;21;1.27;7.77;0.24;NA;18.1;3.95;1.22;5.75;9.32;NA;NA;NA;
24;22;2.44;3.58;0.47;NA;16.82;0;0.09;3.58;7.72;NA;NA;NA;
24;23;4.25;6.98;0.28;NA;10.3;0;0.29;8.95;0.74;NA;NA;NA;
25;0;5.15;3.66;0.35;NA;1.94;0.18;0.39;3.72;0.51;NA;NA;NA;
25;1;1.27;1.45;0.21;NA;11.92;0;ND;0.46;ND;NA;NA;NA;
25;2;2.07;1.59;ND;NA;ND;0;9.8;0.01;0.5;NA;NA;NA;
25;3;1.16;0.93;0.37;NA;26.76;1.52;12.79;0;0.56;NA;NA;NA;
25;4;0.63;1.07;0.42;NA;24.44;12.01;12.81;0.15;0.68;NA;NA;NA;
25;5;0.7;1.01;1.05;NA;13.16;3.41;5.64;0.37;0.55;NA;NA;NA;
25;6;0.99;2.49;1.65;NA;35.69;0.38;1.85;0.77;1.15;NA;NA;NA;
25;7;2.24;8.47;4.73;NA;18.74;2.23;11.01;3.2;3.57;NA;NA;NA;
25;8;5.39;18.2;10.32;NA;20.14;11.06;19.96;10.7;10.76;NA;NA;NA;
25;9;12.96;33.53;19.09;NA;36.46;25.33;27.61;15.94;20.88;NA;NA;NA;
25;10;25.14;45.09;27.32;NA;27.65;38.69;31.85;35.47;6.74;NA;NA;NA;
25;11;36.18;ND;47.19;NA;37.7;45.24;31.49;60.74;27.61;NA;NA;NA;
25;12;25.28;ND;45.32;NA;45.56;39.37;42.17;70.53;37.13;NA;NA;NA;
25;13;14.27;ND;29.45;NA;27.41;ND;34.1;51.3;30.39;NA;NA;NA;
25;14;14.79;36.2;19.52;NA;31.16;ND;26.62;42.94;31.11;NA;NA;NA;
25;15;16.84;32.48;15.45;NA;30.42;28.1;29.29;31.92;23.55;NA;NA;NA;
25;16;9.03;30.51;9.58;NA;30.21;ND;23.93;24.34;29.16;NA;NA;NA;
25;17;6.64;24.67;5.8;NA;18.85;9.44;23.31;25.96;12.89;NA;NA;NA;
25;18;3.92;16.74;1.97;NA;5.47;9.16;7.71;24.5;23.34;NA;NA;NA;
25;19;5.59;14.04;1.08;NA;3.2;3.84;3.63;17.47;23.56;NA;NA;NA;
25;20;1.66;16.26;1.59;NA;12.63;2.64;2.57;23.85;22.6;NA;NA;NA;
25;21;1.91;14.04;0.81;NA;15.53;3.86;2.15;21.94;8.86;NA;NA;NA;
25;22;1.26;12.65;0.62;NA;ND;2.4;1.8;16.04;14.13;NA;NA;NA;
25;23;1.06;13.82;1.02;NA;ND;3.79;3.02;21.25;5.28;NA;NA;NA;
26;0;0.96;26.16;2.97;NA;6;1.93;0.75;ND;5.41;NA;NA;NA;
26;1;2.78;26.57;1.25;NA;5.4;0.94;9.12;22.07;10.35;NA;NA;NA;
26;2;ND;23.64;0.41;NA;10.43;ND;4.71;16.37;16.33;NA;NA;NA;
26;3;3.49;18.44;1.52;NA;10.09;0.02;1.21;0.5;12.41;NA;NA;NA;
26;4;2.21;12.88;0.46;NA;1.95;0;1.05;ND;6.7;NA;NA;NA;
26;5;0.71;3.18;0.38;NA;2.98;0;2.17;0.51;1.47;NA;NA;NA;
26;6;1.74;2.52;1.46;NA;5.22;1.26;9.59;1.5;1.64;NA;NA;NA;
26;7;2.93;5.62;3.12;NA;12.51;3.83;17.4;6.78;4.85;NA;NA;NA;
26;8;6.25;13.57;11.49;NA;14.57;15.63;19.56;17.98;11.78;NA;NA;NA;
26;9;12.25;28.92;25.7;NA;27.02;26.15;26.23;32.71;26.01;NA;NA;NA;
26;10;21.07;45.54;33.95;NA;ND;38.07;33.33;47.77;33.75;NA;NA;NA;
26;11;33.29;54.4;44.43;NA;ND;44.54;41.82;62.97;32.7;NA;NA;NA;
26;12;31.91;48.04;73.17;NA;ND;58.74;41.32;60.54;50.22;NA;NA;NA;
26;13;27.8;47.72;68.87;NA;39.11;47.74;37.06;58.23;45.19;NA;NA;NA;
26;14;30.86;47.74;34.65;NA;33.77;30.54;30.08;47.42;30.64;NA;NA;NA;
26;15;13.55;29.82;11.2;NA;20.37;11.09;17.08;27.31;1.73;NA;NA;NA;
26;16;7.87;22;4.89;NA;15.44;2.68;23.89;14.58;4.3;NA;NA;NA;
26;17;7.01;19.88;4.69;NA;20.93;3.23;13.18;5.37;3.11;NA;NA;NA;
26;18;4.28;19.52;2.07;NA;9.89;0.82;12.78;1.97;0.64;NA;NA;NA;
26;19;2.5;4.9;0.78;NA;18.8;0.27;25.66;1.73;0.68;NA;NA;NA;
26;20;0.91;3.29;1.52;NA;5.52;0.6;15.85;0.72;1;NA;NA;NA;
26;21;1.34;3.67;1.68;NA;5.31;0.22;16.34;0.63;1.08;NA;NA;NA;
26;22;1.42;3.38;0.8;NA;11.6;0.29;8.97;ND;0.63;NA;NA;NA;
26;23;3.05;0.83;0.63;NA;14.8;0.11;0.44;0.29;0.63;NA;NA;NA;
27;0;1.97;2.73;0.4;NA;16.7;0;0.59;0.27;0.53;NA;NA;NA;
27;1;1.12;9.49;0.51;NA;18.19;0;ND;0.04;ND;NA;NA;NA;
27;2;1.36;ND;ND;NA;ND;0;3.07;0.31;0.44;NA;NA;NA;
27;3;0.85;0.87;0.16;NA;14.35;0;5.56;0.1;0.72;NA;NA;NA;
27;4;1.55;2.07;0.25;NA;16.36;0;9.91;0.11;0.34;NA;NA;NA;
27;5;1.03;2.49;0.25;NA;6.37;0;7.52;0.28;0.59;NA;NA;NA;
27;6;1.37;2.1;0.94;NA;14.37;0;3.21;0.72;0.8;NA;NA;NA;
27;7;2.14;4.19;2.54;NA;12.24;1.58;8.27;1.22;1.89;NA;NA;NA;
27;8;3.68;8.5;4.43;NA;33.97;3.02;17.14;5.61;4.13;NA;NA;NA;
27;9;2.79;15.67;8.3;NA;45.16;7.64;18.39;10.64;12.22;NA;NA;NA;
27;10;5.92;16.25;ND;NA;22.41;9.46;21.48;14.59;13.08;NA;NA;NA;
27;11;7.69;17.09;ND;NA;26.7;8.23;23.29;11.37;13.19;NA;NA;NA;
27;12;6.22;16.08;ND;NA;14.92;14.78;23.93;9.45;16.65;NA;NA;NA;
27;13;9.37;16.95;ND;NA;23.33;22.51;26.35;8.26;19.56;NA;NA;NA;
27;14;12.21;19.51;ND;NA;26.24;26.43;27.67;12.33;23.58;NA;NA;NA;
27;15;9.61;19.99;10.52;NA;23.42;ND;25.86;18.81;23.43;NA;NA;NA;
27;16;6.65;11.19;6.98;NA;21.49;ND;23.09;19.46;22.52;NA;NA;NA;
27;17;2.33;6.47;7.51;NA;12.91;8.97;25.9;13.96;15.53;NA;NA;NA;
27;18;0.89;2;1.76;NA;4.29;1.73;8.49;2.52;2.52;NA;NA;NA;
27;19;1.07;1.78;0.71;NA;11.86;1.34;2.21;1.19;0.96;NA;NA;NA;
27;20;1.83;2.72;0.66;NA;11.71;4.03;2.9;0.94;0.97;NA;NA;NA;
27;21;1.84;2.97;1.35;NA;5.18;3.63;2.23;0.63;0.73;NA;NA;NA;
27;22;1.34;6.85;1.3;NA;4.29;2.67;1.14;0.38;0.77;NA;NA;NA;
27;23;0.9;4.46;0.7;NA;4.96;4.89;10.26;0.09;0.39;NA;NA;NA;
28;0;1.54;2.68;0.6;NA;4.42;2.48;12.22;ND;0.42;NA;NA;NA;
28;1;1.09;1.96;0.53;NA;4.37;1.95;23.26;0.01;0.54;NA;NA;NA;
28;2;ND;1.44;1.16;NA;3.79;ND;10.31;0.12;0.48;NA;NA;NA;
28;3;0.76;0.98;0.45;NA;8.43;0.38;9.54;0.25;0.51;NA;NA;NA;
28;4;1.11;1.5;0.78;NA;3.36;0.56;7.92;0.18;0.36;NA;NA;NA;
28;5;1.3;1.74;0.93;NA;4.28;0.31;3.33;0.39;0.73;NA;NA;NA;
28;6;2.16;4.11;0.93;NA;6.35;1.01;2.39;0.66;0.72;NA;NA;NA;
28;7;3.35;6.06;4.19;NA;8.44;3.69;19.19;3.56;1.88;NA;NA;NA;
28;8;9.08;16.02;7.52;NA;37.46;9.02;26.61;7.7;6.55;NA;NA;NA;
28;9;18.28;31.13;17.34;NA;35.47;18.51;28.02;22.11;11.26;NA;NA;NA;
28;10;24.1;40.64;31.67;NA;41.84;29.63;33.63;49.68;13.96;NA;NA;NA;
28;11;33.28;62.93;49.74;NA;57.8;46.81;50.44;59.04;15.38;NA;NA;NA;
28;12;43.41;71.44;66.68;NA;81.97;69.12;63.54;74.9;ND;NA;NA;NA;
28;13;36.27;65.4;67.27;NA;70.85;71.59;61.88;63.51;49.56;NA;NA;NA;
28;14;30.85;55.51;49.95;NA;30.28;43.66;54.78;65.33;ND;NA;NA;NA;
28;15;ND;47.48;14.14;NA;20.6;16.55;36.78;47.97;28.37;NA;NA;NA;
28;16;ND;27.73;4.78;NA;13.86;13.98;29.01;42.8;22.49;NA;NA;NA;
28;17;3.04;13.28;3.01;NA;20.52;6.97;17.57;9.03;9.47;NA;NA;NA;
28;18;2.95;11.24;2.21;NA;15;4.81;2.04;5.3;1.76;NA;NA;NA;
28;19;3.58;11.78;0.89;NA;11.07;0.53;1.3;12.7;1.43;NA;NA;NA;
28;20;1.89;4.2;0.74;NA;3.12;ND;3.4;5.76;2.02;NA;NA;NA;
28;21;1.02;1.36;0.88;NA;4.56;0.92;1.95;0.9;0.43;NA;NA;NA;
28;22;0.87;3.11;0.97;NA;3.81;0.58;1.41;0.35;0.28;NA;NA;NA;
28;23;1;0.78;1.03;NA;2.28;0.65;8.02;0.35;0.17;NA;NA;NA;
29;0;0.55;1.02;0.5;NA;8;0.7;20.44;0.37;0.34;NA;NA;NA;
29;1;0.71;1.33;0.15;NA;6.04;0.4;ND;0.06;ND;NA;NA;NA;
29;2;0.62;ND;ND;NA;ND;0.64;13;0.19;0.3;NA;NA;NA;
29;3;0.78;1.13;0.36;NA;5.69;0.49;11.09;0.22;0.41;NA;NA;NA;
29;4;0.73;1.28;0.36;NA;3.03;0.71;12.91;0.19;0.41;NA;NA;NA;
29;5;0.66;2.8;0.24;NA;3.9;0.79;2.55;0.26;0.56;NA;NA;NA;
29;6;2.02;3.5;0.63;NA;6.91;1.17;2.07;0.98;0.86;NA;NA;NA;
29;7;3.32;5.16;2.67;NA;9.37;2.54;8.42;2.83;1.88;NA;NA;NA;
29;8;10.62;12.99;7.34;NA;15.96;8.49;16.96;6.67;7.4;NA;NA;NA;
29;9;17.22;30.99;18.09;NA;33.33;25.15;30.04;16.5;18.74;NA;NA;NA;
29;10;28.03;53.57;34.81;NA;63.15;41.87;32.71;38.53;31.79;NA;NA;NA;
29;11;27.13;56.82;54.48;NA;45.78;49.98;33.78;61.71;16.3;NA;NA;NA;
29;12;21.33;63.56;42.22;NA;41.14;42.12;33.34;79.38;60.73;NA;NA;NA;
29;13;15.72;36.28;18.96;NA;35.51;22.52;26.86;68.37;65;NA;NA;NA;
29;14;13.05;28.14;13.21;NA;20.97;12.68;29.29;ND;36.22;NA;NA;NA;
29;15;12.93;35.67;18.58;NA;25.1;17.62;37.93;36.93;19.94;NA;NA;NA;
29;16;13.02;34.11;13.43;NA;19.95;11.51;29.67;ND;34.15;NA;NA;NA;
29;17;11.21;27.87;10.68;NA;15.91;9.05;10.53;37.55;26.22;NA;NA;NA;
29;18;7.27;24.96;5.42;NA;8.74;1.49;2.8;32.25;5.7;NA;NA;NA;
29;19;3.5;17.64;1.92;NA;5.3;0.15;4.09;27.52;22.28;NA;NA;NA;
29;20;0.89;14.19;0.49;NA;7.96;0.08;3.17;23.17;9.96;NA;NA;NA;
29;21;1.52;7.89;0.27;NA;14.93;0.07;5.88;13.82;21.23;NA;NA;NA;
29;22;1.03;6.47;0.36;NA;22.51;0.04;5.63;11.59;9.69;NA;NA;NA;
29;23;1.1;8.21;0.13;NA;18.53;0.02;0.82;7.66;17.2;NA;NA;NA;
30;0;0.94;4.79;0.36;NA;7.12;0.3;2.42;ND;4.09;NA;NA;NA;
30;1;0.84;11.85;0.4;NA;6.87;0.57;15.71;13.51;0.55;NA;NA;NA;
30;2;ND;4.98;0.34;NA;14.08;ND;12.89;5.57;0.27;NA;NA;NA;
30;3;0.84;1.02;0.22;NA;13.48;2.1;4.23;0.42;0.37;NA;NA;NA;
30;4;0.6;4.74;0.86;NA;2.08;1.18;4.8;0.63;0.37;NA;NA;NA;
30;5;1.08;2.93;0.34;NA;12.47;0.07;6.44;0.33;0.3;NA;NA;NA;
30;6;1.68;2.87;1.09;NA;2.65;0.36;7.01;0.51;0.57;NA;NA;NA;
30;7;3.39;5.87;6.74;NA;5.82;4.06;14.06;2.52;2.32;NA;NA;NA;
30;8;11.07;13.69;15.34;NA;26.21;17.65;25.9;8.79;7.45;NA;NA;NA;
30;9;18.54;34.46;27;NA;41.75;29.6;34.32;23.54;26.05;NA;NA;NA;
30;10;28.2;48.2;39.7;NA;57.11;49.03;54.81;44.83;44;NA;NA;NA;
30;11;38.26;70.17;57.23;NA;65.92;50.38;91.46;70.53;26.54;NA;NA;NA;
30;12;28.03;77.14;67.11;NA;71.99;68.84;62.38;89.04;36.95;NA;NA;NA;
30;13;22.74;45.95;55.17;NA;29.11;48.6;48.97;89.69;83.22;NA;NA;NA;
30;14;20.4;41.77;29.31;NA;30.77;28;34.14;57.13;53.2;NA;NA;NA;
30;15;22.71;43.39;29.72;NA;29.82;26.27;34.9;44.55;34.38;NA;NA;NA;
30;16;18.48;40.36;31.69;NA;27.85;27.85;46.82;41.96;20;NA;NA;NA;
30;17;14.92;35.68;15.42;NA;22.09;18.29;21.67;40.18;15.83;NA;NA;NA;
30;18;7.35;27.29;11.33;NA;10.19;7.13;15.74;32.01;10.36;NA;NA;NA;
30;19;3.16;22.45;7.63;NA;12.33;4.42;16.13;30.7;17.51;NA;NA;NA;
30;20;2.38;18.69;3.15;NA;18.03;3.32;16.02;22.48;19.34;NA;NA;NA;
30;21;0.97;12.09;1.92;NA;15.67;1.25;25.91;4.82;7.04;NA;NA;NA;
30;22;0.85;10.35;7.28;NA;13.84;0.29;21.94;3.29;2.38;NA;NA;NA;
30;23;0.78;1.95;5.66;NA;14.39;0.24;16.33;5.55;2.45;NA;NA;NA;
