DIA;HORA;Cotocollao;Carapungo;Belisario;Jipijapa;El Camal;Centro;Guamaní;Tumbaco;Los Chillos;El Condado;Turubamba;Chillogallo;
1;0;ND;0.27;0.48;NA;0.13;ND;ND;NA;ND;NA;NA;NA;
1;1;0.35;0.25;0.41;NA;0.1;0.84;0.25;NA;ND;NA;NA;NA;
1;2;0.36;0.24;0.42;NA;0.06;0.64;0.21;NA;ND;NA;NA;NA;
1;3;0.44;0.33;0.26;NA;0.02;0.56;0.18;NA;ND;NA;NA;NA;
1;4;0.53;0.3;0.23;NA;0.17;0.7;0.19;NA;ND;NA;NA;NA;
1;5;0.7;0.34;0.35;NA;0.53;0.82;0.23;NA;ND;NA;NA;NA;
1;6;2.27;1.13;0.7;NA;0.92;1.1;0.38;NA;ND;NA;NA;NA;
1;7;1.48;0.98;0.88;NA;0.62;1.29;0.42;NA;ND;NA;NA;NA;
1;8;0.82;0.75;0.86;NA;0.25;0.71;0.34;NA;ND;NA;NA;NA;
1;9;0.53;0.41;0.58;NA;0.2;0.69;0.31;NA;ND;NA;NA;NA;
1;10;0.59;0.23;0.59;NA;0.36;ND;0.31;NA;ND;NA;NA;NA;
1;11;0.51;0.28;0.43;NA;ND;ND;0.36;NA;ND;NA;NA;NA;
1;12;0.39;0.31;0.41;NA;ND;0.34;0.32;NA;ND;NA;NA;NA;
1;13;0.35;0.39;0.48;NA;ND;0.39;0.35;NA;ND;NA;NA;NA;
1;14;0.39;0.28;0.46;NA;ND;0.34;0.37;NA;ND;NA;NA;NA;
1;15;0.41;0.29;0.45;NA;0.39;0.45;0.55;NA;ND;NA;NA;NA;
1;16;0.41;0.26;0.55;NA;0.44;0.46;0.69;NA;ND;NA;NA;NA;
1;17;0.43;0.3;0.92;NA;0.46;0.9;0.92;NA;ND;NA;NA;NA;
1;18;0.51;0.45;1.28;NA;0.71;0.93;0.92;NA;ND;NA;NA;NA;
1;19;0.78;0.44;1.07;NA;1.17;1.09;0.6;NA;ND;NA;NA;NA;
1;20;1;0.29;1.53;NA;1.64;1.76;0.75;NA;ND;NA;NA;NA;
1;21;1.19;0.49;2.02;NA;1.21;1.7;0.6;NA;ND;NA;NA;NA;
1;22;1.3;0.77;1.75;NA;0.78;0.8;0.37;NA;ND;NA;NA;NA;
1;23;1.26;0.3;0.93;NA;0.19;0.54;0.33;NA;ND;NA;NA;NA;
2;0;0.54;ND;ND;NA;ND;0.86;0.29;NA;ND;NA;NA;NA;
2;1;0.6;0.19;0.71;NA;0.4;0.9;0.28;NA;ND;NA;NA;NA;
2;2;0.66;0.15;0.56;NA;0.28;0.66;0.27;NA;ND;NA;NA;NA;
2;3;0.55;0.14;0.53;NA;0.29;0.6;2.05;NA;ND;NA;NA;NA;
2;4;0.53;0.16;0.5;NA;0.26;0.49;0.74;NA;ND;NA;NA;NA;
2;5;0.78;0.2;0.54;NA;0.42;0.53;0.37;NA;ND;NA;NA;NA;
2;6;1.3;0.44;0.64;NA;0.62;0.67;1.49;NA;ND;NA;NA;NA;
2;7;1.18;0.56;0.85;NA;0.73;0.98;1.35;NA;ND;NA;NA;NA;
2;8;0.84;0.64;0.98;NA;0.88;1.08;0.37;NA;ND;NA;NA;NA;
2;9;0.84;0.46;0.93;NA;0.59;1.07;0.44;NA;ND;NA;NA;NA;
2;10;0.51;0.36;0.65;NA;0.39;0.82;0.46;NA;ND;NA;NA;NA;
2;11;0.44;0.36;0.58;NA;0.36;0.54;0.5;NA;ND;NA;NA;NA;
2;12;0.42;0.39;0.51;NA;0.22;0.39;0.54;NA;ND;NA;NA;NA;
2;13;0.41;0.37;0.39;NA;0.23;0.47;0.5;NA;ND;NA;NA;NA;
2;14;0.42;0.32;0.39;NA;0.34;0.56;1.1;NA;ND;NA;NA;NA;
2;15;0.46;0.38;0.51;NA;0.38;0.89;1.18;NA;ND;NA;NA;NA;
2;16;0.47;0.38;0.79;NA;0.46;0.88;0.74;NA;ND;NA;NA;NA;
2;17;0.51;0.38;0.83;NA;0.59;0.89;0.84;NA;ND;NA;NA;NA;
2;18;0.72;0.39;0.84;NA;0.56;0.94;0.87;NA;ND;NA;NA;NA;
2;19;0.7;0.34;0.95;NA;0.93;1.01;1.18;NA;ND;NA;NA;NA;
2;20;0.77;0.31;1.1;NA;0.89;1.05;1.21;NA;ND;NA;NA;NA;
2;21;1.29;0.4;0.92;NA;0.45;1.01;0.7;NA;ND;NA;NA;NA;
2;22;1.13;0.49;0.9;NA;0.44;0.86;0.55;NA;ND;NA;NA;NA;
2;23;0.97;0.33;0.68;NA;0.45;0.82;0.37;NA;ND;NA;NA;NA;
3;0;ND;0.2;0.62;NA;0.49;ND;ND;NA;ND;NA;NA;NA;
3;1;0.61;0.18;0.4;NA;0.42;0.64;0.3;NA;ND;NA;NA;NA;
3;2;0.58;0.21;0.34;NA;0.22;0.59;0.28;NA;ND;NA;NA;NA;
3;3;0.48;0.26;0.38;NA;0.24;0.49;0.32;NA;ND;NA;NA;NA;
3;4;0.64;0.28;0.47;NA;0.29;0.53;0.31;NA;ND;NA;NA;NA;
3;5;0.67;0.3;0.46;NA;0.66;0.66;0.45;NA;ND;NA;NA;NA;
3;6;0.97;0.57;0.8;NA;1.24;1.15;0.35;NA;ND;NA;NA;NA;
3;7;1.01;0.4;0.79;NA;1.13;0.81;0.33;NA;ND;NA;NA;NA;
3;8;0.88;0.42;0.45;NA;0.45;0.45;0.29;NA;ND;NA;NA;NA;
3;9;0.6;0.39;0.48;NA;0.23;0.43;0.29;NA;ND;NA;NA;NA;
3;10;0.45;0.36;0.39;NA;0.29;0.45;0.31;NA;ND;NA;NA;NA;
3;11;0.46;0.36;0.37;NA;0.26;0.42;0.36;NA;ND;NA;NA;NA;
3;12;0.45;0.34;0.42;NA;0.29;0.43;0.53;NA;ND;NA;NA;NA;
3;13;0.41;0.31;0.38;NA;0.35;0.47;0.59;NA;ND;NA;NA;NA;
3;14;0.4;0.29;0.36;NA;0.33;0.49;0.58;NA;ND;NA;NA;NA;
3;15;0.43;0.36;0.36;NA;0.3;0.6;0.63;NA;ND;NA;NA;NA;
3;16;0.49;0.32;0.65;NA;0.39;0.76;0.72;NA;ND;NA;NA;NA;
3;17;0.52;0.31;0.73;NA;0.44;0.89;0.74;NA;ND;NA;NA;NA;
3;18;0.61;0.3;0.57;NA;0.42;0.77;0.61;NA;ND;NA;NA;NA;
3;19;0.59;0.3;0.62;NA;0.44;0.84;0.55;NA;ND;NA;NA;NA;
3;20;0.58;0.31;0.66;NA;0.43;0.59;0.55;NA;ND;NA;NA;NA;
3;21;0.57;0.23;0.59;NA;0.38;0.58;0.55;NA;ND;NA;NA;NA;
3;22;0.81;0.26;0.52;NA;0.42;0.57;0.51;NA;ND;NA;NA;NA;
3;23;0.61;0.27;0.52;NA;0.38;0.58;0.48;NA;ND;NA;NA;NA;
4;0;0.59;ND;ND;NA;ND;0.53;0.39;NA;ND;NA;NA;NA;
4;1;0.57;0.26;0.41;NA;0.22;0.47;0.37;NA;ND;NA;NA;NA;
4;2;0.61;0.24;0.39;NA;0.2;0.51;0.36;NA;ND;NA;NA;NA;
4;3;0.63;0.19;0.38;NA;0.21;0.44;0.42;NA;ND;NA;NA;NA;
4;4;0.59;0.2;0.38;NA;0.42;0.57;0.42;NA;ND;NA;NA;NA;
4;5;0.55;0.22;0.39;NA;0.51;0.66;0.73;NA;ND;NA;NA;NA;
4;6;0.59;0.23;0.47;NA;0.59;0.62;1.12;NA;ND;NA;NA;NA;
4;7;0.59;0.37;0.56;NA;0.63;0.71;0.67;NA;ND;NA;NA;NA;
4;8;0.59;0.37;0.63;NA;0.5;0.71;0.45;NA;ND;NA;NA;NA;
4;9;0.57;0.32;0.61;NA;0.53;0.63;0.37;NA;ND;NA;NA;NA;
4;10;0.41;0.39;0.39;NA;0.35;0.4;0.35;NA;ND;NA;NA;NA;
4;11;0.43;0.33;0.37;NA;0.25;0.38;0.39;NA;ND;NA;NA;NA;
4;12;0.42;0.29;0.33;NA;0.21;0.41;0.44;NA;ND;NA;NA;NA;
4;13;0.38;0.32;0.33;NA;0.26;0.36;0.47;NA;ND;NA;NA;NA;
4;14;0.43;0.33;0.33;NA;0.27;0.4;0.5;NA;ND;NA;NA;NA;
4;15;0.43;0.32;0.35;NA;0.43;0.49;0.64;NA;ND;NA;NA;NA;
4;16;0.43;0.32;0.41;NA;0.48;0.51;0.78;NA;ND;NA;NA;NA;
4;17;0.48;0.36;0.66;NA;0.45;0.61;0.95;NA;ND;NA;NA;NA;
4;18;0.56;0.42;0.67;NA;0.63;0.61;0.91;NA;ND;NA;NA;NA;
4;19;0.61;0.39;0.71;NA;0.71;0.74;0.92;NA;ND;NA;NA;NA;
4;20;0.77;0.34;0.67;NA;0.64;0.78;0.62;NA;ND;NA;NA;NA;
4;21;0.77;0.43;0.55;NA;0.44;0.67;0.53;NA;ND;NA;NA;NA;
4;22;0.79;0.42;0.7;NA;0.39;0.65;0.55;NA;ND;NA;NA;NA;
4;23;0.93;0.39;0.61;NA;0.45;0.76;0.55;NA;ND;NA;NA;NA;
5;0;ND;0.37;0.57;NA;0.43;ND;ND;NA;ND;NA;NA;NA;
5;1;0.61;0.33;0.54;NA;0.49;0.65;0.4;NA;ND;NA;NA;NA;
5;2;0.59;0.28;0.45;NA;0.6;0.66;0.34;NA;ND;NA;NA;NA;
5;3;0.49;0.25;0.47;NA;0.37;0.6;0.44;NA;ND;NA;NA;NA;
5;4;0.48;0.21;0.38;NA;0.39;0.5;0.49;NA;ND;NA;NA;NA;
5;5;0.46;0.2;0.34;NA;0.58;0.56;0.5;NA;ND;NA;NA;NA;
5;6;0.48;0.28;0.4;NA;0.66;0.88;0.54;NA;ND;NA;NA;NA;
5;7;0.61;0.36;0.49;NA;0.5;0.71;0.54;NA;ND;NA;NA;NA;
5;8;0.62;0.33;0.54;NA;0.46;0.61;0.43;NA;ND;NA;NA;NA;
5;9;0.61;0.38;0.49;NA;0.42;0.64;0.38;NA;ND;NA;NA;NA;
5;10;0.51;0.39;0.45;NA;0.49;0.54;0.4;NA;ND;NA;NA;NA;
5;11;0.44;0.35;0.37;NA;0.4;0.42;0.43;NA;ND;NA;NA;NA;
5;12;0.43;0.38;0.36;NA;0.3;0.42;0.41;NA;ND;NA;NA;NA;
5;13;0.46;0.34;0.38;NA;0.35;0.45;0.52;NA;ND;NA;NA;NA;
5;14;0.46;0.35;0.37;NA;0.47;0.47;0.63;NA;ND;NA;NA;NA;
5;15;0.44;0.37;0.36;NA;0.58;0.51;1.04;NA;ND;NA;NA;NA;
5;16;0.48;0.43;0.48;NA;0.54;0.55;0.83;NA;ND;NA;NA;NA;
5;17;0.5;0.41;0.62;NA;0.5;0.67;0.97;NA;ND;NA;NA;NA;
5;18;0.64;0.39;0.68;NA;0.55;0.72;0.8;NA;ND;NA;NA;NA;
5;19;0.64;0.31;0.67;NA;0.62;0.68;0.65;NA;ND;NA;NA;NA;
5;20;0.75;0.3;0.63;NA;0.59;0.67;0.57;NA;ND;NA;NA;NA;
5;21;0.68;0.36;0.57;NA;0.54;0.63;0.56;NA;ND;NA;NA;NA;
5;22;0.74;0.3;0.54;NA;0.4;0.72;0.5;NA;ND;NA;NA;NA;
5;23;0.57;0.29;0.54;NA;0.4;0.61;0.49;NA;ND;NA;NA;NA;
6;0;0.52;ND;ND;NA;ND;0.74;0.4;NA;ND;NA;NA;NA;
6;1;0.5;0.21;0.46;NA;0.46;0.51;0.4;NA;ND;NA;NA;NA;
6;2;0.49;0.19;0.38;NA;0.37;0.47;0.46;NA;ND;NA;NA;NA;
6;3;0.43;0.19;0.39;NA;0.32;0.5;0.61;NA;ND;NA;NA;NA;
6;4;0.43;0.19;0.34;NA;0.29;0.46;0.44;NA;ND;NA;NA;NA;
6;5;0.43;0.19;0.35;NA;0.43;0.48;0.45;NA;ND;NA;NA;NA;
6;6;0.51;0.19;0.45;NA;0.59;0.79;0.54;NA;ND;NA;NA;NA;
6;7;0.59;0.28;0.6;NA;0.9;0.81;0.43;NA;ND;NA;NA;NA;
6;8;0.6;0.36;0.65;NA;0.73;0.73;0.51;NA;ND;NA;NA;NA;
6;9;0.63;0.41;0.69;NA;0.5;0.63;0.42;NA;ND;NA;NA;NA;
6;10;0.59;0.42;0.74;NA;0.65;0.67;0.46;NA;ND;NA;NA;NA;
6;11;0.52;0.46;0.82;NA;0.61;0.72;0.49;NA;ND;NA;NA;NA;
6;12;0.49;0.4;0.59;NA;0.47;0.68;0.56;NA;ND;NA;NA;NA;
6;13;0.44;0.37;0.47;NA;0.54;0.5;0.61;NA;ND;NA;NA;NA;
6;14;0.42;0.4;0.42;NA;0.58;0.51;0.65;NA;ND;NA;NA;NA;
6;15;0.44;0.4;0.46;NA;0.5;0.52;0.7;NA;ND;NA;NA;NA;
6;16;0.5;0.39;0.63;NA;0.49;0.63;0.71;NA;ND;NA;NA;NA;
6;17;0.6;0.39;0.61;NA;0.57;0.49;0.7;NA;ND;NA;NA;NA;
6;18;0.65;0.4;0.73;NA;0.58;0.43;0.86;NA;ND;NA;NA;NA;
6;19;0.56;0.34;0.77;NA;0.49;0.64;0.74;NA;ND;NA;NA;NA;
6;20;0.59;0.31;0.51;NA;0.42;0.58;0.67;NA;ND;NA;NA;NA;
6;21;0.57;0.31;0.43;NA;0.36;0.58;0.46;NA;ND;NA;NA;NA;
6;22;0.5;0.21;0.37;NA;0.35;0.5;0.54;NA;ND;NA;NA;NA;
6;23;0.51;0.2;0.39;NA;0.39;0.59;0.49;NA;ND;NA;NA;NA;
7;0;ND;0.19;0.32;NA;0.24;ND;ND;NA;ND;NA;NA;NA;
7;1;0.38;0.18;0.27;NA;0.19;0.31;0.36;NA;ND;NA;NA;NA;
7;2;0.35;0.15;0.24;NA;0.21;0.31;0.34;NA;ND;NA;NA;NA;
7;3;0.35;0.15;0.25;NA;0.18;0.33;0.32;NA;ND;NA;NA;NA;
7;4;0.36;0.15;0.26;NA;0.22;0.33;0.34;NA;ND;NA;NA;NA;
7;5;0.48;0.22;0.3;NA;0.52;0.38;0.62;NA;ND;NA;NA;NA;
7;6;0.82;0.48;0.83;NA;1.18;0.76;0.81;NA;ND;NA;NA;NA;
7;7;1.36;1.12;1.27;NA;1.46;1.41;0.57;NA;ND;NA;NA;NA;
7;8;1.22;0.77;1.28;NA;0.92;1.29;0.49;NA;ND;NA;NA;NA;
7;9;0.89;0.41;1.19;NA;0.88;0.93;0.47;NA;ND;NA;NA;NA;
7;10;0.69;0.34;0.97;NA;0.79;0.79;0.52;NA;ND;NA;NA;NA;
7;11;0.55;0.35;1.26;NA;0.74;0.93;0.68;NA;ND;NA;NA;NA;
7;12;0.52;0.38;1.48;NA;ND;1.29;0.97;NA;ND;NA;NA;NA;
7;13;0.51;ND;0.87;NA;0.67;1.28;0.59;NA;ND;NA;NA;NA;
7;14;0.5;ND;1.31;NA;0.6;0.92;0.79;NA;ND;NA;NA;NA;
7;15;1.03;ND;1.5;NA;0.65;0.79;0.68;NA;ND;NA;NA;NA;
7;16;0.98;ND;1.25;NA;0.49;1.2;0.66;NA;ND;NA;NA;NA;
7;17;0.47;ND;1.88;NA;0.44;1.26;0.74;NA;ND;NA;NA;NA;
7;18;0.52;0.76;1.86;NA;0.39;1.2;0.95;NA;ND;NA;NA;NA;
7;19;1.36;0.59;1.12;NA;0.48;1.04;0.82;NA;ND;NA;NA;NA;
7;20;1.11;0.42;0.91;NA;0.62;0.98;0.58;NA;ND;NA;NA;NA;
7;21;0.73;0.37;0.61;NA;0.45;0.83;0.52;NA;ND;NA;NA;NA;
7;22;0.61;0.41;0.49;NA;0.61;0.66;0.43;NA;ND;NA;NA;NA;
7;23;0.6;0.34;0.39;NA;0.51;0.43;0.43;NA;ND;NA;NA;NA;
8;0;0.49;0.3;ND;NA;0.27;0.4;0.35;NA;ND;NA;NA;NA;
8;1;0.45;0.26;0.3;NA;0.2;0.34;0.34;NA;ND;NA;NA;NA;
8;2;0.45;0.27;0.28;NA;0.2;0.35;0.35;NA;ND;NA;NA;NA;
8;3;0.43;0.32;0.26;NA;0.23;0.38;0.35;NA;ND;NA;NA;NA;
8;4;0.43;0.29;0.26;NA;0.24;0.35;0.42;NA;ND;NA;NA;NA;
8;5;0.56;0.3;0.3;NA;0.49;0.41;0.47;NA;ND;NA;NA;NA;
8;6;0.98;0.66;0.65;NA;1.35;0.66;0.61;NA;ND;NA;NA;NA;
8;7;1.15;0.79;1.07;NA;1.63;1.1;0.69;NA;ND;NA;NA;NA;
8;8;1.27;0.95;1.61;NA;1.47;1.53;0.89;NA;ND;NA;NA;NA;
8;9;1.18;0.77;1.83;NA;0.81;1.47;0.64;NA;ND;NA;NA;NA;
8;10;1.01;ND;1.15;NA;0.78;0.92;0.68;NA;ND;NA;NA;NA;
8;11;1.19;ND;1.23;NA;0.72;1.04;ND;NA;ND;NA;NA;NA;
8;12;0.54;1.04;1.09;NA;0.84;1.47;ND;NA;ND;NA;NA;NA;
8;13;0.44;0.84;0.49;NA;0.97;1.03;0.56;NA;ND;NA;NA;NA;
8;14;0.39;0.48;0.48;NA;0.46;0.64;ND;NA;ND;NA;NA;NA;
8;15;0.42;ND;0.82;NA;0.42;0.5;0.52;NA;ND;NA;NA;NA;
8;16;0.41;0.49;1.15;NA;0.35;0.55;0.57;NA;ND;NA;NA;NA;
8;17;0.52;0.5;1.14;NA;0.4;0.66;0.63;NA;ND;NA;NA;NA;
8;18;0.97;0.48;1.34;NA;0.55;1.01;2;NA;ND;NA;NA;NA;
8;19;0.74;0.47;1.09;NA;0.63;0.98;1.61;NA;ND;NA;NA;NA;
8;20;0.88;0.34;0.95;NA;0.96;0.88;0.79;NA;ND;NA;NA;NA;
8;21;0.61;0.31;0.89;NA;0.8;0.87;0.82;NA;ND;NA;NA;NA;
8;22;0.56;0.3;0.71;NA;0.66;0.69;0.6;NA;ND;NA;NA;NA;
8;23;0.51;0.22;0.47;NA;0.62;0.51;0.46;NA;ND;NA;NA;NA;
9;0;ND;ND;0.41;NA;ND;ND;0.44;NA;ND;NA;NA;NA;
9;1;0.47;0.2;0.4;NA;0.38;0.52;0.48;NA;ND;NA;NA;NA;
9;2;0.46;0.19;0.36;NA;0.26;0.48;0.41;NA;ND;NA;NA;NA;
9;3;0.46;0.19;0.33;NA;0.21;0.44;0.37;NA;ND;NA;NA;NA;
9;4;0.47;0.18;0.34;NA;0.2;0.48;0.45;NA;ND;NA;NA;NA;
9;5;0.53;0.29;0.39;NA;0.54;0.66;0.93;NA;ND;NA;NA;NA;
9;6;1.35;0.71;0.75;NA;1.6;1.63;2.42;NA;ND;NA;NA;NA;
9;7;1.49;0.72;1.26;NA;2.06;1.8;1.67;NA;ND;NA;NA;NA;
9;8;1.53;0.76;1.5;NA;1.69;1.5;0.68;NA;ND;NA;NA;NA;
9;9;1.06;0.54;1.06;NA;0.75;0.83;0.4;NA;ND;NA;NA;NA;
9;10;0.71;0.6;0.98;NA;0.46;0.69;0.5;NA;ND;NA;NA;NA;
9;11;0.5;0.54;0.85;NA;0.51;0.87;ND;NA;ND;NA;NA;NA;
9;12;0.46;0.56;0.68;NA;0.67;0.74;ND;NA;ND;NA;NA;NA;
9;13;0.42;0.54;0.63;NA;0.66;0.71;0.52;NA;ND;NA;NA;NA;
9;14;0.42;0.48;0.72;NA;0.65;0.59;0.5;NA;ND;NA;NA;NA;
9;15;0.42;0.48;0.96;NA;0.59;0.7;0.46;NA;ND;NA;NA;NA;
9;16;0.43;0.48;1.14;NA;0.46;0.72;0.54;NA;ND;NA;NA;NA;
9;17;0.7;0.42;1.07;NA;0.49;1.07;0.55;NA;ND;NA;NA;NA;
9;18;0.9;0.54;1.3;NA;0.67;1.19;0.53;NA;ND;NA;NA;NA;
9;19;0.72;0.77;0.97;NA;1.24;1.19;0.5;NA;ND;NA;NA;NA;
9;20;0.87;0.52;0.83;NA;1.1;1.3;0.47;NA;ND;NA;NA;NA;
9;21;0.61;0.3;0.82;NA;0.8;0.68;0.36;NA;ND;NA;NA;NA;
9;22;0.57;0.29;0.7;NA;0.5;0.62;0.33;NA;ND;NA;NA;NA;
9;23;0.55;0.26;0.49;NA;0.43;0.53;0.32;NA;ND;NA;NA;NA;
10;0;0.53;0.25;ND;NA;0.25;0.45;ND;NA;ND;NA;NA;NA;
10;1;0.48;0.22;0.33;NA;0.24;0.37;0.34;NA;ND;NA;NA;NA;
10;2;0.42;0.2;0.3;NA;0.22;0.37;0.33;NA;ND;NA;NA;NA;
10;3;0.41;0.18;0.3;NA;0.25;0.39;0.32;NA;ND;NA;NA;NA;
10;4;0.42;0.19;0.33;NA;0.31;0.4;0.34;NA;ND;NA;NA;NA;
10;5;0.5;0.33;0.41;NA;0.62;0.49;0.63;NA;ND;NA;NA;NA;
10;6;0.87;0.92;1.05;NA;0.95;1.29;1.15;NA;ND;NA;NA;NA;
10;7;1.13;0.96;1.54;NA;1.37;2.08;1.34;NA;ND;NA;NA;NA;
10;8;1.13;0.6;1.84;NA;1.4;1.96;0.37;NA;ND;NA;NA;NA;
10;9;1;0.68;1.44;NA;0.42;1.03;0.27;NA;ND;NA;NA;NA;
10;10;0.88;0.73;1;NA;0.45;0.68;0.3;NA;ND;NA;NA;NA;
10;11;0.55;0.57;1.02;NA;0.48;0.94;0.42;NA;ND;NA;NA;NA;
10;12;ND;0.65;0.8;NA;0.64;0.55;0.57;NA;ND;NA;NA;NA;
10;13;ND;0.69;1.23;NA;0.64;ND;0.52;NA;ND;NA;NA;NA;
10;14;0.6;0.83;1.43;NA;0.49;ND;0.43;NA;ND;NA;NA;NA;
10;15;0.51;0.85;1.08;NA;0.65;ND;0.42;NA;ND;NA;NA;NA;
10;16;0.52;0.71;0.86;NA;0.99;1.1;0.5;NA;ND;NA;NA;NA;
10;17;0.59;0.91;1.19;NA;0.85;0.98;0.79;NA;ND;NA;NA;NA;
10;18;0.81;0.69;1.59;NA;1.12;1.84;1.22;NA;ND;NA;NA;NA;
10;19;0.89;0.81;1.04;NA;1.32;1.74;1.34;NA;ND;NA;NA;NA;
10;20;0.64;0.72;1.49;NA;1.33;1.79;1.44;NA;ND;NA;NA;NA;
10;21;0.44;0.36;1.14;NA;1.04;1.06;0.62;NA;ND;NA;NA;NA;
10;22;0.5;0.58;1.09;NA;1;0.91;0.55;NA;ND;NA;NA;NA;
10;23;0.43;0.37;0.89;NA;0.6;0.89;0.42;NA;ND;NA;NA;NA;
11;0;0.48;ND;0.77;NA;ND;0.92;0.37;NA;ND;NA;NA;NA;
11;1;0.29;0.2;0.43;NA;0.79;0.69;0.39;NA;ND;NA;NA;NA;
11;2;0.24;0.27;0.34;NA;0.48;0.45;0.46;NA;ND;NA;NA;NA;
11;3;0.24;0.2;0.31;NA;0.37;0.43;0.45;NA;ND;NA;NA;NA;
11;4;0.22;0.13;0.34;NA;0.42;0.44;0.48;NA;ND;NA;NA;NA;
11;5;0.33;0.2;0.4;NA;0.54;0.43;0.57;NA;ND;NA;NA;NA;
11;6;0.69;0.84;0.72;NA;0.87;0.64;0.71;NA;ND;NA;NA;NA;
11;7;0.99;0.98;1;NA;1.27;1.12;0.69;NA;ND;NA;NA;NA;
11;8;1.01;0.7;1.35;NA;1.35;1.43;0.74;NA;ND;NA;NA;NA;
11;9;0.81;0.49;1.39;NA;1.09;1.52;0.85;NA;ND;NA;NA;NA;
11;10;0.57;0.5;1.17;NA;1.01;1.36;1.05;NA;ND;NA;NA;NA;
11;11;0.36;0.59;1.16;NA;0.53;1.13;0.65;NA;ND;NA;NA;NA;
11;12;0.26;0.58;1.01;NA;0.71;0.64;0.68;NA;ND;NA;NA;NA;
11;13;0.24;0.46;ND;NA;0.71;0.72;0.6;NA;ND;NA;NA;NA;
11;14;0.23;0.43;ND;NA;0.52;0.83;0.77;NA;ND;NA;NA;NA;
11;15;0.27;0.4;1.15;NA;0.53;0.6;0.67;NA;ND;NA;NA;NA;
11;16;0.69;0.59;0.93;NA;0.94;0.96;0.83;NA;ND;NA;NA;NA;
11;17;0.6;0.58;1.16;NA;1.02;0.91;1.04;NA;ND;NA;NA;NA;
11;18;0.52;0.45;1.16;NA;0.59;0.79;1.06;NA;ND;NA;NA;NA;
11;19;0.68;0.54;1.22;NA;0.46;1.4;0.86;NA;ND;NA;NA;NA;
11;20;0.55;0.54;0.88;NA;0.51;1.25;0.78;NA;ND;NA;NA;NA;
11;21;0.33;0.27;0.79;NA;1.02;0.8;0.63;NA;ND;NA;NA;NA;
11;22;0.32;0.29;0.76;NA;1.07;0.59;0.49;NA;ND;NA;NA;NA;
11;23;0.28;0.18;0.62;NA;0.61;0.69;0.42;NA;ND;NA;NA;NA;
12;0;ND;0.13;0.45;NA;0.53;ND;ND;NA;ND;NA;NA;NA;
12;1;0.21;0.13;0.46;NA;0.4;0.46;0.35;NA;ND;NA;NA;NA;
12;2;0.27;0.15;0.5;NA;0.51;0.55;0.3;NA;ND;NA;NA;NA;
12;3;0.2;0.13;0.44;NA;0.34;0.65;0.29;NA;ND;NA;NA;NA;
12;4;0.2;0.11;0.5;NA;0.53;0.53;0.44;NA;ND;NA;NA;NA;
12;5;0.28;0.18;0.39;NA;0.66;0.72;0.68;NA;ND;NA;NA;NA;
12;6;0.6;0.64;0.74;NA;1.58;2.09;0.85;NA;ND;NA;NA;NA;
12;7;0.85;0.36;1.43;NA;1.59;2.53;1.2;NA;ND;NA;NA;NA;
12;8;0.77;0.29;2.39;NA;1.56;1.6;0.9;NA;ND;NA;NA;NA;
12;9;0.52;0.51;2.08;NA;1.41;1.9;0.44;NA;ND;NA;NA;NA;
12;10;0.4;0.51;1.49;NA;1.17;1.44;0.49;NA;ND;NA;NA;NA;
12;11;0.37;0.46;1.15;NA;0.82;1.15;0.58;NA;ND;NA;NA;NA;
12;12;0.34;0.43;1.03;NA;0.88;0.89;0.72;NA;ND;NA;NA;NA;
12;13;0.36;0.43;1.09;NA;0.67;0.71;0.62;NA;ND;NA;NA;NA;
12;14;0.6;0.54;0.77;NA;0.74;0.89;0.54;NA;ND;NA;NA;NA;
12;15;0.57;0.49;0.87;NA;0.48;0.66;0.6;NA;ND;NA;NA;NA;
12;16;0.61;0.54;0.91;NA;0.61;0.73;0.52;NA;ND;NA;NA;NA;
12;17;0.61;0.58;1.19;NA;0.94;0.93;0.58;NA;ND;NA;NA;NA;
12;18;0.89;0.46;1.57;NA;1.43;1.57;1.56;NA;ND;NA;NA;NA;
12;19;0.57;0.61;1.78;NA;1.27;1.78;1.81;NA;ND;NA;NA;NA;
12;20;1.48;0.76;1.72;NA;2.42;1.37;0.87;NA;ND;NA;NA;NA;
12;21;0.96;0.39;1.38;NA;2.77;1.59;1.04;NA;ND;NA;NA;NA;
12;22;1.11;0.36;1.24;NA;2.93;2.3;1.52;NA;ND;NA;NA;NA;
12;23;0.91;0.38;1.31;NA;1.21;1.47;2;NA;ND;NA;NA;NA;
13;0;1.02;ND;ND;NA;ND;1.12;1.56;NA;ND;NA;NA;NA;
13;1;0.97;0.42;0.72;NA;0.74;0.73;1.62;NA;ND;NA;NA;NA;
13;2;0.89;0.41;0.63;NA;0.7;0.78;1.4;NA;ND;NA;NA;NA;
13;3;0.66;0.29;0.67;NA;0.78;0.68;1.29;NA;ND;NA;NA;NA;
13;4;0.68;0.31;0.53;NA;0.54;0.57;1.42;NA;ND;NA;NA;NA;
13;5;0.72;0.39;0.56;NA;0.86;0.59;1.08;NA;ND;NA;NA;NA;
13;6;1.18;0.7;0.74;NA;1.23;1.05;0.76;NA;ND;NA;NA;NA;
13;7;0.68;0.94;0.88;NA;0.98;1.11;0.6;NA;ND;NA;NA;NA;
13;8;0.45;0.64;0.96;NA;1.1;0.95;0.49;NA;ND;NA;NA;NA;
13;9;0.41;0.65;0.68;NA;0.86;0.82;0.45;NA;ND;NA;NA;NA;
13;10;0.38;0.59;0.72;NA;0.72;0.67;0.53;NA;ND;NA;NA;NA;
13;11;0.25;0.56;0.67;NA;0.69;0.61;0.59;NA;ND;NA;NA;NA;
13;12;0.24;0.56;0.59;NA;0.54;0.54;0.55;NA;ND;NA;NA;NA;
13;13;0.24;0.53;0.51;NA;0.57;0.5;0.5;NA;ND;NA;NA;NA;
13;14;0.2;0.59;0.55;NA;0.52;0.5;0.5;NA;ND;NA;NA;NA;
13;15;0.19;0.54;0.6;NA;0.5;0.36;0.45;NA;ND;NA;NA;NA;
13;16;0.22;0.47;0.63;NA;0.63;0.51;0.5;NA;ND;NA;NA;NA;
13;17;0.38;0.41;0.69;NA;0.54;0.48;0.52;NA;ND;NA;NA;NA;
13;18;0.44;0.44;0.83;NA;0.82;0.71;0.66;NA;ND;NA;NA;NA;
13;19;0.47;0.38;1.13;NA;0.89;0.77;0.54;NA;ND;NA;NA;NA;
13;20;0.48;0.55;0.62;NA;0.52;0.59;0.48;NA;ND;NA;NA;NA;
13;21;0.37;0.32;0.56;NA;0.63;0.49;0.37;NA;ND;NA;NA;NA;
13;22;0.44;0.26;0.6;NA;0.51;0.56;0.36;NA;ND;NA;NA;NA;
13;23;0.38;0.22;0.51;NA;0.48;0.6;0.42;NA;ND;NA;NA;NA;
14;0;ND;0.2;0.38;NA;0.32;ND;ND;NA;ND;NA;NA;NA;
14;1;0.22;0.21;0.32;NA;0.3;0.35;0.31;NA;ND;NA;NA;NA;
14;2;0.33;0.24;0.33;NA;0.26;0.32;0.3;NA;ND;NA;NA;NA;
14;3;0.26;0.3;0.33;NA;0.25;0.31;0.29;NA;ND;NA;NA;NA;
14;4;0.38;0.28;0.33;NA;0.32;0.32;0.35;NA;ND;NA;NA;NA;
14;5;0.56;0.38;0.4;NA;0.5;0.39;0.7;NA;ND;NA;NA;NA;
14;6;1.05;0.87;0.74;NA;1.02;0.65;0.9;NA;ND;NA;NA;NA;
14;7;1.17;0.77;1.1;NA;1.18;1.14;0.95;NA;ND;NA;NA;NA;
14;8;1.09;0.59;1.17;NA;0.95;0.95;0.58;NA;ND;NA;NA;NA;
14;9;0.62;0.54;0.88;NA;0.62;0.88;0.33;NA;ND;NA;NA;NA;
14;10;0.45;0.55;0.93;NA;0.54;0.64;0.35;NA;ND;NA;NA;NA;
14;11;0.3;0.57;0.85;NA;0.43;0.72;0.36;NA;ND;NA;NA;NA;
14;12;0.21;0.6;0.82;NA;0.59;0.62;0.59;NA;ND;NA;NA;NA;
14;13;0.16;0.54;0.72;NA;0.54;0.51;0.41;NA;ND;NA;NA;NA;
14;14;0.16;0.39;0.52;NA;0.57;0.38;0.42;NA;ND;NA;NA;NA;
14;15;0.19;0.21;0.85;NA;0.6;0.42;0.43;NA;ND;NA;NA;NA;
14;16;0.2;0.26;1.06;NA;0.6;0.53;0.48;NA;ND;NA;NA;NA;
14;17;0.21;0.32;1;NA;0.55;0.58;0.44;NA;ND;NA;NA;NA;
14;18;0.59;0.5;1.36;NA;0.59;0.54;0.66;NA;ND;NA;NA;NA;
14;19;1.1;0.48;1.3;NA;0.84;0.82;0.78;NA;ND;NA;NA;NA;
14;20;0.98;0.38;1.28;NA;0.85;1.05;0.73;NA;ND;NA;NA;NA;
14;21;0.77;0.72;1.08;NA;0.78;0.95;0.52;NA;ND;NA;NA;NA;
14;22;1.18;0.86;0.96;NA;0.98;0.61;0.58;NA;ND;NA;NA;NA;
14;23;0.41;0.44;0.46;NA;0.86;0.65;0.37;NA;ND;NA;NA;NA;
15;0;0.29;ND;ND;NA;ND;0.64;0.26;NA;ND;NA;NA;NA;
15;1;0.31;0.15;0.59;NA;0.63;0.65;0.25;NA;ND;NA;NA;NA;
15;2;0.43;0.11;0.55;NA;0.51;0.5;0.33;NA;ND;NA;NA;NA;
15;3;0.45;0.18;0.47;NA;0.57;0.55;0.32;NA;ND;NA;NA;NA;
15;4;0.45;0.18;0.51;NA;0.61;0.54;0.45;NA;ND;NA;NA;NA;
15;5;0.69;0.3;0.69;NA;0.99;0.56;0.91;NA;ND;NA;NA;NA;
15;6;2.33;1.14;1.02;NA;1.62;1.63;2.02;NA;ND;NA;NA;NA;
15;7;2.74;1.11;1.62;NA;2.1;2.59;2.93;NA;ND;NA;NA;NA;
15;8;1.08;1.05;2.14;NA;2.03;2.19;1.66;NA;ND;NA;NA;NA;
15;9;1.07;0.65;2.24;NA;1.41;1.46;0.41;NA;ND;NA;NA;NA;
15;10;0.62;0.49;1.75;NA;1.02;1.71;ND;NA;ND;NA;NA;NA;
15;11;0.39;0.49;1.25;NA;0.79;0.92;ND;NA;ND;NA;NA;NA;
15;12;0.29;0.53;1.13;NA;0.69;0.75;0.47;NA;ND;NA;NA;NA;
15;13;0.19;0.51;0.74;NA;0.68;0.56;0.4;NA;ND;NA;NA;NA;
15;14;0.2;0.48;0.64;NA;0.64;0.43;0.46;NA;ND;NA;NA;NA;
15;15;0.21;0.52;0.44;NA;0.74;0.63;0.49;NA;ND;NA;NA;NA;
15;16;0.2;0.47;0.73;NA;0.65;0.53;0.48;NA;ND;NA;NA;NA;
15;17;0.19;0.43;0.88;NA;0.6;0.52;0.53;NA;ND;NA;NA;NA;
15;18;0.68;0.55;1.14;NA;0.77;0.67;0.61;NA;ND;NA;NA;NA;
15;19;0.66;0.44;1.26;NA;0.85;1.27;1.07;NA;ND;NA;NA;NA;
15;20;1.08;0.59;1.43;NA;1.29;0.95;0.94;NA;ND;NA;NA;NA;
15;21;0.76;0.38;1;NA;1.56;0.68;0.77;NA;ND;NA;NA;NA;
15;22;1.01;0.73;1.38;NA;1.71;0.98;0.69;NA;ND;NA;NA;NA;
15;23;0.61;0.46;0.85;NA;1.25;0.71;0.39;NA;ND;NA;NA;NA;
16;0;ND;0.33;0.52;NA;1.1;ND;ND;NA;ND;NA;NA;NA;
16;1;0.39;0.23;0.42;NA;0.83;0.66;0.32;NA;ND;NA;NA;NA;
16;2;0.32;0.23;0.53;NA;0.66;0.58;0.5;NA;ND;NA;NA;NA;
16;3;0.32;0.22;0.45;NA;0.54;0.57;0.3;NA;ND;NA;NA;NA;
16;4;0.26;0.26;0.44;NA;0.71;0.58;0.42;NA;ND;NA;NA;NA;
16;5;0.52;0.6;0.47;NA;1.01;0.86;0.99;NA;ND;NA;NA;NA;
16;6;1.3;1.66;1.72;NA;2.79;2.36;1.32;NA;ND;NA;NA;NA;
16;7;1.95;1.22;2.06;NA;2.73;2.09;0.37;NA;ND;NA;NA;NA;
16;8;1.16;0.55;1.71;NA;1.53;1.28;0.21;NA;ND;NA;NA;NA;
16;9;0.9;0.56;1.47;NA;0.63;1.07;0.22;NA;ND;NA;NA;NA;
16;10;0.49;0.52;1.18;NA;0.68;0.74;0.25;NA;ND;NA;NA;NA;
16;11;0.35;0.54;0.91;NA;0.74;0.81;0.38;NA;ND;NA;NA;NA;
16;12;0.21;0.51;0.76;NA;0.8;0.74;0.41;NA;ND;NA;NA;NA;
16;13;0.21;0.52;0.95;NA;0.71;0.65;0.41;NA;ND;NA;NA;NA;
16;14;0.19;0.53;1.07;NA;0.69;0.58;0.35;NA;ND;NA;NA;NA;
16;15;0.2;0.48;0.87;NA;0.7;0.56;0.35;NA;ND;NA;NA;NA;
16;16;0.27;0.47;0.87;NA;0.65;0.51;0.37;NA;ND;NA;NA;NA;
16;17;0.33;0.41;1.15;NA;0.68;0.57;0.43;NA;ND;NA;NA;NA;
16;18;0.62;0.4;1.23;NA;0.88;0.66;0.61;NA;ND;NA;NA;NA;
16;19;0.67;0.4;1.24;NA;1.06;0.92;0.54;NA;ND;NA;NA;NA;
16;20;0.47;0.35;1.14;NA;0.99;1.11;0.45;NA;ND;NA;NA;NA;
16;21;0.67;0.48;1.16;NA;0.94;1.15;0.32;NA;ND;NA;NA;NA;
16;22;1.02;0.69;0.99;NA;1.22;0.73;0.29;NA;ND;NA;NA;NA;
16;23;0.68;0.62;0.72;NA;0.89;0.52;0.24;NA;ND;NA;NA;NA;
17;0;0.45;ND;ND;NA;ND;0.31;0.39;NA;ND;NA;NA;NA;
17;1;0.27;0.21;0.4;NA;0.71;0.36;0.4;NA;ND;NA;NA;NA;
17;2;0.24;0.31;0.36;NA;0.66;0.28;0.3;NA;ND;NA;NA;NA;
17;3;0.16;0.41;0.34;NA;0.7;0.34;0.23;NA;ND;NA;NA;NA;
17;4;0.23;0.41;0.35;NA;0.74;0.38;0.35;NA;ND;NA;NA;NA;
17;5;0.43;0.97;0.5;NA;1.2;0.98;0.8;NA;ND;NA;NA;NA;
17;6;1.54;2.82;1;NA;2.52;1.81;1.98;NA;ND;NA;NA;NA;
17;7;1.66;1.04;1.35;NA;2.98;1.57;0.54;NA;ND;NA;NA;NA;
17;8;0.99;0.73;1.48;NA;1.59;1.57;0.21;NA;ND;NA;NA;NA;
17;9;0.87;0.49;0.94;NA;0.92;0.78;0.21;NA;ND;NA;NA;NA;
17;10;0.58;0.56;0.98;NA;ND;0.81;0.32;NA;ND;NA;NA;NA;
17;11;0.3;0.57;0.93;NA;0.48;0.7;0.31;NA;ND;NA;NA;NA;
17;12;0.21;0.56;0.9;NA;0.39;0.72;0.28;NA;ND;NA;NA;NA;
17;13;0.21;0.59;0.76;NA;0.49;0.65;0.29;NA;ND;NA;NA;NA;
17;14;0.22;0.44;0.81;NA;0.45;0.54;0.34;NA;ND;NA;NA;NA;
17;15;0.23;0.39;0.95;NA;0.38;0.54;0.35;NA;ND;NA;NA;NA;
17;16;0.37;0.36;1.07;NA;0.39;0.42;0.32;NA;ND;NA;NA;NA;
17;17;0.51;0.51;1.19;NA;0.59;0.47;0.43;NA;ND;NA;NA;NA;
17;18;0.61;0.44;1.01;NA;0.75;0.88;0.58;NA;ND;NA;NA;NA;
17;19;0.55;0.43;1.02;NA;0.8;1.04;0.57;NA;ND;NA;NA;NA;
17;20;0.52;0.62;0.9;NA;0.73;1.32;0.38;NA;ND;NA;NA;NA;
17;21;0.89;0.99;1.15;NA;0.96;0.83;0.33;NA;ND;NA;NA;NA;
17;22;1.3;0.73;0.82;NA;0.83;0.75;0.26;NA;ND;NA;NA;NA;
17;23;0.85;0.74;0.64;NA;0.85;1.05;0.24;NA;ND;NA;NA;NA;
18;0;ND;0.27;0.62;NA;0.71;ND;ND;NA;ND;NA;NA;NA;
18;1;0.5;0.63;0.55;NA;0.57;0.55;0.19;NA;ND;NA;NA;NA;
18;2;0.4;0.32;0.48;NA;0.56;0.52;0.19;NA;ND;NA;NA;NA;
18;3;0.41;0.28;0.57;NA;0.52;0.38;0.23;NA;ND;NA;NA;NA;
18;4;0.53;0.35;0.52;NA;0.6;0.43;0.4;NA;ND;NA;NA;NA;
18;5;0.73;1.13;0.6;NA;1.11;0.57;1.06;NA;ND;NA;NA;NA;
18;6;1.89;3.07;1.11;NA;1.84;1.78;1.95;NA;ND;NA;NA;NA;
18;7;1.59;0.83;1.51;NA;2.34;1.84;1.08;NA;ND;NA;NA;NA;
18;8;0.92;0.64;1.2;NA;1.02;1.34;0.28;NA;ND;NA;NA;NA;
18;9;0.4;0.43;1.24;NA;0.8;1.04;0.3;NA;ND;NA;NA;NA;
18;10;0.28;0.5;0.99;NA;0.56;1.11;0.41;NA;ND;NA;NA;NA;
18;11;0.2;0.39;0.85;NA;0.79;0.89;0.5;NA;ND;NA;NA;NA;
18;12;0.2;0.48;0.66;NA;0.62;0.73;0.38;NA;ND;NA;NA;NA;
18;13;0.18;0.51;0.61;NA;0.52;0.67;0.35;NA;ND;NA;NA;NA;
18;14;0.2;0.5;0.8;NA;0.51;0.48;0.38;NA;ND;NA;NA;NA;
18;15;0.19;0.54;0.92;NA;0.49;0.6;0.48;NA;ND;NA;NA;NA;
18;16;0.18;0.46;1.16;NA;0.55;0.62;0.48;NA;ND;NA;NA;NA;
18;17;0.26;0.36;1.07;NA;0.56;0.58;0.5;NA;ND;NA;NA;NA;
18;18;0.61;0.37;1.04;NA;0.8;0.72;0.63;NA;ND;NA;NA;NA;
18;19;0.92;0.73;0.9;NA;1;0.79;0.56;NA;ND;NA;NA;NA;
18;20;0.87;0.46;1.1;NA;0.92;0.98;0.38;NA;ND;NA;NA;NA;
18;21;0.48;0.36;0.79;NA;0.75;0.76;0.35;NA;ND;NA;NA;NA;
18;22;0.59;0.4;0.78;NA;0.69;0.72;0.33;NA;ND;NA;NA;NA;
18;23;0.71;0.34;0.7;NA;0.44;0.68;0.33;NA;ND;NA;NA;NA;
19;0;0.74;ND;ND;NA;ND;0.62;0.28;NA;ND;NA;NA;NA;
19;1;0.51;0.35;0.8;NA;0.56;0.47;0.25;NA;ND;NA;NA;NA;
19;2;0.49;0.4;0.56;NA;0.52;0.47;0.29;NA;ND;NA;NA;NA;
19;3;0.51;0.49;0.48;NA;0.58;0.53;0.37;NA;ND;NA;NA;NA;
19;4;0.24;0.38;0.61;NA;0.76;0.85;0.5;NA;ND;NA;NA;NA;
19;5;0.42;0.78;0.64;NA;1.06;0.88;1.06;NA;ND;NA;NA;NA;
19;6;1.03;1.73;0.99;NA;2;2.06;1.58;NA;ND;NA;NA;NA;
19;7;1.14;0.84;1.52;NA;2.36;1.93;1.45;NA;ND;NA;NA;NA;
19;8;0.53;0.75;1.32;NA;1.13;1.12;0.33;NA;ND;NA;NA;NA;
19;9;0.62;0.48;0.89;NA;0.66;1.1;0.2;NA;ND;NA;NA;NA;
19;10;0.46;0.39;0.7;NA;0.68;0.67;0.15;NA;ND;NA;NA;NA;
19;11;0.34;0.41;0.75;NA;0.52;0.6;0.27;NA;ND;NA;NA;NA;
19;12;0.19;0.51;0.76;NA;0.68;0.75;0.43;NA;ND;NA;NA;NA;
19;13;0.2;0.48;0.59;NA;0.65;0.56;0.54;NA;ND;NA;NA;NA;
19;14;0.22;0.53;0.54;NA;0.64;0.48;0.59;NA;ND;NA;NA;NA;
19;15;0.24;0.49;0.48;NA;0.58;0.61;0.56;NA;ND;NA;NA;NA;
19;16;0.28;0.4;0.55;NA;0.62;0.66;0.71;NA;ND;NA;NA;NA;
19;17;0.47;0.48;0.84;NA;0.53;0.61;0.75;NA;ND;NA;NA;NA;
19;18;0.67;0.48;0.83;NA;0.61;0.82;0.94;NA;ND;NA;NA;NA;
19;19;0.67;0.51;1.05;NA;1.15;0.85;0.67;NA;ND;NA;NA;NA;
19;20;0.89;0.6;0.9;NA;0.62;0.7;0.6;NA;ND;NA;NA;NA;
19;21;1.28;0.69;0.94;NA;0.91;1.01;0.34;NA;ND;NA;NA;NA;
19;22;0.57;0.59;0.88;NA;0.74;1.22;0.32;NA;ND;NA;NA;NA;
19;23;0.65;0.51;0.81;NA;0.39;1.02;0.29;NA;ND;NA;NA;NA;
20;0;ND;0.35;0.72;NA;0.64;ND;ND;NA;ND;NA;NA;NA;
20;1;0.52;0.47;0.65;NA;0.54;0.75;0.21;NA;ND;NA;NA;NA;
20;2;0.83;0.38;0.52;NA;0.5;0.5;0.32;NA;ND;NA;NA;NA;
20;3;0.73;0.41;0.46;NA;0.5;0.48;0.35;NA;ND;NA;NA;NA;
20;4;0.65;0.44;0.57;NA;0.55;0.49;0.51;NA;ND;NA;NA;NA;
20;5;0.61;0.85;0.6;NA;0.82;0.73;1.05;NA;ND;NA;NA;NA;
20;6;0.84;1.18;0.94;NA;1.22;1.01;1.81;NA;ND;NA;NA;NA;
20;7;0.76;0.86;1.24;NA;1.22;1.33;0.87;NA;ND;NA;NA;NA;
20;8;0.48;0.45;0.98;NA;0.95;1.04;0.65;NA;ND;NA;NA;NA;
20;9;0.39;0.47;0.83;NA;0.64;0.69;0.47;NA;ND;NA;NA;NA;
20;10;0.39;0.51;0.71;NA;0.66;0.6;0.26;NA;ND;NA;NA;NA;
20;11;0.32;0.49;0.62;NA;0.55;0.59;0.37;NA;ND;NA;NA;NA;
20;12;0.21;0.53;0.59;NA;0.69;0.54;0.36;NA;ND;NA;NA;NA;
20;13;0.25;0.5;0.58;NA;0.57;0.47;0.44;NA;ND;NA;NA;NA;
20;14;0.22;0.55;0.55;NA;0.56;0.45;0.47;NA;ND;NA;NA;NA;
20;15;0.23;0.51;0.59;NA;0.56;0.48;0.54;NA;ND;NA;NA;NA;
20;16;0.23;0.44;0.55;NA;0.5;0.51;0.52;NA;ND;NA;NA;NA;
20;17;0.3;0.38;0.64;NA;0.58;0.47;0.55;NA;ND;NA;NA;NA;
20;18;0.59;0.4;0.72;NA;0.72;0.48;0.49;NA;ND;NA;NA;NA;
20;19;0.75;0.41;0.77;NA;0.87;0.51;0.47;NA;ND;NA;NA;NA;
20;20;0.57;0.39;0.51;NA;0.75;0.41;ND;NA;ND;NA;NA;NA;
20;21;0.61;0.49;0.45;NA;0.53;0.43;0.46;NA;ND;NA;NA;NA;
20;22;0.37;0.37;0.51;NA;0.58;0.4;ND;NA;ND;NA;NA;NA;
20;23;0.38;0.25;0.49;NA;0.65;0.38;0.22;NA;ND;NA;NA;NA;
21;0;0.3;ND;ND;NA;ND;0.4;0.4;NA;ND;NA;NA;NA;
21;1;0.22;0.1;0.39;NA;0.49;0.35;0.46;NA;ND;NA;NA;NA;
21;2;0.21;0.13;0.37;NA;0.42;0.35;0.27;NA;ND;NA;NA;NA;
21;3;0.18;0.14;0.36;NA;0.42;0.34;0.23;NA;ND;NA;NA;NA;
21;4;0.24;0.27;0.34;NA;0.51;0.33;0.51;NA;ND;NA;NA;NA;
21;5;0.41;0.62;0.47;NA;0.95;0.8;1.35;NA;ND;NA;NA;NA;
21;6;1.35;2.16;1.47;NA;2.18;2.17;1.33;NA;ND;NA;NA;NA;
21;7;1.32;0.9;1.73;NA;2.29;2.54;0.39;NA;ND;NA;NA;NA;
21;8;0.77;0.6;1.2;NA;1.21;1.15;0.33;NA;ND;NA;NA;NA;
21;9;0.66;0.46;1.26;NA;0.84;1.06;0.29;NA;ND;NA;NA;NA;
21;10;0.25;0.36;0.94;NA;0.86;0.97;0.37;NA;ND;NA;NA;NA;
21;11;0.23;0.39;0.88;NA;0.75;0.65;0.5;NA;ND;NA;NA;NA;
21;12;0.17;0.56;0.69;NA;0.69;0.49;0.3;NA;ND;NA;NA;NA;
21;13;0.18;0.47;0.69;NA;0.59;0.42;0.35;NA;ND;NA;NA;NA;
21;14;0.19;0.53;0.79;NA;0.66;0.43;0.36;NA;ND;NA;NA;NA;
21;15;0.23;0.53;0.84;NA;0.68;0.49;0.38;NA;ND;NA;NA;NA;
21;16;0.24;0.51;0.94;NA;0.66;0.5;0.47;NA;ND;NA;NA;NA;
21;17;0.4;0.46;1.32;NA;0.83;0.59;0.56;NA;ND;NA;NA;NA;
21;18;0.66;0.61;1.45;NA;0.91;0.65;0.65;NA;ND;NA;NA;NA;
21;19;0.59;0.51;1.23;NA;1.18;0.8;0.6;NA;ND;NA;NA;NA;
21;20;0.49;0.35;0.94;NA;0.98;0.78;0.37;NA;ND;NA;NA;NA;
21;21;0.44;0.59;0.67;NA;0.76;0.6;0.31;NA;ND;NA;NA;NA;
21;22;0.66;0.61;0.66;NA;0.71;0.59;0.23;NA;ND;NA;NA;NA;
21;23;0.8;0.47;0.61;NA;0.61;0.45;0.22;NA;ND;NA;NA;NA;
22;0;ND;0.41;0.51;NA;0.49;ND;ND;NA;ND;NA;NA;NA;
22;1;0.51;0.27;0.35;NA;0.48;0.45;0.2;NA;ND;NA;NA;NA;
22;2;0.41;0.19;0.45;NA;0.47;0.35;0.21;NA;ND;NA;NA;NA;
22;3;0.32;0.23;0.47;NA;0.51;0.38;0.31;NA;ND;NA;NA;NA;
22;4;0.44;0.26;0.44;NA;0.61;0.49;0.36;NA;ND;NA;NA;NA;
22;5;0.71;0.48;0.52;NA;0.89;0.75;0.69;NA;ND;NA;NA;NA;
22;6;1.65;1.84;1.05;NA;1.68;1.47;0.85;NA;ND;NA;NA;NA;
22;7;2.67;2.49;1.24;NA;1.92;2.17;1.12;NA;ND;NA;NA;NA;
22;8;1.27;1.45;1.56;NA;1.94;1.95;0.68;NA;ND;NA;NA;NA;
22;9;1.5;0.97;2.12;NA;1.64;2.04;0.76;NA;ND;NA;NA;NA;
22;10;1.22;0.84;2.33;NA;1.85;1.64;1.07;NA;ND;NA;NA;NA;
22;11;ND;0.68;2.1;NA;1.79;1.84;1.25;NA;ND;NA;NA;NA;
22;12;ND;0.52;1.45;NA;1.48;1.32;1.08;NA;ND;NA;NA;NA;
22;13;0.42;0.38;1.07;NA;1.1;0.95;1.05;NA;ND;NA;NA;NA;
22;14;0.28;0.34;1;NA;0.9;0.79;0.46;NA;ND;NA;NA;NA;
22;15;0.31;0.44;0.81;NA;0.8;0.6;0.45;NA;ND;NA;NA;NA;
22;16;0.31;0.48;0.95;NA;0.8;0.55;0.55;NA;ND;NA;NA;NA;
22;17;0.36;0.4;1.28;NA;0.9;0.66;0.64;NA;ND;NA;NA;NA;
22;18;0.71;0.46;1.23;NA;0.83;0.68;0.61;NA;ND;NA;NA;NA;
22;19;0.71;0.46;0.91;NA;1.03;0.65;0.78;NA;ND;NA;NA;NA;
22;20;0.7;0.59;0.74;NA;1.02;0.59;0.33;NA;ND;NA;NA;NA;
22;21;0.89;0.43;0.88;NA;0.89;0.57;0.31;NA;ND;NA;NA;NA;
22;22;1.09;0.48;0.75;NA;0.76;0.97;0.38;NA;ND;NA;NA;NA;
22;23;0.62;0.44;0.69;NA;0.68;0.45;0.3;NA;ND;NA;NA;NA;
23;0;0.63;ND;ND;NA;ND;0.37;0.26;NA;ND;NA;NA;NA;
23;1;0.59;0.18;0.52;NA;0.83;0.53;0.31;NA;ND;NA;NA;NA;
23;2;0.52;0.3;0.45;NA;0.87;0.35;0.28;NA;ND;NA;NA;NA;
23;3;0.49;0.12;0.52;NA;0.76;0.59;0.21;NA;ND;NA;NA;NA;
23;4;0.51;0.22;0.52;NA;0.76;0.62;0.39;NA;ND;NA;NA;NA;
23;5;0.67;1.03;0.67;NA;1.17;0.67;0.82;NA;ND;NA;NA;NA;
23;6;2.05;1.81;1.64;NA;2.21;2.22;1.64;NA;ND;NA;NA;NA;
23;7;1.37;0.94;2.48;NA;2.49;1.88;1.25;NA;ND;NA;NA;NA;
23;8;0.9;0.64;1.18;NA;1.7;0.98;0.64;NA;ND;NA;NA;NA;
23;9;0.53;0.45;1.41;NA;0.88;0.96;0.33;NA;ND;NA;NA;NA;
23;10;0.41;0.51;1.19;NA;0.81;0.87;0.49;NA;ND;NA;NA;NA;
23;11;0.3;0.42;0.76;NA;0.74;0.7;0.38;NA;ND;NA;NA;NA;
23;12;0.29;0.58;0.7;NA;0.81;0.6;0.42;NA;ND;NA;NA;NA;
23;13;0.31;0.51;0.76;NA;0.83;0.59;0.5;NA;ND;NA;NA;NA;
23;14;0.29;0.51;0.65;NA;0.8;0.56;0.43;NA;ND;NA;NA;NA;
23;15;0.3;0.54;0.78;NA;0.77;0.57;0.55;NA;ND;NA;NA;NA;
23;16;0.3;0.51;0.86;NA;0.76;0.64;0.51;NA;ND;NA;NA;NA;
23;17;0.41;0.45;0.98;NA;0.77;0.64;0.61;NA;ND;NA;NA;NA;
23;18;0.59;0.49;1.2;NA;0.95;0.67;0.59;NA;ND;NA;NA;NA;
23;19;0.51;0.44;1.13;NA;1.05;0.64;0.58;NA;ND;NA;NA;NA;
23;20;0.49;0.34;1.07;NA;1;0.61;0.4;NA;ND;NA;NA;NA;
23;21;0.45;0.4;0.85;NA;0.81;0.53;0.29;NA;ND;NA;NA;NA;
23;22;0.38;0.46;0.61;NA;0.82;0.45;0.25;NA;ND;NA;NA;NA;
23;23;0.34;0.2;0.53;NA;0.76;0.56;0.28;NA;ND;NA;NA;NA;
24;0;ND;0.19;0.52;NA;0.66;ND;ND;NA;ND;NA;NA;NA;
24;1;0.28;0.11;0.53;NA;0.48;0.45;0.29;NA;ND;NA;NA;NA;
24;2;0.26;0.14;0.46;NA;0.48;0.38;0.26;NA;ND;NA;NA;NA;
24;3;0.29;0.19;0.47;NA;0.49;0.24;0.22;NA;ND;NA;NA;NA;
24;4;0.35;0.21;0.35;NA;0.48;0.21;0.26;NA;ND;NA;NA;NA;
24;5;0.46;0.35;0.44;NA;0.65;0.52;0.39;NA;ND;NA;NA;NA;
24;6;0.95;0.87;1.02;NA;1.05;1.11;0.39;NA;ND;NA;NA;NA;
24;7;1.71;2.08;1.7;NA;1.29;1.33;0.42;NA;ND;NA;NA;NA;
24;8;0.87;1.09;0.9;NA;1.13;0.64;0.27;NA;ND;NA;NA;NA;
24;9;0.71;0.99;0.92;NA;1.08;0.71;0.26;NA;ND;NA;NA;NA;
24;10;0.54;0.88;0.8;NA;1.23;0.84;0.31;NA;ND;NA;NA;NA;
24;11;0.56;0.75;0.95;NA;ND;0.7;0.4;NA;ND;NA;NA;NA;
24;12;0.46;0.62;0.84;NA;ND;0.59;0.33;NA;ND;NA;NA;NA;
24;13;0.41;0.78;0.91;NA;ND;0.57;0.28;NA;ND;NA;NA;NA;
24;14;0.36;0.69;1.11;NA;0.51;0.64;0.35;NA;ND;NA;NA;NA;
24;15;0.44;0.72;1;NA;0.59;0.69;0.5;NA;ND;NA;NA;NA;
24;16;0.69;0.72;1.29;NA;0.52;0.78;0.43;NA;ND;NA;NA;NA;
24;17;0.78;0.81;1.51;NA;0.85;1.06;0.46;NA;ND;NA;NA;NA;
24;18;1.44;0.9;1.78;NA;1.23;1.3;0.79;NA;ND;NA;NA;NA;
24;19;1.61;1.58;1.7;NA;1.5;1.29;0.97;NA;ND;NA;NA;NA;
24;20;2.17;1.9;2.2;NA;1.68;2.09;1.64;NA;ND;NA;NA;NA;
24;21;1.74;0.7;1.07;NA;1.1;1.47;0.88;NA;ND;NA;NA;NA;
24;22;1.14;0.78;1.4;NA;1.18;1.41;0.94;NA;ND;NA;NA;NA;
24;23;1.17;0.46;1.45;NA;1.07;1.41;0.97;NA;ND;NA;NA;NA;
25;0;0.99;ND;ND;NA;ND;0.97;0.86;NA;ND;NA;NA;NA;
25;1;0.8;0.38;0.54;NA;0.27;0.45;0.84;NA;ND;NA;NA;NA;
25;2;0.65;0.27;0.51;NA;0.13;0.35;0.51;NA;ND;NA;NA;NA;
25;3;0.56;0.2;0.5;NA;0.13;0.35;0.48;NA;ND;NA;NA;NA;
25;4;0.39;0.19;0.5;NA;0.21;0.31;0.52;NA;ND;NA;NA;NA;
25;5;0.38;0.49;0.57;NA;0.28;0.39;0.51;NA;ND;NA;NA;NA;
25;6;0.99;1.02;0.68;NA;0.62;0.79;0.8;NA;ND;NA;NA;NA;
25;7;0.89;0.9;0.89;NA;0.99;1.2;0.66;NA;ND;NA;NA;NA;
25;8;0.91;0.7;1.31;NA;0.88;1.36;0.35;NA;ND;NA;NA;NA;
25;9;0.66;0.7;ND;NA;0.64;1.27;0.34;NA;ND;NA;NA;NA;
25;10;0.53;0.62;ND;NA;0.7;1.18;0.41;NA;ND;NA;NA;NA;
25;11;0.34;0.54;0.83;NA;0.71;0.94;0.56;NA;ND;NA;NA;NA;
25;12;0.3;0.62;0.66;NA;0.54;0.61;0.49;NA;ND;NA;NA;NA;
25;13;0.37;0.76;0.65;NA;0.66;0.57;0.48;NA;ND;NA;NA;NA;
25;14;0.38;0.63;0.63;NA;0.66;0.72;0.43;NA;ND;NA;NA;NA;
25;15;0.37;0.58;1.39;NA;0.53;0.97;0.57;NA;ND;NA;NA;NA;
25;16;0.46;0.92;0.94;NA;0.48;1.07;0.61;NA;ND;NA;NA;NA;
25;17;0.69;0.84;1.53;NA;1.21;1.18;0.58;NA;ND;NA;NA;NA;
25;18;0.86;1.05;1.24;NA;1.22;1;0.56;NA;ND;NA;NA;NA;
25;19;0.9;0.52;1.38;NA;1.61;1.2;0.69;NA;ND;NA;NA;NA;
25;20;0.91;0.69;1.4;NA;1.9;1.79;0.47;NA;ND;NA;NA;NA;
25;21;0.94;0.53;1.35;NA;1.35;1.57;0.57;NA;ND;NA;NA;NA;
25;22;0.85;0.57;1.11;NA;0.73;1.21;0.59;NA;ND;NA;NA;NA;
25;23;0.8;0.39;1.04;NA;0.68;1.19;0.49;NA;ND;NA;NA;NA;
26;0;ND;0.44;0.91;NA;0.68;ND;ND;NA;ND;NA;NA;NA;
26;1;0.53;0.39;0.86;NA;0.65;0.83;0.63;NA;ND;NA;NA;NA;
26;2;0.57;0.48;0.67;NA;0.71;0.65;0.66;NA;ND;NA;NA;NA;
26;3;0.62;0.43;0.59;NA;0.74;0.76;0.76;NA;ND;NA;NA;NA;
26;4;0.59;0.36;0.76;NA;0.66;0.64;0.62;NA;ND;NA;NA;NA;
26;5;0.62;0.54;0.82;NA;0.62;0.97;0.8;NA;ND;NA;NA;NA;
26;6;1.22;0.81;1.04;NA;0.89;1.55;1.09;NA;ND;NA;NA;NA;
26;7;1.16;1.13;1.31;NA;1.07;1.5;1.08;NA;ND;NA;NA;NA;
26;8;1.19;1.19;1.53;NA;1.1;1.43;0.53;NA;ND;NA;NA;NA;
26;9;0.72;0.87;1.39;NA;0.89;1.42;0.49;NA;ND;NA;NA;NA;
26;10;0.35;0.79;0.83;NA;0.98;1.14;0.56;NA;ND;NA;NA;NA;
26;11;0.36;0.6;0.75;NA;0.68;0.88;0.66;NA;ND;NA;NA;NA;
26;12;0.36;0.93;0.54;NA;0.58;0.66;0.56;NA;ND;NA;NA;NA;
26;13;0.35;0.8;0.55;NA;0.7;0.54;0.56;NA;ND;NA;NA;NA;
26;14;0.41;0.75;0.52;NA;0.82;0.7;0.56;NA;ND;NA;NA;NA;
26;15;0.46;0.69;1.1;NA;0.76;0.72;0.51;NA;ND;NA;NA;NA;
26;16;0.8;0.8;1.51;NA;0.9;1.36;0.69;NA;ND;NA;NA;NA;
26;17;0.73;0.64;1.15;NA;0.82;0.84;0.61;NA;ND;NA;NA;NA;
26;18;0.94;0.68;1.26;NA;0.73;1.11;0.75;NA;ND;NA;NA;NA;
26;19;0.83;0.85;1.37;NA;1.4;1.39;0.69;NA;ND;NA;NA;NA;
26;20;0.69;0.57;0.82;NA;0.99;1.08;0.59;NA;ND;NA;NA;NA;
26;21;0.91;0.64;0.78;NA;0.98;1.47;0.58;NA;ND;NA;NA;NA;
26;22;1;0.61;0.95;NA;0.86;1.16;0.56;NA;ND;NA;NA;NA;
26;23;0.69;0.45;0.86;NA;0.79;1.38;0.54;NA;ND;NA;NA;NA;
27;0;0.87;ND;ND;NA;ND;0.88;0.57;NA;ND;NA;NA;NA;
27;1;0.86;0.38;0.59;NA;0.52;0.75;0.46;NA;ND;NA;NA;NA;
27;2;0.57;0.33;0.57;NA;0.57;0.78;0.41;NA;ND;NA;NA;NA;
27;3;0.57;0.3;0.68;NA;0.62;0.93;0.4;NA;ND;NA;NA;NA;
27;4;0.58;0.32;0.55;NA;0.41;0.69;0.39;NA;ND;NA;NA;NA;
27;5;0.56;0.32;0.51;NA;0.48;0.53;0.76;NA;ND;NA;NA;NA;
27;6;0.55;0.44;0.55;NA;0.82;0.63;0.84;NA;ND;NA;NA;NA;
27;7;0.53;0.49;0.63;NA;0.8;0.64;0.8;NA;ND;NA;NA;NA;
27;8;0.58;0.6;0.68;NA;0.78;0.73;0.53;NA;ND;NA;NA;NA;
27;9;0.63;0.66;0.64;NA;0.68;0.64;0.31;NA;ND;NA;NA;NA;
27;10;0.54;0.69;0.51;NA;0.51;0.58;0.32;NA;ND;NA;NA;NA;
27;11;0.41;0.66;0.54;NA;0.55;0.56;0.51;NA;ND;NA;NA;NA;
27;12;0.43;0.68;0.52;NA;0.75;0.48;0.59;NA;ND;NA;NA;NA;
27;13;0.41;0.66;0.52;NA;0.75;0.64;0.56;NA;ND;NA;NA;NA;
27;14;0.37;0.68;0.54;NA;0.54;0.63;0.52;NA;ND;NA;NA;NA;
27;15;0.45;0.59;0.62;NA;0.49;0.61;0.66;NA;ND;NA;NA;NA;
27;16;0.44;0.54;0.65;NA;0.57;0.67;0.57;NA;ND;NA;NA;NA;
27;17;0.54;0.54;0.69;NA;0.66;0.72;0.52;NA;ND;NA;NA;NA;
27;18;0.56;0.67;0.7;NA;0.76;0.66;0.55;NA;ND;NA;NA;NA;
27;19;0.64;0.69;0.56;NA;0.82;0.68;0.57;NA;ND;NA;NA;NA;
27;20;0.71;0.6;0.56;NA;0.92;0.82;0.45;NA;ND;NA;NA;NA;
27;21;0.64;0.54;0.9;NA;0.7;1.15;0.39;NA;ND;NA;NA;NA;
27;22;0.57;0.39;0.73;NA;0.78;1.09;0.41;NA;ND;NA;NA;NA;
27;23;0.47;0.35;0.74;NA;0.69;0.75;0.52;NA;ND;NA;NA;NA;
28;0;ND;0.41;0.49;NA;0.74;ND;ND;NA;ND;NA;NA;NA;
28;1;0.39;0.3;0.4;NA;0.49;0.64;0.33;NA;ND;NA;NA;NA;
28;2;0.4;0.29;0.41;NA;0.5;0.55;0.46;NA;ND;NA;NA;NA;
28;3;0.38;0.32;0.36;NA;0.32;0.45;0.28;NA;ND;NA;NA;NA;
28;4;0.42;0.39;0.4;NA;0.39;0.48;0.33;NA;ND;NA;NA;NA;
28;5;0.58;0.61;0.49;NA;0.56;0.69;0.6;NA;ND;NA;NA;NA;
28;6;0.97;1.08;0.65;NA;1.53;1.6;0.82;NA;ND;NA;NA;NA;
28;7;1.36;1.01;1.38;NA;1.53;1.73;0.55;NA;ND;NA;NA;NA;
28;8;1.38;0.65;1.59;NA;0.83;1.42;0.34;NA;ND;NA;NA;NA;
28;9;0.75;0.64;1.18;NA;0.49;0.75;0.3;NA;ND;NA;NA;NA;
28;10;0.51;0.72;0.91;NA;0.54;0.79;0.38;NA;ND;NA;NA;NA;
28;11;0.43;0.57;0.76;NA;0.6;0.82;0.48;NA;ND;NA;NA;NA;
28;12;0.35;0.56;0.62;NA;0.67;0.69;1.69;NA;ND;NA;NA;NA;
28;13;0.35;0.6;0.59;NA;0.78;0.64;1.7;NA;ND;NA;NA;NA;
28;14;0.38;0.58;0.49;NA;0.55;0.49;ND;NA;ND;NA;NA;NA;
28;15;0.41;0.67;0.76;NA;0.5;0.65;0.51;NA;ND;NA;NA;NA;
28;16;0.38;0.61;0.84;NA;0.44;0.6;0.52;NA;ND;NA;NA;NA;
28;17;0.44;0.56;0.99;NA;0.46;0.73;0.54;NA;ND;NA;NA;NA;
28;18;0.43;0.68;1.05;NA;0.57;0.81;0.5;NA;ND;NA;NA;NA;
28;19;0.55;0.55;1.32;NA;0.92;1.05;0.53;NA;ND;NA;NA;NA;
28;20;0.67;0.6;0.89;NA;0.85;0.82;0.64;NA;ND;NA;NA;NA;
28;21;0.54;0.46;0.79;NA;0.86;0.61;0.53;NA;ND;NA;NA;NA;
28;22;0.57;0.4;0.63;NA;0.72;0.7;0.47;NA;ND;NA;NA;NA;
28;23;0.54;0.38;0.51;NA;0.35;0.51;0.42;NA;ND;NA;NA;NA;
29;0;0.48;ND;ND;NA;ND;0.49;0.35;NA;ND;NA;NA;NA;
29;1;0.48;0.29;0.32;NA;0.28;0.48;0.35;NA;ND;NA;NA;NA;
29;2;0.49;0.28;0.29;NA;0.23;0.4;0.32;NA;ND;NA;NA;NA;
29;3;0.44;0.26;0.29;NA;0.25;0.38;0.33;NA;ND;NA;NA;NA;
29;4;0.37;0.31;0.28;NA;0.3;0.37;0.34;NA;ND;NA;NA;NA;
29;5;0.46;0.53;0.44;NA;0.56;0.73;0.99;NA;ND;NA;NA;NA;
29;6;0.82;0.79;0.73;NA;1.89;1.49;1.27;NA;ND;NA;NA;NA;
29;7;0.84;0.78;1.16;NA;1.53;1.5;0.46;NA;ND;NA;NA;NA;
29;8;0.94;0.66;1.02;NA;0.91;1.24;0.38;NA;ND;NA;NA;NA;
29;9;0.76;0.69;0.96;NA;0.75;0.9;0.35;NA;ND;NA;NA;NA;
29;10;0.51;ND;0.71;NA;0.54;0.78;0.52;NA;ND;NA;NA;NA;
29;11;0.38;0.5;0.6;NA;ND;0.91;0.58;NA;ND;NA;NA;NA;
29;12;0.34;0.57;0.49;NA;ND;0.67;0.46;NA;ND;NA;NA;NA;
29;13;0.36;0.6;0.31;NA;0.76;0.66;0.49;NA;ND;NA;NA;NA;
29;14;0.37;0.68;0.49;NA;ND;0.57;0.47;NA;ND;NA;NA;NA;
29;15;0.41;0.6;1.06;NA;ND;0.67;0.46;NA;ND;NA;NA;NA;
29;16;0.39;0.53;0.9;NA;0.65;0.68;0.52;NA;ND;NA;NA;NA;
29;17;0.56;0.53;1.07;NA;0.67;0.8;0.53;NA;ND;NA;NA;NA;
29;18;0.78;0.7;1;NA;0.69;0.91;0.64;NA;ND;NA;NA;NA;
29;19;0.74;0.55;0.99;NA;0.73;0.85;0.66;NA;ND;NA;NA;NA;
29;20;0.55;0.51;0.79;NA;0.66;0.72;0.61;NA;ND;NA;NA;NA;
29;21;0.57;0.48;0.77;NA;0.78;0.97;0.63;NA;ND;NA;NA;NA;
29;22;0.56;0.44;0.56;NA;0.66;0.64;0.48;NA;ND;NA;NA;NA;
29;23;0.54;0.35;0.42;NA;0.66;0.5;0.38;NA;ND;NA;NA;NA;
30;0;ND;0.34;0.37;NA;0.56;ND;ND;NA;ND;NA;NA;NA;
30;1;0.46;0.3;0.31;NA;0.54;0.57;0.3;NA;ND;NA;NA;NA;
30;2;0.45;0.29;0.28;NA;0.44;0.41;0.28;NA;ND;NA;NA;NA;
30;3;0.44;0.26;0.29;NA;0.45;0.42;0.31;NA;ND;NA;NA;NA;
30;4;0.47;0.27;0.34;NA;0.51;0.43;0.37;NA;ND;NA;NA;NA;
30;5;0.66;0.43;0.36;NA;0.66;0.58;0.48;NA;ND;NA;NA;NA;
30;6;1.11;0.8;0.85;NA;1.38;0.99;0.79;NA;ND;NA;NA;NA;
30;7;1.8;1.21;1.15;NA;1.79;1.6;0.74;NA;ND;NA;NA;NA;
30;8;1.23;0.7;1.16;NA;1.47;1.26;0.61;NA;ND;NA;NA;NA;
30;9;0.8;0.62;0.92;NA;0.88;0.86;0.36;NA;ND;NA;NA;NA;
30;10;0.65;0.57;0.72;NA;0.8;0.72;0.32;NA;ND;NA;NA;NA;
30;11;0.53;0.61;0.71;NA;0.82;0.71;0.36;NA;ND;NA;NA;NA;
30;12;0.42;0.66;0.63;NA;0.98;0.82;0.48;NA;ND;NA;NA;NA;
30;13;0.38;0.72;0.56;NA;0.92;0.61;0.47;NA;ND;NA;NA;NA;
30;14;0.39;0.63;0.83;NA;0.97;0.85;0.58;NA;ND;NA;NA;NA;
30;15;0.4;0.59;0.88;NA;1.01;0.84;0.63;NA;ND;NA;NA;NA;
30;16;0.36;0.57;1.1;NA;0.86;0.61;0.53;NA;ND;NA;NA;NA;
30;17;0.39;0.47;1.12;NA;0.66;0.86;0.53;NA;ND;NA;NA;NA;
30;18;0.54;0.55;1.08;NA;0.7;0.61;0.62;NA;ND;NA;NA;NA;
30;19;0.67;0.56;0.99;NA;0.98;0.9;0.55;NA;ND;NA;NA;NA;
30;20;0.81;0.81;0.89;NA;0.92;1.04;0.39;NA;ND;NA;NA;NA;
30;21;0.74;0.77;0.88;NA;0.83;1.05;0.39;NA;ND;NA;NA;NA;
30;22;0.61;0.38;0.68;NA;0.77;1.41;0.3;NA;ND;NA;NA;NA;
30;23;0.56;0.42;0.56;NA;0.68;0.8;0.35;NA;ND;NA;NA;NA;
