DIA;HORA;Cotocollao;Carapungo;Belisario;Jipijapa;El Camal;Centro;Guamaní;Tumbaco;Los Chillos;El Condado;Turubamba;Chillogallo;
1;0;10.14;31.3;28.26;NA;39.24;26.23;28.59;ND;30.52;NA;NA;NA;
1;1;9.18;29.59;29.69;NA;39.74;27.87;ND;32.23;ND;NA;NA;NA;
1;2;ND;ND;ND;NA;ND;ND;29.33;29.16;22.27;NA;NA;NA;
1;3;14.76;28.54;28.25;NA;35.57;30.26;32.51;25.88;6.33;NA;NA;NA;
1;4;10.38;12.48;24.99;NA;45.76;14.09;29.28;22.3;17.58;NA;NA;NA;
1;5;2.19;2.64;11.22;NA;10.8;5.43;7.8;19.44;0.71;NA;NA;NA;
1;6;1.23;2.64;1.63;NA;4.95;3.26;1.86;10.51;0.74;NA;NA;NA;
1;7;6.27;10.51;3.66;NA;18.99;5.45;13.3;15.39;8.31;NA;NA;NA;
1;8;8.19;21.62;8.02;NA;47.71;14.01;36.89;25.72;12.74;NA;NA;NA;
1;9;13.71;33.1;10.18;NA;41.99;24.14;49.62;34.67;6.67;NA;NA;NA;
1;10;17.73;47.58;20.54;NA;34.45;26.33;27.55;48.73;17.98;NA;NA;NA;
1;11;18.06;50.65;37.45;NA;39.67;37.28;30.06;65.24;36.13;NA;NA;NA;
1;12;16.58;ND;ND;NA;42.91;44.21;36.37;63.33;57.24;NA;NA;NA;
1;13;16.12;38;ND;NA;43.06;40.46;39.34;47.12;50.62;NA;NA;NA;
1;14;15.64;35.27;33.05;NA;33.35;38.79;40.75;39.25;47.21;NA;NA;NA;
1;15;15.53;35.16;ND;NA;37.83;33.54;33.91;36.58;31.55;NA;NA;NA;
1;16;14.2;30.43;ND;NA;33.07;21.33;33.39;31.8;27.15;NA;NA;NA;
1;17;7.07;27.35;8.13;NA;30.29;16.91;22.48;30.28;24.99;NA;NA;NA;
1;18;6.19;21.06;4.27;NA;26.88;8.14;10.43;23.82;23.8;NA;NA;NA;
1;19;9.38;21.33;3.21;NA;19.57;2.09;10.18;24.89;21.57;NA;NA;NA;
1;20;12.2;22.87;1.53;NA;20.1;4.04;4.51;25.79;15.35;NA;NA;NA;
1;21;10.48;23.71;3.9;NA;22.24;6.29;6.14;25.55;9.86;NA;NA;NA;
1;22;11.38;22.79;11.91;NA;29.4;13.29;4.43;20.39;19.04;NA;NA;NA;
1;23;10.79;26.23;15.19;NA;31.31;20.11;12.38;21.36;20.76;NA;NA;NA;
2;0;10.41;18.96;21.56;NA;25.01;21.36;17.99;22.7;10.34;NA;NA;NA;
2;1;10.02;22.22;24.09;NA;32.7;24.19;23.42;22.5;20.03;NA;NA;NA;
2;2;10.2;23.88;26.64;NA;37.44;27.02;20.92;25.12;18.31;NA;NA;NA;
2;3;9.5;20.93;26.82;NA;33.21;26.84;21.27;25.33;16.05;NA;NA;NA;
2;4;6.85;19.92;23.9;NA;32.19;23.79;18.22;24.31;17.59;NA;NA;NA;
2;5;2.64;13.96;18.28;NA;23.78;15.96;13.24;8.94;14.98;NA;NA;NA;
2;6;1.28;4.1;7.86;NA;15.47;5.37;8.68;2.44;6.3;NA;NA;NA;
2;7;2.89;9.83;8.62;NA;14.52;9.6;14.74;5.99;12.44;NA;NA;NA;
2;8;11.44;19.02;10.85;NA;21.52;16.01;22;23.96;19.93;NA;NA;NA;
2;9;9.23;22.48;12.42;NA;30.42;21.87;30.22;34.33;27.55;NA;NA;NA;
2;10;17.83;42.53;22.97;NA;33.69;28.13;46.33;46.15;15.73;NA;NA;NA;
2;11;26.81;56.61;37.46;NA;41.22;42.19;43.37;ND;30.31;NA;NA;NA;
2;12;18.61;54.71;65.98;NA;33.43;55.98;27.58;ND;36.98;NA;NA;NA;
2;13;12.6;31.73;32.69;NA;28.64;40.91;ND;ND;66.29;NA;NA;NA;
2;14;ND;29.03;32.61;NA;29.27;33.79;33.92;43.56;55.86;NA;NA;NA;
2;15;ND;28.81;34.41;NA;29.63;33.52;34.32;32.28;ND;NA;NA;NA;
2;16;13.45;28.45;31.42;NA;29.38;34.48;33.31;30.86;ND;NA;NA;NA;
2;17;12.36;26.37;16.43;NA;25.16;31.64;33.2;29.24;19.47;NA;NA;NA;
2;18;5.13;21.85;7.04;NA;19.93;27.4;28.65;23.34;20.33;NA;NA;NA;
2;19;1.27;13.15;2.57;NA;16.62;11.93;23.31;20.47;14.64;NA;NA;NA;
2;20;2.4;6.71;1.97;NA;18.78;5.82;6.9;10.94;13.34;NA;NA;NA;
2;21;0.63;4.93;5.11;NA;12.97;4.73;4.39;5.95;12.52;NA;NA;NA;
2;22;1.17;ND;3.04;NA;13.89;3.98;4.34;1.64;1.38;NA;NA;NA;
2;23;0.69;ND;9.92;NA;11.32;7.98;7.68;3.67;0.87;NA;NA;NA;
3;0;1.12;14.19;8.48;NA;20.31;1;12.19;1.58;4.72;NA;NA;NA;
3;1;4.54;13.12;0.64;NA;18.69;1.72;7.96;0.44;ND;NA;NA;NA;
3;2;3.39;ND;ND;NA;ND;1.61;8.78;0.61;5.25;NA;NA;NA;
3;3;4.08;13.85;0.36;NA;25.33;2.37;12.45;0.13;5.64;NA;NA;NA;
3;4;3.51;16.79;0.47;NA;14.33;8.31;1.29;0.22;2.65;NA;NA;NA;
3;5;0.61;5.9;0.39;NA;4.61;3.97;3.11;0.46;1.13;NA;NA;NA;
3;6;1;3.06;0.72;NA;7.32;3.59;1.87;0.98;1.13;NA;NA;NA;
3;7;3.04;6.85;3.42;NA;12.09;6.29;7.22;2.92;3.73;NA;NA;NA;
3;8;6.49;18.33;5.11;NA;28.68;12.89;20.05;11.09;11.12;NA;NA;NA;
3;9;11.86;19.21;13.67;NA;47.33;27.12;33.82;23.59;25.86;NA;NA;NA;
3;10;21.4;35.33;28.72;NA;ND;36.29;56.65;40.92;18.79;NA;NA;NA;
3;11;26.38;50.78;58.78;NA;ND;49.91;66.88;63.01;35.57;NA;NA;NA;
3;12;18.51;48.52;64.13;NA;ND;71.05;34.47;81.68;54.93;NA;NA;NA;
3;13;13.93;35.67;41.49;NA;ND;59.06;28.51;63.18;68.62;NA;NA;NA;
3;14;13.67;29.58;40.84;NA;31.98;38.93;31.4;49.57;46.49;NA;NA;NA;
3;15;13.49;28.92;35.94;NA;ND;35.66;34.99;40.89;36.02;NA;NA;NA;
3;16;13.03;28.45;26.14;NA;30.3;32.2;29.01;34.67;27.29;NA;NA;NA;
3;17;11.85;26.99;16.02;NA;27.65;25.13;31.57;29.95;14.45;NA;NA;NA;
3;18;9.67;23.39;5.17;NA;19.22;11.07;15.74;24.96;10.27;NA;NA;NA;
3;19;5.1;18.78;3.13;NA;10.88;8.78;9.52;21.45;18.56;NA;NA;NA;
3;20;4.68;15.45;1.83;NA;19.27;5.52;8.16;23.01;15.92;NA;NA;NA;
3;21;5.55;14.79;2.58;NA;12.77;3.89;5.67;17.17;10.87;NA;NA;NA;
3;22;3.71;9;7.49;NA;13.07;2.68;12.58;12.52;1.03;NA;NA;NA;
3;23;1.72;14.38;5.99;NA;3.95;1.15;10.54;11.83;13.56;NA;NA;NA;
4;0;5.85;15.66;16.89;NA;14.58;11.61;10.56;ND;12.15;NA;NA;NA;
4;1;7.41;17.42;18.47;NA;6.77;7.63;ND;7.3;2.71;NA;NA;NA;
4;2;ND;15.64;17.61;NA;9.31;ND;16.16;3.3;2.42;NA;NA;NA;
4;3;4.87;16.59;6.64;NA;13.52;3.54;13.46;4.57;3.93;NA;NA;NA;
4;4;4.95;16.59;0.26;NA;7.83;1.69;4.4;0.9;2.75;NA;NA;NA;
4;5;2.04;11.14;0.29;NA;6.94;1.97;2.7;0.84;0.69;NA;NA;NA;
4;6;1.43;3.57;0.92;NA;3.18;2.66;2.41;0.69;1.07;NA;NA;NA;
4;7;1.4;4.69;2.95;NA;9.19;7.52;10.68;2.6;2.13;NA;NA;NA;
4;8;5.12;14.56;9.53;NA;30.93;20.25;22.47;9.64;7.81;NA;NA;NA;
4;9;9.28;15.01;12.05;NA;42.09;22.15;34.89;22.88;19.91;NA;NA;NA;
4;10;18.79;ND;19.04;NA;41.01;28.98;49.94;48.11;29.81;NA;NA;NA;
4;11;22.84;ND;52.47;NA;62.26;47.43;70.75;72.52;38.93;NA;NA;NA;
4;12;25.12;ND;55.76;NA;57.38;62.59;51.51;88;53.58;NA;NA;NA;
4;13;22.57;ND;59.52;NA;33.02;42.35;44.1;76.22;73.25;NA;NA;NA;
4;14;16.56;ND;44.72;NA;41.9;59.23;37.68;61.51;60.73;NA;NA;NA;
4;15;13.23;33.64;36.35;NA;30.82;36.59;32.3;47.4;40.57;NA;NA;NA;
4;16;13.26;29.07;11.39;NA;27.44;32.61;28.92;35.29;30.62;NA;NA;NA;
4;17;13.36;30.68;9.65;NA;28.7;24.01;24.9;32.97;15.1;NA;NA;NA;
4;18;11.74;25.15;4.69;NA;30.48;12.57;13.76;31.84;11.41;NA;NA;NA;
4;19;7.29;25.25;2.96;NA;8.42;9.93;10.96;27.73;19.21;NA;NA;NA;
4;20;4.66;23.5;0.84;NA;9.19;3.26;11.58;18.21;22.29;NA;NA;NA;
4;21;4.67;22.54;1.39;NA;9.18;1.69;7.84;20.87;16.11;NA;NA;NA;
4;22;10.8;25.31;2.16;NA;9.42;4.49;8.81;28.53;16.08;NA;NA;NA;
4;23;11.53;27.41;10.35;NA;22.04;10.66;17.82;31.93;8.07;NA;NA;NA;
5;0;11.66;30.35;11.4;NA;30.75;14.82;24.85;28.61;20.81;NA;NA;NA;
5;1;14.52;24.8;20.7;NA;18.89;15.75;23.8;24.93;ND;NA;NA;NA;
5;2;9.9;27.81;31.08;NA;ND;26.89;22.27;19.97;26.04;NA;NA;NA;
5;3;5.63;28.42;29.24;NA;18.29;19.48;23.88;19.09;21.31;NA;NA;NA;
5;4;2.95;17.47;9.38;NA;12.75;5.99;20.69;13.85;17.25;NA;NA;NA;
5;5;0.73;15.64;1.2;NA;3.02;2.07;8.68;17.55;6.87;NA;NA;NA;
5;6;0.49;13.18;1.56;NA;9.08;2.65;2.29;13.51;14.96;NA;NA;NA;
5;7;3.81;18.46;4.31;NA;13.93;4.72;6.52;19.03;7.83;NA;NA;NA;
5;8;5.28;26.03;10.23;NA;23.4;14.15;21.11;30.63;6.91;NA;NA;NA;
5;9;11.35;32.49;29.26;NA;32;27.83;35.12;42.61;15.61;NA;NA;NA;
5;10;23.33;44.55;42.18;NA;36.92;39.71;37.75;53.55;17.13;NA;NA;NA;
5;11;26.89;61.67;49.36;NA;44.6;57.68;31.8;67.36;32.03;NA;NA;NA;
5;12;25.1;52.01;47.37;NA;38.22;41.89;42.35;80.04;39.79;NA;NA;NA;
5;13;28.79;54.88;48.69;NA;52.9;45.34;47.01;62.63;36.43;NA;NA;NA;
5;14;29.55;62.77;37.84;NA;49.23;55.73;53.98;59.78;29.68;NA;NA;NA;
5;15;18.87;48.61;37.31;NA;49.72;35.12;42.82;48.48;23.19;NA;NA;NA;
5;16;20.78;35.5;44.31;NA;26.4;48.18;42.17;57.48;30.51;NA;NA;NA;
5;17;18.49;36.02;21.51;NA;27.64;46.41;42.39;51.22;35.14;NA;NA;NA;
5;18;13.17;28.81;12.8;NA;17.58;22.55;19.73;40.84;43.18;NA;NA;NA;
5;19;11.06;26.34;8.05;NA;15.17;8.17;9.1;35.63;29.75;NA;NA;NA;
5;20;10.73;23.51;0.93;NA;14.18;4.11;2.93;32.21;22.6;NA;NA;NA;
5;21;7.53;22.87;1.4;NA;10.03;2.21;1.44;31.7;24.92;NA;NA;NA;
5;22;8.94;24.37;11.15;NA;9.07;8.64;13.45;32.9;29.73;NA;NA;NA;
5;23;8.95;25.34;24.58;NA;14.93;7.6;35.77;34.81;27.22;NA;NA;NA;
6;0;11.57;24.88;22.3;NA;23.44;9.44;35.17;ND;27.05;NA;NA;NA;
6;1;13.1;30.61;25.91;NA;36.98;18.55;ND;36.03;19.54;NA;NA;NA;
6;2;ND;ND;32.47;NA;36.88;ND;21.98;37.34;29.13;NA;NA;NA;
6;3;16.77;35.06;32.66;NA;40.01;26.59;27.32;41.47;34.46;NA;NA;NA;
6;4;14.93;37.88;33.68;NA;44.56;28.61;24.51;39.68;37.49;NA;NA;NA;
6;5;15.83;38.26;32.2;NA;43.16;29.78;21.49;33.2;29.99;NA;NA;NA;
6;6;13.92;35.35;23.25;NA;16.05;23.22;24.77;34.46;15.96;NA;NA;NA;
6;7;13.38;33.11;17.59;NA;21.39;11.72;14.04;26.73;5.52;NA;NA;NA;
6;8;14.07;32.22;14.61;NA;29.37;29.29;14.95;33.22;6.93;NA;NA;NA;
6;9;17.42;34.43;ND;NA;28.19;34.04;25.32;38.06;12.96;NA;NA;NA;
6;10;18.22;36.3;34.29;NA;48.15;38.7;33.23;44.33;22.22;NA;NA;NA;
6;11;19.79;37.38;41.7;NA;45.28;39.5;57.9;52.07;16.7;NA;NA;NA;
6;12;18.59;35.19;35.93;NA;30.59;31.45;40.33;44.59;40.87;NA;NA;NA;
6;13;17.89;30.83;28.71;NA;32.89;35.4;33.68;42.53;32.33;NA;NA;NA;
6;14;18.19;28.33;35.86;NA;33.99;41.99;33.58;43.18;31.42;NA;NA;NA;
6;15;18.4;30.67;31.35;NA;31.53;29.87;36.03;29.38;38.67;NA;NA;NA;
6;16;18.86;29.82;27.47;NA;29.04;26.31;29.69;24.49;31.77;NA;NA;NA;
6;17;15.94;28.78;18.25;NA;33.12;12.16;31.6;21.47;23.91;NA;NA;NA;
6;18;9.03;25.75;8.35;NA;26.09;13;11.22;17.57;4.79;NA;NA;NA;
6;19;3.94;16.57;13.99;NA;16.35;6.62;19.03;11.85;6.61;NA;NA;NA;
6;20;6.81;10.33;14.22;NA;10.5;17.05;24.79;11.46;9.36;NA;NA;NA;
6;21;5.93;13.57;12.38;NA;9.98;4.47;28.22;0.64;11.36;NA;NA;NA;
6;22;5.47;14.91;2.98;NA;6.44;ND;23.22;0.55;14.22;NA;NA;NA;
6;23;3.01;5.83;2.39;NA;1.54;ND;21.8;0.35;4.92;NA;NA;NA;
7;0;1.28;0.66;1.08;NA;1.5;3.96;15.96;0.7;1.68;NA;NA;NA;
7;1;2.54;0.88;3.41;NA;0.43;12.12;6.31;0.54;ND;NA;NA;NA;
7;2;2.75;0.72;6.99;NA;ND;4.97;10.91;0.17;4.53;NA;NA;NA;
7;3;2.95;0.15;8.01;NA;4.34;13.05;13.58;0.01;3.04;NA;NA;NA;
7;4;1.67;0.68;6.75;NA;10.25;10.78;5.11;0.16;2.95;NA;NA;NA;
7;5;0.84;0.54;3.09;NA;8.76;6.18;1.46;0.26;0.58;NA;NA;NA;
7;6;1.19;2.07;4.53;NA;3.77;7.01;7.71;0.62;0.96;NA;NA;NA;
7;7;3.06;4.99;7.27;NA;8.44;6.91;7.69;2.05;3.22;NA;NA;NA;
7;8;4.95;12.84;15.97;NA;51.27;19.19;20.92;4.76;7.18;NA;NA;NA;
7;9;14.22;26.08;32.09;NA;36.65;30.53;33.93;12.01;11.86;NA;NA;NA;
7;10;20.18;37.94;45.42;NA;38.08;36.68;53.79;33.22;10.89;NA;NA;NA;
7;11;28.59;45.64;55.51;NA;50.1;59.79;52.23;51.15;24.38;NA;NA;NA;
7;12;34.33;55.74;67.7;NA;68.99;77.73;60.95;63.65;42.86;NA;NA;NA;
7;13;26.76;49.84;84.7;NA;96.77;88.67;83.22;78.12;58.56;NA;NA;NA;
7;14;20.35;40.7;50.95;NA;75.68;66.04;79.9;66.66;71.9;NA;NA;NA;
7;15;21.42;38.99;51.15;NA;47.65;55.62;70.07;52.95;49.43;NA;NA;NA;
7;16;19.14;38.28;42.01;NA;33.23;41.43;59.4;44.46;44.67;NA;NA;NA;
7;17;16.7;34.99;30.33;NA;28.25;34.29;36.25;38.57;33.64;NA;NA;NA;
7;18;13.82;26.82;12.3;NA;24.12;21.16;17.73;30.99;18.25;NA;NA;NA;
7;19;10.56;20.48;4.87;NA;16.35;8.72;13.24;21.42;17.86;NA;NA;NA;
7;20;8.41;17.94;3.07;NA;8.35;8.36;14.33;20.23;20.9;NA;NA;NA;
7;21;4.55;15.39;6.95;NA;9.2;5.47;16.05;4.44;12.92;NA;NA;NA;
7;22;5.02;14.05;12.94;NA;23.61;16.27;12.93;13.72;7.57;NA;NA;NA;
7;23;3.32;10.97;18.65;NA;26.51;23.21;15.12;18.63;15.75;NA;NA;NA;
8;0;3.06;12.42;16.3;NA;31.36;20.38;12.42;13.2;9.22;NA;NA;NA;
8;1;3.27;12.08;18.14;NA;10.14;19.77;ND;15.74;5.09;NA;NA;NA;
8;2;ND;ND;17.41;NA;17.52;ND;15.22;8.04;4.97;NA;NA;NA;
8;3;2.59;12.37;17.63;NA;10.74;12.89;22.27;8.56;0.9;NA;NA;NA;
8;4;3.75;14.06;19.63;NA;13.7;12.28;22.71;13.91;0.45;NA;NA;NA;
8;5;4.94;16.45;12.25;NA;10.48;13.82;13.22;15.22;4.66;NA;NA;NA;
8;6;2.95;10.91;8.87;NA;18.88;8.59;9.63;15.54;1.24;NA;NA;NA;
8;7;3.14;9.8;7.24;NA;11.46;10.2;4.37;9.68;2;NA;NA;NA;
8;8;3.66;12.32;8.3;NA;27.84;8.53;11.6;17.71;7.74;NA;NA;NA;
8;9;5.89;14.95;11.36;NA;23.12;14.33;17.43;23.29;16.74;NA;NA;NA;
8;10;10.93;20.04;17.91;NA;34.4;21.82;24.39;27.53;16.02;NA;NA;NA;
8;11;15.05;25.51;27.67;NA;36.21;30.34;33.34;31.81;29.04;NA;NA;NA;
8;12;17.09;34.31;31.99;NA;45.21;30.03;41.85;40.18;32.2;NA;NA;NA;
8;13;20.23;38.72;43.01;NA;53.95;39.2;43.47;48.05;34.29;NA;NA;NA;
8;14;18.92;35.68;37.75;NA;46.83;43.58;49.49;56.84;42.25;NA;NA;NA;
8;15;20;37.17;33.3;NA;48.79;39.77;44.97;55.41;38.74;NA;NA;NA;
8;16;17.45;30.69;29.69;NA;37.44;41.26;39.69;36.42;39.39;NA;NA;NA;
8;17;14.87;25.77;23.59;NA;18.39;24.46;30.65;30.22;23.08;NA;NA;NA;
8;18;9.93;17.73;5.38;NA;11.55;13.88;14.4;23.92;24.27;NA;NA;NA;
8;19;6.02;13.09;0.84;NA;15.7;3.73;12.38;19.32;21.23;NA;NA;NA;
8;20;4.92;10.63;0.59;NA;7.47;1.59;15.53;19.28;12.32;NA;NA;NA;
8;21;6.88;11.07;1.15;NA;7.62;2.28;18.5;18.59;17.26;NA;NA;NA;
8;22;2.58;4.1;2.29;NA;15.1;9.03;17.6;15.42;21.3;NA;NA;NA;
8;23;3.46;9.09;5.71;NA;15.76;7.39;8.13;13.38;22.03;NA;NA;NA;
9;0;2.12;7.15;0.73;NA;6.46;4.74;6.96;9.15;14.4;NA;NA;NA;
9;1;4.33;8.46;0.26;NA;8.75;1.51;16.33;4;ND;NA;NA;NA;
9;2;6.11;16.1;0.22;NA;ND;10.03;2.79;13.81;6.12;NA;NA;NA;
9;3;7.61;23.44;13.75;NA;15.33;4.27;6.4;17.19;5.11;NA;NA;NA;
9;4;8.37;30.47;16.24;NA;26.06;8.98;5.21;32.72;7.43;NA;NA;NA;
9;5;9.67;21.32;27.7;NA;23.96;29.74;5.76;23.86;24.12;NA;NA;NA;
9;6;5.91;17.71;8.02;NA;13.74;10.82;1.75;7.15;1.28;NA;NA;NA;
9;7;2.58;9.7;9.19;NA;9.04;3.54;14.46;3.69;6.03;NA;NA;NA;
9;8;5.91;16.31;4.02;NA;10.09;4.41;15.91;5.39;12.3;NA;NA;NA;
9;9;11.32;23.5;5.38;NA;15.65;9.42;17.56;16.81;15.6;NA;NA;NA;
9;10;14.25;29.18;13.51;NA;15.84;15.08;23.72;33.09;16.63;NA;NA;NA;
9;11;17.24;25.69;12.79;NA;13.26;ND;32.23;39.15;19.82;NA;NA;NA;
9;12;8.15;27.43;15.21;NA;20.16;ND;46.19;44.58;21.28;NA;NA;NA;
9;13;12.43;39.1;20.61;NA;26.51;11.37;ND;46.53;47.25;NA;NA;NA;
9;14;17.92;36.49;27.77;NA;ND;26.93;ND;53.65;40.36;NA;NA;NA;
9;15;15.24;29.08;12.55;NA;32.53;ND;46.85;40.68;25.74;NA;NA;NA;
9;16;15.44;27.02;10.29;NA;28.62;11.74;27.37;32.28;25.31;NA;NA;NA;
9;17;12.83;23.23;7.59;NA;21.03;3.44;17.69;19.34;25.45;NA;NA;NA;
9;18;8.24;18.07;4.91;NA;18.07;2.43;19.3;16.05;6.37;NA;NA;NA;
9;19;6.17;14.51;1.51;NA;6.85;1.62;24.91;13.06;20.21;NA;NA;NA;
9;20;9.35;9.78;0.93;NA;14.38;1.46;18.85;12.82;9.16;NA;NA;NA;
9;21;5.9;17.49;3.5;NA;27.93;6.13;7.65;26.69;14.56;NA;NA;NA;
9;22;5.68;15.51;8.25;NA;14.94;11.94;16.61;26.27;18.52;NA;NA;NA;
9;23;8.75;16.25;14.6;NA;14.25;18.52;13.86;25.7;14.82;NA;NA;NA;
10;0;10.09;20.31;26.4;NA;25.8;15.19;28.24;26.34;9.16;NA;NA;NA;
10;1;10.48;24.01;29;NA;42.12;16.26;ND;25.75;8.21;NA;NA;NA;
10;2;ND;ND;26.79;NA;39.58;ND;37.31;27.31;17.92;NA;NA;NA;
10;3;4.54;24.78;29.13;NA;23.09;25.01;20.29;25.25;22.43;NA;NA;NA;
10;4;2.75;18.17;26.69;NA;25.92;24.12;13.49;21.95;23.11;NA;NA;NA;
10;5;1.04;11.4;18.8;NA;8.02;13.8;1.96;7.55;12.31;NA;NA;NA;
10;6;1.95;5.01;7.17;NA;4.4;2.92;5.77;1.31;0.81;NA;NA;NA;
10;7;2.78;12.14;3.4;NA;6.35;5.57;6.97;5.69;1.62;NA;NA;NA;
10;8;3.91;21.78;6.34;NA;11.66;8.85;16.05;16.74;4.71;NA;NA;NA;
10;9;7.73;25.98;13.35;NA;21.28;14.35;27.15;20.06;11.83;NA;NA;NA;
10;10;15.61;33.51;21.52;NA;37.29;22.79;55.47;13.65;26.85;NA;NA;NA;
10;11;ND;42.3;33.16;NA;48.45;41.32;56.22;27.84;21.01;NA;NA;NA;
10;12;ND;49.18;37.71;NA;38.14;49.37;54.29;59.17;32.77;NA;NA;NA;
10;13;21.44;38.57;42.8;NA;38.19;48.73;48.25;75.84;50.83;NA;NA;NA;
10;14;20.75;35.97;ND;NA;34.75;44.69;43.28;48.91;51.53;NA;NA;NA;
10;15;20.39;32.55;28.77;NA;32.14;36.73;43.15;41.89;39.74;NA;NA;NA;
10;16;18.96;28.98;20.95;NA;32.13;33.94;38.48;36.06;34.15;NA;NA;NA;
10;17;16.23;27.18;12.32;NA;26.88;26.1;34.13;33.69;15.28;NA;NA;NA;
10;18;13.2;23.22;7.88;NA;21.5;10.41;ND;24.2;20.77;NA;NA;NA;
10;19;4.42;21.39;3.88;NA;17.88;4.46;ND;21.39;17.33;NA;NA;NA;
10;20;1.17;16.29;3.67;NA;14.65;2.91;ND;20.97;19.3;NA;NA;NA;
10;21;4.83;13.7;0.6;NA;5.12;2.15;1.07;22.81;8.84;NA;NA;NA;
10;22;7.4;4.89;3.87;NA;11.71;3.13;5.58;ND;ND;NA;NA;NA;
10;23;5.22;5.66;10.96;NA;12.49;15.18;4;ND;ND;NA;NA;NA;
11;0;0.72;8.89;15.88;NA;10.12;10.58;8.5;4.34;14.43;NA;NA;NA;
11;1;0.44;3.75;2.69;NA;8.55;3.74;6.21;7.08;ND;NA;NA;NA;
11;2;2.26;6.92;ND;NA;ND;1.97;12.64;2.9;5.98;NA;NA;NA;
11;3;2.76;12.36;0.75;NA;12.52;3.25;13.76;3.51;1.83;NA;NA;NA;
11;4;1.38;5.3;1.69;NA;12.11;3.29;6.44;0.48;1.89;NA;NA;NA;
11;5;1.38;2.56;0.52;NA;2.77;6.55;0.19;0.43;0.6;NA;NA;NA;
11;6;2.7;2.72;1.39;NA;7.28;4.53;2.02;0.61;0.96;NA;NA;NA;
11;7;6.17;5.98;4.45;NA;9.99;7.03;11.85;2.86;4.16;NA;NA;NA;
11;8;9.82;14.19;13.34;NA;19.71;13.58;30.14;6.18;10.59;NA;NA;NA;
11;9;22.33;35.31;25.76;NA;22.11;24.17;ND;21.42;8.46;NA;NA;NA;
11;10;34.59;ND;31.77;NA;33.64;32.54;ND;45.36;29.21;NA;NA;NA;
11;11;33.1;ND;44.77;NA;48.14;43.71;ND;61.57;36.24;NA;NA;NA;
11;12;23.74;ND;62.04;NA;58.16;64.12;38.6;80.7;63;NA;NA;NA;
11;13;22.1;41.33;42.03;NA;38.27;51.14;34.37;62.57;66.41;NA;NA;NA;
11;14;21.83;39.03;36.39;NA;32.49;35.62;36;47.07;49.53;NA;NA;NA;
11;15;19.5;36.03;30.62;NA;30.02;33.37;35.51;38.22;28.53;NA;NA;NA;
11;16;18.71;33.58;15.49;NA;27.79;25.34;30.6;37.37;21;NA;NA;NA;
11;17;12.7;32.99;12.47;NA;24.76;17.13;23.09;34.64;18.79;NA;NA;NA;
11;18;10.24;27.15;5.92;NA;20.49;10.33;22.86;29.13;21.08;NA;NA;NA;
11;19;5.74;19.89;3.67;NA;20.59;3.4;17.15;30.54;24.77;NA;NA;NA;
11;20;7.43;21.41;3.52;NA;12.04;4.63;14.17;32.06;23.56;NA;NA;NA;
11;21;10.18;16.93;1.57;NA;5.36;11.58;14.37;35.85;15.13;NA;NA;NA;
11;22;8.79;28.31;3.62;NA;15.86;14.89;19.8;32.75;30.73;NA;NA;NA;
11;23;12.5;27.15;3.62;NA;11.93;3.66;19.74;30.43;16.67;NA;NA;NA;
12;0;12.08;26.92;15.26;NA;14.81;9.5;20.28;23.48;17.47;NA;NA;NA;
12;1;10.69;28.89;14.05;NA;17.89;20.49;ND;ND;25.39;NA;NA;NA;
12;2;ND;31.18;20.35;NA;21.12;ND;18.96;33.05;9.26;NA;NA;NA;
12;3;12.81;31.18;26.1;NA;20.67;18.49;23.32;33.14;16.35;NA;NA;NA;
12;4;9.39;29.06;26.31;NA;21.93;26.99;21.87;31.99;19.19;NA;NA;NA;
12;5;6.52;21.51;24.72;NA;19.9;24.61;19.98;18.97;16.91;NA;NA;NA;
12;6;2.09;10.43;13.76;NA;11.83;17.14;16.43;20.69;21.37;NA;NA;NA;
12;7;2.25;8.3;5.89;NA;12.32;7.82;14.19;11.99;14.76;NA;NA;NA;
12;8;4.19;22.68;10.57;NA;22.21;15.62;25.18;19.67;10.12;NA;NA;NA;
12;9;8.95;23.72;ND;NA;28.05;23.85;32;22.47;21.2;NA;NA;NA;
12;10;18.67;33.46;24.8;NA;41.32;33.89;45.49;44.86;20.53;NA;NA;NA;
12;11;30.07;54.21;36.04;NA;42.83;42.76;55.33;57.12;10.67;NA;NA;NA;
12;12;41.06;59.84;38.71;NA;54.13;43.99;66.05;62.84;31.93;NA;NA;NA;
12;13;29.03;63.03;54.81;NA;55.55;58.76;55.35;67.61;68.03;NA;NA;NA;
12;14;22.34;40.32;46.16;NA;40.68;60.28;33.23;76.18;58.61;NA;NA;NA;
12;15;20.1;37.17;37.16;NA;32.28;38.37;45.16;48.95;45.27;NA;NA;NA;
12;16;19.5;35.43;23.6;NA;28.49;31.37;34.89;36.24;31.28;NA;NA;NA;
12;17;17.28;32.55;11.34;NA;24.61;26.88;32.36;34.8;26.9;NA;NA;NA;
12;18;14.88;27.69;7.3;NA;25.33;18.77;13.45;30.49;7.95;NA;NA;NA;
12;19;9.03;23.26;9.42;NA;14.97;11.39;15.99;26.14;19.82;NA;NA;NA;
12;20;9.15;15.42;6.18;NA;3.18;15.02;15.2;26.02;25.84;NA;NA;NA;
12;21;10.09;16.79;9.63;NA;7.26;14.68;9.94;28.31;11.48;NA;NA;NA;
12;22;4.68;19.82;12.92;NA;11.6;19.02;9.37;27.39;17.77;NA;NA;NA;
12;23;6.26;21.48;10.5;NA;11.6;14.83;11.84;26.53;16.45;NA;NA;NA;
13;0;15.84;34.34;20.57;NA;14.88;21.66;17.24;27.48;24.07;NA;NA;NA;
13;1;19.12;35.18;24.2;NA;14.11;24.75;18.28;26.34;ND;NA;NA;NA;
13;2;16.04;ND;ND;NA;ND;25.93;20.08;21.6;17.97;NA;NA;NA;
13;3;7.7;17.8;19.79;NA;23.46;25.11;29.06;16.88;14.12;NA;NA;NA;
13;4;3.59;17.17;13.81;NA;30.14;31.21;8.23;16.81;3.93;NA;NA;NA;
13;5;5.38;9.2;4.42;NA;24.67;15.06;15.98;7.39;1.53;NA;NA;NA;
13;6;1.71;4.58;3.38;NA;6.33;6.71;14.36;3.09;2.84;NA;NA;NA;
13;7;5.52;17.04;11.49;NA;12.6;14.48;8;5;5.91;NA;NA;NA;
13;8;17.42;28.45;28.89;NA;26.92;27.79;51;13.62;15.1;NA;NA;NA;
13;9;22.83;31.57;31.35;NA;46.2;41.1;70.67;21.07;33.59;NA;NA;NA;
13;10;26.95;40.83;30.9;NA;50.12;40.37;56.78;32.52;47.17;NA;NA;NA;
13;11;37.3;54.89;38.3;NA;51.01;47.66;64.99;54.66;15.46;NA;NA;NA;
13;12;26.65;46.11;49.66;NA;55.3;53.72;63.82;74.05;24.95;NA;NA;NA;
13;13;21.15;35.95;41.44;NA;34.06;42.96;47.41;54.04;52.87;NA;NA;NA;
13;14;20.54;36.04;38.64;NA;35.01;43.35;38.35;38.73;46.78;NA;NA;NA;
13;15;19.98;34.01;39.96;NA;32.43;40.01;33.36;36.87;36.54;NA;NA;NA;
13;16;19.37;32.59;29;NA;30.75;33.17;33.33;34.97;34.22;NA;NA;NA;
13;17;18.16;30.79;20.46;NA;29.37;27.48;31.64;34.53;21.34;NA;NA;NA;
13;18;9.58;26.35;15.98;NA;25.52;21.47;19.12;29.96;12.75;NA;NA;NA;
13;19;8.86;22.62;11.38;NA;16.66;16.79;18.12;24.87;17.12;NA;NA;NA;
13;20;11.77;22.55;9.04;NA;18.15;15.15;19.33;26.54;18.51;NA;NA;NA;
13;21;4.78;11.24;11.67;NA;20.39;5.98;18.47;23.45;10.83;NA;NA;NA;
13;22;4.25;9.54;10.39;NA;14.21;6.8;14.75;ND;6.8;NA;NA;NA;
13;23;4.63;15.7;5.4;NA;11.04;1.47;21.22;ND;1.05;NA;NA;NA;
14;0;2.37;11.92;2.5;NA;5.13;3.42;16.92;19.6;10.7;NA;NA;NA;
14;1;5.81;10.72;1.46;NA;7.34;3.85;ND;16.05;3.2;NA;NA;NA;
14;2;ND;12.76;3.66;NA;11.77;ND;23.16;14.16;0.91;NA;NA;NA;
14;3;3.97;12.43;3.11;NA;15.43;10.09;18.57;10.79;1.06;NA;NA;NA;
14;4;4.34;5.71;4.69;NA;11.5;9.03;19.07;6.87;1.08;NA;NA;NA;
14;5;1.34;1.07;2.4;NA;2.6;3.88;12.19;0.94;0.62;NA;NA;NA;
14;6;1.34;1.61;1.19;NA;5.45;2.39;11.58;1.23;0.74;NA;NA;NA;
14;7;3.13;7.24;2.65;NA;12.05;3.96;17.47;2.49;1.89;NA;NA;NA;
14;8;7.48;13.54;8.38;NA;20.24;14.8;28.64;7.69;9.83;NA;NA;NA;
14;9;9.72;18.5;7.38;NA;ND;19.49;36.13;18.08;26.29;NA;NA;NA;
14;10;13.8;38.55;18.43;NA;ND;19.36;33.88;31.38;23.49;NA;NA;NA;
14;11;23.59;45.34;39.7;NA;38.44;34.69;29.73;48.18;33.73;NA;NA;NA;
14;12;23.29;39.08;44.45;NA;38.77;40.28;46.15;62.93;50.99;NA;NA;NA;
14;13;18.5;ND;34.96;NA;30.97;ND;52.55;53.83;53.91;NA;NA;NA;
14;14;17.64;32.47;35;NA;30.55;28.46;37.37;38.89;48.87;NA;NA;NA;
14;15;17.26;30.78;23.57;NA;30.15;25.64;32.3;32.28;31.92;NA;NA;NA;
14;16;17.42;28.78;14.22;NA;28.06;23.62;31.18;30.86;28.04;NA;NA;NA;
14;17;13.58;24.12;6.75;NA;23.54;15.77;33.19;27.44;14.36;NA;NA;NA;
14;18;5.89;20.59;1.48;NA;6.88;6.55;15.63;12.21;12.18;NA;NA;NA;
14;19;1.27;17.77;1.4;NA;7.28;2.6;12.35;9.02;17.2;NA;NA;NA;
14;20;2.11;14.17;1.32;NA;20.1;2.15;13.81;8;2.62;NA;NA;NA;
14;21;2.78;13.43;0.43;NA;15.67;1.5;15.16;1.96;5.8;NA;NA;NA;
14;22;1.26;4.56;0.13;NA;16.77;1.32;10.43;1.16;9.76;NA;NA;NA;
14;23;0.74;3.6;ND;NA;11.53;2.55;17.52;3.33;4.77;NA;NA;NA;
15;0;0.61;11.14;0.43;NA;13.11;1.68;5.93;1.72;2.52;NA;NA;NA;
15;1;0.9;3.78;0.52;NA;5.25;1.06;3.42;2.57;ND;NA;NA;NA;
15;2;0.77;ND;ND;NA;ND;5.23;8.65;2.62;0.24;NA;NA;NA;
15;3;0.84;10.29;1.45;NA;17.8;9.11;7.5;4.82;0.2;NA;NA;NA;
15;4;1.02;9.29;0.77;NA;5.62;8.89;5.55;0.25;0.89;NA;NA;NA;
15;5;0.98;2.56;0.42;NA;3.99;1.71;1.36;0.52;0.29;NA;NA;NA;
15;6;1.07;2.11;0.74;NA;15.35;2.33;2.06;0.79;0.95;NA;NA;NA;
15;7;3.74;7.78;4.19;NA;20.91;5.39;8.81;3;3.86;NA;NA;NA;
15;8;6.92;20.9;9.24;NA;49.46;13.55;24.79;10.32;11.68;NA;NA;NA;
15;9;17.03;25.07;17.82;NA;32.77;ND;25.19;33.21;24.08;NA;NA;NA;
15;10;23.17;ND;28.73;NA;48.48;ND;41.58;45.98;32.86;NA;NA;NA;
15;11;29.45;ND;38.46;NA;50.52;42.08;72.94;57.69;18.26;NA;NA;NA;
15;12;28.29;ND;68.27;NA;57.51;65.8;53.99;70.04;47.49;NA;NA;NA;
15;13;24.73;46.7;62.26;NA;40.21;62.67;40.54;79.35;73.35;NA;NA;NA;
15;14;22.02;41.89;59.09;NA;39.07;43.24;55.49;59.07;70.74;NA;NA;NA;
15;15;20.53;37.72;48.29;NA;39.72;43.07;66.45;48.01;45.5;NA;NA;NA;
15;16;18.26;32.8;28.09;NA;35.31;35.24;59.46;40.87;33.54;NA;NA;NA;
15;17;15.87;28.79;19.16;NA;27.27;24.9;40.3;34.7;21.75;NA;NA;NA;
15;18;6.91;24.34;7.61;NA;19.53;21.88;17.27;29.66;8.49;NA;NA;NA;
15;19;4.33;21.96;4.44;NA;16.62;4.59;23.11;25.93;9.29;NA;NA;NA;
15;20;5.33;18.22;3.98;NA;21.36;6.72;23.42;25.51;25.34;NA;NA;NA;
15;21;8.86;14.35;7.04;NA;15.24;9.79;13.54;27.7;11.79;NA;NA;NA;
15;22;9.37;12.7;5.49;NA;20.54;9.87;17.28;28.5;16.98;NA;NA;NA;
15;23;7.94;15.39;10.75;NA;23.27;9.96;13.57;30.69;13.46;NA;NA;NA;
16;0;9.84;20.28;14.83;NA;27.79;5.99;17.31;30.41;10.42;NA;NA;NA;
16;1;10.8;19.48;20.75;NA;41.52;13.71;ND;29.64;18.77;NA;NA;NA;
16;2;ND;21.49;23.74;NA;24.14;ND;23.54;27.15;20.65;NA;NA;NA;
16;3;8.76;21.07;17.97;NA;30.13;11.59;21.33;22.8;16.46;NA;NA;NA;
16;4;4.59;19.42;12.17;NA;15.41;9.68;11.79;18.94;7.16;NA;NA;NA;
16;5;1.05;14.99;3.27;NA;6.33;4.76;4.07;15.32;8.03;NA;NA;NA;
16;6;1.3;3.52;1.57;NA;22.23;2.68;3.91;5.02;2.29;NA;NA;NA;
16;7;3.12;5.46;2.2;NA;13.51;4.36;5.28;12.6;4.03;NA;NA;NA;
16;8;8.47;20.27;10.37;NA;36.91;11.39;15.49;22.78;5.79;NA;NA;NA;
16;9;18.71;29.38;23.31;NA;35.22;27.33;33.36;35.41;17.8;NA;NA;NA;
16;10;27.43;41.76;37.79;NA;41.35;40.85;45.44;47.52;35.12;NA;NA;NA;
16;11;29.78;42.73;44.17;NA;62.69;53.3;51.64;49.44;41.91;NA;NA;NA;
16;12;26.53;46.52;40.44;NA;58.45;54.13;69.78;55.24;46.27;NA;NA;NA;
16;13;29.56;52.47;54.31;NA;57.89;60.19;57.26;63.38;43.31;NA;NA;NA;
16;14;26.48;48.68;42.78;NA;55.53;50.75;64.64;61.16;51.05;NA;NA;NA;
16;15;25.53;46.21;43.15;NA;51.91;58.04;55.05;61.17;59.98;NA;NA;NA;
16;16;23.43;43.42;ND;NA;44.4;49.81;60.7;54.25;40.13;NA;NA;NA;
16;17;18.56;29.24;24.76;NA;22.62;23.93;37.9;36.95;39.06;NA;NA;NA;
16;18;13.41;21.66;4.69;NA;13.97;7.41;17.08;29.23;22.17;NA;NA;NA;
16;19;8.97;18.94;2.01;NA;8.3;3.23;10.8;22.4;19.73;NA;NA;NA;
16;20;5.57;21.3;0.87;NA;10.27;2.06;3.13;23.73;20.72;NA;NA;NA;
16;21;4.17;20.67;0.56;NA;8.7;2.73;12.42;23.97;8.63;NA;NA;NA;
16;22;5;16.33;6.06;NA;10.17;8.46;10.94;26.41;1.43;NA;NA;NA;
16;23;4.83;13.38;6.53;NA;18.01;12.99;10.67;20.16;15.97;NA;NA;NA;
17;0;8.67;19.14;10.3;NA;24.21;13.51;7.98;25.44;14.21;NA;NA;NA;
17;1;9.52;22.5;9.13;NA;29.88;14.92;13.44;24.81;ND;NA;NA;NA;
17;2;11.09;ND;ND;NA;ND;18.36;15.56;21.67;13.69;NA;NA;NA;
17;3;8.4;18.54;11.9;NA;27.27;14.78;13.61;18.26;7.76;NA;NA;NA;
17;4;4.16;17.82;12.63;NA;22.36;12.11;11.91;19.73;16.43;NA;NA;NA;
17;5;1.86;10.2;14.41;NA;13.01;14.86;5.77;16.4;13.84;NA;NA;NA;
17;6;1.28;10.61;2.53;NA;11.5;3.85;0.77;13.59;5.36;NA;NA;NA;
17;7;2.91;8.81;3.5;NA;15.15;6.37;6.58;7.7;5.93;NA;NA;NA;
17;8;10.13;19.96;11.88;NA;26.93;19.77;22.12;16.14;10.07;NA;NA;NA;
17;9;21.62;34.59;23.43;NA;41.67;34.71;32.73;35.18;16.7;NA;NA;NA;
17;10;33.39;45.59;ND;NA;47.65;48.63;52.39;52.85;28.52;NA;NA;NA;
17;11;30.52;47.54;ND;NA;48.27;45.05;62.64;ND;32.25;NA;NA;NA;
17;12;26.25;42.02;ND;NA;50.45;45.59;48.09;ND;45.92;NA;NA;NA;
17;13;25.96;56.33;41.94;NA;50.56;53.88;61.89;ND;57.02;NA;NA;NA;
17;14;24.12;49.63;47.69;NA;41.58;57.03;50.26;63.67;60.43;NA;NA;NA;
17;15;21.99;40.47;24.28;NA;42.15;41.08;44.28;37.35;35.55;NA;NA;NA;
17;16;18.41;32.61;10.24;NA;29.5;22.94;32.33;31.23;26.35;NA;NA;NA;
17;17;14.19;27.9;5.28;NA;18.29;15.89;33.21;31.31;25.02;NA;NA;NA;
17;18;10.03;19.47;4.11;NA;10.13;6.45;36.26;23.03;24.92;NA;NA;NA;
17;19;4.41;14.5;0.77;NA;7.27;7.82;35.94;19.55;13.32;NA;NA;NA;
17;20;3.48;13.27;3.72;NA;16.59;4.55;32.97;17.53;15.65;NA;NA;NA;
17;21;3.62;15.22;2.28;NA;13.28;6.8;34.28;18.41;11.96;NA;NA;NA;
17;22;3.19;13.58;1.74;NA;8.5;3.41;30.32;17.49;13.05;NA;NA;NA;
17;23;3.02;12.4;6.48;NA;5.38;1.44;16.32;17.59;16.25;NA;NA;NA;
18;0;3.85;15.16;10.52;NA;14.64;13.87;17.5;ND;13.39;NA;NA;NA;
18;1;4.42;16.57;13.49;NA;16.62;10.7;ND;17.97;12.49;NA;NA;NA;
18;2;ND;17.85;17.17;NA;16.34;ND;14.78;17.25;6.46;NA;NA;NA;
18;3;5.3;14.19;13.49;NA;9.84;4.1;4.15;14.8;8.39;NA;NA;NA;
18;4;2.48;16.36;6.27;NA;5.92;0.42;11.44;6.4;7.43;NA;NA;NA;
18;5;2.99;16.18;2.83;NA;6.69;0.87;2.05;0.94;6.7;NA;NA;NA;
18;6;2.46;5.36;0.88;NA;3.56;1.7;3.38;0.92;2.12;NA;NA;NA;
18;7;2.7;ND;3.61;NA;13.61;6.77;18.89;4.02;4.62;NA;NA;NA;
18;8;5.72;ND;9.63;NA;23.14;15;38.07;9.97;13.04;NA;NA;NA;
18;9;17.6;36.41;22.05;NA;37.6;22.48;47.31;30.99;8.63;NA;NA;NA;
18;10;30.67;51.18;42.42;NA;40.54;27.54;47.78;50.58;30.69;NA;NA;NA;
18;11;34.32;53.14;63.87;NA;64.56;61.22;63.9;61.63;45.33;NA;NA;NA;
18;12;33.37;56.69;54.69;NA;62.89;62.43;71.49;69.05;57.27;NA;NA;NA;
18;13;23.46;56.1;56.46;NA;53.65;58.7;72.05;66.69;59.74;NA;NA;NA;
18;14;22.89;51.78;54.98;NA;60.75;60.12;74.71;53.68;56.13;NA;NA;NA;
18;15;19.18;36.15;23.9;NA;32.37;37.15;49.76;28.05;44.8;NA;NA;NA;
18;16;17.92;32.23;16.82;NA;31.5;26.02;21.06;32;28.15;NA;NA;NA;
18;17;15.8;31.95;7.13;NA;25.75;12.85;12.25;34.4;26.28;NA;NA;NA;
18;18;12.1;30.4;5.33;NA;16.49;6.23;24.48;37.53;33.84;NA;NA;NA;
18;19;9.14;22.57;18.59;NA;8;3.92;25.23;16.95;13.55;NA;NA;NA;
18;20;13.9;20.41;4.85;NA;15.37;1.96;18.39;11.39;3.73;NA;NA;NA;
18;21;12.92;25.38;0.7;NA;5.61;1.41;2.5;10.43;0.31;NA;NA;NA;
18;22;11.26;27.42;0.66;NA;8.46;1.25;2.29;ND;0.41;NA;NA;NA;
18;23;2.27;5.35;0.66;NA;9;1.26;4.1;ND;0.37;NA;NA;NA;
19;0;3.26;11.63;0.22;NA;8.9;0.94;0.52;1.91;0.27;NA;NA;NA;
19;1;6.57;23.48;0.36;NA;6.54;1.14;0.45;6.95;ND;NA;NA;NA;
19;2;6.56;ND;ND;NA;ND;0.84;0.48;1.52;0.01;NA;NA;NA;
19;3;5.9;15.9;0.16;NA;6.26;0.5;0.99;9.21;0.08;NA;NA;NA;
19;4;2.09;8.66;0.17;NA;2.58;0.66;2.78;6.38;0.01;NA;NA;NA;
19;5;1.04;3.17;0.3;NA;1.87;0.87;0.54;0.27;0.17;NA;NA;NA;
19;6;1.25;1.03;0.54;NA;2.5;1.36;4.77;0.58;0.34;NA;NA;NA;
19;7;1.93;2.02;2.45;NA;4.75;3.31;12.21;1.76;1.33;NA;NA;NA;
19;8;4.82;6.88;3.38;NA;23.9;7.15;23.64;4.13;5.97;NA;NA;NA;
19;9;10.02;13.91;7.1;NA;32.24;15.63;36.88;12.4;8.01;NA;NA;NA;
19;10;13.6;18.59;23.72;NA;36.63;33.12;42.76;18.63;19.94;NA;NA;NA;
19;11;ND;34.32;38.02;NA;41.13;41.12;48.8;28.11;34.38;NA;NA;NA;
19;12;ND;41.98;44.06;NA;48.71;47.98;ND;41.68;30.59;NA;NA;NA;
19;13;27.82;49.95;49.03;NA;49.81;52.78;ND;54.28;26.11;NA;NA;NA;
19;14;29.12;51.01;44.35;NA;58;55.96;53.78;56.14;30.72;NA;NA;NA;
19;15;20.65;44.48;37.89;NA;45.41;41.53;45.95;38.29;32.81;NA;NA;NA;
19;16;13.77;40.77;25.28;NA;40.61;34.16;43.48;24.59;32.2;NA;NA;NA;
19;17;10.91;27.82;11.33;NA;24.04;20.13;34.93;23.35;24.71;NA;NA;NA;
19;18;6.26;16.75;7.02;NA;22.86;9.11;25.15;17.34;13.63;NA;NA;NA;
19;19;8.01;20.62;2.76;NA;16.24;2.07;14.94;15.57;3.71;NA;NA;NA;
19;20;3.3;23.87;0.52;NA;10.29;1.38;7.53;21.32;9.29;NA;NA;NA;
19;21;1.62;21.48;0.49;NA;13.66;1.01;14.93;28.94;4.67;NA;NA;NA;
19;22;1.12;13.38;0.39;NA;ND;1.31;9.73;21.15;10.82;NA;NA;NA;
19;23;1.1;2.85;0.58;NA;ND;1.24;13.08;6.96;9.71;NA;NA;NA;
20;0;1.12;3.97;0.55;NA;4.87;1.86;20.37;ND;1.65;NA;NA;NA;
20;1;0.48;6.27;0.24;NA;27.62;1.39;ND;2.29;0.26;NA;NA;NA;
20;2;ND;21.35;0.88;NA;15.06;ND;3.08;6.43;1.14;NA;NA;NA;
20;3;3.08;22.44;5.28;NA;10.24;1.01;1.3;3.03;0.16;NA;NA;NA;
20;4;5.58;21.09;7.03;NA;17.42;8.36;0.44;2.25;0.29;NA;NA;NA;
20;5;6.87;22.1;16.67;NA;13.79;11.66;0.99;0.37;0.13;NA;NA;NA;
20;6;3.18;18.23;10.77;NA;17.99;4.21;3.02;0.85;0.26;NA;NA;NA;
20;7;4.83;14.44;8.97;NA;19.35;9.64;6.06;2.92;1.81;NA;NA;NA;
20;8;9.37;20.74;13.49;NA;11.97;9.63;9.95;7.96;4.78;NA;NA;NA;
20;9;13.21;26.9;12.72;NA;30.66;13.84;20.87;18.48;3.69;NA;NA;NA;
20;10;17.33;27.3;13.15;NA;28.14;19.97;30.02;25.68;10.74;NA;NA;NA;
20;11;22.4;36.25;22.4;NA;34.65;24.22;24.66;30.43;14.28;NA;NA;NA;
20;12;27.2;46.98;35.18;NA;46.5;35.38;34.58;37.2;13.24;NA;NA;NA;
20;13;29.42;47.61;42.5;NA;52.29;45.09;46.48;49.87;12.29;NA;NA;NA;
20;14;24.55;41.5;46.9;NA;55.11;51.5;50.99;54.96;35.63;NA;NA;NA;
20;15;18.27;33.18;37.78;NA;51.07;42.39;48.35;44.99;43.68;NA;NA;NA;
20;16;16.7;32.79;28.18;NA;30.76;25.72;20.3;37.2;35.78;NA;NA;NA;
20;17;15.29;31.77;12.23;NA;22.57;18.4;13.79;35.24;30.18;NA;NA;NA;
20;18;14.89;25.98;6.51;NA;23.6;6.1;9.06;30.13;23.95;NA;NA;NA;
20;19;9.13;23.05;6.69;NA;13.8;7.47;7.94;25.45;21.32;NA;NA;NA;
20;20;11.08;24.15;4.42;NA;12.69;1.15;16.68;27.95;23.17;NA;NA;NA;
20;21;7.34;25.66;2.67;NA;19.72;3.28;19.24;27.21;19.96;NA;NA;NA;
20;22;11.37;18.66;6.97;NA;16.67;8.66;23.35;26.28;23.91;NA;NA;NA;
20;23;7.26;10.04;10.82;NA;22.56;18;30.76;24.89;22.77;NA;NA;NA;
21;0;9.45;24.72;22.7;NA;32.22;26.47;31.06;19.34;20.99;NA;NA;NA;
21;1;7.35;28.36;32.18;NA;26.35;31.61;22.99;19.46;ND;NA;NA;NA;
21;2;12.2;ND;ND;NA;ND;25.59;32.71;15.49;15.95;NA;NA;NA;
21;3;10.77;20.06;30.03;NA;25.66;29.04;34.75;9.22;13.44;NA;NA;NA;
21;4;6.77;17.3;32.37;NA;21.44;27.52;31.91;5.68;9.11;NA;NA;NA;
21;5;1.51;9.34;14.84;NA;10.12;10.46;26.59;2.29;6.42;NA;NA;NA;
21;6;1.35;3.28;1.47;NA;7.37;2.36;2.32;0.99;0.78;NA;NA;NA;
21;7;3.79;6.34;3.35;NA;12.26;3.75;8.69;5.63;3.27;NA;NA;NA;
21;8;6.43;21.44;7.39;NA;28.66;10.99;18.89;12.72;10.97;NA;NA;NA;
21;9;15.49;32.34;ND;NA;45.31;22.46;29.31;15.28;18.01;NA;NA;NA;
21;10;23.25;49.81;16.53;NA;47.37;22.06;59.94;28.99;31.18;NA;NA;NA;
21;11;27.89;61.22;32.6;NA;48.02;34;62.9;46.27;ND;NA;NA;NA;
21;12;19.19;41.32;36.21;NA;49.81;42.64;43.41;64.18;ND;NA;NA;NA;
21;13;19.13;36.21;29.98;NA;37.91;40.02;31.6;60.63;ND;NA;NA;NA;
21;14;18.6;35.98;38.87;NA;33.05;28.46;39.43;39.23;ND;NA;NA;NA;
21;15;18.87;35.84;32.76;NA;30.77;30.01;31.14;35.55;ND;NA;NA;NA;
21;16;16.19;34.44;15.19;NA;29.12;17.27;31.71;33.85;22.41;NA;NA;NA;
21;17;13.8;28.44;7.54;NA;33.65;16.83;35.87;28.11;13.94;NA;NA;NA;
21;18;16.11;24.28;3.83;NA;31.71;16.01;25.2;25.07;7.35;NA;NA;NA;
21;19;9.53;16.75;1.99;NA;27.95;3.81;5.47;22.02;14.13;NA;NA;NA;
21;20;9.61;19.93;3.88;NA;17.53;4.55;17.6;19.94;11.38;NA;NA;NA;
21;21;5.66;18.83;1.24;NA;19.77;3.26;15.88;20.84;10.94;NA;NA;NA;
21;22;2.7;24.92;0.75;NA;23.61;5.73;14.45;19;8.67;NA;NA;NA;
21;23;2.89;24.47;3.84;NA;19.87;7.16;22.94;29.6;13.18;NA;NA;NA;
22;0;1.07;7.98;8.56;NA;18.96;18.94;27.13;ND;15.8;NA;NA;NA;
22;1;1.43;9.49;11.44;NA;23.54;18.33;ND;21.17;14.29;NA;NA;NA;
22;2;ND;16.15;8.8;NA;25.44;ND;10.31;23.44;6.19;NA;NA;NA;
22;3;4.96;17.09;7.41;NA;22.33;6.73;3.09;20.21;10.4;NA;NA;NA;
22;4;5.31;13.8;13.56;NA;24.88;11.8;3.03;17.73;13.03;NA;NA;NA;
22;5;1.47;12.47;9.9;NA;15.8;9.47;2;15.36;1.4;NA;NA;NA;
22;6;1.11;3.01;2.77;NA;11.87;1.09;1.37;11.77;3.37;NA;NA;NA;
22;7;3.23;4.47;3.19;NA;17.46;3.02;8.94;13.26;1.01;NA;NA;NA;
22;8;8.24;17.2;6;NA;31.07;6.84;13.8;23.36;10.37;NA;NA;NA;
22;9;15.6;31.93;4.27;NA;20.29;7.04;38.24;22.53;8.21;NA;NA;NA;
22;10;19.64;50.94;12.45;NA;29.82;12.76;38.81;39.4;14.28;NA;NA;NA;
22;11;35.34;69.71;36.45;NA;57.62;39.68;78.86;64.65;22.94;NA;NA;NA;
22;12;33.45;63.12;68.03;NA;59.39;60.26;52.02;87.54;26.05;NA;NA;NA;
22;13;26.11;53.19;64.35;NA;ND;60.98;52.75;75.69;46.77;NA;NA;NA;
22;14;17.29;38.63;35.26;NA;ND;55.85;44.04;55.01;53.45;NA;NA;NA;
22;15;16.69;33.02;27.55;NA;38.44;44.83;44.84;38.24;38.11;NA;NA;NA;
22;16;16.58;30.65;17.45;NA;33.73;33.07;34.35;34.57;17.1;NA;NA;NA;
22;17;15.31;29.29;6.79;NA;28.56;15.04;28.36;32.77;12.95;NA;NA;NA;
22;18;5.46;21.96;7.25;NA;23.99;8.22;11.4;28.06;13.22;NA;NA;NA;
22;19;5.87;21.04;4.84;NA;10.1;10.9;15.3;26.26;6.79;NA;NA;NA;
22;20;3.71;20.7;0.9;NA;21.51;2.81;9.87;30.32;6.1;NA;NA;NA;
22;21;4.79;17.83;2.45;NA;8.78;2.53;5.74;30.63;13;NA;NA;NA;
22;22;4.76;14.48;3.69;NA;19.5;1.14;6.12;30.47;11.4;NA;NA;NA;
22;23;10.21;23.21;8.86;NA;12.95;2.79;9.07;31.65;10.58;NA;NA;NA;
23;0;11.41;25.14;15.54;NA;10.02;1.38;16.69;32.68;6.69;NA;NA;NA;
23;1;10.43;21.69;8.04;NA;2.33;5.29;17.82;33.96;ND;NA;NA;NA;
23;2;10.65;ND;ND;NA;ND;2.36;18.6;30.27;7.46;NA;NA;NA;
23;3;7.36;15.18;1.24;NA;5.36;1.21;14.87;24.32;6.57;NA;NA;NA;
23;4;5.44;9.37;0.63;NA;3.9;5.04;18.75;2.6;0.01;NA;NA;NA;
23;5;0.9;1.38;0.83;NA;5.89;4.31;8.85;1.87;0;NA;NA;NA;
23;6;1.08;1.26;0.88;NA;5.37;2.33;1.76;1.6;0.39;NA;NA;NA;
23;7;1.96;4.06;2.49;NA;24.5;4.14;7.07;2.55;1.47;NA;NA;NA;
23;8;3.24;7.3;4.29;NA;9.28;6.69;18.61;6.96;2.9;NA;NA;NA;
23;9;6.23;19.26;10.6;NA;25.3;23.02;31.56;7.12;9.17;NA;NA;NA;
23;10;16.9;34.76;22.07;NA;50.11;44.76;38.98;14.22;26.8;NA;NA;NA;
23;11;36.2;53.99;39.4;NA;65.86;50.06;47.81;ND;48.56;NA;NA;NA;
23;12;40.73;70.09;26.47;NA;66.22;33.8;57.66;55.41;39.8;NA;NA;NA;
23;13;35.47;68.11;55.6;NA;52.21;49.84;60.43;69.84;36.77;NA;NA;NA;
23;14;35.93;64.2;66.93;NA;53.92;63.82;52.79;75.48;42.79;NA;NA;NA;
23;15;26.01;54.43;61.36;NA;42.82;65.64;29.18;71.63;64.01;NA;NA;NA;
23;16;23.69;44.44;41.93;NA;34.47;52.53;36.56;56.42;45.91;NA;NA;NA;
23;17;20.16;42.93;11.27;NA;23.36;12.29;22.67;44.37;43.56;NA;NA;NA;
23;18;12.98;31.48;3.08;NA;17.83;5.95;11.9;32.55;31.58;NA;NA;NA;
23;19;5.14;20.36;1.03;NA;13.1;1.97;4.97;24.07;24.28;NA;NA;NA;
23;20;5.29;21.34;0.79;NA;9.39;2.62;14.15;23.22;23.48;NA;NA;NA;
23;21;1.49;10.26;0.59;NA;13.78;1.27;16.08;22.6;18;NA;NA;NA;
23;22;1.13;ND;ND;NA;13.48;1.6;13.27;9.53;5.46;NA;NA;NA;
23;23;1.58;ND;ND;NA;7.93;0.84;4.39;7.28;0;NA;NA;NA;
24;0;0.89;11.39;2.92;NA;21.3;0.96;5.28;ND;7.8;NA;NA;NA;
24;1;3.68;18.86;0.49;NA;26.83;1.21;ND;16.57;4.14;NA;NA;NA;
24;2;ND;20.49;1.69;NA;15.39;ND;4.77;15.79;8.52;NA;NA;NA;
24;3;6.49;19.77;4.72;NA;12.49;1.59;10.76;19.54;8.36;NA;NA;NA;
24;4;2.61;11.91;7.03;NA;10.57;3.27;1.24;15.21;0.35;NA;NA;NA;
24;5;1.62;3.03;0.49;NA;3.59;1.33;1.13;3.27;0.09;NA;NA;NA;
24;6;1.72;1.4;0.71;NA;4.79;2.61;4.44;1.85;0.04;NA;NA;NA;
24;7;3.52;10.82;1.92;NA;13.33;2.97;9.5;4.96;3.83;NA;NA;NA;
24;8;12.63;17.1;18.51;NA;21.85;21.21;32.59;13.04;12.91;NA;NA;NA;
24;9;22.07;38.63;26.7;NA;45.94;33.56;54.02;29.72;25.97;NA;NA;NA;
24;10;31.37;52.06;29.73;NA;49.78;38.52;72.92;ND;15.09;NA;NA;NA;
24;11;33.06;53.16;52.77;NA;55.23;55.58;58.49;ND;31.92;NA;NA;NA;
24;12;29.69;53.32;58.8;NA;74.96;69.78;66.5;75.1;52.15;NA;NA;NA;
24;13;24.56;48.37;46.91;NA;60.97;54.13;63.24;66.36;52.44;NA;NA;NA;
24;14;22.95;47.95;34.32;NA;40.67;43.59;54.03;55.8;40.31;NA;NA;NA;
24;15;21.7;48;34.3;NA;40.74;46.53;45.19;39.87;41.52;NA;NA;NA;
24;16;25.3;48.96;17.25;NA;50.54;44.08;40.13;46.23;47.97;NA;NA;NA;
24;17;22.42;46.26;17.79;NA;35.07;29.43;40.49;44.92;41.51;NA;NA;NA;
24;18;12.7;38.59;12.01;NA;19.96;10.83;17.43;42.83;16.86;NA;NA;NA;
24;19;12.25;31.54;3.36;NA;12.97;3.52;11.23;43.26;20.58;NA;NA;NA;
24;20;4.31;20.87;2.88;NA;14.99;1.82;23.84;25.34;17.82;NA;NA;NA;
24;21;6.61;9.2;1.29;NA;14.23;1.64;11.07;16.43;0.29;NA;NA;NA;
24;22;4.9;31.02;0.66;NA;8.27;1.37;2.51;15.9;0.06;NA;NA;NA;
24;23;2.28;26.03;0.35;NA;8.23;1.19;3.61;19.62;7.37;NA;NA;NA;
25;0;8.29;21.45;10.07;NA;11.38;1.19;3.23;6.57;4.1;NA;NA;NA;
25;1;7.81;3.92;6.67;NA;13.06;1.13;0.87;6.69;ND;NA;NA;NA;
25;2;5.22;ND;ND;NA;ND;1.42;4.64;4.28;0.27;NA;NA;NA;
25;3;4.18;7.05;0.19;NA;14.15;0.92;0.62;3.73;0;NA;NA;NA;
25;4;6.61;3.44;8.65;NA;9.98;0.78;1.22;2.6;0;NA;NA;NA;
25;5;13.67;9.92;21.64;NA;9.17;5.67;0.31;0.89;0.03;NA;NA;NA;
25;6;2.07;2.07;4.37;NA;11.97;2.22;1.79;0.68;0.16;NA;NA;NA;
25;7;10.18;11.53;2.68;NA;7.35;3.55;8.85;2.71;0.89;NA;NA;NA;
25;8;15.07;31.02;14.5;NA;28.64;7.08;21.59;8.12;8.19;NA;NA;NA;
25;9;21.04;32.5;20.2;NA;24.9;12.04;33.4;12.48;5.59;NA;NA;NA;
25;10;20.31;36.17;20.39;NA;21.6;9.19;15.12;22.37;4.48;NA;NA;NA;
25;11;24.83;47.96;42.52;NA;44.88;36.15;36.51;45.8;19.35;NA;NA;NA;
25;12;31.56;52.7;48.86;NA;ND;62.44;58.08;68.06;36.92;NA;NA;NA;
25;13;28.05;52.8;56.69;NA;68.85;66.34;54.18;69.27;51.97;NA;NA;NA;
25;14;29;55.99;50.19;NA;65.12;58.66;64.37;63.02;40.02;NA;NA;NA;
25;15;26.36;48.07;36.54;NA;47.77;41.95;57.78;59.11;44.48;NA;NA;NA;
25;16;18.08;32.56;30.11;NA;46.95;34.81;49.9;52.76;39.1;NA;NA;NA;
25;17;15.82;31.54;12.22;NA;35.94;24.15;44.05;44.97;33.9;NA;NA;NA;
25;18;12.08;25.42;2.89;NA;26.44;9.46;33.19;31.53;16.71;NA;NA;NA;
25;19;6.6;19.87;1.03;NA;21.5;3.77;19.34;30.65;21.12;NA;NA;NA;
25;20;2.87;8.38;0.66;NA;34.69;6.64;25.67;23.22;25.79;NA;NA;NA;
25;21;3.96;10.38;1.05;NA;6.91;3.24;19.86;23.32;16.41;NA;NA;NA;
25;22;3.77;8.26;4.84;NA;12.48;1.59;20.26;18.32;13.72;NA;NA;NA;
25;23;1.04;4.27;3.12;NA;12.55;3.99;15.8;2.86;12.44;NA;NA;NA;
26;0;2.07;2.06;1.2;NA;6.83;1.92;10.62;ND;4.58;NA;NA;NA;
26;1;1.91;6.33;0.48;NA;10.05;4.05;ND;0.9;2.09;NA;NA;NA;
26;2;ND;2.25;0.42;NA;4.3;ND;24.38;0.55;4.71;NA;NA;NA;
26;3;2.5;0.7;0.46;NA;8.79;1.07;22.38;0.59;0;NA;NA;NA;
26;4;0.9;ND;0.41;NA;2.31;3.65;14.44;0.44;0.05;NA;NA;NA;
26;5;0.92;ND;0.69;NA;2.16;7.08;19.32;0.37;0;NA;NA;NA;
26;6;1.28;ND;0.96;NA;3.45;2.01;14.09;1.14;0;NA;NA;NA;
26;7;3.15;ND;3.23;NA;5.67;5.64;17.75;2.89;1.85;NA;NA;NA;
26;8;6.32;11.04;8.38;NA;22.69;12.59;22.48;2.98;7.54;NA;NA;NA;
26;9;11.78;21.92;16.5;NA;27.05;22.55;21.06;7.91;8.96;NA;NA;NA;
26;10;18.01;20.56;27.09;NA;27.35;26.56;23.69;14.8;14.97;NA;NA;NA;
26;11;16.4;25.59;26.24;NA;26.99;27.17;29.09;25.93;18.87;NA;NA;NA;
26;12;15.54;25.67;27.21;NA;39.44;30.68;33.79;28.11;18.5;NA;NA;NA;
26;13;19.56;35.17;30.28;NA;37.07;33.58;34.18;40.03;13.9;NA;NA;NA;
26;14;24;45.88;34.15;NA;44.11;38.64;35.72;60.83;29.34;NA;NA;NA;
26;15;29.61;53.43;39.31;NA;51.14;43.8;26.2;58.45;34.24;NA;NA;NA;
26;16;17.92;38.47;36.79;NA;35.8;32.2;22.75;51.93;21.17;NA;NA;NA;
26;17;12.74;28.81;24.06;NA;25.18;31.17;18.81;38.04;9.03;NA;NA;NA;
26;18;10.75;20.57;4.99;NA;4.91;7.88;9.04;23.3;3.24;NA;NA;NA;
26;19;6.4;9.79;3.02;NA;5.94;2.43;5.61;23.96;4.86;NA;NA;NA;
26;20;1.98;4.98;3.42;NA;5.14;2.26;5.22;21.1;5.19;NA;NA;NA;
26;21;1.53;2.37;3.24;NA;3.41;1.55;18.03;6.96;7.3;NA;NA;NA;
26;22;1.57;1.56;0.63;NA;6.69;1.46;4.08;4.61;0.11;NA;NA;NA;
26;23;1.19;1.92;0.94;NA;5.95;5.23;13.91;1.53;0.04;NA;NA;NA;
27;0;1.14;1.51;1.12;NA;2.43;1.85;16.64;1.17;0;NA;NA;NA;
27;1;1.04;1.03;8.23;NA;2.62;4.38;18.05;0.54;ND;NA;NA;NA;
27;2;0.88;1.54;ND;NA;ND;5.11;19.49;0.28;0;NA;NA;NA;
27;3;0.76;1.54;1.63;NA;2.17;5.63;20.19;0.21;0;NA;NA;NA;
27;4;0.67;0.63;1;NA;3.25;5.47;20.28;0.17;0;NA;NA;NA;
27;5;0.69;1.35;3.57;NA;3.97;5.71;20.43;0.19;0.08;NA;NA;NA;
27;6;1.74;2.67;10.68;NA;5.91;3.61;18.35;0.6;0.24;NA;NA;NA;
27;7;4.81;5.28;6.04;NA;12.51;12.11;21.29;1.57;3.31;NA;NA;NA;
27;8;10.3;16.49;17.97;NA;25.67;24.63;25.14;7.27;13.16;NA;NA;NA;
27;9;18.82;30.04;35.35;NA;37.37;37.33;31.3;20.46;24.76;NA;NA;NA;
27;10;26.05;43.02;37.99;NA;42.53;39.77;36.2;39.12;35.26;NA;NA;NA;
27;11;29.77;52.01;39.41;NA;43.63;39.85;44.41;52.22;22.15;NA;NA;NA;
27;12;29.07;45.61;42.62;NA;45.5;42.71;47.75;59.41;38.43;NA;NA;NA;
27;13;27.09;45.35;51.68;NA;56.82;59.48;42.45;59.95;37.59;NA;NA;NA;
27;14;21.3;41.42;34.93;NA;48.09;42.63;42.39;43.32;33.24;NA;NA;NA;
27;15;18.09;34.69;35.11;NA;36.83;35.23;36.66;32.82;11.87;NA;NA;NA;
27;16;16.88;33.95;32.76;NA;30.93;30.34;32.89;32.87;6.97;NA;NA;NA;
27;17;15.09;27.89;22.87;NA;28.39;29;26.28;31.25;15.34;NA;NA;NA;
27;18;10.66;21.36;11.28;NA;17.93;11.44;19.59;23.28;7.47;NA;NA;NA;
27;19;5.77;14.35;1.39;NA;11.03;5.57;8.16;15.4;5.24;NA;NA;NA;
27;20;1.53;11.66;0.97;NA;8.16;1.27;6.72;18.58;8.18;NA;NA;NA;
27;21;1.19;5.66;0.94;NA;13.39;1.32;4.01;19.07;8.42;NA;NA;NA;
27;22;1.28;1.43;0.83;NA;7.13;2.29;11.71;14.89;0.14;NA;NA;NA;
27;23;2.69;0.79;1.35;NA;12.79;1.64;9.99;11.85;0.18;NA;NA;NA;
28;0;8.54;1.05;7.01;NA;10.72;1.62;9.82;ND;0.48;NA;NA;NA;
28;1;8.45;0.78;8.38;NA;9.48;4.21;ND;2.41;0.33;NA;NA;NA;
28;2;ND;ND;7.71;NA;11.96;ND;2.45;2.57;0.01;NA;NA;NA;
28;3;8.28;1.09;4.76;NA;3.78;3.61;9.99;0.44;0.13;NA;NA;NA;
28;4;5.56;2.27;2.36;NA;3.39;1.79;20.38;0.75;0.08;NA;NA;NA;
28;5;1.08;1.47;0.69;NA;7.26;1.49;24.39;0.41;0.01;NA;NA;NA;
28;6;1.77;1.32;1.47;NA;11.8;2.72;17.86;0.9;ND;NA;NA;NA;
28;7;5.37;6.23;3;NA;16.95;4.86;8.07;2.5;1.14;NA;NA;NA;
28;8;13.07;23.03;17.77;NA;37.7;15.06;30.38;7.94;4.38;NA;NA;NA;
28;9;18.62;38.67;25.48;NA;43.42;25.45;36.56;19.77;15.4;NA;NA;NA;
28;10;22.18;45.32;31.14;NA;49.05;42.91;46.44;31.68;35.48;NA;NA;NA;
28;11;25.68;51.39;46.04;NA;50.8;42.21;51.67;55.42;39.52;NA;NA;NA;
28;12;32.14;55.45;41.36;NA;53.16;53.33;45.24;53.41;38.29;NA;NA;NA;
28;13;26.66;50.92;31.46;NA;45.05;46.41;ND;40.05;36.22;NA;NA;NA;
28;14;27.73;ND;45.23;NA;55.04;51.77;ND;47.59;41.64;NA;NA;NA;
28;15;28.74;ND;37.86;NA;51.21;51.12;47.17;47.08;40.99;NA;NA;NA;
28;16;27.62;42.32;33.79;NA;54.52;46.62;47.07;53.53;44.15;NA;NA;NA;
28;17;19.98;35.51;26;NA;38.49;34.09;32.4;44.14;41.6;NA;NA;NA;
28;18;12.05;29.73;17.75;NA;18.83;22.86;21.12;35.37;35.47;NA;NA;NA;
28;19;12.15;27.55;7.15;NA;9.14;7.91;10.19;14.71;19.95;NA;NA;NA;
28;20;3.87;19.33;8.52;NA;7.35;2.92;6.68;4.22;16.69;NA;NA;NA;
28;21;5.36;15.95;9.84;NA;6.71;2.88;2.69;2.24;3.14;NA;NA;NA;
28;22;1.79;17.29;7.58;NA;9.72;5.19;8.26;1.56;ND;NA;NA;NA;
28;23;5.02;6.38;15.23;NA;13.18;6.01;0.79;3.76;ND;NA;NA;NA;
29;0;16.13;4.33;23.46;NA;20.6;9.85;4.1;14.39;0.11;NA;NA;NA;
29;1;13.04;3.98;21.2;NA;6.44;6.73;22.36;5.94;1.75;NA;NA;NA;
29;2;12.69;ND;ND;NA;ND;19.46;32.53;1.25;1.2;NA;NA;NA;
29;3;6.82;1.75;6.89;NA;5.6;15.67;34.18;0.75;0.1;NA;NA;NA;
29;4;2.44;5.69;4.57;NA;9.49;8.53;34.27;0.25;0.05;NA;NA;NA;
29;5;1.53;3.83;1.59;NA;3.42;7.98;33.99;0.46;0.01;NA;NA;NA;
29;6;2.45;5.47;1.8;NA;4.4;3.58;28.14;0.92;0.22;NA;NA;NA;
29;7;4.83;8.25;5.5;NA;9.15;10.81;33.24;3.01;2;NA;NA;NA;
29;8;12.07;25.01;18.68;NA;27.34;26.19;37.45;5.67;6.23;NA;NA;NA;
29;9;22.48;ND;32.03;NA;47.9;41.44;40.16;15.78;23.21;NA;NA;NA;
29;10;25.73;45.01;36.08;NA;48.53;41.15;45.34;46.33;ND;NA;NA;NA;
29;11;27.41;54.18;37.95;NA;49.27;44.51;54.29;58.96;ND;NA;NA;NA;
29;12;29.65;56.52;45.58;NA;55.66;53.85;54.27;54.25;40.95;NA;NA;NA;
29;13;33.31;55.56;42.06;NA;51.97;51.63;49.58;48.93;42.91;NA;NA;NA;
29;14;ND;54.72;42.17;NA;52.67;ND;52.77;47.73;40.36;NA;NA;NA;
29;15;ND;44.54;35.16;NA;48.26;45.88;50.1;47.43;43.01;NA;NA;NA;
29;16;22.75;42.88;ND;NA;47.07;ND;42.17;53.93;44.2;NA;NA;NA;
29;17;19.26;37.76;33.75;NA;34.56;40.43;35.86;47.73;28.16;NA;NA;NA;
29;18;17.03;25.83;20.05;NA;21.04;29.21;16.53;37.31;27.22;NA;NA;NA;
29;19;14.59;19.97;16.95;NA;15.74;8.2;10.64;30.45;27.74;NA;NA;NA;
29;20;12.31;21.11;4.44;NA;10.03;3.18;16.87;27.26;20.91;NA;NA;NA;
29;21;9.99;20.05;0.7;NA;9.69;ND;13.9;30.84;17.21;NA;NA;NA;
29;22;6.73;23.87;4.43;NA;13.77;3.75;11.82;33.1;21.48;NA;NA;NA;
29;23;5.08;22.84;9.14;NA;15.42;11.15;10.15;29.15;18.85;NA;NA;NA;
30;0;9.77;23.46;12.23;NA;26.25;17.21;7.48;ND;21.64;NA;NA;NA;
30;1;8.33;23.23;7.26;NA;24.8;12.74;ND;28.42;4.38;NA;NA;NA;
30;2;ND;22.56;11.65;NA;24.25;12.56;18.65;27.99;0;NA;NA;NA;
30;3;7.78;24.71;11.7;NA;23.02;12.65;13.8;21.59;6.28;NA;NA;NA;
30;4;7.8;25.59;10.14;NA;15.83;7.36;11.99;18.31;0.33;NA;NA;NA;
30;5;2.86;19.62;6.25;NA;6.44;1.42;2.48;9.53;1.38;NA;NA;NA;
30;6;1.63;9.49;2.66;NA;8.38;1.92;2.15;10.18;2.76;NA;NA;NA;
30;7;3.88;19.11;2.69;NA;14.26;5.23;8.61;17.27;2.58;NA;NA;NA;
30;8;11.89;29.22;8.95;NA;24.14;15.83;21.58;25.18;11.05;NA;NA;NA;
30;9;15.05;33.33;23.14;NA;35.54;22.24;36.71;34.37;19.49;NA;NA;NA;
30;10;24.94;40.82;30.21;NA;39.61;31.76;36.8;37.16;24.17;NA;NA;NA;
30;11;25.09;48.35;40.75;NA;53.4;45.99;19.35;53.68;24.18;NA;NA;NA;
30;12;33.5;55.53;63.81;NA;66.62;64.63;60.44;72.91;49.7;NA;NA;NA;
30;13;27.15;51.3;58.09;NA;64.1;65.97;67.39;68.73;37.62;NA;NA;NA;
30;14;20.4;46.69;41.36;NA;58.63;54.53;71.66;61.96;54.13;NA;NA;NA;
30;15;19.85;45.05;36.71;NA;48.61;42.47;58.62;54.02;51.25;NA;NA;NA;
30;16;20.03;41.34;42.29;NA;32.52;41.6;45.61;46.22;37.6;NA;NA;NA;
30;17;19.14;39.24;25.52;NA;27.77;24.44;42.98;41.64;23.03;NA;NA;NA;
30;18;15.64;27.8;7.92;NA;20.82;17.73;29.71;36.58;15.96;NA;NA;NA;
30;19;11.47;22.88;2.83;NA;21.74;12.4;14.85;32.05;13.43;NA;NA;NA;
30;20;8.56;24.43;1.79;NA;16.61;4.06;5.43;32.13;15.77;NA;NA;NA;
30;21;5.13;12.05;4.58;NA;9.95;3.06;1.97;33.58;13.44;NA;NA;NA;
30;22;1.65;5.5;4.83;NA;10.66;4.32;15.09;20.95;16.62;NA;NA;NA;
30;23;1.04;14.71;4.15;NA;4.4;1.52;17.5;22.99;2.29;NA;NA;NA;
31;0;1.44;14.8;5.21;NA;4.94;1.46;27.18;24.95;0;NA;NA;NA;
31;1;4.35;24.09;7.28;NA;9.21;1.43;13.97;27.04;ND;NA;NA;NA;
31;2;5.3;ND;ND;NA;ND;ND;23;24.67;7.27;NA;NA;NA;
31;3;3.62;8.86;0.52;NA;9.05;0.98;8.66;13.68;0;NA;NA;NA;
31;4;1.01;4.03;0.49;NA;15.1;1.69;17.23;18.11;0;NA;NA;NA;
31;5;0.66;0.88;0.47;NA;9.24;2.1;23.22;4.45;0;NA;NA;NA;
31;6;2.94;2.03;1.04;NA;13.85;2.36;15.76;2.31;0.03;NA;NA;NA;
31;7;3.43;5.95;4.68;NA;8.45;9.25;22.34;5.27;1.18;NA;NA;NA;
31;8;9.39;14.6;22.86;NA;33.35;28.4;33.84;7.88;8.19;NA;NA;NA;
31;9;15.76;26.87;30.28;NA;52.3;46.04;42.94;26.63;20.18;NA;NA;NA;
31;10;23.89;45.16;ND;NA;50.56;32.1;49.1;47.86;20.38;NA;NA;NA;
31;11;29.41;46.19;ND;NA;52.47;60.87;46.83;69.73;29.49;NA;NA;NA;
31;12;31.86;50.77;ND;NA;67.9;68.25;60.48;73.5;34.72;NA;NA;NA;
31;13;25.14;45.2;ND;NA;62.08;57.84;63.34;67.28;52.79;NA;NA;NA;
31;14;19.52;42.8;ND;NA;54.46;51.3;44.97;57.18;48.01;NA;NA;NA;
31;15;19.18;37.5;ND;NA;40.61;40.38;42.71;47.47;38.63;NA;NA;NA;
31;16;23.74;42.66;48.18;NA;41.31;28.42;49.3;35.1;28.54;NA;NA;NA;
31;17;19.34;30.74;11.47;NA;25.39;25.64;30.95;18.56;19.04;NA;NA;NA;
31;18;11.78;16.18;4.05;NA;19.63;12.27;23.42;8.06;13.25;NA;NA;NA;
31;19;4.73;2.57;3.56;NA;14.75;5.52;29.41;17.35;7.86;NA;NA;NA;
31;20;1.22;3.1;3.44;NA;5.07;2.21;2.83;4.63;1.35;NA;NA;NA;
31;21;4.09;4.46;1.24;NA;8.14;2.23;3.02;2.36;0.05;NA;NA;NA;
31;22;1.44;4.67;1.83;NA;7.85;0.94;3.82;0.88;0;NA;NA;NA;
31;23;1.2;2.69;0.18;NA;11.92;1.07;1.51;1.47;0;NA;NA;NA;
