DIA;HORA;Cotocollao;Carapungo;Belisario;Jipijapa;El Camal;Centro;Guamaní;Tumbaco;Los Chillos;El Condado;Turubamba;Chillogallo;
1;0;3.46;1.73;5.83;NA;8.68;3.52;ND;1.95;ND;NA;NA;NA;
1;1;ND;1.89;5.05;NA;3.22;ND;ND;1.27;ND;NA;NA;NA;
1;2;2.1;1.68;3.91;NA;3.66;3.41;ND;1.49;ND;NA;NA;NA;
1;3;3.39;2.18;3.74;NA;5.87;3.08;ND;1.89;ND;NA;NA;NA;
1;4;5.12;3.22;2.3;NA;4.59;2.84;ND;9.57;ND;NA;NA;NA;
1;5;5.35;3.28;3.01;NA;9.82;5.13;ND;6.84;ND;NA;NA;NA;
1;6;19.08;6.56;4.23;NA;11.79;5.25;ND;18.74;ND;NA;NA;NA;
1;7;11.05;13.56;5.87;NA;8.15;6.25;ND;42.15;ND;NA;NA;NA;
1;8;6.35;9.74;6.15;NA;4.33;2.77;ND;29.52;ND;NA;NA;NA;
1;9;5.85;7.02;5;NA;3.56;1.99;ND;10.54;ND;NA;NA;NA;
1;10;8.37;3.51;6.25;NA;6.47;4.04;ND;5.97;ND;NA;NA;NA;
1;11;6.84;3.21;5.97;NA;7.24;6.06;ND;20.46;ND;NA;NA;NA;
1;12;3.32;2.37;6.56;NA;4.25;7.29;ND;6.08;ND;NA;NA;NA;
1;13;3.19;2.57;4.15;NA;6.14;4.47;ND;2.52;ND;NA;NA;NA;
1;14;2.79;2.03;3.36;NA;5.09;2.64;ND;1.18;ND;NA;NA;NA;
1;15;2.38;1.94;2.91;NA;3.71;2.13;ND;1.81;ND;NA;NA;NA;
1;16;2.38;1.73;3.5;NA;3.1;2.1;ND;2.17;ND;NA;NA;NA;
1;17;2.37;2.11;6.51;NA;3.23;3.48;ND;2.08;ND;NA;NA;NA;
1;18;2.63;2.29;8.85;NA;4.04;2.25;ND;2.32;ND;NA;NA;NA;
1;19;4.52;2.38;8.61;NA;9.86;3.49;ND;1.96;ND;NA;NA;NA;
1;20;5.17;2.3;8.69;NA;9.73;5.98;ND;1.86;ND;NA;NA;NA;
1;21;5.3;2.46;13.17;NA;7.35;7.32;ND;1.81;ND;NA;NA;NA;
1;22;7.34;2.38;10.18;NA;8.36;5.58;ND;1.62;ND;NA;NA;NA;
1;23;6.57;2;10.06;NA;2.93;3.86;ND;1.41;ND;NA;NA;NA;
2;0;2.62;1.79;7.96;NA;5.2;4.89;ND;1.42;ND;NA;NA;NA;
2;1;2.9;ND;ND;NA;ND;5.36;ND;2.75;ND;NA;NA;NA;
2;2;3.2;1.67;4.47;NA;2.6;4.52;ND;3.06;ND;NA;NA;NA;
2;3;3.31;2.41;3.14;NA;4.23;4.16;ND;9.8;ND;NA;NA;NA;
2;4;3.51;2.87;3.63;NA;3.64;3.82;ND;9.93;ND;NA;NA;NA;
2;5;3.94;2.56;3.17;NA;3.92;3.61;ND;10.57;ND;NA;NA;NA;
2;6;5.86;2.69;4.13;NA;4.77;3.98;ND;14.09;ND;NA;NA;NA;
2;7;6.98;4.09;7.97;NA;6.27;5.32;ND;17.68;ND;NA;NA;NA;
2;8;9.87;7.23;8.91;NA;7.12;5.15;ND;17.49;ND;NA;NA;NA;
2;9;10.65;7.56;8.47;NA;5.51;3.08;ND;12.08;ND;NA;NA;NA;
2;10;7.92;5.74;7.08;NA;8.23;3.83;ND;9.78;ND;NA;NA;NA;
2;11;5.5;4.15;6.89;NA;16.17;4.94;ND;6.14;ND;NA;NA;NA;
2;12;4.05;2.92;4.75;NA;4.57;4.19;ND;3.89;ND;NA;NA;NA;
2;13;3.77;2.45;3.39;NA;3.16;3.88;ND;2.68;ND;NA;NA;NA;
2;14;2.37;1.59;3.64;NA;2.77;3.04;ND;1.94;ND;NA;NA;NA;
2;15;1.98;1.12;2.85;NA;2.25;2.22;ND;2.22;ND;NA;NA;NA;
2;16;2.09;0.82;3.52;NA;2.49;1.05;ND;2.17;ND;NA;NA;NA;
2;17;2.21;1.12;6.33;NA;3.79;0.52;ND;1.77;ND;NA;NA;NA;
2;18;3.54;1.67;4.77;NA;5.41;0.46;ND;1.58;ND;NA;NA;NA;
2;19;3.78;1.84;3.74;NA;6.24;1.28;ND;1.54;ND;NA;NA;NA;
2;20;3.81;2.02;5.28;NA;5.59;2.51;ND;1.65;ND;NA;NA;NA;
2;21;4.99;2;5.16;NA;2.9;3.16;ND;1.3;ND;NA;NA;NA;
2;22;5.08;1.6;4.09;NA;3.18;3.73;ND;1.6;ND;NA;NA;NA;
2;23;3.75;1.84;4.69;NA;5.17;4.78;ND;1.92;ND;NA;NA;NA;
3;0;2.98;1.47;3.85;NA;4.54;4.42;ND;2.48;ND;NA;NA;NA;
3;1;ND;1.37;2.22;NA;2.66;ND;ND;1.78;ND;NA;NA;NA;
3;2;2.67;1.56;2.18;NA;2.07;3.82;ND;1.29;ND;NA;NA;NA;
3;3;2.88;1.49;2.52;NA;1.85;3.29;ND;32.95;ND;NA;NA;NA;
3;4;3.8;1.37;2.39;NA;3.8;3.18;ND;57.26;ND;NA;NA;NA;
3;5;3.95;1.6;2.35;NA;5.91;4.29;ND;22.22;ND;NA;NA;NA;
3;6;5.36;1.68;5.48;NA;12.91;4.84;ND;19.52;ND;NA;NA;NA;
3;7;8.52;3.48;5.9;NA;10.93;3.86;ND;29.44;ND;NA;NA;NA;
3;8;7.91;4.95;3.4;NA;3.89;1.99;ND;22.77;ND;NA;NA;NA;
3;9;6.64;5.79;4.17;NA;2.28;1.69;ND;10.38;ND;NA;NA;NA;
3;10;4.45;4.21;3.15;NA;3.37;2.08;ND;7.01;ND;NA;NA;NA;
3;11;3.62;2.91;3.59;NA;4.74;2.96;ND;3.78;ND;NA;NA;NA;
3;12;2.65;1.36;3.27;NA;2.78;2.57;ND;3.12;ND;NA;NA;NA;
3;13;2.16;1.33;2.24;NA;2.06;2.1;ND;2.53;ND;NA;NA;NA;
3;14;1.74;1.28;1.92;NA;1.91;1.51;ND;2.31;ND;NA;NA;NA;
3;15;1.82;0.97;1.82;NA;1.66;1.16;ND;1.98;ND;NA;NA;NA;
3;16;1.9;1.07;2.54;NA;1.45;0.39;ND;2.15;ND;NA;NA;NA;
3;17;2.12;1.5;3.74;NA;1.93;1.05;ND;2.63;ND;NA;NA;NA;
3;18;2.07;1.94;3.21;NA;1.66;1.6;ND;2.12;ND;NA;NA;NA;
3;19;2.14;1.81;2.76;NA;2.23;1.48;ND;1.6;ND;NA;NA;NA;
3;20;1.95;1.69;2.69;NA;2.65;1.38;ND;1.57;ND;NA;NA;NA;
3;21;1.71;1.47;2.64;NA;2.02;1.61;ND;1.22;ND;NA;NA;NA;
3;22;2.9;1.47;2.02;NA;2.02;1.63;ND;1.58;ND;NA;NA;NA;
3;23;2.77;1.4;1.69;NA;1.99;1.53;ND;1.28;ND;NA;NA;NA;
4;0;2.01;1.14;1.39;NA;3.28;1.63;ND;1.11;ND;NA;NA;NA;
4;1;1.71;ND;ND;NA;ND;1.99;ND;1.22;ND;NA;NA;NA;
4;2;1.83;1.44;1.58;NA;6.62;2.15;ND;1.23;ND;NA;NA;NA;
4;3;2.04;1.36;2.87;NA;5.08;2.72;ND;1.21;ND;NA;NA;NA;
4;4;2.62;1.12;2.61;NA;4.56;3.13;ND;1.12;ND;NA;NA;NA;
4;5;1.88;1.18;2.71;NA;6.37;3.02;ND;1.45;ND;NA;NA;NA;
4;6;2.45;1.16;2.12;NA;4.59;3.8;ND;1.28;ND;NA;NA;NA;
4;7;3.33;1.39;2.98;NA;8.22;6.31;ND;1.39;ND;NA;NA;NA;
4;8;4.27;1.75;5.51;NA;6.41;4.5;ND;2.04;ND;NA;NA;NA;
4;9;4.31;1.33;6.1;NA;5.87;2.44;ND;2.84;ND;NA;NA;NA;
4;10;3.06;1.92;6.54;NA;8.44;3.43;ND;5.24;ND;NA;NA;NA;
4;11;2.5;1.52;3.54;NA;4.83;4.38;ND;2.58;ND;NA;NA;NA;
4;12;2.71;1.42;2.11;NA;2.86;3.85;ND;1.33;ND;NA;NA;NA;
4;13;2.62;1.63;1.98;NA;2.82;3.1;ND;1.66;ND;NA;NA;NA;
4;14;1.91;1.15;2.04;NA;2.18;2.7;ND;1.3;ND;NA;NA;NA;
4;15;1.61;1.08;2.01;NA;2.52;2.82;ND;1.49;ND;NA;NA;NA;
4;16;1.85;0.95;2.49;NA;2.45;1.95;ND;1.56;ND;NA;NA;NA;
4;17;1.82;1.34;4.2;NA;2.53;1.13;ND;1.48;ND;NA;NA;NA;
4;18;1.74;1.92;2.9;NA;2.94;0.31;ND;1.33;ND;NA;NA;NA;
4;19;2.24;1.58;3.05;NA;4.28;0.7;ND;1.35;ND;NA;NA;NA;
4;20;2.78;1.69;4.22;NA;3.65;1.32;ND;1.2;ND;NA;NA;NA;
4;21;2.49;1.41;3.28;NA;4.64;1.95;ND;1.1;ND;NA;NA;NA;
4;22;2.53;1.68;4.43;NA;4.02;2.08;ND;1.12;ND;NA;NA;NA;
4;23;3.11;1.41;4.56;NA;4.01;2.27;ND;1.26;ND;NA;NA;NA;
5;0;2.27;1.3;7.45;NA;3.79;3.06;ND;1.04;ND;NA;NA;NA;
5;1;ND;1.26;7.72;NA;3.63;ND;ND;1.14;ND;NA;NA;NA;
5;2;2.04;1.34;5.31;NA;4.11;4.56;ND;0.86;ND;NA;NA;NA;
5;3;2.22;1.38;3.67;NA;2.17;3.17;ND;0.85;ND;NA;NA;NA;
5;4;2.23;1.51;2.97;NA;2.85;2.63;ND;1.07;ND;NA;NA;NA;
5;5;2.26;1.64;3.84;NA;4.05;2.88;ND;1.15;ND;NA;NA;NA;
5;6;2.08;1.51;3.74;NA;5.01;3.23;ND;1.21;ND;NA;NA;NA;
5;7;3.13;1.65;6.61;NA;4.75;3.36;ND;1.57;ND;NA;NA;NA;
5;8;3.95;1.62;5.79;NA;4.94;2.78;ND;15.91;ND;NA;NA;NA;
5;9;4.58;1.71;7.61;NA;4.27;2.03;ND;7.41;ND;NA;NA;NA;
5;10;4.58;1.66;8.66;NA;4.5;2.17;ND;5.68;ND;NA;NA;NA;
5;11;3.42;1.69;7.22;NA;6.42;3.85;ND;3.62;ND;NA;NA;NA;
5;12;3.17;1.73;3.18;NA;3.24;3.4;ND;2.02;ND;NA;NA;NA;
5;13;2.11;1.35;2.75;NA;2.68;3.27;ND;1.87;ND;NA;NA;NA;
5;14;1.82;0.89;2.61;NA;2.7;2.83;ND;1.56;ND;NA;NA;NA;
5;15;1.75;1.01;2.7;NA;2.16;2.27;ND;1.79;ND;NA;NA;NA;
5;16;1.61;1.12;2.94;NA;2.12;1.77;ND;1.8;ND;NA;NA;NA;
5;17;1.8;0.73;3.38;NA;1.96;0.79;ND;1.71;ND;NA;NA;NA;
5;18;2.06;0.84;3.26;NA;2.06;0.51;ND;1.5;ND;NA;NA;NA;
5;19;2.17;1.22;3.04;NA;2.17;0.42;ND;1.21;ND;NA;NA;NA;
5;20;1.99;1.37;2.64;NA;1.95;0.47;ND;1.13;ND;NA;NA;NA;
5;21;2.13;1.17;2.51;NA;2.61;0.98;ND;1.14;ND;NA;NA;NA;
5;22;2.29;1.62;2.65;NA;2.05;1.47;ND;1.16;ND;NA;NA;NA;
5;23;1.98;1.54;2.54;NA;1.68;1.67;ND;1.01;ND;NA;NA;NA;
6;0;2.03;1.58;3.46;NA;2.27;2.09;ND;1.12;ND;NA;NA;NA;
6;1;2.55;ND;ND;NA;ND;2.14;ND;1.01;ND;NA;NA;NA;
6;2;2.83;2.02;3.99;NA;2.63;2.34;ND;1.08;ND;NA;NA;NA;
6;3;2.3;1.46;3.31;NA;3.77;2.81;ND;0.97;ND;NA;NA;NA;
6;4;2.2;1.69;4.13;NA;4.74;2.78;ND;1.07;ND;NA;NA;NA;
6;5;1.98;1.87;16.36;NA;5.09;4.48;ND;1;ND;NA;NA;NA;
6;6;2.13;1.28;15.68;NA;6.3;6.44;ND;1.12;ND;NA;NA;NA;
6;7;2.73;1.58;12.2;NA;8.31;6.37;ND;2.87;ND;NA;NA;NA;
6;8;7.77;2.34;8.1;NA;4.79;4.67;ND;5.77;ND;NA;NA;NA;
6;9;7.13;3.14;9.48;NA;4.54;3.39;ND;4.7;ND;NA;NA;NA;
6;10;5.95;2.1;15.11;NA;9.53;2.95;ND;3.55;ND;NA;NA;NA;
6;11;4.16;2.04;11.05;NA;5.8;4.73;ND;10.3;ND;NA;NA;NA;
6;12;2.51;1.37;6.16;NA;2.76;6.47;ND;7.4;ND;NA;NA;NA;
6;13;2.11;1.04;3.39;NA;2.44;3.97;ND;2.27;ND;NA;NA;NA;
6;14;1.83;1.02;2.72;NA;2.16;2.71;ND;1.36;ND;NA;NA;NA;
6;15;1.89;0.99;2.6;NA;2.2;2.08;ND;1.28;ND;NA;NA;NA;
6;16;1.86;0.79;3.85;NA;1.88;1.15;ND;1.4;ND;NA;NA;NA;
6;17;2.13;1.08;3.51;NA;2.15;1.68;ND;1.27;ND;NA;NA;NA;
6;18;2.79;1.4;3.58;NA;1.98;2.35;ND;1.32;ND;NA;NA;NA;
6;19;2.55;1.82;2.92;NA;1.62;2.3;ND;1.2;ND;NA;NA;NA;
6;20;2.41;1.42;2.46;NA;1.48;1.94;ND;1.18;ND;NA;NA;NA;
6;21;2.37;1.8;2.39;NA;1;2.24;ND;1.09;ND;NA;NA;NA;
6;22;2.39;1.66;3.04;NA;1.28;2.15;ND;1.01;ND;NA;NA;NA;
6;23;1.79;1.66;2.78;NA;1.45;2.29;ND;0.95;ND;NA;NA;NA;
7;0;1.69;1.49;1.74;NA;1.11;2.29;ND;1.04;ND;NA;NA;NA;
7;1;ND;1.49;2.81;NA;0.9;ND;ND;0.94;ND;NA;NA;NA;
7;2;1.75;1.58;1.63;NA;2.11;2.79;ND;0.94;ND;NA;NA;NA;
7;3;1.54;1.52;1.64;NA;1.21;2.1;ND;0.86;ND;NA;NA;NA;
7;4;1.48;1.39;1.29;NA;1.33;1.47;ND;1.03;ND;NA;NA;NA;
7;5;1.8;1.37;1.54;NA;3.05;1.37;ND;1.05;ND;NA;NA;NA;
7;6;1.96;1.4;2.82;NA;5.16;1.7;ND;1.02;ND;NA;NA;NA;
7;7;3;1.69;3.87;NA;5.15;2.41;ND;1.6;ND;NA;NA;NA;
7;8;3.35;2.02;5.02;NA;4.29;2.53;ND;1.99;ND;NA;NA;NA;
7;9;3.06;1.69;12.07;NA;5.29;2.28;ND;1.77;ND;NA;NA;NA;
7;10;2.58;1.74;9.25;NA;5.87;2.34;ND;1.18;ND;NA;NA;NA;
7;11;2.21;1.64;5.94;NA;4.54;2.02;ND;1.22;ND;NA;NA;NA;
7;12;2.16;1.66;6.79;NA;2.96;2.62;ND;1.36;ND;NA;NA;NA;
7;13;2.04;1.5;4.9;NA;3.18;2.8;ND;2.33;ND;NA;NA;NA;
7;14;2.12;1.48;5.97;NA;ND;2.32;ND;1.79;ND;NA;NA;NA;
7;15;3.89;2.35;6.8;NA;ND;2.06;ND;1.78;ND;NA;NA;NA;
7;16;4.49;3.95;9.29;NA;2.98;3.06;ND;1.86;ND;NA;NA;NA;
7;17;2.94;3.04;10.21;NA;2.77;4.51;ND;1.98;ND;NA;NA;NA;
7;18;2.67;2.61;8.37;NA;2.19;4.74;ND;1.7;ND;NA;NA;NA;
7;19;5.62;2.33;6.52;NA;2.73;4.31;ND;1.47;ND;NA;NA;NA;
7;20;5.99;2.08;4.62;NA;2.93;4.2;ND;1.63;ND;NA;NA;NA;
7;21;4.37;1.66;3.6;NA;2.62;3.67;ND;1.39;ND;NA;NA;NA;
7;22;3.44;1.52;3.04;NA;4.75;3.35;ND;1.29;ND;NA;NA;NA;
7;23;3.06;1.7;2.83;NA;4.69;2.9;ND;1.21;ND;NA;NA;NA;
8;0;2.61;1.67;2.94;NA;3.12;2.79;ND;1.24;ND;NA;NA;NA;
8;1;2.94;1.76;ND;NA;3.13;2.51;ND;1.3;ND;NA;NA;NA;
8;2;3.39;2.05;3.13;NA;2.37;2.74;ND;1.06;ND;NA;NA;NA;
8;3;4.02;1.9;3.23;NA;1.96;2.62;ND;1.09;ND;NA;NA;NA;
8;4;3.62;2.34;6.36;NA;5.26;5.13;ND;1.29;ND;NA;NA;NA;
8;5;4.14;3.79;4.51;NA;8.47;10.33;ND;1.31;ND;NA;NA;NA;
8;6;5.05;4.65;5.57;NA;15.72;13.77;ND;1.81;ND;NA;NA;NA;
8;7;5.91;3.69;7.03;NA;16.57;12.99;ND;2.2;ND;NA;NA;NA;
8;8;7.34;3.78;11.3;NA;13.36;12.56;ND;2.11;ND;NA;NA;NA;
8;9;9.47;2.91;13.91;NA;9.14;10.63;ND;2.66;ND;NA;NA;NA;
8;10;7.6;ND;10.14;NA;7.64;6.33;ND;2.95;ND;NA;NA;NA;
8;11;8.25;ND;8.98;NA;10.45;5.42;ND;2.51;ND;NA;NA;NA;
8;12;4.66;1.15;8.23;NA;7.8;5.33;ND;4.34;ND;NA;NA;NA;
8;13;3.07;1.39;4.07;NA;5.95;4.72;ND;3.45;ND;NA;NA;NA;
8;14;2.67;1.42;3.22;NA;2.85;5.13;ND;1.92;ND;NA;NA;NA;
8;15;2.37;ND;5.72;NA;2.45;3.33;ND;1.67;ND;NA;NA;NA;
8;16;2.35;ND;6.64;NA;2.17;2.82;ND;1.8;ND;NA;NA;NA;
8;17;2.77;ND;5.74;NA;2.54;2.6;ND;1.36;ND;NA;NA;NA;
8;18;5.73;1.55;6.32;NA;2.97;3.66;ND;1.62;ND;NA;NA;NA;
8;19;4.48;1.56;5.61;NA;3.44;4.01;ND;1.42;ND;NA;NA;NA;
8;20;5.15;1.17;4.87;NA;6.04;4.18;ND;1.37;ND;NA;NA;NA;
8;21;3.06;1.13;5.01;NA;5.76;4.11;ND;1.12;ND;NA;NA;NA;
8;22;2.9;0.92;4.12;NA;6.91;3.99;ND;1.04;ND;NA;NA;NA;
8;23;2.37;0.97;3.24;NA;7.22;3.52;ND;1.12;ND;NA;NA;NA;
9;0;2.39;1.01;3.56;NA;13.32;3.57;ND;0.96;ND;NA;NA;NA;
9;1;ND;ND;4.19;NA;ND;ND;ND;0.94;ND;NA;NA;NA;
9;2;2.18;1.83;3.27;NA;9.96;4.76;ND;0.88;ND;NA;NA;NA;
9;3;2.23;2.82;4;NA;9.3;3.74;ND;0.92;ND;NA;NA;NA;
9;4;2.73;2.16;5.38;NA;4.29;3.66;ND;0.89;ND;NA;NA;NA;
9;5;4.21;2.92;5.7;NA;19.75;3.93;ND;0.9;ND;NA;NA;NA;
9;6;6.49;4.28;9;NA;28.95;6.13;ND;1.18;ND;NA;NA;NA;
9;7;10.14;4.87;10.3;NA;25.16;7.61;ND;1.84;ND;NA;NA;NA;
9;8;12.41;6.45;12.16;NA;15.3;5.88;ND;19.22;ND;NA;NA;NA;
9;9;11.24;4.27;8.84;NA;6.26;3.65;ND;18.07;ND;NA;NA;NA;
9;10;7.81;3.15;8.99;NA;8.58;4.09;ND;9.26;ND;NA;NA;NA;
9;11;4.81;1.95;9.34;NA;7.28;4.6;ND;5.08;ND;NA;NA;NA;
9;12;3.2;1.67;5.27;NA;4.8;4.87;ND;2.8;ND;NA;NA;NA;
9;13;2.49;1.3;4.12;NA;3.26;3.83;ND;2.05;ND;NA;NA;NA;
9;14;2.51;1.41;4.42;NA;3.01;2.35;ND;1.48;ND;NA;NA;NA;
9;15;2.2;1.64;6.09;NA;3.13;2.38;ND;1.45;ND;NA;NA;NA;
9;16;2.36;1.45;6.44;NA;2.4;3.41;ND;1.66;ND;NA;NA;NA;
9;17;5.09;1.42;5.8;NA;2.98;3.77;ND;10.36;ND;NA;NA;NA;
9;18;5.64;2.36;6;NA;3.19;4.26;ND;22.63;ND;NA;NA;NA;
9;19;5.06;6.74;6.42;NA;5.38;4.21;ND;17.24;ND;NA;NA;NA;
9;20;6.31;6.16;5.73;NA;7.85;4.64;ND;19.9;ND;NA;NA;NA;
9;21;4.75;2.89;6.53;NA;6.09;4.01;ND;4.26;ND;NA;NA;NA;
9;22;3.43;2.12;9.7;NA;4.24;3.93;ND;2.61;ND;NA;NA;NA;
9;23;3.09;2.05;5.72;NA;5.78;6.03;ND;2.21;ND;NA;NA;NA;
10;0;3.18;1.91;3.89;NA;3.89;4.67;ND;1.59;ND;NA;NA;NA;
10;1;3.19;3.63;ND;NA;3.81;4.12;ND;1.3;ND;NA;NA;NA;
10;2;3.25;2.73;3.65;NA;6.32;5.71;ND;1.13;ND;NA;NA;NA;
10;3;3.25;2.67;7.95;NA;6.92;6.38;ND;1.39;ND;NA;NA;NA;
10;4;3.94;2.52;11.58;NA;7;6.89;ND;0.95;ND;NA;NA;NA;
10;5;4.08;4.23;9.96;NA;6.97;7.39;ND;1.15;ND;NA;NA;NA;
10;6;5.1;6.09;12.33;NA;9.37;8.28;ND;1.24;ND;NA;NA;NA;
10;7;7.84;7.52;14.33;NA;17.93;10.75;ND;2.13;ND;NA;NA;NA;
10;8;9.9;5.7;15.51;NA;14.08;10.26;ND;4.41;ND;NA;NA;NA;
10;9;9.15;3.41;13.39;NA;5.22;7.09;ND;5.69;ND;NA;NA;NA;
10;10;7.84;2.92;10.83;NA;8.43;6.92;ND;3.11;ND;NA;NA;NA;
10;11;4.53;1.83;8.02;NA;6.67;8.89;ND;2.32;ND;NA;NA;NA;
10;12;2.82;1.25;5;NA;3.06;4.19;ND;2.55;ND;NA;NA;NA;
10;13;2.96;1.59;5.52;NA;2.85;ND;ND;3.65;ND;NA;NA;NA;
10;14;ND;3.79;7.01;NA;2.36;ND;ND;2.08;ND;NA;NA;NA;
10;15;ND;5.87;6;NA;3.05;ND;ND;3.41;ND;NA;NA;NA;
10;16;2.66;3.95;4.93;NA;5.45;3.11;ND;3.6;ND;NA;NA;NA;
10;17;3.67;9.9;6;NA;4.54;3.29;ND;2.34;ND;NA;NA;NA;
10;18;3.56;5.11;7.45;NA;5.1;4.23;ND;2.3;ND;NA;NA;NA;
10;19;3.59;3.68;5.74;NA;6.39;4.7;ND;1.99;ND;NA;NA;NA;
10;20;3.15;5.59;10.99;NA;13.39;8.49;ND;2.9;ND;NA;NA;NA;
10;21;2.57;2.85;19.06;NA;22.97;37.12;ND;5.36;ND;NA;NA;NA;
10;22;2.41;5.09;19.08;NA;12.28;22.1;ND;3.81;ND;NA;NA;NA;
10;23;2.39;3.49;19.15;NA;8.42;17.71;ND;3.36;ND;NA;NA;NA;
11;0;2.18;2.36;11.6;NA;16.48;15.1;ND;2.84;ND;NA;NA;NA;
11;1;1.42;ND;5.72;NA;ND;12.43;ND;2.62;ND;NA;NA;NA;
11;2;1.11;3.33;3.83;NA;7.67;9;ND;3.98;ND;NA;NA;NA;
11;3;1.15;2.29;2.94;NA;10.3;7.62;ND;4.63;ND;NA;NA;NA;
11;4;0.91;1.75;3.2;NA;11.85;8.47;ND;4.03;ND;NA;NA;NA;
11;5;1.04;1.69;2.71;NA;11.59;6.4;ND;3.14;ND;NA;NA;NA;
11;6;2.07;3.99;3.3;NA;11.22;5.4;ND;3.33;ND;NA;NA;NA;
11;7;3.54;4.65;5.02;NA;8.77;5.03;ND;5.94;ND;NA;NA;NA;
11;8;3.71;3.46;6.94;NA;9.44;5.56;ND;3.8;ND;NA;NA;NA;
11;9;3.67;2.51;7.63;NA;6.38;5.37;ND;4.94;ND;NA;NA;NA;
11;10;3.12;1.89;7.91;NA;5.5;4.73;ND;4.32;ND;NA;NA;NA;
11;11;1.9;1.52;7.23;NA;4.27;3.39;ND;ND;ND;NA;NA;NA;
11;12;1.38;1.59;5.32;NA;5.16;3.79;ND;2.2;ND;NA;NA;NA;
11;13;1.18;1.59;ND;NA;3.62;3.34;ND;1.76;ND;NA;NA;NA;
11;14;1;1.55;ND;NA;2.82;3.9;ND;8.96;ND;NA;NA;NA;
11;15;1.09;1.35;7.44;NA;2.57;3.34;ND;2.67;ND;NA;NA;NA;
11;16;4.37;3.56;5.56;NA;8.11;6.56;ND;2.29;ND;NA;NA;NA;
11;17;2.19;4.17;3.7;NA;5.51;4.33;ND;2.78;ND;NA;NA;NA;
11;18;1.8;1.87;3.43;NA;3.33;3.69;ND;2.31;ND;NA;NA;NA;
11;19;2.12;1.76;4.22;NA;2.7;4.65;ND;1.66;ND;NA;NA;NA;
11;20;2.22;2.11;5.33;NA;3.06;6.16;ND;1.6;ND;NA;NA;NA;
11;21;1.3;1.45;3.94;NA;6.55;5.06;ND;1.31;ND;NA;NA;NA;
11;22;1.37;1.53;3.73;NA;4.93;3.67;ND;1.25;ND;NA;NA;NA;
11;23;1.32;1.46;3.29;NA;3.34;3.12;ND;1.51;ND;NA;NA;NA;
12;0;0.88;1.07;2.76;NA;2.96;2.84;ND;1.07;ND;NA;NA;NA;
12;1;ND;1.36;2.93;NA;3.01;ND;ND;1.03;ND;NA;NA;NA;
12;2;1.15;1.1;2.99;NA;4.15;2.49;ND;1.08;ND;NA;NA;NA;
12;3;2.64;1.27;5;NA;6.02;3.57;ND;1.05;ND;NA;NA;NA;
12;4;3.34;3.07;4.86;NA;9.55;3.81;ND;1.05;ND;NA;NA;NA;
12;5;3.56;3.62;2.92;NA;6.33;3.08;ND;1.5;ND;NA;NA;NA;
12;6;5.71;11.5;3.93;NA;7.25;6.52;ND;2.13;ND;NA;NA;NA;
12;7;6.98;3.77;9.78;NA;9.18;8.99;ND;2.9;ND;NA;NA;NA;
12;8;6.69;2.83;15.54;NA;9.54;6.57;ND;4.81;ND;NA;NA;NA;
12;9;4.72;2.85;18.85;NA;9.83;10.6;ND;4.29;ND;NA;NA;NA;
12;10;4.07;2.22;12.68;NA;11.85;10.59;ND;2.76;ND;NA;NA;NA;
12;11;2.74;1.8;8.53;NA;9.42;6.75;ND;3.36;ND;NA;NA;NA;
12;12;1.96;1.58;5.81;NA;7.21;5.29;ND;2.17;ND;NA;NA;NA;
12;13;2.19;1.78;5.69;NA;4.26;4.19;ND;1.71;ND;NA;NA;NA;
12;14;2.29;1.92;5.4;NA;4.6;4.01;ND;1.97;ND;NA;NA;NA;
12;15;2.89;2.44;6.39;NA;4.2;5.78;ND;5.96;ND;NA;NA;NA;
12;16;4.38;3.33;7.77;NA;4.38;4.31;ND;23.88;ND;NA;NA;NA;
12;17;5;3.49;7.81;NA;6.24;4.7;ND;22.41;ND;NA;NA;NA;
12;18;4.59;3.56;10.37;NA;6.7;5.52;ND;11.22;ND;NA;NA;NA;
12;19;2.26;3.17;11.89;NA;6;7.43;ND;5.34;ND;NA;NA;NA;
12;20;4.04;2.57;12.83;NA;9.8;5.24;ND;3.07;ND;NA;NA;NA;
12;21;2.71;1.78;9.54;NA;11.15;5.49;ND;1.97;ND;NA;NA;NA;
12;22;1.93;1.63;6.59;NA;12.75;7.63;ND;1.65;ND;NA;NA;NA;
12;23;1.85;1.53;5.62;NA;4.9;5.73;ND;1.35;ND;NA;NA;NA;
13;0;2.08;1.67;5.47;NA;4.55;4.4;ND;1.37;ND;NA;NA;NA;
13;1;2.35;ND;ND;NA;ND;3.63;ND;1.37;ND;NA;NA;NA;
13;2;2.36;1.95;3.65;NA;2.92;3.27;ND;1.35;ND;NA;NA;NA;
13;3;1.87;1.57;4.62;NA;2.97;2.85;ND;1.09;ND;NA;NA;NA;
13;4;1.92;4.63;5.6;NA;4.73;3.05;ND;1.18;ND;NA;NA;NA;
13;5;2.02;10.12;7.73;NA;5.34;3.73;ND;2.36;ND;NA;NA;NA;
13;6;3.64;6.19;13.68;NA;7.42;4.76;ND;9.45;ND;NA;NA;NA;
13;7;5.42;5.51;8.51;NA;6.85;4.56;ND;22.44;ND;NA;NA;NA;
13;8;5.58;13.84;8.13;NA;5.65;2.96;ND;15.32;ND;NA;NA;NA;
13;9;6.29;7.86;7.39;NA;10.78;3.79;ND;8.62;ND;NA;NA;NA;
13;10;4.17;3.94;8.47;NA;9.33;4.01;ND;4.03;ND;NA;NA;NA;
13;11;2.53;2.61;5.69;NA;6.57;3.77;ND;3.51;ND;NA;NA;NA;
13;12;1.38;1.63;4.08;NA;4.27;2.56;ND;2.27;ND;NA;NA;NA;
13;13;1.24;1.6;3.27;NA;2.87;2.01;ND;1.5;ND;NA;NA;NA;
13;14;0.91;1.21;3.28;NA;2.53;2.18;ND;1.8;ND;NA;NA;NA;
13;15;1.01;1.49;3.56;NA;2.29;1.7;ND;1.46;ND;NA;NA;NA;
13;16;0.93;1.72;3.28;NA;2.79;1.61;ND;1.26;ND;NA;NA;NA;
13;17;1.57;1.84;3.57;NA;3.01;1.64;ND;1.37;ND;NA;NA;NA;
13;18;1.59;1.94;5.51;NA;3.8;2.05;ND;1.81;ND;NA;NA;NA;
13;19;1.87;2.15;5.21;NA;3.91;2.6;ND;1.58;ND;NA;NA;NA;
13;20;2.07;2.71;3.57;NA;5.7;2.54;ND;1.63;ND;NA;NA;NA;
13;21;1.63;2.29;3.93;NA;9.78;4.93;ND;1.71;ND;NA;NA;NA;
13;22;1.82;1.95;4.26;NA;9.3;7.14;ND;1.4;ND;NA;NA;NA;
13;23;1.48;1.73;3.89;NA;7.84;6.44;ND;1.4;ND;NA;NA;NA;
14;0;1.24;1.66;3.32;NA;5.87;6.53;ND;1.14;ND;NA;NA;NA;
14;1;ND;1.98;3.98;NA;7.01;ND;ND;1.26;ND;NA;NA;NA;
14;2;0.94;1.76;5.74;NA;6.2;9.99;ND;1.07;ND;NA;NA;NA;
14;3;0.94;1.31;6.12;NA;5.84;7.6;ND;0.93;ND;NA;NA;NA;
14;4;2.11;1.69;4.91;NA;7.59;16.31;ND;0.96;ND;NA;NA;NA;
14;5;3.58;2.14;5.05;NA;6.44;14.81;ND;1.74;ND;NA;NA;NA;
14;6;3.86;4.42;12.16;NA;7.43;9.88;ND;2.79;ND;NA;NA;NA;
14;7;5.57;7.7;18.8;NA;9.47;9.93;ND;7.1;ND;NA;NA;NA;
14;8;9.16;4.49;17.62;NA;7.29;7.4;ND;5.46;ND;NA;NA;NA;
14;9;9.44;4.34;22.96;NA;4.42;5.91;ND;4.05;ND;NA;NA;NA;
14;10;7.56;2.96;16.57;NA;4.74;6.47;ND;3.26;ND;NA;NA;NA;
14;11;3.51;2.35;9.82;NA;6.41;8.11;ND;2.05;ND;NA;NA;NA;
14;12;1.4;2.34;6.23;NA;3.41;4.79;ND;2.42;ND;NA;NA;NA;
14;13;1.11;1.83;4.86;NA;2.16;2.97;ND;1.95;ND;NA;NA;NA;
14;14;1.15;1.67;3.17;NA;2.58;1.09;ND;1.47;ND;NA;NA;NA;
14;15;1.12;1.25;5.91;NA;1.94;1.54;ND;1.42;ND;NA;NA;NA;
14;16;1.16;1.07;6.16;NA;2.14;2.48;ND;1.47;ND;NA;NA;NA;
14;17;1.22;1.27;4.89;NA;2.1;2.35;ND;1.35;ND;NA;NA;NA;
14;18;3.01;1.89;7.13;NA;2.3;2.58;ND;1.23;ND;NA;NA;NA;
14;19;5.65;2.14;8.06;NA;2.88;3.07;ND;1.37;ND;NA;NA;NA;
14;20;4.83;2.24;8.97;NA;3.64;4.63;ND;1.33;ND;NA;NA;NA;
14;21;4.24;3.58;8.06;NA;6.12;4.09;ND;1.42;ND;NA;NA;NA;
14;22;7.19;4.74;7.22;NA;11.64;3.73;ND;1.6;ND;NA;NA;NA;
14;23;3.56;5.55;4.34;NA;11.64;3.62;ND;1.48;ND;NA;NA;NA;
15;0;2.69;5.37;5.32;NA;17.66;4.81;ND;1.83;ND;NA;NA;NA;
15;1;2.34;ND;ND;NA;ND;3.82;ND;1.73;ND;NA;NA;NA;
15;2;2.33;2.7;5.6;NA;18.49;7.2;ND;1.96;ND;NA;NA;NA;
15;3;3;2.32;6.24;NA;12.91;5.34;ND;21.9;ND;NA;NA;NA;
15;4;3.4;2.87;7.24;NA;21.49;5.15;ND;14.27;ND;NA;NA;NA;
15;5;6.39;7.29;6.71;NA;13.62;2.32;ND;11.04;ND;NA;NA;NA;
15;6;13.36;8.62;8.02;NA;18.49;7.97;ND;5.64;ND;NA;NA;NA;
15;7;12.19;14.05;11.68;NA;24.01;13.32;ND;18.91;ND;NA;NA;NA;
15;8;7.31;10.96;13.1;NA;21.73;11.48;ND;18.4;ND;NA;NA;NA;
15;9;11.71;11.51;16.39;NA;13.79;9.94;ND;15.47;ND;NA;NA;NA;
15;10;9.99;8.96;15.62;NA;9.58;7.06;ND;10.65;ND;NA;NA;NA;
15;11;7.28;8.44;13.33;NA;7.55;8.97;ND;6.97;ND;NA;NA;NA;
15;12;4.37;4.93;12.33;NA;7.17;6.95;ND;4.04;ND;NA;NA;NA;
15;13;1.57;2.34;6.06;NA;2.53;4.72;ND;2.84;ND;NA;NA;NA;
15;14;1.64;1.69;4.46;NA;2.41;2.36;ND;1.86;ND;NA;NA;NA;
15;15;1.39;1.7;2.61;NA;2.56;2.94;ND;1.71;ND;NA;NA;NA;
15;16;1.3;1.73;4.37;NA;2.11;2.13;ND;1.32;ND;NA;NA;NA;
15;17;1.2;1.57;6.2;NA;1.94;1.94;ND;1.17;ND;NA;NA;NA;
15;18;5.61;2.03;7.01;NA;3.28;2.7;ND;1.84;ND;NA;NA;NA;
15;19;3.73;2.12;9.93;NA;3.38;5.38;ND;2.5;ND;NA;NA;NA;
15;20;7.04;3.69;11.65;NA;6.24;3.31;ND;3.77;ND;NA;NA;NA;
15;21;4.54;3.26;7.44;NA;14.09;2.31;ND;2.48;ND;NA;NA;NA;
15;22;5.13;5.27;9.24;NA;26.48;3.92;ND;2.72;ND;NA;NA;NA;
15;23;4.31;3.57;7.85;NA;29.32;4.41;ND;2.05;ND;NA;NA;NA;
16;0;3.05;6.74;6.6;NA;18.84;3.89;ND;1.7;ND;NA;NA;NA;
16;1;ND;11.43;5.43;NA;20.97;ND;ND;1.8;ND;NA;NA;NA;
16;2;2.51;10.24;5.09;NA;17.33;4.27;ND;7.54;ND;NA;NA;NA;
16;3;3.67;6.77;5.81;NA;19.56;4.47;ND;6.61;ND;NA;NA;NA;
16;4;4.09;8.75;6.29;NA;21.88;4.14;ND;5.63;ND;NA;NA;NA;
16;5;6.66;6.13;7.51;NA;45.24;6.84;ND;4.98;ND;NA;NA;NA;
16;6;8.28;24.32;10.66;NA;51.69;14.46;ND;7.3;ND;NA;NA;NA;
16;7;14.74;18.76;13.88;NA;45.84;12.27;ND;12.38;ND;NA;NA;NA;
16;8;16.73;10.4;14.14;NA;15.07;7.13;ND;25.12;ND;NA;NA;NA;
16;9;13.5;9.36;11.63;NA;5.84;8.38;ND;13.35;ND;NA;NA;NA;
16;10;10.4;9.34;14.21;NA;10.42;11.1;ND;4.56;ND;NA;NA;NA;
16;11;8.07;6.13;10.33;NA;10.03;10.89;ND;3.12;ND;NA;NA;NA;
16;12;2.78;2.92;8.3;NA;6.07;7.26;ND;3.52;ND;NA;NA;NA;
16;13;1.38;1.81;6.22;NA;4.04;4.85;ND;3.62;ND;NA;NA;NA;
16;14;1.24;1.13;5.68;NA;2.99;2.45;ND;2.39;ND;NA;NA;NA;
16;15;1.02;1.49;5.18;NA;2.69;2.07;ND;2.19;ND;NA;NA;NA;
16;16;1.85;1.76;4.81;NA;2.47;1.79;ND;1.63;ND;NA;NA;NA;
16;17;2.25;1.91;5.83;NA;2.37;1.74;ND;1.65;ND;NA;NA;NA;
16;18;4.02;2.01;5.05;NA;3.2;2.15;ND;1.98;ND;NA;NA;NA;
16;19;4.99;2.09;5.73;NA;3.53;3.13;ND;1.94;ND;NA;NA;NA;
16;20;4.68;2.58;7.11;NA;4.65;4.87;ND;2;ND;NA;NA;NA;
16;21;4.5;4.01;10.26;NA;8.22;6.98;ND;2.52;ND;NA;NA;NA;
16;22;6.03;8.85;13.99;NA;17.3;5.32;ND;2.71;ND;NA;NA;NA;
16;23;5.06;8.2;9.14;NA;12.75;3.51;ND;2.24;ND;NA;NA;NA;
17;0;4.51;5.59;6.98;NA;19.72;1.42;ND;1.8;ND;NA;NA;NA;
17;1;2.53;ND;ND;NA;ND;1.65;ND;1.9;ND;NA;NA;NA;
17;2;2.27;4.68;4.18;NA;14.75;1.4;ND;1.87;ND;NA;NA;NA;
17;3;1.49;5.46;4.74;NA;23.2;2.55;ND;1.91;ND;NA;NA;NA;
17;4;3.28;6.77;5.03;NA;25.41;1.74;ND;2.32;ND;NA;NA;NA;
17;5;3.7;7.81;5.32;NA;34.09;7.46;ND;4.44;ND;NA;NA;NA;
17;6;10.45;18.2;10.16;NA;38.51;10.03;ND;4.85;ND;NA;NA;NA;
17;7;15.12;17.57;9.84;NA;41;8.86;ND;16.3;ND;NA;NA;NA;
17;8;14.57;12.79;15.21;NA;12.18;10.25;ND;30.35;ND;NA;NA;NA;
17;9;14.48;9.25;8.49;NA;6.84;4.94;ND;14.41;ND;NA;NA;NA;
17;10;10.96;6.46;12.53;NA;6.99;12.06;ND;6.52;ND;NA;NA;NA;
17;11;6.17;5.51;13.77;NA;7.65;12.38;ND;4.34;ND;NA;NA;NA;
17;12;3.07;3.44;9.35;NA;2.59;13.28;ND;4.63;ND;NA;NA;NA;
17;13;1.59;2.21;5.54;NA;2.91;5.54;ND;3.73;ND;NA;NA;NA;
17;14;1.31;1.8;5.68;NA;2.64;2.28;ND;2.65;ND;NA;NA;NA;
17;15;1.52;1.67;7.23;NA;2.2;1.58;ND;2.38;ND;NA;NA;NA;
17;16;2.38;1.76;6.05;NA;2.19;0.91;ND;1.84;ND;NA;NA;NA;
17;17;3.72;2.54;6.4;NA;2.69;0.89;ND;1.72;ND;NA;NA;NA;
17;18;5.91;2.35;5.14;NA;3.61;2.86;ND;1.84;ND;NA;NA;NA;
17;19;4.48;2.42;5.03;NA;3.89;4.61;ND;2.13;ND;NA;NA;NA;
17;20;3.97;3.55;5.55;NA;6.85;5.87;ND;2.16;ND;NA;NA;NA;
17;21;7;5.49;6.16;NA;9.87;5.54;ND;3.4;ND;NA;NA;NA;
17;22;6.91;7.06;5.15;NA;15.51;6.59;ND;2.56;ND;NA;NA;NA;
17;23;5.94;11.88;5.31;NA;9.36;7.33;ND;2.29;ND;NA;NA;NA;
18;0;5.42;15.6;7.32;NA;16.44;3.55;ND;1.94;ND;NA;NA;NA;
18;1;ND;12.47;6.46;NA;21.47;ND;ND;2.08;ND;NA;NA;NA;
18;2;3.27;14.78;6.54;NA;14.79;3.46;ND;1.84;ND;NA;NA;NA;
18;3;3.5;22.2;6.66;NA;12.04;2.2;ND;1.74;ND;NA;NA;NA;
18;4;5.24;9.4;6.91;NA;9.02;2.13;ND;1.9;ND;NA;NA;NA;
18;5;8.31;10.6;6.97;NA;20.82;2.81;ND;2.82;ND;NA;NA;NA;
18;6;12.49;17.15;10.13;NA;37.95;10.19;ND;3.56;ND;NA;NA;NA;
18;7;13.62;11.74;13.65;NA;38.6;16.76;ND;11.8;ND;NA;NA;NA;
18;8;13.06;12.12;12.72;NA;11.24;10.89;ND;16.39;ND;NA;NA;NA;
18;9;7.21;8.55;15.22;NA;8.05;8.63;ND;10.26;ND;NA;NA;NA;
18;10;4.91;6.66;11.93;NA;10.81;12.11;ND;7.71;ND;NA;NA;NA;
18;11;4.63;4.15;9.02;NA;10.39;8.67;ND;6.56;ND;NA;NA;NA;
18;12;2.79;2.86;6.19;NA;6.7;5.97;ND;5.24;ND;NA;NA;NA;
18;13;1.56;1.88;4.39;NA;3.29;3.72;ND;2.72;ND;NA;NA;NA;
18;14;1.2;1.28;5.52;NA;3.22;1.46;ND;1.9;ND;NA;NA;NA;
18;15;1.22;1.45;6.45;NA;3.26;1.67;ND;1.76;ND;NA;NA;NA;
18;16;0.99;2.25;8.26;NA;3.08;1.82;ND;1.86;ND;NA;NA;NA;
18;17;1.34;1.99;6.59;NA;3.16;2.25;ND;1.39;ND;NA;NA;NA;
18;18;3.42;1.91;5.22;NA;4.4;3.22;ND;1.76;ND;NA;NA;NA;
18;19;7.2;4.57;4.46;NA;6.06;2.79;ND;1.94;ND;NA;NA;NA;
18;20;6.62;3.35;5.47;NA;4.97;3.18;ND;2.69;ND;NA;NA;NA;
18;21;2.92;2.46;4.38;NA;5.6;2.66;ND;2.85;ND;NA;NA;NA;
18;22;2.58;3.41;4.21;NA;6.09;3.54;ND;2.75;ND;NA;NA;NA;
18;23;3.13;4.78;4.49;NA;7.43;4.52;ND;2.2;ND;NA;NA;NA;
19;0;3.97;4.18;5.59;NA;6.84;2.17;ND;1.94;ND;NA;NA;NA;
19;1;2.28;ND;ND;NA;ND;1.57;ND;1.82;ND;NA;NA;NA;
19;2;2.18;5.71;3.94;NA;13.13;1.85;ND;1.99;ND;NA;NA;NA;
19;3;3.3;7.83;4.5;NA;13.32;2.81;ND;2.31;ND;NA;NA;NA;
19;4;1.96;14.93;4.97;NA;21.77;4.26;ND;3.3;ND;NA;NA;NA;
19;5;3.12;17.71;4.65;NA;23.7;3.42;ND;3.27;ND;NA;NA;NA;
19;6;5.84;14.55;7.58;NA;32.35;9.73;ND;4.26;ND;NA;NA;NA;
19;7;9.35;12.32;9.94;NA;27.32;11.59;ND;9.09;ND;NA;NA;NA;
19;8;4.71;7.94;9.91;NA;9.27;6.32;ND;16;ND;NA;NA;NA;
19;9;5.61;4.74;6.43;NA;5.09;5.55;ND;12.33;ND;NA;NA;NA;
19;10;6;3.93;5.24;NA;5.07;4.31;ND;4.99;ND;NA;NA;NA;
19;11;3.92;3.33;6.64;NA;6.02;4.42;ND;2.28;ND;NA;NA;NA;
19;12;2.08;2.89;5.26;NA;5.29;4.58;ND;2.21;ND;NA;NA;NA;
19;13;1.22;1.64;3.14;NA;3.31;2.33;ND;1.82;ND;NA;NA;NA;
19;14;1.31;1.57;2.86;NA;3.04;1.15;ND;1.74;ND;NA;NA;NA;
19;15;1.06;1.52;2.32;NA;2.98;1.61;ND;1.42;ND;NA;NA;NA;
19;16;1.25;1.44;2.8;NA;3.19;1.35;ND;1.23;ND;NA;NA;NA;
19;17;2.19;1.77;4.27;NA;2.92;1.26;ND;1.4;ND;NA;NA;NA;
19;18;2.65;2.05;4.05;NA;3.14;2.35;ND;1.61;ND;NA;NA;NA;
19;19;3.23;2.24;4.94;NA;5.82;2.63;ND;1.71;ND;NA;NA;NA;
19;20;4.02;2.51;5.2;NA;6.34;2.79;ND;2.46;ND;NA;NA;NA;
19;21;7.08;3.45;9.77;NA;6.64;3.84;ND;3;ND;NA;NA;NA;
19;22;3.33;3.1;25.41;NA;8.14;5.46;ND;2.62;ND;NA;NA;NA;
19;23;3.1;6.4;17.68;NA;7.4;9.87;ND;2.65;ND;NA;NA;NA;
20;0;4.21;9.55;10.2;NA;9.47;5.29;ND;3.21;ND;NA;NA;NA;
20;1;ND;7.48;5.07;NA;5.56;ND;ND;6.41;ND;NA;NA;NA;
20;2;4.72;8.06;4.57;NA;6.6;2.09;ND;4.35;ND;NA;NA;NA;
20;3;4.55;8.06;4.33;NA;4.64;1.62;ND;7.68;ND;NA;NA;NA;
20;4;4.18;9.52;5.12;NA;10.17;1.45;ND;4.3;ND;NA;NA;NA;
20;5;4.07;9.56;5.64;NA;8.14;2.42;ND;4.29;ND;NA;NA;NA;
20;6;5.39;9.29;6.77;NA;11.36;4.82;ND;5.71;ND;NA;NA;NA;
20;7;5.73;8.59;8.3;NA;12.68;7.54;ND;8.87;ND;NA;NA;NA;
20;8;3.76;5.61;6.81;NA;8.51;8.86;ND;13.21;ND;NA;NA;NA;
20;9;3.44;5.44;6.18;NA;4.5;4.02;ND;9.63;ND;NA;NA;NA;
20;10;5.68;7.73;8.43;NA;5.19;4.69;ND;3.08;ND;NA;NA;NA;
20;11;5.38;5.32;7.03;NA;6.29;6;ND;2.67;ND;NA;NA;NA;
20;12;1.44;2.84;5.34;NA;3.03;4.32;ND;3.41;ND;NA;NA;NA;
20;13;1.24;2;3.57;NA;2.74;2.03;ND;2.12;ND;NA;NA;NA;
20;14;0.9;1.66;3.29;NA;2.62;1.29;ND;1.86;ND;NA;NA;NA;
20;15;0.91;1.68;3.22;NA;2.53;1.27;ND;1.46;ND;NA;NA;NA;
20;16;0.94;1.69;2.72;NA;2.5;1.22;ND;1.55;ND;NA;NA;NA;
20;17;1.39;1.54;3.4;NA;2.59;0.68;ND;1.33;ND;NA;NA;NA;
20;18;2.64;2.03;3.66;NA;3.83;1.37;ND;1.46;ND;NA;NA;NA;
20;19;3.97;2.25;4.06;NA;4.23;1.53;ND;2.54;ND;NA;NA;NA;
20;20;2.66;3.48;2.71;NA;3.9;1.23;ND;3.29;ND;NA;NA;NA;
20;21;2.36;3.4;2.7;NA;2.91;1.36;ND;2.56;ND;NA;NA;NA;
20;22;1.8;3.4;3.43;NA;3.89;1.91;ND;1.87;ND;NA;NA;NA;
20;23;2.93;3.02;5.58;NA;5.53;1.94;ND;1.35;ND;NA;NA;NA;
21;0;3.19;2.2;5.09;NA;7.74;1.55;ND;1.36;ND;NA;NA;NA;
21;1;2.33;ND;ND;NA;ND;1.36;ND;1.59;ND;NA;NA;NA;
21;2;2.18;7.32;2.17;NA;9.08;1.08;ND;1.81;ND;NA;NA;NA;
21;3;1.49;3.36;2.96;NA;7.81;1.75;ND;1.84;ND;NA;NA;NA;
21;4;2.23;4.72;2.98;NA;7.12;1.74;ND;1.64;ND;NA;NA;NA;
21;5;4.11;10.03;3.82;NA;14.12;5.29;ND;2.33;ND;NA;NA;NA;
21;6;7.53;22.13;11.65;NA;23.69;12.01;ND;4.86;ND;NA;NA;NA;
21;7;15.55;13.23;12.76;NA;21.35;13.9;ND;10;ND;NA;NA;NA;
21;8;9.42;7.51;8.31;NA;7.96;6.15;ND;10.52;ND;NA;NA;NA;
21;9;9.47;8.61;11.2;NA;5.18;7.29;ND;5.57;ND;NA;NA;NA;
21;10;3.89;3.98;11.06;NA;10.51;11.3;ND;3.4;ND;NA;NA;NA;
21;11;3.4;2.99;6.96;NA;8.38;6.05;ND;2.97;ND;NA;NA;NA;
21;12;1.43;2.92;4.27;NA;4.49;3.72;ND;2.31;ND;NA;NA;NA;
21;13;1.23;1.96;3.58;NA;2.55;1.72;ND;2.04;ND;NA;NA;NA;
21;14;1.04;1.4;4.37;NA;3.05;1.66;ND;1.74;ND;NA;NA;NA;
21;15;1.43;1.24;4.41;NA;2.7;1.49;ND;1.86;ND;NA;NA;NA;
21;16;1.44;1.4;4.54;NA;2.76;1.47;ND;1.62;ND;NA;NA;NA;
21;17;1.8;1.49;7.28;NA;3.51;1.74;ND;1.8;ND;NA;NA;NA;
21;18;2.77;2.05;8.01;NA;5.19;2;ND;1.77;ND;NA;NA;NA;
21;19;2.78;2.02;6.29;NA;6.11;2.81;ND;2.29;ND;NA;NA;NA;
21;20;2.32;2.34;5.25;NA;5.76;2.93;ND;2.1;ND;NA;NA;NA;
21;21;2.06;3.56;4.57;NA;4.96;2.34;ND;3.11;ND;NA;NA;NA;
21;22;2.78;5.49;4.55;NA;7;4.26;ND;2.48;ND;NA;NA;NA;
21;23;3.47;4.93;7.42;NA;13.82;7.86;ND;2.35;ND;NA;NA;NA;
22;0;2.69;3.62;5.84;NA;21.33;5.13;ND;2.12;ND;NA;NA;NA;
22;1;ND;5.26;4.9;NA;10.16;ND;ND;2.43;ND;NA;NA;NA;
22;2;3.19;16.31;8.28;NA;6.59;5.79;ND;2.01;ND;NA;NA;NA;
22;3;2.63;9.02;6.04;NA;5.44;2.73;ND;2.39;ND;NA;NA;NA;
22;4;4.76;6.51;7.45;NA;7.87;4.29;ND;2.27;ND;NA;NA;NA;
22;5;7.29;7.82;6.6;NA;13.73;5.13;ND;3.04;ND;NA;NA;NA;
22;6;11.92;14.42;11.12;NA;25.23;8.92;ND;5.07;ND;NA;NA;NA;
22;7;17.6;26.39;14.24;NA;26.63;16.68;ND;9.57;ND;NA;NA;NA;
22;8;14.89;26.29;15.97;NA;20.93;15.25;ND;11.17;ND;NA;NA;NA;
22;9;20.02;13.85;20.55;NA;13.74;14.68;ND;16.94;ND;NA;NA;NA;
22;10;16.08;14.72;18.68;NA;14.21;13.49;ND;20.33;ND;NA;NA;NA;
22;11;8.94;27;20.61;NA;16.19;16.31;ND;13.85;ND;NA;NA;NA;
22;12;9.42;14.08;19.81;NA;16.83;15.84;ND;8.23;ND;NA;NA;NA;
22;13;7.9;6.96;12.83;NA;13.01;13.84;ND;8.09;ND;NA;NA;NA;
22;14;2.76;2.9;10.46;NA;9.7;9.72;ND;7.09;ND;NA;NA;NA;
22;15;1.99;2.34;6.11;NA;2.89;4.82;ND;3.26;ND;NA;NA;NA;
22;16;1.77;1.48;6.09;NA;2.76;2.66;ND;2.18;ND;NA;NA;NA;
22;17;1.77;1.97;7.75;NA;2.85;2.67;ND;2.05;ND;NA;NA;NA;
22;18;4.4;1.77;7.05;NA;2.97;3.37;ND;1.97;ND;NA;NA;NA;
22;19;7.25;2.09;5.36;NA;4.3;3.14;ND;2.15;ND;NA;NA;NA;
22;20;7.3;15.65;4.66;NA;4.32;2.14;ND;1.57;ND;NA;NA;NA;
22;21;4.64;3.32;5.21;NA;4.2;2.36;ND;2.05;ND;NA;NA;NA;
22;22;5.65;3.51;5.18;NA;7.67;5.02;ND;2.76;ND;NA;NA;NA;
22;23;3.52;3.77;4.85;NA;19.97;5.14;ND;2.51;ND;NA;NA;NA;
23;0;4.4;11.94;4.01;NA;11.84;3.96;ND;2.08;ND;NA;NA;NA;
23;1;4.66;ND;ND;NA;ND;7.12;ND;1.91;ND;NA;NA;NA;
23;2;4.35;12.88;5.09;NA;13.11;2.96;ND;2.26;ND;NA;NA;NA;
23;3;4.33;11.45;6.45;NA;15.53;7.44;ND;2.39;ND;NA;NA;NA;
23;4;4.95;21.58;5.6;NA;13.97;6.68;ND;2.85;ND;NA;NA;NA;
23;5;7.53;16.5;9.31;NA;12.9;4.19;ND;4.84;ND;NA;NA;NA;
23;6;14.15;27.14;11.94;NA;14.33;12.57;ND;9.34;ND;NA;NA;NA;
23;7;10.43;15.97;18.67;NA;18.28;13.33;ND;19.49;ND;NA;NA;NA;
23;8;11.88;12.33;10.5;NA;9.54;7.39;ND;30.24;ND;NA;NA;NA;
23;9;11.19;9.28;12.61;NA;5.22;8.4;ND;19.66;ND;NA;NA;NA;
23;10;7.7;8.4;11.89;NA;5.78;7.81;ND;6.85;ND;NA;NA;NA;
23;11;3.75;4.09;9.11;NA;6.66;7.82;ND;5.68;ND;NA;NA;NA;
23;12;2.27;3.2;5.48;NA;4.47;5.22;ND;5.11;ND;NA;NA;NA;
23;13;1.96;2.27;4.75;NA;2.87;3.83;ND;3.78;ND;NA;NA;NA;
23;14;1.9;1.27;3.65;NA;2.69;2.47;ND;2.78;ND;NA;NA;NA;
23;15;1.42;1.47;5.45;NA;2.49;1.91;ND;2.72;ND;NA;NA;NA;
23;16;1.33;1.92;4.34;NA;2.38;1.96;ND;2.55;ND;NA;NA;NA;
23;17;2.01;1.93;4.93;NA;2.55;1.44;ND;2.06;ND;NA;NA;NA;
23;18;2.62;2.21;6.18;NA;3.25;2.2;ND;2.06;ND;NA;NA;NA;
23;19;2.31;2.08;6.45;NA;4.18;2.37;ND;1.92;ND;NA;NA;NA;
23;20;2.68;1.55;6.26;NA;4.13;2.6;ND;1.72;ND;NA;NA;NA;
23;21;2.62;2.15;5.56;NA;3.04;3.03;ND;1.68;ND;NA;NA;NA;
23;22;2.2;7.76;4.94;NA;8.04;5.89;ND;2.74;ND;NA;NA;NA;
23;23;2.74;3.95;10.59;NA;7.51;11.42;ND;2.28;ND;NA;NA;NA;
24;0;5.17;6.57;10.43;NA;5.7;16.73;ND;1.9;ND;NA;NA;NA;
24;1;ND;6.53;5.27;NA;2.15;ND;ND;1.82;ND;NA;NA;NA;
24;2;10.61;12.08;5.12;NA;1.69;2.55;ND;1.83;ND;NA;NA;NA;
24;3;12.46;15.51;4.19;NA;1.52;1.66;ND;1.6;ND;NA;NA;NA;
24;4;8.21;8.51;2.38;NA;1.56;0.88;ND;1.67;ND;NA;NA;NA;
24;5;8.2;14.2;2.4;NA;1.97;3.01;ND;2.72;ND;NA;NA;NA;
24;6;6.7;10.15;5.27;NA;2.6;5.23;ND;8.01;ND;NA;NA;NA;
24;7;10.02;15.75;7.6;NA;4.67;4.6;ND;15.69;ND;NA;NA;NA;
24;8;6.26;10.71;4.3;NA;3.72;1.85;ND;9.9;ND;NA;NA;NA;
24;9;5.32;10.5;4.2;NA;5.18;2.87;ND;14.8;ND;NA;NA;NA;
24;10;3.54;7.95;3.99;NA;5.12;3.48;ND;13.7;ND;NA;NA;NA;
24;11;4.45;6.36;4.9;NA;6.95;3.06;ND;13.31;ND;NA;NA;NA;
24;12;3.76;3.61;4.33;NA;5.89;2.43;ND;10.29;ND;NA;NA;NA;
24;13;2.95;3.06;6.2;NA;5.12;2.36;ND;4.17;ND;NA;NA;NA;
24;14;2.26;3.55;6.41;NA;4.08;2.07;ND;3.99;ND;NA;NA;NA;
24;15;1.95;3.6;5.31;NA;4.08;2.68;ND;20.45;ND;NA;NA;NA;
24;16;1.61;3.78;4.97;NA;3.97;2.92;ND;5.04;ND;NA;NA;NA;
24;17;2.04;4.81;6.09;NA;5.15;3.41;ND;3.35;ND;NA;NA;NA;
24;18;3.41;4.36;6;NA;5.77;4.51;ND;2.65;ND;NA;NA;NA;
24;19;3.88;5.27;5.92;NA;12.15;4.48;ND;3.13;ND;NA;NA;NA;
24;20;5.64;5.3;7.99;NA;8.99;6.12;ND;2.71;ND;NA;NA;NA;
24;21;5.59;3.42;4.79;NA;8.99;8.2;ND;2.81;ND;NA;NA;NA;
24;22;3.44;3.74;5.49;NA;8.08;6.65;ND;3.14;ND;NA;NA;NA;
24;23;3.01;2.9;5.78;NA;5.01;6.35;ND;3.39;ND;NA;NA;NA;
25;0;2.41;2.79;6.87;NA;4.29;5.62;ND;4.29;ND;NA;NA;NA;
25;1;2.39;ND;ND;NA;ND;4.39;ND;10.12;ND;NA;NA;NA;
25;2;2.21;4.52;4.41;NA;2.68;3.51;ND;15.36;ND;NA;NA;NA;
25;3;1.93;2.93;4.15;NA;2.25;2.88;ND;19.68;ND;NA;NA;NA;
25;4;2.78;4.58;4.2;NA;2.45;2.38;ND;22.71;ND;NA;NA;NA;
25;5;3.09;5.95;4.47;NA;2.6;2.47;ND;13.62;ND;NA;NA;NA;
25;6;4.05;7.75;4.34;NA;5.33;2.87;ND;9.28;ND;NA;NA;NA;
25;7;4.88;6.23;4.29;NA;7.81;4.77;ND;12.24;ND;NA;NA;NA;
25;8;6.7;5.94;7.86;NA;6.82;5.42;ND;12.6;ND;NA;NA;NA;
25;9;9.59;6.92;12.17;NA;7.03;5.4;ND;6.76;ND;NA;NA;NA;
25;10;9.17;5.09;11.65;NA;9.02;6.52;ND;5.17;ND;NA;NA;NA;
25;11;5.1;3.49;8.7;NA;10.35;5.69;ND;4.73;ND;NA;NA;NA;
25;12;3.87;2.9;7.24;NA;4.73;5.06;ND;4.37;ND;NA;NA;NA;
25;13;2.26;1.25;5.84;NA;3.6;4.3;ND;3.43;ND;NA;NA;NA;
25;14;1.74;1.06;4.54;NA;2.64;2.6;ND;3.32;ND;NA;NA;NA;
25;15;1.49;1.83;5.45;NA;2.63;2.89;ND;3.16;ND;NA;NA;NA;
25;16;1.4;3.25;3.5;NA;2.35;3.28;ND;3.56;ND;NA;NA;NA;
25;17;1.48;5;3.86;NA;4.05;3.41;ND;3.03;ND;NA;NA;NA;
25;18;2.47;5.51;3.76;NA;4.71;2.81;ND;3.43;ND;NA;NA;NA;
25;19;2.48;3.35;4.45;NA;4.54;3.25;ND;3.2;ND;NA;NA;NA;
25;20;2.48;2.89;4.55;NA;6.3;3.85;ND;3.19;ND;NA;NA;NA;
25;21;2.8;2.65;4.51;NA;4.98;3.37;ND;2.89;ND;NA;NA;NA;
25;22;3.39;2.57;4.65;NA;6.04;3.68;ND;2.51;ND;NA;NA;NA;
25;23;3.1;5.03;6.19;NA;5.69;5.16;ND;2.44;ND;NA;NA;NA;
26;0;2.82;3.11;9.35;NA;4.76;5.21;ND;2.44;ND;NA;NA;NA;
26;1;ND;2.83;8.82;NA;4.36;ND;ND;2.98;ND;NA;NA;NA;
26;2;2.49;5.17;6.97;NA;3.96;3.4;ND;2.36;ND;NA;NA;NA;
26;3;2.42;3.95;6.27;NA;3.5;3.9;ND;2.27;ND;NA;NA;NA;
26;4;2.42;2.8;5.43;NA;3.75;2.78;ND;2.2;ND;NA;NA;NA;
26;5;2.51;4.07;6.39;NA;2.83;2.84;ND;3.86;ND;NA;NA;NA;
26;6;4.4;6.03;5.31;NA;5.27;3.7;ND;5.6;ND;NA;NA;NA;
26;7;5.75;18.74;6.26;NA;6.07;4.44;ND;8.04;ND;NA;NA;NA;
26;8;7.17;7.17;8.79;NA;6.28;4.87;ND;10.7;ND;NA;NA;NA;
26;9;6.04;5.2;13.98;NA;4.96;3.39;ND;5.82;ND;NA;NA;NA;
26;10;2.86;3.62;8.24;NA;7.32;3.94;ND;5.68;ND;NA;NA;NA;
26;11;2.87;3.4;6.49;NA;5.27;4.4;ND;3.38;ND;NA;NA;NA;
26;12;2.55;2.65;4.69;NA;4.14;3.92;ND;3.06;ND;NA;NA;NA;
26;13;1.86;1.86;4.35;NA;3.34;3.3;ND;2.25;ND;NA;NA;NA;
26;14;1.4;1.24;3.58;NA;3.11;1.93;ND;3.32;ND;NA;NA;NA;
26;15;1.45;1.16;2.98;NA;2.94;2.36;ND;3.67;ND;NA;NA;NA;
26;16;2.01;3.52;3.95;NA;3.45;3.44;ND;4.77;ND;NA;NA;NA;
26;17;2.31;3.68;4.67;NA;3;2.82;ND;5.09;ND;NA;NA;NA;
26;18;2.76;3.09;5.83;NA;3.08;3.05;ND;3.51;ND;NA;NA;NA;
26;19;2.06;3.12;5.41;NA;4.39;3.26;ND;3.17;ND;NA;NA;NA;
26;20;2.3;3.04;4.79;NA;5;2.91;ND;2.61;ND;NA;NA;NA;
26;21;2.35;2.51;4.01;NA;4.32;3.73;ND;2.18;ND;NA;NA;NA;
26;22;2.39;2.33;3.61;NA;4.88;3.6;ND;2.51;ND;NA;NA;NA;
26;23;1.47;2.37;3.51;NA;3.7;3.96;ND;1.98;ND;NA;NA;NA;
27;0;1.94;2.25;2.66;NA;2.26;2.62;ND;1.97;ND;NA;NA;NA;
27;1;1.98;ND;ND;NA;ND;2.25;ND;1.66;ND;NA;NA;NA;
27;2;1.43;1.99;2.56;NA;2.67;1.97;ND;1.9;ND;NA;NA;NA;
27;3;1.47;7.44;3.41;NA;2.68;1.84;ND;2.04;ND;NA;NA;NA;
27;4;1.31;7.52;6.43;NA;2.66;2.17;ND;2.08;ND;NA;NA;NA;
27;5;1.82;5.68;8.63;NA;3.8;2.76;ND;1.93;ND;NA;NA;NA;
27;6;3;5.26;10.48;NA;4.53;3.85;ND;1.99;ND;NA;NA;NA;
27;7;2.73;3.42;8.53;NA;5.24;3.83;ND;8.67;ND;NA;NA;NA;
27;8;3.31;2.72;7.14;NA;4.47;3.16;ND;12.58;ND;NA;NA;NA;
27;9;3.58;2.4;7.34;NA;4.23;2.15;ND;6.2;ND;NA;NA;NA;
27;10;2.87;1.66;5.41;NA;3.23;2.07;ND;3.98;ND;NA;NA;NA;
27;11;1.88;1.54;4.91;NA;4.04;2.09;ND;3.02;ND;NA;NA;NA;
27;12;1.19;1.17;3.69;NA;2.63;1.57;ND;2.54;ND;NA;NA;NA;
27;13;1.27;0.97;3.73;NA;2.32;0.72;ND;2.02;ND;NA;NA;NA;
27;14;1;1.07;3.52;NA;1.87;0.85;ND;2.02;ND;NA;NA;NA;
27;15;1.24;0.81;3.56;NA;2.02;1.59;ND;1.83;ND;NA;NA;NA;
27;16;1.02;1.62;3.7;NA;2.16;1.9;ND;1.68;ND;NA;NA;NA;
27;17;1.58;1.6;4.62;NA;2.28;1.86;ND;1.88;ND;NA;NA;NA;
27;18;1.84;1.62;4.18;NA;2.35;2.17;ND;2.9;ND;NA;NA;NA;
27;19;2.18;1.86;3.11;NA;2.59;1.95;ND;2.53;ND;NA;NA;NA;
27;20;1.99;2.56;2.93;NA;2.94;2.17;ND;2.27;ND;NA;NA;NA;
27;21;1.95;5.16;3.67;NA;2.82;2.3;ND;6.25;ND;NA;NA;NA;
27;22;2.42;4.01;2.95;NA;3.05;2.45;ND;3.68;ND;NA;NA;NA;
27;23;2.35;2.52;2.74;NA;3.22;2.14;ND;2.69;ND;NA;NA;NA;
28;0;1.71;18.02;2.69;NA;3;2.04;ND;6.04;ND;NA;NA;NA;
28;1;ND;5.89;2.33;NA;2.74;ND;ND;7.37;ND;NA;NA;NA;
28;2;1.59;3.83;2.33;NA;2.5;2.15;ND;5.96;ND;NA;NA;NA;
28;3;1.02;3.64;4.24;NA;2.31;2.66;ND;7.22;ND;NA;NA;NA;
28;4;1.18;5.33;3.9;NA;4.56;3.38;ND;7.34;ND;NA;NA;NA;
28;5;1.57;6.14;3.59;NA;6.14;3.3;ND;5.2;ND;NA;NA;NA;
28;6;2.56;10.94;3.58;NA;7.91;5.13;ND;6.56;ND;NA;NA;NA;
28;7;4.53;20.58;8.97;NA;9.03;6.78;ND;14.13;ND;NA;NA;NA;
28;8;10.07;12.19;13.25;NA;7.91;5.42;ND;35.45;ND;NA;NA;NA;
28;9;12.82;5.07;13.07;NA;4.9;3.12;ND;33;ND;NA;NA;NA;
28;10;7.15;3.79;13.26;NA;5.31;3.52;ND;15.7;ND;NA;NA;NA;
28;11;4.04;3.04;8.1;NA;8.44;4.53;ND;4.79;ND;NA;NA;NA;
28;12;2.6;2.62;4.58;NA;5.13;4.1;ND;3.78;ND;NA;NA;NA;
28;13;1.93;2.09;4.53;NA;4.12;3.36;ND;3.45;ND;NA;NA;NA;
28;14;1.64;1.56;3.89;NA;3;2.33;ND;3.61;ND;NA;NA;NA;
28;15;1.56;1.03;4.85;NA;3.01;2.47;ND;3.36;ND;NA;NA;NA;
28;16;1.58;1.78;5.4;NA;2.89;1.91;ND;2.57;ND;NA;NA;NA;
28;17;1.57;2.57;5.13;NA;2.7;1.75;ND;2.43;ND;NA;NA;NA;
28;18;1.31;2.54;4.99;NA;2.87;2.66;ND;2.6;ND;NA;NA;NA;
28;19;1.71;2.52;5.56;NA;4.12;3.18;ND;2.61;ND;NA;NA;NA;
28;20;2.25;2.72;4.18;NA;4.43;2.87;ND;2.42;ND;NA;NA;NA;
28;21;2.02;2.51;3.92;NA;3.82;2.45;ND;2.09;ND;NA;NA;NA;
28;22;2.01;2.28;3.88;NA;4.29;2.33;ND;1.91;ND;NA;NA;NA;
28;23;2.28;1.93;3.69;NA;3.32;1.98;ND;1.73;ND;NA;NA;NA;
29;0;1.51;2;3.83;NA;3.51;2.04;ND;1.77;ND;NA;NA;NA;
29;1;1.69;ND;ND;NA;ND;2.43;ND;1.67;ND;NA;NA;NA;
29;2;1.52;1.93;4.05;NA;4.05;2.37;ND;1.53;ND;NA;NA;NA;
29;3;1.5;2.34;4.32;NA;3.62;2.82;ND;1.5;ND;NA;NA;NA;
29;4;1.72;2.53;3.39;NA;4.03;2.51;ND;1.4;ND;NA;NA;NA;
29;5;2.08;4.49;4.52;NA;4.76;3.01;ND;1.67;ND;NA;NA;NA;
29;6;3.01;3.25;4.67;NA;7.35;4.79;ND;1.91;ND;NA;NA;NA;
29;7;3.15;3.56;8.1;NA;8.5;5.43;ND;2.79;ND;NA;NA;NA;
29;8;4.87;3.59;7.61;NA;4.54;4.29;ND;15.49;ND;NA;NA;NA;
29;9;5.44;2.9;7.99;NA;5.25;3.89;ND;7.08;ND;NA;NA;NA;
29;10;3.64;ND;7.91;NA;4.92;4.1;ND;3.9;ND;NA;NA;NA;
29;11;1.88;2.39;6.1;NA;ND;3.88;ND;2.75;ND;NA;NA;NA;
29;12;1.33;1.36;3.85;NA;ND;2.83;ND;2.34;ND;NA;NA;NA;
29;13;1.15;1.3;2.33;NA;0.83;2.22;ND;1.9;ND;NA;NA;NA;
29;14;1.03;0.94;3.6;NA;ND;1.65;ND;2.21;ND;NA;NA;NA;
29;15;1.14;1.41;5.91;NA;ND;1.89;ND;1.91;ND;NA;NA;NA;
29;16;1.08;1.27;5.19;NA;1.14;1.84;ND;1.93;ND;NA;NA;NA;
29;17;1.88;1.24;4.86;NA;1.52;1.85;ND;1.82;ND;NA;NA;NA;
29;18;2.63;1.58;4.84;NA;1.22;2.22;ND;1.93;ND;NA;NA;NA;
29;19;4.02;1.96;5.17;NA;1.72;2.61;ND;2.02;ND;NA;NA;NA;
29;20;2.92;1.9;4.84;NA;1.76;2.22;ND;1.83;ND;NA;NA;NA;
29;21;2.26;2.31;4.25;NA;1.96;2.65;ND;1.78;ND;NA;NA;NA;
29;22;2.24;2.34;4.54;NA;2.2;2.33;ND;1.71;ND;NA;NA;NA;
29;23;2.35;3.09;4.15;NA;2.83;2.57;ND;1.77;ND;NA;NA;NA;
30;0;2.93;2.89;5.22;NA;4.03;3.73;ND;1.56;ND;NA;NA;NA;
30;1;ND;2.74;4.49;NA;4.51;ND;ND;1.47;ND;NA;NA;NA;
30;2;2.16;2.76;4.42;NA;4.23;5.26;ND;1.64;ND;NA;NA;NA;
30;3;1.86;3.08;3.74;NA;4.09;3.78;ND;1.21;ND;NA;NA;NA;
30;4;2.22;2.2;3.58;NA;3.65;2.71;ND;1.54;ND;NA;NA;NA;
30;5;3.68;2.34;3.67;NA;5.07;2.93;ND;1.77;ND;NA;NA;NA;
30;6;4.12;4.33;5.79;NA;7.31;3.8;ND;1.91;ND;NA;NA;NA;
30;7;6.92;8.52;8.04;NA;8.47;5.75;ND;3.85;ND;NA;NA;NA;
30;8;9.72;5.82;8.93;NA;6.28;4.98;ND;5.29;ND;NA;NA;NA;
30;9;6.22;3.06;7.68;NA;4.24;3.19;ND;2.95;ND;NA;NA;NA;
30;10;5.24;3.01;6.58;NA;3.61;2.18;ND;2.56;ND;NA;NA;NA;
30;11;4.18;2.41;6.06;NA;4.28;2.42;ND;2.74;ND;NA;NA;NA;
30;12;2.24;1.62;5.51;NA;3.97;3.3;ND;4.3;ND;NA;NA;NA;
30;13;1.5;1.37;4.45;NA;2.93;2.28;ND;2.31;ND;NA;NA;NA;
30;14;1.42;1.2;6.98;NA;2.8;1.41;ND;1.95;ND;NA;NA;NA;
30;15;1.58;1.71;5.89;NA;2.9;2.05;ND;1.87;ND;NA;NA;NA;
30;16;1.46;1.63;6.49;NA;2.48;2.13;ND;2.08;ND;NA;NA;NA;
30;17;1.27;1.76;6.3;NA;2.27;2.49;ND;1.91;ND;NA;NA;NA;
30;18;1.72;1.42;6.21;NA;2.03;1.88;ND;1.64;ND;NA;NA;NA;
30;19;2.8;1.62;6.11;NA;2.78;2.39;ND;1.74;ND;NA;NA;NA;
30;20;4.18;2.4;5.7;NA;3.51;3.37;ND;1.68;ND;NA;NA;NA;
30;21;4.31;3.79;6.11;NA;4.92;3.47;ND;1.54;ND;NA;NA;NA;
30;22;2.92;2.55;12.54;NA;9.1;4.14;ND;1.61;ND;NA;NA;NA;
30;23;2.69;2.54;10.3;NA;7.59;5.79;ND;1.49;ND;NA;NA;NA;
