DIA;HORA;Cotocollao;Carapungo;Belisario;Jipijapa;El Camal;Centro;Guamaní;Tumbaco;Los Chillos;El Condado;Turubamba;Chillogallo;
1;0;43.25;25.24;54;NA;53.97;52.93;57.84;9.37;20.43;NA;NA;NA;
1;1;47.07;20.38;55.26;NA;56.63;57.06;60.02;8.71;ND;NA;NA;NA;
1;2;39.93;ND;ND;NA;ND;57.96;62.8;6.26;18.67;NA;NA;NA;
1;3;24.24;10.34;58.63;NA;57.69;56.61;65.6;3.97;17.61;NA;NA;NA;
1;4;9.45;2.88;36.69;NA;51.34;49.71;63.55;2.02;13.5;NA;NA;NA;
1;5;9.06;1.92;49.03;NA;27.54;36.36;58.93;1.92;4.43;NA;NA;NA;
1;6;4.75;4.3;34.52;NA;8.19;24.32;54.63;2.21;3.25;NA;NA;NA;
1;7;16.85;20.58;32.88;NA;37.59;41.59;58.89;6.61;18.54;NA;NA;NA;
1;8;43.9;29.37;40.61;NA;58.04;63.71;63.39;28;40.24;NA;NA;NA;
1;9;63.88;54.49;52.76;NA;67.41;72.34;68.8;46.76;60.33;NA;NA;NA;
1;10;ND;68.38;55.02;NA;74.49;79.27;70.03;61;78.55;NA;NA;NA;
1;11;ND;72.2;60.41;NA;81.51;ND;72.63;64.09;83.78;NA;NA;NA;
1;12;ND;71.09;55.91;NA;69.09;ND;69.77;66.46;73.64;NA;NA;NA;
1;13;62.72;63.07;58.14;NA;68.49;76.5;71.29;69.83;65.78;NA;NA;NA;
1;14;52.36;57.86;55.79;NA;52.64;ND;67.58;67.45;65.44;NA;NA;NA;
1;15;59.85;61;58.07;NA;36.23;ND;52.48;62.28;50.86;NA;NA;NA;
1;16;59.82;ND;40.42;NA;37.29;39.18;54.5;34.87;46.78;NA;NA;NA;
1;17;53.81;ND;26.09;NA;23.48;27.84;44.5;21.02;18.79;NA;NA;NA;
1;18;36.48;38.02;3.93;NA;16.33;1.92;10.24;35.52;23.63;NA;NA;NA;
1;19;32.45;27.14;4.29;NA;8.66;1.38;39.11;28;25.77;NA;NA;NA;
1;20;14.36;31.2;12.02;NA;8.57;5.39;30.16;20.4;27.72;NA;NA;NA;
1;21;9.61;23.72;13.39;NA;9.98;19.33;31.04;3.73;8.61;NA;NA;NA;
1;22;11.64;12.99;5.88;NA;7.39;19.43;43.93;3.82;4.63;NA;NA;NA;
1;23;26.85;5.77;5.96;NA;7.75;17.34;50.27;4.94;0.83;NA;NA;NA;
2;0;33.51;2.8;6.16;NA;27.26;20.12;52.04;ND;1.44;NA;NA;NA;
2;1;30;4.66;8.57;NA;10.24;20.25;ND;0.71;3.04;NA;NA;NA;
2;2;ND;6.29;16.11;NA;15.05;ND;54.41;1.72;1.88;NA;NA;NA;
2;3;5.73;1.13;24.34;NA;16.72;27.06;58.52;0.18;0.93;NA;NA;NA;
2;4;1.27;2.04;14.51;NA;15.95;21.86;57.69;0.16;1.47;NA;NA;NA;
2;5;1.28;3.94;1.98;NA;10.33;22.83;55.82;0.12;0.86;NA;NA;NA;
2;6;6.3;8.17;9.34;NA;12.44;18.74;55.44;0.98;2.37;NA;NA;NA;
2;7;16.41;19.94;30;NA;33.6;36.2;56.82;3.58;10.4;NA;NA;NA;
2;8;37.97;45.37;38.21;NA;51.12;54.63;62.34;16.05;36.68;NA;NA;NA;
2;9;55.34;58.57;45.2;NA;59.81;59.47;69.56;ND;60.45;NA;NA;NA;
2;10;61.7;69.89;48.88;NA;58.12;62.22;ND;ND;70;NA;NA;NA;
2;11;76.38;71.7;ND;NA;69.21;73.54;ND;ND;68.94;NA;NA;NA;
2;12;71.5;59.52;ND;NA;71.74;83.29;ND;ND;67.28;NA;NA;NA;
2;13;70.4;59.16;59.82;NA;64.11;73.78;65.46;ND;63.27;NA;NA;NA;
2;14;60.85;56.36;51.52;NA;ND;62.8;67.55;ND;65.1;NA;NA;NA;
2;15;55.87;54.21;ND;NA;ND;64.55;62.65;ND;63.29;NA;NA;NA;
2;16;53.09;50.4;55.49;NA;52.18;61.84;53.91;52.21;44.1;NA;NA;NA;
2;17;45.74;43.77;38.51;NA;45.12;42.52;41.13;43.76;30.74;NA;NA;NA;
2;18;35.2;30.07;9.09;NA;41.05;16.93;13.36;39.16;5.16;NA;NA;NA;
2;19;14.63;26.07;1.78;NA;22.2;1.78;18.14;34.56;21.29;NA;NA;NA;
2;20;11.78;28.09;0.93;NA;8.97;2.32;12.26;30.72;24.87;NA;NA;NA;
2;21;2.56;24.3;1.01;NA;11.18;5.41;2.36;31.98;23.95;NA;NA;NA;
2;22;4.75;11.28;1.16;NA;1.67;1.27;16.81;21.49;8.97;NA;NA;NA;
2;23;2.19;6.62;0.77;NA;10.24;0.9;19.2;8.79;1.56;NA;NA;NA;
3;0;1.64;3.23;2.57;NA;4.61;6.84;20.09;5.83;1.03;NA;NA;NA;
3;1;3.28;1.84;2.97;NA;0.97;4.59;26.93;2.7;ND;NA;NA;NA;
3;2;15.34;ND;ND;NA;ND;1.76;22.15;0.08;0.89;NA;NA;NA;
3;3;25.47;2.23;7.61;NA;2.17;4.77;30.32;0.13;0.84;NA;NA;NA;
3;4;12.47;2.22;8.25;NA;1.47;4.39;7.51;0.22;0.9;NA;NA;NA;
3;5;5.56;3.55;2;NA;2.19;1.6;9.37;0.32;0.91;NA;NA;NA;
3;6;5.02;8.99;2.95;NA;3.59;3.48;23.85;1.8;2;NA;NA;NA;
3;7;17.73;14.15;14.74;NA;14.95;16.85;39.19;4.55;8.65;NA;NA;NA;
3;8;37.2;35.83;26.37;NA;44.4;43.41;53.74;23.62;26.59;NA;NA;NA;
3;9;57.04;49.32;50.41;NA;58.72;61.58;63.65;41.9;54.47;NA;NA;NA;
3;10;71.35;64.62;60.18;NA;66.06;70.89;69.21;69.63;57.84;NA;NA;NA;
3;11;79.61;76.06;67.14;NA;74.53;85.06;79.61;83.37;65.96;NA;NA;NA;
3;12;78.51;58.7;63.52;NA;78.27;84.9;82.78;70.01;70.35;NA;NA;NA;
3;13;67.32;59.81;61.15;NA;70.39;76.36;74.21;67.33;60.54;NA;NA;NA;
3;14;62.57;62.92;60.3;NA;67.07;75.77;67.49;61.01;57.23;NA;NA;NA;
3;15;76.01;60.97;58.99;NA;67.22;81.92;84.02;63.4;64.81;NA;NA;NA;
3;16;78.56;84.26;43.67;NA;62.84;74.34;70.68;62.36;57.31;NA;NA;NA;
3;17;37.52;74.58;22.16;NA;ND;46.23;ND;43.86;39.36;NA;NA;NA;
3;18;28.33;30.49;8.15;NA;60.16;24.45;53.9;25.32;12.46;NA;NA;NA;
3;19;3.39;37.31;5.29;NA;25.77;29.67;40.39;25.65;27.33;NA;NA;NA;
3;20;8.47;36.02;7.16;NA;26.52;15.27;33.17;11.51;30.51;NA;NA;NA;
3;21;30.77;38.91;2.44;NA;9.5;2.86;43.84;6.8;22.17;NA;NA;NA;
3;22;22.54;18.96;1.23;NA;20.9;5.42;51.39;0.26;11.74;NA;NA;NA;
3;23;7.94;22.82;1.77;NA;6.15;22.66;47.94;0.25;4.65;NA;NA;NA;
4;0;9.07;19.2;1.23;NA;14.12;14.74;60.67;ND;1.79;NA;NA;NA;
4;1;17.43;33.96;2.13;NA;32.53;6.39;ND;0.05;1.07;NA;NA;NA;
4;2;ND;37.67;4.52;NA;36.64;ND;52.02;0.16;1.76;NA;NA;NA;
4;3;11.89;29.47;5.39;NA;22.28;12.77;30.23;0.23;2.23;NA;NA;NA;
4;4;13.65;14.55;6.67;NA;12.34;5.76;11.53;0.9;1.21;NA;NA;NA;
4;5;1.82;5.37;1.36;NA;1.66;5.14;6.61;0.2;0.84;NA;NA;NA;
4;6;3.05;7.38;2.62;NA;3.35;3.8;38.87;1.14;2.4;NA;NA;NA;
4;7;7.96;18.12;13.84;NA;17.26;27.94;55.4;7.99;15.32;NA;NA;NA;
4;8;29.24;34.99;20.59;NA;46.95;35.02;60.27;18.2;26.86;NA;NA;NA;
4;9;54.29;56.77;45.51;NA;59.18;58.43;69.32;44.52;33.78;NA;NA;NA;
4;10;74.87;69.28;52.31;NA;59.53;63.18;79.89;69.49;36.55;NA;NA;NA;
4;11;77.64;76.1;70.81;NA;70.37;74;64.41;82.52;39.27;NA;NA;NA;
4;12;65.95;66.1;64.29;NA;69.66;85.3;76.29;83.6;75.56;NA;NA;NA;
4;13;68.32;57.68;62.93;NA;49.02;63.79;75.93;74.66;69.46;NA;NA;NA;
4;14;65.63;62.64;64.15;NA;58.54;72.32;60.69;73.05;59.4;NA;NA;NA;
4;15;57.82;57.63;44.8;NA;47.07;41.98;55.6;55.74;47.38;NA;NA;NA;
4;16;51.18;55.84;22.53;NA;47.47;29.43;52.48;43.37;12.75;NA;NA;NA;
4;17;43.1;53.26;19.31;NA;40.99;ND;31.62;48.34;19.3;NA;NA;NA;
4;18;30.97;44.04;12.14;NA;37.46;ND;26.18;39.26;20.26;NA;NA;NA;
4;19;20.32;26.36;20.74;NA;16.36;ND;18.75;40.95;12.58;NA;NA;NA;
4;20;19.42;32.46;20.71;NA;11.07;ND;10.04;41.03;8.68;NA;NA;NA;
4;21;26.63;36.46;18.68;NA;25.87;ND;22.79;43.35;6.52;NA;NA;NA;
4;22;30.72;37.32;26.71;NA;39.22;ND;23.63;44.99;30.66;NA;NA;NA;
4;23;30.61;40.53;30.15;NA;37.68;ND;22.24;43.42;39.63;NA;NA;NA;
5;0;33.48;44.08;32.1;NA;42.13;ND;31.6;48.03;36.2;NA;NA;NA;
5;1;33.75;42.88;29.66;NA;40.07;ND;33.27;48.22;ND;NA;NA;NA;
5;2;40.28;ND;ND;NA;ND;ND;30.36;47.13;40.41;NA;NA;NA;
5;3;34.77;45.14;33.18;NA;38.1;ND;41.55;46.67;37.59;NA;NA;NA;
5;4;40.16;53.02;32.59;NA;38.93;ND;38.69;44.95;32.69;NA;NA;NA;
5;5;19.65;47.7;22.51;NA;28.47;ND;22.96;50.49;9.15;NA;NA;NA;
5;6;11.67;37.72;16.78;NA;13.72;ND;24.44;46.12;35.14;NA;NA;NA;
5;7;21.93;38.6;10.28;NA;18.74;ND;35.4;47.89;29.02;NA;NA;NA;
5;8;42.25;37.4;18.46;NA;35.86;ND;49.64;59.84;41.96;NA;NA;NA;
5;9;43.69;56.53;24.08;NA;53.78;ND;63.03;69.46;38.86;NA;NA;NA;
5;10;75;64.91;41.44;NA;66.19;ND;84.67;74.99;40.05;NA;NA;NA;
5;11;81.21;71.2;62.87;NA;71.58;80.02;79.93;82.32;65.89;NA;NA;NA;
5;12;65.96;59.11;70.54;NA;70.82;81.02;97.04;88.7;76.74;NA;NA;NA;
5;13;56.36;59.63;62.1;NA;72.23;77.3;99.47;92.05;78.33;NA;NA;NA;
5;14;54.61;51.98;43;NA;49.82;61.98;60.59;64.35;64.68;NA;NA;NA;
5;15;51.74;49.39;33.76;NA;35.98;37.55;48.57;46.89;34.23;NA;NA;NA;
5;16;48.33;47.1;17.46;NA;34.3;19.21;41.71;44.21;28.47;NA;NA;NA;
5;17;29.32;45.01;9.66;NA;36.35;14.52;32.37;15.88;21.64;NA;NA;NA;
5;18;23.44;39.08;2.23;NA;38.36;15.61;6.15;19.61;10.25;NA;NA;NA;
5;19;46.07;43.93;4.12;NA;34.69;10.8;38.17;48.05;8.48;NA;NA;NA;
5;20;43.4;43.32;0.92;NA;45.38;20.77;17.68;48.44;18.31;NA;NA;NA;
5;21;30.54;40.55;9.44;NA;38.38;24.59;23.23;32.8;27.8;NA;NA;NA;
5;22;25.12;41.13;22.95;NA;23.87;10.38;29.38;34.33;22.06;NA;NA;NA;
5;23;33.22;43.44;18.11;NA;36.49;20.52;32.39;28.6;24.62;NA;NA;NA;
6;0;39.39;40.42;23.27;NA;42.6;32.92;37.7;ND;34.29;NA;NA;NA;
6;1;38.23;36.58;33.61;NA;26.47;37.46;ND;35.07;38.12;NA;NA;NA;
6;2;ND;37.84;27.79;NA;36.33;ND;41.82;32.63;16.26;NA;NA;NA;
6;3;33.21;41.21;36.13;NA;27.32;30.06;47.97;31.77;6.24;NA;NA;NA;
6;4;25.71;41.28;36.77;NA;20.17;30.72;42.4;24.93;3.11;NA;NA;NA;
6;5;15.41;33.97;36.28;NA;8.01;14.79;36.62;10.11;2.15;NA;NA;NA;
6;6;10.73;17.91;30.03;NA;8.16;14.92;27.38;7.61;4.11;NA;NA;NA;
6;7;14.45;22.46;21.36;NA;23.75;9.82;24.52;12.25;11.42;NA;NA;NA;
6;8;19.87;30.84;9.97;NA;20.73;10.79;40.35;33.21;13.86;NA;NA;NA;
6;9;38.42;46.77;31.45;NA;36.16;25.54;51.49;28.19;29.54;NA;NA;NA;
6;10;57.78;66.03;35.07;NA;55.27;38.11;68.16;49.08;55.54;NA;NA;NA;
6;11;55.47;64.82;19.81;NA;47.4;38.43;73.84;84.85;41.56;NA;NA;NA;
6;12;48.87;59.62;29.91;NA;37.93;30.12;49.04;63.19;16.42;NA;NA;NA;
6;13;51.87;59.15;26.94;NA;47.77;39.55;62.19;52.95;22.83;NA;NA;NA;
6;14;48.44;47.8;39.31;NA;45.31;49.86;49.08;50.49;44.43;NA;NA;NA;
6;15;44.24;39.77;33.71;NA;36.96;40.15;45.79;40.76;50.99;NA;NA;NA;
6;16;37.37;36.63;28.21;NA;25.41;30.8;44.83;30.87;8.49;NA;NA;NA;
6;17;20.67;28.03;8.42;NA;8.73;11.38;41.48;31.45;16.58;NA;NA;NA;
6;18;14.31;25.73;12.45;NA;6.36;4.97;34.19;15.86;6.47;NA;NA;NA;
6;19;5.37;21.11;16.19;NA;8.07;1.76;38.93;3.63;8.68;NA;NA;NA;
6;20;8.53;33.83;19.05;NA;13.03;10.43;35.02;8.6;7.95;NA;NA;NA;
6;21;6.76;24.11;11.92;NA;5.12;11.12;26.31;4.36;0.93;NA;NA;NA;
6;22;9.32;17.87;4.19;NA;4.48;5.07;23.19;5.29;0.8;NA;NA;NA;
6;23;12.76;9.59;1.81;NA;3.91;1.29;19.2;0.3;0.75;NA;NA;NA;
7;0;19.52;5.61;8.23;NA;4.51;11.13;4.03;0.63;0.7;NA;NA;NA;
7;1;24.63;10.56;5.05;NA;6.19;18.29;13.09;0.34;ND;NA;NA;NA;
7;2;17.65;ND;ND;NA;ND;14.95;8.11;0.32;0.57;NA;NA;NA;
7;3;16.6;15.81;3.44;NA;13.45;4.71;23.7;0.47;0.76;NA;NA;NA;
7;4;26.24;15.72;1.69;NA;10.1;4.32;16.81;0.05;0.6;NA;NA;NA;
7;5;16.55;1.06;0.39;NA;2.67;1.98;1.46;0.02;0.58;NA;NA;NA;
7;6;8.07;1.84;1.22;NA;2.87;2.12;3.2;0.77;1.58;NA;NA;NA;
7;7;11.28;10.73;9.32;NA;12.64;10.02;12;6.49;6.5;NA;NA;NA;
7;8;23.46;20.7;13.81;NA;24.89;19.5;34.45;5.92;12.68;NA;NA;NA;
7;9;35.77;34.12;35.7;NA;45.49;44.1;48.11;16.01;33.86;NA;NA;NA;
7;10;55.48;58.56;44.6;NA;62.37;61.37;63.04;32.11;58.98;NA;NA;NA;
7;11;76.2;76.63;66.94;NA;46.41;61.47;72.27;50.22;57.28;NA;NA;NA;
7;12;88.41;72.81;92.7;NA;70.78;86.27;84.81;70.25;33.92;NA;NA;NA;
7;13;58.21;58.44;79.28;NA;66.3;94.52;73.78;78.45;64.14;NA;NA;NA;
7;14;54.7;48.21;50.74;NA;58.85;61.93;53.95;66.52;62.79;NA;NA;NA;
7;15;48.97;43.73;49.6;NA;42.08;56.26;49.02;49.4;45.55;NA;NA;NA;
7;16;42.41;40.2;20.39;NA;45.95;31.86;41.15;46.21;37.83;NA;NA;NA;
7;17;27.07;31.15;22.83;NA;29.34;18.87;34.95;25.07;25.04;NA;NA;NA;
7;18;5.13;18.57;21.14;NA;13.62;9.2;25.31;6.15;6.99;NA;NA;NA;
7;19;5.65;5.79;5.91;NA;13.41;6.39;35.36;6.61;5.69;NA;NA;NA;
7;20;2.62;2.27;14.43;NA;32.48;17.31;1.63;2.47;1.86;NA;NA;NA;
7;21;3.03;2.13;3.84;NA;10.66;7.09;13.47;0.15;1.39;NA;NA;NA;
7;22;0.49;2.58;0.63;NA;4.54;1.29;25.75;2;3.53;NA;NA;NA;
7;23;0.28;3.5;0.56;NA;2.42;1.38;30.43;0.15;2.44;NA;NA;NA;
8;0;0.38;9.97;0.57;NA;4.99;1.76;30.34;ND;0.99;NA;NA;NA;
8;1;2.35;7.27;0.55;NA;4.17;0.73;ND;0.12;0.72;NA;NA;NA;
8;2;ND;5.49;0.22;NA;2.17;ND;31.13;0.11;0.74;NA;NA;NA;
8;3;6.54;10.71;0.28;NA;7.53;2;34.09;0.19;0.64;NA;NA;NA;
8;4;4.93;13.76;2.92;NA;4.96;0.29;31.07;0.22;0.73;NA;NA;NA;
8;5;1.25;12.83;1.34;NA;2.64;1.14;2.72;0.14;0.9;NA;NA;NA;
8;6;3.28;5.31;1.86;NA;3.56;1.97;3.51;0.69;1.38;NA;NA;NA;
8;7;12.67;15.1;6.76;NA;4.68;5.64;29.37;2.08;2.83;NA;NA;NA;
8;8;20.03;19.11;14.12;NA;11.73;12.38;33.77;7.81;10.47;NA;NA;NA;
8;9;29.85;17.72;ND;NA;33.43;35.33;35.75;17.13;26.9;NA;NA;NA;
8;10;40.1;34.84;38.44;NA;43.52;42.67;49.64;23.4;36.88;NA;NA;NA;
8;11;49.05;49.02;42.42;NA;48.87;53.79;60.56;40.09;56.68;NA;NA;NA;
8;12;53.78;56.33;40.57;NA;47.48;50.21;64.89;56.86;62.82;NA;NA;NA;
8;13;53.37;51.55;44.17;NA;45.1;52.07;59.89;58.93;33.1;NA;NA;NA;
8;14;55.41;52.07;45.18;NA;51.79;55.04;53.51;48.87;28.26;NA;NA;NA;
8;15;36.92;50.72;39.79;NA;50.12;53;57.44;53.01;50.81;NA;NA;NA;
8;16;37.44;38.58;28.25;NA;29.86;38.33;49.49;47.55;38.78;NA;NA;NA;
8;17;19.51;22.44;22.65;NA;21.32;17.75;33.89;35.56;14.5;NA;NA;NA;
8;18;9.23;27.42;7.9;NA;4.09;15.52;27.82;29.92;7.71;NA;NA;NA;
8;19;3.04;27.36;1.47;NA;1.82;2.29;7.84;31.85;10.92;NA;NA;NA;
8;20;2.04;26.01;0.79;NA;1.39;0.21;5.32;19.23;1.01;NA;NA;NA;
8;21;6.96;26.19;0.57;NA;0.67;0.57;13.83;2.5;0.73;NA;NA;NA;
8;22;8.71;22.88;4.9;NA;2.33;0.06;5.25;15.79;15.27;NA;NA;NA;
8;23;9.96;30.57;2.5;NA;1.43;0.86;12.83;31.64;5.21;NA;NA;NA;
9;0;2.68;21.26;3.44;NA;10.45;5.51;11.29;36.2;14.77;NA;NA;NA;
9;1;4.63;24.88;12.09;NA;12.15;11.05;19.6;34.83;ND;NA;NA;NA;
9;2;11.93;ND;ND;NA;ND;12.76;16.42;32.41;26.96;NA;NA;NA;
9;3;17.23;28.99;22.2;NA;11.55;11.66;13.29;25.79;26.24;NA;NA;NA;
9;4;5.55;27.65;23.45;NA;12.1;13.45;12.99;22.15;25.74;NA;NA;NA;
9;5;1.99;14.15;12.04;NA;5.48;9.4;4.55;19.51;23.1;NA;NA;NA;
9;6;2.52;5.49;4.51;NA;4.76;3.81;9.04;8.6;11.22;NA;NA;NA;
9;7;11.06;19.07;8.63;NA;12.62;13.16;33.79;16.86;11.33;NA;NA;NA;
9;8;28.08;31.91;13.22;NA;31.49;23.06;45.9;26.64;14.37;NA;NA;NA;
9;9;49.07;46.75;22.9;NA;37.29;48.13;54.79;39.61;27.97;NA;NA;NA;
9;10;65.12;58.91;50.51;NA;55.57;60.82;61.03;52.15;26.11;NA;NA;NA;
9;11;75.08;71.34;59.38;NA;69.92;70.11;70.13;76.93;48.45;NA;NA;NA;
9;12;77.86;71.28;64.34;NA;71.18;79.92;78.7;ND;61.23;NA;NA;NA;
9;13;73.84;64.88;64.12;NA;80.71;88.26;80.66;ND;72.29;NA;NA;NA;
9;14;60.92;62.97;59.5;NA;80.3;81.2;73.77;77.03;65.73;NA;NA;NA;
9;15;49.54;47.17;61.33;NA;53.14;73.61;56.05;69.63;66.57;NA;NA;NA;
9;16;39.01;37.8;54.27;NA;48.3;59.97;30.95;54.54;45.51;NA;NA;NA;
9;17;43.13;37.05;43.75;NA;36.43;25.58;21.54;38.56;43.27;NA;NA;NA;
9;18;31.27;31.29;16.75;NA;23.79;12.58;26.95;32.55;14.04;NA;NA;NA;
9;19;33.51;26.08;7.11;NA;15.55;4.12;31.17;31.65;1.88;NA;NA;NA;
9;20;17.65;23.97;2.05;NA;13.9;12.41;27.08;35.02;8.66;NA;NA;NA;
9;21;4.38;21.35;1.12;NA;5.47;3.57;11.52;31.56;24.59;NA;NA;NA;
9;22;12.41;23.57;1.93;NA;4.58;6.43;13.88;24.59;23.77;NA;NA;NA;
9;23;8.81;17.75;5.5;NA;6.35;8.72;14.45;32.09;18.19;NA;NA;NA;
10;0;10.23;17.28;17.19;NA;4;1.04;26.71;ND;17.59;NA;NA;NA;
10;1;8.13;15.26;5.18;NA;2.64;0.41;ND;28.8;15.03;NA;NA;NA;
10;2;ND;11.96;14.08;NA;5.77;ND;16.71;27.68;12.92;NA;NA;NA;
10;3;8.14;16.43;14.59;NA;24.82;15.87;19.16;21.8;20.36;NA;NA;NA;
10;4;3.59;15.11;12.36;NA;21.39;9.74;22.2;15.95;13.86;NA;NA;NA;
10;5;4.6;18.1;5.67;NA;7.17;4.39;7.27;15.32;7.01;NA;NA;NA;
10;6;3.41;6.46;4.51;NA;4.3;5.26;9.5;8.01;4.97;NA;NA;NA;
10;7;12.95;14.59;12.33;NA;11.07;7.91;19.74;6.9;14.38;NA;NA;NA;
10;8;35.38;29.24;19.2;NA;23.92;23.9;34.41;19.15;20.3;NA;NA;NA;
10;9;60.78;53.35;38.91;NA;36.94;41.82;56.87;33.46;32.31;NA;NA;NA;
10;10;72.08;60.88;69.2;NA;59.44;66.41;59.38;65.63;ND;NA;NA;NA;
10;11;81.65;69.43;75.15;NA;80.99;84.14;66.65;78.67;ND;NA;NA;NA;
10;12;69.73;70.36;86.62;NA;91.96;99.68;100.68;86.67;ND;NA;NA;NA;
10;13;53.41;58.98;71.12;NA;73.98;87.83;95.11;84.58;85.2;NA;NA;NA;
10;14;50.29;48.66;62.51;NA;47.73;61.83;67.37;69.09;57.48;NA;NA;NA;
10;15;47.71;41.67;43.24;NA;24.18;37.54;43.19;52.26;39;NA;NA;NA;
10;16;47.84;37.96;30.49;NA;30.22;31.96;26.18;20.63;27.06;NA;NA;NA;
10;17;16.2;20.81;3.32;NA;30.52;8.55;20.93;3.6;18.81;NA;NA;NA;
10;18;12.46;25.4;5.6;NA;6.93;3.33;17.58;1.13;1.57;NA;NA;NA;
10;19;4.2;15.51;1.91;NA;11.78;7.57;11.43;2.46;0.73;NA;NA;NA;
10;20;1.93;5.68;1.4;NA;2.97;1.81;7.64;8.83;0.68;NA;NA;NA;
10;21;3.17;3.45;0.76;NA;2.8;1.16;2.42;14.57;0.87;NA;NA;NA;
10;22;0.98;2.61;0.79;NA;6.13;0.48;1.91;14.88;0.78;NA;NA;NA;
10;23;1.4;4.8;1.87;NA;3.87;1.98;7.13;13.05;2.2;NA;NA;NA;
11;0;0.89;12.36;13.2;NA;9.51;11.99;30.38;2.67;11.25;NA;NA;NA;
11;1;1.16;15.31;8.08;NA;3.8;8.65;21.16;0.57;ND;NA;NA;NA;
11;2;11.94;ND;ND;NA;ND;4.67;25.21;0.17;11.88;NA;NA;NA;
11;3;9.49;1.73;11.22;NA;5.24;17.63;9.91;0.09;14.51;NA;NA;NA;
11;4;1.1;1.58;7.29;NA;0.9;13.93;17.36;0.14;6.2;NA;NA;NA;
11;5;4.68;2.78;5.67;NA;1.4;15.62;3.48;0.25;0.83;NA;NA;NA;
11;6;4.22;5.28;4.44;NA;2.8;7.01;4.64;1.3;1.82;NA;NA;NA;
11;7;15.65;16.63;12.01;NA;6.53;13.38;16.66;2.91;7.74;NA;NA;NA;
11;8;34.61;27.97;16.7;NA;30.15;21.06;38.37;9.71;23.78;NA;NA;NA;
11;9;54.26;47.39;28.14;NA;43.55;34.34;62.75;33.68;41.03;NA;NA;NA;
11;10;66.08;62.11;58.77;NA;56.34;50.53;75.2;71.42;40.52;NA;NA;NA;
11;11;76.69;71.49;72.34;NA;86.37;81.72;74.11;82.57;58.15;NA;NA;NA;
11;12;76.78;68.66;75.25;NA;84.99;94.48;98.28;87.63;87.16;NA;NA;NA;
11;13;65.19;64.51;69.27;NA;77.59;92.93;111.05;81.61;87.06;NA;NA;NA;
11;14;60.6;61.05;63.33;NA;69.34;79.04;100.27;72.68;86.32;NA;NA;NA;
11;15;52.02;52.55;38.6;NA;56.23;58.89;82.5;63.81;73.83;NA;NA;NA;
11;16;52.66;49.76;32.35;NA;54.8;53.52;62.99;52.95;59.16;NA;NA;NA;
11;17;45.55;54.73;24.29;NA;53.42;41.99;41.07;49.55;42.05;NA;NA;NA;
11;18;47.93;49.82;12.79;NA;40.43;21.99;35.88;47.45;35.19;NA;NA;NA;
11;19;37.63;43.4;9.97;NA;35.57;18.48;39.61;44.7;37.42;NA;NA;NA;
11;20;36.63;38.48;10.9;NA;33.89;12.23;29.74;43.44;28.13;NA;NA;NA;
11;21;36.64;39.32;8.13;NA;36.78;21.01;20.09;46.58;22.32;NA;NA;NA;
11;22;38.18;42.28;9.14;NA;39.37;21.48;30.88;43.26;32.82;NA;NA;NA;
11;23;39.06;40.98;19.64;NA;35.05;32.39;41.57;41.99;40.72;NA;NA;NA;
12;0;34.18;39.25;33.51;NA;20.21;36.21;41.78;ND;38.55;NA;NA;NA;
12;1;36.45;39.06;32.83;NA;35.27;35.89;ND;43.2;26.35;NA;NA;NA;
12;2;ND;39.19;27.64;NA;51.2;ND;36.5;44.62;40.63;NA;NA;NA;
12;3;30.12;37.59;31.21;NA;48.8;32.7;36.04;43.83;39.35;NA;NA;NA;
12;4;27.48;34.81;31.82;NA;46.25;31.96;27.67;39.67;28.13;NA;NA;NA;
12;5;15.35;28.65;33.58;NA;26.59;24.49;23.09;34.99;33.42;NA;NA;NA;
12;6;4.16;29.21;27.65;NA;13.21;9.8;36.11;23.17;30.06;NA;NA;NA;
12;7;11.81;25.89;13.99;NA;19.95;9.85;19.1;23.78;17.82;NA;NA;NA;
12;8;12.73;19.77;9.57;NA;22.69;11.45;30.25;26.5;20.51;NA;NA;NA;
12;9;20.87;26.45;19.44;NA;23.02;22.46;42.98;37.66;18.78;NA;NA;NA;
12;10;46.41;40.84;21.06;NA;32.94;32.75;54.66;57.25;28.18;NA;NA;NA;
12;11;51.61;45.21;33.58;NA;43.29;47.81;52.51;65.25;52.31;NA;NA;NA;
12;12;56.45;49.2;49.61;NA;59.18;65.92;65.95;70.51;45.86;NA;NA;NA;
12;13;60.46;52.49;54.41;NA;52.18;60.92;73.28;77.16;80.04;NA;NA;NA;
12;14;56.82;51.3;53.1;NA;56.08;56.69;68.68;65.05;78.66;NA;NA;NA;
12;15;53.64;51.92;60.51;NA;48.23;68.23;66.8;60.31;66.85;NA;NA;NA;
12;16;48.43;51.52;31.08;NA;47.48;63.57;51.82;49.61;49.88;NA;NA;NA;
12;17;40.83;46.01;23.98;NA;42.99;37.51;47.04;48.62;54.78;NA;NA;NA;
12;18;29.21;32.13;22.38;NA;46.01;33.03;43.83;37.71;30.87;NA;NA;NA;
12;19;16.82;27.31;14.04;NA;24.38;17.08;38.18;37.62;13.58;NA;NA;NA;
12;20;21.6;26.99;13.01;NA;15.15;4.45;24.28;24.59;8.87;NA;NA;NA;
12;21;16.11;15.5;5.46;NA;11.55;6.49;17.41;0.95;0.96;NA;NA;NA;
12;22;9.42;21.3;8.99;NA;3.41;3.11;16.92;0.46;0.42;NA;NA;NA;
12;23;3.46;22.95;4.56;NA;1.34;5.03;28.81;0.47;0.41;NA;NA;NA;
13;0;7.33;31.03;7.36;NA;2.08;0.73;28.25;2.7;0.4;NA;NA;NA;
13;1;10.5;31.78;2.6;NA;3.19;3.18;12.62;0.09;ND;NA;NA;NA;
13;2;19.08;ND;ND;NA;ND;2.88;8.18;0.13;0.35;NA;NA;NA;
13;3;20.31;21.02;5.07;NA;0.49;6.53;2.84;0.08;0.4;NA;NA;NA;
13;4;12.82;22.22;1.71;NA;0.8;2.36;1.36;0.19;1.28;NA;NA;NA;
13;5;2.29;4.15;1.75;NA;1.32;1.96;3.24;0.1;1.24;NA;NA;NA;
13;6;5.25;8.43;3.07;NA;4.18;4.86;11.31;1.92;2.92;NA;NA;NA;
13;7;16.81;16.09;16.51;NA;8.61;16.23;35.82;9.4;12.06;NA;NA;NA;
13;8;33.83;32.33;29.74;NA;35.14;41.13;52.91;19.98;29.6;NA;NA;NA;
13;9;57.36;55.02;42.69;NA;50.1;48.65;56.49;52.36;51.16;NA;NA;NA;
13;10;80.94;58.32;52.67;NA;69.08;49.61;68.76;77.49;62.7;NA;NA;NA;
13;11;75.58;79.12;85.83;NA;87.97;84.75;87.1;93.79;59.51;NA;NA;NA;
13;12;79.45;68.53;94.82;NA;94.43;105.3;82.05;105.39;91.18;NA;NA;NA;
13;13;75.01;65.2;93.8;NA;64.69;104.5;89.39;88.19;90.06;NA;NA;NA;
13;14;59.32;58.84;71.13;NA;50.24;64.06;60.05;67.44;56.43;NA;NA;NA;
13;15;54.95;52.06;50.56;NA;37.23;40.04;44.06;54.88;41.27;NA;NA;NA;
13;16;47.52;47.07;45.98;NA;34.59;44.37;52.22;52.05;32.65;NA;NA;NA;
13;17;38.44;37.99;32.62;NA;23.5;35.23;41.59;44.9;30.3;NA;NA;NA;
13;18;27.62;28.56;15.31;NA;17.44;25.42;23.52;40.01;40.7;NA;NA;NA;
13;19;20.95;23.78;5.5;NA;10.37;12.09;13.83;34.8;32.75;NA;NA;NA;
13;20;15.58;25.34;2.57;NA;6.88;2.03;14.63;31.96;27.36;NA;NA;NA;
13;21;17.08;24.91;5.62;NA;6.48;8.92;11.53;33.46;26.6;NA;NA;NA;
13;22;22.63;24.84;5.07;NA;16.34;12.42;18;34.31;27.47;NA;NA;NA;
13;23;22.59;28.1;11.07;NA;15.87;8.36;28.59;32.09;3.06;NA;NA;NA;
14;0;32.16;24.68;16.29;NA;10.24;13.62;24.67;ND;30.51;NA;NA;NA;
14;1;29.88;29.1;28.25;NA;17.88;29.62;ND;29.66;29.98;NA;NA;NA;
14;2;ND;30.2;28.21;NA;22.97;ND;35.04;31.99;29.79;NA;NA;NA;
14;3;26.59;29.16;26.26;NA;20.85;30.97;34.27;31.82;33.19;NA;NA;NA;
14;4;25.16;26.41;28.02;NA;21.53;29.38;30.59;26.72;25.98;NA;NA;NA;
14;5;20.99;28.52;28.51;NA;21.88;18.66;18.55;20.87;8.33;NA;NA;NA;
14;6;19.4;24.79;4.04;NA;12.13;3.73;16.61;17.42;15.21;NA;NA;NA;
14;7;28.53;30.73;9.34;NA;15.14;12.62;16.22;14.45;12;NA;NA;NA;
14;8;39.44;41.76;20.79;NA;26.82;20.17;33.72;32.99;12.53;NA;NA;NA;
14;9;48.85;51.78;32.24;NA;39.35;35.81;45.49;39.52;10.07;NA;NA;NA;
14;10;71.03;57.28;52.15;NA;52.58;60.02;59.11;47.21;16.73;NA;NA;NA;
14;11;64.12;52.22;61.8;NA;58.15;70.15;54.21;69.4;18.96;NA;NA;NA;
14;12;63.37;48.95;63.25;NA;66.19;68.43;66.83;75.56;28.84;NA;NA;NA;
14;13;43.13;41.59;53.09;NA;45.99;70.43;49.68;58.12;57.95;NA;NA;NA;
14;14;39.07;37.09;52.93;NA;56.33;57.7;50.78;57.24;52.15;NA;NA;NA;
14;15;28.36;31.42;34.16;NA;48.81;60.48;57.68;50.16;38.69;NA;NA;NA;
14;16;30.1;31.38;12.54;NA;26.83;28.55;37.66;39.09;37.4;NA;NA;NA;
14;17;23.64;26.05;5.82;NA;13.78;13.4;20.44;34.9;11.8;NA;NA;NA;
14;18;8.07;22.44;10.15;NA;14.56;7.82;6.53;23.09;9.44;NA;NA;NA;
14;19;3.58;21.7;11.95;NA;12.22;16.52;9.28;21.78;20.76;NA;NA;NA;
14;20;3.58;22.36;7.2;NA;5.87;10.08;0.64;22.75;13.68;NA;NA;NA;
14;21;3.73;20.19;11.36;NA;10.19;10.77;6.36;24.7;21.37;NA;NA;NA;
14;22;6.56;21.18;9.83;NA;10.09;8.38;21.57;22.89;19.05;NA;NA;NA;
14;23;8.83;25.12;10.5;NA;17.26;8.67;29.4;25.91;16.68;NA;NA;NA;
15;0;17.21;19.19;14.96;NA;17.96;9.05;25.11;21.52;13.49;NA;NA;NA;
15;1;21.62;23.8;16.26;NA;8.46;3.21;29.49;23.81;ND;NA;NA;NA;
15;2;17.57;ND;ND;NA;ND;13.33;22.63;23.95;13.61;NA;NA;NA;
15;3;10.26;21.51;18.63;NA;15.7;12.43;22.29;14.07;6.5;NA;NA;NA;
15;4;5.12;19.98;12.76;NA;12.42;8.33;13.34;11.33;3.68;NA;NA;NA;
15;5;1.72;8.74;6.82;NA;4.12;0.59;9.21;5.32;10.05;NA;NA;NA;
15;6;5.62;7.22;4.64;NA;3.5;2.89;10.12;2.08;1.84;NA;NA;NA;
15;7;12.45;20.45;8.85;NA;12.05;16.37;39.96;7.58;10.57;NA;NA;NA;
15;8;23.69;26.64;27.3;NA;44.5;39.08;49.37;12.08;24.64;NA;NA;NA;
15;9;39.57;39.32;19.54;NA;57.49;57.22;59.54;22.45;17.57;NA;NA;NA;
15;10;61.35;55.28;36.31;NA;53.49;51.88;66.86;42.22;18.58;NA;NA;NA;
15;11;84.12;65.61;62.26;NA;60.5;65.91;76.66;68.12;34.1;NA;NA;NA;
15;12;61.76;55.2;76.92;NA;76.09;84.35;77.02;81.6;60.93;NA;NA;NA;
15;13;50.41;51.91;60.42;NA;53.83;80.92;69.5;69.32;64.7;NA;NA;NA;
15;14;53.31;44.83;59.65;NA;41.82;ND;56.92;58.8;55.72;NA;NA;NA;
15;15;44.19;33.47;41.84;NA;28.72;ND;36.58;44.52;25.3;NA;NA;NA;
15;16;27.71;30.38;13.8;NA;28.05;ND;26.33;31.78;15.93;NA;NA;NA;
15;17;14.43;42.41;9.4;NA;22.89;31.15;42.87;23.98;13.35;NA;NA;NA;
15;18;18.61;22.54;8.06;NA;21.2;20.83;20;19.72;21.48;NA;NA;NA;
15;19;21.28;22.04;7.03;NA;27.84;7.52;20.29;22.74;20.64;NA;NA;NA;
15;20;19.94;21.92;4.81;NA;16.1;1.16;12.92;24.9;6.88;NA;NA;NA;
15;21;22.82;21.53;15.52;NA;17.48;7.39;20.38;25.6;22.87;NA;NA;NA;
15;22;23.33;24.21;7.72;NA;36.81;10.19;20.89;25.81;23.81;NA;NA;NA;
15;23;20.02;26;8.86;NA;31.02;21.41;24.46;26.59;25.7;NA;NA;NA;
16;0;22.34;27.97;20.46;NA;37.95;25.53;28.96;ND;23.82;NA;NA;NA;
16;1;25.5;30.03;21.92;NA;27.3;21.09;ND;28.82;22.86;NA;NA;NA;
16;2;ND;29.79;25;NA;20.84;ND;28.79;30.18;25.44;NA;NA;NA;
16;3;26.75;27.65;28.74;NA;27.06;29.54;24.57;35.1;28.63;NA;NA;NA;
16;4;17.64;26.06;26.79;NA;21.76;29.86;26.13;32.12;31.08;NA;NA;NA;
16;5;8.44;17.37;25.63;NA;7.88;17.89;14.64;20.61;24.4;NA;NA;NA;
16;6;2.17;7.72;18.7;NA;2.7;2.43;9.41;13.16;12.25;NA;NA;NA;
16;7;5.01;13.05;4.48;NA;4.79;3.68;13.98;11.24;11.59;NA;NA;NA;
16;8;12.45;24.12;9.43;NA;13.61;7.86;40.3;26.31;19.8;NA;NA;NA;
16;9;23.68;34.45;19.49;NA;26.62;16.82;53.4;41.23;13.99;NA;NA;NA;
16;10;45.72;49.47;24.77;NA;28.09;23.44;57.93;57.08;12.98;NA;NA;NA;
16;11;74.94;56.15;34.05;NA;32.72;33.55;59.9;66.69;22.66;NA;NA;NA;
16;12;59.05;60.75;43.66;NA;40.51;43.38;63.24;74.98;39.69;NA;NA;NA;
16;13;60.36;ND;43.02;NA;38.26;58.2;51.45;76.69;39.16;NA;NA;NA;
16;14;59.42;53.06;42.15;NA;37.24;42.8;43.83;65.5;70.5;NA;NA;NA;
16;15;39.2;36.23;19.98;NA;25.12;15.91;45.17;43.42;31.99;NA;NA;NA;
16;16;38.71;37.81;8.58;NA;31.17;15.13;29.79;31.79;25.18;NA;NA;NA;
16;17;31.18;33.21;7.07;NA;29.27;15.03;7.6;30.55;12.83;NA;NA;NA;
16;18;15.37;20.92;6.33;NA;19.31;6.83;15.63;23.95;14.91;NA;NA;NA;
16;19;6.49;17.8;2.26;NA;14.44;3.9;15.16;23.55;18.73;NA;NA;NA;
16;20;9.8;14.1;5.26;NA;9.41;4.77;9.27;23.77;22.52;NA;NA;NA;
16;21;7.9;17.98;2.97;NA;2.35;5.83;5.1;24.2;14.78;NA;NA;NA;
16;22;4.85;16.99;0.91;NA;3.65;1.81;12.06;25.2;21.31;NA;NA;NA;
16;23;12.96;20.02;7.62;NA;4.22;6.69;2.87;24.41;24.13;NA;NA;NA;
17;0;21.01;22.3;11.67;NA;7.61;12.76;16.35;21.48;19.67;NA;NA;NA;
17;1;15.82;23.09;13.19;NA;10.81;15.04;10.34;21.32;ND;NA;NA;NA;
17;2;17.84;ND;ND;NA;ND;19.12;16.93;19.47;16.48;NA;NA;NA;
17;3;12.59;19.84;24.71;NA;24.06;21.93;17.63;23.13;19.35;NA;NA;NA;
17;4;7.33;19.25;25.01;NA;19.79;21.59;15.38;23.12;14.65;NA;NA;NA;
17;5;1.13;12.69;15.91;NA;4.82;13.67;12.05;17.89;16.69;NA;NA;NA;
17;6;0.68;7.66;6.1;NA;3.14;1.76;1.39;8.45;11.09;NA;NA;NA;
17;7;1.51;7.05;2.26;NA;5.01;2.44;4.47;5.86;2.49;NA;NA;NA;
17;8;5.46;10.03;3.19;NA;5.62;4.38;17.36;10.76;10.85;NA;NA;NA;
17;9;12.31;16.82;7.34;NA;18.39;11.41;32.24;18.11;16.51;NA;NA;NA;
17;10;22.19;16.78;14.22;NA;39.18;31.06;38.68;ND;21.59;NA;NA;NA;
17;11;9.78;14.71;7.14;NA;30.29;29.09;40.37;ND;19.74;NA;NA;NA;
17;12;15;18.93;11.62;NA;30.41;17.88;39.95;20.68;30.59;NA;NA;NA;
17;13;16.84;25.45;17.09;NA;42.39;27.83;46.76;29.71;41.32;NA;NA;NA;
17;14;27.83;39.24;31.63;NA;43.78;38.41;50.6;45.06;44.34;NA;NA;NA;
17;15;32.85;36.5;14.96;NA;28.85;21.7;44.11;40.46;38.87;NA;NA;NA;
17;16;34.14;37.91;5.15;NA;22.53;16.13;30.98;40.07;42.2;NA;NA;NA;
17;17;29.75;36.52;2.19;NA;8.66;3.52;11.82;32.18;36.67;NA;NA;NA;
17;18;9.17;19.76;0.65;NA;5.2;1.19;2.71;26.09;16.74;NA;NA;NA;
17;19;3.98;12.02;0.63;NA;7.43;1.08;1.7;22.6;18.32;NA;NA;NA;
17;20;2.84;13.28;0.73;NA;5.59;1.23;8.14;22.62;19.27;NA;NA;NA;
17;21;1.54;10.08;0.44;NA;2.29;1;9.32;21.72;23.29;NA;NA;NA;
17;22;3.79;5.6;0.37;NA;7.33;3.87;17.39;26.11;21.84;NA;NA;NA;
17;23;3.44;13.2;5.01;NA;4.34;1.51;13.08;26.47;19.68;NA;NA;NA;
18;0;1.02;15.07;4.65;NA;3.21;0.23;11.36;ND;18.49;NA;NA;NA;
18;1;0.65;12.2;12.53;NA;6.6;7.45;ND;20.41;21.38;NA;NA;NA;
18;2;ND;18.03;17.59;NA;9.67;ND;25.36;19.8;18.57;NA;NA;NA;
18;3;0.09;13.68;16.22;NA;8.27;12.81;11.99;19.45;17.34;NA;NA;NA;
18;4;0.22;5.77;3.83;NA;8.48;4.68;10.02;12.26;12.25;NA;NA;NA;
18;5;0.2;4.22;1.9;NA;7.52;2.42;3.67;15.11;10.28;NA;NA;NA;
18;6;2.49;3.2;1.12;NA;3.65;1.27;3.75;7.57;10.64;NA;NA;NA;
18;7;1.91;6.85;2.5;NA;5.66;2.83;10.12;10.12;10.16;NA;NA;NA;
18;8;9.74;15.18;5.31;NA;11.48;8.55;15.49;19.62;18.36;NA;NA;NA;
18;9;21.15;25.26;7.72;NA;24.11;14.13;60.55;30.37;32.57;NA;NA;NA;
18;10;42.17;40.18;13.12;NA;19.79;14.03;62.27;40.08;35.48;NA;NA;NA;
18;11;61.17;42.34;33.34;NA;34.47;38.11;46.05;51.62;46.26;NA;NA;NA;
18;12;50.56;44.59;37.03;NA;25.09;43.88;47.29;57.06;59.73;NA;NA;NA;
18;13;38.68;42.74;31.96;NA;21.85;22.26;33.11;57.45;57.57;NA;NA;NA;
18;14;35.77;36.58;11.76;NA;33.95;12.4;27.1;46.05;24.97;NA;NA;NA;
18;15;26.27;28.13;6.87;NA;26.97;12.02;17.68;37.78;25.49;NA;NA;NA;
18;16;13.68;24.56;12.08;NA;18.28;15.85;16.9;33.81;22.07;NA;NA;NA;
18;17;15.98;23.35;14.64;NA;7.56;16.12;10.97;15.27;10.33;NA;NA;NA;
18;18;6.48;14.41;8.6;NA;0.93;7.62;3.21;8.01;0.89;NA;NA;NA;
18;19;1.79;8.38;3.45;NA;1.31;5.34;7.97;3.13;0.86;NA;NA;NA;
18;20;1.37;6.71;1.53;NA;1.44;3.5;ND;0.88;1.24;NA;NA;NA;
18;21;1.7;4.17;1.33;NA;1.08;3.97;1.4;0.65;0.56;NA;NA;NA;
18;22;1.59;4.37;2.89;NA;1.38;14.86;1.58;0.69;0.48;NA;NA;NA;
18;23;1.55;6.05;3.33;NA;1.13;10.29;8.22;0.44;0.26;NA;NA;NA;
19;0;1.14;3.66;1.71;NA;1.44;13.11;19.49;0.34;0.26;NA;NA;NA;
19;1;4.35;3.69;4.88;NA;1.59;14.5;12.98;0.19;ND;NA;NA;NA;
19;2;7.24;ND;ND;NA;ND;11.48;1.22;0.21;0.71;NA;NA;NA;
19;3;3.42;3.08;3.59;NA;1.22;12.08;1.44;0.17;0.84;NA;NA;NA;
19;4;1.01;2.56;1.77;NA;0.74;7.76;3.91;0.14;1.15;NA;NA;NA;
19;5;1.49;5.29;1.88;NA;1.23;2.3;6.12;0.28;0.74;NA;NA;NA;
19;6;2.81;9.52;1.46;NA;3.44;2.6;2.42;0.81;1.02;NA;NA;NA;
19;7;4.06;8.24;2.89;NA;4.1;3.67;5.02;2.11;2.55;NA;NA;NA;
19;8;10.6;9.65;4.35;NA;6.93;7.79;12.15;7.94;9.99;NA;NA;NA;
19;9;20.82;18.9;10.78;NA;23.19;20.77;43.66;13.61;27.42;NA;NA;NA;
19;10;49.6;45.53;35.89;NA;59.76;56.39;73.93;36.67;53.8;NA;NA;NA;
19;11;75.95;67.32;40.03;NA;69.28;56.49;89.33;62.4;68.44;NA;NA;NA;
19;12;73.3;79.39;55.73;NA;67.32;79.42;91.89;ND;85.49;NA;NA;NA;
19;13;59.53;69.66;78.43;NA;59.67;98.89;73.41;102.91;88.36;NA;NA;NA;
19;14;52.69;54.24;64.11;NA;46.97;67.5;47.72;86.14;96.28;NA;NA;NA;
19;15;55.11;54.76;54.89;NA;51.65;58.67;60.36;61.54;54.78;NA;NA;NA;
19;16;57.42;60.65;48.95;NA;47.7;52.24;61.88;60.46;49.77;NA;NA;NA;
19;17;59.28;57.15;38.67;NA;46.29;35.54;45.84;55.88;37.8;NA;NA;NA;
19;18;46.48;49.98;31.35;NA;28.27;26.4;30.51;44.2;10.37;NA;NA;NA;
19;19;19.75;37.6;14.51;NA;19.41;6.32;7.3;9.97;1.52;NA;NA;NA;
19;20;5.06;15.13;3.35;NA;9.12;7.51;2.44;2.26;0.93;NA;NA;NA;
19;21;13.59;5.01;1.83;NA;2.82;6.36;5.96;1.95;0.69;NA;NA;NA;
19;22;13.09;5.79;2.04;NA;2.48;7.76;10.49;3.37;0.87;NA;NA;NA;
19;23;13.74;4.57;3.11;NA;2.43;7.98;23.41;2.89;0.41;NA;NA;NA;
20;0;22.51;3.91;7.62;NA;2.59;3.04;18.43;ND;0.48;NA;NA;NA;
20;1;27.81;4.1;12.41;NA;2.06;2.15;ND;2.01;0.36;NA;NA;NA;
20;2;ND;3.07;7.66;NA;1.89;ND;24.95;1.49;0.5;NA;NA;NA;
20;3;15.6;2.75;8.5;NA;2.84;3.45;33.2;1.97;0.4;NA;NA;NA;
20;4;8.4;3.33;5.87;NA;1.94;5.79;21.9;0.91;0.49;NA;NA;NA;
20;5;4.42;4.13;1.18;NA;2.05;2.38;4.8;0.6;0.56;NA;NA;NA;
20;6;9.16;8.05;3.22;NA;5.37;5.07;7.34;2.06;1.55;NA;NA;NA;
20;7;19.56;19.63;13.83;NA;9.05;14.23;22.02;11.66;6.74;NA;NA;NA;
20;8;44.26;38.86;38.72;NA;32.55;39.04;53.51;33.22;25.65;NA;NA;NA;
20;9;61.05;60.94;48.64;NA;49.84;50.44;72.7;63.07;51.49;NA;NA;NA;
20;10;87.2;79.78;61.66;NA;70.32;73.46;85.18;83.4;78.02;NA;NA;NA;
20;11;88.48;81.22;91.15;NA;102.89;104.92;116.12;95.58;103.07;NA;NA;NA;
20;12;69.59;79.91;83.7;NA;101.12;109.2;99.99;103.2;128.02;NA;NA;NA;
20;13;58.22;58.4;70.04;NA;57.47;73.7;100.65;91.27;122.47;NA;NA;NA;
20;14;57.71;54.83;63.69;NA;43.9;63.33;85.85;66.4;80.44;NA;NA;NA;
20;15;53.67;52.73;64.42;NA;41.74;54.5;69.99;63.31;61.26;NA;NA;NA;
20;16;51.93;51.34;55.06;NA;39.81;40.71;55.05;57.6;49.47;NA;NA;NA;
20;17;39.74;46.78;35.97;NA;33.38;39.71;43.59;51.3;43.6;NA;NA;NA;
20;18;24.68;38.32;23.12;NA;20.76;21.53;16.98;43.43;45.35;NA;NA;NA;
20;19;13.86;30.06;16.84;NA;8.1;10.5;21.11;36.21;39.99;NA;NA;NA;
20;20;4.58;29.61;7.19;NA;9.1;5.89;27.64;38.31;37.57;NA;NA;NA;
20;21;7.18;28.78;11.29;NA;6.81;12.99;33.96;25.59;36.83;NA;NA;NA;
20;22;1.44;17.9;4.28;NA;3.17;9.89;38.93;8.95;21.92;NA;NA;NA;
20;23;1.76;7.4;5.53;NA;16.6;12.17;32.55;8.99;2.31;NA;NA;NA;
21;0;2.13;22.94;4.74;NA;3.16;19.5;10.93;7.61;3.34;NA;NA;NA;
21;1;4.2;15.57;3.48;NA;2.02;5.51;16.46;4.61;ND;NA;NA;NA;
21;2;1.6;ND;ND;NA;ND;6.98;20.41;2.99;1.75;NA;NA;NA;
21;3;3.26;3.07;8.47;NA;1.09;9.21;12.93;4.55;0.57;NA;NA;NA;
21;4;3.34;1.9;8.22;NA;1.05;16.83;15.16;1.34;1.79;NA;NA;NA;
21;5;4.08;2.32;9.71;NA;1.44;7.93;5.36;1.02;1.06;NA;NA;NA;
21;6;5.76;5.65;4.29;NA;2.87;2.79;8.33;0.85;1.85;NA;NA;NA;
21;7;11.85;13.17;9.07;NA;8.83;7.03;5.47;4.18;5.88;NA;NA;NA;
21;8;25.26;28.83;29.2;NA;23.9;26.57;33.3;13.52;15.29;NA;NA;NA;
21;9;46.11;46.8;36.99;NA;41.61;40.92;50.95;29.99;33.45;NA;NA;NA;
21;10;66.71;62.58;49.88;NA;53.39;57.8;62.65;52.16;57.88;NA;NA;NA;
21;11;66.56;73.73;66.19;NA;66.94;70.93;74.42;72.84;74.4;NA;NA;NA;
21;12;78.16;68.28;64.09;NA;80.69;81.61;93.54;82.02;79.93;NA;NA;NA;
21;13;66.3;59.13;71.13;NA;80.59;76.56;90.89;83.23;80.88;NA;NA;NA;
21;14;52.03;52.13;56.9;NA;52.42;69.39;75.13;64.15;71.26;NA;NA;NA;
21;15;45.07;47.07;45.35;NA;39.01;51.13;55.51;55.65;58.04;NA;NA;NA;
21;16;43.58;45.37;34.19;NA;36.33;43.16;41;54.49;52.6;NA;NA;NA;
21;17;38.36;43.09;30.77;NA;27.42;37.66;36.01;54.78;49.88;NA;NA;NA;
21;18;21.9;36.39;24.65;NA;21.09;33.04;23.81;44.79;26.38;NA;NA;NA;
21;19;17.86;29.68;10.74;NA;14.01;20.2;29.3;44.96;43.42;NA;NA;NA;
21;20;19.74;31.51;15.47;NA;17.34;30.28;35.63;34.71;32.15;NA;NA;NA;
21;21;10.87;17.55;25.45;NA;22.37;33.55;39.59;12.84;7.06;NA;NA;NA;
21;22;2.16;4.86;19.44;NA;13.61;11.08;40.38;10.71;27.65;NA;NA;NA;
21;23;2.6;5.15;5.72;NA;19.01;12.04;32.75;8.49;18.19;NA;NA;NA;
22;0;5.94;7.88;11.21;NA;16.36;22.88;43.1;ND;11.61;NA;NA;NA;
22;1;8.22;5.08;15.19;NA;11.13;16.35;ND;3.23;8.84;NA;NA;NA;
22;2;ND;8.88;9.97;NA;11.51;ND;37.28;2.65;6.35;NA;NA;NA;
22;3;12.12;5.07;7.32;NA;4.3;10.26;29.56;2.15;4.59;NA;NA;NA;
22;4;4.93;3.9;4.79;NA;1.51;13.07;19.43;1.4;2.44;NA;NA;NA;
22;5;2.19;4.8;1.83;NA;1.78;1.64;4.57;0.23;2.04;NA;NA;NA;
22;6;4.74;11.2;3.01;NA;4.12;3.84;33.07;1.1;2.23;NA;NA;NA;
22;7;11.06;17.42;10.64;NA;14.26;14.12;45.43;4.16;6;NA;NA;NA;
22;8;30.3;29.77;28.78;NA;42.44;42.11;54.42;18.79;23.98;NA;NA;NA;
22;9;47.83;44.06;37.77;NA;55.86;56.18;62.72;48.05;46.89;NA;NA;NA;
22;10;69.83;65.19;53.51;NA;62.35;60.54;73.93;ND;44.6;NA;NA;NA;
22;11;81.87;74.33;69.28;NA;74.7;79.79;85.71;ND;66.6;NA;NA;NA;
22;12;60.37;63.45;80.94;NA;62.11;96.87;76.86;78.4;71.45;NA;NA;NA;
22;13;48.91;51.95;58.27;NA;50.9;67.05;79.22;69.15;84.75;NA;NA;NA;
22;14;47.4;51.71;41.3;NA;47.49;56.25;84.22;59.75;67.74;NA;NA;NA;
22;15;45.51;48.26;31.92;NA;41.94;47.85;61.85;58.33;49.16;NA;NA;NA;
22;16;46.75;53.67;27.85;NA;41.07;49.76;49.91;62.73;58.08;NA;NA;NA;
22;17;43.97;52.2;24.68;NA;29.3;42.31;35.25;54.03;59.78;NA;NA;NA;
22;18;43.44;44.5;12.26;NA;22.73;28.25;16.29;44.38;39.5;NA;NA;NA;
22;19;8.36;35.56;13.73;NA;18.4;23.96;20.36;36.64;30.31;NA;NA;NA;
22;20;4.84;21.28;14.21;NA;10.44;17.61;30.42;32.13;39.09;NA;NA;NA;
22;21;4.89;20.93;4.17;NA;2.36;3.61;26.77;24.86;32.32;NA;NA;NA;
22;22;1.64;13.21;21.54;NA;3.48;4.95;26.87;4.24;11.81;NA;NA;NA;
22;23;1.99;5.77;2.54;NA;4.16;7.18;31.58;4.1;1.55;NA;NA;NA;
23;0;1.3;13.3;0.97;NA;1.78;3.8;36.96;12.67;2.42;NA;NA;NA;
23;1;3.07;14.89;1.26;NA;2.55;12.23;30.56;4.6;ND;NA;NA;NA;
23;2;3.22;ND;ND;NA;ND;13.69;12.76;3.73;1.52;NA;NA;NA;
23;3;1.46;6.8;5.05;NA;1.58;4.6;7.13;1.72;1.14;NA;NA;NA;
23;4;4.51;2.99;1.86;NA;1.9;1.64;14.23;0.66;0.57;NA;NA;NA;
23;5;1.2;4.8;2.87;NA;1.93;1.67;6;0.47;0.75;NA;NA;NA;
23;6;4.06;8.99;3.44;NA;5.07;3.83;20.72;2.08;1.87;NA;NA;NA;
23;7;11.75;20.46;9.57;NA;17.17;20.66;49.7;5.46;7.27;NA;NA;NA;
23;8;27.41;39.89;21.54;NA;47.65;43.71;55.84;18.14;26.62;NA;NA;NA;
23;9;51.28;50.57;40.52;NA;63.5;63.1;64.38;51.42;56.49;NA;NA;NA;
23;10;77.19;67.71;57.9;NA;72.48;62.96;75.86;74.1;78;NA;NA;NA;
23;11;86.84;80.1;76.78;NA;58.31;81.9;93.73;83.53;71.32;NA;NA;NA;
23;12;65.25;72.97;76.66;NA;51.88;77.63;63.3;87.9;89.78;NA;NA;NA;
23;13;58.18;63.66;54.17;NA;48.29;69.46;64.06;81.19;61.5;NA;NA;NA;
23;14;53.3;57.45;55.66;NA;42.47;70.19;62.11;49.62;55.51;NA;NA;NA;
23;15;49.13;52.88;18.15;NA;42.09;41.72;50.88;46.78;39.47;NA;NA;NA;
23;16;38.88;50.81;13.19;NA;35.18;44.35;40.69;29.17;33.05;NA;NA;NA;
23;17;36.1;46.35;5.58;NA;26.71;27.58;41.32;41.22;37.18;NA;NA;NA;
23;18;21.78;44.38;5.21;NA;10.42;20.91;23.81;24.05;44.48;NA;NA;NA;
23;19;18.83;14.29;4.22;NA;19.92;17.17;22.06;14.09;25.89;NA;NA;NA;
23;20;25.39;21.46;10.75;NA;36.79;18.55;23.24;6.19;17.28;NA;NA;NA;
23;21;12.69;28.29;9.01;NA;12.87;3.89;42;4.8;12.36;NA;NA;NA;
23;22;4.8;32.51;6.04;NA;4.67;2.81;18.02;3.94;ND;NA;NA;NA;
23;23;9.31;37.87;13.04;NA;0.89;2.2;27.18;9.06;ND;NA;NA;NA;
24;0;29.33;37.07;12.75;NA;1.85;9.15;35.67;ND;16.47;NA;NA;NA;
24;1;31.52;30.56;9.63;NA;20.04;12.86;ND;6.2;7.03;NA;NA;NA;
24;2;ND;37.06;19.41;NA;20.95;ND;35.64;10.42;10.42;NA;NA;NA;
24;3;18.92;34.77;18.94;NA;38.22;19.64;34.66;12.26;10.06;NA;NA;NA;
24;4;21.25;16.83;25.95;NA;27.93;16.72;25.22;23.75;18.87;NA;NA;NA;
24;5;7.59;5.57;15.96;NA;6.21;9.32;23.83;14.26;11.76;NA;NA;NA;
24;6;1.44;4.72;1.74;NA;1.95;3.82;6.62;2.28;6.41;NA;NA;NA;
24;7;2.04;8.4;1.91;NA;2.45;1.71;11.54;1.07;5.72;NA;NA;NA;
24;8;3.45;8.7;4.4;NA;8.09;6.72;37.21;1.54;3.1;NA;NA;NA;
24;9;10.34;12.18;13.52;NA;26.85;18.94;44.18;5.04;6.43;NA;NA;NA;
24;10;30.41;18.95;27;NA;48;36.22;49.35;3.9;14.51;NA;NA;NA;
24;11;41.78;36.68;40.12;NA;61.69;55.25;64.78;19.2;41.13;NA;NA;NA;
24;12;54.33;52.52;53.36;NA;61.4;68.16;71.53;45.83;60.54;NA;NA;NA;
24;13;57.9;57.28;50.66;NA;62.16;67.24;64.01;63.99;56.01;NA;NA;NA;
24;14;71.97;75.63;47.95;NA;60.15;58.05;68.71;75.48;71.22;NA;NA;NA;
24;15;78.71;70.72;43.38;NA;63.61;57.72;69.92;77.1;53.56;NA;NA;NA;
24;16;40.24;46.98;36.29;NA;42.9;42.97;57.33;78.5;57.63;NA;NA;NA;
24;17;18.61;30.6;22.55;NA;31.54;30.7;36.67;48.73;50.04;NA;NA;NA;
24;18;13.41;20.87;1.74;NA;7.88;6.42;36.77;31.95;39.63;NA;NA;NA;
24;19;5.06;18.59;1.19;NA;2.99;1.07;25.13;20.36;26.85;NA;NA;NA;
24;20;1.35;16.41;0.98;NA;3.13;0.45;21.57;18.96;20.19;NA;NA;NA;
24;21;0.82;5.27;0.47;NA;6.59;0.59;27.46;6.23;17.21;NA;NA;NA;
24;22;0.54;3.49;0.58;NA;6.36;0.55;35.97;0.5;7.91;NA;NA;NA;
24;23;0.99;2.95;0.79;NA;1.97;0.86;24.51;0.25;9.94;NA;NA;NA;
25;0;1.3;2.57;0.53;NA;2.35;0.51;3.56;1.48;1.61;NA;NA;NA;
25;1;0.65;8.02;0.4;NA;1.37;0.59;4.76;0.05;ND;NA;NA;NA;
25;2;1.27;ND;ND;NA;ND;0.14;2.14;0.41;0.5;NA;NA;NA;
25;3;0.83;2.24;7.63;NA;1.28;0.34;4.16;0.28;0.32;NA;NA;NA;
25;4;1.38;2.43;7.77;NA;2.86;6.43;18.92;0.02;0.37;NA;NA;NA;
25;5;2.02;3.91;0.62;NA;1.62;1.08;2.72;0.06;0.58;NA;NA;NA;
25;6;3.01;7.85;2.66;NA;2.72;5.93;5.25;0.3;1.17;NA;NA;NA;
25;7;6.57;8.15;5.28;NA;5.5;6;9.4;1.1;3.62;NA;NA;NA;
25;8;18.06;26.59;15.99;NA;24.76;26.12;41.12;5.49;12.38;NA;NA;NA;
25;9;37.71;40.97;22.55;NA;51.54;46.39;59.55;30.04;ND;NA;NA;NA;
25;10;70.34;66.01;49.16;NA;71.11;69.67;70.63;60.41;67.94;NA;NA;NA;
25;11;85.9;78.12;69.82;NA;75.8;75.43;84.21;81.65;71.81;NA;NA;NA;
25;12;85.43;74.28;63.51;NA;79.2;83.84;88.96;85.21;85.27;NA;NA;NA;
25;13;80.72;71.88;68.41;NA;79.55;78.85;87.37;70.55;76.34;NA;NA;NA;
25;14;89.9;82.51;68.23;NA;74.91;76.67;87.18;72.15;75.85;NA;NA;NA;
25;15;77.65;65.6;59.31;NA;74.64;76.93;81.74;60.25;61.82;NA;NA;NA;
25;16;52.34;54.51;46.58;NA;70.18;65.57;60.98;56.47;62.68;NA;NA;NA;
25;17;42.06;48.19;29.53;NA;44.76;39.15;54.54;49.02;45.07;NA;NA;NA;
25;18;37.49;37.68;12.12;NA;12.65;8.44;43.31;40.25;34.57;NA;NA;NA;
25;19;25.14;27.88;26.07;NA;10.51;15.73;43.13;20.48;33.08;NA;NA;NA;
25;20;3.83;24.02;17.78;NA;22.47;8.2;43.45;17.96;22.69;NA;NA;NA;
25;21;2.02;25.14;3.04;NA;17.22;1.66;46.13;28.53;19.68;NA;NA;NA;
25;22;6.51;22.23;2.5;NA;12.43;1.22;45.24;29.93;25.1;NA;NA;NA;
25;23;4.75;19.68;5.37;NA;8.28;0.49;24.88;29.56;18.97;NA;NA;NA;
26;0;11.27;13.93;0.94;NA;14.6;1.58;32.36;ND;1.46;NA;NA;NA;
26;1;8.47;17.07;2.87;NA;9.96;1.21;ND;21.92;4.04;NA;NA;NA;
26;2;ND;12.06;3.96;NA;7.93;ND;25.03;17.33;3.36;NA;NA;NA;
26;3;3.65;19.94;7.25;NA;6.47;2.07;31.15;10.78;11.46;NA;NA;NA;
26;4;2.01;26.54;9.96;NA;4.56;0.45;11.25;7.57;4.9;NA;NA;NA;
26;5;1.2;9.27;9.91;NA;8.06;2.26;1.04;3.88;2.51;NA;NA;NA;
26;6;2.98;5.2;4.56;NA;10.71;2.08;3.82;1.53;1.7;NA;NA;NA;
26;7;5.09;11.19;5.27;NA;7.33;3.99;24.33;4.84;5.77;NA;NA;NA;
26;8;15.03;26.25;10.37;NA;27.92;24.25;50.09;15.54;18.86;NA;NA;NA;
26;9;26.77;36.07;23.4;NA;58.82;62.02;61.96;32.12;33.1;NA;NA;NA;
26;10;43.95;57.69;39.53;NA;60.62;52;70.04;45.3;49.41;NA;NA;NA;
26;11;63.33;73.33;58.04;NA;62.84;61.38;71.74;50.13;62.1;NA;NA;NA;
26;12;76.58;80.11;66.37;NA;78.58;75.57;71.35;68.77;76.22;NA;NA;NA;
26;13;86.81;88.74;76.68;NA;87.6;83.7;72.57;87.39;80.26;NA;NA;NA;
26;14;70.08;62.16;79.96;NA;91.82;90.57;75.03;84.56;82.62;NA;NA;NA;
26;15;60.94;58.86;56.27;NA;84.83;76.47;66.02;61.39;70.92;NA;NA;NA;
26;16;54.59;54.67;38.62;NA;52.96;56.5;58.41;54.51;46.71;NA;NA;NA;
26;17;46.11;47.7;23.55;NA;40.3;40.57;50;49.46;34.54;NA;NA;NA;
26;18;31.04;38.99;16.65;NA;33.16;24.23;42.11;37.3;37.84;NA;NA;NA;
26;19;37.62;35.6;9.59;NA;23.78;17.11;41.43;17.8;13.11;NA;NA;NA;
26;20;32.05;ND;11.41;NA;24.68;12.6;42.68;6.31;6.48;NA;NA;NA;
26;21;22.34;30.72;18.03;NA;25.62;18.94;43.48;1.72;1.38;NA;NA;NA;
26;22;19.37;29.95;26.93;NA;17.22;16.99;45.42;1;1.43;NA;NA;NA;
26;23;9.38;33.39;33.49;NA;21.93;25.85;46.1;0.36;1.9;NA;NA;NA;
27;0;5.25;23.66;33.19;NA;28.14;29.1;46.45;0.41;10.01;NA;NA;NA;
27;1;3.91;14.5;27.54;NA;26.03;27.3;48.18;0.07;ND;NA;NA;NA;
27;2;4.56;ND;ND;NA;ND;21.49;47.93;0.96;8.32;NA;NA;NA;
27;3;23.43;21.51;9.4;NA;9.23;2.23;46.03;0;1.4;NA;NA;NA;
27;4;13.07;12.56;1.48;NA;16.44;19.69;44.3;0;2.02;NA;NA;NA;
27;5;5.15;3.92;1.36;NA;11.06;8.16;42.88;0.02;1.07;NA;NA;NA;
27;6;6.22;6.74;5.16;NA;6.42;5.99;46.67;1.9;3.71;NA;NA;NA;
27;7;20.15;27.21;17.45;NA;33.93;29.04;54.27;10.28;17.04;NA;NA;NA;
27;8;52.78;50.8;28.77;NA;57.24;49.63;60.88;27.53;36.92;NA;NA;NA;
27;9;62.24;63.93;54.59;NA;72.69;65.98;65.91;56.83;57.13;NA;NA;NA;
27;10;75.19;75.37;70.58;NA;84.33;84.18;74.2;77.65;81.95;NA;NA;NA;
27;11;89.5;83.03;78.27;NA;91.47;89.26;80.83;72.11;85.14;NA;NA;NA;
27;12;93.86;85.37;76.64;NA;99.69;91.02;85.83;71.21;87.07;NA;NA;NA;
27;13;90.42;81.38;77.25;NA;95.64;96.1;83.84;65.42;84.35;NA;NA;NA;
27;14;69.26;64.48;63.99;NA;79.21;79.45;78.75;59.54;68.98;NA;NA;NA;
27;15;61.09;55.62;55.9;NA;71.82;64.63;68.58;58.23;62.26;NA;NA;NA;
27;16;55.93;57.64;50.37;NA;56.06;55.11;56.55;55.03;57.76;NA;NA;NA;
27;17;52;48.87;44.26;NA;43.43;49.44;45.85;51.93;47.45;NA;NA;NA;
27;18;36.32;45.87;39.51;NA;41.07;38.3;46.5;43.53;33.9;NA;NA;NA;
27;19;15.49;38.15;40.6;NA;36.69;14.7;48.7;38.15;19.47;NA;NA;NA;
27;20;15.85;35.52;16.71;NA;42.42;16.95;48.11;29.26;12.02;NA;NA;NA;
27;21;9.89;40.14;31.81;NA;35.74;24.59;49.89;12.64;14.48;NA;NA;NA;
27;22;35.27;33.75;43.39;NA;35.11;36.39;53.41;2.26;2.8;NA;NA;NA;
27;23;42.09;20.04;47.63;NA;50.47;41.3;56.22;2.65;13.68;NA;NA;NA;
28;0;17.44;4.39;52.92;NA;49.11;43.46;57.5;ND;17.62;NA;NA;NA;
28;1;20.67;1.97;53.42;NA;50.05;47.38;ND;0.71;12.22;NA;NA;NA;
28;2;ND;3.07;54.32;NA;47.49;ND;57.54;2.24;11.99;NA;NA;NA;
28;3;13.48;3.53;54.73;NA;45.44;47.46;59.13;4.89;11.57;NA;NA;NA;
28;4;ND;7.54;56.58;NA;53.68;49.7;59.9;0.85;14.05;NA;NA;NA;
28;5;ND;2.88;56.31;NA;54.47;48.41;59.09;0.55;12.22;NA;NA;NA;
28;6;ND;9.61;55.27;NA;51.88;42.56;57.11;3.23;15;NA;NA;NA;
28;7;ND;36.71;53.08;NA;52.85;47.49;57.54;14.8;28.75;NA;NA;NA;
28;8;ND;53.22;53.77;NA;58.73;57.56;59.26;38.6;50.03;NA;NA;NA;
28;9;69.77;64.05;63.54;NA;67.29;67.12;62.47;64.39;63.96;NA;NA;NA;
28;10;81.21;70.48;72.41;NA;74.67;74.86;65.9;75.75;69.99;NA;NA;NA;
28;11;84.42;78.3;75.39;NA;80.77;83.32;68.55;68.24;75.69;NA;NA;NA;
28;12;83.64;72.85;74.58;NA;80.1;83.33;69.68;68.31;69.54;NA;NA;NA;
28;13;83.27;68.67;73.15;NA;78.49;80.78;67.24;67.45;68.36;NA;NA;NA;
28;14;59.92;59.15;71.54;NA;76.78;75.94;66.81;67.55;66.71;NA;NA;NA;
28;15;54.02;59.38;61.69;NA;76.71;71.18;69.48;68.62;68.65;NA;NA;NA;
28;16;57.48;56.6;56.42;NA;58.45;62.59;66.81;61.56;58.11;NA;NA;NA;
28;17;48.12;50.3;43.71;NA;48.69;50.03;50.58;54.04;49.8;NA;NA;NA;
28;18;39.06;40.28;27.7;NA;35.37;35.05;49.64;39.16;45.71;NA;NA;NA;
28;19;21.25;29.76;14.39;NA;15.34;9.39;43.27;34.15;34.81;NA;NA;NA;
28;20;8.54;26.66;10.66;NA;20.32;6.95;43.68;28.82;30.21;NA;NA;NA;
28;21;9.08;20.61;11.55;NA;35.08;28.6;52.58;23.9;23.08;NA;NA;NA;
28;22;24.51;19.58;3.02;NA;42.39;29.35;53.01;25.92;24.83;NA;NA;NA;
28;23;31.37;19.59;11.28;NA;47.35;38.46;53.36;22.18;21.26;NA;NA;NA;
29;0;22.65;19.63;43.67;NA;48.28;42.1;55.68;19.64;15.88;NA;NA;NA;
29;1;30.13;34.37;48.23;NA;54.38;49.66;56.29;14.12;ND;NA;NA;NA;
29;2;32.17;ND;ND;NA;ND;48.7;56.86;12.57;16.66;NA;NA;NA;
29;3;28.1;31.86;27.26;NA;44.09;44.54;56.91;11.83;17.59;NA;NA;NA;
29;4;23.86;30.76;11.6;NA;45.74;36.18;54.98;7.97;12.87;NA;NA;NA;
29;5;9.99;16.79;37.2;NA;18.29;31.96;50.43;2.02;8.75;NA;NA;NA;
29;6;6.08;9.57;35.46;NA;11.31;21.76;48.18;4.45;5.98;NA;NA;NA;
29;7;18.74;22.12;35.44;NA;40.37;34.49;51.4;16.76;21.65;NA;NA;NA;
29;8;35.76;38.89;45.54;NA;53.17;56.45;57.98;31.39;33.98;NA;NA;NA;
29;9;60.05;58.33;51.94;NA;69.73;66.71;64.5;52.97;41.79;NA;NA;NA;
29;10;74.42;73.78;56.72;NA;74.95;73.59;64.34;64.23;69.25;NA;NA;NA;
29;11;74.23;74.22;59.31;NA;73.66;75;69.16;65.73;66.06;NA;NA;NA;
29;12;68.31;68.08;63.92;NA;75.77;72.33;69.83;63.25;68.28;NA;NA;NA;
29;13;57.59;58.87;57.87;NA;73.69;73.31;ND;61.1;66.25;NA;NA;NA;
29;14;48.28;54.22;55.89;NA;55.1;60.73;ND;57.36;54.94;NA;NA;NA;
29;15;49.52;55.79;51.93;NA;35.34;49.97;37.4;48.22;42.09;NA;NA;NA;
29;16;48.15;45.08;35.62;NA;32.38;29.19;37.27;45.16;40.03;NA;NA;NA;
29;17;31.62;40.95;18.58;NA;28.34;27.94;25.88;25.51;11.01;NA;NA;NA;
29;18;24.16;31.8;3.63;NA;19.85;8.33;34.72;30.66;6.86;NA;NA;NA;
29;19;15.54;22.47;5.55;NA;12.54;3.22;39.92;21.42;10.44;NA;NA;NA;
29;20;6.22;19.44;12.96;NA;13.83;11.74;6.94;18.5;17.11;NA;NA;NA;
29;21;11.37;21.82;5.66;NA;18.31;9.87;22.46;26.52;6.45;NA;NA;NA;
29;22;18.43;22.06;14.82;NA;5.32;15.73;31.33;26.4;19.85;NA;NA;NA;
29;23;16.61;24.16;15.02;NA;14.84;16.34;22.48;26.28;25.25;NA;NA;NA;
30;0;20.71;26.3;17.14;NA;27.41;20.6;30.97;ND;25.26;NA;NA;NA;
30;1;26.98;27.78;20.77;NA;33.19;27.08;ND;26.4;25.74;NA;NA;NA;
30;2;ND;25.33;22.71;NA;31.86;ND;37.46;24.94;26.27;NA;NA;NA;
30;3;20.28;22.84;23.45;NA;22.92;21.42;34.94;24.25;19.85;NA;NA;NA;
30;4;9.76;24.97;23.14;NA;30.54;22.27;22.3;19.07;18.89;NA;NA;NA;
30;5;6.86;17.58;17.64;NA;14.06;18.04;15.37;18.37;23.04;NA;NA;NA;
30;6;3.36;10.43;9.99;NA;5.55;10.79;9.57;15.48;11.39;NA;NA;NA;
30;7;8.97;15.01;8.01;NA;15.61;9.19;27.1;13;8.93;NA;NA;NA;
30;8;16.33;32.41;15.87;NA;36.18;29.3;42.66;25.44;24.95;NA;NA;NA;
30;9;44.2;50.56;31.81;NA;40.02;36.09;61.81;42.4;49.62;NA;NA;NA;
30;10;76.38;76.84;57.22;NA;67.09;64.74;69.12;64.18;69.74;NA;NA;NA;
30;11;69.24;74.07;75.63;NA;66.28;ND;93.53;85.56;73.58;NA;NA;NA;
30;12;54.68;59.49;64.76;NA;69.3;ND;82.15;78.88;85.45;NA;NA;NA;
30;13;60.14;59.69;ND;NA;42.49;44.42;74.13;63.22;58.39;NA;NA;NA;
30;14;51.87;ND;23.94;NA;25;36.2;51.77;52.13;23.85;NA;NA;NA;
30;15;46.31;45.82;24.18;NA;34.07;34.4;48.97;60.12;43.37;NA;NA;NA;
30;16;43.76;39.23;ND;NA;42.05;29.2;41.01;41.12;38.84;NA;NA;NA;
30;17;27.11;31.31;ND;NA;21;7.99;32.25;30.4;28.41;NA;NA;NA;
30;18;36.84;36.3;5.81;NA;6.23;8.99;49.42;39.98;14.26;NA;NA;NA;
30;19;32.58;38.67;7.13;NA;11.78;8.46;38.05;51.91;48.18;NA;NA;NA;
30;20;22.93;37.65;7.17;NA;11.8;2.98;37.87;36.21;43.9;NA;NA;NA;
30;21;26.84;37.48;6.22;NA;11.03;4.07;39.49;32.64;11.04;NA;NA;NA;
30;22;47.65;36.61;16.99;NA;22.66;16.34;49.61;23.97;25.37;NA;NA;NA;
30;23;32.9;39.51;31.67;NA;38.48;29.41;41.76;33;38.33;NA;NA;NA;
31;0;38.83;39.2;38.46;NA;48.37;44.85;54.07;30.96;33.54;NA;NA;NA;
31;1;41.65;43.58;40.15;NA;48.35;46.55;56.41;36.09;ND;NA;NA;NA;
31;2;40.32;ND;41.59;NA;ND;45.46;50.88;29.89;33.82;NA;NA;NA;
31;3;28.96;38.14;34.87;NA;38.55;36.38;45.56;27.11;32.16;NA;NA;NA;
31;4;24.62;29.79;33.44;NA;31.28;25.99;40.46;19.54;1.72;NA;NA;NA;
31;5;2.42;17.17;20.71;NA;14.1;14.16;24.17;6.34;0.63;NA;NA;NA;
31;6;2.34;8.71;1.43;NA;9.96;3.66;7.27;13.58;5.56;NA;NA;NA;
31;7;3.44;6.51;4.52;NA;6.78;4.2;20.3;5.28;6.81;NA;NA;NA;
31;8;20.94;16.24;5.39;NA;12.13;8.57;36.08;13.1;7;NA;NA;NA;
31;9;46.43;37.6;18.5;NA;38.09;31.24;54.47;7.94;19.59;NA;NA;NA;
31;10;59.54;47.5;30.19;NA;60.36;50.17;69.88;32.02;53.94;NA;NA;NA;
31;11;55.4;40.13;21.99;NA;37.93;36.76;67.52;60.26;44.26;NA;NA;NA;
31;12;57.82;59.55;42.24;NA;61.23;53.92;78.53;72.08;ND;NA;NA;NA;
31;13;ND;69.35;66.12;NA;70.97;71.39;73.41;68.36;53.34;NA;NA;NA;
31;14;ND;61.02;62.6;NA;61.42;72.05;73.47;75.38;ND;NA;NA;NA;
31;15;52.21;55.35;41.2;NA;46.24;43.46;59.5;59;ND;NA;NA;NA;
31;16;51.96;50.53;26.42;NA;35.02;35.85;57.01;49.39;31.26;NA;NA;NA;
31;17;42.13;33.78;19.48;NA;20.03;16.48;38.02;43.72;26.91;NA;NA;NA;
31;18;19.47;19.56;9.71;NA;20.6;9.5;22.41;34.12;17.34;NA;NA;NA;
31;19;5.64;12.22;3.25;NA;7.33;1.9;6.22;26.41;7.32;NA;NA;NA;
31;20;8.79;7.92;4.19;NA;1.63;1.42;20.95;18.38;1.39;NA;NA;NA;
31;21;4.6;3.49;6.31;NA;0.98;1.23;33.58;2.2;0.88;NA;NA;NA;
31;22;1.33;2.05;1.37;NA;6.73;1.23;29.17;1.75;0.76;NA;NA;NA;
31;23;1.42;3.87;1.13;NA;2.81;2.85;7.41;2.39;1.46;NA;NA;NA;
