DIA;HORA;Cotocollao;Carapungo;Belisario;Jipijapa;El Camal;Centro;Guamaní;Tumbaco;Los Chillos;El Condado;Turubamba;Chillogallo;
1;0;20.69;29.22;12.5;NA;23.94;8.2;NA;NA;ND;NA;NA;NA;
1;1;5.29;18.45;7.59;NA;5.33;15.09;NA;NA;ND;NA;NA;NA;
1;2;6.46;11.91;16.49;NA;12.37;10.77;NA;NA;ND;NA;NA;NA;
1;3;13.85;19.26;5.45;NA;14.44;12.15;NA;NA;ND;NA;NA;NA;
1;4;14.82;23.7;5.63;NA;4.1;8.07;NA;NA;ND;NA;NA;NA;
1;5;17.54;22.16;8.15;NA;10.71;11.04;NA;NA;ND;NA;NA;NA;
1;6;18.84;33.8;9.69;NA;4.21;16.57;NA;NA;ND;NA;NA;NA;
1;7;6.23;36.21;4.73;NA;18.69;18.24;NA;NA;ND;NA;NA;NA;
1;8;4.57;28.16;8.4;NA;20.75;10.92;NA;NA;ND;NA;NA;NA;
1;9;15.9;27.05;11.81;NA;14.99;6.2;NA;NA;ND;NA;NA;NA;
1;10;7.12;38.45;3.86;NA;14.29;10.75;NA;NA;ND;NA;NA;NA;
1;11;9.89;25.83;7.62;NA;7.16;7.17;NA;NA;ND;NA;NA;NA;
1;12;10.91;27.79;8.31;NA;1.97;5.35;NA;NA;ND;NA;NA;NA;
1;13;11.48;52.73;10.08;NA;2.52;17.82;NA;NA;ND;NA;NA;NA;
1;14;12.67;28.6;4.79;NA;10.72;12.09;NA;NA;ND;NA;NA;NA;
1;15;4.99;55.85;12.34;NA;20.98;10.42;NA;NA;ND;NA;NA;NA;
1;16;9.9;31.61;12.05;NA;7.74;18.34;NA;NA;ND;NA;NA;NA;
1;17;5.68;33.38;14.54;NA;7.15;8.85;NA;NA;ND;NA;NA;NA;
1;18;14.79;25.88;16.15;NA;19.72;15.17;NA;NA;ND;NA;NA;NA;
1;19;8.38;30.83;13.93;NA;24.64;26.97;NA;NA;ND;NA;NA;NA;
1;20;11.25;31.85;17.03;NA;24.13;37.01;NA;NA;ND;NA;NA;NA;
1;21;15.1;37.5;13.27;NA;28.95;21.04;NA;NA;ND;NA;NA;NA;
1;22;12.36;26.66;12.71;NA;17.31;22.47;NA;NA;ND;NA;NA;NA;
1;23;ND;32.45;9.74;NA;12.03;13.43;NA;NA;ND;NA;NA;NA;
2;0;13.94;30.61;11.24;NA;8.79;14.54;NA;NA;ND;NA;NA;NA;
2;1;7.46;19.89;10.26;NA;20.82;25.61;NA;NA;ND;NA;NA;NA;
2;2;7.33;0.24;9;NA;16.76;13.71;NA;NA;ND;NA;NA;NA;
2;3;10.08;35.32;11.52;NA;6.62;12.66;NA;NA;ND;NA;NA;NA;
2;4;16.97;43.56;2.32;NA;18.33;12.39;NA;NA;ND;NA;NA;NA;
2;5;4.29;36.98;6.99;NA;9.8;8.71;NA;NA;ND;NA;NA;NA;
2;6;6.55;28.59;8.53;NA;19.78;14.16;NA;NA;ND;NA;NA;NA;
2;7;4.44;21.07;2.4;NA;6.13;8.01;NA;NA;ND;NA;NA;NA;
2;8;9.95;24.14;8.56;NA;15.81;7.94;NA;NA;ND;NA;NA;NA;
2;9;14.29;54.65;7.04;NA;11.14;4;NA;NA;ND;NA;NA;NA;
2;10;10.14;57.17;6.17;NA;8.8;10.35;NA;NA;ND;NA;NA;NA;
2;11;11.36;37.19;4.66;NA;8.08;8.2;NA;NA;ND;NA;NA;NA;
2;12;9.37;28.82;3.9;NA;2.49;4.17;NA;NA;ND;NA;NA;NA;
2;13;9.3;21.73;4.89;NA;8.71;10.64;NA;NA;ND;NA;NA;NA;
2;14;15.01;60.58;14.24;NA;24.77;7.36;NA;NA;ND;NA;NA;NA;
2;15;15.67;36.73;17.29;NA;21.97;15.22;NA;NA;ND;NA;NA;NA;
2;16;10.16;30.59;12.73;NA;15.83;16.7;NA;NA;ND;NA;NA;NA;
2;17;10.56;40.63;14.63;NA;15.36;21.82;NA;NA;ND;NA;NA;NA;
2;18;22.7;20.05;22.48;NA;17.95;22.2;NA;NA;ND;NA;NA;NA;
2;19;21.55;35.64;29.52;NA;21.49;27.88;NA;NA;ND;NA;NA;NA;
2;20;13.44;40.09;26.12;NA;29.73;35.05;NA;NA;ND;NA;NA;NA;
2;21;9.05;43.12;32.5;NA;20.33;20.64;NA;NA;ND;NA;NA;NA;
2;22;9.25;ND;23.69;NA;23.12;22.02;NA;NA;ND;NA;NA;NA;
2;23;ND;ND;16.76;NA;15.6;17.23;NA;NA;ND;NA;NA;NA;
3;0;3.34;25.97;5.91;NA;4.77;19;NA;NA;ND;NA;NA;NA;
3;1;10.21;38.14;8.59;NA;2.88;14.48;NA;NA;ND;NA;NA;NA;
3;2;5.01;40.13;22.51;NA;11.74;13.38;NA;NA;ND;NA;NA;NA;
3;3;5.89;23.14;21.06;NA;6.72;13.07;NA;NA;ND;NA;NA;NA;
3;4;4.67;11.44;15.92;NA;12.85;7.38;NA;NA;ND;NA;NA;NA;
3;5;8.35;6.58;6.4;NA;16.94;18.05;NA;NA;ND;NA;NA;NA;
3;6;6.59;21.71;10.39;NA;16.65;12.46;NA;NA;ND;NA;NA;NA;
3;7;3.27;17.69;4.31;NA;14.3;12.25;NA;NA;ND;NA;NA;NA;
3;8;15.6;13.35;6.39;NA;1.06;9.53;NA;NA;ND;NA;NA;NA;
3;9;9.19;27.45;11.87;NA;1.94;6.55;NA;NA;ND;NA;NA;NA;
3;10;14.79;45.56;9.68;NA;1.9;10.53;NA;NA;ND;NA;NA;NA;
3;11;16.5;73.8;11.99;NA;12.24;8.36;NA;NA;ND;NA;NA;NA;
3;12;16.65;59.35;26.25;NA;16.59;42.5;NA;NA;ND;NA;NA;NA;
3;13;18.33;65.77;18.73;NA;13.35;29.17;NA;NA;ND;NA;NA;NA;
3;14;12.71;36.91;14.45;NA;18.92;17.92;NA;NA;ND;NA;NA;NA;
3;15;11.57;28.9;10.46;NA;17.76;22.75;NA;NA;ND;NA;NA;NA;
3;16;9.89;29.45;11.18;NA;16.25;25.58;NA;NA;ND;NA;NA;NA;
3;17;10.1;28.43;19.04;NA;9.4;17.62;NA;NA;ND;NA;NA;NA;
3;18;9.73;29.49;32.74;NA;20.32;14.79;NA;NA;ND;NA;NA;NA;
3;19;19.52;20.95;29.53;NA;13;20.49;NA;NA;ND;NA;NA;NA;
3;20;7.6;41.47;16.87;NA;21.06;22.26;NA;NA;ND;NA;NA;NA;
3;21;12.34;36.31;16.13;NA;14.54;20.36;NA;NA;ND;NA;NA;NA;
3;22;5.77;16.5;9.39;NA;16.54;17.25;NA;NA;ND;NA;NA;NA;
3;23;ND;31.3;10.03;NA;11.57;12.49;NA;NA;ND;NA;NA;NA;
4;0;12.87;21.94;13;NA;12.46;4.99;NA;NA;ND;NA;NA;NA;
4;1;1.74;24.42;7.04;NA;11.97;10.56;NA;NA;ND;NA;NA;NA;
4;2;3.99;18.38;6.62;NA;7.24;6.74;NA;NA;ND;NA;NA;NA;
4;3;5.28;17.66;6.97;NA;8.87;11.46;NA;NA;ND;NA;NA;NA;
4;4;3.22;6.45;7.84;NA;8;7.79;NA;NA;ND;NA;NA;NA;
4;5;11.62;19.92;2.78;NA;14.73;9.23;NA;NA;ND;NA;NA;NA;
4;6;20.03;73.27;9.55;NA;26.88;14.83;NA;NA;ND;NA;NA;NA;
4;7;21.4;119.61;9.82;NA;19.26;9.86;NA;NA;ND;NA;NA;NA;
4;8;21.32;113.96;11.81;NA;19.05;15.13;NA;NA;ND;NA;NA;NA;
4;9;14.05;37.69;12.8;NA;6;9.83;NA;NA;ND;NA;NA;NA;
4;10;12.75;27.58;8.81;NA;5.67;7.47;NA;NA;ND;NA;NA;NA;
4;11;17.4;47.38;13.49;NA;8.09;7.77;NA;NA;ND;NA;NA;NA;
4;12;13.94;35.71;7.04;NA;16.02;14.37;NA;NA;ND;NA;NA;NA;
4;13;28.61;18.73;12.08;NA;3.79;13.57;NA;NA;ND;NA;NA;NA;
4;14;42.9;47.37;23.57;NA;23.36;20.76;NA;NA;ND;NA;NA;NA;
4;15;22.69;92.16;20.02;NA;14.82;24.02;NA;NA;ND;NA;NA;NA;
4;16;27.58;28.34;18.1;NA;14.8;15.59;NA;NA;ND;NA;NA;NA;
4;17;24.13;30.25;17.52;NA;1.66;10.32;NA;NA;ND;NA;NA;NA;
4;18;28.31;44.37;14.67;NA;6.03;11.84;NA;NA;ND;NA;NA;NA;
4;19;18.51;18.37;8.54;NA;23.3;18.67;NA;NA;ND;NA;NA;NA;
4;20;18.77;41.8;17.61;NA;23.42;18.45;NA;NA;ND;NA;NA;NA;
4;21;10.82;35.78;10.33;NA;13.63;14.4;NA;NA;ND;NA;NA;NA;
4;22;6.68;36.15;10.91;NA;10.37;11.91;NA;NA;ND;NA;NA;NA;
4;23;ND;52.05;9.95;NA;2.2;11.86;NA;NA;ND;NA;NA;NA;
5;0;4.66;26.97;12.41;NA;12.61;7.69;NA;NA;ND;NA;NA;NA;
5;1;7.23;27.96;6.96;NA;4.57;6.72;NA;NA;ND;NA;NA;NA;
5;2;2.95;26.56;5.16;NA;5.48;10.06;NA;NA;ND;NA;NA;NA;
5;3;0.16;46.09;3.58;NA;7.51;5.58;NA;NA;ND;NA;NA;NA;
5;4;8.88;25.71;1.06;NA;2.9;4.93;NA;NA;ND;NA;NA;NA;
5;5;1.14;28.52;7.06;NA;8.42;4.93;NA;NA;ND;NA;NA;NA;
5;6;11.06;20.79;7.2;NA;18.6;9.91;NA;NA;ND;NA;NA;NA;
5;7;8.84;23.5;4.8;NA;15.26;11.36;NA;NA;ND;NA;NA;NA;
5;8;12.59;21.11;14.05;NA;22.97;15.57;NA;NA;ND;NA;NA;NA;
5;9;23.17;21.99;20.62;NA;11.72;12.9;NA;NA;ND;NA;NA;NA;
5;10;26.41;22.12;22.37;NA;14.74;27.96;NA;NA;ND;NA;NA;NA;
5;11;23.56;93.66;29.7;NA;19.23;23.92;NA;NA;ND;NA;NA;NA;
5;12;23.38;109.89;21.9;NA;13.12;14.23;NA;NA;ND;NA;NA;NA;
5;13;16.93;58.52;12.05;NA;11.55;18.78;NA;NA;ND;NA;NA;NA;
5;14;9.24;75.96;21.23;NA;14.01;16.38;NA;NA;ND;NA;NA;NA;
5;15;18.23;35.88;16.28;NA;11.01;16.92;NA;NA;ND;NA;NA;NA;
5;16;12.15;17.24;13.58;NA;15.22;23.66;NA;NA;ND;NA;NA;NA;
5;17;10.06;38.1;17.69;NA;11.32;21.62;NA;NA;ND;NA;NA;NA;
5;18;10.62;26.13;17.72;NA;24.01;10.44;NA;NA;ND;NA;NA;NA;
5;19;14.32;24.37;21.62;NA;14.57;22.28;NA;NA;ND;NA;NA;NA;
5;20;24.76;32.48;13.78;NA;18.62;10.61;NA;NA;ND;NA;NA;NA;
5;21;8.54;26.09;13.16;NA;24.32;19.73;NA;NA;ND;NA;NA;NA;
5;22;9.35;19.51;16.79;NA;19.82;16.58;NA;NA;ND;NA;NA;NA;
5;23;ND;13.38;15.54;NA;11.91;10.94;NA;NA;ND;NA;NA;NA;
6;0;5.73;23.98;8.12;NA;13.51;20.35;NA;NA;ND;NA;NA;NA;
6;1;9.11;29.5;9.7;NA;11.04;12.26;NA;NA;ND;NA;NA;NA;
6;2;7.64;15.14;6.03;NA;9.06;13.12;NA;NA;ND;NA;NA;NA;
6;3;4.49;15.24;9.39;NA;10.83;9.98;NA;NA;ND;NA;NA;NA;
6;4;3.12;15.3;8.7;NA;16.24;6.4;NA;NA;ND;NA;NA;NA;
6;5;7.28;15.64;6.82;NA;3.58;14.1;NA;NA;ND;NA;NA;NA;
6;6;11.55;33.93;10.42;NA;18.92;12.59;NA;NA;ND;NA;NA;NA;
6;7;10.53;28.08;5.25;NA;14.85;15.05;NA;NA;ND;NA;NA;NA;
6;8;12.88;35.23;8.94;NA;3.03;9.86;NA;NA;ND;NA;NA;NA;
6;9;15;14.74;13.33;NA;15.5;10.44;NA;NA;ND;NA;NA;NA;
6;10;14.41;17.52;9.41;NA;4.76;19.91;NA;NA;ND;NA;NA;NA;
6;11;17.65;9.92;17.38;NA;3.9;18.57;NA;NA;ND;NA;NA;NA;
6;12;27.52;14.78;10.27;NA;4.98;23.29;NA;NA;ND;NA;NA;NA;
6;13;14.8;17.42;11.32;NA;5.16;15.69;NA;NA;ND;NA;NA;NA;
6;14;12.89;7.73;12.33;NA;5.26;33.07;NA;NA;ND;NA;NA;NA;
6;15;16.89;29.68;14.51;NA;8.04;28.22;NA;NA;ND;NA;NA;NA;
6;16;17;38.8;17.66;NA;12.37;47.52;NA;NA;ND;NA;NA;NA;
6;17;13.2;34.59;12.88;NA;34.39;80.23;NA;NA;ND;NA;NA;NA;
6;18;7.33;19.04;22.27;NA;23.42;50.13;NA;NA;ND;NA;NA;NA;
6;19;10.55;38.22;48.1;NA;15.17;17.87;NA;NA;ND;NA;NA;NA;
6;20;15.23;37.51;12.58;NA;17.58;18.44;NA;NA;ND;NA;NA;NA;
6;21;4.3;54.56;21.45;NA;12.01;15.38;NA;NA;ND;NA;NA;NA;
6;22;12.34;30.22;8.43;NA;15.7;14.47;NA;NA;ND;NA;NA;NA;
6;23;ND;27.24;14.12;NA;14.8;15.26;NA;NA;ND;NA;NA;NA;
7;0;1.83;31.95;10.24;NA;18.73;3.27;NA;NA;ND;NA;NA;NA;
7;1;13.29;3.62;15.82;NA;7.62;16.89;NA;NA;ND;NA;NA;NA;
7;2;17.67;19.85;10.32;NA;12.75;10.97;NA;NA;ND;NA;NA;NA;
7;3;6.89;26.26;5.05;NA;5.21;5.89;NA;NA;ND;NA;NA;NA;
7;4;8.83;18.45;11.25;NA;13.21;12.37;NA;NA;ND;NA;NA;NA;
7;5;3.08;23.43;4.82;NA;7.54;24.08;NA;NA;ND;NA;NA;NA;
7;6;15.33;35.43;13.27;NA;37.66;21.09;NA;NA;ND;NA;NA;NA;
7;7;25.91;24.84;20.45;NA;32.04;14.09;NA;NA;ND;NA;NA;NA;
7;8;9.51;33.95;10.69;NA;13.9;23.76;NA;NA;ND;NA;NA;NA;
7;9;8.29;13.29;11.33;NA;13.13;11.92;NA;NA;ND;NA;NA;NA;
7;10;14.72;4.83;5.02;NA;18.16;8.21;NA;NA;ND;NA;NA;NA;
7;11;14.55;3.16;11.51;NA;6.07;9.41;NA;NA;ND;NA;NA;NA;
7;12;12.34;49.96;7.94;NA;14.94;9.34;NA;NA;ND;NA;NA;NA;
7;13;13.12;110.81;10.43;NA;8.07;14.47;NA;NA;ND;NA;NA;NA;
7;14;13.39;16.34;15.82;NA;18.06;18.11;NA;NA;ND;NA;NA;NA;
7;15;18.73;42.74;15.68;NA;19.06;78.79;NA;NA;ND;NA;NA;NA;
7;16;10.22;20;8.87;NA;3.96;30.89;NA;NA;ND;NA;NA;NA;
7;17;14.59;20.48;20.19;NA;18.82;23.62;NA;NA;ND;NA;NA;NA;
7;18;25.86;14.32;17.83;NA;16.56;38.07;NA;NA;ND;NA;NA;NA;
7;19;14.43;49.06;27.44;NA;11.94;29.27;NA;NA;ND;NA;NA;NA;
7;20;13.29;31.2;17.49;NA;10.12;40.67;NA;NA;ND;NA;NA;NA;
7;21;10.34;25.88;21.8;NA;15.45;26.9;NA;NA;ND;NA;NA;NA;
7;22;10.41;23.62;17.96;NA;18.4;20.26;NA;NA;ND;NA;NA;NA;
7;23;ND;34.4;8.05;NA;21.2;10.45;NA;NA;ND;NA;NA;NA;
8;0;9.01;14.45;6.2;NA;21.37;27.52;NA;NA;ND;NA;NA;NA;
8;1;17.27;17.71;12.79;NA;11.95;24.24;NA;NA;ND;NA;NA;NA;
8;2;8.55;22.76;5.67;NA;17.22;11.61;NA;NA;ND;NA;NA;NA;
8;3;7.61;16.49;8.06;NA;8.78;12.58;NA;NA;ND;NA;NA;NA;
8;4;6.15;19.77;3.79;NA;15.77;7.21;NA;NA;ND;NA;NA;NA;
8;5;6.14;22.59;7.17;NA;9.01;10.2;NA;NA;ND;NA;NA;NA;
8;6;3.49;23.92;6.81;NA;10.41;6.5;NA;NA;ND;NA;NA;NA;
8;7;3.68;23.61;19.51;NA;14.67;11.65;NA;NA;ND;NA;NA;NA;
8;8;28.39;40.56;3.62;NA;10.12;8.68;NA;NA;ND;NA;NA;NA;
8;9;44.35;29.65;5.69;NA;6.79;8.24;NA;NA;ND;NA;NA;NA;
8;10;27.82;11.42;9.04;NA;9.86;7.05;NA;NA;ND;NA;NA;NA;
8;11;17.65;19.26;18.13;NA;0.44;28.97;NA;NA;ND;NA;NA;NA;
8;12;9.43;7.41;2.87;NA;8.97;32.32;NA;NA;ND;NA;NA;NA;
8;13;10.28;14.86;9.41;NA;24.95;9.2;NA;NA;ND;NA;NA;NA;
8;14;8.59;19.78;8.19;NA;9.59;13.91;NA;NA;ND;NA;NA;NA;
8;15;14.4;59.28;10.24;NA;22.46;7.56;NA;NA;ND;NA;NA;NA;
8;16;7.83;33.85;5.47;NA;22.05;16.16;NA;NA;ND;NA;NA;NA;
8;17;11.61;52.13;8.19;NA;6.72;19.98;NA;NA;ND;NA;NA;NA;
8;18;9.65;33.85;10.9;NA;16.23;15.26;NA;NA;ND;NA;NA;NA;
8;19;6.37;34.22;12.4;NA;10.01;18.26;NA;NA;ND;NA;NA;NA;
8;20;9.08;32.49;15.53;NA;19.11;16.22;NA;NA;ND;NA;NA;NA;
8;21;5.7;28.05;9.97;NA;6.45;7.21;NA;NA;ND;NA;NA;NA;
8;22;12.55;23.33;16.15;NA;8.5;8.73;NA;NA;ND;NA;NA;NA;
8;23;ND;18.09;8.96;NA;3.21;5.91;NA;NA;ND;NA;NA;NA;
9;0;1.11;17.04;12.53;NA;0.48;21.55;NA;NA;ND;NA;NA;NA;
9;1;7.28;5.79;11.45;NA;6.86;16.33;NA;NA;ND;NA;NA;NA;
9;2;9.28;15.1;2.33;NA;3.85;5.22;NA;NA;ND;NA;NA;NA;
9;3;3.88;8.07;2.47;NA;11.59;9.04;NA;NA;ND;NA;NA;NA;
9;4;5.39;11.27;8.17;NA;10.26;4.93;NA;NA;ND;NA;NA;NA;
9;5;7.13;10.21;2.41;NA;7.53;7.28;NA;NA;ND;NA;NA;NA;
9;6;3.02;12.03;6.43;NA;8.52;5.39;NA;NA;ND;NA;NA;NA;
9;7;6.8;13.69;2.41;NA;1.95;0.2;NA;NA;ND;NA;NA;NA;
9;8;10.24;20.55;6.99;NA;8.15;13.64;NA;NA;ND;NA;NA;NA;
9;9;10.21;32.84;1.6;NA;10.14;2.98;NA;NA;ND;NA;NA;NA;
9;10;13.34;97.88;6.64;NA;9.61;6.58;NA;NA;ND;NA;NA;NA;
9;11;15.77;74.73;6.59;NA;11.09;5.8;NA;NA;ND;NA;NA;NA;
9;12;18.32;63.08;4.71;NA;8.28;1.45;NA;NA;ND;NA;NA;NA;
9;13;8.12;60.73;9.24;NA;3.39;5.99;NA;NA;ND;NA;NA;NA;
9;14;8.82;79.74;8.3;NA;4.32;11.17;NA;NA;ND;NA;NA;NA;
9;15;10.44;46.55;2.51;NA;13.94;7.41;NA;NA;ND;NA;NA;NA;
9;16;7.78;56.33;14.96;NA;7;7.71;NA;NA;ND;NA;NA;NA;
9;17;5.91;46.45;9.38;NA;18.21;14.18;NA;NA;ND;NA;NA;NA;
9;18;8.8;47.46;16.01;NA;16.03;23.57;NA;NA;ND;NA;NA;NA;
9;19;1.86;27.93;3.75;NA;20.23;26.4;NA;NA;ND;NA;NA;NA;
9;20;6.04;23.63;14.21;NA;7.24;27.6;NA;NA;ND;NA;NA;NA;
9;21;5.93;29.45;10.28;NA;6.89;13.71;NA;NA;ND;NA;NA;NA;
9;22;4.77;32.25;6.16;NA;18.19;10.06;NA;NA;ND;NA;NA;NA;
9;23;ND;37.69;6.77;NA;10.37;12.59;NA;NA;ND;NA;NA;NA;
10;0;2.46;24.4;18.08;NA;16.87;15.49;NA;NA;ND;NA;NA;NA;
10;1;8.32;15.15;5.89;NA;26.83;15.62;NA;NA;ND;NA;NA;NA;
10;2;4.23;8.41;8.99;NA;11.71;10.61;NA;NA;ND;NA;NA;NA;
10;3;3.12;18.43;4.44;NA;7.68;5.86;NA;NA;ND;NA;NA;NA;
10;4;7.71;18.14;7.41;NA;9.66;9.74;NA;NA;ND;NA;NA;NA;
10;5;7.83;19.04;8;NA;5.47;7.27;NA;NA;ND;NA;NA;NA;
10;6;11.89;65.56;15.02;NA;16.77;11.19;NA;NA;ND;NA;NA;NA;
10;7;8.45;83.5;11.71;NA;16.19;7.34;NA;NA;ND;NA;NA;NA;
10;8;13.3;59.41;15.02;NA;11.78;22.21;NA;NA;ND;NA;NA;NA;
10;9;15.34;34.71;9.95;NA;14.19;7.14;NA;NA;ND;NA;NA;NA;
10;10;10.64;6.89;7.66;NA;10.39;9;NA;NA;ND;NA;NA;NA;
10;11;12.11;11.84;9.29;NA;8.61;8.34;NA;NA;ND;NA;NA;NA;
10;12;6.5;25.54;4.86;NA;1.13;12.08;NA;NA;ND;NA;NA;NA;
10;13;6.44;63.63;7.32;NA;0.89;7.72;NA;NA;ND;NA;NA;NA;
10;14;9.34;87.78;6.22;NA;17.75;10.05;NA;NA;ND;NA;NA;NA;
10;15;17.73;57.02;9.6;NA;11.04;18.13;NA;NA;ND;NA;NA;NA;
10;16;10.13;30.53;16.26;NA;8.59;6.12;NA;NA;ND;NA;NA;NA;
10;17;11.11;30.55;23.21;NA;22.42;10.79;NA;NA;ND;NA;NA;NA;
10;18;6.9;47.72;12.13;NA;7.44;4.22;NA;NA;ND;NA;NA;NA;
10;19;11.31;51.34;8.95;NA;22.69;6.1;NA;NA;ND;NA;NA;NA;
10;20;18.03;30.11;10.19;NA;15.38;15.24;NA;NA;ND;NA;NA;NA;
10;21;13.83;33;11.2;NA;10.98;13.33;NA;NA;ND;NA;NA;NA;
10;22;16.68;26.6;12.03;NA;9.35;23.1;NA;NA;ND;NA;NA;NA;
10;23;11.32;35.12;5.86;NA;13.29;9.65;NA;NA;ND;NA;NA;NA;
11;0;18.13;23.04;20.32;NA;1.76;13.4;NA;NA;ND;NA;NA;NA;
11;1;16.86;18.54;9.92;NA;36.17;10.14;NA;NA;ND;NA;NA;NA;
11;2;17.64;17.58;5.28;NA;23.5;8.36;NA;NA;ND;NA;NA;NA;
11;3;15.78;21.57;3.25;NA;10.48;7.52;NA;NA;ND;NA;NA;NA;
11;4;13.99;21.94;7.45;NA;37.3;12.88;NA;NA;ND;NA;NA;NA;
11;5;7.54;29.84;7.43;NA;32;15.22;NA;NA;ND;NA;NA;NA;
11;6;15.09;79.45;7.77;NA;64.03;33.86;NA;NA;ND;NA;NA;NA;
11;7;22.73;85.14;12.02;NA;78.15;52.89;NA;NA;ND;NA;NA;NA;
11;8;15.31;32.45;9.3;NA;30.47;9.4;NA;NA;ND;NA;NA;NA;
11;9;11.92;5.79;12.46;NA;8.81;11.68;NA;NA;ND;NA;NA;NA;
11;10;8.85;15.74;5.18;NA;8.49;4.11;NA;NA;ND;NA;NA;NA;
11;11;10.08;43.7;6.71;NA;5.62;4.85;NA;NA;ND;NA;NA;NA;
11;12;9.33;36.84;8.1;NA;4.49;8.85;NA;NA;ND;NA;NA;NA;
11;13;13.7;40.54;8.4;NA;9.55;3.15;NA;NA;ND;NA;NA;NA;
11;14;9.65;24.98;8.42;NA;18.41;8.95;NA;NA;ND;NA;NA;NA;
11;15;11.5;29.96;9.81;NA;20.15;10.5;NA;NA;ND;NA;NA;NA;
11;16;8.02;21.98;13.54;NA;6.07;16.97;NA;NA;ND;NA;NA;NA;
11;17;12.18;22.86;14.68;NA;15.41;15.58;NA;NA;ND;NA;NA;NA;
11;18;9.74;29.74;8.59;NA;17.28;13.98;NA;NA;ND;NA;NA;NA;
11;19;8.92;27.17;10.78;NA;17.41;33.43;NA;NA;ND;NA;NA;NA;
11;20;13.82;32.73;17.55;NA;30.44;32.12;NA;NA;ND;NA;NA;NA;
11;21;43.38;26.44;15.1;NA;28.39;41.91;NA;NA;ND;NA;NA;NA;
11;22;25.26;34.94;17.62;NA;20.92;33.81;NA;NA;ND;NA;NA;NA;
11;23;15.64;27.46;14.37;NA;17.47;14.8;NA;NA;ND;NA;NA;NA;
12;0;19.14;30.32;18.63;NA;22.2;ND;NA;NA;ND;NA;NA;NA;
12;1;20.47;25.41;13.41;NA;25.35;18.06;NA;NA;ND;NA;NA;NA;
12;2;15.16;10.37;15.95;NA;6.03;13.19;NA;NA;ND;NA;NA;NA;
12;3;27.83;32.8;11.45;NA;3.93;8.05;NA;NA;ND;NA;NA;NA;
12;4;23.89;30.97;8.03;NA;7.61;14.19;NA;NA;ND;NA;NA;NA;
12;5;19.65;38.04;3.62;NA;3.05;12.02;NA;NA;ND;NA;NA;NA;
12;6;34.65;61.86;14.89;NA;14.8;22.83;NA;NA;ND;NA;NA;NA;
12;7;19.93;108.61;3.97;NA;34.87;12.65;NA;NA;ND;NA;NA;NA;
12;8;14.44;62.66;9.16;NA;15.08;18.5;NA;NA;ND;NA;NA;NA;
12;9;19.69;19.74;8.15;NA;7.16;10.67;NA;NA;ND;NA;NA;NA;
12;10;7.03;6.7;6.08;NA;14.76;7.5;NA;NA;ND;NA;NA;NA;
12;11;13.28;3.11;7.77;NA;9.83;8.55;NA;NA;ND;NA;NA;NA;
12;12;9.59;16.12;10.22;NA;2.37;15.59;NA;NA;ND;NA;NA;NA;
12;13;11.84;22.57;3.66;NA;2.27;21.71;NA;NA;ND;NA;NA;NA;
12;14;8.92;46.62;12.58;NA;5.5;8.84;NA;NA;ND;NA;NA;NA;
12;15;10.83;43.38;15.27;NA;20.31;13.08;NA;NA;ND;NA;NA;NA;
12;16;8.85;47.01;16.36;NA;12.9;6.24;NA;NA;ND;NA;NA;NA;
12;17;23.83;50.93;13.78;NA;12.15;8.56;NA;NA;ND;NA;NA;NA;
12;18;26.64;42;6.59;NA;11.86;15.86;NA;NA;ND;NA;NA;NA;
12;19;27.79;18.75;13.26;NA;29.1;19.41;NA;NA;ND;NA;NA;NA;
12;20;20.96;32.23;11.05;NA;26.67;22.12;NA;NA;ND;NA;NA;NA;
12;21;25.66;17.56;15.24;NA;11.7;18.45;NA;NA;ND;NA;NA;NA;
12;22;23.47;27.88;16.68;NA;16.13;18.17;NA;NA;ND;NA;NA;NA;
12;23;6.17;31.54;5.84;NA;24.26;24.82;NA;NA;ND;NA;NA;NA;
13;0;20.38;35.02;9.54;NA;24.38;15.81;NA;NA;ND;NA;NA;NA;
13;1;16.95;23.76;8.3;NA;19.59;ND;NA;NA;ND;NA;NA;NA;
13;2;14.99;11.88;3.73;NA;16.51;23.32;NA;NA;ND;NA;NA;NA;
13;3;8.12;16.37;8.24;NA;13.11;13.91;NA;NA;ND;NA;NA;NA;
13;4;12.12;10.22;6.54;NA;14.62;8.59;NA;NA;ND;NA;NA;NA;
13;5;18.92;24.3;3.28;NA;13.89;10.01;NA;NA;ND;NA;NA;NA;
13;6;34.89;78.7;13.34;NA;32.18;20.22;NA;NA;ND;NA;NA;NA;
13;7;29.57;121.52;12.28;NA;22.69;7.94;NA;NA;ND;NA;NA;NA;
13;8;16.19;54.13;16.63;NA;12.34;20.98;NA;NA;ND;NA;NA;NA;
13;9;12.73;14.63;14.28;NA;10.72;16.71;NA;NA;ND;NA;NA;NA;
13;10;16.29;33.11;11.38;NA;9.72;6.18;NA;NA;ND;NA;NA;NA;
13;11;21.22;57.42;5.55;NA;3.61;10.31;NA;NA;ND;NA;NA;NA;
13;12;13.6;45.82;11.56;NA;10.29;16.33;NA;NA;ND;NA;NA;NA;
13;13;14.26;32.1;10.11;NA;9.37;10.84;NA;NA;ND;NA;NA;NA;
13;14;7.11;25.42;11.63;NA;3.75;5.23;NA;NA;ND;NA;NA;NA;
13;15;8.8;21.15;13.37;NA;18.71;12.74;NA;NA;ND;NA;NA;NA;
13;16;8.39;29.52;7.41;NA;9.08;9.03;NA;NA;ND;NA;NA;NA;
13;17;33.48;45.61;17.36;NA;21.05;20.9;NA;NA;ND;NA;NA;NA;
13;18;14.03;41.21;11.27;NA;10.85;12.96;NA;NA;ND;NA;NA;NA;
13;19;9.96;36.98;14.52;NA;10.83;9.77;NA;NA;ND;NA;NA;NA;
13;20;9.38;37.14;19.63;NA;13.6;12.24;NA;NA;ND;NA;NA;NA;
13;21;8.58;21.48;10.42;NA;19.27;16.47;NA;NA;ND;NA;NA;NA;
13;22;10;18.76;11.58;NA;2.19;28.13;NA;NA;ND;NA;NA;NA;
13;23;9.48;18.91;10.9;NA;10.89;29.64;NA;NA;ND;NA;NA;NA;
14;0;6.89;31.64;12.01;NA;13.73;ND;NA;NA;ND;NA;NA;NA;
14;1;4.14;4.71;10.3;NA;9.81;ND;NA;NA;ND;NA;NA;NA;
14;2;3.87;10;6.46;NA;6.66;ND;NA;NA;ND;NA;NA;NA;
14;3;6.28;11.57;6.76;NA;12.36;7.21;NA;NA;ND;NA;NA;NA;
14;4;1.69;6.79;4.48;NA;8.67;11.03;NA;NA;ND;NA;NA;NA;
14;5;7.1;10.39;8.42;NA;6.51;13.41;NA;NA;ND;NA;NA;NA;
14;6;13.68;28.99;7.53;NA;18.8;21.46;NA;NA;ND;NA;NA;NA;
14;7;11.8;41.09;16.92;NA;14.71;19.95;NA;NA;ND;NA;NA;NA;
14;8;14.43;24.36;13.33;NA;21.8;16.74;NA;NA;ND;NA;NA;NA;
14;9;15.95;48.14;31.55;NA;4.81;15.27;NA;NA;ND;NA;NA;NA;
14;10;20.58;62.43;36.4;NA;7.74;21.85;NA;NA;ND;NA;NA;NA;
14;11;19.91;71.56;15.26;NA;24.92;23.16;NA;NA;ND;NA;NA;NA;
14;12;26.6;104.81;24.2;NA;25.55;39.1;NA;NA;ND;NA;NA;NA;
14;13;25.95;66.54;32.68;NA;28.33;45.55;NA;NA;ND;NA;NA;NA;
14;14;24.36;33.18;31.32;NA;27.97;36.13;NA;NA;ND;NA;NA;NA;
14;15;20.07;29.33;28.54;NA;37.73;40.48;NA;NA;ND;NA;NA;NA;
14;16;26.21;28.57;27.55;NA;34.17;32.47;NA;NA;ND;NA;NA;NA;
14;17;13.5;30.17;19.96;NA;20.16;30.24;NA;NA;ND;NA;NA;NA;
14;18;9.19;25.76;34.78;NA;18.8;26.03;NA;NA;ND;NA;NA;NA;
14;19;19.5;31.25;28.59;NA;16.38;33.74;NA;NA;ND;NA;NA;NA;
14;20;11.6;24.97;38.37;NA;27.52;32.14;NA;NA;ND;NA;NA;NA;
14;21;9.84;25.12;24.2;NA;29.59;29.37;NA;NA;ND;NA;NA;NA;
14;22;5.18;26.18;16.05;NA;15.79;17.49;NA;NA;ND;NA;NA;NA;
14;23;5.16;26.66;8.89;NA;24.38;12.88;NA;NA;ND;NA;NA;NA;
15;0;17.67;32.41;18.01;NA;18.31;25.67;NA;NA;ND;NA;NA;NA;
15;1;11.45;24.4;14.35;NA;12.43;19.54;NA;NA;ND;NA;NA;NA;
15;2;5.31;19.29;10.83;NA;11.84;14.44;NA;NA;ND;NA;NA;NA;
15;3;6.33;24.69;3.18;NA;22.09;8.27;NA;NA;ND;NA;NA;NA;
15;4;13.97;7.5;9.39;NA;11.18;10.65;NA;NA;ND;NA;NA;NA;
15;5;6.02;7.15;4.87;NA;9.47;13.58;NA;NA;ND;NA;NA;NA;
15;6;6.76;39.88;8.46;NA;13.73;10.71;NA;NA;ND;NA;NA;NA;
15;7;8.11;37.02;6.91;NA;6.5;8;NA;NA;ND;NA;NA;NA;
15;8;10.36;25.89;6.52;NA;6.66;4.43;NA;NA;ND;NA;NA;NA;
15;9;13.43;15.85;12.19;NA;7.46;10.61;NA;NA;ND;NA;NA;NA;
15;10;14.85;22.7;6.09;NA;19.7;7.69;NA;NA;ND;NA;NA;NA;
15;11;11.5;29.86;13.16;NA;17.44;12.64;NA;NA;ND;NA;NA;NA;
15;12;9.63;52.82;6.46;NA;11.33;10.69;NA;NA;ND;NA;NA;NA;
15;13;12.81;13.33;8.83;NA;2.05;5.3;NA;NA;ND;NA;NA;NA;
15;14;13.52;80.51;11.83;NA;6.76;8.97;NA;NA;ND;NA;NA;NA;
15;15;13.97;116;12.05;NA;10.63;17.97;NA;NA;ND;NA;NA;NA;
15;16;20.02;114.56;13.34;NA;15.72;11.51;NA;NA;ND;NA;NA;NA;
15;17;17.69;54.59;17.77;NA;14.52;18.44;NA;NA;ND;NA;NA;NA;
15;18;7.76;24.41;7.89;NA;21.24;15.99;NA;NA;ND;NA;NA;NA;
15;19;6.13;21.09;6.93;NA;9;12.72;NA;NA;ND;NA;NA;NA;
15;20;7;15.31;16.27;NA;12.42;17.44;NA;NA;ND;NA;NA;NA;
15;21;10.66;25.77;13.81;NA;21.27;19.62;NA;NA;ND;NA;NA;NA;
15;22;10.7;20.3;18.76;NA;21.49;16.71;NA;NA;ND;NA;NA;NA;
15;23;13.93;27.97;8.98;NA;20.68;16.55;NA;NA;ND;NA;NA;NA;
16;0;12.99;28.52;18.59;NA;28.1;10.53;NA;NA;ND;NA;NA;NA;
16;1;14.48;29.95;12.45;NA;8.14;17.33;NA;NA;ND;NA;NA;NA;
16;2;15.3;19.59;5.92;NA;13.95;11.88;NA;NA;ND;NA;NA;NA;
16;3;14.97;29.88;6.62;NA;6.32;9.49;NA;NA;ND;NA;NA;NA;
16;4;16.55;28.57;10.03;NA;7.47;9.42;NA;NA;ND;NA;NA;NA;
16;5;14.68;37.35;1.42;NA;13.69;11.39;NA;NA;ND;NA;NA;NA;
16;6;13.38;45.44;6.8;NA;8.06;9.39;NA;NA;ND;NA;NA;NA;
16;7;16.65;50.54;1.84;NA;22.86;5.11;NA;NA;ND;NA;NA;NA;
16;8;16.21;30.61;10.09;NA;14.4;7.91;NA;NA;ND;NA;NA;NA;
16;9;12.31;9.96;5.59;NA;15.31;6.62;NA;NA;ND;NA;NA;NA;
16;10;11.21;7.44;3.5;NA;10.68;7.32;NA;NA;ND;NA;NA;NA;
16;11;15.4;5.66;10.47;NA;4.97;3.45;NA;NA;ND;NA;NA;NA;
16;12;12.95;16.22;3.28;NA;3.42;2.96;NA;NA;ND;NA;NA;NA;
16;13;12.01;78.5;3.83;NA;5.88;7.87;NA;NA;ND;NA;NA;NA;
16;14;18.85;ND;8.81;NA;14.86;9.74;NA;NA;ND;NA;NA;NA;
16;15;36.13;118.28;11.87;NA;6.26;6.72;NA;NA;ND;NA;NA;NA;
16;16;47.73;ND;18.1;NA;14.73;7.22;NA;NA;ND;NA;NA;NA;
16;17;24.77;61.21;20.32;NA;8.38;17.42;NA;NA;ND;NA;NA;NA;
16;18;36.77;55.46;13.15;NA;15.08;10.19;NA;NA;ND;NA;NA;NA;
16;19;27.93;37.75;34.76;NA;12.35;8.11;NA;NA;ND;NA;NA;NA;
16;20;8.87;42.61;9.54;NA;15.11;19.86;NA;NA;ND;NA;NA;NA;
16;21;25.9;35.63;13.47;NA;19.4;17.48;NA;NA;ND;NA;NA;NA;
16;22;13.81;36.39;15.7;NA;16.56;17.47;NA;NA;ND;NA;NA;NA;
16;23;21.71;45.52;15.78;NA;14.4;12.33;NA;NA;ND;NA;NA;NA;
17;0;23.35;49.27;0.42;NA;19.47;13.09;NA;NA;ND;NA;NA;NA;
17;1;20.25;34.99;11.66;NA;10.38;10.27;NA;NA;ND;NA;NA;NA;
17;2;18.77;27.02;3.8;NA;14.89;14.31;NA;NA;ND;NA;NA;NA;
17;3;17.46;18.37;4.2;NA;4.31;13.75;NA;NA;ND;NA;NA;NA;
17;4;12.55;26.85;20.99;NA;10.41;10.11;NA;NA;ND;NA;NA;NA;
17;5;22.93;41.78;8.87;NA;15.23;11.31;NA;NA;ND;NA;NA;NA;
17;6;36.19;119.83;18.27;NA;36.02;21.12;NA;NA;ND;NA;NA;NA;
17;7;35.2;ND;23.83;NA;42.21;22.83;NA;NA;ND;NA;NA;NA;
17;8;32.78;65.79;14.27;NA;25.07;11.99;NA;NA;ND;NA;NA;NA;
17;9;28.28;36.13;7.39;NA;8.76;12.14;NA;NA;ND;NA;NA;NA;
17;10;20.39;24;7.23;NA;10.83;6.25;NA;NA;ND;NA;NA;NA;
17;11;8.11;9.05;10.68;NA;3.67;7.8;NA;NA;ND;NA;NA;NA;
17;12;8.57;7.65;5.28;NA;3.87;9.29;NA;NA;ND;NA;NA;NA;
17;13;28.01;39.28;7.77;NA;2.3;23.13;NA;NA;ND;NA;NA;NA;
17;14;25.18;42.43;10.37;NA;13.23;9.51;NA;NA;ND;NA;NA;NA;
17;15;24.78;46.51;28.64;NA;47.45;24.31;NA;NA;ND;NA;NA;NA;
17;16;29.7;75.89;25.73;NA;56.39;22;NA;NA;ND;NA;NA;NA;
17;17;31.17;92.18;48.37;NA;41.17;32.92;NA;NA;ND;NA;NA;NA;
17;18;49.25;69.46;54.25;NA;26.18;31.45;NA;NA;ND;NA;NA;NA;
17;19;40.86;47.25;55.36;NA;47.13;59.7;NA;NA;ND;NA;NA;NA;
17;20;39.25;35.35;46.55;NA;54.51;57.18;NA;NA;ND;NA;NA;NA;
17;21;34.56;23.68;51.14;NA;62.4;61.62;NA;NA;ND;NA;NA;NA;
17;22;38.42;21.85;47.16;NA;58.85;54.67;NA;NA;ND;NA;NA;NA;
17;23;39.47;44.11;41.12;NA;54.85;57.7;NA;NA;ND;NA;NA;NA;
18;0;45.9;28.5;45.41;NA;71.32;77.04;NA;NA;ND;NA;NA;NA;
18;1;40.2;31.99;50.83;NA;49.45;49.26;NA;NA;ND;NA;NA;NA;
18;2;41.96;30.36;8.32;NA;27.02;8.51;NA;NA;ND;NA;NA;NA;
18;3;40.51;39.91;6.93;NA;18.36;8.22;NA;NA;ND;NA;NA;NA;
18;4;41.91;34.12;2.5;NA;11.53;8.43;NA;NA;ND;NA;NA;NA;
18;5;41.21;54.38;5.17;NA;11.58;7.98;NA;NA;ND;NA;NA;NA;
18;6;52.42;46.88;31.06;NA;38.02;15.74;NA;NA;ND;NA;NA;NA;
18;7;46.49;79.39;59.33;NA;30.29;16.6;NA;NA;ND;NA;NA;NA;
18;8;39.11;83.61;12.29;NA;18.51;14.38;NA;NA;ND;NA;NA;NA;
18;9;18.18;47.84;14.23;NA;17.74;9.88;NA;NA;ND;NA;NA;NA;
18;10;5.26;22.38;6.2;NA;12.45;9.19;NA;NA;ND;NA;NA;NA;
18;11;21.64;21.59;15.35;NA;15.28;22.32;NA;NA;ND;NA;NA;NA;
18;12;12.89;31.46;5.11;NA;25.97;20.8;NA;NA;ND;NA;NA;NA;
18;13;21.47;44.27;7.17;NA;17.66;14.32;NA;NA;ND;NA;NA;NA;
18;14;14.34;57.98;19.72;NA;12.68;14.75;NA;NA;ND;NA;NA;NA;
18;15;28.8;51.99;31.64;NA;27.25;25.83;NA;NA;ND;NA;NA;NA;
18;16;29.92;52.57;17.11;NA;10.79;14.93;NA;NA;ND;NA;NA;NA;
18;17;26.41;51.3;24.5;NA;18.1;6.66;NA;NA;ND;NA;NA;NA;
18;18;19.67;50.78;32.08;NA;25.02;19.73;NA;NA;ND;NA;NA;NA;
18;19;28.01;36.98;37.08;NA;35.98;29.17;NA;NA;ND;NA;NA;NA;
18;20;26.27;24.19;29.98;NA;57.06;35.67;NA;NA;ND;NA;NA;NA;
18;21;24.34;28.19;27.39;NA;75.81;35.35;NA;NA;ND;NA;NA;NA;
18;22;17.72;39.48;30.04;NA;21.86;26.06;NA;NA;ND;NA;NA;NA;
18;23;18.97;60.31;16.53;NA;ND;28.18;NA;NA;ND;NA;NA;NA;
19;0;29.78;46.03;14.04;NA;25.83;6.58;NA;NA;ND;NA;NA;NA;
19;1;23.7;39.92;16.71;NA;14.2;21.8;NA;NA;ND;NA;NA;NA;
19;2;15.57;32.36;6.45;NA;21.09;15.82;NA;NA;ND;NA;NA;NA;
19;3;22.29;35.36;9.7;NA;17.82;10.46;NA;NA;ND;NA;NA;NA;
19;4;25.37;29.5;13.88;NA;9;19.25;NA;NA;ND;NA;NA;NA;
19;5;21.6;32.31;8.86;NA;16.72;15.08;NA;NA;ND;NA;NA;NA;
19;6;49.25;105.21;15.83;NA;29.89;17.83;NA;NA;ND;NA;NA;NA;
19;7;53.38;120.6;29.09;NA;29.63;19.48;NA;NA;ND;NA;NA;NA;
19;8;38.35;21.96;14.92;NA;16.68;22.24;NA;NA;ND;NA;NA;NA;
19;9;40.88;35.43;15.83;NA;16.63;2.3;NA;NA;ND;NA;NA;NA;
19;10;39.77;28.49;14.48;NA;6.63;20.58;NA;NA;ND;NA;NA;NA;
19;11;25.93;18.27;14.37;NA;19.8;24.54;NA;NA;ND;NA;NA;NA;
19;12;12.74;13.28;11.37;NA;15.8;11.44;NA;NA;ND;NA;NA;NA;
19;13;29.96;60.62;11.15;NA;14.28;5.33;NA;NA;ND;NA;NA;NA;
19;14;32.72;91.66;26.95;NA;19.94;26.51;NA;NA;ND;NA;NA;NA;
19;15;33.49;86.31;35.87;NA;55.22;34.72;NA;NA;ND;NA;NA;NA;
19;16;24.51;73.06;40.87;NA;25.79;40.88;NA;NA;ND;NA;NA;NA;
19;17;37.25;40.56;13.91;NA;27;15.82;NA;NA;ND;NA;NA;NA;
19;18;37.74;43.92;26.6;NA;32.51;17.23;NA;NA;ND;NA;NA;NA;
19;19;32.48;44.12;39.24;NA;29.39;32.56;NA;NA;ND;NA;NA;NA;
19;20;43.9;38.58;24.93;NA;52.91;26.89;NA;NA;ND;NA;NA;NA;
19;21;35.56;37;29.04;NA;31.35;34.88;NA;NA;ND;NA;NA;NA;
19;22;23.02;39.77;25.15;NA;31.34;30.35;NA;NA;ND;NA;NA;NA;
19;23;32.36;67.96;21.29;NA;ND;18.1;NA;NA;ND;NA;NA;NA;
20;0;45.63;68.88;5.35;NA;24.04;17.27;NA;NA;ND;NA;NA;NA;
20;1;41.61;31.53;17.81;NA;14.78;17.45;NA;NA;ND;NA;NA;NA;
20;2;37.09;34.57;12.9;NA;15.32;14.51;NA;NA;ND;NA;NA;NA;
20;3;36.86;52.58;7.87;NA;11.81;14.44;NA;NA;ND;NA;NA;NA;
20;4;30.66;34.21;7.65;NA;2.06;12.19;NA;NA;ND;NA;NA;NA;
20;5;33.07;56.66;14.21;NA;18.21;18.52;NA;NA;ND;NA;NA;NA;
20;6;42.32;82.62;18.83;NA;54.5;26.36;NA;NA;ND;NA;NA;NA;
20;7;60.95;73.13;25;NA;44.33;19.93;NA;NA;ND;NA;NA;NA;
20;8;38.04;35.96;26.47;NA;20.72;17.62;NA;NA;ND;NA;NA;NA;
20;9;38.6;14.45;26.24;NA;23.34;32.73;NA;NA;ND;NA;NA;NA;
20;10;20.59;23.42;20.19;NA;27.47;27.41;NA;NA;ND;NA;NA;NA;
20;11;14.61;22.18;14.57;NA;23.4;21.52;NA;NA;ND;NA;NA;NA;
20;12;31.5;61.73;20.67;NA;4.76;10.3;NA;NA;ND;NA;NA;NA;
20;13;45.3;159.06;48.03;NA;34.31;37.56;NA;NA;ND;NA;NA;NA;
20;14;33.7;149.64;35.67;NA;53.37;43.16;NA;NA;ND;NA;NA;NA;
20;15;24.81;55.44;32.38;NA;40.38;39.15;NA;NA;ND;NA;NA;NA;
20;16;26.59;39.31;33.38;NA;12.59;37.61;NA;NA;ND;NA;NA;NA;
20;17;18.87;36.83;27.94;NA;32.98;33.76;NA;NA;ND;NA;NA;NA;
20;18;21.29;29.47;39.69;NA;12.99;24.63;NA;NA;ND;NA;NA;NA;
20;19;28.81;23.79;35.61;NA;26.02;24.5;NA;NA;ND;NA;NA;NA;
20;20;30.13;26.7;33.72;NA;43.46;56;NA;NA;ND;NA;NA;NA;
20;21;27.72;48.14;36.22;NA;42.86;42.96;NA;NA;ND;NA;NA;NA;
20;22;29.05;49.51;36.42;NA;43.22;45.3;NA;NA;ND;NA;NA;NA;
20;23;35.41;59.82;32.55;NA;ND;39.32;NA;NA;ND;NA;NA;NA;
21;0;25.53;43.58;20.31;NA;35.2;32.36;NA;NA;ND;NA;NA;NA;
21;1;35.85;30.38;24.28;NA;22.85;18.63;NA;NA;ND;NA;NA;NA;
21;2;34.29;49.98;21.15;NA;11.69;24.71;NA;NA;ND;NA;NA;NA;
21;3;28.8;36.72;19.48;NA;24.6;22.03;NA;NA;ND;NA;NA;NA;
21;4;25.77;41.13;20.23;NA;28.82;21.05;NA;NA;ND;NA;NA;NA;
21;5;32.92;51.08;19.48;NA;30.47;30.69;NA;NA;ND;NA;NA;NA;
21;6;45.12;74.72;29.87;NA;44.88;32;NA;NA;ND;NA;NA;NA;
21;7;60.97;96.24;22.5;NA;43.89;40.78;NA;NA;ND;NA;NA;NA;
21;8;28.52;54.5;19.39;NA;23.12;20.58;NA;NA;ND;NA;NA;NA;
21;9;25.16;32.72;16.7;NA;6.4;15.42;NA;NA;ND;NA;NA;NA;
21;10;23.52;40.13;10.16;NA;23.53;22.75;NA;NA;ND;NA;NA;NA;
21;11;27.51;45.54;10.92;NA;17.24;34.98;NA;NA;ND;NA;NA;NA;
21;12;22.93;13.1;21.09;NA;15.43;31.97;NA;NA;ND;NA;NA;NA;
21;13;26.66;22.43;24.98;NA;13.97;30.44;NA;NA;ND;NA;NA;NA;
21;14;30.05;49.72;29.25;NA;40.4;30.04;NA;NA;ND;NA;NA;NA;
21;15;33.63;68.1;41.04;NA;52.66;64.62;NA;NA;ND;NA;NA;NA;
21;16;48.87;81.05;43.6;NA;37.79;43.53;NA;NA;ND;NA;NA;NA;
21;17;18.79;30.48;39.28;NA;32.74;36.92;NA;NA;ND;NA;NA;NA;
21;18;22.42;43.47;38.19;NA;28.24;25.27;NA;NA;ND;NA;NA;NA;
21;19;26.74;49.5;45.08;NA;41.15;41.19;NA;NA;ND;NA;NA;NA;
21;20;41.46;38.2;37.65;NA;47.65;43.38;NA;NA;ND;NA;NA;NA;
21;21;37.97;36.75;43.34;NA;34.02;46.68;NA;NA;ND;NA;NA;NA;
21;22;38.53;55.2;40.54;NA;48.25;40.41;NA;NA;ND;NA;NA;NA;
21;23;40.56;62.99;18.38;NA;ND;15.34;NA;NA;ND;NA;NA;NA;
22;0;38.24;41.6;55.26;NA;16.63;10.92;NA;NA;ND;NA;NA;NA;
22;1;40.08;46.85;33.35;NA;18.39;21.04;NA;NA;ND;NA;NA;NA;
22;2;33.97;39.51;11.23;NA;14.98;9.91;NA;NA;ND;NA;NA;NA;
22;3;30.48;46.43;9.55;NA;16.81;11.7;NA;NA;ND;NA;NA;NA;
22;4;23.03;45.07;12.05;NA;15.78;15.54;NA;NA;ND;NA;NA;NA;
22;5;34.84;25.04;22.68;NA;26.97;16.22;NA;NA;ND;NA;NA;NA;
22;6;27.57;47.57;23.51;NA;28.51;35.52;NA;NA;ND;NA;NA;NA;
22;7;35.09;117.95;21.05;NA;35.67;18.79;NA;NA;ND;NA;NA;NA;
22;8;33.32;56.7;14.79;NA;35.86;25.2;NA;NA;ND;NA;NA;NA;
22;9;26.25;41.45;11.53;NA;14.73;8.92;NA;NA;ND;NA;NA;NA;
22;10;11.59;9.47;7.48;NA;12.33;6.89;NA;NA;ND;NA;NA;NA;
22;11;45.14;21.59;12.34;NA;1.28;9.64;NA;NA;ND;NA;NA;NA;
22;12;14.5;12.06;18.47;NA;16.36;6.65;NA;NA;ND;NA;NA;NA;
22;13;9.5;24.98;6.11;NA;3.43;11.86;NA;NA;ND;NA;NA;NA;
22;14;13.24;18.13;20.1;NA;1.6;3.18;NA;NA;ND;NA;NA;NA;
22;15;28.82;33.59;33.2;NA;18.59;14.57;NA;NA;ND;NA;NA;NA;
22;16;17.44;31.02;26.34;NA;17.19;24.25;NA;NA;ND;NA;NA;NA;
22;17;14.02;24.62;17.93;NA;24.43;18.06;NA;NA;ND;NA;NA;NA;
22;18;21.18;26.61;13.1;NA;49.14;17.96;NA;NA;ND;NA;NA;NA;
22;19;15.19;24.36;14.41;NA;31.15;27.21;NA;NA;ND;NA;NA;NA;
22;20;10.01;30.28;16.28;NA;22.91;23.44;NA;NA;ND;NA;NA;NA;
22;21;27.77;11.63;20.88;NA;25.33;22.95;NA;NA;ND;NA;NA;NA;
22;22;19.13;28.6;13.29;NA;24.14;26.69;NA;NA;ND;NA;NA;NA;
22;23;20.14;44.66;ND;NA;ND;29.66;NA;NA;ND;NA;NA;NA;
23;0;43.7;21.36;ND;NA;8.38;17.86;NA;NA;ND;NA;NA;NA;
23;1;35.3;42.74;12.96;NA;18.91;16.85;NA;NA;ND;NA;NA;NA;
23;2;18.61;23.51;13.47;NA;13.51;8.18;NA;NA;ND;NA;NA;NA;
23;3;9.04;25.49;5.36;NA;13.02;10.62;NA;NA;ND;NA;NA;NA;
23;4;14.27;40.99;9.07;NA;16.5;7.73;NA;NA;ND;NA;NA;NA;
23;5;13.92;32.35;3.81;NA;14.99;8.14;NA;NA;ND;NA;NA;NA;
23;6;23.68;30.34;9.23;NA;16.84;5.29;NA;NA;ND;NA;NA;NA;
23;7;11.86;27.05;4.6;NA;13.42;7.75;NA;NA;ND;NA;NA;NA;
23;8;10.03;31.36;10.41;NA;8.17;12.81;NA;NA;ND;NA;NA;NA;
23;9;10.53;32.72;7.94;NA;10.04;9.92;NA;NA;ND;NA;NA;NA;
23;10;13.37;20.47;3.29;NA;10.53;2.66;NA;NA;ND;NA;NA;NA;
23;11;20.87;0.79;6.96;NA;8.47;10.36;NA;NA;ND;NA;NA;NA;
23;12;14.51;16.33;13.64;NA;7.35;11.92;NA;NA;ND;NA;NA;NA;
23;13;24.36;42.76;15.97;NA;10.78;13.52;NA;NA;ND;NA;NA;NA;
23;14;4.14;15.12;3.79;NA;9.67;5.12;NA;NA;ND;NA;NA;NA;
23;15;31.74;41.49;14.02;NA;20.52;15.57;NA;NA;ND;NA;NA;NA;
23;16;26.19;35.67;25.78;NA;16.66;22.04;NA;NA;ND;NA;NA;NA;
23;17;20.36;41.38;22;NA;22.7;20.24;NA;NA;ND;NA;NA;NA;
23;18;24.36;18.91;22.35;NA;23.67;27;NA;NA;ND;NA;NA;NA;
23;19;11.29;35.53;15.02;NA;14.46;12.74;NA;NA;ND;NA;NA;NA;
23;20;18.16;21.47;13.64;NA;18.2;16.75;NA;NA;ND;NA;NA;NA;
23;21;9.54;24.71;11.03;NA;23.35;18.66;NA;NA;ND;NA;NA;NA;
23;22;7.52;17.82;20.68;NA;22.77;27.55;NA;NA;ND;NA;NA;NA;
23;23;8.03;37.46;21.33;NA;ND;13.61;NA;NA;ND;NA;NA;NA;
24;0;9.87;14.08;16.38;NA;7.89;25.32;NA;NA;ND;NA;NA;NA;
24;1;9;14.93;9.39;NA;19.34;26.24;NA;NA;ND;NA;NA;NA;
24;2;11.49;11.86;17.88;NA;6.33;11.82;NA;NA;ND;NA;NA;NA;
24;3;8.71;20.03;15.41;NA;8.02;18.84;NA;NA;ND;NA;NA;NA;
24;4;18.89;23.76;15.9;NA;11.59;19.73;NA;NA;ND;NA;NA;NA;
24;5;21.76;18.47;10.71;NA;14.93;28.54;NA;NA;ND;NA;NA;NA;
24;6;21.07;51.94;27.71;NA;31.79;24.57;NA;NA;ND;NA;NA;NA;
24;7;39.31;48.61;34.01;NA;34.89;37.14;NA;NA;ND;NA;NA;NA;
24;8;33.91;50.63;47.25;NA;45.54;38.22;NA;NA;ND;NA;NA;NA;
24;9;38.75;29.38;25.01;NA;30.38;28.23;NA;NA;ND;NA;NA;NA;
24;10;24.54;7.59;13.41;NA;4.7;19.84;NA;NA;ND;NA;NA;NA;
24;11;19.53;22.29;15.29;NA;14.7;12.59;NA;NA;ND;NA;NA;NA;
24;12;30.94;60.95;15.48;NA;9.61;25.56;NA;NA;ND;NA;NA;NA;
24;13;15.38;95.57;24.1;NA;47.03;23.38;NA;NA;ND;NA;NA;NA;
24;14;14.15;88.26;25.44;NA;22.39;27.6;NA;NA;ND;NA;NA;NA;
24;15;12.09;25.87;22.9;NA;12.59;12.43;NA;NA;ND;NA;NA;NA;
24;16;14.58;31.56;15.5;NA;19.86;10.75;NA;NA;ND;NA;NA;NA;
24;17;11.4;22.98;13.89;NA;26.93;18.06;NA;NA;ND;NA;NA;NA;
24;18;10.18;14.96;30.55;NA;49.77;27.23;NA;NA;ND;NA;NA;NA;
24;19;12.56;19.05;21.16;NA;40.84;36.9;NA;NA;ND;NA;NA;NA;
24;20;20.58;24.98;24.18;NA;30.4;29.83;NA;NA;ND;NA;NA;NA;
24;21;17.63;30.99;26.01;NA;37.58;35.11;NA;NA;ND;NA;NA;NA;
24;22;15.47;7.02;32.05;NA;33.25;40.35;NA;NA;ND;NA;NA;NA;
24;23;15.53;19.99;23.81;NA;ND;38.06;NA;NA;ND;NA;NA;NA;
25;0;4.66;20.12;26.14;NA;31.61;43.04;NA;NA;ND;NA;NA;NA;
25;1;15.49;7.73;30.25;NA;40.97;43.75;NA;NA;ND;NA;NA;NA;
25;2;20.64;13.09;37.73;NA;30.47;34.12;NA;NA;ND;NA;NA;NA;
25;3;15.44;7;29.29;NA;39.45;44.46;NA;NA;ND;NA;NA;NA;
25;4;24.63;29.54;33.33;NA;34.12;39.56;NA;NA;ND;NA;NA;NA;
25;5;29.42;34.02;35.15;NA;38.18;33.15;NA;NA;ND;NA;NA;NA;
25;6;37.98;30.83;42.56;NA;51.78;46.97;NA;NA;ND;NA;NA;NA;
25;7;39.37;36.29;45.41;NA;49.2;56.93;NA;NA;ND;NA;NA;NA;
25;8;32.27;34.34;42.08;NA;48.13;52.36;NA;NA;ND;NA;NA;NA;
25;9;42.36;24;34.96;NA;28.05;28.39;NA;NA;ND;NA;NA;NA;
25;10;14.25;22.63;13.5;NA;14.15;10.63;NA;NA;ND;NA;NA;NA;
25;11;15.92;20.27;13.75;NA;18.55;9.47;NA;NA;ND;NA;NA;NA;
25;12;11.15;25.51;10.74;NA;10.69;8.83;NA;NA;ND;NA;NA;NA;
25;13;19.66;29.61;14.78;NA;16.41;10.84;NA;NA;ND;NA;NA;NA;
25;14;34.55;55.05;13.31;NA;13.71;14.54;NA;NA;ND;NA;NA;NA;
25;15;21.12;33.61;31.91;NA;38.63;38.6;NA;NA;ND;NA;NA;NA;
25;16;0.91;20.5;28.19;NA;11.63;28.98;NA;NA;ND;NA;NA;NA;
25;17;12.51;16.61;21.58;NA;3.1;22.38;NA;NA;ND;NA;NA;NA;
25;18;17.31;29.93;20.29;NA;26.03;29.64;NA;NA;ND;NA;NA;NA;
25;19;27.95;39.45;25.08;NA;33.54;30.4;NA;NA;ND;NA;NA;NA;
25;20;26.24;15.14;24.93;NA;19.4;33.02;NA;NA;ND;NA;NA;NA;
25;21;28.88;25.26;27.18;NA;34.94;27.8;NA;NA;ND;NA;NA;NA;
25;22;30.79;15.46;18.04;NA;52.14;17.88;NA;NA;ND;NA;NA;NA;
25;23;29.26;31.14;10.49;NA;ND;20.65;NA;NA;ND;NA;NA;NA;
26;0;18.15;33.17;14.05;NA;66.26;18.55;NA;NA;ND;NA;NA;NA;
26;1;27.55;33.16;12.41;NA;38.94;23.63;NA;NA;ND;NA;NA;NA;
26;2;32.04;41.45;14.22;NA;19.07;17.91;NA;NA;ND;NA;NA;NA;
26;3;35.71;28.37;11.42;NA;16.36;10.85;NA;NA;ND;NA;NA;NA;
26;4;32.76;44.5;9.12;NA;12.65;9.27;NA;NA;ND;NA;NA;NA;
26;5;30.49;71.66;6.66;NA;15.89;7.18;NA;NA;ND;NA;NA;NA;
26;6;42.93;63.39;6.85;NA;38.28;16.34;NA;NA;ND;NA;NA;NA;
26;7;34.31;82.38;14.22;NA;50.08;30.18;NA;NA;ND;NA;NA;NA;
26;8;32.96;38.26;4.96;NA;16.55;21.91;NA;NA;ND;NA;NA;NA;
26;9;13.54;15.61;7.19;NA;7.35;7.87;NA;NA;ND;NA;NA;NA;
26;10;8.26;0;9.01;NA;11.81;9.66;NA;NA;ND;NA;NA;NA;
26;11;5.47;15.86;11.55;NA;1.21;5.16;NA;NA;ND;NA;NA;NA;
26;12;8.77;16.94;10.35;NA;ND;7.81;NA;NA;ND;NA;NA;NA;
26;13;4.43;3.68;8.55;NA;6.65;3.88;NA;NA;ND;NA;NA;NA;
26;14;14.47;23.95;5.57;NA;7.19;12.74;NA;NA;ND;NA;NA;NA;
26;15;3.61;16;10.59;NA;3.19;17.6;NA;NA;ND;NA;NA;NA;
26;16;42.21;35.19;13.62;NA;8.79;24.89;NA;NA;ND;NA;NA;NA;
26;17;22.7;23.99;23.98;NA;16.38;8.4;NA;NA;ND;NA;NA;NA;
26;18;8.48;25.61;15.92;NA;1.6;14.1;NA;NA;ND;NA;NA;NA;
26;19;13.63;33.16;16.97;NA;19.73;13.92;NA;NA;ND;NA;NA;NA;
26;20;18.25;22.06;29.22;NA;18.06;21.09;NA;NA;ND;NA;NA;NA;
26;21;15;9.93;12.65;NA;23.04;10.85;NA;NA;ND;NA;NA;NA;
26;22;13.69;19.29;16.66;NA;4.13;12.34;NA;NA;ND;NA;NA;NA;
26;23;3.42;12.07;6.14;NA;16.54;8.65;NA;NA;ND;NA;NA;NA;
27;0;1.5;22.1;3.7;NA;16.13;4.72;NA;NA;ND;NA;NA;NA;
27;1;3.72;14.09;7.55;NA;9.43;13.57;NA;NA;ND;NA;NA;NA;
27;2;11.75;12.22;5.46;NA;9.19;4.11;NA;NA;ND;NA;NA;NA;
27;3;5.81;8.94;4.09;NA;5.32;9.66;NA;NA;ND;NA;NA;NA;
27;4;11.72;12.53;3.44;NA;3.04;7.98;NA;NA;ND;NA;NA;NA;
27;5;14.64;18.27;4.23;NA;16.8;7.81;NA;NA;ND;NA;NA;NA;
27;6;33.16;74.77;4.98;NA;36.99;18.36;NA;NA;ND;NA;NA;NA;
27;7;27.73;71.72;9.94;NA;21.28;16.07;NA;NA;ND;NA;NA;NA;
27;8;24.36;12.16;13.07;NA;7.44;9.83;NA;NA;ND;NA;NA;NA;
27;9;6.52;19.94;7.94;NA;10.33;5.9;NA;NA;ND;NA;NA;NA;
27;10;6.41;9.77;2.99;NA;5.96;3.62;NA;NA;ND;NA;NA;NA;
27;11;15.72;12.02;7.13;NA;6.27;7.95;NA;NA;ND;NA;NA;NA;
27;12;3.41;2.68;7.49;NA;6.86;11.11;NA;NA;ND;NA;NA;NA;
27;13;12.13;21.98;12.68;NA;11.54;10.85;NA;NA;ND;NA;NA;NA;
27;14;14.37;29.73;8.81;NA;4.83;12.52;NA;NA;ND;NA;NA;NA;
27;15;4.99;15.6;3.96;NA;13.01;4.26;NA;NA;ND;NA;NA;NA;
27;16;20.55;34.22;21.45;NA;7.96;13.54;NA;NA;ND;NA;NA;NA;
27;17;12.01;30.03;14.61;NA;20.64;18.65;NA;NA;ND;NA;NA;NA;
27;18;32.46;34.03;15.15;NA;18.53;33.41;NA;NA;ND;NA;NA;NA;
27;19;28.9;45.01;18.51;NA;31.54;26.41;NA;NA;ND;NA;NA;NA;
27;20;21.69;21.41;19.1;NA;18.76;16.12;NA;NA;ND;NA;NA;NA;
27;21;17.88;17.29;15.04;NA;7.04;16.93;NA;NA;ND;NA;NA;NA;
27;22;9.69;20.37;8.62;NA;23.24;13.87;NA;NA;ND;NA;NA;NA;
27;23;11.41;25.94;9.19;NA;15.17;10.61;NA;NA;ND;NA;NA;NA;
28;0;17.8;33.1;17.94;NA;6.2;18.14;NA;NA;ND;NA;NA;NA;
28;1;11.39;33.84;7.28;NA;16.16;15.77;NA;NA;ND;NA;NA;NA;
28;2;11.72;27.7;7.44;NA;4.86;7.9;NA;NA;ND;NA;NA;NA;
28;3;5.7;26.47;3.34;NA;4.3;9.72;NA;NA;ND;NA;NA;NA;
28;4;17.11;32.39;14.11;NA;4.43;5.97;NA;NA;ND;NA;NA;NA;
28;5;17.66;20.57;8.54;NA;10.08;7.43;NA;NA;ND;NA;NA;NA;
28;6;31.92;42.95;20.47;NA;40.28;21.11;NA;NA;ND;NA;NA;NA;
28;7;18.87;45.91;26.17;NA;45.66;29.7;NA;NA;ND;NA;NA;NA;
28;8;27.3;11.59;22.02;NA;28.03;23.22;NA;NA;ND;NA;NA;NA;
28;9;15.32;14.51;21.94;NA;27.6;26.7;NA;NA;ND;NA;NA;NA;
28;10;18.09;1.81;25.23;NA;6.83;10.97;NA;NA;ND;NA;NA;NA;
28;11;12.29;16.3;10.03;NA;8.48;11.51;NA;NA;ND;NA;NA;NA;
28;12;7.92;11.87;12.02;NA;4;15.49;NA;NA;ND;NA;NA;NA;
28;13;16.79;34.49;8.65;NA;12.75;12.99;NA;NA;ND;NA;NA;NA;
28;14;15.92;24.28;18.18;NA;18.4;29.61;NA;NA;ND;NA;NA;NA;
28;15;10.31;8.8;7.57;NA;11.49;9.8;NA;NA;ND;NA;NA;NA;
28;16;12.96;27.12;27.32;NA;22.64;23.54;NA;NA;ND;NA;NA;NA;
28;17;20.26;22.63;19.22;NA;18.52;20.6;NA;NA;ND;NA;NA;NA;
28;18;12.99;29.17;22.62;NA;28.87;14.61;NA;NA;ND;NA;NA;NA;
28;19;21.97;27.59;26.29;NA;51.25;42.23;NA;NA;ND;NA;NA;NA;
28;20;19.23;32.67;23.64;NA;72.74;37.6;NA;NA;ND;NA;NA;NA;
28;21;17.62;47.11;22.85;NA;71.4;24.1;NA;NA;ND;NA;NA;NA;
28;22;30.89;39.74;27.23;NA;57.56;33.39;NA;NA;ND;NA;NA;NA;
28;23;27.54;41.54;31.44;NA;63.32;17.83;NA;NA;ND;NA;NA;NA;
29;0;30.33;35.33;55.12;NA;34.92;24.53;NA;NA;ND;NA;NA;NA;
29;1;17.15;43.45;30.65;NA;18.09;15.74;NA;NA;ND;NA;NA;NA;
29;2;12.62;47.46;13.59;NA;5.01;11.63;NA;NA;ND;NA;NA;NA;
29;3;18.79;54.85;10.8;NA;5.8;6.18;NA;NA;ND;NA;NA;NA;
29;4;14.98;27.46;5.12;NA;1.51;15.12;NA;NA;ND;NA;NA;NA;
29;5;25.04;20.43;4.67;NA;15.56;14.43;NA;NA;ND;NA;NA;NA;
29;6;15.49;35.99;4.18;NA;31.8;10.08;NA;NA;ND;NA;NA;NA;
29;7;11.37;33.42;0.3;NA;18.25;13.38;NA;NA;ND;NA;NA;NA;
29;8;12.75;17.5;11.84;NA;11.9;11.01;NA;NA;ND;NA;NA;NA;
29;9;8.23;12.4;2.88;NA;4.66;3.06;NA;NA;ND;NA;NA;NA;
29;10;5.64;9.25;5.42;NA;7.05;4.04;NA;NA;ND;NA;NA;NA;
29;11;12.34;2.07;4.86;NA;8.55;6.42;NA;NA;ND;NA;NA;NA;
29;12;5.37;11.16;2.87;NA;0.39;7.88;NA;NA;ND;NA;NA;NA;
29;13;6.03;6.3;3.27;NA;14.44;2.93;NA;NA;ND;NA;NA;NA;
29;14;5.63;13.99;12.68;NA;4.45;6.4;NA;NA;ND;NA;NA;NA;
29;15;3.99;0.5;4.4;NA;4.93;10.97;NA;NA;ND;NA;NA;NA;
29;16;5.7;21.42;9.91;NA;17.32;2.36;NA;NA;ND;NA;NA;NA;
29;17;15.01;28.85;5.38;NA;4.66;9.14;NA;NA;ND;NA;NA;NA;
29;18;20.09;33.67;6.45;NA;17.37;12.01;NA;NA;ND;NA;NA;NA;
29;19;14.11;35.07;11.89;NA;17.79;8.46;NA;NA;ND;NA;NA;NA;
29;20;9.96;26.03;12.79;NA;15.14;8.12;NA;NA;ND;NA;NA;NA;
29;21;10.21;14.36;8.43;NA;12.44;15.87;NA;NA;ND;NA;NA;NA;
29;22;2.66;9.56;9.91;NA;5.31;12.58;NA;NA;ND;NA;NA;NA;
29;23;6.22;24.57;2.71;NA;21.93;9.91;NA;NA;ND;NA;NA;NA;
30;0;0.69;20.13;8.78;NA;12.32;1.86;NA;NA;ND;NA;NA;NA;
30;1;10.86;9.5;7.86;NA;7.58;10.42;NA;NA;ND;NA;NA;NA;
30;2;15.06;16.93;3.65;NA;5.94;7.37;NA;NA;ND;NA;NA;NA;
30;3;5.96;44.74;3.25;NA;11.05;3.08;NA;NA;ND;NA;NA;NA;
30;4;10.2;22.84;3.75;NA;11.55;10.08;NA;NA;ND;NA;NA;NA;
30;5;8.38;21.54;4.68;NA;10.58;5.74;NA;NA;ND;NA;NA;NA;
30;6;6.11;37.59;0.98;NA;5.24;9.22;NA;NA;ND;NA;NA;NA;
30;7;13.09;11.77;0.2;NA;0.75;0.95;NA;NA;ND;NA;NA;NA;
30;8;6.58;18.93;5.9;NA;12.82;6.75;NA;NA;ND;NA;NA;NA;
30;9;7.78;3.98;4.49;NA;5.32;3.27;NA;NA;ND;NA;NA;NA;
30;10;7.16;19.64;5.92;NA;3.6;5.16;NA;NA;ND;NA;NA;NA;
30;11;7.5;7.48;1.78;NA;3.23;4.16;NA;NA;ND;NA;NA;NA;
30;12;4.4;15.01;3.25;NA;2.74;3.81;NA;NA;ND;NA;NA;NA;
30;13;4.92;6.05;3.24;NA;8.26;11.89;NA;NA;ND;NA;NA;NA;
30;14;6.6;12.43;4.98;NA;7.73;7.68;NA;NA;ND;NA;NA;NA;
30;15;11.19;37.53;7.37;NA;5.58;7.76;NA;NA;ND;NA;NA;NA;
30;16;1.2;21.49;8.86;NA;9.67;10.65;NA;NA;ND;NA;NA;NA;
30;17;13.1;25.93;6.96;NA;9.34;3.43;NA;NA;ND;NA;NA;NA;
30;18;10.26;24.79;6.97;NA;9.31;3.52;NA;NA;ND;NA;NA;NA;
30;19;10.6;18.99;12.01;NA;4.32;9.8;NA;NA;ND;NA;NA;NA;
30;20;6.22;18.11;9.7;NA;14.5;10.8;NA;NA;ND;NA;NA;NA;
30;21;5.87;20.2;7.3;NA;10.7;11.43;NA;NA;ND;NA;NA;NA;
30;22;7.94;14.72;4.17;NA;7.33;ND;NA;NA;ND;NA;NA;NA;
30;23;8.92;18.68;5.08;NA;11.74;ND;NA;NA;ND;NA;NA;NA;
