DIA;HORA;Cotocollao;Carapungo;Belisario;Jipijapa;El Camal;Centro;Guamaní;Tumbaco;Los Chillos;El Condado;Turubamba;Chillogallo;
1;0;14.63;36.77;20.89;NA;24.91;34.83;NA;NA;ND;NA;NA;NA;
1;1;25.23;18.87;18.55;NA;28.12;39.43;NA;NA;ND;NA;NA;NA;
1;2;25.68;26.14;15.59;NA;31.53;20.75;NA;NA;ND;NA;NA;NA;
1;3;25.24;22.17;16.1;NA;32.66;30.48;NA;NA;ND;NA;NA;NA;
1;4;22.39;16.02;14.15;NA;30.62;20.95;NA;NA;ND;NA;NA;NA;
1;5;24.75;32.45;22.93;NA;31.51;34.99;NA;NA;ND;NA;NA;NA;
1;6;43.26;53.01;30.52;NA;99.98;48.71;NA;NA;ND;NA;NA;NA;
1;7;51.56;54.46;36.08;NA;119.48;64.7;NA;NA;ND;NA;NA;NA;
1;8;57.62;21.47;65.9;NA;63.5;46.78;NA;NA;ND;NA;NA;NA;
1;9;28.83;28.88;39.12;NA;17.75;30.89;NA;NA;ND;NA;NA;NA;
1;10;17.8;17.3;28.76;NA;31.65;24.26;NA;NA;ND;NA;NA;NA;
1;11;24.39;8.1;21.77;NA;12.58;20.04;NA;NA;ND;NA;NA;NA;
1;12;11.19;8.8;20.92;NA;14.64;21.33;NA;NA;ND;NA;NA;NA;
1;13;14.66;15.19;21.45;NA;22.48;26.71;NA;NA;ND;NA;NA;NA;
1;14;23.35;18.77;21.92;NA;35.52;22.68;NA;NA;ND;NA;NA;NA;
1;15;23.91;29.65;32.6;NA;34.7;45.08;NA;NA;ND;NA;NA;NA;
1;16;9.53;15.39;15.69;NA;26.62;27.1;NA;NA;ND;NA;NA;NA;
1;17;17.32;21.41;25.64;NA;16.16;26.65;NA;NA;ND;NA;NA;NA;
1;18;10.19;21.24;26.85;NA;29.69;30.97;NA;NA;ND;NA;NA;NA;
1;19;7.1;12.23;25.32;NA;40.5;33.04;NA;NA;ND;NA;NA;NA;
1;20;13.91;11.13;19.79;NA;39.65;33.56;NA;NA;ND;NA;NA;NA;
1;21;16.35;15.57;13.74;NA;25.46;25.27;NA;NA;ND;NA;NA;NA;
1;22;14.58;22.52;ND;NA;42.39;17.17;NA;NA;ND;NA;NA;NA;
1;23;14.53;18.6;ND;NA;ND;29.58;NA;NA;ND;NA;NA;NA;
2;0;17.08;12.68;29.49;NA;17.33;31.19;NA;NA;ND;NA;NA;NA;
2;1;23.5;17.08;28.61;NA;16.67;29.25;NA;NA;ND;NA;NA;NA;
2;2;17.34;17.59;14.27;NA;24.09;28.53;NA;NA;ND;NA;NA;NA;
2;3;22.84;22.71;15.28;NA;20.99;26.7;NA;NA;ND;NA;NA;NA;
2;4;24.46;17.25;16.95;NA;22.2;22.43;NA;NA;ND;NA;NA;NA;
2;5;22.39;20.69;25.57;NA;22.88;23.23;NA;NA;ND;NA;NA;NA;
2;6;25.42;31.48;13.25;NA;31.08;18.2;NA;NA;ND;NA;NA;NA;
2;7;18.52;48.76;12.93;NA;27.4;25.71;NA;NA;ND;NA;NA;NA;
2;8;27.52;28.62;21.44;NA;37.01;34.98;NA;NA;ND;NA;NA;NA;
2;9;29.48;18.74;20.88;NA;16.12;12.25;NA;NA;ND;NA;NA;NA;
2;10;27.03;31.37;11.11;NA;8.23;14.25;NA;NA;ND;NA;NA;NA;
2;11;27.41;20.29;20.76;NA;19.12;20.5;NA;NA;ND;NA;NA;NA;
2;12;21.73;11.19;17.63;NA;10.98;17.3;NA;NA;ND;NA;NA;NA;
2;13;12.21;12.65;19.14;NA;17.2;25.38;NA;NA;ND;NA;NA;NA;
2;14;16.23;26.62;18.45;NA;17.5;17.07;NA;NA;ND;NA;NA;NA;
2;15;18.73;27.74;21.13;NA;37.89;29.16;NA;NA;ND;NA;NA;NA;
2;16;16.95;22.75;23.1;NA;30;40.61;NA;NA;ND;NA;NA;NA;
2;17;19.48;35.11;22.4;NA;16.23;31.45;NA;NA;ND;NA;NA;NA;
2;18;17.54;23.22;27.42;NA;8.17;29.3;NA;NA;ND;NA;NA;NA;
2;19;22.9;17.45;15.99;NA;30.83;21.56;NA;NA;ND;NA;NA;NA;
2;20;21.31;18.76;15.23;NA;23.52;24.4;NA;NA;ND;NA;NA;NA;
2;21;19.9;20.24;17.97;NA;37.54;16.4;NA;NA;ND;NA;NA;NA;
2;22;14.36;13.33;18.28;NA;49.05;26.74;NA;NA;ND;NA;NA;NA;
2;23;22.8;23.6;19.53;NA;ND;22.39;NA;NA;ND;NA;NA;NA;
3;0;22.84;25.06;ND;NA;64.68;39.94;NA;NA;ND;NA;NA;NA;
3;1;18.66;6.45;25.65;NA;44.2;32.99;NA;NA;ND;NA;NA;NA;
3;2;11.86;12.48;22.01;NA;22.31;32.84;NA;NA;ND;NA;NA;NA;
3;3;14.6;17.89;17.11;NA;31.91;34.16;NA;NA;ND;NA;NA;NA;
3;4;11.65;12.13;30.16;NA;32.91;37.54;NA;NA;ND;NA;NA;NA;
3;5;12.74;24.99;24.43;NA;40.44;22.26;NA;NA;ND;NA;NA;NA;
3;6;22.57;26.24;16.38;NA;18.21;31.74;NA;NA;ND;NA;NA;NA;
3;7;33.88;21.82;11.49;NA;33.94;22.31;NA;NA;ND;NA;NA;NA;
3;8;23.85;26.22;23.8;NA;38.33;27.32;NA;NA;ND;NA;NA;NA;
3;9;29.35;16.12;13.5;NA;23.62;10.43;NA;NA;ND;NA;NA;NA;
3;10;22.45;24.18;7.72;NA;56.8;10.36;NA;NA;ND;NA;NA;NA;
3;11;16.56;19.88;5.15;NA;12.11;5.45;NA;NA;ND;NA;NA;NA;
3;12;14.02;15.23;13.91;NA;3.63;6.41;NA;NA;ND;NA;NA;NA;
3;13;12.87;24.58;9.6;NA;9.17;10.98;NA;NA;ND;NA;NA;NA;
3;14;17.91;29.91;16.92;NA;161.82;19.98;NA;NA;ND;NA;NA;NA;
3;15;18.12;19.05;16.53;NA;40.48;25.28;NA;NA;ND;NA;NA;NA;
3;16;23.01;22.64;24.26;NA;19.34;22.2;NA;NA;ND;NA;NA;NA;
3;17;13.3;22.79;20.02;NA;20.07;19.99;NA;NA;ND;NA;NA;NA;
3;18;15.4;19.25;24.16;NA;23.1;29.77;NA;NA;ND;NA;NA;NA;
3;19;23.96;25.23;18.62;NA;16.35;22.75;NA;NA;ND;NA;NA;NA;
3;20;15.78;16.83;16.75;NA;24.64;19.2;NA;NA;ND;NA;NA;NA;
3;21;14.27;24.87;17.18;NA;12.65;19.97;NA;NA;ND;NA;NA;NA;
3;22;12.36;10.25;14.71;NA;28.05;17.42;NA;NA;ND;NA;NA;NA;
3;23;8.81;11.67;21.85;NA;ND;19.89;NA;NA;ND;NA;NA;NA;
4;0;18.72;9.23;ND;NA;26.75;34.61;NA;NA;ND;NA;NA;NA;
4;1;9.8;4.54;11.96;NA;7.04;22.85;NA;NA;ND;NA;NA;NA;
4;2;10.26;8.38;14.46;NA;6.66;10.84;NA;NA;ND;NA;NA;NA;
4;3;7.94;9.03;26.41;NA;8.78;11.05;NA;NA;ND;NA;NA;NA;
4;4;6.7;12.06;18.72;NA;17.09;21.9;NA;NA;ND;NA;NA;NA;
4;5;10.97;11.44;19.23;NA;9.81;22.41;NA;NA;ND;NA;NA;NA;
4;6;11.78;17.67;22.12;NA;21.68;23.26;NA;NA;ND;NA;NA;NA;
4;7;11.6;9.1;19.2;NA;31.14;19.55;NA;NA;ND;NA;NA;NA;
4;8;2.11;26.3;17.65;NA;18.42;29.09;NA;NA;ND;NA;NA;NA;
4;9;ND;18.31;19.74;NA;23.25;19.85;NA;NA;ND;NA;NA;NA;
4;10;ND;13.37;17.48;NA;40.89;23.93;NA;NA;ND;NA;NA;NA;
4;11;ND;12.53;18.91;NA;8.64;12.63;NA;NA;ND;NA;NA;NA;
4;12;ND;13.65;18.5;NA;9.49;14.11;NA;NA;ND;NA;NA;NA;
4;13;ND;11.34;22.3;NA;20.82;32.14;NA;NA;ND;NA;NA;NA;
4;14;ND;5.6;21.38;NA;34.16;30.08;NA;NA;ND;NA;NA;NA;
4;15;ND;23.84;22.14;NA;19.32;30.1;NA;NA;ND;NA;NA;NA;
4;16;ND;31.53;24.1;NA;29.55;21.37;NA;NA;ND;NA;NA;NA;
4;17;ND;8.78;12.63;NA;7.83;21.07;NA;NA;ND;NA;NA;NA;
4;18;0;18.45;13.32;NA;14.06;16.57;NA;NA;ND;NA;NA;NA;
4;19;0;9.64;8.44;NA;16.29;12.98;NA;NA;ND;NA;NA;NA;
4;20;0;12.36;9.61;NA;5.25;8.06;NA;NA;ND;NA;NA;NA;
4;21;1.13;21.11;14.6;NA;17.77;19.48;NA;NA;ND;NA;NA;NA;
4;22;3.85;6.78;ND;NA;9.57;13.73;NA;NA;ND;NA;NA;NA;
4;23;0.19;13.91;ND;NA;ND;14.43;NA;NA;ND;NA;NA;NA;
5;0;17.9;14.51;ND;NA;15.31;22.85;NA;NA;ND;NA;NA;NA;
5;1;10.43;16.49;15.89;NA;20.6;16.74;NA;NA;ND;NA;NA;NA;
5;2;10.05;3.31;11.31;NA;9.48;16.23;NA;NA;ND;NA;NA;NA;
5;3;15.76;17.86;10.83;NA;20.8;20.27;NA;NA;ND;NA;NA;NA;
5;4;10.16;13.63;12.47;NA;14.35;15.01;NA;NA;ND;NA;NA;NA;
5;5;21.55;18.54;19.09;NA;20.62;14.76;NA;NA;ND;NA;NA;NA;
5;6;24.1;33.75;25.06;NA;41.81;30.29;NA;NA;ND;NA;NA;NA;
5;7;31.79;29.96;35.17;NA;37.64;20.37;NA;NA;ND;NA;NA;NA;
5;8;24.81;21.65;25.21;NA;30.63;22.84;NA;NA;ND;NA;NA;NA;
5;9;35.9;13.01;29.46;NA;16.99;22.38;NA;NA;ND;NA;NA;NA;
5;10;12.79;13.52;27.95;NA;21.97;18.66;NA;NA;ND;NA;NA;NA;
5;11;ND;18.57;22.24;NA;21.47;33.12;NA;NA;ND;NA;NA;NA;
5;12;12.51;10.36;21.57;NA;17.04;16.48;NA;NA;ND;NA;NA;NA;
5;13;12.68;15.78;21.31;NA;22.62;25.82;NA;NA;ND;NA;NA;NA;
5;14;27.21;20.51;32.35;NA;21.13;32.52;NA;NA;ND;NA;NA;NA;
5;15;13.55;21.06;29.42;NA;12.23;21.88;NA;NA;ND;NA;NA;NA;
5;16;12.9;17.91;27.27;NA;12.73;38.58;NA;NA;ND;NA;NA;NA;
5;17;5.14;20.2;24.62;NA;31.2;30.78;NA;NA;ND;NA;NA;NA;
5;18;8.81;11.43;21.67;NA;20.65;20.15;NA;NA;ND;NA;NA;NA;
5;19;8.07;15.88;20.11;NA;10.09;24.19;NA;NA;ND;NA;NA;NA;
5;20;14.61;9.9;24.31;NA;16.23;21.91;NA;NA;ND;NA;NA;NA;
5;21;5.43;4.9;17.45;NA;16.49;16.08;NA;NA;ND;NA;NA;NA;
5;22;6.64;11.59;7.62;NA;31.41;13.05;NA;NA;ND;NA;NA;NA;
5;23;7.86;4.76;4.87;NA;ND;3.61;NA;NA;ND;NA;NA;NA;
6;0;24.18;3.86;ND;NA;15.16;11.07;NA;NA;ND;NA;NA;NA;
6;1;10.89;7.02;10.7;NA;7.51;8.37;NA;NA;ND;NA;NA;NA;
6;2;4.27;9.45;9.39;NA;12.64;11.41;NA;NA;ND;NA;NA;NA;
6;3;7.48;9.97;5.66;NA;4.17;5.77;NA;NA;ND;NA;NA;NA;
6;4;10.13;15.31;9.03;NA;7.54;12.8;NA;NA;ND;NA;NA;NA;
6;5;14.26;8.93;9.64;NA;6.45;10.11;NA;NA;ND;NA;NA;NA;
6;6;21.44;19.88;12.01;NA;37.58;26.17;NA;NA;ND;NA;NA;NA;
6;7;38.16;26.89;29.8;NA;44.58;40.9;NA;NA;ND;NA;NA;NA;
6;8;27.73;18.7;43.38;NA;ND;37.39;NA;NA;ND;NA;NA;NA;
6;9;19.68;22.95;36.74;NA;ND;43.47;NA;NA;ND;NA;NA;NA;
6;10;ND;13.31;22.97;NA;ND;40.74;NA;NA;ND;NA;NA;NA;
6;11;ND;21.43;28.41;NA;ND;30.64;NA;NA;ND;NA;NA;NA;
6;12;ND;11.61;16.52;NA;ND;14.54;NA;NA;ND;NA;NA;NA;
6;13;ND;21.71;14.42;NA;ND;16.45;NA;NA;ND;NA;NA;NA;
6;14;ND;7.32;7.97;NA;ND;17.42;NA;NA;ND;NA;NA;NA;
6;15;ND;11.89;15.25;NA;ND;15.48;NA;NA;ND;NA;NA;NA;
6;16;ND;12.41;28.09;NA;12.45;16.9;NA;NA;ND;NA;NA;NA;
6;17;ND;14.14;22.6;NA;22.61;25.57;NA;NA;ND;NA;NA;NA;
6;18;ND;13.83;23.58;NA;16.9;16.32;NA;NA;ND;NA;NA;NA;
6;19;ND;13.21;18.7;NA;17.82;19.77;NA;NA;ND;NA;NA;NA;
6;20;ND;12.02;18.58;NA;19.48;21.84;NA;NA;ND;NA;NA;NA;
6;21;ND;8.49;17.6;NA;6.17;23.2;NA;NA;ND;NA;NA;NA;
6;22;ND;2.81;7.13;NA;18.95;12.64;NA;NA;ND;NA;NA;NA;
6;23;ND;14.37;12.35;NA;5.36;7.39;NA;NA;ND;NA;NA;NA;
7;0;ND;15.07;ND;NA;7.65;8.52;NA;NA;ND;NA;NA;NA;
7;1;ND;6.67;8.49;NA;6.53;14.95;NA;NA;ND;NA;NA;NA;
7;2;ND;0.24;10.85;NA;15.75;13.45;NA;NA;ND;NA;NA;NA;
7;3;ND;11.07;8.47;NA;7.52;12.01;NA;NA;ND;NA;NA;NA;
7;4;ND;6.45;8.61;NA;15.43;12.48;NA;NA;ND;NA;NA;NA;
7;5;ND;24.73;4.02;NA;19.62;10.71;NA;NA;ND;NA;NA;NA;
7;6;ND;31.16;11.74;NA;29.65;19.58;NA;NA;ND;NA;NA;NA;
7;7;ND;39.18;22.74;NA;49.29;20.97;NA;NA;ND;NA;NA;NA;
7;8;ND;18.84;35.31;NA;43.51;38.22;NA;NA;ND;NA;NA;NA;
7;9;ND;13.59;32.97;NA;36.32;32.83;NA;NA;ND;NA;NA;NA;
7;10;ND;4.93;24.08;NA;16.57;20.79;NA;NA;ND;NA;NA;NA;
7;11;38.05;22.3;24.86;NA;12.56;23.1;NA;NA;ND;NA;NA;NA;
7;12;2.06;12.08;12.33;NA;15.66;11.43;NA;NA;ND;NA;NA;NA;
7;13;2.48;11.05;12.86;NA;12.21;14.69;NA;NA;ND;NA;NA;NA;
7;14;5.35;20.39;22.96;NA;21.14;23.42;NA;NA;ND;NA;NA;NA;
7;15;2.59;14.83;15.42;NA;25.86;17.74;NA;NA;ND;NA;NA;NA;
7;16;9.08;19.27;11.83;NA;11.91;9.65;NA;NA;ND;NA;NA;NA;
7;17;5.8;18.64;18.75;NA;11.54;24.68;NA;NA;ND;NA;NA;NA;
7;18;2.69;19.87;21.32;NA;14.61;22.21;NA;NA;ND;NA;NA;NA;
7;19;10.98;25.61;22.73;NA;14.19;21.12;NA;NA;ND;NA;NA;NA;
7;20;12.93;13.57;17.97;NA;31.42;27.23;NA;NA;ND;NA;NA;NA;
7;21;15.25;12.34;26.09;NA;28.66;16.25;NA;NA;ND;NA;NA;NA;
7;22;15.84;ND;18.89;NA;27.86;23.85;NA;NA;ND;NA;NA;NA;
7;23;15.06;ND;24.19;NA;21.26;25.26;NA;NA;ND;NA;NA;NA;
8;0;20.18;21.35;ND;NA;31.95;14.21;NA;NA;ND;NA;NA;NA;
8;1;22;20.58;27.79;NA;26.83;34.12;NA;NA;ND;NA;NA;NA;
8;2;29.16;30.93;17.4;NA;24.73;23.87;NA;NA;ND;NA;NA;NA;
8;3;16.58;21.31;13.72;NA;24.28;17.43;NA;NA;ND;NA;NA;NA;
8;4;13.53;19.74;13.5;NA;24.96;17.24;NA;NA;ND;NA;NA;NA;
8;5;11.25;26.28;11.31;NA;18.14;11.01;NA;NA;ND;NA;NA;NA;
8;6;27.87;54.91;12.53;NA;48.53;20.93;NA;NA;ND;NA;NA;NA;
8;7;12.23;61.45;24.5;NA;60.48;37.9;NA;NA;ND;NA;NA;NA;
8;8;19.81;22.02;26.12;NA;44.51;53.03;NA;NA;ND;NA;NA;NA;
8;9;27.89;23.73;40.31;NA;32.69;24.48;NA;NA;ND;NA;NA;NA;
8;10;28.83;22.31;28.24;NA;40.24;22.64;NA;NA;ND;NA;NA;NA;
8;11;18.72;6.31;10.99;NA;7.06;10.06;NA;NA;ND;NA;NA;NA;
8;12;13.81;9.58;7.06;NA;9.97;6.75;NA;NA;ND;NA;NA;NA;
8;13;ND;15.49;15.78;NA;5.31;16.31;NA;NA;ND;NA;NA;NA;
8;14;ND;14.77;28.93;NA;36.59;35.42;NA;NA;ND;NA;NA;NA;
8;15;ND;25.62;9.94;NA;17.3;16.29;NA;NA;ND;NA;NA;NA;
8;16;1.72;8.02;11.03;NA;32.99;16.39;NA;NA;ND;NA;NA;NA;
8;17;0;30.13;19.14;NA;11.61;16.64;NA;NA;ND;NA;NA;NA;
8;18;0.66;23.33;10.87;NA;26.26;16.06;NA;NA;ND;NA;NA;NA;
8;19;2.57;19.11;20.42;NA;19.84;25.04;NA;NA;ND;NA;NA;NA;
8;20;12.74;19.3;26.09;NA;31.76;29.9;NA;NA;ND;NA;NA;NA;
8;21;14.2;20.48;32.73;NA;41.97;25.43;NA;NA;ND;NA;NA;NA;
8;22;10.99;10.79;21.09;NA;32.36;30.28;NA;NA;ND;NA;NA;NA;
8;23;8.18;17.13;22.35;NA;19.16;26.94;NA;NA;ND;NA;NA;NA;
9;0;22.42;23.62;ND;NA;31.91;19.14;NA;NA;ND;NA;NA;NA;
9;1;21.6;18.12;27.18;NA;22.12;25.51;NA;NA;ND;NA;NA;NA;
9;2;18.85;30.29;18.01;NA;33.18;29.53;NA;NA;ND;NA;NA;NA;
9;3;16;22.52;21.94;NA;16.21;29.7;NA;NA;ND;NA;NA;NA;
9;4;26.43;21.63;25.35;NA;33.24;37.85;NA;NA;ND;NA;NA;NA;
9;5;24.65;22.84;26.73;NA;27.26;31.36;NA;NA;ND;NA;NA;NA;
9;6;35.43;27.09;27.83;NA;56.14;30.59;NA;NA;ND;NA;NA;NA;
9;7;31.64;29.41;40.41;NA;37.97;55.09;NA;NA;ND;NA;NA;NA;
9;8;37.14;32.69;31.16;NA;52.67;51.96;NA;NA;ND;NA;NA;NA;
9;9;16.26;11.39;20.7;NA;30.12;25.27;NA;NA;ND;NA;NA;NA;
9;10;21.69;7.46;15.81;NA;20.43;7.55;NA;NA;ND;NA;NA;NA;
9;11;11.63;6.29;14.11;NA;16.58;8.25;NA;NA;ND;NA;NA;NA;
9;12;18.95;30.22;21.31;NA;8.52;17.59;NA;NA;ND;NA;NA;NA;
9;13;12.34;20.72;21.76;NA;20.2;25.16;NA;NA;ND;NA;NA;NA;
9;14;6.99;18.69;8.01;NA;14.75;12.15;NA;NA;ND;NA;NA;NA;
9;15;10.78;24.76;7.5;NA;29.31;21.85;NA;NA;ND;NA;NA;NA;
9;16;20.14;24.24;21.86;NA;17.32;23.25;NA;NA;ND;NA;NA;NA;
9;17;16.65;25.87;19.95;NA;26.61;14.42;NA;NA;ND;NA;NA;NA;
9;18;8.19;23.77;21.99;NA;28.49;32.2;NA;NA;ND;NA;NA;NA;
9;19;10.14;18.68;25.38;NA;31.27;28.81;NA;NA;ND;NA;NA;NA;
9;20;17.91;22.76;27.9;NA;28.33;28.21;NA;NA;ND;NA;NA;NA;
9;21;25.93;17.56;28.65;NA;33.54;27.95;NA;NA;ND;NA;NA;NA;
9;22;18.1;28.78;25.08;NA;33.45;33.54;NA;NA;ND;NA;NA;NA;
9;23;17.8;33.14;26.69;NA;27.87;20.8;NA;NA;ND;NA;NA;NA;
10;0;13.06;34.23;ND;NA;41.01;28.98;NA;NA;ND;NA;NA;NA;
10;1;23.52;19.57;30.81;NA;33.58;37.45;NA;NA;ND;NA;NA;NA;
10;2;31.83;16.77;17.72;NA;22.54;30.34;NA;NA;ND;NA;NA;NA;
10;3;25.5;19.35;20.48;NA;33.64;22.11;NA;NA;ND;NA;NA;NA;
10;4;21.7;23.13;21.03;NA;26.61;21.46;NA;NA;ND;NA;NA;NA;
10;5;18.09;23.99;14.5;NA;34.35;26.28;NA;NA;ND;NA;NA;NA;
10;6;24.95;34.33;23.55;NA;40.53;38.13;NA;NA;ND;NA;NA;NA;
10;7;44.99;46.62;19.13;NA;73.17;37.26;NA;NA;ND;NA;NA;NA;
10;8;34.05;28.58;37.78;NA;42.75;44.66;NA;NA;ND;NA;NA;NA;
10;9;21.59;25.1;17.31;NA;21.8;33.26;NA;NA;ND;NA;NA;NA;
10;10;18.62;19.15;18.58;NA;18.85;20.49;NA;NA;ND;NA;NA;NA;
10;11;22.06;13.5;18.84;NA;15.85;15.96;NA;NA;ND;NA;NA;NA;
10;12;17.66;27.21;13.6;NA;4.43;21.48;NA;NA;ND;NA;NA;NA;
10;13;20.86;33.41;23.61;NA;36.26;31.59;NA;NA;ND;NA;NA;NA;
10;14;18.41;33.21;10.17;NA;28.16;24.45;NA;NA;ND;NA;NA;NA;
10;15;10.58;29.44;20.92;NA;15.49;16.36;NA;NA;ND;NA;NA;NA;
10;16;10.21;24.98;21.61;NA;8.08;8.47;NA;NA;ND;NA;NA;NA;
10;17;17.28;10.99;22.15;NA;26.68;20.52;NA;NA;ND;NA;NA;NA;
10;18;1.87;12.39;10.37;NA;30.27;25.58;NA;NA;ND;NA;NA;NA;
10;19;14.45;13.93;13.69;NA;37.49;28.1;NA;NA;ND;NA;NA;NA;
10;20;7.24;14.64;17.58;NA;32.2;20.93;NA;NA;ND;NA;NA;NA;
10;21;11.86;15.77;14.23;NA;27.85;27.87;NA;NA;ND;NA;NA;NA;
10;22;10.21;5.37;16.63;NA;15.15;27.39;NA;NA;ND;NA;NA;NA;
10;23;9.24;2.94;15.57;NA;10.47;14.27;NA;NA;ND;NA;NA;NA;
11;0;4.03;14.6;ND;NA;28.87;14.59;NA;NA;ND;NA;NA;NA;
11;1;8.21;3.26;13.91;NA;15.29;15.59;NA;NA;ND;NA;NA;NA;
11;2;10.75;4.8;4.94;NA;12.24;9.02;NA;NA;ND;NA;NA;NA;
11;3;4.93;7.55;10.73;NA;14.8;16.7;NA;NA;ND;NA;NA;NA;
11;4;12.84;9.3;8.43;NA;16.88;11.6;NA;NA;ND;NA;NA;NA;
11;5;12.96;12.72;11.7;NA;11.73;17.43;NA;NA;ND;NA;NA;NA;
11;6;17.58;7.83;15.49;NA;19.73;20.31;NA;NA;ND;NA;NA;NA;
11;7;16.43;15.99;21.74;NA;35.19;17.68;NA;NA;ND;NA;NA;NA;
11;8;20.18;41.77;20.19;NA;39.05;16.14;NA;NA;ND;NA;NA;NA;
11;9;25.92;32.67;16.19;NA;28.53;14.45;NA;NA;ND;NA;NA;NA;
11;10;34.56;20.58;10.7;NA;39.56;7.13;NA;NA;ND;NA;NA;NA;
11;11;26.38;13.36;16.94;NA;55.82;20.21;NA;NA;ND;NA;NA;NA;
11;12;25.45;30.49;28.26;NA;37.5;35.13;NA;NA;ND;NA;NA;NA;
11;13;1.69;15.5;19.38;NA;0.02;12.37;NA;NA;ND;NA;NA;NA;
11;14;18.07;20.39;19.28;NA;0;14.96;NA;NA;ND;NA;NA;NA;
11;15;22.44;26.92;25;NA;8.88;18.5;NA;NA;ND;NA;NA;NA;
11;16;15.66;13.62;20.42;NA;9.53;21.66;NA;NA;ND;NA;NA;NA;
11;17;5.78;16.38;11.7;NA;14.02;17.65;NA;NA;ND;NA;NA;NA;
11;18;12.24;17.1;12.68;NA;5.87;12.48;NA;NA;ND;NA;NA;NA;
11;19;14.27;18.53;22.89;NA;9.55;19.88;NA;NA;ND;NA;NA;NA;
11;20;13.74;20.57;20.11;NA;25.96;29.21;NA;NA;ND;NA;NA;NA;
11;21;19.69;11.28;23.27;NA;23.28;32.49;NA;NA;ND;NA;NA;NA;
11;22;17.17;6.81;19.68;NA;20.81;31.54;NA;NA;ND;NA;NA;NA;
11;23;13.28;19.81;32.13;NA;24.12;30.77;NA;NA;ND;NA;NA;NA;
12;0;17.24;19.46;ND;NA;36.85;28.89;NA;NA;ND;NA;NA;NA;
12;1;23.49;16.18;22.16;NA;26.83;40.19;NA;NA;ND;NA;NA;NA;
12;2;17.15;19.16;27.72;NA;32.79;28.46;NA;NA;ND;NA;NA;NA;
12;3;9.94;20.29;14.18;NA;35.39;30.89;NA;NA;ND;NA;NA;NA;
12;4;10.42;21.71;7.88;NA;33.6;20.11;NA;NA;ND;NA;NA;NA;
12;5;26.18;24.78;14.76;NA;35.58;30.28;NA;NA;ND;NA;NA;NA;
12;6;31.06;47.5;29.61;NA;55.29;52.37;NA;NA;ND;NA;NA;NA;
12;7;31.09;48.98;51.54;NA;66.15;56.99;NA;NA;ND;NA;NA;NA;
12;8;55.97;41.96;54.77;NA;53.98;23.58;NA;NA;ND;NA;NA;NA;
12;9;62.25;20.03;38.99;NA;10.18;17.4;NA;NA;ND;NA;NA;NA;
12;10;36.33;19.27;34.06;NA;15.78;30.63;NA;NA;ND;NA;NA;NA;
12;11;21.77;36.06;35.8;NA;ND;37.78;NA;NA;ND;NA;NA;NA;
12;12;16.32;ND;28.54;NA;ND;33.57;NA;NA;ND;NA;NA;NA;
12;13;12.94;ND;27.42;NA;ND;32.08;NA;NA;ND;NA;NA;NA;
12;14;13.38;ND;29.1;NA;ND;17.04;NA;NA;ND;NA;NA;NA;
12;15;6.31;8.47;17.89;NA;ND;28.31;NA;NA;ND;NA;NA;NA;
12;16;10.53;23.15;28.67;NA;18.75;29.56;NA;NA;ND;NA;NA;NA;
12;17;20.98;12.07;28.72;NA;20.86;27.09;NA;NA;ND;NA;NA;NA;
12;18;18.76;18.39;23.76;NA;20.31;28.57;NA;NA;ND;NA;NA;NA;
12;19;16.52;17.39;21.31;NA;45.31;28.98;NA;NA;ND;NA;NA;NA;
12;20;29.08;17.29;25.93;NA;23.95;27.98;NA;NA;ND;NA;NA;NA;
12;21;29.37;14.28;27.47;NA;21.72;26.52;NA;NA;ND;NA;NA;NA;
12;22;24.62;20.65;20.33;NA;32.31;20.15;NA;NA;ND;NA;NA;NA;
12;23;23.75;15.44;17.72;NA;20.63;29.09;NA;NA;ND;NA;NA;NA;
13;0;20.7;14.42;ND;NA;29.33;27.08;NA;NA;ND;NA;NA;NA;
13;1;23.97;13.5;21.45;NA;40.37;28.68;NA;NA;ND;NA;NA;NA;
13;2;18.67;14.56;20.47;NA;32.94;32.11;NA;NA;ND;NA;NA;NA;
13;3;32.05;17.51;17.7;NA;24.7;28.98;NA;NA;ND;NA;NA;NA;
13;4;15.8;25.04;15.8;NA;21.88;26.64;NA;NA;ND;NA;NA;NA;
13;5;21.55;30.7;10.46;NA;36.11;20.03;NA;NA;ND;NA;NA;NA;
13;6;37.23;23.17;26.05;NA;78.7;49.83;NA;NA;ND;NA;NA;NA;
13;7;38.17;41.57;42.66;NA;86.41;59.5;NA;NA;ND;NA;NA;NA;
13;8;33.51;33.43;58.98;NA;65.85;61.36;NA;NA;ND;NA;NA;NA;
13;9;48.23;27.29;46.63;NA;24.48;29.59;NA;NA;ND;NA;NA;NA;
13;10;ND;24.14;43.76;NA;35.56;21.42;NA;NA;ND;NA;NA;NA;
13;11;ND;25.97;ND;NA;32.54;25.45;NA;NA;ND;NA;NA;NA;
13;12;16.52;50.63;ND;NA;23;38.02;NA;NA;ND;NA;NA;NA;
13;13;22.13;20.72;ND;NA;18.39;30.69;NA;NA;ND;NA;NA;NA;
13;14;22.19;21.92;16.49;NA;6.32;17.51;NA;NA;ND;NA;NA;NA;
13;15;10.26;27.67;16.95;NA;20.68;7.57;NA;NA;ND;NA;NA;NA;
13;16;13.54;19.85;33.32;NA;13.33;26.73;NA;NA;ND;NA;NA;NA;
13;17;12.48;35.82;28.85;NA;6.12;24.47;NA;NA;ND;NA;NA;NA;
13;18;22.36;34.81;20.99;NA;18.59;22.18;NA;NA;ND;NA;NA;NA;
13;19;27.34;27.57;17.12;NA;19.74;14.84;NA;NA;ND;NA;NA;NA;
13;20;9.55;3.58;24.07;NA;27.11;29.28;NA;NA;ND;NA;NA;NA;
13;21;13.71;2.77;13.8;NA;29.5;30.17;NA;NA;ND;NA;NA;NA;
13;22;11.97;11.77;13.66;NA;ND;22.21;NA;NA;ND;NA;NA;NA;
13;23;5.72;7.64;11.02;NA;ND;13.21;NA;NA;ND;NA;NA;NA;
14;0;2.72;17.45;10.71;NA;15.25;8.76;NA;NA;ND;NA;NA;NA;
14;1;14.52;15.16;11.83;NA;23.99;18.34;NA;NA;ND;NA;NA;NA;
14;2;7.74;8.6;11.67;NA;19.4;15.25;NA;NA;ND;NA;NA;NA;
14;3;9.75;9;12.02;NA;13.16;11.21;NA;NA;ND;NA;NA;NA;
14;4;6.79;4.43;11.58;NA;9.54;15.86;NA;NA;ND;NA;NA;NA;
14;5;12.38;13.44;16.02;NA;16.32;17;NA;NA;ND;NA;NA;NA;
14;6;13.16;14.19;9.35;NA;35.44;20.23;NA;NA;ND;NA;NA;NA;
14;7;19.08;14.48;24.25;NA;69.65;31.27;NA;NA;ND;NA;NA;NA;
14;8;23.04;12.08;21.13;NA;47.77;31.99;NA;NA;ND;NA;NA;NA;
14;9;14.88;9.93;32.56;NA;27.2;26.04;NA;NA;ND;NA;NA;NA;
14;10;24.31;23.11;31.47;NA;35.21;43.54;NA;NA;ND;NA;NA;NA;
14;11;14.21;0.66;25.14;NA;33.35;ND;NA;NA;ND;NA;NA;NA;
14;12;13.14;15.92;23.74;NA;33.56;ND;NA;NA;ND;NA;NA;NA;
14;13;16.88;51.81;37.33;NA;26.1;36.47;NA;NA;ND;NA;NA;NA;
14;14;18.64;17.03;25.61;NA;17.44;20.71;NA;NA;ND;NA;NA;NA;
14;15;11.03;7.98;20.86;NA;23.77;27.22;NA;NA;ND;NA;NA;NA;
14;16;17.41;18.49;34.68;NA;20.08;34.99;NA;NA;ND;NA;NA;NA;
14;17;9.87;25.98;31.8;NA;30.23;29.81;NA;NA;ND;NA;NA;NA;
14;18;26.84;27.75;37.5;NA;29.95;29.44;NA;NA;ND;NA;NA;NA;
14;19;34.04;26;40.87;NA;44.85;41.25;NA;NA;ND;NA;NA;NA;
14;20;30.79;32.09;18.24;NA;45.21;29.14;NA;NA;ND;NA;NA;NA;
14;21;31.07;24.18;20.8;NA;51.3;39.47;NA;NA;ND;NA;NA;NA;
14;22;29.6;33.41;20.86;NA;38.94;38.9;NA;NA;ND;NA;NA;NA;
14;23;24.55;24.8;18.47;NA;ND;36.12;NA;NA;ND;NA;NA;NA;
15;0;32.17;31.35;ND;NA;58.37;32.96;NA;NA;ND;NA;NA;NA;
15;1;28.58;23.16;19.59;NA;38.47;32.28;NA;NA;ND;NA;NA;NA;
15;2;23.73;17.88;21.09;NA;42.01;31.9;NA;NA;ND;NA;NA;NA;
15;3;26.04;24.82;19.38;NA;37.55;26.15;NA;NA;ND;NA;NA;NA;
15;4;25.76;17.69;18.69;NA;34.28;35.79;NA;NA;ND;NA;NA;NA;
15;5;25.9;25.25;26.02;NA;36.51;24.97;NA;NA;ND;NA;NA;NA;
15;6;52.96;34.84;28.65;NA;63.69;53.25;NA;NA;ND;NA;NA;NA;
15;7;43.39;46.94;46.93;NA;87.96;66.88;NA;NA;ND;NA;NA;NA;
15;8;56.23;24.24;60.93;NA;88.76;79.46;NA;NA;ND;NA;NA;NA;
15;9;57.43;28.19;69.32;NA;50.18;41.67;NA;NA;ND;NA;NA;NA;
15;10;46.34;40.63;62.31;NA;18.33;33.4;NA;NA;ND;NA;NA;NA;
15;11;33.56;42.21;40.71;NA;32.17;56.39;NA;NA;ND;NA;NA;NA;
15;12;0.27;4.45;14.83;NA;3.95;11.86;NA;NA;ND;NA;NA;NA;
15;13;5.59;19.46;6.57;NA;14.03;3.71;NA;NA;ND;NA;NA;NA;
15;14;6.39;9.71;28.36;NA;8.92;4.15;NA;NA;ND;NA;NA;NA;
15;15;15.9;9.69;22.94;NA;6.88;24.01;NA;NA;ND;NA;NA;NA;
15;16;12.62;6.97;13.97;NA;9.23;16.69;NA;NA;ND;NA;NA;NA;
15;17;10.51;13.55;10.17;NA;26.28;14.19;NA;NA;ND;NA;NA;NA;
15;18;2.49;14.67;24.93;NA;19.92;24.83;NA;NA;ND;NA;NA;NA;
15;19;16.68;16.04;25.06;NA;7.63;22.98;NA;NA;ND;NA;NA;NA;
15;20;10.24;13.38;16.2;NA;9.99;24.06;NA;NA;ND;NA;NA;NA;
15;21;5.06;11.65;15.56;NA;9.54;15.09;NA;NA;ND;NA;NA;NA;
15;22;13.09;11.05;2;NA;10.24;8.92;NA;NA;ND;NA;NA;NA;
15;23;18.05;15.2;5.45;NA;15.43;9.14;NA;NA;ND;NA;NA;NA;
16;0;12.72;26.93;ND;NA;18.37;13.29;NA;NA;ND;NA;NA;NA;
16;1;9.06;7.99;12.7;NA;10.03;13.78;NA;NA;ND;NA;NA;NA;
16;2;13.23;3.24;13.57;NA;6.78;13.24;NA;NA;ND;NA;NA;NA;
16;3;10.31;11.78;12.57;NA;20.85;14.18;NA;NA;ND;NA;NA;NA;
16;4;9.2;10.67;14.9;NA;15.63;15.68;NA;NA;ND;NA;NA;NA;
16;5;8.33;14.74;14.84;NA;21.5;19.92;NA;NA;ND;NA;NA;NA;
16;6;35.38;36.33;23.25;NA;50.58;32.79;NA;NA;ND;NA;NA;NA;
16;7;50.71;54.03;30.83;NA;40.86;50.99;NA;NA;ND;NA;NA;NA;
16;8;41;36.27;45.59;NA;49.77;67;NA;NA;ND;NA;NA;NA;
16;9;37.2;33.83;50.37;NA;16.37;36.52;NA;NA;ND;NA;NA;NA;
16;10;33.58;15.29;15.29;NA;35.09;22.72;NA;NA;ND;NA;NA;NA;
16;11;12.85;23.61;20.91;NA;28.21;34.95;NA;NA;ND;NA;NA;NA;
16;12;13.89;28.71;22.22;NA;6.45;23.09;NA;NA;ND;NA;NA;NA;
16;13;12.14;16.75;15.87;NA;10.48;10.76;NA;NA;ND;NA;NA;NA;
16;14;4.4;3.13;5.92;NA;13.96;8.11;NA;NA;ND;NA;NA;NA;
16;15;7.19;10.82;15.64;NA;7.89;11.82;NA;NA;ND;NA;NA;NA;
16;16;7.82;4.4;18.61;NA;3.47;7.85;NA;NA;ND;NA;NA;NA;
16;17;14.57;12.03;21.38;NA;10.96;17.85;NA;NA;ND;NA;NA;NA;
16;18;12.61;17.01;15.66;NA;18.44;21.88;NA;NA;ND;NA;NA;NA;
16;19;19.93;22.51;14.62;NA;24.48;13.58;NA;NA;ND;NA;NA;NA;
16;20;21.2;15.79;15.2;NA;34.43;25.17;NA;NA;ND;NA;NA;NA;
16;21;4.1;28.64;16.56;NA;29.82;13.71;NA;NA;ND;NA;NA;NA;
16;22;14.66;9.99;17.95;NA;19.27;21.33;NA;NA;ND;NA;NA;NA;
16;23;24.62;23.88;16.43;NA;29.32;30.96;NA;NA;ND;NA;NA;NA;
17;0;38.5;26.08;30.61;NA;27.76;33.06;NA;NA;ND;NA;NA;NA;
17;1;20.01;27.76;16.9;NA;28.76;28.33;NA;NA;ND;NA;NA;NA;
17;2;21.56;24.86;15.77;NA;16.69;21.91;NA;NA;ND;NA;NA;NA;
17;3;20.38;24.84;13.22;NA;28.55;12.38;NA;NA;ND;NA;NA;NA;
17;4;22.17;35.01;16.76;NA;43.29;21.88;NA;NA;ND;NA;NA;NA;
17;5;16.91;37.44;15.21;NA;49.61;17.08;NA;NA;ND;NA;NA;NA;
17;6;11.7;56.49;17.01;NA;39.53;27.74;NA;NA;ND;NA;NA;NA;
17;7;20.88;68.8;28.11;NA;75.88;37.19;NA;NA;ND;NA;NA;NA;
17;8;31.37;32.59;45.25;NA;33.68;44.59;NA;NA;ND;NA;NA;NA;
17;9;21.42;27.27;26.89;NA;18.3;17.88;NA;NA;ND;NA;NA;NA;
17;10;23.57;19.34;8.9;NA;19.25;11.41;NA;NA;ND;NA;NA;NA;
17;11;15.71;11.29;15.38;NA;6.4;13.81;NA;NA;ND;NA;NA;NA;
17;12;15.81;25.28;16.02;NA;16.78;17.18;NA;NA;ND;NA;NA;NA;
17;13;32.39;20.87;15.69;NA;15.14;21.71;NA;NA;ND;NA;NA;NA;
17;14;5.69;21.8;24.62;NA;7.66;8.87;NA;NA;ND;NA;NA;NA;
17;15;0.76;13.41;12.1;NA;8.83;10.09;NA;NA;ND;NA;NA;NA;
17;16;17.28;13.98;9.85;NA;11.44;18.48;NA;NA;ND;NA;NA;NA;
17;17;4.29;10.22;21.87;NA;10.51;12.23;NA;NA;ND;NA;NA;NA;
17;18;3.52;12.85;18.39;NA;18.7;13.26;NA;NA;ND;NA;NA;NA;
17;19;5.49;19.46;10.48;NA;10.62;10.74;NA;NA;ND;NA;NA;NA;
17;20;10.63;34.53;9.74;NA;23.65;16.2;NA;NA;ND;NA;NA;NA;
17;21;14.79;16.9;12.85;NA;21.88;14.79;NA;NA;ND;NA;NA;NA;
17;22;8.13;20.57;6.47;NA;15.99;10.08;NA;NA;ND;NA;NA;NA;
17;23;18.17;29.91;13.79;NA;20.45;18.66;NA;NA;ND;NA;NA;NA;
18;0;27.04;24.84;ND;NA;32.4;19.4;NA;NA;ND;NA;NA;NA;
18;1;9.35;30.12;20.24;NA;19.38;22.21;NA;NA;ND;NA;NA;NA;
18;2;14.05;16.99;14.82;NA;22.14;19.95;NA;NA;ND;NA;NA;NA;
18;3;12.57;26.73;8.62;NA;17.39;9.95;NA;NA;ND;NA;NA;NA;
18;4;6.66;28.31;11.47;NA;21.07;16.84;NA;NA;ND;NA;NA;NA;
18;5;7.49;26.22;8.97;NA;33.77;15.84;NA;NA;ND;NA;NA;NA;
18;6;4.75;45.99;9.55;NA;29.73;15.36;NA;NA;ND;NA;NA;NA;
18;7;14.79;57.92;12.16;NA;46.96;24.29;NA;NA;ND;NA;NA;NA;
18;8;28.33;29.22;26.32;NA;32.13;25.67;NA;NA;ND;NA;NA;NA;
18;9;34.07;13.67;18.63;NA;25.39;16.32;NA;NA;ND;NA;NA;NA;
18;10;14.6;15.01;14.29;NA;10.21;11.3;NA;NA;ND;NA;NA;NA;
18;11;18.51;30.86;11.85;NA;7.3;17.82;NA;NA;ND;NA;NA;NA;
18;12;10.68;18.34;18.64;NA;13.38;16.1;NA;NA;ND;NA;NA;NA;
18;13;14.88;18.25;10.83;NA;9.62;10.58;NA;NA;ND;NA;NA;NA;
18;14;5.91;9.95;12.11;NA;10.74;14.96;NA;NA;ND;NA;NA;NA;
18;15;11.58;15.29;12.55;NA;15.96;22.08;NA;NA;ND;NA;NA;NA;
18;16;14.25;8.78;16.3;NA;10.76;9.62;NA;NA;ND;NA;NA;NA;
18;17;8.24;8.4;10.01;NA;13.65;13.28;NA;NA;ND;NA;NA;NA;
18;18;1.77;20.56;21.06;NA;7.99;16.64;NA;NA;ND;NA;NA;NA;
18;19;9.45;15.81;12.41;NA;8.7;10;NA;NA;ND;NA;NA;NA;
18;20;6.22;22.12;14.9;NA;10.95;20.1;NA;NA;ND;NA;NA;NA;
18;21;4.34;16.37;12.05;NA;18.18;8.18;NA;NA;ND;NA;NA;NA;
18;22;10.86;19.94;3.9;NA;21.54;10.5;NA;NA;ND;NA;NA;NA;
18;23;14.66;17.36;9.96;NA;10.04;11.67;NA;NA;ND;NA;NA;NA;
19;0;10.14;16.84;ND;NA;16.08;15.87;NA;NA;ND;NA;NA;NA;
19;1;10.74;24.9;20.11;NA;20.82;28.64;NA;NA;ND;NA;NA;NA;
19;2;2.4;14.75;11.25;NA;14.36;11.12;NA;NA;ND;NA;NA;NA;
19;3;11.26;7.17;7.75;NA;14.89;16.72;NA;NA;ND;NA;NA;NA;
19;4;14.66;17.74;9.97;NA;13.57;14.15;NA;NA;ND;NA;NA;NA;
19;5;8.85;19.27;14.92;NA;23.45;14.61;NA;NA;ND;NA;NA;NA;
19;6;30.69;24.11;28.66;NA;32.19;19.49;NA;NA;ND;NA;NA;NA;
19;7;35.27;24.74;31.42;NA;33.18;26.43;NA;NA;ND;NA;NA;NA;
19;8;27.97;40.27;27.72;NA;37.67;29.06;NA;NA;ND;NA;NA;NA;
19;9;38.65;39.56;35.81;NA;29;28.74;NA;NA;ND;NA;NA;NA;
19;10;21.04;23.49;35.8;NA;25.45;38.38;NA;NA;ND;NA;NA;NA;
19;11;20.31;29.25;21.99;NA;23.42;33.85;NA;NA;ND;NA;NA;NA;
19;12;17;17.48;26.18;NA;26.81;31.19;NA;NA;ND;NA;NA;NA;
19;13;5.9;25.12;11.87;NA;19.38;11.14;NA;NA;ND;NA;NA;NA;
19;14;8.56;18.76;11.92;NA;23.12;14.71;NA;NA;ND;NA;NA;NA;
19;15;6.92;27.19;21.14;NA;28.26;24.01;NA;NA;ND;NA;NA;NA;
19;16;11.8;23.95;18.42;NA;23.14;24.7;NA;NA;ND;NA;NA;NA;
19;17;18.82;17.06;19.73;NA;24.48;16.11;NA;NA;ND;NA;NA;NA;
19;18;6.28;12.67;25.09;NA;12.62;22.72;NA;NA;ND;NA;NA;NA;
19;19;3.15;14.85;24.46;NA;13.28;23.64;NA;NA;ND;NA;NA;NA;
19;20;13.39;14.05;16.52;NA;24.17;19.4;NA;NA;ND;NA;NA;NA;
19;21;13.35;10.64;24.34;NA;23.22;23.5;NA;NA;ND;NA;NA;NA;
19;22;10.86;22.61;14.18;NA;18.38;20.53;NA;NA;ND;NA;NA;NA;
19;23;6.28;21.65;16.96;NA;14.41;18.59;NA;NA;ND;NA;NA;NA;
20;0;16.7;13.16;ND;NA;23.63;33.41;NA;NA;ND;NA;NA;NA;
20;1;21.61;19.66;23.55;NA;23.69;29.84;NA;NA;ND;NA;NA;NA;
20;2;20.72;11.02;20.7;NA;15.31;24.87;NA;NA;ND;NA;NA;NA;
20;3;29.2;15.28;18.67;NA;24.74;23.18;NA;NA;ND;NA;NA;NA;
20;4;22.05;18.13;21.11;NA;17.72;21.45;NA;NA;ND;NA;NA;NA;
20;5;19.49;17.6;20.02;NA;27.7;26.03;NA;NA;ND;NA;NA;NA;
20;6;29.01;44.01;33.29;NA;53.33;34.96;NA;NA;ND;NA;NA;NA;
20;7;36.9;35.02;37.74;NA;65.46;33.83;NA;NA;ND;NA;NA;NA;
20;8;41.42;37.62;44.26;NA;47.01;47.68;NA;NA;ND;NA;NA;NA;
20;9;39.47;32.54;36.29;NA;52.14;37.07;NA;NA;ND;NA;NA;NA;
20;10;33.4;31.35;29.85;NA;21.16;20.09;NA;NA;ND;NA;NA;NA;
20;11;14.56;29.82;10.65;NA;4.18;10.76;NA;NA;ND;NA;NA;NA;
20;12;17.67;19.26;5.27;NA;7.07;18.17;NA;NA;ND;NA;NA;NA;
20;13;9.44;27.47;18.43;NA;15.42;13.56;NA;NA;ND;NA;NA;NA;
20;14;19.65;30.67;15.89;NA;17.18;18.47;NA;NA;ND;NA;NA;NA;
20;15;15.13;32.3;16.17;NA;20.91;15.43;NA;NA;ND;NA;NA;NA;
20;16;13.79;24.27;17.91;NA;19.98;22.14;NA;NA;ND;NA;NA;NA;
20;17;16.2;24.52;23.89;NA;6.29;19.69;NA;NA;ND;NA;NA;NA;
20;18;9.7;23.54;25.86;NA;21.14;24.72;NA;NA;ND;NA;NA;NA;
20;19;10.32;18.12;20.62;NA;20.42;18.15;NA;NA;ND;NA;NA;NA;
20;20;11.24;18.06;23.28;NA;34.77;20.57;NA;NA;ND;NA;NA;NA;
20;21;22.25;10.34;18.05;NA;19.94;29.46;NA;NA;ND;NA;NA;NA;
20;22;ND;17.45;15.99;NA;20.52;17.56;NA;NA;ND;NA;NA;NA;
20;23;ND;15.31;18.7;NA;20.78;18.49;NA;NA;ND;NA;NA;NA;
21;0;0.02;6.28;ND;NA;26.1;23.38;NA;NA;ND;NA;NA;NA;
21;1;12.47;17;25.37;NA;13.36;29.23;NA;NA;ND;NA;NA;NA;
21;2;18.91;13.78;16.53;NA;23.68;25.4;NA;NA;ND;NA;NA;NA;
21;3;20.24;15.11;17.79;NA;33.6;22.18;NA;NA;ND;NA;NA;NA;
21;4;20.26;17.25;18.82;NA;19.94;27.03;NA;NA;ND;NA;NA;NA;
21;5;22.96;23.02;23.02;NA;39.64;26.19;NA;NA;ND;NA;NA;NA;
21;6;29.1;25.06;19.71;NA;52.05;36.92;NA;NA;ND;NA;NA;NA;
21;7;25.31;51.4;36.15;NA;71.39;43.68;NA;NA;ND;NA;NA;NA;
21;8;23.73;31.75;28.87;NA;29.48;31.07;NA;NA;ND;NA;NA;NA;
21;9;26.51;33.56;29.45;NA;29.84;42.52;NA;NA;ND;NA;NA;NA;
21;10;24.72;42.47;34.16;NA;30.63;38.42;NA;NA;ND;NA;NA;NA;
21;11;27.1;32.68;34.14;NA;24.58;29.79;NA;NA;ND;NA;NA;NA;
21;12;16.96;34.78;21.33;NA;36.72;33.92;NA;NA;ND;NA;NA;NA;
21;13;20.14;37.71;28.05;NA;34.85;31.14;NA;NA;ND;NA;NA;NA;
21;14;21.79;32.76;18.87;NA;23.33;18.2;NA;NA;ND;NA;NA;NA;
21;15;12.39;40.19;25.9;NA;8.74;18.6;NA;NA;ND;NA;NA;NA;
21;16;8.65;26.78;25.3;NA;18.27;19.4;NA;NA;ND;NA;NA;NA;
21;17;13.51;13.63;20.36;NA;8.78;14.14;NA;NA;ND;NA;NA;NA;
21;18;8.84;22.29;18.06;NA;15.34;25.04;NA;NA;ND;NA;NA;NA;
21;19;17.03;8.24;13.68;NA;29.47;15.88;NA;NA;ND;NA;NA;NA;
21;20;6.03;11.44;13.31;NA;31.23;18.9;NA;NA;ND;NA;NA;NA;
21;21;11.16;8.23;13.41;NA;18.83;10.6;NA;NA;ND;NA;NA;NA;
21;22;11.51;8.92;10.33;NA;21.48;15.65;NA;NA;ND;NA;NA;NA;
21;23;8.71;5.96;9.71;NA;29.86;19.62;NA;NA;ND;NA;NA;NA;
22;0;4.98;8.8;ND;NA;22.77;24.78;NA;NA;ND;NA;NA;NA;
22;1;5.93;9.06;11.44;NA;18.44;21.57;NA;NA;ND;NA;NA;NA;
22;2;12.99;8.57;16.32;NA;17.95;18.14;NA;NA;ND;NA;NA;NA;
22;3;16.02;11.09;16.34;NA;21.35;18.3;NA;NA;ND;NA;NA;NA;
22;4;17.57;10.51;15.29;NA;19.09;18.58;NA;NA;ND;NA;NA;NA;
22;5;20.19;13.43;18.11;NA;26.4;16.54;NA;NA;ND;NA;NA;NA;
22;6;31.46;25.65;22.08;NA;28.04;26.61;NA;NA;ND;NA;NA;NA;
22;7;29.78;28.71;21.36;NA;43.12;33.17;NA;NA;ND;NA;NA;NA;
22;8;38.37;19.23;31.34;NA;32.72;32.09;NA;NA;ND;NA;NA;NA;
22;9;40.95;25.1;22.81;NA;35.73;31.23;NA;NA;ND;NA;NA;NA;
22;10;25.05;13.24;21.91;NA;33.69;31.96;NA;NA;ND;NA;NA;NA;
22;11;41.64;45.25;30.11;NA;23.93;33.31;NA;NA;ND;NA;NA;NA;
22;12;6.12;11;32.22;NA;33.37;39.15;NA;NA;ND;NA;NA;NA;
22;13;12.5;20.13;21.1;NA;31.39;27.74;NA;NA;ND;NA;NA;NA;
22;14;17.87;18.94;27.54;NA;9.84;22.45;NA;NA;ND;NA;NA;NA;
22;15;11.46;14.97;14.92;NA;16.95;24.42;NA;NA;ND;NA;NA;NA;
22;16;7.85;11.07;28.17;NA;1.54;14.1;NA;NA;ND;NA;NA;NA;
22;17;14.08;7.48;18.92;NA;10.52;9.49;NA;NA;ND;NA;NA;NA;
22;18;9.59;19.98;18.59;NA;12.95;19.59;NA;NA;ND;NA;NA;NA;
22;19;6.68;20.39;18.13;NA;20.4;21.56;NA;NA;ND;NA;NA;NA;
22;20;11.42;12.19;15.68;NA;44.81;17.2;NA;NA;ND;NA;NA;NA;
22;21;14.76;17;18.74;NA;31.07;16.92;NA;NA;ND;NA;NA;NA;
22;22;9.28;22.78;11.43;NA;16.63;13.66;NA;NA;ND;NA;NA;NA;
22;23;13.19;11.34;12.24;NA;11;9.63;NA;NA;ND;NA;NA;NA;
23;0;7.68;16.97;ND;NA;27.08;20.78;NA;NA;ND;NA;NA;NA;
23;1;18.1;12.95;13.78;NA;32.61;24.03;NA;NA;ND;NA;NA;NA;
23;2;24.15;9.06;15.82;NA;29.96;27.26;NA;NA;ND;NA;NA;NA;
23;3;16.68;10.19;22.03;NA;22.99;24.96;NA;NA;ND;NA;NA;NA;
23;4;18.81;9.99;17.53;NA;22.73;25.57;NA;NA;ND;NA;NA;NA;
23;5;25.39;23.82;15.23;NA;23.06;27.36;NA;NA;ND;NA;NA;NA;
23;6;26.4;36.96;19.6;NA;45.82;26.43;NA;NA;ND;NA;NA;NA;
23;7;33.81;63.46;29;NA;35.76;28.31;NA;NA;ND;NA;NA;NA;
23;8;30.28;36.91;36.4;NA;29.67;23.74;NA;NA;ND;NA;NA;NA;
23;9;35.47;34.01;25.82;NA;25;21.25;NA;NA;ND;NA;NA;NA;
23;10;12.89;13.67;23.35;NA;28.46;27.06;NA;NA;ND;NA;NA;NA;
23;11;12.71;14.11;13.88;NA;19.97;13.25;NA;NA;ND;NA;NA;NA;
23;12;27.49;20.94;13.84;NA;27.89;19.42;NA;NA;ND;NA;NA;NA;
23;13;9.03;33.01;21.14;NA;30.56;31.47;NA;NA;ND;NA;NA;NA;
23;14;16.4;20.28;20.34;NA;38.09;20.08;NA;NA;ND;NA;NA;NA;
23;15;18.95;29.78;16.36;NA;28.25;30.49;NA;NA;ND;NA;NA;NA;
23;16;12.45;12.96;22.9;NA;4.79;15.3;NA;NA;ND;NA;NA;NA;
23;17;10.69;21.82;15.3;NA;9.98;22.8;NA;NA;ND;NA;NA;NA;
23;18;17.6;14.1;28.79;NA;7.43;19.51;NA;NA;ND;NA;NA;NA;
23;19;14.36;18.08;20.37;NA;11.33;16.44;NA;NA;ND;NA;NA;NA;
23;20;16.91;16.03;22.63;NA;18.62;23.22;NA;NA;ND;NA;NA;NA;
23;21;16.95;22.17;19.86;NA;29.71;24.17;NA;NA;ND;NA;NA;NA;
23;22;18.01;18.7;13.06;NA;16.32;21.69;NA;NA;ND;NA;NA;NA;
23;23;14.89;26.1;11.69;NA;16.59;18.02;NA;NA;ND;NA;NA;NA;
24;0;18.49;22.02;ND;NA;24.62;15.25;NA;NA;ND;NA;NA;NA;
24;1;21.22;13.97;19.06;NA;16.7;30.32;NA;NA;ND;NA;NA;NA;
24;2;22.91;21.18;14.73;NA;21.04;19.06;NA;NA;ND;NA;NA;NA;
24;3;16;12.81;13.95;NA;27.94;15.98;NA;NA;ND;NA;NA;NA;
24;4;15.51;17.6;14.09;NA;23.39;24.36;NA;NA;ND;NA;NA;NA;
24;5;16.47;16.98;17.97;NA;26.23;20.03;NA;NA;ND;NA;NA;NA;
24;6;19.39;15.25;24.16;NA;19.09;25.8;NA;NA;ND;NA;NA;NA;
24;7;20.38;22.29;19.61;NA;33.23;32.34;NA;NA;ND;NA;NA;NA;
24;8;21.02;27.79;34.32;NA;40;39.14;NA;NA;ND;NA;NA;NA;
24;9;28.68;39.14;21.42;NA;17.51;28.27;NA;NA;ND;NA;NA;NA;
24;10;23.76;27.09;21.24;NA;22.72;22.32;NA;NA;ND;NA;NA;NA;
24;11;22.3;17.39;18.11;NA;18.44;13.65;NA;NA;ND;NA;NA;NA;
24;12;21.74;32.9;29.42;NA;16.28;36.8;NA;NA;ND;NA;NA;NA;
24;13;8.45;24.69;22.6;NA;23.25;20.03;NA;NA;ND;NA;NA;NA;
24;14;4;14.03;9.1;NA;25.57;22.19;NA;NA;ND;NA;NA;NA;
24;15;7.37;9.12;17.62;NA;22.77;18.32;NA;NA;ND;NA;NA;NA;
24;16;ND;ND;20.42;NA;10.51;10.25;NA;NA;ND;NA;NA;NA;
24;17;ND;ND;ND;NA;12.78;ND;NA;NA;ND;NA;NA;NA;
24;18;0;9.06;ND;NA;7.59;0;NA;NA;ND;NA;NA;NA;
24;19;0;18.44;ND;NA;34.99;0;NA;NA;ND;NA;NA;NA;
24;20;0;12.25;ND;NA;27.27;0;NA;NA;ND;NA;NA;NA;
24;21;0;20.12;ND;NA;17.9;0.24;NA;NA;ND;NA;NA;NA;
24;22;2.41;11.82;ND;NA;22.44;0.03;NA;NA;ND;NA;NA;NA;
24;23;0.03;14.83;33.44;NA;22.9;2.97;NA;NA;ND;NA;NA;NA;
25;0;4.84;18.16;ND;NA;36.94;6.68;NA;NA;ND;NA;NA;NA;
25;1;5.81;8.43;20.32;NA;23.94;10.02;NA;NA;ND;NA;NA;NA;
25;2;7.23;16.63;18.31;NA;15.12;13.03;NA;NA;ND;NA;NA;NA;
25;3;8.05;15.95;17.62;NA;26.52;17.25;NA;NA;ND;NA;NA;NA;
25;4;9.33;9.97;16.96;NA;18.86;10.88;NA;NA;ND;NA;NA;NA;
25;5;11.99;17.91;19.67;NA;30.59;20.77;NA;NA;ND;NA;NA;NA;
25;6;20.64;20.07;25.39;NA;37.3;33.61;NA;NA;ND;NA;NA;NA;
25;7;10.16;9.28;16.76;NA;30.61;18.69;NA;NA;ND;NA;NA;NA;
25;8;20.77;24.11;23.04;NA;19.5;20.77;NA;NA;ND;NA;NA;NA;
25;9;15.69;24.69;27.54;NA;21.04;21.23;NA;NA;ND;NA;NA;NA;
25;10;14.63;16.03;29.93;NA;26.91;23.33;NA;NA;ND;NA;NA;NA;
25;11;15.24;13.45;12.56;NA;ND;4.58;NA;NA;ND;NA;NA;NA;
25;12;13.24;24.96;11.82;NA;ND;11.3;NA;NA;ND;NA;NA;NA;
25;13;12.4;24.23;16.13;NA;ND;16.58;NA;NA;ND;NA;NA;NA;
25;14;14.13;22.88;12.48;NA;ND;12.45;NA;NA;ND;NA;NA;NA;
25;15;17.27;24.35;10.41;NA;2.36;11.28;NA;NA;ND;NA;NA;NA;
25;16;10.44;17.22;20.79;NA;9.24;17.84;NA;NA;ND;NA;NA;NA;
25;17;10.61;12.98;14.55;NA;0;7.61;NA;NA;ND;NA;NA;NA;
25;18;3.51;13.26;17.83;NA;2.8;13.3;NA;NA;ND;NA;NA;NA;
25;19;11.96;11.89;7.71;NA;14.82;17.02;NA;NA;ND;NA;NA;NA;
25;20;0.05;6.43;14.45;NA;3.78;7.52;NA;NA;ND;NA;NA;NA;
25;21;4.74;10.01;2.63;NA;13.12;9.52;NA;NA;ND;NA;NA;NA;
25;22;5.73;0.95;10.83;NA;12.14;4.74;NA;NA;ND;NA;NA;NA;
25;23;6;7.05;8.23;NA;9.45;9.9;NA;NA;ND;NA;NA;NA;
26;0;5.7;20.3;ND;NA;12.92;7.26;NA;NA;ND;NA;NA;NA;
26;1;8.47;9.77;12.7;NA;12.02;11.14;NA;NA;ND;NA;NA;NA;
26;2;11.78;12.77;12.45;NA;11.59;15.86;NA;NA;ND;NA;NA;NA;
26;3;6.94;6.97;9.22;NA;11.78;8.79;NA;NA;ND;NA;NA;NA;
26;4;12.42;19.76;16.34;NA;10.69;11.82;NA;NA;ND;NA;NA;NA;
26;5;12.5;15.53;16.11;NA;24.46;19.34;NA;NA;ND;NA;NA;NA;
26;6;21.34;26.98;21.87;NA;42.4;24.79;NA;NA;ND;NA;NA;NA;
26;7;27.7;35.51;33.53;NA;59.15;63.1;NA;NA;ND;NA;NA;NA;
26;8;39.63;34.18;38.64;NA;53.45;59.37;NA;NA;ND;NA;NA;NA;
26;9;41.06;25.08;42.29;NA;34.88;35.44;NA;NA;ND;NA;NA;NA;
26;10;30.43;20.03;12.98;NA;21.3;12.21;NA;NA;ND;NA;NA;NA;
26;11;23.44;25.43;23.08;NA;11.12;17.81;NA;NA;ND;NA;NA;NA;
26;12;21.3;26.02;23.52;NA;15.95;27.37;NA;NA;ND;NA;NA;NA;
26;13;21.82;27.54;24.65;NA;22.57;20.34;NA;NA;ND;NA;NA;NA;
26;14;16.29;14.31;25.76;NA;ND;27.24;NA;NA;ND;NA;NA;NA;
26;15;8.63;15.93;21.01;NA;33.61;19.29;NA;NA;ND;NA;NA;NA;
26;16;6.66;14.62;13.94;NA;24.6;25.33;NA;NA;ND;NA;NA;NA;
26;17;7.63;14.6;12.32;NA;27.05;10;NA;NA;ND;NA;NA;NA;
26;18;9.68;13.02;15.35;NA;22.62;17.73;NA;NA;ND;NA;NA;NA;
26;19;16.86;15.08;16.6;NA;26.55;25.11;NA;NA;ND;NA;NA;NA;
26;20;13.38;17.93;15.95;NA;23.35;25.77;NA;NA;ND;NA;NA;NA;
26;21;12.92;29.71;10.48;NA;25.82;27.83;NA;NA;ND;NA;NA;NA;
26;22;12.44;22.45;22.53;NA;29.68;25.93;NA;NA;ND;NA;NA;NA;
26;23;10.91;15.61;19.94;NA;28.27;25.24;NA;NA;ND;NA;NA;NA;
27;0;1.89;4.58;ND;NA;32.57;25.24;NA;NA;ND;NA;NA;NA;
27;1;12.9;19.74;23.27;NA;35.48;31.67;NA;NA;ND;NA;NA;NA;
27;2;16.09;11.96;24.48;NA;30.37;30.04;NA;NA;ND;NA;NA;NA;
27;3;18.31;13.28;21.95;NA;22.6;30.89;NA;NA;ND;NA;NA;NA;
27;4;19.9;17.22;13.15;NA;30.21;21.88;NA;NA;ND;NA;NA;NA;
27;5;14.31;37.54;20.74;NA;35.08;31.47;NA;NA;ND;NA;NA;NA;
27;6;33.86;47.81;27.82;NA;52.07;41.81;NA;NA;ND;NA;NA;NA;
27;7;35.28;62.62;21.57;NA;63;64.03;NA;NA;ND;NA;NA;NA;
27;8;42.07;53.98;30.69;NA;37.27;39.75;NA;NA;ND;NA;NA;NA;
27;9;43.65;31.72;22.8;NA;16.25;15.48;NA;NA;ND;NA;NA;NA;
27;10;42.69;25.14;29.31;NA;14.67;17.47;NA;NA;ND;NA;NA;NA;
27;11;22.02;18.68;17.51;NA;8.66;10.15;NA;NA;ND;NA;NA;NA;
27;12;17.52;19.56;17.53;NA;11.36;11.96;NA;NA;ND;NA;NA;NA;
27;13;17.79;35.55;13.93;NA;17.74;12;NA;NA;ND;NA;NA;NA;
27;14;23.79;53.71;30.24;NA;15.74;29.13;NA;NA;ND;NA;NA;NA;
27;15;26.28;35.9;21.84;NA;28.1;25.75;NA;NA;ND;NA;NA;NA;
27;16;17.15;30.5;17.52;NA;31.41;26.86;NA;NA;ND;NA;NA;NA;
27;17;13.9;35.21;25.29;NA;23.91;28.63;NA;NA;ND;NA;NA;NA;
27;18;3.72;32.02;30.64;NA;22.36;26.49;NA;NA;ND;NA;NA;NA;
27;19;17.42;30.16;20.55;NA;38.65;23.04;NA;NA;ND;NA;NA;NA;
27;20;13.45;14.79;17.99;NA;21.59;15.11;NA;NA;ND;NA;NA;NA;
27;21;6.67;9.35;18.24;NA;24.14;21.9;NA;NA;ND;NA;NA;NA;
27;22;11.48;13.72;16.21;NA;32.41;20.53;NA;NA;ND;NA;NA;NA;
27;23;11.86;5.04;7.62;NA;8.33;16.39;NA;NA;ND;NA;NA;NA;
28;0;12.51;18.58;ND;NA;33.92;10.11;NA;NA;ND;NA;NA;NA;
28;1;15.08;8.5;9.18;NA;14.28;11.41;NA;NA;ND;NA;NA;NA;
28;2;9.03;4.86;15.3;NA;15.74;19.93;NA;NA;ND;NA;NA;NA;
28;3;12.59;5.84;8.24;NA;12.15;10.58;NA;NA;ND;NA;NA;NA;
28;4;6.85;5.78;14.55;NA;8.53;16.29;NA;NA;ND;NA;NA;NA;
28;5;13.93;8.1;12.73;NA;14.94;9.28;NA;NA;ND;NA;NA;NA;
28;6;27.74;18.51;18.32;NA;20.82;15.25;NA;NA;ND;NA;NA;NA;
28;7;21.02;11.23;19.39;NA;22.12;20.17;NA;NA;ND;NA;NA;NA;
28;8;24.05;18.39;19.03;NA;25.58;23.48;NA;NA;ND;NA;NA;NA;
28;9;27.66;13.35;20.05;NA;24.56;20.32;NA;NA;ND;NA;NA;NA;
28;10;21.71;22.65;21.87;NA;16.72;14.32;NA;NA;ND;NA;NA;NA;
28;11;7.31;34.35;13.63;NA;13.85;18.6;NA;NA;ND;NA;NA;NA;
28;12;12.39;19.07;3.85;NA;24.2;8.54;NA;NA;ND;NA;NA;NA;
28;13;4.17;24;8.64;NA;32.29;23.52;NA;NA;ND;NA;NA;NA;
28;14;4.93;28.07;15.98;NA;25.47;13.83;NA;NA;ND;NA;NA;NA;
28;15;0.58;23.58;11.74;NA;4.9;12.15;NA;NA;ND;NA;NA;NA;
28;16;2.89;19.36;20.96;NA;16.44;8.52;NA;NA;ND;NA;NA;NA;
28;17;9.72;4.38;24.8;NA;16.19;18.59;NA;NA;ND;NA;NA;NA;
28;18;9.09;29.72;17.97;NA;16.78;30.3;NA;NA;ND;NA;NA;NA;
28;19;10.59;18.55;14.37;NA;26.56;26.3;NA;NA;ND;NA;NA;NA;
28;20;17.08;19.96;19.7;NA;24.41;31.14;NA;NA;ND;NA;NA;NA;
28;21;19.97;6.77;17.99;NA;19.81;23.07;NA;NA;ND;NA;NA;NA;
28;22;17.12;24.41;18.8;NA;30.68;21.53;NA;NA;ND;NA;NA;NA;
28;23;22.85;16.38;13.62;NA;30.5;12.82;NA;NA;ND;NA;NA;NA;
29;0;12.15;7.16;ND;NA;40.95;17.99;NA;NA;ND;NA;NA;NA;
29;1;17.62;10.73;14.89;NA;33.34;21.29;NA;NA;ND;NA;NA;NA;
29;2;12.73;11.81;26.57;NA;29.16;28.48;NA;NA;ND;NA;NA;NA;
29;3;10.24;12.33;28.47;NA;20.09;36.77;NA;NA;ND;NA;NA;NA;
29;4;17.02;27.89;16.29;NA;28.8;21.87;NA;NA;ND;NA;NA;NA;
29;5;18.64;28.54;18.36;NA;37.91;28.42;NA;NA;ND;NA;NA;NA;
29;6;30.98;41.6;25.61;NA;54.93;28.49;NA;NA;ND;NA;NA;NA;
29;7;28.67;38.04;20.36;NA;39.06;37.36;NA;NA;ND;NA;NA;NA;
29;8;38.71;26.99;44.82;NA;18.64;56.44;NA;NA;ND;NA;NA;NA;
29;9;35.58;19.3;42.9;NA;32.41;42.01;NA;NA;ND;NA;NA;NA;
29;10;32.95;15.13;48.16;NA;48.58;52.35;NA;NA;ND;NA;NA;NA;
29;11;21.08;20.13;31.94;NA;44.52;36.11;NA;NA;ND;NA;NA;NA;
29;12;2.45;12.58;15.12;NA;13.56;22.6;NA;NA;ND;NA;NA;NA;
29;13;3.35;3.54;8.26;NA;9.53;7.69;NA;NA;ND;NA;NA;NA;
29;14;3.79;24.01;11.85;NA;3.5;6.66;NA;NA;ND;NA;NA;NA;
29;15;7.91;16.29;25.85;NA;12.93;21.59;NA;NA;ND;NA;NA;NA;
29;16;12.68;12.54;20.21;NA;9.78;4.72;NA;NA;ND;NA;NA;NA;
29;17;9.92;15.24;13.94;NA;14.61;21.64;NA;NA;ND;NA;NA;NA;
29;18;9.48;11.72;17.07;NA;20.2;17.68;NA;NA;ND;NA;NA;NA;
29;19;12.85;10.57;15.41;NA;24.5;16.97;NA;NA;ND;NA;NA;NA;
29;20;2.43;16.2;20.68;NA;20.98;15.96;NA;NA;ND;NA;NA;NA;
29;21;10.44;4.85;12.08;NA;12.02;11.57;NA;NA;ND;NA;NA;NA;
29;22;0.9;6.96;20.6;NA;17.61;11.89;NA;NA;ND;NA;NA;NA;
29;23;6.69;8.12;9.9;NA;12.91;13.07;NA;NA;ND;NA;NA;NA;
30;0;11.16;9.45;ND;NA;28.49;17.42;NA;NA;ND;NA;NA;NA;
30;1;4.6;5.89;14.15;NA;14.9;8.94;NA;NA;ND;NA;NA;NA;
30;2;1.55;2.53;5.97;NA;15.5;15.17;NA;NA;ND;NA;NA;NA;
30;3;6.54;8.27;9.9;NA;14.95;11.89;NA;NA;ND;NA;NA;NA;
30;4;9.76;3.22;8.44;NA;16.7;8.43;NA;NA;ND;NA;NA;NA;
30;5;14.13;6.66;11.01;NA;13.28;15.29;NA;NA;ND;NA;NA;NA;
30;6;18.52;29.08;16.47;NA;30.79;26.79;NA;NA;ND;NA;NA;NA;
30;7;35.92;26.25;35.29;NA;56.31;38.89;NA;NA;ND;NA;NA;NA;
30;8;41.3;32.55;43.59;NA;52.56;47.18;NA;NA;ND;NA;NA;NA;
30;9;35.18;21.71;42.68;NA;30.42;37;NA;NA;ND;NA;NA;NA;
30;10;40.28;16.08;32.07;NA;18.69;18.58;NA;NA;ND;NA;NA;NA;
30;11;27.01;38.41;28.16;NA;9.21;7.09;NA;NA;ND;NA;NA;NA;
30;12;5.42;10.54;17.34;NA;13.88;10.52;NA;NA;ND;NA;NA;NA;
30;13;10.83;22.87;12.28;NA;9.77;18.13;NA;NA;ND;NA;NA;NA;
30;14;10.1;14.23;ND;NA;12.4;14.76;NA;NA;ND;NA;NA;NA;
30;15;22.22;19.37;12.69;NA;6.26;22.07;NA;NA;ND;NA;NA;NA;
30;16;21.55;16.54;18.05;NA;26.25;25.13;NA;NA;ND;NA;NA;NA;
30;17;13.77;9.26;32.69;NA;40.19;32.54;NA;NA;ND;NA;NA;NA;
30;18;17.59;15.06;31.43;NA;38.43;48.92;NA;NA;ND;NA;NA;NA;
30;19;16.81;24.73;30.1;NA;43.23;48.25;NA;NA;ND;NA;NA;NA;
30;20;10.86;24.28;19.85;NA;35.65;24.74;NA;NA;ND;NA;NA;NA;
30;21;17.29;22.26;16.42;NA;29.93;20.25;NA;NA;ND;NA;NA;NA;
30;22;15.93;25.75;23.24;NA;17.3;17.31;NA;NA;ND;NA;NA;NA;
30;23;10.11;33.74;10.57;NA;26.62;14.02;NA;NA;ND;NA;NA;NA;
