DIA;HORA;Cotocollao;Carapungo;Belisario;Jipijapa;El Camal;Centro;Guamaní;Tumbaco;Los Chillos;El Condado;Turubamba;Chillogallo;
1;0;6.59;ND;5.67;NA;34.35;4.45;ND;5.62;ND;NA;NA;NA;
1;1;14.24;ND;9.72;NA;17.12;ND;ND;4.64;ND;NA;NA;NA;
1;2;11.67;ND;9.62;NA;8.19;6.92;ND;3.39;ND;NA;NA;NA;
1;3;8.33;ND;4.85;NA;6.36;5.38;ND;2.38;ND;NA;NA;NA;
1;4;6.85;ND;2.79;NA;6.45;4;ND;2.24;ND;NA;NA;NA;
1;5;5.05;ND;2.39;NA;4.82;2.69;ND;2.07;ND;NA;NA;NA;
1;6;3.88;ND;2.51;NA;5.18;3.08;ND;2.12;ND;NA;NA;NA;
1;7;4.42;ND;4.01;NA;8.27;4.17;ND;12.91;ND;NA;NA;NA;
1;8;3.8;ND;3.46;NA;3.76;2.87;ND;4.01;ND;NA;NA;NA;
1;9;3.27;ND;2.28;NA;1.93;1.91;ND;3.12;ND;NA;NA;NA;
1;10;2.06;ND;1.3;NA;0.73;1.13;ND;2.86;ND;NA;NA;NA;
1;11;2.14;ND;1.41;NA;1.09;1.33;ND;1.97;ND;NA;NA;NA;
1;12;1.97;ND;1.31;NA;0.78;1.13;ND;1.6;ND;NA;NA;NA;
1;13;1.72;ND;1.01;NA;0.68;0.95;ND;1.34;ND;NA;NA;NA;
1;14;1.56;ND;1.01;NA;0.62;0.9;ND;1.09;ND;NA;NA;NA;
1;15;1.56;ND;0.81;NA;0.83;1.07;ND;1.15;ND;NA;NA;NA;
1;16;1.53;ND;0.76;NA;1.03;0.77;ND;1.49;ND;NA;NA;NA;
1;17;1.45;ND;0.68;NA;1.02;0.6;ND;1.33;ND;NA;NA;NA;
1;18;1.66;ND;0.58;NA;0.98;0.78;ND;1.48;ND;NA;NA;NA;
1;19;1.83;ND;1.01;NA;1.03;1.24;ND;1.7;ND;NA;NA;NA;
1;20;1.87;ND;1.2;NA;0.94;1.42;ND;1.64;ND;NA;NA;NA;
1;21;1.7;ND;1.03;NA;1.49;1.81;ND;1.61;ND;NA;NA;NA;
1;22;1.78;ND;1.77;NA;1.4;1.87;ND;1.66;ND;NA;NA;NA;
1;23;1.8;ND;2.88;NA;1.55;1.68;ND;1.57;ND;NA;NA;NA;
2;0;1.41;ND;1.28;NA;1.36;1.53;ND;1.46;ND;NA;NA;NA;
2;1;ND;ND;ND;NA;1.04;1.17;ND;1.52;ND;NA;NA;NA;
2;2;1.6;ND;0.76;NA;0.8;1.08;ND;1.15;ND;NA;NA;NA;
2;3;1.39;ND;0.89;NA;0.95;0.9;ND;2.12;ND;NA;NA;NA;
2;4;1.31;ND;0.79;NA;0.79;0.82;ND;2.22;ND;NA;NA;NA;
2;5;1.5;ND;1.01;NA;0.94;0.95;ND;2.39;ND;NA;NA;NA;
2;6;1.95;ND;1.12;NA;1.27;1.31;ND;2.69;ND;NA;NA;NA;
2;7;1.92;ND;1.19;NA;2.89;1.84;ND;2.44;ND;NA;NA;NA;
2;8;2.19;ND;1.59;NA;1.92;1.68;ND;2.17;ND;NA;NA;NA;
2;9;2.02;ND;2.11;NA;2.83;1.12;ND;2.42;ND;NA;NA;NA;
2;10;2.04;ND;1.94;NA;2.97;0.85;ND;1.88;ND;NA;NA;NA;
2;11;1.55;ND;2.31;NA;2.39;1.18;ND;2.24;ND;NA;NA;NA;
2;12;1.65;ND;2.7;NA;1.18;1.31;ND;2.64;ND;NA;NA;NA;
2;13;1.59;ND;2.43;NA;0.91;1.27;ND;2.23;ND;NA;NA;NA;
2;14;1.18;ND;1.88;NA;0.7;1.26;ND;1.84;ND;NA;NA;NA;
2;15;1.34;ND;1.49;NA;0.58;1.21;ND;1.8;ND;NA;NA;NA;
2;16;1.13;ND;2.32;NA;0.73;0.7;ND;1.53;ND;NA;NA;NA;
2;17;1.01;ND;1.8;NA;0.68;0.87;ND;1.61;ND;NA;NA;NA;
2;18;1.04;ND;1.59;NA;0.71;0.93;ND;1.8;ND;NA;NA;NA;
2;19;1.34;ND;1.11;NA;0.81;1.15;ND;1.66;ND;NA;NA;NA;
2;20;1.2;ND;0.83;NA;5.22;1.7;ND;1.3;ND;NA;NA;NA;
2;21;1.16;ND;1.05;NA;1.66;1.95;ND;1.27;ND;NA;NA;NA;
2;22;1.23;ND;0.73;NA;0.9;1.42;ND;1.23;ND;NA;NA;NA;
2;23;1;ND;1.11;NA;1.83;0.89;ND;1.1;ND;NA;NA;NA;
3;0;0.97;ND;1.07;NA;1.85;1.28;ND;1.24;ND;NA;NA;NA;
3;1;0.91;ND;1;NA;2.33;ND;ND;1.29;ND;NA;NA;NA;
3;2;0.92;ND;0.53;NA;1.36;1.36;ND;1.24;ND;NA;NA;NA;
3;3;0.87;ND;0.83;NA;0.63;0.97;ND;1.25;ND;NA;NA;NA;
3;4;0.98;ND;0.58;NA;0.62;0.76;ND;1.04;ND;NA;NA;NA;
3;5;0.94;ND;0.57;NA;0.88;0.72;ND;1.28;ND;NA;NA;NA;
3;6;1.35;ND;1.26;NA;1.63;0.75;ND;1.36;ND;NA;NA;NA;
3;7;1.36;ND;1.44;NA;1.45;0.86;ND;1.42;ND;NA;NA;NA;
3;8;1.49;ND;1.63;NA;1.28;0.79;ND;1.58;ND;NA;NA;NA;
3;9;2.16;ND;1.55;NA;1.28;0.78;ND;1.38;ND;NA;NA;NA;
3;10;1.43;ND;1.5;NA;1.41;0.65;ND;1.54;ND;NA;NA;NA;
3;11;1.24;ND;1.75;NA;1.34;0.56;ND;1.26;ND;NA;NA;NA;
3;12;1.02;0.26;1.56;NA;1.09;0.68;ND;1.39;ND;NA;NA;NA;
3;13;1.23;ND;1.72;NA;0.93;0.61;ND;1.52;ND;NA;NA;NA;
3;14;1.07;ND;1.34;NA;0.66;0.55;ND;1.53;ND;NA;NA;NA;
3;15;1.13;1.07;2.06;NA;0.42;0.73;ND;1.34;ND;NA;NA;NA;
3;16;1.06;1.38;2.41;NA;0.5;0.94;ND;1.36;ND;NA;NA;NA;
3;17;1.05;1.11;2.14;NA;0.64;0.77;ND;1.43;ND;NA;NA;NA;
3;18;1.03;0.86;1.33;NA;0.78;1.01;ND;1.42;ND;NA;NA;NA;
3;19;1.39;0.89;1.23;NA;0.69;1.3;ND;1.53;ND;NA;NA;NA;
3;20;1.13;0.87;1.64;NA;0.48;1.28;ND;1.41;ND;NA;NA;NA;
3;21;0.95;0.98;1.31;NA;0.81;0.89;ND;1.33;ND;NA;NA;NA;
3;22;0.94;0.84;0.89;NA;0.49;0.79;ND;1.47;ND;NA;NA;NA;
3;23;1.16;0.8;0.7;NA;0.6;0.67;ND;1.38;ND;NA;NA;NA;
4;0;1.07;0.67;1.27;NA;0.73;0.47;ND;1.37;ND;NA;NA;NA;
4;1;ND;0.81;ND;NA;0.34;0.68;ND;1.37;ND;NA;NA;NA;
4;2;1.27;0.85;1.34;NA;1.66;0.4;ND;1.29;ND;NA;NA;NA;
4;3;1.1;0.8;1.06;NA;1.05;0.53;ND;1.07;ND;NA;NA;NA;
4;4;0.96;0.97;0.89;NA;0.97;0.75;ND;1.33;ND;NA;NA;NA;
4;5;1.37;0.93;0.92;NA;1.53;0.83;ND;1.02;ND;NA;NA;NA;
4;6;1.73;1.12;2.12;NA;6.2;2.25;ND;1.12;ND;NA;NA;NA;
4;7;1.55;0.78;3.3;NA;3.25;4.05;ND;1.46;ND;NA;NA;NA;
4;8;1.32;0.64;2.89;NA;3.2;2.77;ND;1.24;ND;NA;NA;NA;
4;9;1.13;0.72;2.27;NA;1.18;1.84;ND;1.39;ND;NA;NA;NA;
4;10;1.44;0.5;1.97;NA;1.16;1.62;ND;1.39;ND;NA;NA;NA;
4;11;2.21;0.93;2.22;NA;1.76;1.3;ND;2.92;ND;NA;NA;NA;
4;12;2;1.09;1.89;NA;2.01;1.04;ND;20.14;ND;NA;NA;NA;
4;13;1.92;0.94;1.41;NA;1.59;1.03;ND;4.67;ND;NA;NA;NA;
4;14;1.48;ND;1.63;NA;2.08;0.96;ND;2.36;ND;NA;NA;NA;
4;15;1.23;ND;2.08;NA;1.45;0.74;ND;1.54;ND;NA;NA;NA;
4;16;1.17;0.91;2.19;NA;0.82;0.98;ND;1.79;ND;NA;NA;NA;
4;17;1.08;0.83;3.13;NA;0.77;1.11;ND;1.49;ND;NA;NA;NA;
4;18;1.07;0.95;2.66;NA;0.73;0.94;ND;1.72;ND;NA;NA;NA;
4;19;1.34;0.91;2.47;NA;1.84;1.43;ND;1.27;ND;NA;NA;NA;
4;20;1.44;0.82;1.48;NA;1.28;1.09;ND;1.3;ND;NA;NA;NA;
4;21;1.15;0.68;1.05;NA;0.56;0.78;ND;1.3;ND;NA;NA;NA;
4;22;1.04;0.75;0.91;NA;0.77;0.92;ND;1.15;ND;NA;NA;NA;
4;23;0.94;0.61;0.95;NA;0.92;0.67;ND;1.17;ND;NA;NA;NA;
5;0;0.99;0.71;0.87;NA;0.43;0.62;ND;1.14;ND;NA;NA;NA;
5;1;0.86;ND;0.29;NA;0.15;ND;ND;1.33;ND;NA;NA;NA;
5;2;0.9;0.99;0.59;NA;0.26;0.57;ND;1.17;ND;NA;NA;NA;
5;3;0.9;0.73;1.14;NA;0.13;0.58;ND;1.05;ND;NA;NA;NA;
5;4;0.81;0.61;0.21;NA;ND;0.4;ND;1.12;ND;NA;NA;NA;
5;5;1;0.71;0.37;NA;0.53;0.49;ND;1.22;ND;NA;NA;NA;
5;6;1.36;0.97;0.77;NA;1.07;0.73;ND;1.21;ND;NA;NA;NA;
5;7;1.39;1.06;1.87;NA;1.58;0.89;ND;1.18;ND;NA;NA;NA;
5;8;1.56;0.91;1.89;NA;0.63;0.84;ND;1.29;ND;NA;NA;NA;
5;9;1.36;0.95;1.65;NA;0.73;0.83;ND;1.26;ND;NA;NA;NA;
5;10;1.02;0.7;1.84;NA;1.36;0.7;ND;1.28;ND;NA;NA;NA;
5;11;1.25;0.75;1.98;NA;1.09;0.68;ND;1.5;ND;NA;NA;NA;
5;12;1.17;0.82;2.08;NA;0.85;0.71;ND;1.38;ND;NA;NA;NA;
5;13;1.07;0.7;2.09;NA;ND;0.81;ND;1.06;ND;NA;NA;NA;
5;14;1.32;0.79;2.52;NA;ND;0.82;ND;1.79;ND;NA;NA;NA;
5;15;1.02;0.7;2.25;NA;0.46;1.06;ND;1.46;ND;NA;NA;NA;
5;16;0.99;0.77;1.67;NA;0.35;0.68;ND;1.24;ND;NA;NA;NA;
5;17;1.08;0.85;1.78;NA;0.29;0.77;ND;1.2;ND;NA;NA;NA;
5;18;1.11;0.83;2.32;NA;0.47;0.95;ND;1.17;ND;NA;NA;NA;
5;19;1.18;0.6;2.02;NA;2.71;1.44;ND;1.3;ND;NA;NA;NA;
5;20;1.08;0.57;1.56;NA;2.46;1.54;ND;1.1;ND;NA;NA;NA;
5;21;1.03;0.68;0.96;NA;0.98;0.78;ND;1.13;ND;NA;NA;NA;
5;22;0.97;0.6;0.83;NA;1.07;0.53;ND;1.05;ND;NA;NA;NA;
5;23;0.85;0.62;0.47;NA;ND;0.56;ND;1.3;ND;NA;NA;NA;
6;0;0.84;0.77;0.63;NA;0.28;0.37;ND;1.14;ND;NA;NA;NA;
6;1;ND;0.77;ND;NA;0;0.55;ND;1.13;ND;NA;NA;NA;
6;2;1.07;0.65;0.62;NA;0;0.26;ND;1.11;ND;NA;NA;NA;
6;3;0.84;0.72;0.74;NA;0.33;0.41;ND;0.98;ND;NA;NA;NA;
6;4;1.1;0.9;0.51;NA;0.38;0.28;ND;1.16;ND;NA;NA;NA;
6;5;1.03;1.03;0.68;NA;0.65;0.44;ND;1.09;ND;NA;NA;NA;
6;6;1.73;1.37;1.39;NA;1.92;0.57;ND;1.55;ND;NA;NA;NA;
6;7;2.62;1.61;2.28;NA;1.43;1.02;ND;3.51;ND;NA;NA;NA;
6;8;3.24;1.54;3.11;NA;1.35;2.21;ND;1.88;ND;NA;NA;NA;
6;9;2.96;2.51;2.94;NA;1.98;1.65;ND;1.76;ND;NA;NA;NA;
6;10;2.62;1.86;2.45;NA;1.43;1.2;ND;1.71;ND;NA;NA;NA;
6;11;1.45;1.19;1.32;NA;1.59;1.34;ND;1.64;ND;NA;NA;NA;
6;12;1.49;0.95;1.34;NA;1.52;0.73;ND;1.54;ND;NA;NA;NA;
6;13;1.53;1.12;1.58;NA;1.86;1.04;ND;1.66;ND;NA;NA;NA;
6;14;1.37;1.16;1.92;NA;1.31;1.14;ND;1.75;ND;NA;NA;NA;
6;15;1.36;1.01;1.98;NA;1.37;1.17;ND;1.79;ND;NA;NA;NA;
6;16;1.21;0.84;1.59;NA;1.12;0.98;ND;1.37;ND;NA;NA;NA;
6;17;1.19;0.82;2.03;NA;1.01;1.18;ND;1.43;ND;NA;NA;NA;
6;18;1.04;0.8;2.12;NA;1.08;1.13;ND;1.52;ND;NA;NA;NA;
6;19;1.23;0.89;1.76;NA;1.54;1.23;ND;1.22;ND;NA;NA;NA;
6;20;1.43;0.83;1.67;NA;1.74;1.2;ND;1.25;ND;NA;NA;NA;
6;21;1.22;0.88;1.31;NA;0.52;0.88;ND;1.22;ND;NA;NA;NA;
6;22;0.97;0.9;0.81;NA;0.81;0.74;ND;1.19;ND;NA;NA;NA;
6;23;1.07;0.72;0.54;NA;0.44;0.69;ND;1.18;ND;NA;NA;NA;
7;0;0.97;0.93;0.39;NA;0.28;0.62;ND;1.05;ND;NA;NA;NA;
7;1;0.94;ND;ND;NA;0.42;ND;ND;1.07;ND;NA;NA;NA;
7;2;0.76;0.84;0.12;NA;0.1;0.55;ND;0.95;ND;NA;NA;NA;
7;3;1.09;0.87;0.21;NA;0.14;0.4;ND;1.05;ND;NA;NA;NA;
7;4;1.17;0.6;0.18;NA;0.1;0.4;ND;1.09;ND;NA;NA;NA;
7;5;1.1;0.61;0.52;NA;0.41;0.46;ND;1.14;ND;NA;NA;NA;
7;6;0.95;0.62;0.77;NA;1.74;1.14;ND;1.36;ND;NA;NA;NA;
7;7;1.8;1.12;1.56;NA;1.96;2.49;ND;1.29;ND;NA;NA;NA;
7;8;2.05;1.19;2.34;NA;1.67;2.57;ND;1.58;ND;NA;NA;NA;
7;9;2.31;1.27;2.36;NA;1.16;2.18;ND;1.61;ND;NA;NA;NA;
7;10;2.64;1.55;2.47;NA;1.38;1.73;ND;1.56;ND;NA;NA;NA;
7;11;2.11;1.23;2.68;NA;2.01;1.76;ND;ND;ND;NA;NA;NA;
7;12;1.57;1.88;1.82;NA;2.23;1.37;ND;ND;ND;NA;NA;NA;
7;13;1.36;1.34;1.41;NA;1.07;1.05;ND;2.02;ND;NA;NA;NA;
7;14;1.23;1.72;1.27;NA;1.05;1.3;ND;1.71;ND;NA;NA;NA;
7;15;1.15;1.6;1.4;NA;1.08;0.89;ND;1.17;ND;NA;NA;NA;
7;16;1.16;1.64;1.22;NA;0.6;0.71;ND;0.86;ND;NA;NA;NA;
7;17;1.1;1.47;1.38;NA;0.8;1.05;ND;0.72;ND;NA;NA;NA;
7;18;1.15;1.66;1.23;NA;0.89;1.01;ND;0.97;ND;NA;NA;NA;
7;19;1.15;1.51;1.12;NA;0.65;1.12;ND;0.9;ND;NA;NA;NA;
7;20;1.02;1.5;1;NA;0.72;0.83;ND;0.94;ND;NA;NA;NA;
7;21;1.22;1.33;1.15;NA;0.8;0.59;ND;0.97;ND;NA;NA;NA;
7;22;1.01;1.36;0.44;NA;0.44;0.54;ND;0.72;ND;NA;NA;NA;
7;23;1.2;1.45;0.52;NA;0.59;0.47;ND;0.79;ND;NA;NA;NA;
8;0;1.06;1.32;0.6;NA;0.09;0.5;ND;0.88;ND;NA;NA;NA;
8;1;ND;1.31;0.56;NA;0.36;0.45;ND;0.97;ND;NA;NA;NA;
8;2;0.9;1.2;0.84;NA;1.31;0.65;ND;1.09;ND;NA;NA;NA;
8;3;0.88;1.15;1.19;NA;0.61;0.89;ND;0.83;ND;NA;NA;NA;
8;4;0.97;1.27;1.15;NA;0.5;0.76;ND;0.91;ND;NA;NA;NA;
8;5;0.96;1.26;0.67;NA;0.6;0.73;ND;0.96;ND;NA;NA;NA;
8;6;1.1;1.16;0.62;NA;0.8;0.61;ND;1.03;ND;NA;NA;NA;
8;7;0.97;1.21;0.69;NA;1.29;0.75;ND;1.08;ND;NA;NA;NA;
8;8;1.21;1.3;0.81;NA;0.92;0.59;ND;0.94;ND;NA;NA;NA;
8;9;1.06;1.35;0.7;NA;0.56;0.58;ND;1.13;ND;NA;NA;NA;
8;10;1.2;1.29;0.78;NA;0.41;0.55;ND;0.98;ND;NA;NA;NA;
8;11;1.15;1.61;1.27;NA;0.74;0.53;ND;1.01;ND;NA;NA;NA;
8;12;1.09;1.13;1.14;NA;1.03;0.63;ND;2.35;ND;NA;NA;NA;
8;13;0.98;1.32;0.75;NA;0.8;0.32;ND;1.46;ND;NA;NA;NA;
8;14;1.09;1.49;0.54;NA;0.48;0.59;ND;1;ND;NA;NA;NA;
8;15;1.09;1.06;0.54;NA;0.39;0.76;ND;1.25;ND;NA;NA;NA;
8;16;1.19;1.22;0.51;NA;0.3;0.66;ND;1.49;ND;NA;NA;NA;
8;17;1.22;1.14;1.6;NA;0.47;0.57;ND;1.23;ND;NA;NA;NA;
8;18;1.44;1.29;0.7;NA;0.43;0.69;ND;1.03;ND;NA;NA;NA;
8;19;2.17;1.49;1.27;NA;0.31;0.56;ND;1.36;ND;NA;NA;NA;
8;20;2.25;1.45;1.14;NA;0.1;0.97;ND;1.1;ND;NA;NA;NA;
8;21;1.73;1.18;0.81;NA;0.3;1.17;ND;0.99;ND;NA;NA;NA;
8;22;1.48;1.15;1.21;NA;0.66;0.93;ND;1.4;ND;NA;NA;NA;
8;23;1.39;1.48;0.95;NA;0.78;1.07;ND;1.24;ND;NA;NA;NA;
9;0;1.46;1.51;0.55;NA;1.71;0.98;ND;1.13;ND;NA;NA;NA;
9;1;1.32;ND;ND;NA;1.21;ND;ND;1.34;ND;NA;NA;NA;
9;2;1.33;1.75;0.43;NA;1.48;1.4;ND;1.53;ND;NA;NA;NA;
9;3;1.23;1.53;0.22;NA;0.85;0.99;ND;1.84;ND;NA;NA;NA;
9;4;1.23;1.31;0.62;NA;5.56;1.24;ND;2.25;ND;NA;NA;NA;
9;5;1.54;1.73;0.95;NA;11.58;1.56;ND;3.38;ND;NA;NA;NA;
9;6;2.54;2.11;1.22;NA;6.43;2.42;ND;3.5;ND;NA;NA;NA;
9;7;4.03;2.44;1.51;NA;6.13;4.7;ND;3.84;ND;NA;NA;NA;
9;8;4.27;2.32;4.57;NA;8.44;5.4;ND;4.14;ND;NA;NA;NA;
9;9;5.4;1.81;6.01;NA;7.12;4.61;ND;4.01;ND;NA;NA;NA;
9;10;4.31;1.62;5.54;NA;3.78;2.15;ND;3.69;ND;NA;NA;NA;
9;11;2.63;ND;4.29;NA;4.43;1.94;ND;2.95;ND;NA;NA;NA;
9;12;2.01;ND;3.01;NA;2.59;1.2;ND;2.29;ND;NA;NA;NA;
9;13;1.7;1.92;2.65;NA;2.26;1.23;ND;2.84;ND;NA;NA;NA;
9;14;1.4;1.95;1.56;NA;1.44;1.49;ND;2.39;ND;NA;NA;NA;
9;15;1.35;1.41;2.11;NA;1.13;1.51;ND;1.8;ND;NA;NA;NA;
9;16;1.3;1.11;1.87;NA;0.76;1.18;ND;1.37;ND;NA;NA;NA;
9;17;1.28;1.76;1.62;NA;1.25;1.69;ND;1.47;ND;NA;NA;NA;
9;18;2.01;1.6;1.81;NA;1.63;2.09;ND;1.7;ND;NA;NA;NA;
9;19;3.4;1.75;1.93;NA;1.37;1.53;ND;3.55;ND;NA;NA;NA;
9;20;2.64;1.95;1.75;NA;2.81;2.07;ND;15.22;ND;NA;NA;NA;
9;21;2.84;2.35;2.45;NA;9.5;3.1;ND;4.38;ND;NA;NA;NA;
9;22;2.17;1.82;1.75;NA;6.11;1.43;ND;2.29;ND;NA;NA;NA;
9;23;1.74;1.45;2.04;NA;3.65;1.33;ND;1.9;ND;NA;NA;NA;
10;0;1.99;1.6;1.68;NA;6.11;1.68;ND;2.04;ND;NA;NA;NA;
10;1;ND;1.99;1.26;NA;8.67;2.24;ND;2.3;ND;NA;NA;NA;
10;2;1.79;2.25;1.93;NA;15.89;2.4;ND;2.64;ND;NA;NA;NA;
10;3;1.78;2.01;2.44;NA;12.64;2.15;ND;2.46;ND;NA;NA;NA;
10;4;1.2;1.57;1.54;NA;4.49;2.71;ND;3.18;ND;NA;NA;NA;
10;5;2.13;1.88;1.41;NA;3.65;2.64;ND;4.39;ND;NA;NA;NA;
10;6;2.85;2.41;1.7;NA;8.55;2.15;ND;3.32;ND;NA;NA;NA;
10;7;2.25;2.46;1.51;NA;6.51;2.13;ND;3.33;ND;NA;NA;NA;
10;8;2.25;2.28;2.36;NA;3.83;1.92;ND;3.6;ND;NA;NA;NA;
10;9;2.35;1.72;2.24;NA;3.8;2.21;ND;3.49;ND;NA;NA;NA;
10;10;2.4;1.68;3.61;NA;3.28;1.97;ND;2.41;ND;NA;NA;NA;
10;11;1.92;1.41;2.61;NA;3.42;1.67;ND;2.22;ND;NA;NA;NA;
10;12;1.6;1.28;2.34;NA;1.65;2.04;ND;2.08;ND;NA;NA;NA;
10;13;1.29;1.13;2.13;NA;1.31;1.49;ND;2.05;ND;NA;NA;NA;
10;14;1.37;1.12;1.93;NA;0.98;1.33;ND;1.68;ND;NA;NA;NA;
10;15;1.37;1.05;2.52;NA;6.52;2.18;ND;1.6;ND;NA;NA;NA;
10;16;1.53;1.28;2.97;NA;11.95;3.4;ND;2.65;ND;NA;NA;NA;
10;17;1.59;1.42;4.1;NA;11.51;3.02;ND;3.64;ND;NA;NA;NA;
10;18;1.63;3.25;4.3;NA;10.73;3.18;ND;6.02;ND;NA;NA;NA;
10;19;2.35;2.91;3.73;NA;10.34;4.58;ND;9.4;ND;NA;NA;NA;
10;20;1.68;2.23;2.62;NA;9.7;5.71;ND;14.4;ND;NA;NA;NA;
10;21;1.62;2.52;1.97;NA;2.69;2.82;ND;5.84;ND;NA;NA;NA;
10;22;2.04;1.76;2.34;NA;3.73;3.19;ND;7.11;ND;NA;NA;NA;
10;23;1.47;1.47;2.05;NA;3.59;2.42;ND;6.13;ND;NA;NA;NA;
11;0;1.61;1.55;1.65;NA;1.95;2.22;ND;2.86;ND;NA;NA;NA;
11;1;1.78;ND;ND;NA;ND;ND;ND;3.04;ND;NA;NA;NA;
11;2;2.02;1.75;1.11;NA;3.04;1.26;ND;4.99;ND;NA;NA;NA;
11;3;2.16;1.91;0.79;NA;2.16;1.84;ND;4.76;ND;NA;NA;NA;
11;4;2.09;1.84;0.88;NA;6.99;1.97;ND;3.86;ND;NA;NA;NA;
11;5;3.43;2.04;1.35;NA;7.61;1.85;ND;2.86;ND;NA;NA;NA;
11;6;4.2;3.94;5.59;NA;4.31;3.36;ND;2.93;ND;NA;NA;NA;
11;7;4.75;4.77;5.9;NA;2.95;3.53;ND;6.12;ND;NA;NA;NA;
11;8;5.24;3.5;3.39;NA;2.13;2.04;ND;8.34;ND;NA;NA;NA;
11;9;4.96;2.2;2.82;NA;2.02;2.21;ND;5.75;ND;NA;NA;NA;
11;10;4.22;1.56;4.64;NA;2.64;2.13;ND;2.88;ND;NA;NA;NA;
11;11;2.7;1.52;4.79;NA;5.76;2.6;ND;3.3;ND;NA;NA;NA;
11;12;2.33;1.12;2.61;NA;3.47;2.26;ND;2.8;ND;NA;NA;NA;
11;13;1.58;1.46;1.59;NA;1.27;1.7;ND;2;ND;NA;NA;NA;
11;14;1.56;1.1;1.23;NA;0.85;1.43;ND;2.04;ND;NA;NA;NA;
11;15;1.56;1.07;1.64;NA;0.88;1.24;ND;1.74;ND;NA;NA;NA;
11;16;1.53;1.11;2.99;NA;0.69;0.98;ND;1.63;ND;NA;NA;NA;
11;17;1.54;1.16;3.02;NA;1.11;0.87;ND;1.82;ND;NA;NA;NA;
11;18;1.55;1.09;3.73;NA;1.3;1.22;ND;1.74;ND;NA;NA;NA;
11;19;1.63;0.91;1.95;NA;1.46;1.29;ND;1.72;ND;NA;NA;NA;
11;20;1.5;1.13;2.35;NA;0.96;1.32;ND;1.53;ND;NA;NA;NA;
11;21;1.42;1.38;1.62;NA;0.78;0.98;ND;1.66;ND;NA;NA;NA;
11;22;1.48;1.37;1.11;NA;0.68;0.86;ND;1.18;ND;NA;NA;NA;
11;23;1.74;1.53;1.44;NA;0.71;0.95;ND;1.47;ND;NA;NA;NA;
12;0;1.35;1.71;0.89;NA;0.75;1.12;ND;1.32;ND;NA;NA;NA;
12;1;ND;1.9;0.86;NA;0.21;1.08;ND;1.24;ND;NA;NA;NA;
12;2;1.55;1.35;0.65;NA;5.75;0.87;ND;1.35;ND;NA;NA;NA;
12;3;1.47;1.94;0.83;NA;1.4;0.77;ND;1.27;ND;NA;NA;NA;
12;4;1.34;1.7;1.06;NA;1.32;0.98;ND;1.21;ND;NA;NA;NA;
12;5;1.64;1.76;0.75;NA;2.04;0.97;ND;1.4;ND;NA;NA;NA;
12;6;2.3;1.54;1.52;NA;1.61;1.09;ND;1.56;ND;NA;NA;NA;
12;7;3.73;2.35;2.72;NA;2.56;2.49;ND;1.74;ND;NA;NA;NA;
12;8;7.44;2.86;3.37;NA;1.78;2.21;ND;1.72;ND;NA;NA;NA;
12;9;6.23;2.6;2.67;NA;1.41;1.81;ND;11.61;ND;NA;NA;NA;
12;10;4.39;1.83;1.25;NA;2.54;1.43;ND;4.59;ND;NA;NA;NA;
12;11;3.35;1.8;2.49;NA;2.12;1.29;ND;2.32;ND;NA;NA;NA;
12;12;1.95;1.5;2.41;NA;2.34;1.53;ND;1.95;ND;NA;NA;NA;
12;13;1.73;1.97;1.53;NA;3.15;1.29;ND;1.55;ND;NA;NA;NA;
12;14;1.82;1.48;1.63;NA;4.58;1.55;ND;1.58;ND;NA;NA;NA;
12;15;2.01;1.63;2.2;NA;2.56;1.36;ND;1.4;ND;NA;NA;NA;
12;16;1.42;1.53;1.6;NA;1.88;1.52;ND;1.34;ND;NA;NA;NA;
12;17;1.35;1.57;0.93;NA;1.51;1.59;ND;1.35;ND;NA;NA;NA;
12;18;1.4;1.77;2.02;NA;0.92;1.81;ND;1.63;ND;NA;NA;NA;
12;19;1.62;1.95;2.01;NA;1.47;1.95;ND;1.45;ND;NA;NA;NA;
12;20;1.5;1.96;3.05;NA;2.69;2.28;ND;1.34;ND;NA;NA;NA;
12;21;1.85;1.81;2.17;NA;1.99;2.25;ND;1.27;ND;NA;NA;NA;
12;22;1.76;1.52;0.93;NA;1.35;1.87;ND;1.39;ND;NA;NA;NA;
12;23;2.15;1.71;1.67;NA;1.23;1.69;ND;1.89;ND;NA;NA;NA;
13;0;1.49;1.79;2.1;NA;1.77;2.19;ND;1.74;ND;NA;NA;NA;
13;1;1.59;ND;ND;NA;ND;ND;ND;1.5;ND;NA;NA;NA;
13;2;1.4;1.86;2.63;NA;2.68;3.17;ND;1.47;ND;NA;NA;NA;
13;3;1.83;1.31;3.01;NA;3.22;2.72;ND;1.26;ND;NA;NA;NA;
13;4;1.76;1.55;4.2;NA;2.84;3.32;ND;1.4;ND;NA;NA;NA;
13;5;2.69;1.62;5.17;NA;5.04;4.19;ND;1.34;ND;NA;NA;NA;
13;6;2.53;2.14;4.42;NA;5.77;4.6;ND;1.38;ND;NA;NA;NA;
13;7;3.38;2.46;5.59;NA;7.17;6.63;ND;1.24;ND;NA;NA;NA;
13;8;3.79;1.89;6.11;NA;5.67;4.78;ND;1.52;ND;NA;NA;NA;
13;9;4.09;1.75;5.28;NA;4.92;5.24;ND;1.58;ND;NA;NA;NA;
13;10;2.74;1.74;4.04;NA;3.54;3.65;ND;1.48;ND;NA;NA;NA;
13;11;2.6;1.61;2.86;NA;3.87;2.83;ND;1.71;ND;NA;NA;NA;
13;12;2.39;1.49;2.7;NA;2.75;2.68;ND;1.53;ND;NA;NA;NA;
13;13;2.29;1.67;2.02;NA;2.77;1.97;ND;1.74;ND;NA;NA;NA;
13;14;1.86;1.47;2.98;NA;2.73;1.94;ND;1.79;ND;NA;NA;NA;
13;15;1.5;1.79;2.43;NA;2.68;2.12;ND;1.81;ND;NA;NA;NA;
13;16;1.36;1.71;1.2;NA;1.65;1.75;ND;1.89;ND;NA;NA;NA;
13;17;1.36;1.82;1.42;NA;2.04;1.9;ND;1.72;ND;NA;NA;NA;
13;18;1.68;1.8;1.42;NA;1.87;1.6;ND;1.64;ND;NA;NA;NA;
13;19;2.33;1.78;4.55;NA;2.26;2.47;ND;1.59;ND;NA;NA;NA;
13;20;2.88;1.93;3.8;NA;3.04;3.91;ND;1.47;ND;NA;NA;NA;
13;21;3.11;1.69;1.5;NA;2.53;3.5;ND;1.37;ND;NA;NA;NA;
13;22;2.7;1.73;1.44;NA;3.2;3.44;ND;1.54;ND;NA;NA;NA;
13;23;2.56;1.72;1.95;NA;3.11;2.31;ND;1.87;ND;NA;NA;NA;
14;0;2.89;1.78;2.91;NA;1.39;2.03;ND;2.06;ND;NA;NA;NA;
14;1;ND;3.21;2.26;NA;2.59;1.87;ND;2.54;ND;NA;NA;NA;
14;2;2.3;2.32;2.22;NA;1.92;1.6;ND;2.12;ND;NA;NA;NA;
14;3;1.67;2.17;2.23;NA;2.55;2.07;ND;2.15;ND;NA;NA;NA;
14;4;1.8;1.74;2.81;NA;1.96;1.88;ND;2.15;ND;NA;NA;NA;
14;5;3.5;1.98;2.6;NA;2.43;2.42;ND;2.74;ND;NA;NA;NA;
14;6;4.09;2.33;3.02;NA;3.42;2.93;ND;2.62;ND;NA;NA;NA;
14;7;3.43;2.93;4.94;NA;4.8;3.93;ND;5.42;ND;NA;NA;NA;
14;8;2.77;2.57;7.07;NA;4.39;4.47;ND;10.51;ND;NA;NA;NA;
14;9;2.51;2.13;3.33;NA;3.18;3.61;ND;5.88;ND;NA;NA;NA;
14;10;1.9;1.64;2.3;NA;2.32;2.45;ND;3.13;ND;NA;NA;NA;
14;11;1.79;1.33;1.65;NA;2.28;2.6;ND;2.31;ND;NA;NA;NA;
14;12;1.79;1.47;1.55;NA;1.72;1.89;ND;2.61;ND;NA;NA;NA;
14;13;1.73;1.4;1.48;NA;1.49;1.37;ND;1.58;ND;NA;NA;NA;
14;14;1.4;1.17;1.33;NA;1.69;1.38;ND;1.64;ND;NA;NA;NA;
14;15;1.45;1.37;1.11;NA;1.8;0.9;ND;1.76;ND;NA;NA;NA;
14;16;1.21;1.7;1.36;NA;1.69;0.91;ND;1.71;ND;NA;NA;NA;
14;17;1.69;1.62;2.26;NA;1.6;1.21;ND;2.01;ND;NA;NA;NA;
14;18;1.45;1.79;2.18;NA;1.47;1.46;ND;1.63;ND;NA;NA;NA;
14;19;1.38;2.02;2.61;NA;1.32;1.39;ND;1.36;ND;NA;NA;NA;
14;20;1.71;1.89;2.55;NA;1.36;1.44;ND;1.35;ND;NA;NA;NA;
14;21;1.75;1.69;1.78;NA;1.37;1.36;ND;1.15;ND;NA;NA;NA;
14;22;1.86;1.7;0.86;NA;1.15;1.2;ND;1.01;ND;NA;NA;NA;
14;23;2.01;1.45;0.87;NA;0.96;1.7;ND;1.08;ND;NA;NA;NA;
15;0;1.33;1.17;0.96;NA;0.39;1.26;ND;1.3;ND;NA;NA;NA;
15;1;1.27;ND;ND;NA;ND;ND;ND;1.28;ND;NA;NA;NA;
15;2;1.45;1.54;0.49;NA;0.49;1.05;ND;1.11;ND;NA;NA;NA;
15;3;1.18;1.34;0.41;NA;0.22;0.84;ND;1.23;ND;NA;NA;NA;
15;4;1.23;1.21;0.73;NA;0.17;0.63;ND;1.16;ND;NA;NA;NA;
15;5;1.07;1.3;0.8;NA;0.43;0.63;ND;1.16;ND;NA;NA;NA;
15;6;1.2;1.22;0.61;NA;0.38;0.82;ND;1.16;ND;NA;NA;NA;
15;7;1.54;1.24;1.58;NA;1.33;1.25;ND;1.18;ND;NA;NA;NA;
15;8;1.84;1.25;2.36;NA;6.19;1.89;ND;1.32;ND;NA;NA;NA;
15;9;1.64;1.37;1.57;NA;2.9;1.91;ND;1.35;ND;NA;NA;NA;
15;10;1.49;1.3;0.67;NA;1.49;0.79;ND;1.46;ND;NA;NA;NA;
15;11;1.47;1.32;0.68;NA;1.29;0.74;ND;1.19;ND;NA;NA;NA;
15;12;1.6;1.47;2.06;NA;1.41;0.72;ND;1.4;ND;NA;NA;NA;
15;13;2.13;1.31;2.66;NA;1.86;1.14;ND;1.71;ND;NA;NA;NA;
15;14;1.54;1.19;1.72;NA;1.07;1.25;ND;1.66;ND;NA;NA;NA;
15;15;1.35;1.19;1.28;NA;0.77;1.17;ND;1.37;ND;NA;NA;NA;
15;16;1.44;1.16;1.42;NA;0.71;0.78;ND;1.5;ND;NA;NA;NA;
15;17;1.26;1.27;0.72;NA;1.25;0.91;ND;1.13;ND;NA;NA;NA;
15;18;1.58;1.47;0.91;NA;0.96;1.23;ND;0.94;ND;NA;NA;NA;
15;19;2.23;1.4;1.04;NA;0.74;1.09;ND;1.07;ND;NA;NA;NA;
15;20;1.36;1.46;0.93;NA;0.27;0.79;ND;1.22;ND;NA;NA;NA;
15;21;1.44;1.26;0.85;NA;0.38;0.83;ND;1.06;ND;NA;NA;NA;
15;22;1.17;1.25;1.01;NA;0.76;0.92;ND;1.04;ND;NA;NA;NA;
15;23;1.07;1.19;0.71;NA;1.47;0.7;ND;1.16;ND;NA;NA;NA;
16;0;1.08;1.41;0.81;NA;2.46;1.06;ND;0.92;ND;NA;NA;NA;
16;1;ND;1.46;0.89;NA;3.11;2.28;ND;1.13;ND;NA;NA;NA;
16;2;1.12;1.38;1.35;NA;7.35;3.17;ND;1.03;ND;NA;NA;NA;
16;3;1.14;1.62;1.02;NA;6.97;2.17;ND;1.05;ND;NA;NA;NA;
16;4;1.08;1.37;1.4;NA;1.66;1.76;ND;1.06;ND;NA;NA;NA;
16;5;1.6;1.95;0.93;NA;1.49;1.75;ND;1.08;ND;NA;NA;NA;
16;6;2.26;2.03;1.23;NA;2.24;2.33;ND;1.34;ND;NA;NA;NA;
16;7;1.72;1.91;2.41;NA;4.29;2.42;ND;1.76;ND;NA;NA;NA;
16;8;1.88;1.84;2.06;NA;2.29;1.73;ND;1.97;ND;NA;NA;NA;
16;9;2.53;1.54;2.71;NA;2.74;1.92;ND;2.11;ND;NA;NA;NA;
16;10;2.26;1.49;1.94;NA;1.49;1.08;ND;ND;ND;NA;NA;NA;
16;11;2.28;1.65;1.08;NA;1.97;1.01;ND;1.52;ND;NA;NA;NA;
16;12;2;1.28;1.3;NA;1.69;0.58;ND;1.56;ND;NA;NA;NA;
16;13;1.55;1.19;1.64;NA;2.08;0.96;ND;1.67;ND;NA;NA;NA;
16;14;1.27;1.28;1.3;NA;1.01;1.01;ND;ND;ND;NA;NA;NA;
16;15;1.24;1.64;1.77;NA;1.3;0.86;ND;ND;ND;NA;NA;NA;
16;16;1.25;1.4;1.61;NA;1.12;1.07;ND;1.18;ND;NA;NA;NA;
16;17;1.8;1.76;1.17;NA;1.87;1.41;ND;1.95;ND;NA;NA;NA;
16;18;1.56;2.09;1.49;NA;1.97;2.06;ND;1.5;ND;NA;NA;NA;
16;19;1.77;1.75;3.66;NA;3.23;2.28;ND;1.37;ND;NA;NA;NA;
16;20;1.62;1.33;5.32;NA;2.32;3.47;ND;1.37;ND;NA;NA;NA;
16;21;1.5;1.45;5.87;NA;3.41;3.13;ND;1.62;ND;NA;NA;NA;
16;22;1.13;1.28;5.96;NA;1.99;3.17;ND;1.55;ND;NA;NA;NA;
16;23;1.17;1.5;4.62;NA;3.63;3.6;ND;0.95;ND;NA;NA;NA;
17;0;1.2;1.42;3.85;NA;3.5;3.81;ND;1.06;ND;NA;NA;NA;
17;1;1.08;ND;ND;NA;ND;ND;ND;1.18;ND;NA;NA;NA;
17;2;1.08;1.22;1.64;NA;3.62;4.38;ND;0.85;ND;NA;NA;NA;
17;3;1.04;1.18;2.44;NA;2.59;3.82;ND;0.88;ND;NA;NA;NA;
17;4;1.11;1.05;2.1;NA;2.28;3.03;ND;0.92;ND;NA;NA;NA;
17;5;1;1.17;1.94;NA;2.42;2.41;ND;0.75;ND;NA;NA;NA;
17;6;1.36;1;2.33;NA;3.06;2.56;ND;0.97;ND;NA;NA;NA;
17;7;1.46;1.38;3.72;NA;23.01;2.91;ND;1.19;ND;NA;NA;NA;
17;8;2.57;1.41;3.14;NA;5.58;2.44;ND;1.13;ND;NA;NA;NA;
17;9;4.33;1.47;2.75;NA;2.65;1.41;ND;1.07;ND;NA;NA;NA;
17;10;3.08;1.86;2.27;NA;2.19;1.27;ND;1.57;ND;NA;NA;NA;
17;11;2.58;2.17;3.25;NA;ND;1.71;ND;1.61;ND;NA;NA;NA;
17;12;4.3;2.07;3.1;NA;3.24;1.9;ND;9.96;ND;NA;NA;NA;
17;13;2.65;2.19;2.33;NA;8.87;3.07;ND;10.45;ND;NA;NA;NA;
17;14;2.27;1.53;2.79;NA;3.54;1.82;ND;4.4;ND;NA;NA;NA;
17;15;1.6;1.52;1.96;NA;3.03;2.03;ND;1.98;ND;NA;NA;NA;
17;16;1.44;1.74;2.67;NA;1.7;1.7;ND;1.44;ND;NA;NA;NA;
17;17;1.27;1.49;2.38;NA;1.47;1.25;ND;1.38;ND;NA;NA;NA;
17;18;1.74;1.74;2.58;NA;1.29;1.71;ND;1.53;ND;NA;NA;NA;
17;19;1.98;1.86;3.11;NA;2.4;2.66;ND;1.38;ND;NA;NA;NA;
17;20;1.69;1.35;1.89;NA;2.31;3.03;ND;0.91;ND;NA;NA;NA;
17;21;1.8;1.39;1.58;NA;5.01;2.14;ND;0.96;ND;NA;NA;NA;
17;22;1.41;ND;1.51;NA;6.46;2.32;ND;0.86;ND;NA;NA;NA;
17;23;2.35;ND;4.18;NA;8.96;3.78;ND;1.01;ND;NA;NA;NA;
18;0;7.29;4.22;4.84;NA;9.2;2.81;ND;0.92;ND;NA;NA;NA;
18;1;ND;8.14;4.01;NA;39.39;ND;ND;1.15;ND;NA;NA;NA;
18;2;2.98;7.43;3.22;NA;26.77;4.97;ND;1.42;ND;NA;NA;NA;
18;3;4.23;7.12;4.41;NA;9.51;4.06;ND;1.28;ND;NA;NA;NA;
18;4;3.29;6.16;3.01;NA;4.16;2.42;ND;1.52;ND;NA;NA;NA;
18;5;3.37;6.13;2.07;NA;1.9;2.43;ND;2.16;ND;NA;NA;NA;
18;6;4.5;6.79;3.72;NA;4.58;3.1;ND;3.39;ND;NA;NA;NA;
18;7;4.89;4.97;6.01;NA;28.06;6.42;ND;4.68;ND;NA;NA;NA;
18;8;4.96;6.51;6.35;NA;10.85;6.53;ND;13.3;ND;NA;NA;NA;
18;9;6.16;8.1;3.84;NA;5.49;3.84;ND;6.81;ND;NA;NA;NA;
18;10;4.16;2.67;2.75;NA;3.81;2.35;ND;10.98;ND;NA;NA;NA;
18;11;3.21;2.12;3.03;NA;ND;2.2;ND;13.29;ND;NA;NA;NA;
18;12;1.95;1.7;2.19;NA;ND;1.38;ND;5.72;ND;NA;NA;NA;
18;13;1.61;1.66;1.78;NA;1.97;1.25;ND;7.63;ND;NA;NA;NA;
18;14;1.61;1.6;1.43;NA;1.33;1.03;ND;2.49;ND;NA;NA;NA;
18;15;1.51;1.3;1.52;NA;1.42;1.21;ND;4.04;ND;NA;NA;NA;
18;16;1.62;1.64;1.42;NA;2.07;2.14;ND;3.77;ND;NA;NA;NA;
18;17;1.52;2.11;2.73;NA;2.02;2.54;ND;ND;ND;NA;NA;NA;
18;18;1.59;2.42;2.85;NA;2.7;2.47;ND;ND;ND;NA;NA;NA;
18;19;1.95;2.65;3.36;NA;2.61;2.71;ND;ND;ND;NA;NA;NA;
18;20;2.06;2.46;3.28;NA;4.51;3.05;ND;8.89;ND;NA;NA;NA;
18;21;1.98;2.57;5.58;NA;5.76;2.62;ND;14.64;ND;NA;NA;NA;
18;22;1.91;2.17;5.92;NA;3.58;2.15;ND;7.25;ND;NA;NA;NA;
18;23;1.76;1.83;3.77;NA;2.2;1.85;ND;5.77;ND;NA;NA;NA;
19;0;1.61;2.22;3.34;NA;2.03;2.02;ND;8.17;ND;NA;NA;NA;
19;1;1.79;ND;ND;NA;ND;1.72;ND;ND;ND;NA;NA;NA;
19;2;1.62;2.71;1.73;NA;6.21;1.58;ND;ND;ND;NA;NA;NA;
19;3;1.48;2.55;2;NA;2.67;1.61;ND;7.19;ND;NA;NA;NA;
19;4;1.68;2.17;1.7;NA;2.44;1.81;ND;16.18;ND;NA;NA;NA;
19;5;1.75;1.97;1.52;NA;2.85;1.78;ND;57.42;ND;NA;NA;NA;
19;6;1.79;1.81;1.77;NA;3.22;1.68;ND;11.96;ND;NA;NA;NA;
19;7;2.21;1.86;2.27;NA;2.49;1.3;ND;31.52;ND;NA;NA;NA;
19;8;ND;2.13;3.11;NA;2.72;1.56;ND;21.43;ND;NA;NA;NA;
19;9;3.61;1.96;1.88;NA;5.47;1.04;ND;17.11;ND;NA;NA;NA;
19;10;2.4;1.6;2.29;NA;3.45;0.96;ND;7.53;ND;NA;NA;NA;
19;11;2.34;1.66;2.03;NA;2.81;1.58;ND;6.5;ND;NA;NA;NA;
19;12;2.37;1.77;2;NA;1.96;1.15;ND;3.66;ND;NA;NA;NA;
19;13;1.95;1.69;2.15;NA;1.06;0.93;ND;3;ND;NA;NA;NA;
19;14;1.86;1.3;2.38;NA;0.9;1.1;ND;2.78;ND;NA;NA;NA;
19;15;1.96;1.27;2.98;NA;0.87;1.2;ND;2.68;ND;NA;NA;NA;
19;16;1.85;1.6;3.47;NA;1.16;0.91;ND;3.25;ND;NA;NA;NA;
19;17;2.07;1.8;3.01;NA;0.67;1.08;ND;2.54;ND;NA;NA;NA;
19;18;2.15;1.95;1.66;NA;1.11;1.1;ND;2.5;ND;NA;NA;NA;
19;19;2.13;1.95;1.42;NA;1.35;1.32;ND;2.71;ND;NA;NA;NA;
19;20;2.64;1.86;1.49;NA;1.47;1.44;ND;10.24;ND;NA;NA;NA;
19;21;3.65;3.06;1.84;NA;1.07;1.18;ND;7.69;ND;NA;NA;NA;
19;22;4.21;2.72;1.39;NA;2.27;1.29;ND;5.14;ND;NA;NA;NA;
19;23;2.56;3.93;1.17;NA;3.27;1.59;ND;9.48;ND;NA;NA;NA;
20;0;2.36;2.44;2.79;NA;2.23;1.68;ND;7.2;ND;NA;NA;NA;
20;1;ND;2.05;3.24;NA;1.74;ND;ND;3.42;ND;NA;NA;NA;
20;2;2.46;1.89;1.82;NA;3.11;1.66;ND;3.25;ND;NA;NA;NA;
20;3;2.46;2.01;1.98;NA;9.07;1.39;ND;6.75;ND;NA;NA;NA;
20;4;2.71;1.75;3.55;NA;2.84;1.25;ND;6.54;ND;NA;NA;NA;
20;5;2.79;1.7;3.62;NA;2.25;1.89;ND;4.55;ND;NA;NA;NA;
20;6;2.92;1.81;3.13;NA;2.86;1.87;ND;2.97;ND;NA;NA;NA;
20;7;3.05;1.82;3.16;NA;7.73;2.29;ND;2.17;ND;NA;NA;NA;
20;8;3.23;2.12;3.32;NA;7.26;2.57;ND;2.46;ND;NA;NA;NA;
20;9;4.54;1.85;3.77;NA;4.43;2.54;ND;2.15;ND;NA;NA;NA;
20;10;4.33;1.87;2.21;NA;3.12;2.42;ND;2.27;ND;NA;NA;NA;
20;11;4.59;2.17;2.85;NA;2.39;2.18;ND;2.06;ND;NA;NA;NA;
20;12;4.37;2.09;3.69;NA;2.96;1.88;ND;2.67;ND;NA;NA;NA;
20;13;3.13;2.06;3.03;NA;2.26;1.91;ND;2.9;ND;NA;NA;NA;
20;14;2.48;1.65;2.14;NA;1.43;0.92;ND;4.25;ND;NA;NA;NA;
20;15;2.22;1.92;1.37;NA;1.98;1.17;ND;2.93;ND;NA;NA;NA;
20;16;2.37;2.11;2.27;NA;0.97;1.02;ND;2.01;ND;NA;NA;NA;
20;17;2.01;1.8;2.37;NA;1.27;1.05;ND;1.99;ND;NA;NA;NA;
20;18;2.44;2.05;2.93;NA;1.24;1.47;ND;1.47;ND;NA;NA;NA;
20;19;2.25;1.83;2.09;NA;0.93;1.55;ND;1.49;ND;NA;NA;NA;
20;20;2.74;1.99;1.7;NA;1.36;1.27;ND;1.97;ND;NA;NA;NA;
20;21;2.55;1.96;2.48;NA;3.32;1.89;ND;2.38;ND;NA;NA;NA;
20;22;4.44;2.11;2.71;NA;4.1;2.03;ND;1.85;ND;NA;NA;NA;
20;23;3.43;2.29;4.99;NA;2.03;1.67;ND;1.77;ND;NA;NA;NA;
21;0;3.22;2.06;6.01;NA;2.83;2.7;ND;1.67;ND;NA;NA;NA;
21;1;2.75;ND;ND;NA;ND;3.72;ND;1.81;ND;NA;NA;NA;
21;2;3.2;1.81;2.97;NA;3.57;3.4;ND;1.77;ND;NA;NA;NA;
21;3;3.24;1.51;2.55;NA;2.38;2.77;ND;1.79;ND;NA;NA;NA;
21;4;2.81;1.58;3.18;NA;2.42;2.36;ND;1.69;ND;NA;NA;NA;
21;5;2.83;1.66;3.84;NA;2.89;2.21;ND;1.7;ND;NA;NA;NA;
21;6;2.82;1.91;3.87;NA;7.38;3.32;ND;2.22;ND;NA;NA;NA;
21;7;3.8;5.96;11.16;NA;8.73;3.8;ND;2.5;ND;NA;NA;NA;
21;8;3.99;5.06;6.08;NA;9.63;4.38;ND;4.72;ND;NA;NA;NA;
21;9;3.4;2.62;3.65;NA;6.43;3.09;ND;7.31;ND;NA;NA;NA;
21;10;2.88;2.24;3.98;NA;4.28;2.7;ND;4.26;ND;NA;NA;NA;
21;11;2.55;1.85;2.33;NA;3.4;1.86;ND;ND;ND;NA;NA;NA;
21;12;2.14;1.58;2.22;NA;2.16;2.02;ND;2.49;ND;NA;NA;NA;
21;13;2.04;2.12;2.14;NA;1.69;2.18;ND;2.19;ND;NA;NA;NA;
21;14;2.31;2.07;1.97;NA;1.54;2.02;ND;2.11;ND;NA;NA;NA;
21;15;1.84;1.9;1.76;NA;1.5;2.21;ND;1.98;ND;NA;NA;NA;
21;16;2.18;1.57;3.22;NA;1.08;1.81;ND;2.17;ND;NA;NA;NA;
21;17;2.09;1.75;3.89;NA;0.95;1.71;ND;2.07;ND;NA;NA;NA;
21;18;2.22;1.83;2.43;NA;2.45;2.1;ND;1.89;ND;NA;NA;NA;
21;19;2.42;1.81;2.6;NA;2.42;1.81;ND;1.66;ND;NA;NA;NA;
21;20;2.21;1.75;2.34;NA;1.35;1.4;ND;1.57;ND;NA;NA;NA;
21;21;2.07;1.59;1.34;NA;1.17;1.36;ND;1.45;ND;NA;NA;NA;
21;22;2.22;1.54;1.12;NA;0.96;0.98;ND;1.62;ND;NA;NA;NA;
21;23;2.13;1.51;0.85;NA;0.68;0.95;ND;1.43;ND;NA;NA;NA;
22;0;2.08;1.28;0.65;NA;0.62;0.82;ND;1.27;ND;NA;NA;NA;
22;1;ND;1.35;0.34;NA;0.65;ND;ND;1.34;ND;NA;NA;NA;
22;2;1.92;1.28;0.44;NA;0.29;0.87;ND;1.43;ND;NA;NA;NA;
22;3;1.68;1.23;0.29;NA;0.46;0.59;ND;1.25;ND;NA;NA;NA;
22;4;1.69;1.07;0.34;NA;0.48;0.64;ND;1.54;ND;NA;NA;NA;
22;5;1.64;1.4;0.48;NA;0.81;0.63;ND;1.42;ND;NA;NA;NA;
22;6;1.78;0.99;0.21;NA;0.84;0.76;ND;1.49;ND;NA;NA;NA;
22;7;1.77;1.13;0.49;NA;1.41;0.69;ND;1.43;ND;NA;NA;NA;
22;8;1.75;1.27;0.54;NA;1.91;0.76;ND;1.57;ND;NA;NA;NA;
22;9;1.86;1.19;0.78;NA;1.35;0.76;ND;1.66;ND;NA;NA;NA;
22;10;2;1.33;ND;NA;0.96;0.75;ND;1.51;ND;NA;NA;NA;
22;11;1.96;1.2;0.97;NA;1.27;0.89;ND;1.51;ND;NA;NA;NA;
22;12;1.91;1.45;1.02;NA;1.03;0.55;ND;1.55;ND;NA;NA;NA;
22;13;1.73;1.25;1.15;NA;1.58;0.99;ND;1.47;ND;NA;NA;NA;
22;14;1.64;1.05;0.77;NA;0.76;1.13;ND;1.54;ND;NA;NA;NA;
22;15;1.62;0.97;0.85;NA;0.55;1.04;ND;1.42;ND;NA;NA;NA;
22;16;1.83;1.24;1.34;NA;0.35;0.98;ND;1.4;ND;NA;NA;NA;
22;17;1.85;1.3;0.91;NA;0.84;1.11;ND;1.54;ND;NA;NA;NA;
22;18;1.81;1.29;0.92;NA;0.87;1.28;ND;1.42;ND;NA;NA;NA;
22;19;1.81;1.41;0.63;NA;0.98;1.09;ND;1.36;ND;NA;NA;NA;
22;20;1.76;1.25;0.6;NA;0.73;0.74;ND;1.27;ND;NA;NA;NA;
22;21;1.69;1.29;0.78;NA;1.2;0.73;ND;1.38;ND;NA;NA;NA;
22;22;1.5;1.04;0.93;NA;0.78;0.77;ND;3.4;ND;NA;NA;NA;
22;23;1.86;1.74;0.88;NA;1.18;0.71;ND;3.56;ND;NA;NA;NA;
23;0;1.67;4.98;1.33;NA;1.15;0.97;ND;1.76;ND;NA;NA;NA;
23;1;2;ND;ND;NA;ND;0.78;ND;1.62;ND;NA;NA;NA;
23;2;2.08;4.59;2.68;NA;0.87;0.98;ND;1.57;ND;NA;NA;NA;
23;3;2.29;3.02;2.11;NA;0.84;0.79;ND;1.36;ND;NA;NA;NA;
23;4;1.87;1.88;1.52;NA;0.96;0.86;ND;1.4;ND;NA;NA;NA;
23;5;2.16;1.45;1.2;NA;1.62;1.17;ND;1.45;ND;NA;NA;NA;
23;6;2.2;1.82;1.62;NA;2.4;1.31;ND;1.42;ND;NA;NA;NA;
23;7;2.39;1.8;1.92;NA;2.34;1.65;ND;1.3;ND;NA;NA;NA;
23;8;3.38;1.89;1.85;NA;1.01;1.5;ND;1.46;ND;NA;NA;NA;
23;9;3.98;1.69;1.84;NA;0.85;1.11;ND;1.44;ND;NA;NA;NA;
23;10;2.73;1.66;1.6;NA;1.35;0.95;ND;1.43;ND;NA;NA;NA;
23;11;2.27;1.61;1.93;NA;1.42;0.91;ND;1.8;ND;NA;NA;NA;
23;12;2.07;1.6;1.85;NA;1.45;1.05;ND;1.9;ND;NA;NA;NA;
23;13;2.02;1.86;1.46;NA;0.92;1.2;ND;2.21;ND;NA;NA;NA;
23;14;1.91;1.4;2.2;NA;0.53;1.8;ND;2.03;ND;NA;NA;NA;
23;15;1.88;1.34;1.57;NA;0.84;1.82;ND;1.9;ND;NA;NA;NA;
23;16;1.84;1.47;2.31;NA;0.62;1.75;ND;1.7;ND;NA;NA;NA;
23;17;1.92;1.82;2.2;NA;1.13;1.83;ND;1.79;ND;NA;NA;NA;
23;18;3.01;1.79;2.3;NA;1.36;1.76;ND;1.92;ND;NA;NA;NA;
23;19;2.93;1.62;2.59;NA;1.13;2.13;ND;1.77;ND;NA;NA;NA;
23;20;2.88;1.94;5.33;NA;2.17;2.11;ND;1.56;ND;NA;NA;NA;
23;21;2.61;2.7;8.31;NA;1.95;3.06;ND;1.45;ND;NA;NA;NA;
23;22;2.81;3.15;6.23;NA;6.05;10.65;ND;1.56;ND;NA;NA;NA;
23;23;2.39;1.75;4.64;NA;6.76;11.22;ND;1.51;ND;NA;NA;NA;
24;0;2.39;1.68;2.2;NA;3.69;5.95;ND;1.37;ND;NA;NA;NA;
24;1;ND;1.52;1.3;NA;8.18;ND;ND;1.51;ND;NA;NA;NA;
24;2;2.22;1.32;1.08;NA;3.77;3.46;ND;1.42;ND;NA;NA;NA;
24;3;2.17;1.35;0.97;NA;3.05;3.56;ND;1.41;ND;NA;NA;NA;
24;4;2.14;1.08;1.31;NA;3.87;3.3;ND;1.22;ND;NA;NA;NA;
24;5;2.37;0.99;1.57;NA;1.75;2.43;ND;1.52;ND;NA;NA;NA;
24;6;2.87;1.31;2.02;NA;2.5;2.7;ND;1.38;ND;NA;NA;NA;
24;7;3.64;1.56;2.86;NA;2.44;2.73;ND;1.98;ND;NA;NA;NA;
24;8;3.44;1.99;2.57;NA;2.23;2.4;ND;1.66;ND;NA;NA;NA;
24;9;3.1;1.81;2.13;NA;1.38;1.54;ND;1.71;ND;NA;NA;NA;
24;10;3.01;1.23;2.81;NA;1.89;1.38;ND;1.68;ND;NA;NA;NA;
24;11;2.55;1.42;3.26;NA;1.7;1.1;ND;1.94;ND;NA;NA;NA;
24;12;2.11;1.41;2.49;NA;1.43;1.58;ND;1.57;ND;NA;NA;NA;
24;13;ND;1.24;2.35;NA;1;2.24;ND;1.37;ND;NA;NA;NA;
24;14;ND;1.22;ND;NA;0.85;1.94;ND;1.4;ND;NA;NA;NA;
24;15;1.61;1.33;3.62;NA;0.53;2.05;ND;1.6;ND;NA;NA;NA;
24;16;1.49;1.34;ND;NA;0.57;1.95;ND;1.27;ND;NA;NA;NA;
24;17;1.76;1.67;1.21;NA;0.55;1.73;ND;1.61;ND;NA;NA;NA;
24;18;1.57;1.71;1.44;NA;0.4;2.2;ND;1.36;ND;NA;NA;NA;
24;19;3.62;1.58;1.59;NA;1.14;1.69;ND;1.48;ND;NA;NA;NA;
24;20;3.66;1.62;0.3;NA;2.1;1.38;ND;1.51;ND;NA;NA;NA;
24;21;1.95;1.58;0.31;NA;1.64;1.09;ND;1.43;ND;NA;NA;NA;
24;22;2.66;1.57;0.73;NA;1.08;1.01;ND;1.45;ND;NA;NA;NA;
24;23;2.11;2.93;0.84;NA;0.78;1.02;ND;3.07;ND;NA;NA;NA;
25;0;1.95;3.9;0.92;NA;3.7;2.44;ND;3;ND;NA;NA;NA;
25;1;1.8;ND;ND;NA;ND;2.93;ND;2.17;ND;NA;NA;NA;
25;2;2.42;2.95;0.63;NA;1.03;1.66;ND;2.16;ND;NA;NA;NA;
25;3;2.8;3.04;1.03;NA;1;1.21;ND;2.12;ND;NA;NA;NA;
25;4;2.99;4.33;1.92;NA;0.59;1.05;ND;1.95;ND;NA;NA;NA;
25;5;2.51;5.74;2.03;NA;0.74;1.08;ND;2.04;ND;NA;NA;NA;
25;6;3.94;4.97;1.47;NA;2.07;1.57;ND;2.45;ND;NA;NA;NA;
25;7;4.7;4.4;2.31;NA;3.84;1.99;ND;3.33;ND;NA;NA;NA;
25;8;6.47;4.7;1.4;NA;2.8;2.39;ND;2.79;ND;NA;NA;NA;
25;9;5.85;3.71;2.4;NA;1.61;1.92;ND;2.32;ND;NA;NA;NA;
25;10;4.34;2.6;2.15;NA;1.19;1.23;ND;2.14;ND;NA;NA;NA;
25;11;2.41;2.37;2.35;NA;1.68;1.44;ND;2.18;ND;NA;NA;NA;
25;12;1.92;1.76;1.1;NA;2.42;1.32;ND;2.04;ND;NA;NA;NA;
25;13;ND;1.69;1.2;NA;1.13;1.05;ND;1.89;ND;NA;NA;NA;
25;14;ND;1.6;1.14;NA;0.72;0.98;ND;1.9;ND;NA;NA;NA;
25;15;0.84;1.59;1.42;NA;0.5;0.97;ND;1.81;ND;NA;NA;NA;
25;16;0.75;1.66;1.34;NA;0.67;0.89;ND;1.74;ND;NA;NA;NA;
25;17;0.8;1.4;1.75;NA;0.8;0.87;ND;1.71;ND;NA;NA;NA;
25;18;0.91;2.02;3.22;NA;0.82;1.4;ND;1.84;ND;NA;NA;NA;
25;19;0.98;1.68;4.25;NA;0.9;1.61;ND;1.89;ND;NA;NA;NA;
25;20;2.24;1.7;2.87;NA;1.75;2.02;ND;1.6;ND;NA;NA;NA;
25;21;1.68;1.43;1.86;NA;2.13;1.98;ND;1.56;ND;NA;NA;NA;
25;22;1.41;1.7;1.13;NA;0.76;1.19;ND;1.56;ND;NA;NA;NA;
25;23;0.86;3.06;0.96;NA;1.6;0.98;ND;1.63;ND;NA;NA;NA;
26;0;0.98;3.07;0.8;NA;1.14;1.32;ND;1.37;ND;NA;NA;NA;
26;1;ND;1.87;1.48;NA;3.79;ND;ND;1.61;ND;NA;NA;NA;
26;2;0.9;1.61;3.04;NA;2.7;3.88;ND;1.58;ND;NA;NA;NA;
26;3;0.82;1.91;2.85;NA;2.04;2.94;ND;1.51;ND;NA;NA;NA;
26;4;0.9;1.84;1.88;NA;1.88;2.71;ND;1.41;ND;NA;NA;NA;
26;5;0.94;1.45;2.03;NA;2.31;1.91;ND;1.43;ND;NA;NA;NA;
26;6;1.26;1.48;1.91;NA;2.76;2.21;ND;1.45;ND;NA;NA;NA;
26;7;1.71;1.73;2;NA;2.78;3.24;ND;1.76;ND;NA;NA;NA;
26;8;2.13;2.06;3.12;NA;1.99;2.75;ND;1.72;ND;NA;NA;NA;
26;9;1.65;1.8;2.76;NA;1.17;2.84;ND;1.7;ND;NA;NA;NA;
26;10;2.12;1.64;2.1;NA;0.95;3.34;ND;1.72;ND;NA;NA;NA;
26;11;1.98;2.97;3.02;NA;1.56;ND;ND;1.96;ND;NA;NA;NA;
26;12;1.66;1.75;2.34;NA;1.8;3.56;ND;1.72;ND;NA;NA;NA;
26;13;1.19;1.74;2.2;NA;2.06;2.32;ND;2.16;ND;NA;NA;NA;
26;14;1.41;1.7;2.1;NA;2.33;ND;ND;2.02;ND;NA;NA;NA;
26;15;0.86;1.93;2.59;NA;2.83;1.57;ND;2.07;ND;NA;NA;NA;
26;16;0.86;1.53;2.31;NA;2.42;2.79;ND;2.08;ND;NA;NA;NA;
26;17;0.8;1.57;3.14;NA;2;2.21;ND;1.72;ND;NA;NA;NA;
26;18;0.89;1.85;4.03;NA;1.62;1;ND;1.74;ND;NA;NA;NA;
26;19;0.9;1.73;2.88;NA;1.97;1.22;ND;1.75;ND;NA;NA;NA;
26;20;0.81;1.6;1.47;NA;2.45;0.94;ND;1.48;ND;NA;NA;NA;
26;21;0.98;1.5;1.91;NA;1.11;0.69;ND;1.47;ND;NA;NA;NA;
26;22;0.79;1.71;1.24;NA;3.39;0.88;ND;1.55;ND;NA;NA;NA;
26;23;1.18;2.23;0.99;NA;3.62;0.54;ND;1.7;ND;NA;NA;NA;
27;0;1.14;1.75;0.63;NA;4.48;0.95;ND;1.52;ND;NA;NA;NA;
27;1;0.63;ND;ND;NA;ND;1.29;ND;1.44;ND;NA;NA;NA;
27;2;1;2.37;0.09;NA;6.61;2.1;ND;1.43;ND;NA;NA;NA;
27;3;1.22;1.76;3.23;NA;4.74;2.6;ND;1.41;ND;NA;NA;NA;
27;4;0.75;1.66;2.39;NA;3.73;2.17;ND;1.46;ND;NA;NA;NA;
27;5;1.01;1.58;1.75;NA;3.43;1.75;ND;1.67;ND;NA;NA;NA;
27;6;1.3;2.31;2.49;NA;6.08;2.94;ND;1.83;ND;NA;NA;NA;
27;7;2.09;1.71;3.92;NA;12.05;6.2;ND;2.07;ND;NA;NA;NA;
27;8;2.33;1.82;6.56;NA;9.68;8.98;ND;1.94;ND;NA;NA;NA;
27;9;2.26;1.98;6.03;NA;5.96;5;ND;2.07;ND;NA;NA;NA;
27;10;2.9;2.33;4.26;NA;3.07;3.51;ND;1.77;ND;NA;NA;NA;
27;11;2.09;1.93;7.14;NA;4.51;2.49;ND;1.85;ND;NA;NA;NA;
27;12;1.55;1.7;3.07;NA;3.64;1.35;ND;2.23;ND;NA;NA;NA;
27;13;1.05;1.99;2.54;NA;2.75;2.22;ND;2.35;ND;NA;NA;NA;
27;14;0.82;1.83;2.28;NA;2.66;2.47;ND;2.22;ND;NA;NA;NA;
27;15;0.86;1.8;2.15;NA;2.77;1.83;ND;2.26;ND;NA;NA;NA;
27;16;0.77;1.44;3.31;NA;2.8;1.65;ND;2.42;ND;NA;NA;NA;
27;17;0.84;1.78;2.84;NA;2.03;1.84;ND;1.94;ND;NA;NA;NA;
27;18;0.98;1.75;3.52;NA;1.92;1.63;ND;1.69;ND;NA;NA;NA;
27;19;1.21;1.73;3.66;NA;2.05;1.49;ND;1.6;ND;NA;NA;NA;
27;20;0.88;1.41;1.83;NA;2.05;1.3;ND;1.47;ND;NA;NA;NA;
27;21;1.01;1.37;1.23;NA;1.08;1.13;ND;1.62;ND;NA;NA;NA;
27;22;0.84;1.35;1.28;NA;0.87;1.07;ND;1.47;ND;NA;NA;NA;
27;23;1.04;1.35;2.05;NA;1.13;0.76;ND;1.4;ND;NA;NA;NA;
28;0;0.99;1.16;0.82;NA;0.74;0.66;ND;1.62;ND;NA;NA;NA;
28;1;ND;1.13;1.91;NA;0.61;ND;ND;1.45;ND;NA;NA;NA;
28;2;0.94;1.12;1.12;NA;0.38;0.74;ND;1.44;ND;NA;NA;NA;
28;3;0.99;1.22;0.86;NA;0.28;0.34;ND;1.37;ND;NA;NA;NA;
28;4;1.47;1.64;0.23;NA;0.17;0.04;ND;1.42;ND;NA;NA;NA;
28;5;1.21;1.62;0.57;NA;0.92;0.2;ND;1.4;ND;NA;NA;NA;
28;6;2.18;1.31;1.43;NA;1.18;1.06;ND;1.76;ND;NA;NA;NA;
28;7;2.44;1.58;5.38;NA;3.27;1.97;ND;1.3;ND;NA;NA;NA;
28;8;2.04;1.55;4.74;NA;5.24;3.08;ND;1.43;ND;NA;NA;NA;
28;9;2.11;1.87;4.3;NA;4.62;3.59;ND;1.74;ND;NA;NA;NA;
28;10;2.74;2.15;3.77;NA;2.05;1.86;ND;2;ND;NA;NA;NA;
28;11;2.15;1.59;2.09;NA;2.72;1.1;ND;1.87;ND;NA;NA;NA;
28;12;2.1;2.04;2.61;NA;4.26;1.37;ND;2.08;ND;NA;NA;NA;
28;13;1.64;1.3;2.17;NA;1.52;0.93;ND;2.28;ND;NA;NA;NA;
28;14;1.01;1.38;1.15;NA;1.3;0.47;ND;2.21;ND;NA;NA;NA;
28;15;0.91;1.31;0.86;NA;1.52;0.75;ND;1.65;ND;NA;NA;NA;
28;16;0.79;1.11;1.25;NA;1.71;0.93;ND;1.54;ND;NA;NA;NA;
28;17;0.67;1.52;2.35;NA;1.3;0.46;ND;1.71;ND;NA;NA;NA;
28;18;0.88;1.79;2.78;NA;0.98;0.94;ND;1.54;ND;NA;NA;NA;
28;19;1.37;1.69;2.02;NA;0.91;1.19;ND;1.72;ND;NA;NA;NA;
28;20;0.93;1.86;1.02;NA;0.88;0.77;ND;1.43;ND;NA;NA;NA;
28;21;1.02;1.78;0.77;NA;1.35;0.6;ND;1.35;ND;NA;NA;NA;
28;22;0.94;1.82;0.63;NA;1.52;0.76;ND;1.49;ND;NA;NA;NA;
28;23;0.76;1.44;0.26;NA;4.31;0.25;ND;1.63;ND;NA;NA;NA;
29;0;0.89;1.18;0.28;NA;0.88;0.16;ND;1.3;ND;NA;NA;NA;
29;1;0.91;ND;ND;NA;ND;0.13;ND;1.22;ND;NA;NA;NA;
29;2;0.63;1.4;0.14;NA;0.57;0.07;ND;1.2;ND;NA;NA;NA;
29;3;0.81;1.26;0.12;NA;0.27;0.06;ND;1.27;ND;NA;NA;NA;
29;4;0.71;1.46;0.35;NA;0.3;0.05;ND;1.3;ND;NA;NA;NA;
29;5;0.82;1.35;0.33;NA;0.42;0.1;ND;1.39;ND;NA;NA;NA;
29;6;0.61;1.27;0.59;NA;1.76;0.13;ND;1.33;ND;NA;NA;NA;
29;7;0.69;1.28;0.61;NA;1.91;0.27;ND;1.33;ND;NA;NA;NA;
29;8;1.07;1.5;1.17;NA;2.01;0.82;ND;1.55;ND;NA;NA;NA;
29;9;1.33;1.59;0.82;NA;1.1;0.49;ND;1.36;ND;NA;NA;NA;
29;10;1.05;1.32;1.3;NA;1.01;0.21;ND;1.33;ND;NA;NA;NA;
29;11;1.26;1.64;1.23;NA;1.27;0.24;ND;1.27;ND;NA;NA;NA;
29;12;1.46;1.49;1.18;NA;1.38;0.05;ND;1.64;ND;NA;NA;NA;
29;13;0.76;1.64;1.35;NA;0.9;0.17;ND;1.69;ND;NA;NA;NA;
29;14;0.62;1.13;0.94;NA;1.12;0.03;ND;1.59;ND;NA;NA;NA;
29;15;0.6;1.32;0.72;NA;0.98;0;ND;1.43;ND;NA;NA;NA;
29;16;0.65;1.21;0.86;NA;0.99;0.09;ND;1.37;ND;NA;NA;NA;
29;17;0.67;0.93;1.04;NA;0.64;0.08;ND;1.48;ND;NA;NA;NA;
29;18;0.8;1.39;0.64;NA;0.59;0.24;ND;1.41;ND;NA;NA;NA;
29;19;0.88;1.4;0.45;NA;1.06;0.1;ND;1.26;ND;NA;NA;NA;
29;20;0.69;1.68;0.46;NA;1.24;0.11;ND;1.84;ND;NA;NA;NA;
29;21;0.72;1.41;0.68;NA;1.47;0.25;ND;1.61;ND;NA;NA;NA;
29;22;0.75;1.27;0.27;NA;1.59;0.5;ND;1.39;ND;NA;NA;NA;
29;23;0.54;1.53;0.73;NA;1.85;0.67;ND;1.3;ND;NA;NA;NA;
30;0;0.6;1.3;0.13;NA;1.69;0.19;ND;1.4;ND;NA;NA;NA;
30;1;ND;1.34;0.07;NA;2.19;ND;ND;1.19;ND;NA;NA;NA;
30;2;0.6;1.17;0.12;NA;1.47;1.03;ND;1.17;ND;NA;NA;NA;
30;3;0.56;1.06;0.72;NA;1.97;0.73;ND;1.23;ND;NA;NA;NA;
30;4;0.9;1.35;1.37;NA;2.82;0.62;ND;1.37;ND;NA;NA;NA;
30;5;0.74;1.32;0.54;NA;1.92;0.55;ND;1.36;ND;NA;NA;NA;
30;6;1.01;1.2;1.42;NA;3.28;1.04;ND;1.32;ND;NA;NA;NA;
30;7;1.02;1.35;1.68;NA;2.51;1.21;ND;1.68;ND;NA;NA;NA;
30;8;1.56;3.99;1.99;NA;1.35;0.62;ND;1.81;ND;NA;NA;NA;
30;9;2.22;3.5;3.37;NA;2.05;1.17;ND;2.49;ND;NA;NA;NA;
30;10;3.24;1.94;4.56;NA;2.17;1.44;ND;3.75;ND;NA;NA;NA;
30;11;2.18;1.81;6.25;NA;2.5;1.98;ND;4.47;ND;NA;NA;NA;
30;12;0.98;ND;2.25;NA;3.07;1.3;ND;2.22;ND;NA;NA;NA;
30;13;0.81;ND;1.75;NA;1.71;0.73;ND;2.08;ND;NA;NA;NA;
30;14;0.78;1.3;1.44;NA;1.99;0.91;ND;1.92;ND;NA;NA;NA;
30;15;0.83;ND;1.83;NA;1.11;0.82;ND;1.74;ND;NA;NA;NA;
30;16;0.88;ND;2.43;NA;0.91;0.76;ND;1.94;ND;NA;NA;NA;
30;17;0.69;0.84;2.34;NA;1.01;0.97;ND;1.75;ND;NA;NA;NA;
30;18;0.57;0.99;2.59;NA;1.43;1.11;ND;1.84;ND;NA;NA;NA;
30;19;0.72;0.96;3;NA;2.19;1.16;ND;1.6;ND;NA;NA;NA;
30;20;1.41;1.09;1.51;NA;1.71;0.75;ND;1.45;ND;NA;NA;NA;
30;21;0.91;1.2;1.22;NA;1.09;0.38;ND;1.49;ND;NA;NA;NA;
30;22;0.84;0.89;0.99;NA;0.7;0.4;ND;1.3;ND;NA;NA;NA;
30;23;0.69;0.82;0.88;NA;0.78;0.4;ND;1.51;ND;NA;NA;NA;
31;0;0.81;0.81;0.64;NA;3.34;0.34;ND;1.51;ND;NA;NA;NA;
31;1;0.6;ND;ND;NA;ND;0.16;ND;1.33;ND;NA;NA;NA;
31;2;0.78;1.04;0.51;NA;0.84;0.06;ND;1.29;ND;NA;NA;NA;
31;3;0.69;0.8;0.25;NA;0.1;0.03;ND;1.33;ND;NA;NA;NA;
31;4;0.72;0.72;0.14;NA;0.17;0.01;ND;1.51;ND;NA;NA;NA;
31;5;1.12;0.77;0.55;NA;0.55;0.03;ND;1.56;ND;NA;NA;NA;
31;6;1.5;0.91;2.84;NA;1.6;0.39;ND;2.02;ND;NA;NA;NA;
31;7;3.2;1.89;4.48;NA;1.89;1.19;ND;2.68;ND;NA;NA;NA;
31;8;2.86;1.33;2.82;NA;1.87;1.2;ND;3.44;ND;NA;NA;NA;
31;9;3.03;1.11;2.93;NA;1.42;0.63;ND;3.14;ND;NA;NA;NA;
31;10;4.22;1.04;4.51;NA;1.99;0.9;ND;2.37;ND;NA;NA;NA;
31;11;1.92;1.06;3.79;NA;5.62;1.3;ND;2.17;ND;NA;NA;NA;
31;12;1.71;1.02;3.28;NA;6.21;2.01;ND;2.19;ND;NA;NA;NA;
31;13;1.66;1.08;2.98;NA;4.75;1.32;ND;2.2;ND;NA;NA;NA;
31;14;1.15;1.04;ND;NA;2.83;0.66;ND;2.07;ND;NA;NA;NA;
31;15;1.12;0.96;ND;NA;2.17;ND;ND;1.95;ND;NA;NA;NA;
31;16;0.82;0.99;0.91;NA;2.41;ND;ND;2.03;ND;NA;NA;NA;
31;17;1.08;0.93;1.83;NA;1.55;0.74;ND;2.01;ND;NA;NA;NA;
31;18;0.98;1.07;1.88;NA;1.36;0.49;ND;1.81;ND;NA;NA;NA;
31;19;1.21;1.11;2.12;NA;2.24;0.26;ND;1.75;ND;NA;NA;NA;
31;20;1.71;1.29;2.8;NA;3.46;0.67;ND;1.6;ND;NA;NA;NA;
31;21;1.31;0.93;2.11;NA;10.23;0.8;ND;1.48;ND;NA;NA;NA;
31;22;1.18;0.92;1.77;NA;5.72;0.32;ND;1.41;ND;NA;NA;NA;
31;23;1.51;1.07;1.21;NA;4.28;0.12;ND;1.71;ND;NA;NA;NA;
