DIA;HORA;Cotocollao;Carapungo;Belisario;Jipijapa;El Camal;Centro;Guamaní;Tumbaco;Los Chillos;El Condado;Turubamba;Chillogallo;
1;0;3.87;4.06;1.07;NA;5.96;4.85;ND;5.75;ND;NA;NA;NA;
1;1;ND;3.01;0.72;NA;13.07;ND;ND;4.68;ND;NA;NA;NA;
1;2;3.65;3.26;1.02;NA;3.77;4.32;ND;3.88;ND;NA;NA;NA;
1;3;4.11;6.56;0.84;NA;5.06;4.52;ND;3.02;ND;NA;NA;NA;
1;4;4.95;6.08;0.5;NA;7.35;4.35;ND;2.59;ND;NA;NA;NA;
1;5;5.03;7.67;0.72;NA;9.08;3.83;ND;3.11;ND;NA;NA;NA;
1;6;6.85;11.47;1.79;NA;10.16;5.46;ND;4.52;ND;NA;NA;NA;
1;7;7.56;6.6;3.16;NA;13.13;5.04;ND;7.72;ND;NA;NA;NA;
1;8;4.51;2.52;2.45;NA;5.38;2.68;ND;7.74;ND;NA;NA;NA;
1;9;3.13;2.3;1.72;NA;1.96;1.55;ND;4.74;ND;NA;NA;NA;
1;10;2.91;1.27;1.58;NA;2.17;1.31;ND;1.92;ND;NA;NA;NA;
1;11;2.35;1.04;1.45;NA;2.07;1.36;ND;1.63;ND;NA;NA;NA;
1;12;2.33;1.34;1.58;NA;1.9;1.25;ND;1.33;ND;NA;NA;NA;
1;13;2.31;1.41;1.79;NA;2.62;1.01;ND;1.34;ND;NA;NA;NA;
1;14;2.52;1.95;1.85;NA;1.62;0.8;ND;1.44;ND;NA;NA;NA;
1;15;2.6;1.25;2.19;NA;1.46;0.77;ND;1.53;ND;NA;NA;NA;
1;16;2.57;1.09;2.4;NA;1.57;1.13;ND;1.39;ND;NA;NA;NA;
1;17;3.12;1.23;2.61;NA;2.11;1.04;ND;1.92;ND;NA;NA;NA;
1;18;3.23;1.55;2.86;NA;1.75;1.46;ND;1.64;ND;NA;NA;NA;
1;19;3.3;1.55;2.95;NA;3.02;1.92;ND;2.29;ND;NA;NA;NA;
1;20;3.97;2.07;2.93;NA;2.5;1.74;ND;2.5;ND;NA;NA;NA;
1;21;4.32;1.73;2.35;NA;2.39;1.35;ND;2.3;ND;NA;NA;NA;
1;22;4.76;2.09;1.6;NA;4.51;1.64;ND;1.8;ND;NA;NA;NA;
1;23;3.8;2.01;1.28;NA;2.61;2.36;ND;1.75;ND;NA;NA;NA;
2;0;2.73;2.04;1.19;NA;1.46;0.99;ND;1.45;ND;NA;NA;NA;
2;1;2.23;ND;ND;NA;ND;0.82;ND;1.58;ND;NA;NA;NA;
2;2;2.36;2.12;1.25;NA;2.08;0.92;ND;1.66;ND;NA;NA;NA;
2;3;2.85;1.81;1.85;NA;14.7;5.13;ND;1.34;ND;NA;NA;NA;
2;4;3.66;1.44;3.52;NA;23.69;3.86;ND;1.42;ND;NA;NA;NA;
2;5;3.46;1.72;3.37;NA;21.42;3.76;ND;1.33;ND;NA;NA;NA;
2;6;4.93;2.1;2.87;NA;8.63;4.83;ND;1.43;ND;NA;NA;NA;
2;7;5.51;1.45;6.89;NA;11.36;8.71;ND;1.59;ND;NA;NA;NA;
2;8;5.2;1.27;6.35;NA;8.21;9.92;ND;2;ND;NA;NA;NA;
2;9;4.27;0.9;3.54;NA;5.02;3.7;ND;2.34;ND;NA;NA;NA;
2;10;3.13;1.37;1.34;NA;2.32;2.33;ND;4.16;ND;NA;NA;NA;
2;11;2.61;1.13;1.84;NA;6.51;1.57;ND;2.87;ND;NA;NA;NA;
2;12;2.56;1.27;1.3;NA;2.46;1.43;ND;1.9;ND;NA;NA;NA;
2;13;2.32;1.12;1.27;NA;1.7;1.31;ND;1.42;ND;NA;NA;NA;
2;14;2.13;1.17;1.27;NA;2.1;1.02;ND;1.39;ND;NA;NA;NA;
2;15;2.07;0.97;0.95;NA;5.07;1.07;ND;1.45;ND;NA;NA;NA;
2;16;2.18;0.72;1.29;NA;7.63;0.99;ND;1.66;ND;NA;NA;NA;
2;17;2.04;0.93;1.54;NA;7.85;1.21;ND;1.53;ND;NA;NA;NA;
2;18;2.16;0.84;2.11;NA;4.15;1.03;ND;1.83;ND;NA;NA;NA;
2;19;3.13;1.3;3.55;NA;2.34;1.44;ND;1.87;ND;NA;NA;NA;
2;20;4.13;1.27;3.89;NA;3.26;1.57;ND;2.07;ND;NA;NA;NA;
2;21;3.08;1.21;2.81;NA;6.14;2.37;ND;1.65;ND;NA;NA;NA;
2;22;3.14;1.11;1.53;NA;3.87;4.02;ND;1.59;ND;NA;NA;NA;
2;23;4.3;1.05;1.54;NA;5.91;2.88;ND;1.65;ND;NA;NA;NA;
3;0;3.65;2.22;2.53;NA;4.93;2.97;ND;1.55;ND;NA;NA;NA;
3;1;ND;2.09;3.64;NA;5.02;ND;ND;1.7;ND;NA;NA;NA;
3;2;3.61;2.46;3.59;NA;5.01;3.44;ND;1.98;ND;NA;NA;NA;
3;3;3.09;2.18;2.92;NA;4.89;3.58;ND;1.88;ND;NA;NA;NA;
3;4;3.13;2.28;2.95;NA;5.44;3.67;ND;1.62;ND;NA;NA;NA;
3;5;2.87;2.52;3.58;NA;21.58;9.23;ND;1.68;ND;NA;NA;NA;
3;6;4.24;4.34;4.9;NA;18.49;8.12;ND;1.9;ND;NA;NA;NA;
3;7;5.13;4.6;5.4;NA;5.82;4.47;ND;2.46;ND;NA;NA;NA;
3;8;5.8;2.91;4.43;NA;2.2;3.28;ND;2.64;ND;NA;NA;NA;
3;9;4.95;1.98;2.44;NA;2.26;1.82;ND;3.68;ND;NA;NA;NA;
3;10;3.53;1.55;1.03;NA;1.7;1.57;ND;3.12;ND;NA;NA;NA;
3;11;2.06;1.17;1.13;NA;1.7;1.22;ND;1.96;ND;NA;NA;NA;
3;12;2.56;1.21;1.38;NA;1.69;1.21;ND;1.64;ND;NA;NA;NA;
3;13;3.02;1.18;1.14;NA;1.94;0.89;ND;1.56;ND;NA;NA;NA;
3;14;2.53;0.71;1.19;NA;1.77;0.97;ND;1.56;ND;NA;NA;NA;
3;15;2.13;0.39;1.85;NA;2.88;1.59;ND;2.3;ND;NA;NA;NA;
3;16;2.14;0.57;2.09;NA;3.07;1.99;ND;1.79;ND;NA;NA;NA;
3;17;2.17;0.39;1.64;NA;2.93;1.59;ND;2.07;ND;NA;NA;NA;
3;18;2.27;0.42;1.94;NA;3.61;2.15;ND;3.04;ND;NA;NA;NA;
3;19;2.39;1.45;2.15;NA;3.78;3.52;ND;1.89;ND;NA;NA;NA;
3;20;2.69;1.38;1.82;NA;4.73;2.98;ND;1.94;ND;NA;NA;NA;
3;21;3.01;1.88;1.93;NA;4.52;3.08;ND;1.77;ND;NA;NA;NA;
3;22;2.78;1.98;2.14;NA;4.63;2.36;ND;1.67;ND;NA;NA;NA;
3;23;2.72;1.88;1.44;NA;25.96;2.99;ND;1.75;ND;NA;NA;NA;
4;0;2.41;1.52;0.98;NA;66.16;2.73;ND;2.11;ND;NA;NA;NA;
4;1;2.66;ND;ND;NA;ND;3.85;ND;3.35;ND;NA;NA;NA;
4;2;3.43;1.87;2.19;NA;17.52;3.52;ND;3.05;ND;NA;NA;NA;
4;3;6.14;1.63;2.31;NA;31.63;2.64;ND;2.52;ND;NA;NA;NA;
4;4;7.8;2.03;1.76;NA;15.16;8.56;ND;2.49;ND;NA;NA;NA;
4;5;11.35;2.05;3.44;NA;19.29;9.25;ND;2.28;ND;NA;NA;NA;
4;6;15.95;2.9;4.41;NA;25.54;9.16;ND;3.52;ND;NA;NA;NA;
4;7;13.35;3.93;14.54;NA;22.27;10.13;ND;3.8;ND;NA;NA;NA;
4;8;11.42;2.54;8.25;NA;4.47;7.31;ND;3.37;ND;NA;NA;NA;
4;9;7.81;2.54;5.93;NA;3.02;4.38;ND;2.9;ND;NA;NA;NA;
4;10;8.29;3.95;2.31;NA;3.27;2.92;ND;2.68;ND;NA;NA;NA;
4;11;16.69;5.66;3.48;NA;4.24;3.09;ND;2.44;ND;NA;NA;NA;
4;12;12.12;5.61;7.65;NA;3.18;ND;ND;5.78;ND;NA;NA;NA;
4;13;8.33;2.19;9.07;NA;ND;ND;ND;10.34;ND;NA;NA;NA;
4;14;4.29;1.03;7.64;NA;ND;ND;ND;9.17;ND;NA;NA;NA;
4;15;3.59;0.85;4.96;NA;4.03;ND;ND;5;ND;NA;NA;NA;
4;16;3.03;0.69;2.88;NA;3.37;ND;ND;3.16;ND;NA;NA;NA;
4;17;2.84;0.46;3.27;NA;3.2;3.95;ND;2.33;ND;NA;NA;NA;
4;18;2.75;0.41;5.62;NA;3.57;3.82;ND;2.04;ND;NA;NA;NA;
4;19;3.12;0.31;5.51;NA;4.77;2.73;ND;1.63;ND;NA;NA;NA;
4;20;3.86;0.31;4.47;NA;4.87;3.27;ND;1.78;ND;NA;NA;NA;
4;21;3.26;0.93;4.5;NA;5.03;3.84;ND;1.49;ND;NA;NA;NA;
4;22;3.42;1.52;3.6;NA;4.11;4.79;ND;1.43;ND;NA;NA;NA;
4;23;3.73;1.92;3.46;NA;2.85;3.96;ND;1.65;ND;NA;NA;NA;
5;0;3.36;1.67;2.84;NA;3.11;3.07;ND;2.49;ND;NA;NA;NA;
5;1;ND;1.76;3.02;NA;ND;ND;ND;2.26;ND;NA;NA;NA;
5;2;3.72;1.59;2.38;NA;5.54;4.4;ND;2.44;ND;NA;NA;NA;
5;3;3.47;1.79;2.89;NA;12.13;5.99;ND;2.74;ND;NA;NA;NA;
5;4;3.24;1.96;2.98;NA;6.09;3.82;ND;3.55;ND;NA;NA;NA;
5;5;3.81;2.42;3.08;NA;5.89;5.09;ND;2.85;ND;NA;NA;NA;
5;6;9.51;4.24;5.99;NA;13.48;8.02;ND;4.37;ND;NA;NA;NA;
5;7;13.97;5.25;5.24;NA;14.68;7.29;ND;6.6;ND;NA;NA;NA;
5;8;8.22;3.19;7.31;NA;5.57;12.21;ND;6.08;ND;NA;NA;NA;
5;9;6.86;2.64;5.22;NA;3.98;5.99;ND;5.43;ND;NA;NA;NA;
5;10;4.73;1.86;2.7;NA;3.31;2.93;ND;3.95;ND;NA;NA;NA;
5;11;3.74;1.42;2.84;NA;2.61;2.42;ND;2.93;ND;NA;NA;NA;
5;12;5.77;1.12;2.74;NA;2.83;2.25;ND;2.3;ND;NA;NA;NA;
5;13;5.14;0.7;5.33;NA;3.01;3.09;ND;1.84;ND;NA;NA;NA;
5;14;3.77;0.88;3.76;NA;5;4.87;ND;3.2;ND;NA;NA;NA;
5;15;3.13;0.97;3.08;NA;3.27;3.28;ND;2.52;ND;NA;NA;NA;
5;16;2.99;0.87;2.71;NA;3.98;3.74;ND;1.11;ND;NA;NA;NA;
5;17;2.76;0.61;3.44;NA;4.52;3.74;ND;0.79;ND;NA;NA;NA;
5;18;3.07;0.7;3.5;NA;6.44;5.77;ND;0.8;ND;NA;NA;NA;
5;19;3.73;1.59;4.03;NA;6.26;5.75;ND;1.08;ND;NA;NA;NA;
5;20;4.04;1.97;5.52;NA;5.44;4.53;ND;1.08;ND;NA;NA;NA;
5;21;3.49;2.13;6.85;NA;7.39;3.75;ND;0.62;ND;NA;NA;NA;
5;22;3.52;2.68;4.51;NA;4.39;3.91;ND;0.78;ND;NA;NA;NA;
5;23;2.77;3.09;2.06;NA;11.05;5.86;ND;0.63;ND;NA;NA;NA;
6;0;2.36;5.62;2.02;NA;7.22;4.87;ND;0.62;ND;NA;NA;NA;
6;1;ND;ND;ND;NA;8.62;4.4;ND;0.52;ND;NA;NA;NA;
6;2;3.6;12.42;1.51;NA;6.77;4.24;ND;0.48;ND;NA;NA;NA;
6;3;5.01;9.1;1.34;NA;8.28;4.57;ND;0.49;ND;NA;NA;NA;
6;4;2.32;11.24;1.31;NA;10.74;5.35;ND;0.61;ND;NA;NA;NA;
6;5;3.45;8.98;1.41;NA;12.37;6.43;ND;0.9;ND;NA;NA;NA;
6;6;3.84;10.52;2.41;NA;9.09;5.76;ND;1.31;ND;NA;NA;NA;
6;7;4.35;8.3;2.93;NA;3.33;6.45;ND;1.67;ND;NA;NA;NA;
6;8;4.18;5.05;4.24;NA;4.45;5.85;ND;0.88;ND;NA;NA;NA;
6;9;3.4;3.75;2.89;NA;4.5;3.37;ND;0.86;ND;NA;NA;NA;
6;10;2.96;3.13;2.31;NA;2.49;1.9;ND;0.57;ND;NA;NA;NA;
6;11;2.56;2.83;2.46;NA;2.71;2.3;ND;0.93;ND;NA;NA;NA;
6;12;ND;2.49;2.7;NA;3.71;2.4;ND;0.85;ND;NA;NA;NA;
6;13;ND;2.27;2.42;NA;2.52;1.29;ND;0.98;ND;NA;NA;NA;
6;14;ND;2.6;2.14;NA;2.08;1.46;ND;1.41;ND;NA;NA;NA;
6;15;3.92;2.07;2.1;NA;3.3;1.46;ND;1.46;ND;NA;NA;NA;
6;16;2.55;1.57;2.67;NA;2.58;1.23;ND;1.67;ND;NA;NA;NA;
6;17;2.75;1.1;4.41;NA;2.84;2.52;ND;2.78;ND;NA;NA;NA;
6;18;3.02;1.67;4.19;NA;7.66;5.09;ND;3.26;ND;NA;NA;NA;
6;19;2.44;2.51;7.41;NA;ND;4.25;ND;1.51;ND;NA;NA;NA;
6;20;3.15;3.24;5.77;NA;ND;3.22;ND;1.16;ND;NA;NA;NA;
6;21;5.35;3.95;4.68;NA;ND;2.6;ND;1.35;ND;NA;NA;NA;
6;22;10.4;5.92;2.52;NA;ND;2.96;ND;1.19;ND;NA;NA;NA;
6;23;6.36;8.99;2.19;NA;ND;4.5;ND;0.72;ND;NA;NA;NA;
7;0;8.46;10.94;1.72;NA;ND;3.11;ND;0.71;ND;NA;NA;NA;
7;1;4.59;9.76;1.81;NA;ND;ND;ND;0.6;ND;NA;NA;NA;
7;2;3.97;9.36;2.23;NA;ND;5.53;ND;0.47;ND;NA;NA;NA;
7;3;4.45;8.52;2.01;NA;ND;5.47;ND;0.82;ND;NA;NA;NA;
7;4;5.49;7.38;1.17;NA;ND;3.31;ND;0.72;ND;NA;NA;NA;
7;5;6.03;7.65;1.88;NA;ND;5.25;ND;0.69;ND;NA;NA;NA;
7;6;10.9;9.93;4.1;NA;ND;6.21;ND;1.18;ND;NA;NA;NA;
7;7;11.78;7.33;2.97;NA;ND;5.32;ND;1.48;ND;NA;NA;NA;
7;8;6.57;4.02;3.13;NA;ND;2.99;ND;1.01;ND;NA;NA;NA;
7;9;2.82;2.37;2.47;NA;ND;1.92;ND;0.88;ND;NA;NA;NA;
7;10;2.65;1.99;2.71;NA;ND;2.28;ND;0.79;ND;NA;NA;NA;
7;11;2.23;1.99;2;NA;ND;2.53;ND;ND;ND;NA;NA;NA;
7;12;2.44;1.84;2.04;NA;1.93;1.47;ND;ND;ND;NA;NA;NA;
7;13;2.04;1.65;2.2;NA;1.79;0.96;ND;1.29;ND;NA;NA;NA;
7;14;2.99;1.75;2.01;NA;1.87;1;ND;1.32;ND;NA;NA;NA;
7;15;1.7;1.33;2.12;NA;3.88;0.89;ND;1.22;ND;NA;NA;NA;
7;16;2;1.47;2.7;NA;3.28;1.46;ND;1.38;ND;NA;NA;NA;
7;17;1.93;2.18;2.93;NA;7.88;1.18;ND;1.49;ND;NA;NA;NA;
7;18;2.73;2.17;2.77;NA;6.21;3.27;ND;1.31;ND;NA;NA;NA;
7;19;4.2;2.09;5.34;NA;2.36;5.33;ND;1.64;ND;NA;NA;NA;
7;20;3.37;2.47;4.11;NA;3.33;5.88;ND;2.32;ND;NA;NA;NA;
7;21;3.58;2.37;3.33;NA;3.35;4.67;ND;6.01;ND;NA;NA;NA;
7;22;5.28;2.66;2.14;NA;3.02;5.19;ND;3.67;ND;NA;NA;NA;
7;23;4.78;2.61;1.85;NA;2.61;4.25;ND;2.84;ND;NA;NA;NA;
8;0;3.52;3.84;1.75;NA;2.74;3.67;ND;2.55;ND;NA;NA;NA;
8;1;ND;ND;ND;NA;3.03;3.58;ND;2.11;ND;NA;NA;NA;
8;2;3.56;6.01;1.33;NA;1.01;3.78;ND;2.35;ND;NA;NA;NA;
8;3;3.19;8.62;1.43;NA;1.45;3.89;ND;3.36;ND;NA;NA;NA;
8;4;3.87;8.9;1.62;NA;0.91;3.87;ND;3.99;ND;NA;NA;NA;
8;5;4.48;7.2;1.44;NA;1;5.2;ND;3.43;ND;NA;NA;NA;
8;6;4.45;6.43;2.17;NA;2.85;4.98;ND;3.75;ND;NA;NA;NA;
8;7;3.01;5.67;2.94;NA;2;5;ND;5.26;ND;NA;NA;NA;
8;8;2.17;3.98;2.94;NA;3.07;3.84;ND;4.24;ND;NA;NA;NA;
8;9;2.07;2.41;2.77;NA;2.73;2.75;ND;3.69;ND;NA;NA;NA;
8;10;2.12;1.93;3.13;NA;0.82;2.17;ND;2.87;ND;NA;NA;NA;
8;11;1.56;1.74;2.5;NA;1.38;2.32;ND;ND;ND;NA;NA;NA;
8;12;1.95;1.44;2.05;NA;1.8;2.22;ND;ND;ND;NA;NA;NA;
8;13;1.55;1.3;2.87;NA;3.49;0.95;ND;2.03;ND;NA;NA;NA;
8;14;1.43;0.93;3.01;NA;1.37;1.7;ND;2.11;ND;NA;NA;NA;
8;15;1.52;0.74;1.62;NA;1.89;2.23;ND;2.53;ND;NA;NA;NA;
8;16;1.5;1.5;2.49;NA;3.82;2.26;ND;2.76;ND;NA;NA;NA;
8;17;1.63;1.99;4.62;NA;4.08;3.02;ND;2.85;ND;NA;NA;NA;
8;18;1.91;1.99;4.49;NA;2.94;3.85;ND;2.32;ND;NA;NA;NA;
8;19;2.26;2.12;6.43;NA;2.73;3.84;ND;2.15;ND;NA;NA;NA;
8;20;2.97;2.13;7.19;NA;2.01;3.32;ND;2.07;ND;NA;NA;NA;
8;21;3.31;2.39;7.51;NA;2.81;5.49;ND;1.89;ND;NA;NA;NA;
8;22;4.24;2.26;7.07;NA;3.81;4.47;ND;1.78;ND;NA;NA;NA;
8;23;2.83;2.38;8.21;NA;19.53;2.6;ND;1.92;ND;NA;NA;NA;
9;0;1.37;2.26;5.85;NA;11.79;4.32;ND;1.91;ND;NA;NA;NA;
9;1;1.49;2.22;3.81;NA;ND;ND;ND;1.71;ND;NA;NA;NA;
9;2;2.15;2.19;1.86;NA;7.08;3.14;ND;1.81;ND;NA;NA;NA;
9;3;2.09;2.59;3.38;NA;7.87;4.56;ND;2.01;ND;NA;NA;NA;
9;4;2.72;2.9;2.32;NA;7.37;4.71;ND;2.03;ND;NA;NA;NA;
9;5;2.73;3.34;2.68;NA;6.06;3.05;ND;1.98;ND;NA;NA;NA;
9;6;3.65;4.03;3.72;NA;8.2;5.33;ND;2.22;ND;NA;NA;NA;
9;7;5.12;2.85;2.45;NA;7.4;6.15;ND;2.57;ND;NA;NA;NA;
9;8;3.64;1.66;3.34;NA;2.44;5.86;ND;2.43;ND;NA;NA;NA;
9;9;3.35;1.31;3.84;NA;2.82;4.06;ND;2.52;ND;NA;NA;NA;
9;10;2.3;1.12;2.68;NA;3.52;2.41;ND;2.41;ND;NA;NA;NA;
9;11;1.27;1.17;2.08;NA;1.07;1.69;ND;2.72;ND;NA;NA;NA;
9;12;1.81;1.43;2.14;NA;1;1.74;ND;1.83;ND;NA;NA;NA;
9;13;1.72;0.8;1.8;NA;1.37;1.67;ND;1.77;ND;NA;NA;NA;
9;14;1.29;0.73;2.05;NA;1.47;1.51;ND;1.72;ND;NA;NA;NA;
9;15;1.46;0.97;3.13;NA;1.41;1.66;ND;2.28;ND;NA;NA;NA;
9;16;1.48;0.57;3.08;NA;2.43;2.31;ND;2.28;ND;NA;NA;NA;
9;17;1.16;0.65;3.18;NA;3.29;2.12;ND;1.96;ND;NA;NA;NA;
9;18;1.68;0.26;3.92;NA;3.48;2.6;ND;2.01;ND;NA;NA;NA;
9;19;2.15;0.83;3.97;NA;3.25;3.63;ND;1.86;ND;NA;NA;NA;
9;20;2.01;1.49;5.68;NA;3.7;5.09;ND;2.13;ND;NA;NA;NA;
9;21;3.04;1.7;4.06;NA;3.27;6.07;ND;1.97;ND;NA;NA;NA;
9;22;4.8;2.07;3.17;NA;5.65;3.23;ND;1.72;ND;NA;NA;NA;
9;23;3.5;2.29;2.02;NA;4.84;3.22;ND;1.65;ND;NA;NA;NA;
10;0;2.62;2.38;2.07;NA;5.71;5.26;ND;1.86;ND;NA;NA;NA;
10;1;ND;ND;ND;NA;4.69;4.71;ND;1.8;ND;NA;NA;NA;
10;2;1.43;2.18;1.46;NA;4.71;5.06;ND;1.83;ND;NA;NA;NA;
10;3;1.36;1.9;1.21;NA;4.38;5.11;ND;1.79;ND;NA;NA;NA;
10;4;1.33;1.91;1.16;NA;3.6;3.31;ND;1.72;ND;NA;NA;NA;
10;5;1.59;2.01;1.4;NA;5.03;3.46;ND;1.76;ND;NA;NA;NA;
10;6;2.02;2.67;1.54;NA;5.79;4.79;ND;1.69;ND;NA;NA;NA;
10;7;3.62;2.6;1.8;NA;5.01;4.57;ND;1.91;ND;NA;NA;NA;
10;8;2.5;1.79;2.27;NA;1.78;3.71;ND;1.95;ND;NA;NA;NA;
10;9;1.66;1.33;1.99;NA;2.59;2.34;ND;1.64;ND;NA;NA;NA;
10;10;1.28;1.54;1.73;NA;1.31;1.15;ND;1.65;ND;NA;NA;NA;
10;11;1.03;1.45;1.59;NA;1.48;1.11;ND;1.64;ND;NA;NA;NA;
10;12;1.12;1.69;1.28;NA;1.27;0.69;ND;1.42;ND;NA;NA;NA;
10;13;0.86;1.39;1.19;NA;0.97;0.82;ND;1.56;ND;NA;NA;NA;
10;14;0.92;1.68;1.19;NA;0.75;0.83;ND;1.45;ND;NA;NA;NA;
10;15;0.76;1.6;1.25;NA;0.84;0.92;ND;1.49;ND;NA;NA;NA;
10;16;1.42;1.32;1.17;NA;1.2;0.94;ND;1.63;ND;NA;NA;NA;
10;17;1.15;1.56;1.41;NA;1.42;0.97;ND;1.42;ND;NA;NA;NA;
10;18;1.59;1.77;1.59;NA;1.94;0.9;ND;1.51;ND;NA;NA;NA;
10;19;1.89;2.16;1.94;NA;1.76;2.38;ND;1.48;ND;NA;NA;NA;
10;20;2.38;2.18;2.51;NA;0.98;2.4;ND;2.15;ND;NA;NA;NA;
10;21;1.91;2.03;2.19;NA;1.51;2.32;ND;1.94;ND;NA;NA;NA;
10;22;1.36;2.03;1.69;NA;3.23;1.82;ND;2.54;ND;NA;NA;NA;
10;23;1.72;1.9;1.64;NA;3.61;3.48;ND;1.99;ND;NA;NA;NA;
11;0;1.89;1.96;1.34;NA;8.3;4.77;ND;1.77;ND;NA;NA;NA;
11;1;1.83;2.21;1.51;NA;ND;ND;ND;1.94;ND;NA;NA;NA;
11;2;1.65;2.26;0.95;NA;7.22;3.18;ND;1.97;ND;NA;NA;NA;
11;3;1.11;2.41;1.06;NA;6.08;3.83;ND;2.07;ND;NA;NA;NA;
11;4;1.87;2.48;1.05;NA;2.57;1.65;ND;2.23;ND;NA;NA;NA;
11;5;2.74;2.92;1.46;NA;2.88;2.76;ND;2.48;ND;NA;NA;NA;
11;6;5.97;4.62;3.22;NA;8.57;5.19;ND;3.39;ND;NA;NA;NA;
11;7;8.06;3.47;3.54;NA;11.79;7.48;ND;4.87;ND;NA;NA;NA;
11;8;4.39;1.89;2.51;NA;4.51;2.85;ND;4.96;ND;NA;NA;NA;
11;9;2.27;1.56;2.63;NA;1.46;1.38;ND;4.02;ND;NA;NA;NA;
11;10;1.77;1.55;2.23;NA;3.43;1.78;ND;2.26;ND;NA;NA;NA;
11;11;1.44;1.41;1.89;NA;3.63;1.38;ND;1.91;ND;NA;NA;NA;
11;12;1.51;1.36;2.27;NA;1.57;1.12;ND;1.85;ND;NA;NA;NA;
11;13;1.49;1.47;2.18;NA;1.8;1.04;ND;1.83;ND;NA;NA;NA;
11;14;2.32;1.85;2.13;NA;0.86;1.1;ND;1.78;ND;NA;NA;NA;
11;15;3.4;1.57;2.2;NA;1.38;1.21;ND;1.72;ND;NA;NA;NA;
11;16;2.04;1.29;2.69;NA;1.12;1.24;ND;1.66;ND;NA;NA;NA;
11;17;2.24;1.47;2.99;NA;6.08;1.31;ND;1.64;ND;NA;NA;NA;
11;18;1.87;1.6;2.58;NA;8.43;1.83;ND;1.86;ND;NA;NA;NA;
11;19;2.91;1.75;4;NA;1.43;2.53;ND;1.88;ND;NA;NA;NA;
11;20;3.47;2.01;4.73;NA;2.46;2.88;ND;2.37;ND;NA;NA;NA;
11;21;4.17;2.14;3.12;NA;6.91;7.05;ND;2.88;ND;NA;NA;NA;
11;22;3.83;2.09;5;NA;0.98;10.81;ND;3.72;ND;NA;NA;NA;
11;23;1.49;2.18;2.15;NA;0.86;3.36;ND;3.06;ND;NA;NA;NA;
12;0;1.36;2.01;1.14;NA;1.18;2.02;ND;2.68;ND;NA;NA;NA;
12;1;ND;ND;1.18;NA;1.78;2.84;ND;2.55;ND;NA;NA;NA;
12;2;1.91;3.69;1.26;NA;2.12;3.17;ND;2.3;ND;NA;NA;NA;
12;3;2.4;5.27;1.45;NA;1.64;2.84;ND;2.27;ND;NA;NA;NA;
12;4;4.09;4.11;1.13;NA;3.73;2.83;ND;2.51;ND;NA;NA;NA;
12;5;5.48;6.58;1.36;NA;6;4.5;ND;2.3;ND;NA;NA;NA;
12;6;8.06;10.02;2.75;NA;7.69;5.97;ND;3.14;ND;NA;NA;NA;
12;7;8.72;9.71;2.68;NA;7.91;4.56;ND;4.31;ND;NA;NA;NA;
12;8;4.01;5.05;2.47;NA;3.66;4.71;ND;4.73;ND;NA;NA;NA;
12;9;2.04;3.26;2.49;NA;2.78;3.04;ND;5.99;ND;NA;NA;NA;
12;10;2.15;2.08;ND;NA;1.13;1.78;ND;6.3;ND;NA;NA;NA;
12;11;1.92;1.58;ND;NA;1.87;2.39;ND;3.16;ND;NA;NA;NA;
12;12;1.54;1.71;3.3;NA;1.83;2.38;ND;1.73;ND;NA;NA;NA;
12;13;1.3;0.6;2.86;NA;2.08;2.03;ND;1.85;ND;NA;NA;NA;
12;14;1.25;0.62;1.85;NA;1.85;2.39;ND;2.53;ND;NA;NA;NA;
12;15;1.14;0.39;1.92;NA;1.67;1.96;ND;2.59;ND;NA;NA;NA;
12;16;1.18;0.39;1.39;NA;1.16;1.82;ND;2.56;ND;NA;NA;NA;
12;17;1.33;1.26;1.37;NA;1.46;2.06;ND;2.34;ND;NA;NA;NA;
12;18;1.56;1.76;2.33;NA;1.5;2.46;ND;2.37;ND;NA;NA;NA;
12;19;1.47;1.93;3.1;NA;3.27;3.61;ND;2.43;ND;NA;NA;NA;
12;20;2.12;1.91;3.37;NA;2.81;3.59;ND;2.48;ND;NA;NA;NA;
12;21;1.95;1.63;3.77;NA;5.55;3.79;ND;2.4;ND;NA;NA;NA;
12;22;1.24;1.67;3.22;NA;3.37;5.74;ND;2.09;ND;NA;NA;NA;
12;23;1.14;1.67;2.02;NA;2.48;3.86;ND;1.97;ND;NA;NA;NA;
13;0;1.64;1.62;1.42;NA;1.64;3.34;ND;1.94;ND;NA;NA;NA;
13;1;1.12;2.21;ND;NA;ND;ND;ND;1.93;ND;NA;NA;NA;
13;2;1.23;2.07;1.35;NA;3.72;3.69;ND;2.05;ND;NA;NA;NA;
13;3;1.43;2.07;1.16;NA;2.01;3.24;ND;2.06;ND;NA;NA;NA;
13;4;1.56;2.73;1.75;NA;3.15;3.22;ND;2.22;ND;NA;NA;NA;
13;5;2.53;3.15;1.55;NA;3.36;3.84;ND;2.06;ND;NA;NA;NA;
13;6;4.95;4.16;2.48;NA;3.74;4.58;ND;2.5;ND;NA;NA;NA;
13;7;5.95;6.01;2.33;NA;4.56;5.47;ND;2.96;ND;NA;NA;NA;
13;8;2.75;3.73;2.66;NA;2.97;6.18;ND;2.74;ND;NA;NA;NA;
13;9;2.61;2.75;3.01;NA;5.41;4.4;ND;3.25;ND;NA;NA;NA;
13;10;2.18;2.36;2.42;NA;1.85;2.39;ND;5.47;ND;NA;NA;NA;
13;11;1.87;1.86;2.3;NA;1.28;2.35;ND;2.87;ND;NA;NA;NA;
13;12;1.64;1.76;2.6;NA;1.78;2.95;ND;1.61;ND;NA;NA;NA;
13;13;1.12;1.51;2.6;NA;1.49;2.48;ND;1.74;ND;NA;NA;NA;
13;14;1.37;0.66;1.85;NA;1.27;2.07;ND;1.53;ND;NA;NA;NA;
13;15;1.23;0.46;2.25;NA;1.99;3;ND;1.77;ND;NA;NA;NA;
13;16;1.1;0.48;1.78;NA;1.93;1.98;ND;1.97;ND;NA;NA;NA;
13;17;1.2;0.37;2.62;NA;2.01;3.47;ND;2.09;ND;NA;NA;NA;
13;18;1.69;1.41;4.5;NA;2.82;3.08;ND;2.13;ND;NA;NA;NA;
13;19;2.31;1.95;4.45;NA;3.99;3.93;ND;2.04;ND;NA;NA;NA;
13;20;4.55;1.77;5.85;NA;3.43;4.98;ND;1.94;ND;NA;NA;NA;
13;21;5.23;1.87;5.57;NA;3.53;3.03;ND;2.45;ND;NA;NA;NA;
13;22;4.24;2.09;2.33;NA;4.14;2.22;ND;2.2;ND;NA;NA;NA;
13;23;3.64;1.72;1.99;NA;11.73;2.58;ND;2.06;ND;NA;NA;NA;
14;0;3.02;1.67;4.74;NA;7.92;4.18;ND;2.21;ND;NA;NA;NA;
14;1;ND;ND;4.92;NA;5.8;3.65;ND;2.05;ND;NA;NA;NA;
14;2;1.84;2;5.06;NA;9.14;3.87;ND;2.32;ND;NA;NA;NA;
14;3;2.08;2.75;5.47;NA;7.61;4.23;ND;2.65;ND;NA;NA;NA;
14;4;2.78;2.13;5.55;NA;6.58;4.68;ND;2.44;ND;NA;NA;NA;
14;5;5.14;2.46;5.45;NA;6.51;5.57;ND;2.74;ND;NA;NA;NA;
14;6;7.06;2.64;5.69;NA;12.53;9.92;ND;3.24;ND;NA;NA;NA;
14;7;7.49;3.09;9.51;NA;10.59;10.74;ND;4;ND;NA;NA;NA;
14;8;8.51;2.64;9.13;NA;3.44;6.52;ND;5.48;ND;NA;NA;NA;
14;9;6.39;1.45;8.59;NA;3.27;5.56;ND;5.45;ND;NA;NA;NA;
14;10;4.48;1.15;3.86;NA;2.43;3.71;ND;4.21;ND;NA;NA;NA;
14;11;2.37;2.6;2.16;NA;2.03;3.49;ND;3.32;ND;NA;NA;NA;
14;12;1.94;3.09;2.23;NA;2.07;2.19;ND;2.62;ND;NA;NA;NA;
14;13;2.13;ND;1.86;NA;1.5;1.61;ND;2.29;ND;NA;NA;NA;
14;14;2.59;ND;1.97;NA;0.96;1.42;ND;1.91;ND;NA;NA;NA;
14;15;1.65;ND;2.51;NA;1.17;1.28;ND;1.74;ND;NA;NA;NA;
14;16;1.54;4.25;2.52;NA;1.58;3.07;ND;2.52;ND;NA;NA;NA;
14;17;1.82;4.22;2.81;NA;1.78;3.16;ND;3.26;ND;NA;NA;NA;
14;18;2.22;4.07;3.91;NA;1.93;3.26;ND;2.82;ND;NA;NA;NA;
14;19;2.96;4;4.41;NA;2.06;3.83;ND;2.61;ND;NA;NA;NA;
14;20;3.65;4.68;5.55;NA;3.85;5.24;ND;2.8;ND;NA;NA;NA;
14;21;5.12;5.09;7.81;NA;8.58;5.04;ND;2.48;ND;NA;NA;NA;
14;22;7.27;7.12;6.92;NA;5.09;7.2;ND;2.66;ND;NA;NA;NA;
14;23;5.92;5.62;7.99;NA;2.15;7.64;ND;2.42;ND;NA;NA;NA;
15;0;6.19;3.09;3.34;NA;6.24;6.26;ND;2.41;ND;NA;NA;NA;
15;1;5.06;ND;ND;NA;ND;ND;ND;2.57;ND;NA;NA;NA;
15;2;3.9;4.08;3.79;NA;13.45;5.17;ND;2.77;ND;NA;NA;NA;
15;3;3.38;4.28;2.04;NA;10.71;6.46;ND;2.63;ND;NA;NA;NA;
15;4;3.19;3.29;4.09;NA;9.14;6.21;ND;2.37;ND;NA;NA;NA;
15;5;3.29;3.46;4.26;NA;14.94;7.13;ND;3.16;ND;NA;NA;NA;
15;6;5.7;5.04;4.98;NA;37.36;8.86;ND;3.42;ND;NA;NA;NA;
15;7;9.07;5.15;10.25;NA;23.94;13.39;ND;3.49;ND;NA;NA;NA;
15;8;5.71;5.43;9.38;NA;19.34;12.78;ND;3.54;ND;NA;NA;NA;
15;9;4.69;4.49;7.77;NA;8.28;9.03;ND;3.88;ND;NA;NA;NA;
15;10;4.2;3.7;5.39;NA;5.54;6.36;ND;5.32;ND;NA;NA;NA;
15;11;2.83;2.64;1.95;NA;2.65;3.1;ND;4.23;ND;NA;NA;NA;
15;12;3.98;3;2.21;NA;1.69;2.44;ND;2.63;ND;NA;NA;NA;
15;13;4.42;3.6;2.52;NA;2.27;2.12;ND;2.12;ND;NA;NA;NA;
15;14;4.05;5.06;2.32;NA;2.43;2.54;ND;2.52;ND;NA;NA;NA;
15;15;3.58;2.68;3.92;NA;2.18;3.5;ND;3.5;ND;NA;NA;NA;
15;16;2.25;2.2;3.03;NA;1.74;3.68;ND;3.58;ND;NA;NA;NA;
15;17;2.06;2.98;2.51;NA;2.16;2.68;ND;3.16;ND;NA;NA;NA;
15;18;1.75;2.82;4.3;NA;1.72;2.75;ND;2.66;ND;NA;NA;NA;
15;19;2.23;2.62;5.45;NA;2.44;3.46;ND;2.61;ND;NA;NA;NA;
15;20;3.34;2.37;2.2;NA;2.73;2.59;ND;2.43;ND;NA;NA;NA;
15;21;3.85;2.16;3;NA;2.9;3;ND;2.49;ND;NA;NA;NA;
15;22;2.55;2.06;3.63;NA;3.57;3.79;ND;2.66;ND;NA;NA;NA;
15;23;2.15;2.02;4.27;NA;10.64;6.15;ND;2.98;ND;NA;NA;NA;
16;0;2.73;1.59;5.4;NA;11.14;7.44;ND;2.32;ND;NA;NA;NA;
16;1;ND;1.5;2.82;NA;6.16;5.55;ND;2.36;ND;NA;NA;NA;
16;2;2.31;2.4;2.61;NA;9.02;4.9;ND;2.28;ND;NA;NA;NA;
16;3;1.86;3.05;2.94;NA;3.96;5.45;ND;2.28;ND;NA;NA;NA;
16;4;2.57;2.98;1.71;NA;4.3;5.33;ND;2.26;ND;NA;NA;NA;
16;5;2.6;2.75;2.2;NA;8.84;4.49;ND;2.15;ND;NA;NA;NA;
16;6;3.05;2.93;3.52;NA;4;6.46;ND;2.78;ND;NA;NA;NA;
16;7;3.87;4.06;1.8;NA;6.25;4.43;ND;2.74;ND;NA;NA;NA;
16;8;4.47;3.94;3.11;NA;2.32;5.85;ND;3.2;ND;NA;NA;NA;
16;9;4.6;3.83;6.49;NA;1.71;5.79;ND;4.18;ND;NA;NA;NA;
16;10;4.36;3.25;4.22;NA;1.7;2.67;ND;3.6;ND;NA;NA;NA;
16;11;2.77;2.39;3.71;NA;3.19;3.06;ND;3.19;ND;NA;NA;NA;
16;12;2.22;2.25;2.48;NA;3.11;2.4;ND;2.95;ND;NA;NA;NA;
16;13;2.27;2.66;2.51;NA;1.63;2.98;ND;2.51;ND;NA;NA;NA;
16;14;1.71;2.46;3.56;NA;1.65;2.73;ND;2.61;ND;NA;NA;NA;
16;15;1.56;2.22;1.82;NA;2.55;3.48;ND;2.88;ND;NA;NA;NA;
16;16;2.54;2.18;3.07;NA;2.1;3.09;ND;2.51;ND;NA;NA;NA;
16;17;2.85;2.23;4.4;NA;3.74;4.5;ND;2.44;ND;NA;NA;NA;
16;18;2.59;2.25;3.94;NA;4.38;4.18;ND;2.26;ND;NA;NA;NA;
16;19;2.3;2.29;2.79;NA;3.52;4.94;ND;2.46;ND;NA;NA;NA;
16;20;2.09;2.03;5.57;NA;10.84;5.43;ND;2.78;ND;NA;NA;NA;
16;21;3.34;1.86;9.46;NA;6.82;6.99;ND;2.69;ND;NA;NA;NA;
16;22;3.48;2.03;6.98;NA;13.07;7.99;ND;2.9;ND;NA;NA;NA;
16;23;2.27;1.87;4.24;NA;56.59;7.08;ND;2.71;ND;NA;NA;NA;
17;0;2.29;1.77;3.29;NA;12.26;5.58;ND;3.09;ND;NA;NA;NA;
17;1;2.05;ND;ND;NA;ND;ND;ND;2.45;ND;NA;NA;NA;
17;2;1.93;1.94;4.16;NA;6.7;4.44;ND;2.52;ND;NA;NA;NA;
17;3;1.56;2;4.52;NA;4.44;6.15;ND;3.93;ND;NA;NA;NA;
17;4;1.38;1.54;4.65;NA;6.54;5.59;ND;3.7;ND;NA;NA;NA;
17;5;1.58;1.98;3.95;NA;35.92;4.92;ND;4.27;ND;NA;NA;NA;
17;6;1.86;2.15;7.63;NA;41.55;26.37;ND;3.8;ND;NA;NA;NA;
17;7;2.16;2.31;11.26;NA;99.68;13.55;ND;5.07;ND;NA;NA;NA;
17;8;3.39;2.47;9.46;NA;30.75;13.6;ND;6.14;ND;NA;NA;NA;
17;9;3.62;2.31;6.28;NA;8.73;7.36;ND;5.78;ND;NA;NA;NA;
17;10;3.8;2.81;4.03;NA;5.03;4.27;ND;4.47;ND;NA;NA;NA;
17;11;3.12;2.96;3.22;NA;3.7;3.34;ND;3.71;ND;NA;NA;NA;
17;12;2.49;1.99;2.74;NA;2.91;3.12;ND;3.34;ND;NA;NA;NA;
17;13;2.06;1.75;3.02;NA;2.58;3.34;ND;2.98;ND;NA;NA;NA;
17;14;1.15;1.54;2.3;NA;2.71;2.93;ND;2.77;ND;NA;NA;NA;
17;15;1.34;1.73;1.81;NA;2.49;2.67;ND;2.62;ND;NA;NA;NA;
17;16;1.84;1.73;3.37;NA;2.91;2.7;ND;2.52;ND;NA;NA;NA;
17;17;2.31;1.95;3.79;NA;2.75;3.6;ND;3.23;ND;NA;NA;NA;
17;18;3.43;2.08;3.2;NA;2.29;2.52;ND;3.99;ND;NA;NA;NA;
17;19;3.27;2.62;4.76;NA;3.96;4.61;ND;3.69;ND;NA;NA;NA;
17;20;3.11;3.55;3.51;NA;13.34;4.97;ND;3.65;ND;NA;NA;NA;
17;21;4.09;2.97;5.35;NA;28.7;11.02;ND;3.62;ND;NA;NA;NA;
17;22;3.65;3.45;4.92;NA;ND;14.79;ND;4.22;ND;NA;NA;NA;
17;23;3.1;2.99;8.11;NA;ND;13.01;ND;4.32;ND;NA;NA;NA;
18;0;2.88;2.54;4.28;NA;8.98;7.83;ND;5.57;ND;NA;NA;NA;
18;1;ND;2.05;3.79;NA;6.21;5.46;ND;6.56;ND;NA;NA;NA;
18;2;2;1.76;1.93;NA;6.47;4.78;ND;6.19;ND;NA;NA;NA;
18;3;1.73;1.57;2.48;NA;12.18;4.35;ND;5.8;ND;NA;NA;NA;
18;4;2.42;2.77;3.57;NA;8.29;6.08;ND;5.62;ND;NA;NA;NA;
18;5;2.65;3.24;3.1;NA;15.64;5.54;ND;4.79;ND;NA;NA;NA;
18;6;4.25;6.53;6.55;NA;21.97;5.4;ND;4.64;ND;NA;NA;NA;
18;7;6.44;7.14;7.32;NA;36.37;5.95;ND;6.54;ND;NA;NA;NA;
18;8;6.27;4.58;9.44;NA;18.67;8.67;ND;7.11;ND;NA;NA;NA;
18;9;4.44;3.81;9.9;NA;11.54;9.83;ND;5.54;ND;NA;NA;NA;
18;10;4.36;3.52;3.51;NA;7.61;5.81;ND;5.46;ND;NA;NA;NA;
18;11;7.57;6.62;3.39;NA;4.32;4.38;ND;7.27;ND;NA;NA;NA;
18;12;9.07;10.98;2.68;NA;3.4;2.83;ND;6.78;ND;NA;NA;NA;
18;13;9.36;9.1;2.19;NA;2.36;2.31;ND;5.74;ND;NA;NA;NA;
18;14;7.21;6.15;2.12;NA;ND;2.71;ND;5.31;ND;NA;NA;NA;
18;15;4.1;2.67;6.31;NA;ND;5.84;ND;7.36;ND;NA;NA;NA;
18;16;2.79;3.21;4.27;NA;7.65;7.89;ND;5.15;ND;NA;NA;NA;
18;17;2.16;2.83;2.59;NA;4.45;5.66;ND;3.41;ND;NA;NA;NA;
18;18;1.98;2.98;4.01;NA;3.62;4.13;ND;2.99;ND;NA;NA;NA;
18;19;2.38;2.62;5.31;NA;5.16;4.47;ND;2.77;ND;NA;NA;NA;
18;20;3.05;2.43;3.94;NA;5.77;4.64;ND;2.56;ND;NA;NA;NA;
18;21;3.41;2.44;3.64;NA;6;5.27;ND;2.53;ND;NA;NA;NA;
18;22;1.96;1.99;4.7;NA;7.38;4.7;ND;2.26;ND;NA;NA;NA;
18;23;2.06;1.45;5.29;NA;6.4;6.53;ND;2.32;ND;NA;NA;NA;
19;0;1.69;1.7;5.39;NA;4.49;5.39;ND;2.1;ND;NA;NA;NA;
19;1;1.99;ND;ND;NA;ND;ND;ND;2.01;ND;NA;NA;NA;
19;2;3.35;2.1;5.88;NA;14.09;4.07;ND;2.13;ND;NA;NA;NA;
19;3;3.18;1.54;3.54;NA;30.67;4.2;ND;1.97;ND;NA;NA;NA;
19;4;3.8;3.6;2.83;NA;7.59;4.35;ND;2.28;ND;NA;NA;NA;
19;5;4.76;5.3;2.75;NA;5.86;3.83;ND;3.68;ND;NA;NA;NA;
19;6;7.35;6.88;5.47;NA;34.87;6.08;ND;4.99;ND;NA;NA;NA;
19;7;13.32;8.43;9.48;NA;29.71;15.57;ND;7.92;ND;NA;NA;NA;
19;8;8.15;8.82;7.82;NA;8.25;9.89;ND;10.18;ND;NA;NA;NA;
19;9;4.04;5.78;ND;NA;7.83;4.53;ND;8.01;ND;NA;NA;NA;
19;10;4.86;3.94;3.61;NA;4.66;3.56;ND;6.37;ND;NA;NA;NA;
19;11;3.57;3.47;3.41;NA;2.72;3.59;ND;5.35;ND;NA;NA;NA;
19;12;2.76;2.64;3.32;NA;3.77;3.08;ND;3.91;ND;NA;NA;NA;
19;13;1.98;1.8;2.6;NA;2.56;2.27;ND;2.95;ND;NA;NA;NA;
19;14;1.87;1.46;ND;NA;2.3;2.1;ND;2.36;ND;NA;NA;NA;
19;15;1.64;1.54;ND;NA;2.29;2.04;ND;2.26;ND;NA;NA;NA;
19;16;1.45;1.41;1.87;NA;2.28;1.94;ND;2.4;ND;NA;NA;NA;
19;17;1.47;1.45;2.05;NA;2.35;1.99;ND;2.7;ND;NA;NA;NA;
19;18;1.63;1.62;4.83;NA;3.2;2.99;ND;2.63;ND;NA;NA;NA;
19;19;2.86;2;3.49;NA;3.48;4.28;ND;2.68;ND;NA;NA;NA;
19;20;2.67;2.26;3.99;NA;9.99;4.67;ND;2.44;ND;NA;NA;NA;
19;21;2.11;1.98;3.94;NA;14.89;4.81;ND;2.49;ND;NA;NA;NA;
19;22;1.64;2.69;3.53;NA;9.31;4.69;ND;2.16;ND;NA;NA;NA;
19;23;2.16;2.97;3.52;NA;8.46;2.47;ND;2.04;ND;NA;NA;NA;
20;0;1.91;2.34;4.29;NA;35.41;4.09;ND;2.34;ND;NA;NA;NA;
20;1;ND;2.43;3.66;NA;9.09;4.14;ND;2.17;ND;NA;NA;NA;
20;2;1.96;1.81;3.8;NA;7.27;4.68;ND;2.54;ND;NA;NA;NA;
20;3;2.26;2.21;4.35;NA;7.74;4.04;ND;2.53;ND;NA;NA;NA;
20;4;3.16;3.9;4.2;NA;7.53;4.38;ND;2.51;ND;NA;NA;NA;
20;5;5.46;3.81;6.43;NA;9.87;5.14;ND;2.33;ND;NA;NA;NA;
20;6;7.57;10.2;6.78;NA;15.91;8.77;ND;2.94;ND;NA;NA;NA;
20;7;11.23;6.77;11.78;NA;43.41;17.85;ND;7.69;ND;NA;NA;NA;
20;8;12.7;14.16;8.64;NA;19.45;15.4;ND;14.07;ND;NA;NA;NA;
20;9;8.35;5.83;9.54;NA;8.71;10.39;ND;9.86;ND;NA;NA;NA;
20;10;8.94;8.56;9.26;NA;6.87;7.23;ND;9.18;ND;NA;NA;NA;
20;11;6.84;12.72;6.22;NA;5.77;6.47;ND;9.29;ND;NA;NA;NA;
20;12;7.72;7.43;5.89;NA;7.35;5.78;ND;6.47;ND;NA;NA;NA;
20;13;6.15;7.08;5.49;NA;4.32;5.01;ND;3.81;ND;NA;NA;NA;
20;14;4.26;5.78;3.23;NA;2.85;4;ND;4.59;ND;NA;NA;NA;
20;15;3.64;4.09;4.05;NA;3.53;4.65;ND;3.8;ND;NA;NA;NA;
20;16;3;3.16;3.57;NA;3.84;4.49;ND;7.89;ND;NA;NA;NA;
20;17;2.52;3.01;4.78;NA;7.1;5.11;ND;3.75;ND;NA;NA;NA;
20;18;2.79;2.95;4.34;NA;3.98;5.78;ND;3.3;ND;NA;NA;NA;
20;19;2.59;2.58;5.92;NA;5.49;8.12;ND;2.82;ND;NA;NA;NA;
20;20;3.28;2.27;8.03;NA;8.06;8.34;ND;2.65;ND;NA;NA;NA;
20;21;4.51;3;7.33;NA;7.66;7.58;ND;2.78;ND;NA;NA;NA;
20;22;3.49;2.25;7.3;NA;10.77;6.65;ND;3.06;ND;NA;NA;NA;
20;23;3.22;1.78;6.19;NA;26.58;5.19;ND;2.77;ND;NA;NA;NA;
21;0;3.16;1.67;5.21;NA;40.59;6.42;ND;2.71;ND;NA;NA;NA;
21;1;2.64;1.79;ND;NA;ND;ND;ND;3.71;ND;NA;NA;NA;
21;2;4.65;1.7;5.34;NA;7.44;3.98;ND;4.7;ND;NA;NA;NA;
21;3;7.61;2.43;5.16;NA;10.25;5.06;ND;3.71;ND;NA;NA;NA;
21;4;6.42;4.89;4.38;NA;64.81;4.9;ND;3.95;ND;NA;NA;NA;
21;5;6;5.69;3.79;NA;78.8;6.77;ND;3.85;ND;NA;NA;NA;
21;6;7.43;5.57;6.97;NA;102.92;11.5;ND;4.27;ND;NA;NA;NA;
21;7;18.78;11.94;12.11;NA;71.73;23.52;ND;6.35;ND;NA;NA;NA;
21;8;20.93;14.85;8.68;NA;53.58;9.52;ND;7;ND;NA;NA;NA;
21;9;9.6;8.91;3.71;NA;7.11;5.04;ND;6.93;ND;NA;NA;NA;
21;10;4.03;ND;2.93;NA;2.86;3.87;ND;5.23;ND;NA;NA;NA;
21;11;1.88;3.68;2.79;NA;3.76;3.63;ND;3.92;ND;NA;NA;NA;
21;12;3.5;3.68;2.35;NA;2.8;3.13;ND;2.85;ND;NA;NA;NA;
21;13;4.15;3.58;2.51;NA;2.92;3;ND;2.51;ND;NA;NA;NA;
21;14;4.46;3.01;4.39;NA;3.92;4.35;ND;3;ND;NA;NA;NA;
21;15;3.16;2.69;2.88;NA;5.44;3.49;ND;3.57;ND;NA;NA;NA;
21;16;3.13;2.56;1.93;NA;3.11;2.93;ND;3.51;ND;NA;NA;NA;
21;17;3.35;2.25;3.53;NA;2.82;3.1;ND;4.32;ND;NA;NA;NA;
21;18;3.41;2.5;4.2;NA;3.57;4.26;ND;2.64;ND;NA;NA;NA;
21;19;4.07;2.41;3.5;NA;4.46;4.92;ND;2.67;ND;NA;NA;NA;
21;20;5.27;2.93;5.84;NA;7.77;3.93;ND;3.88;ND;NA;NA;NA;
21;21;3.9;3.21;5.88;NA;12.45;3.02;ND;3.88;ND;NA;NA;NA;
21;22;3.08;3.66;4.69;NA;13.7;5.66;ND;3.96;ND;NA;NA;NA;
21;23;6.54;4.91;3.3;NA;20.18;4.23;ND;9.43;ND;NA;NA;NA;
22;0;4.65;4.97;2.62;NA;10.93;2.9;ND;5.22;ND;NA;NA;NA;
22;1;ND;7.2;3.28;NA;8.86;4.6;ND;7.44;ND;NA;NA;NA;
22;2;3.32;4.14;4.16;NA;14.81;4.4;ND;5.95;ND;NA;NA;NA;
22;3;4;3.8;3.78;NA;63.18;11.36;ND;22.62;ND;NA;NA;NA;
22;4;11.19;7.43;4.66;NA;95.65;13.49;ND;26.03;ND;NA;NA;NA;
22;5;13.45;12.2;6.56;NA;79.72;11.2;ND;36.92;ND;NA;NA;NA;
22;6;15.48;17.67;4.43;NA;32.75;13.56;ND;27.9;ND;NA;NA;NA;
22;7;12.32;17.87;6.89;NA;18.87;14.2;ND;49.13;ND;NA;NA;NA;
22;8;8.94;10.15;3.32;NA;11.67;8.09;ND;38.58;ND;NA;NA;NA;
22;9;4.02;7.29;2.44;NA;4.23;3.47;ND;26.03;ND;NA;NA;NA;
22;10;2.5;4.31;2.76;NA;4.82;3.5;ND;9.83;ND;NA;NA;NA;
22;11;2.19;2.71;2.62;NA;3.66;3.31;ND;3.72;ND;NA;NA;NA;
22;12;1.5;1.77;1.64;NA;1.88;2.05;ND;2.45;ND;NA;NA;NA;
22;13;1.23;1.31;1.7;NA;1.92;2.31;ND;2.2;ND;NA;NA;NA;
22;14;1.21;1.48;1.7;NA;3.49;1.96;ND;2.36;ND;NA;NA;NA;
22;15;1.77;1.25;1.82;NA;2.29;1.91;ND;2.22;ND;NA;NA;NA;
22;16;1.17;1.51;1.71;NA;2.16;2.27;ND;1.95;ND;NA;NA;NA;
22;17;1.66;1.51;2.36;NA;2.09;2.42;ND;2.07;ND;NA;NA;NA;
22;18;1.9;1.98;2.92;NA;2.83;3.34;ND;2.39;ND;NA;NA;NA;
22;19;2.85;1.79;4.34;NA;3.29;3.44;ND;4.04;ND;NA;NA;NA;
22;20;3.96;2.42;5.68;NA;4.86;3.93;ND;4.63;ND;NA;NA;NA;
22;21;3.03;2.92;4.54;NA;10.8;3.11;ND;4.92;ND;NA;NA;NA;
22;22;2.86;2.41;3.19;NA;2.54;2.68;ND;4.9;ND;NA;NA;NA;
22;23;3.84;3.58;1.41;NA;2.55;2.42;ND;4.63;ND;NA;NA;NA;
23;0;5.81;5.58;3.38;NA;2.5;2.29;ND;4.64;ND;NA;NA;NA;
23;1;5.51;6.47;ND;NA;ND;ND;ND;12.63;ND;NA;NA;NA;
23;2;3.81;5.97;2.01;NA;1.77;2.18;ND;12.38;ND;NA;NA;NA;
23;3;4.11;4.04;1.39;NA;1.9;2.05;ND;8.5;ND;NA;NA;NA;
23;4;4.72;3.22;1.51;NA;2.63;1.95;ND;6.23;ND;NA;NA;NA;
23;5;4.42;3.52;1.9;NA;61.23;9.18;ND;8.96;ND;NA;NA;NA;
23;6;4.35;4.88;2.29;NA;9.67;4.08;ND;11.6;ND;NA;NA;NA;
23;7;5;4.23;1.35;NA;4.1;3.22;ND;17.48;ND;NA;NA;NA;
23;8;3.26;2.41;2.17;NA;3.23;3.37;ND;15.27;ND;NA;NA;NA;
23;9;2.11;2.12;1.67;NA;3.37;3.14;ND;5.08;ND;NA;NA;NA;
23;10;1.68;1.39;1.48;NA;2.14;2.15;ND;3.24;ND;NA;NA;NA;
23;11;1.51;1.34;1.54;NA;2.68;2.13;ND;3.06;ND;NA;NA;NA;
23;12;1.92;1.85;1.1;NA;2.55;2.12;ND;2.74;ND;NA;NA;NA;
23;13;1.44;1.06;1.24;NA;1.72;3.64;ND;2.39;ND;NA;NA;NA;
23;14;1.48;1.54;1.43;NA;1.52;2.96;ND;2.38;ND;NA;NA;NA;
23;15;1.09;1.03;1.33;NA;2.05;2.27;ND;2.31;ND;NA;NA;NA;
23;16;1.57;1.12;2.09;NA;1.98;1.99;ND;2.39;ND;NA;NA;NA;
23;17;1.9;2.08;1.91;NA;4.74;2.18;ND;2.28;ND;NA;NA;NA;
23;18;2.97;2.57;1.74;NA;1.99;1.89;ND;2.16;ND;NA;NA;NA;
23;19;3.12;2.14;1.58;NA;3.81;1.98;ND;2.62;ND;NA;NA;NA;
23;20;3.37;3.32;3.29;NA;1.95;2.73;ND;4.15;ND;NA;NA;NA;
23;21;5.42;4.56;2.26;NA;2.27;3.33;ND;3.85;ND;NA;NA;NA;
23;22;4.56;4.77;3.03;NA;2.7;4.54;ND;5.07;ND;NA;NA;NA;
23;23;3.73;6.21;1.73;NA;2.04;3.22;ND;9.53;ND;NA;NA;NA;
24;0;7.71;12.11;1.52;NA;2.24;3.03;ND;8.3;ND;NA;NA;NA;
24;1;ND;10.54;1.37;NA;2.7;2.79;ND;5.81;ND;NA;NA;NA;
24;2;10.1;10.25;1.74;NA;8.9;3.91;ND;7.05;ND;NA;NA;NA;
24;3;6.67;6.97;2.69;NA;11.61;5.63;ND;7.55;ND;NA;NA;NA;
24;4;5.01;5.56;1.93;NA;9.81;6.97;ND;8.39;ND;NA;NA;NA;
24;5;4.62;5.56;4.39;NA;14.62;11.23;ND;15.85;ND;NA;NA;NA;
24;6;5.07;5.3;7.17;NA;12.87;10.01;ND;9.41;ND;NA;NA;NA;
24;7;5.86;5.61;8.47;NA;8.14;8.5;ND;11.32;ND;NA;NA;NA;
24;8;6.1;5.43;3.44;NA;4.93;3.51;ND;19.6;ND;NA;NA;NA;
24;9;3.04;3.42;2.56;NA;2.84;3.14;ND;12.99;ND;NA;NA;NA;
24;10;2.32;2.23;2.2;NA;3.66;2.8;ND;6.99;ND;NA;NA;NA;
24;11;1.95;2;1.31;NA;1.36;1.75;ND;3.05;ND;NA;NA;NA;
24;12;1.39;1.49;0.86;NA;1.54;1.66;ND;2.53;ND;NA;NA;NA;
24;13;1.01;1.44;1;NA;1.46;1.92;ND;2.28;ND;NA;NA;NA;
24;14;0.92;1.18;0.98;NA;1.2;1.91;ND;2.01;ND;NA;NA;NA;
24;15;1.14;1.2;0.9;NA;1.05;1.63;ND;2.11;ND;NA;NA;NA;
24;16;1.43;0.96;1.12;NA;2.45;1.78;ND;1.97;ND;NA;NA;NA;
24;17;1.84;1.62;1.28;NA;1.48;2.04;ND;2.11;ND;NA;NA;NA;
24;18;1.95;1.78;1.12;NA;2.02;2.29;ND;3.52;ND;NA;NA;NA;
24;19;2.39;2.36;1.71;NA;3.23;3.96;ND;3.56;ND;NA;NA;NA;
24;20;2.64;2.18;2.24;NA;4.35;5.63;ND;3.52;ND;NA;NA;NA;
24;21;3.04;2.01;2.59;NA;5.17;4.71;ND;3.2;ND;NA;NA;NA;
24;22;1.98;1.67;1.98;NA;4.57;3.58;ND;2.73;ND;NA;NA;NA;
24;23;1.46;1.63;1.43;NA;5.35;3.14;ND;3.01;ND;NA;NA;NA;
25;0;1.03;1.11;1.27;NA;11.52;2.72;ND;2.7;ND;NA;NA;NA;
25;1;1.38;1.02;ND;NA;ND;ND;ND;2.64;ND;NA;NA;NA;
25;2;1.44;1.41;2.56;NA;6.03;9.99;ND;4.14;ND;NA;NA;NA;
25;3;3.05;3.6;9.06;NA;5.84;8.66;ND;8.58;ND;NA;NA;NA;
25;4;1.85;7.81;11.31;NA;5.55;8.17;ND;13.31;ND;NA;NA;NA;
25;5;2.71;12.4;8.38;NA;7.33;7.54;ND;20.66;ND;NA;NA;NA;
25;6;5.6;13.87;7.63;NA;5.08;8.66;ND;11.39;ND;NA;NA;NA;
25;7;7.58;19.08;7.57;NA;6.97;8.43;ND;21.98;ND;NA;NA;NA;
25;8;10.14;11.38;12.1;NA;6.71;9.68;ND;14.84;ND;NA;NA;NA;
25;9;9.92;9.31;14.04;NA;8.25;12.54;ND;7.51;ND;NA;NA;NA;
25;10;7.97;6.3;8.63;NA;12.67;10.28;ND;6.51;ND;NA;NA;NA;
25;11;5.51;4.49;4.27;NA;ND;5.78;ND;5.68;ND;NA;NA;NA;
25;12;4.66;3.2;3.31;NA;ND;5.09;ND;4.57;ND;NA;NA;NA;
25;13;3.51;3.25;4.29;NA;0.58;4.41;ND;4.97;ND;NA;NA;NA;
25;14;2.73;2.97;3.59;NA;ND;4.05;ND;5.27;ND;NA;NA;NA;
25;15;2.98;3.65;4.25;NA;0.6;4.39;ND;5.69;ND;NA;NA;NA;
25;16;2.98;3.17;4.28;NA;0.82;3.59;ND;5.82;ND;NA;NA;NA;
25;17;2.18;2.53;4.61;NA;1.07;3.46;ND;5.26;ND;NA;NA;NA;
25;18;1.9;1.61;3.9;NA;1.33;4.34;ND;4.41;ND;NA;NA;NA;
25;19;1.97;ND;3.42;NA;2.23;4.96;ND;3.69;ND;NA;NA;NA;
25;20;2.13;1.78;3.51;NA;3.58;5.45;ND;3.23;ND;NA;NA;NA;
25;21;1.61;1.43;2.47;NA;2.04;4.12;ND;2.9;ND;NA;NA;NA;
25;22;1.57;1.27;2.62;NA;2.01;3.96;ND;2.77;ND;NA;NA;NA;
25;23;1.77;1.27;3.09;NA;1.89;3.66;ND;2.53;ND;NA;NA;NA;
26;0;1.74;1.33;2.55;NA;2.57;3.4;ND;2.75;ND;NA;NA;NA;
26;1;ND;1.14;2.42;NA;3.71;3.11;ND;2.43;ND;NA;NA;NA;
26;2;2.01;1.83;3.13;NA;2.07;3.7;ND;2.42;ND;NA;NA;NA;
26;3;2.03;2.09;2.12;NA;23.82;4.42;ND;2.3;ND;NA;NA;NA;
26;4;2.26;2.62;2.59;NA;41.24;6.01;ND;2.2;ND;NA;NA;NA;
26;5;2.9;2.38;2.44;NA;84.63;19.24;ND;1.95;ND;NA;NA;NA;
26;6;4.05;3.42;3.21;NA;38.75;15.75;ND;6.23;ND;NA;NA;NA;
26;7;5.81;3.73;8.87;NA;29.04;9.46;ND;9.58;ND;NA;NA;NA;
26;8;7.1;4.4;5.11;NA;18.99;8.19;ND;8.11;ND;NA;NA;NA;
26;9;7.23;5.76;11.13;NA;7.6;6.44;ND;7.03;ND;NA;NA;NA;
26;10;6.56;4.97;4.58;NA;3.5;5.44;ND;5.91;ND;NA;NA;NA;
26;11;3.04;3.73;2.22;NA;2.98;3.97;ND;3.51;ND;NA;NA;NA;
26;12;1.89;2.72;1.43;NA;1.59;2.44;ND;2.35;ND;NA;NA;NA;
26;13;1.28;2.34;1.19;NA;1.02;1.96;ND;2.11;ND;NA;NA;NA;
26;14;1.16;2.08;1.31;NA;1.01;1.87;ND;1.85;ND;NA;NA;NA;
26;15;1.57;1.68;1.49;NA;0.76;2.02;ND;2.12;ND;NA;NA;NA;
26;16;1.8;1.81;1.66;NA;0.73;4.43;ND;2.02;ND;NA;NA;NA;
26;17;2.13;3.04;2.63;NA;0.81;3.76;ND;1.88;ND;NA;NA;NA;
26;18;2.22;2.74;3.16;NA;2.05;3.79;ND;1.86;ND;NA;NA;NA;
26;19;2.03;2.73;4.79;NA;3.97;5.47;ND;2.43;ND;NA;NA;NA;
26;20;2.46;2.7;3.61;NA;6.73;6.03;ND;3.86;ND;NA;NA;NA;
26;21;3.74;3.38;3.84;NA;8.8;5.51;ND;4.12;ND;NA;NA;NA;
26;22;3.2;2.95;3.68;NA;11.03;2.83;ND;4.65;ND;NA;NA;NA;
26;23;3.47;2.65;1.93;NA;11.15;4.92;ND;10.28;ND;NA;NA;NA;
27;0;3.61;2;0.95;NA;4.1;4.44;ND;7.6;ND;NA;NA;NA;
27;1;3.74;ND;ND;NA;ND;ND;ND;7.53;ND;NA;NA;NA;
27;2;3.53;4.92;0.73;NA;3.38;4.47;ND;6.02;ND;NA;NA;NA;
27;3;3.68;5.15;1.27;NA;2.91;6;ND;3.95;ND;NA;NA;NA;
27;4;3.54;5.79;0.84;NA;2.15;4.47;ND;3.96;ND;NA;NA;NA;
27;5;2.23;9.9;0.46;NA;5.45;4.38;ND;3.72;ND;NA;NA;NA;
27;6;3.89;5.84;1.07;NA;8.93;4.43;ND;5.12;ND;NA;NA;NA;
27;7;3.27;4.85;1.51;NA;8.11;4.6;ND;6.93;ND;NA;NA;NA;
27;8;2.76;2.95;1.86;NA;1.46;2.99;ND;6;ND;NA;NA;NA;
27;9;2.36;2.42;1.98;NA;0.83;2.25;ND;4.29;ND;NA;NA;NA;
27;10;2.6;2.17;2.7;NA;1.42;2.44;ND;3.73;ND;NA;NA;NA;
27;11;1.65;1.92;1.29;NA;2.52;3.37;ND;2.65;ND;NA;NA;NA;
27;12;1.15;2;0.93;NA;1.53;2.51;ND;2.27;ND;NA;NA;NA;
27;13;0.78;1.99;0.82;NA;0.69;1.97;ND;2.06;ND;NA;NA;NA;
27;14;1.17;2.72;0.83;NA;1.35;1.78;ND;1.98;ND;NA;NA;NA;
27;15;1.13;1.69;1.39;NA;2.07;1.95;ND;1.99;ND;NA;NA;NA;
27;16;1.7;2.06;1.08;NA;1.58;1.87;ND;1.81;ND;NA;NA;NA;
27;17;2.96;1.93;1.62;NA;1.97;1.99;ND;2.09;ND;NA;NA;NA;
27;18;2.54;2.84;1.92;NA;1.62;2.36;ND;2.35;ND;NA;NA;NA;
27;19;2.83;3.19;1.53;NA;3.23;2.61;ND;2.17;ND;NA;NA;NA;
27;20;6.55;3.93;2.54;NA;1.21;2.75;ND;2.69;ND;NA;NA;NA;
27;21;6.97;5.14;1.97;NA;1.38;3.07;ND;3.44;ND;NA;NA;NA;
27;22;2.7;4.3;1.33;NA;21.73;2.92;ND;3.81;ND;NA;NA;NA;
27;23;2.73;3.35;2.52;NA;47.57;3.7;ND;8.75;ND;NA;NA;NA;
28;0;4.34;2.21;2.4;NA;22.07;4.9;ND;5.78;ND;NA;NA;NA;
28;1;ND;2.45;2.75;NA;25.07;12;ND;5.37;ND;NA;NA;NA;
28;2;2.44;2.65;3.08;NA;22;8.51;ND;6.32;ND;NA;NA;NA;
28;3;2.52;2.63;1.52;NA;8.02;7.04;ND;6.45;ND;NA;NA;NA;
28;4;3.7;1.78;1.91;NA;9.35;5.34;ND;7.47;ND;NA;NA;NA;
28;5;6.77;8.3;3.6;NA;9.82;7.33;ND;9.06;ND;NA;NA;NA;
28;6;7.4;7.77;5.19;NA;11.86;11.66;ND;12.52;ND;NA;NA;NA;
28;7;9.48;7.49;9.12;NA;13.28;11.27;ND;12.65;ND;NA;NA;NA;
28;8;8.25;5.87;13.44;NA;7.48;9.36;ND;9.44;ND;NA;NA;NA;
28;9;9.81;5.53;5.07;NA;2.87;4.88;ND;6.62;ND;NA;NA;NA;
28;10;ND;3.58;ND;NA;2.75;3.75;ND;4.77;ND;NA;NA;NA;
28;11;0.73;3.04;ND;NA;1.79;2.8;ND;3.94;ND;NA;NA;NA;
28;12;0.48;3.01;0.87;NA;0.44;ND;ND;3.86;ND;NA;NA;NA;
28;13;0.82;5.47;1.27;NA;1.1;1.43;ND;3.06;ND;NA;NA;NA;
28;14;ND;3.96;1.38;NA;0.94;0.79;ND;2.64;ND;NA;NA;NA;
28;15;0.79;3.44;1.95;NA;1.12;0.1;ND;2.43;ND;NA;NA;NA;
28;16;0.99;3.09;1.54;NA;0.97;0.06;ND;2.13;ND;NA;NA;NA;
28;17;1.29;4.11;2.09;NA;1;0.13;ND;2.25;ND;NA;NA;NA;
28;18;1.3;4.88;4.59;NA;3.04;1.05;ND;4.85;ND;NA;NA;NA;
28;19;2.56;4.61;5.94;NA;7.26;3.76;ND;5.22;ND;NA;NA;NA;
28;20;2.49;3.84;4.8;NA;8.51;3.06;ND;4.49;ND;NA;NA;NA;
28;21;1.72;3.45;4.82;NA;5.25;5.75;ND;3.69;ND;NA;NA;NA;
28;22;1.67;3.19;4.59;NA;6.32;4.73;ND;3.33;ND;NA;NA;NA;
28;23;1.76;3.16;4.22;NA;5.43;4.36;ND;3.08;ND;NA;NA;NA;
29;0;1.76;2.72;4.77;NA;10.49;5.46;ND;3.46;ND;NA;NA;NA;
29;1;2.5;ND;4.72;NA;ND;ND;ND;3.18;ND;NA;NA;NA;
29;2;6.43;5.46;4.2;NA;24.62;3.62;ND;3.58;ND;NA;NA;NA;
29;3;5.39;5.4;4.43;NA;33.32;7.41;ND;2.79;ND;NA;NA;NA;
29;4;4;5.71;7.04;NA;25.27;6.81;ND;3.56;ND;NA;NA;NA;
29;5;4.95;9.62;5.3;NA;11.91;5.05;ND;5.62;ND;NA;NA;NA;
29;6;7.44;6.71;7;NA;39.06;11.15;ND;10.19;ND;NA;NA;NA;
29;7;8.05;10.45;12.4;NA;49.06;20.24;ND;27.95;ND;NA;NA;NA;
29;8;9.1;11.01;12.77;NA;30.49;15.46;ND;26.38;ND;NA;NA;NA;
29;9;7.95;9.38;12.46;NA;13.7;12.2;ND;21.6;ND;NA;NA;NA;
29;10;6.91;8.16;5.45;NA;8.02;8.33;ND;14.62;ND;NA;NA;NA;
29;11;5.83;7.77;2.21;NA;4.63;3.1;ND;11.29;ND;NA;NA;NA;
29;12;6.14;9.87;2.2;NA;2.8;ND;ND;8.04;ND;NA;NA;NA;
29;13;4.62;5.9;3.19;NA;2.98;ND;ND;7.57;ND;NA;NA;NA;
29;14;3.56;4.76;4.82;NA;3.59;2.75;ND;6.42;ND;NA;NA;NA;
29;15;2.7;4.04;3.78;NA;3.68;2.88;ND;5.99;ND;NA;NA;NA;
29;16;2.27;3.95;3.87;NA;1.88;2.01;ND;5.47;ND;NA;NA;NA;
29;17;1.92;3.22;4.94;NA;2.1;1.97;ND;4.36;ND;NA;NA;NA;
29;18;2.3;2.82;4.81;NA;2.8;2.2;ND;3.78;ND;NA;NA;NA;
29;19;2.39;2.63;5.46;NA;4.56;2.45;ND;3.64;ND;NA;NA;NA;
29;20;2.25;2.67;4.44;NA;8.56;2.79;ND;3.57;ND;NA;NA;NA;
29;21;1.76;2.37;4;NA;6.47;2.52;ND;3.21;ND;NA;NA;NA;
29;22;1.48;2.07;3.46;NA;3.32;1.91;ND;2.85;ND;NA;NA;NA;
29;23;1.24;1.96;3.07;NA;2.63;1.64;ND;2.79;ND;NA;NA;NA;
30;0;1.51;1.99;2.42;NA;3.59;1.59;ND;2.66;ND;NA;NA;NA;
30;1;ND;2.04;ND;NA;3.96;ND;ND;2.55;ND;NA;NA;NA;
30;2;1.26;2.35;5.54;NA;5.83;6.49;ND;2.64;ND;NA;NA;NA;
30;3;1.63;2.6;6.81;NA;5.17;6.78;ND;2.55;ND;NA;NA;NA;
30;4;2.34;2.98;5.44;NA;4.57;4.48;ND;2.89;ND;NA;NA;NA;
30;5;2.42;3.95;4.81;NA;5.12;3.91;ND;2.78;ND;NA;NA;NA;
30;6;3.22;3.81;4.49;NA;11.73;4.53;ND;3.65;ND;NA;NA;NA;
30;7;5.06;4.38;7.41;NA;7.96;6.09;ND;6.84;ND;NA;NA;NA;
30;8;6.28;8.15;8.61;NA;9.9;11.59;ND;8.46;ND;NA;NA;NA;
30;9;5.8;6.78;7.92;NA;9.05;7.31;ND;9.06;ND;NA;NA;NA;
30;10;3.62;4.23;2.68;NA;3.58;3.3;ND;9.52;ND;NA;NA;NA;
30;11;2.02;3.22;1.61;NA;2.35;1.73;ND;5.76;ND;NA;NA;NA;
30;12;2.55;3.75;1.48;NA;1.55;1.05;ND;3.07;ND;NA;NA;NA;
30;13;2.18;3.69;3.05;NA;1.96;1.35;ND;3.16;ND;NA;NA;NA;
30;14;2.23;2.97;2.6;NA;2.5;2.2;ND;4.16;ND;NA;NA;NA;
30;15;1.54;2.62;2.61;NA;1.41;1.53;ND;3.46;ND;NA;NA;NA;
30;16;1.3;2.92;2.13;NA;1.98;1.52;ND;3.89;ND;NA;NA;NA;
30;17;1.3;2.56;2.22;NA;1.66;1.39;ND;4.26;ND;NA;NA;NA;
30;18;1.46;2;2.66;NA;1.36;2.03;ND;3.5;ND;NA;NA;NA;
30;19;1.64;2.66;2.87;NA;4.84;2.35;ND;2.97;ND;NA;NA;NA;
30;20;1.84;2.59;3.66;NA;4.88;3.28;ND;3.04;ND;NA;NA;NA;
30;21;1.93;2.35;3.37;NA;4.52;3.66;ND;2.91;ND;NA;NA;NA;
30;22;2.05;2.3;3.16;NA;5.08;4.53;ND;2.64;ND;NA;NA;NA;
30;23;2.61;2.03;4.13;NA;11.19;5.98;ND;2.73;ND;NA;NA;NA;
