DIA;HORA;Cotocollao;Carapungo;Belisario;Jipijapa;El Camal;Centro;Guamaní;Tumbaco;Los Chillos;El Condado;Turubamba;Chillogallo;
1;0;20.93;6.62;6.43;NA;29.16;9.06;NA;NA;ND;NA;NA;NA;
1;1;9.62;12.32;10.75;NA;28.06;19.55;NA;NA;ND;NA;NA;NA;
1;2;8.96;9.57;20.72;NA;24.11;26.08;NA;NA;ND;NA;NA;NA;
1;3;10.61;12.09;10.48;NA;19.31;16.98;NA;NA;ND;NA;NA;NA;
1;4;10.53;18.39;15.29;NA;15.89;17.34;NA;NA;ND;NA;NA;NA;
1;5;11.46;17.68;2.8;NA;19.56;19.26;NA;NA;ND;NA;NA;NA;
1;6;16.32;24.88;4.95;NA;33.37;25.62;NA;NA;ND;NA;NA;NA;
1;7;9.28;6.32;12.64;NA;45.29;20.04;NA;NA;ND;NA;NA;NA;
1;8;16.07;3.46;23.25;NA;32.47;19.04;NA;NA;ND;NA;NA;NA;
1;9;21.45;5.5;18.49;NA;27.28;19.09;NA;NA;ND;NA;NA;NA;
1;10;15.79;0;8.91;NA;17.88;2.87;NA;NA;ND;NA;NA;NA;
1;11;16.57;1.95;5.48;NA;0.66;6.05;NA;NA;ND;NA;NA;NA;
1;12;14.47;12.28;13.95;NA;8.59;6.34;NA;NA;ND;NA;NA;NA;
1;13;11.09;14.94;14.74;NA;4.58;14.19;NA;NA;ND;NA;NA;NA;
1;14;10.29;9.82;7.32;NA;9.74;17.73;NA;NA;ND;NA;NA;NA;
1;15;14.23;12.45;14.53;NA;16.32;18.91;NA;NA;ND;NA;NA;NA;
1;16;11.28;14.61;19.09;NA;11.67;9.88;NA;NA;ND;NA;NA;NA;
1;17;12.62;2.19;14.58;NA;21.48;19.42;NA;NA;ND;NA;NA;NA;
1;18;21.89;18.22;18.01;NA;22.64;22.87;NA;NA;ND;NA;NA;NA;
1;19;14.21;14.02;9.46;NA;19.07;10.64;NA;NA;ND;NA;NA;NA;
1;20;15.85;13.05;10.97;NA;23.05;15.65;NA;NA;ND;NA;NA;NA;
1;21;18.65;12.92;12.93;NA;19.15;15.91;NA;NA;ND;NA;NA;NA;
1;22;20.81;13.06;15.93;NA;19.02;18.84;NA;NA;ND;NA;NA;NA;
1;23;21.86;13.74;13.75;NA;17.47;13.97;NA;NA;ND;NA;NA;NA;
2;0;22.42;7.54;9.5;NA;39.19;15.65;NA;NA;ND;NA;NA;NA;
2;1;22.87;10.3;11.37;NA;22.64;15.44;NA;NA;ND;NA;NA;NA;
2;2;16.1;13.84;11.87;NA;17.67;17.56;NA;NA;ND;NA;NA;NA;
2;3;16.47;17.21;15.28;NA;24.8;20.89;NA;NA;ND;NA;NA;NA;
2;4;14.42;17.22;12.13;NA;22.19;17.43;NA;NA;ND;NA;NA;NA;
2;5;17.85;18.41;10.24;NA;35.97;22.52;NA;NA;ND;NA;NA;NA;
2;6;24.49;32.55;15.62;NA;71.15;27.87;NA;NA;ND;NA;NA;NA;
2;7;41.44;32.34;46.04;NA;80.13;53.54;NA;NA;ND;NA;NA;NA;
2;8;49.52;13.76;52.33;NA;52.63;66.2;NA;NA;ND;NA;NA;NA;
2;9;37.31;6.94;32.55;NA;26.35;17.39;NA;NA;ND;NA;NA;NA;
2;10;36.51;0.72;25.34;NA;19.29;23.79;NA;NA;ND;NA;NA;NA;
2;11;21.35;9.54;26.16;NA;26.81;17.87;NA;NA;ND;NA;NA;NA;
2;12;18.91;17.03;24.64;NA;36.89;26.94;NA;NA;ND;NA;NA;NA;
2;13;19.56;18.76;19.4;NA;16.14;25.69;NA;NA;ND;NA;NA;NA;
2;14;20.75;20.14;20.39;NA;14.79;19.1;NA;NA;ND;NA;NA;NA;
2;15;18.59;23.02;24.75;NA;25.38;16.12;NA;NA;ND;NA;NA;NA;
2;16;20.91;17.26;19.05;NA;21.45;18.75;NA;NA;ND;NA;NA;NA;
2;17;14.38;3.52;28.23;NA;16.64;20.69;NA;NA;ND;NA;NA;NA;
2;18;16.51;15.96;19.38;NA;14.61;26.65;NA;NA;ND;NA;NA;NA;
2;19;22.55;17.87;20.94;NA;20.98;19.8;NA;NA;ND;NA;NA;NA;
2;20;19.64;20.85;22.42;NA;25.28;26.39;NA;NA;ND;NA;NA;NA;
2;21;19.19;16.57;19.49;NA;24.3;20.06;NA;NA;ND;NA;NA;NA;
2;22;17.3;15.79;19.71;NA;20.2;16.42;NA;NA;ND;NA;NA;NA;
2;23;17.1;16.6;18.35;NA;16.11;19.2;NA;NA;ND;NA;NA;NA;
3;0;21.91;12.34;16.36;NA;19.84;29.22;NA;NA;ND;NA;NA;NA;
3;1;22.2;16.55;22.01;NA;22.66;26.59;NA;NA;ND;NA;NA;NA;
3;2;25.37;16.46;24.79;NA;22.95;31.84;NA;NA;ND;NA;NA;NA;
3;3;23.97;14.54;23.78;NA;17.84;26.05;NA;NA;ND;NA;NA;NA;
3;4;26.09;17.95;25.25;NA;28.04;25.26;NA;NA;ND;NA;NA;NA;
3;5;23.47;16.76;26.21;NA;25.44;29.79;NA;NA;ND;NA;NA;NA;
3;6;37.17;25.69;30.73;NA;33.55;30.32;NA;NA;ND;NA;NA;NA;
3;7;37.23;21.78;22.8;NA;34.91;29.27;NA;NA;ND;NA;NA;NA;
3;8;35.83;6.25;28.01;NA;41.71;32.82;NA;NA;ND;NA;NA;NA;
3;9;36.25;6.25;33.75;NA;38.84;39.53;NA;NA;ND;NA;NA;NA;
3;10;34.63;7.33;37.26;NA;42.98;38.41;NA;NA;ND;NA;NA;NA;
3;11;22.14;0;18.76;NA;40.99;30.81;NA;NA;ND;NA;NA;NA;
3;12;25.5;0.51;16.43;NA;33.16;20.36;NA;NA;ND;NA;NA;NA;
3;13;24.38;14.19;22.92;NA;24.85;16.01;NA;NA;ND;NA;NA;NA;
3;14;10.23;8.5;18.64;NA;11.02;20.05;NA;NA;ND;NA;NA;NA;
3;15;18.82;17.17;26.63;NA;35.23;34.56;NA;NA;ND;NA;NA;NA;
3;16;26.83;17.68;22.12;NA;22.46;24.64;NA;NA;ND;NA;NA;NA;
3;17;22.21;37.7;28.32;NA;16.52;15.62;NA;NA;ND;NA;NA;NA;
3;18;24.75;25.41;32;NA;25.05;33.64;NA;NA;ND;NA;NA;NA;
3;19;26.6;26.82;22.78;NA;17.69;20.5;NA;NA;ND;NA;NA;NA;
3;20;24.2;16;20.76;NA;19.65;19.88;NA;NA;ND;NA;NA;NA;
3;21;24.02;18.18;20.44;NA;32.36;24.76;NA;NA;ND;NA;NA;NA;
3;22;21.67;14.52;28.28;NA;39.61;26.11;NA;NA;ND;NA;NA;NA;
3;23;25.2;14.7;18.68;NA;29.6;35.25;NA;NA;ND;NA;NA;NA;
4;0;24.4;14.62;26.49;NA;36.33;24.5;NA;NA;ND;NA;NA;NA;
4;1;34.43;20.3;32.84;NA;36.98;33.28;NA;NA;ND;NA;NA;NA;
4;2;28.42;19.16;28.7;NA;30.54;26.04;NA;NA;ND;NA;NA;NA;
4;3;30.94;22.58;13.48;NA;26.87;14.46;NA;NA;ND;NA;NA;NA;
4;4;26.57;20.01;15.08;NA;27.65;15.69;NA;NA;ND;NA;NA;NA;
4;5;22.84;26.79;17.9;NA;38.29;16.76;NA;NA;ND;NA;NA;NA;
4;6;29.34;55.37;31.9;NA;65.77;32.26;NA;NA;ND;NA;NA;NA;
4;7;63.96;38.59;51.81;NA;105.25;61.16;NA;NA;ND;NA;NA;NA;
4;8;43.43;5.97;39.26;NA;76.06;48.76;NA;NA;ND;NA;NA;NA;
4;9;33.35;8.29;27.92;NA;33.72;42.54;NA;NA;ND;NA;NA;NA;
4;10;21.54;1.64;15.95;NA;26.3;14.83;NA;NA;ND;NA;NA;NA;
4;11;13.06;0.64;11.87;NA;13.55;6.64;NA;NA;ND;NA;NA;NA;
4;12;17.1;2.76;14.14;NA;12.92;10.24;NA;NA;ND;NA;NA;NA;
4;13;10.54;1.38;11.96;NA;26.12;15.39;NA;NA;ND;NA;NA;NA;
4;14;19.93;12.11;21.84;NA;11.93;14.88;NA;NA;ND;NA;NA;NA;
4;15;4.93;23.06;14.28;NA;13.52;19.76;NA;NA;ND;NA;NA;NA;
4;16;16.12;27.63;10.8;NA;14.67;12.36;NA;NA;ND;NA;NA;NA;
4;17;13.04;18.89;12.82;NA;10.56;13.8;NA;NA;ND;NA;NA;NA;
4;18;11.86;12.83;6.9;NA;36.24;24.71;NA;NA;ND;NA;NA;NA;
4;19;15.37;12.87;12.56;NA;66.5;37.19;NA;NA;ND;NA;NA;NA;
4;20;9.48;9.97;11.66;NA;71.4;30.38;NA;NA;ND;NA;NA;NA;
4;21;10.17;12.16;8.44;NA;68.69;25.19;NA;NA;ND;NA;NA;NA;
4;22;7.02;5.97;7;NA;39.45;14.03;NA;NA;ND;NA;NA;NA;
4;23;14.6;17.05;11.07;NA;18.9;9.98;NA;NA;ND;NA;NA;NA;
5;0;4.07;4.79;12.31;NA;19.07;9.45;NA;NA;ND;NA;NA;NA;
5;1;10.18;11.4;13.56;NA;18.27;21.33;NA;NA;ND;NA;NA;NA;
5;2;11.38;13.67;26.8;NA;16.4;25.34;NA;NA;ND;NA;NA;NA;
5;3;8.33;10.04;11.21;NA;22.48;11.37;NA;NA;ND;NA;NA;NA;
5;4;18.41;7.66;13.68;NA;17.95;21.32;NA;NA;ND;NA;NA;NA;
5;5;19.7;11.9;12.8;NA;24.55;29.33;NA;NA;ND;NA;NA;NA;
5;6;36.8;22.33;22.75;NA;64.37;36.19;NA;NA;ND;NA;NA;NA;
5;7;36.55;27.89;30.76;NA;80.79;62.87;NA;NA;ND;NA;NA;NA;
5;8;ND;13.94;37.7;NA;82.74;70.46;NA;NA;ND;NA;NA;NA;
5;9;39.07;11.43;37.79;NA;30.31;25.51;NA;NA;ND;NA;NA;NA;
5;10;30.14;0;21.04;NA;21.49;7.06;NA;NA;ND;NA;NA;NA;
5;11;21.17;3.69;7.62;NA;10.64;10.06;NA;NA;ND;NA;NA;NA;
5;12;22.74;4.81;7.19;NA;15.1;4.24;NA;NA;ND;NA;NA;NA;
5;13;22.77;30.63;4.8;NA;5.77;5.12;NA;NA;ND;NA;NA;NA;
5;14;10.24;8.05;19.91;NA;11.34;19.79;NA;NA;ND;NA;NA;NA;
5;15;4.79;11.82;11.48;NA;21.72;21.13;NA;NA;ND;NA;NA;NA;
5;16;14.23;11.46;17.1;NA;14.28;17.59;NA;NA;ND;NA;NA;NA;
5;17;11.77;19.8;19.61;NA;11.74;18.99;NA;NA;ND;NA;NA;NA;
5;18;6.55;17.12;16.86;NA;12.53;14.27;NA;NA;ND;NA;NA;NA;
5;19;11.59;11.35;20.24;NA;9.2;18.44;NA;NA;ND;NA;NA;NA;
5;20;16.79;9.71;19.07;NA;39.91;29.23;NA;NA;ND;NA;NA;NA;
5;21;14.35;8.88;24.45;NA;34.94;23.37;NA;NA;ND;NA;NA;NA;
5;22;21.29;9.5;15.95;NA;20.22;17.15;NA;NA;ND;NA;NA;NA;
5;23;14.7;6.13;19.59;NA;22.18;18.23;NA;NA;ND;NA;NA;NA;
6;0;15.86;2.25;22.55;NA;19.12;16.54;NA;NA;ND;NA;NA;NA;
6;1;16.11;9.28;20.77;NA;15.26;18;NA;NA;ND;NA;NA;NA;
6;2;19.94;7.77;18.83;NA;21.19;16.41;NA;NA;ND;NA;NA;NA;
6;3;13.45;13.97;11.74;NA;16.55;12.19;NA;NA;ND;NA;NA;NA;
6;4;11.31;16.11;18.48;NA;18.02;21.83;NA;NA;ND;NA;NA;NA;
6;5;21.36;17.94;21.44;NA;26.17;23.94;NA;NA;ND;NA;NA;NA;
6;6;31.76;19.54;23.19;NA;45.61;33.47;NA;NA;ND;NA;NA;NA;
6;7;30.59;9.62;18.6;NA;53.49;34.85;NA;NA;ND;NA;NA;NA;
6;8;24.7;4.24;27.94;NA;32.31;34.35;NA;NA;ND;NA;NA;NA;
6;9;13.4;2.76;12.42;NA;10.3;12.8;NA;NA;ND;NA;NA;NA;
6;10;12.22;0.18;3.29;NA;10.55;5.83;NA;NA;ND;NA;NA;NA;
6;11;15.06;0;4.59;NA;3.07;3.61;NA;NA;ND;NA;NA;NA;
6;12;9.57;2.22;6.14;NA;20.65;4.49;NA;NA;ND;NA;NA;NA;
6;13;7.65;17.56;6.7;NA;10.95;4.47;NA;NA;ND;NA;NA;NA;
6;14;18.81;25.51;15.07;NA;11.58;16.83;NA;NA;ND;NA;NA;NA;
6;15;18.34;15.21;11.96;NA;14.5;18.16;NA;NA;ND;NA;NA;NA;
6;16;12.43;24.51;15.66;NA;14.35;17.58;NA;NA;ND;NA;NA;NA;
6;17;9.63;19.3;11.15;NA;9.47;25.11;NA;NA;ND;NA;NA;NA;
6;18;11.04;17.3;14.81;NA;9.3;15.75;NA;NA;ND;NA;NA;NA;
6;19;10.63;12.27;16.73;NA;22.24;19.37;NA;NA;ND;NA;NA;NA;
6;20;14.55;11.04;20.57;NA;11.18;21.31;NA;NA;ND;NA;NA;NA;
6;21;11.17;10.63;19.96;NA;14.65;17.29;NA;NA;ND;NA;NA;NA;
6;22;19.13;8.66;19.81;NA;24.86;17.53;NA;NA;ND;NA;NA;NA;
6;23;11.42;10.13;16.85;NA;15.89;16.57;NA;NA;ND;NA;NA;NA;
7;0;14.74;7.2;24.37;NA;19.76;14.05;NA;NA;ND;NA;NA;NA;
7;1;14.98;5.39;18.64;NA;14.66;14.94;NA;NA;ND;NA;NA;NA;
7;2;19.41;7.11;18.61;NA;14.41;17.42;NA;NA;ND;NA;NA;NA;
7;3;8.86;6.62;24.62;NA;18.67;17.28;NA;NA;ND;NA;NA;NA;
7;4;8.61;8.21;17.93;NA;21.41;15.4;NA;NA;ND;NA;NA;NA;
7;5;14.35;12.21;19.98;NA;17.88;19.31;NA;NA;ND;NA;NA;NA;
7;6;25.55;16.82;12.25;NA;26.25;18.24;NA;NA;ND;NA;NA;NA;
7;7;13.77;5.11;15.31;NA;18.16;9.85;NA;NA;ND;NA;NA;NA;
7;8;31.02;13.96;19.01;NA;29.17;14.95;NA;NA;ND;NA;NA;NA;
7;9;35.09;4.99;18.98;NA;9.49;14.38;NA;NA;ND;NA;NA;NA;
7;10;27.03;11.01;15.62;NA;32.45;20.25;NA;NA;ND;NA;NA;NA;
7;11;18.48;2.85;14.67;NA;17.21;14.65;NA;NA;ND;NA;NA;NA;
7;12;29.13;19.59;19.04;NA;15.23;15.64;NA;NA;ND;NA;NA;NA;
7;13;20.26;7.29;14.47;NA;26.32;21.34;NA;NA;ND;NA;NA;NA;
7;14;8.5;9.79;13.66;NA;26.43;17.05;NA;NA;ND;NA;NA;NA;
7;15;23.55;13.6;14.56;NA;28.75;21.84;NA;NA;ND;NA;NA;NA;
7;16;16.45;24.49;14.1;NA;17.2;21.74;NA;NA;ND;NA;NA;NA;
7;17;12.47;18.98;21.28;NA;10.21;15.91;NA;NA;ND;NA;NA;NA;
7;18;13.81;15.91;19.2;NA;17.86;22.06;NA;NA;ND;NA;NA;NA;
7;19;19.99;22.54;21.46;NA;23.84;29.22;NA;NA;ND;NA;NA;NA;
7;20;17.02;18.93;20.86;NA;22.76;17.96;NA;NA;ND;NA;NA;NA;
7;21;12.19;8.08;11.41;NA;21.17;17.51;NA;NA;ND;NA;NA;NA;
7;22;8.63;8.78;12.21;NA;15.4;18.97;NA;NA;ND;NA;NA;NA;
7;23;16.34;8.7;15.32;NA;14.2;14.27;NA;NA;ND;NA;NA;NA;
8;0;6.36;3.91;14.31;NA;14.58;14.88;NA;NA;ND;NA;NA;NA;
8;1;8.77;3.95;13.82;NA;21.6;22.86;NA;NA;ND;NA;NA;NA;
8;2;3.66;1.9;16.37;NA;12.36;16.87;NA;NA;ND;NA;NA;NA;
8;3;2.2;0.21;13.36;NA;17.53;15.5;NA;NA;ND;NA;NA;NA;
8;4;5.84;1.22;10.83;NA;17.41;16.36;NA;NA;ND;NA;NA;NA;
8;5;6.67;2.49;6.49;NA;13.82;17.31;NA;NA;ND;NA;NA;NA;
8;6;7.44;25.67;8.79;NA;19.14;18.09;NA;NA;ND;NA;NA;NA;
8;7;10.92;0;13.05;NA;14.61;14.05;NA;NA;ND;NA;NA;NA;
8;8;5.77;0.06;11.7;NA;18.07;12.05;NA;NA;ND;NA;NA;NA;
8;9;5.72;0;4.6;NA;18.04;4.05;NA;NA;ND;NA;NA;NA;
8;10;12.57;1.87;15.35;NA;8.58;7.24;NA;NA;ND;NA;NA;NA;
8;11;15.29;3.61;14.01;NA;22.14;5.55;NA;NA;ND;NA;NA;NA;
8;12;18.78;14.32;15.71;NA;23.34;23.38;NA;NA;ND;NA;NA;NA;
8;13;3.87;6.13;13.63;NA;21.41;13.06;NA;NA;ND;NA;NA;NA;
8;14;14.54;10.23;10.33;NA;11.58;18.92;NA;NA;ND;NA;NA;NA;
8;15;18.83;14.34;10.9;NA;9.69;16.64;NA;NA;ND;NA;NA;NA;
8;16;10.78;12.99;25.22;NA;11.24;16.68;NA;NA;ND;NA;NA;NA;
8;17;8.58;19.53;9.03;NA;7.49;12.04;NA;NA;ND;NA;NA;NA;
8;18;10.49;15.08;9.78;NA;13.38;15.38;NA;NA;ND;NA;NA;NA;
8;19;5.8;14.91;15.47;NA;7.94;11.52;NA;NA;ND;NA;NA;NA;
8;20;16.73;12.69;15.42;NA;4.84;12.65;NA;NA;ND;NA;NA;NA;
8;21;18.26;10.51;12.72;NA;13.86;16.21;NA;NA;ND;NA;NA;NA;
8;22;15.22;5.93;8.64;NA;13.31;11.31;NA;NA;ND;NA;NA;NA;
8;23;5.07;1.85;9.6;NA;11.02;11.37;NA;NA;ND;NA;NA;NA;
9;0;3.01;2.09;16.73;NA;10.46;10.98;NA;NA;ND;NA;NA;NA;
9;1;8.36;4.69;4.78;NA;1.61;7.32;NA;NA;ND;NA;NA;NA;
9;2;7.57;2.66;7.83;NA;3.8;7.41;NA;NA;ND;NA;NA;NA;
9;3;10.46;2.28;6.34;NA;4.56;6.72;NA;NA;ND;NA;NA;NA;
9;4;11.56;3.41;6.39;NA;1.45;4.15;NA;NA;ND;NA;NA;NA;
9;5;8.91;2.31;5.31;NA;10.29;3.18;NA;NA;ND;NA;NA;NA;
9;6;14.23;11.37;7.69;NA;12.72;9.82;NA;NA;ND;NA;NA;NA;
9;7;16.05;16.49;17.82;NA;27.32;14.94;NA;NA;ND;NA;NA;NA;
9;8;24.92;9.44;21.89;NA;25.73;17.45;NA;NA;ND;NA;NA;NA;
9;9;21.85;1.51;19.18;NA;24.26;8.49;NA;NA;ND;NA;NA;NA;
9;10;28.72;1.22;25.97;NA;12.47;14.67;NA;NA;ND;NA;NA;NA;
9;11;19.67;13.2;31.54;NA;24.79;28.97;NA;NA;ND;NA;NA;NA;
9;12;22.22;12.1;29.49;NA;26.71;24.39;NA;NA;ND;NA;NA;NA;
9;13;24.02;15.1;22.12;NA;37.65;30.87;NA;NA;ND;NA;NA;NA;
9;14;14.21;16.86;24.18;NA;28.81;28.02;NA;NA;ND;NA;NA;NA;
9;15;20.32;19.63;28.32;NA;25.19;32.39;NA;NA;ND;NA;NA;NA;
9;16;17.69;0.94;21.11;NA;21.11;28.26;NA;NA;ND;NA;NA;NA;
9;17;10.25;16.34;13.23;NA;25.57;32.86;NA;NA;ND;NA;NA;NA;
9;18;22.21;17.82;31.07;NA;19.42;41.3;NA;NA;ND;NA;NA;NA;
9;19;18.29;16.5;36.27;NA;20.45;29.21;NA;NA;ND;NA;NA;NA;
9;20;18.4;13.01;23.23;NA;19.82;24.96;NA;NA;ND;NA;NA;NA;
9;21;21.26;16.25;20.62;NA;30.51;28.85;NA;NA;ND;NA;NA;NA;
9;22;23.53;10.71;15.69;NA;19.98;23.24;NA;NA;ND;NA;NA;NA;
9;23;24.12;14.57;12.24;NA;27.22;18.43;NA;NA;ND;NA;NA;NA;
10;0;39.97;9.43;5.33;NA;26.67;24.89;NA;NA;ND;NA;NA;NA;
10;1;32.56;17.4;21.41;NA;19.71;24.54;NA;NA;ND;NA;NA;NA;
10;2;25.44;15.68;19.76;NA;22.47;19.07;NA;NA;ND;NA;NA;NA;
10;3;20;18.81;16.79;NA;20.66;26.42;NA;NA;ND;NA;NA;NA;
10;4;23.44;20.45;17.36;NA;11.37;19.9;NA;NA;ND;NA;NA;NA;
10;5;19.69;16.13;19.03;NA;27.66;22.17;NA;NA;ND;NA;NA;NA;
10;6;46.89;35.98;22;NA;53.89;32.83;NA;NA;ND;NA;NA;NA;
10;7;28.35;47.91;22.14;NA;83.03;34.58;NA;NA;ND;NA;NA;NA;
10;8;19.62;0;37.34;NA;75.76;39.23;NA;NA;ND;NA;NA;NA;
10;9;30.3;16.76;24.42;NA;26.54;14.56;NA;NA;ND;NA;NA;NA;
10;10;11.72;6.78;11.97;NA;10.99;10.15;NA;NA;ND;NA;NA;NA;
10;11;12.46;1.22;15.77;NA;13.96;8.7;NA;NA;ND;NA;NA;NA;
10;12;18.18;0.31;4.18;NA;6.74;9.84;NA;NA;ND;NA;NA;NA;
10;13;19.87;11.53;14.29;NA;9.1;7.83;NA;NA;ND;NA;NA;NA;
10;14;5.42;3.52;15.01;NA;16.14;8.37;NA;NA;ND;NA;NA;NA;
10;15;15.93;12.78;11.17;NA;9.03;6.84;NA;NA;ND;NA;NA;NA;
10;16;8.71;6.07;6.81;NA;3.71;2.75;NA;NA;ND;NA;NA;NA;
10;17;10.66;13.85;7.46;NA;11.32;12.67;NA;NA;ND;NA;NA;NA;
10;18;16.83;31.63;19.88;NA;20.43;10.66;NA;NA;ND;NA;NA;NA;
10;19;16.23;20.11;8.07;NA;0.86;7.06;NA;NA;ND;NA;NA;NA;
10;20;17.32;13.12;13.18;NA;4.88;14.6;NA;NA;ND;NA;NA;NA;
10;21;18.82;13.12;13.93;NA;14.61;13.76;NA;NA;ND;NA;NA;NA;
10;22;17.25;17.46;4.91;NA;14.32;6.67;NA;NA;ND;NA;NA;NA;
10;23;13.39;12.51;5.1;NA;ND;6.04;NA;NA;ND;NA;NA;NA;
11;0;17.67;5.91;9.83;NA;19.85;9.19;NA;NA;ND;NA;NA;NA;
11;1;16.97;7.58;10.41;NA;30.09;24.56;NA;NA;ND;NA;NA;NA;
11;2;8.81;22.4;16.98;NA;35.89;21.95;NA;NA;ND;NA;NA;NA;
11;3;10.37;17.57;19.86;NA;16.27;24.16;NA;NA;ND;NA;NA;NA;
11;4;16.92;16.96;11.03;NA;20.94;18.47;NA;NA;ND;NA;NA;NA;
11;5;21.77;18.31;10.82;NA;24.84;20.58;NA;NA;ND;NA;NA;NA;
11;6;31.71;25.77;13.76;NA;58.05;27.46;NA;NA;ND;NA;NA;NA;
11;7;21.06;22.83;36.66;NA;73.52;45.48;NA;NA;ND;NA;NA;NA;
11;8;30.65;12.14;17.36;NA;52.42;25.5;NA;NA;ND;NA;NA;NA;
11;9;17.82;2.28;19.64;NA;25.37;11.27;NA;NA;ND;NA;NA;NA;
11;10;24.37;0;11.78;NA;16.07;8.45;NA;NA;ND;NA;NA;NA;
11;11;16.2;0.35;13.03;NA;6.29;10.1;NA;NA;ND;NA;NA;NA;
11;12;14.47;14.14;14.87;NA;9.33;12.54;NA;NA;ND;NA;NA;NA;
11;13;15.63;10.03;3.98;NA;1.38;5.83;NA;NA;ND;NA;NA;NA;
11;14;14.34;1.68;14.35;NA;8.67;10.57;NA;NA;ND;NA;NA;NA;
11;15;24.05;10.93;5.73;NA;11.48;9.11;NA;NA;ND;NA;NA;NA;
11;16;16.34;15.71;10.08;NA;6.76;8.73;NA;NA;ND;NA;NA;NA;
11;17;12.67;23.74;14.67;NA;5.3;4.79;NA;NA;ND;NA;NA;NA;
11;18;19.83;19.85;15.48;NA;20.04;15.89;NA;NA;ND;NA;NA;NA;
11;19;33.62;20.6;19.47;NA;11.87;13.89;NA;NA;ND;NA;NA;NA;
11;20;25.85;25.43;17.92;NA;20.88;18.61;NA;NA;ND;NA;NA;NA;
11;21;28.85;27.77;13.17;NA;26.42;13.82;NA;NA;ND;NA;NA;NA;
11;22;18.61;25.41;9.06;NA;ND;11.5;NA;NA;ND;NA;NA;NA;
11;23;13.06;17.17;15.84;NA;22.25;22.3;NA;NA;ND;NA;NA;NA;
12;0;14.04;19.17;17.18;NA;39.14;25.55;NA;NA;ND;NA;NA;NA;
12;1;15.27;18.89;16.97;NA;27.33;23.41;NA;NA;ND;NA;NA;NA;
12;2;12.12;18.87;13.48;NA;23.28;22.35;NA;NA;ND;NA;NA;NA;
12;3;7.77;19.52;11.36;NA;19.9;23.55;NA;NA;ND;NA;NA;NA;
12;4;13.81;19.22;11.75;NA;28;14.35;NA;NA;ND;NA;NA;NA;
12;5;12.87;23.21;11.69;NA;41.28;22.54;NA;NA;ND;NA;NA;NA;
12;6;36.63;48.63;14.85;NA;67.09;35.43;NA;NA;ND;NA;NA;NA;
12;7;36.65;45.65;27.99;NA;63.5;55.84;NA;NA;ND;NA;NA;NA;
12;8;30.36;4.06;35.84;NA;36.6;48.75;NA;NA;ND;NA;NA;NA;
12;9;17.04;1.81;16.27;NA;17;8.32;NA;NA;ND;NA;NA;NA;
12;10;19.79;0.39;12.96;NA;12.83;8.54;NA;NA;ND;NA;NA;NA;
12;11;18.7;1.83;15.08;NA;17.22;10.32;NA;NA;ND;NA;NA;NA;
12;12;18.52;2.18;17.43;NA;21.37;11.99;NA;NA;ND;NA;NA;NA;
12;13;23.97;10.63;16.96;NA;24.66;15.76;NA;NA;ND;NA;NA;NA;
12;14;24.21;21.15;21.51;NA;16.42;16.08;NA;NA;ND;NA;NA;NA;
12;15;25.4;8.32;25.93;NA;25.04;17.78;NA;NA;ND;NA;NA;NA;
12;16;15.97;10.4;19.43;NA;36.72;32.89;NA;NA;ND;NA;NA;NA;
12;17;16.82;16.58;14.45;NA;21.88;20.72;NA;NA;ND;NA;NA;NA;
12;18;14.9;25.13;19.62;NA;19.43;24.29;NA;NA;ND;NA;NA;NA;
12;19;10.98;16.81;13.79;NA;23.5;20;NA;NA;ND;NA;NA;NA;
12;20;16.55;13.54;18.45;NA;24.38;24.78;NA;NA;ND;NA;NA;NA;
12;21;10.24;14.86;26.2;NA;ND;24.78;NA;NA;ND;NA;NA;NA;
12;22;6.11;15.41;20.67;NA;34.89;23.09;NA;NA;ND;NA;NA;NA;
12;23;15.08;14.04;18.88;NA;32.88;26.44;NA;NA;ND;NA;NA;NA;
13;0;8.75;6.92;22.46;NA;35.88;33.16;NA;NA;ND;NA;NA;NA;
13;1;19.36;9.95;23.23;NA;34.4;29.13;NA;NA;ND;NA;NA;NA;
13;2;14.37;7.81;19.55;NA;25.59;25.1;NA;NA;ND;NA;NA;NA;
13;3;16.36;6.76;17.69;NA;23.24;16.64;NA;NA;ND;NA;NA;NA;
13;4;11.75;13.8;13.73;NA;20.09;20.21;NA;NA;ND;NA;NA;NA;
13;5;15.24;13.56;21.63;NA;25.63;22.79;NA;NA;ND;NA;NA;NA;
13;6;32.05;33.22;22.77;NA;59.03;41.2;NA;NA;ND;NA;NA;NA;
13;7;31.32;16.47;31.41;NA;60.24;32.11;NA;NA;ND;NA;NA;NA;
13;8;37.4;9.08;26.92;NA;31.44;19.8;NA;NA;ND;NA;NA;NA;
13;9;36.98;6.52;32.44;NA;17.26;12.63;NA;NA;ND;NA;NA;NA;
13;10;22.77;0;18.42;NA;21.34;13.07;NA;NA;ND;NA;NA;NA;
13;11;27.51;2.07;13.5;NA;14.41;8.17;NA;NA;ND;NA;NA;NA;
13;12;10.82;9.99;16.61;NA;21.52;13.79;NA;NA;ND;NA;NA;NA;
13;13;20.39;21.85;12.02;NA;23.55;31.44;NA;NA;ND;NA;NA;NA;
13;14;12.68;35.4;15.97;NA;14.76;23.57;NA;NA;ND;NA;NA;NA;
13;15;3.12;5.46;13.53;NA;11.01;11.41;NA;NA;ND;NA;NA;NA;
13;16;16.31;17.99;23.81;NA;12.12;22.11;NA;NA;ND;NA;NA;NA;
13;17;13.73;12.19;19.15;NA;12.82;28.57;NA;NA;ND;NA;NA;NA;
13;18;10.67;17.29;19.32;NA;9.8;21.11;NA;NA;ND;NA;NA;NA;
13;19;17.27;18.43;25.56;NA;30.1;26.32;NA;NA;ND;NA;NA;NA;
13;20;11.34;13.38;21.4;NA;25.16;28.23;NA;NA;ND;NA;NA;NA;
13;21;6.71;6.59;19.3;NA;13.14;21.86;NA;NA;ND;NA;NA;NA;
13;22;14.2;6;20.42;NA;22.39;15.58;NA;NA;ND;NA;NA;NA;
13;23;9.75;4.93;4.4;NA;10.39;11.75;NA;NA;ND;NA;NA;NA;
14;0;23.85;3.46;6.5;NA;11.81;19.09;NA;NA;ND;NA;NA;NA;
14;1;21.88;9.15;14.1;NA;16.08;21.86;NA;NA;ND;NA;NA;NA;
14;2;15.27;4.99;17.01;NA;7.16;8.86;NA;NA;ND;NA;NA;NA;
14;3;9.25;11.97;14.39;NA;8.54;11.05;NA;NA;ND;NA;NA;NA;
14;4;17.23;12.04;11.53;NA;13.15;21.05;NA;NA;ND;NA;NA;NA;
14;5;19.59;11.8;14.94;NA;12.59;12.72;NA;NA;ND;NA;NA;NA;
14;6;24.97;20.57;14.72;NA;27.4;24.04;NA;NA;ND;NA;NA;NA;
14;7;19.97;23.33;22.48;NA;30.62;17.69;NA;NA;ND;NA;NA;NA;
14;8;32.09;6.05;37.95;NA;32.57;22.31;NA;NA;ND;NA;NA;NA;
14;9;30;0.27;20.94;NA;31.19;9.29;NA;NA;ND;NA;NA;NA;
14;10;16.48;0;12.66;NA;19.6;13.29;NA;NA;ND;NA;NA;NA;
14;11;15.26;0.6;15.02;NA;7.26;5.06;NA;NA;ND;NA;NA;NA;
14;12;10.87;9.37;9.95;NA;13.46;8.05;NA;NA;ND;NA;NA;NA;
14;13;7.02;13.92;8.76;NA;13.14;13.85;NA;NA;ND;NA;NA;NA;
14;14;16.81;6.65;18.39;NA;22.3;16.7;NA;NA;ND;NA;NA;NA;
14;15;14.5;10.33;7.5;NA;21.32;13.19;NA;NA;ND;NA;NA;NA;
14;16;12.65;2.62;14.1;NA;8.63;13.75;NA;NA;ND;NA;NA;NA;
14;17;13.15;15.32;9.22;NA;20.31;17.61;NA;NA;ND;NA;NA;NA;
14;18;9.21;19.4;15.74;NA;19.78;25.85;NA;NA;ND;NA;NA;NA;
14;19;11.51;12.3;14.15;NA;25.99;23.11;NA;NA;ND;NA;NA;NA;
14;20;17.65;13.54;21.26;NA;12.04;14.58;NA;NA;ND;NA;NA;NA;
14;21;13.71;17.11;17.45;NA;32.77;28.41;NA;NA;ND;NA;NA;NA;
14;22;15.23;13.96;19.33;NA;22.14;22.35;NA;NA;ND;NA;NA;NA;
14;23;12.02;6.23;14.94;NA;17.61;17.41;NA;NA;ND;NA;NA;NA;
15;0;22.27;8.57;33.09;NA;33;20.43;NA;NA;ND;NA;NA;NA;
15;1;29.1;6.7;24;NA;20.83;24.36;NA;NA;ND;NA;NA;NA;
15;2;20.97;14.95;23.44;NA;ND;24.58;NA;NA;ND;NA;NA;NA;
15;3;17.11;14.36;24.59;NA;20.51;19.21;NA;NA;ND;NA;NA;NA;
15;4;25.38;18.29;19.85;NA;13.01;25.54;NA;NA;ND;NA;NA;NA;
15;5;31.11;16.92;21.77;NA;27.41;24.71;NA;NA;ND;NA;NA;NA;
15;6;28.31;19.19;23.74;NA;23.03;28.2;NA;NA;ND;NA;NA;NA;
15;7;19.98;9.51;17.02;NA;31.06;18.98;NA;NA;ND;NA;NA;NA;
15;8;33.61;10.92;32.03;NA;27.08;20.8;NA;NA;ND;NA;NA;NA;
15;9;23.21;1.57;18.72;NA;27.8;14.89;NA;NA;ND;NA;NA;NA;
15;10;15.53;0.15;21.59;NA;16.02;8.26;NA;NA;ND;NA;NA;NA;
15;11;23.66;2.03;16.51;NA;17.32;13.95;NA;NA;ND;NA;NA;NA;
15;12;18.75;10.83;15.81;NA;19.44;17.71;NA;NA;ND;NA;NA;NA;
15;13;17.69;9.77;18.98;NA;16.43;18.94;NA;NA;ND;NA;NA;NA;
15;14;6.36;6.61;7.7;NA;20.97;12.67;NA;NA;ND;NA;NA;NA;
15;15;13.16;7.92;14.02;NA;19.53;12.08;NA;NA;ND;NA;NA;NA;
15;16;13.34;11.05;15.52;NA;9.63;18.21;NA;NA;ND;NA;NA;NA;
15;17;24.48;12.97;17.59;NA;16.83;19.22;NA;NA;ND;NA;NA;NA;
15;18;14.15;25.3;16.26;NA;27.23;27.44;NA;NA;ND;NA;NA;NA;
15;19;17.38;12.45;19.62;NA;21.07;27.29;NA;NA;ND;NA;NA;NA;
15;20;13.82;17.58;14.7;NA;17;20.69;NA;NA;ND;NA;NA;NA;
15;21;15.06;16.23;19.03;NA;18.23;17.77;NA;NA;ND;NA;NA;NA;
15;22;12.81;15.53;18.24;NA;21.88;17.09;NA;NA;ND;NA;NA;NA;
15;23;14.96;9.19;13.25;NA;23.12;22.44;NA;NA;ND;NA;NA;NA;
16;0;9.98;18.76;23.65;NA;23.18;27.21;NA;NA;ND;NA;NA;NA;
16;1;25.38;15.58;18.55;NA;25.8;24.79;NA;NA;ND;NA;NA;NA;
16;2;21.02;12.5;22.97;NA;19.62;23.12;NA;NA;ND;NA;NA;NA;
16;3;27.59;12.94;20.21;NA;23.21;23.24;NA;NA;ND;NA;NA;NA;
16;4;19.35;12.22;18.75;NA;17.33;22.22;NA;NA;ND;NA;NA;NA;
16;5;26.95;15.57;19.55;NA;19.37;22.41;NA;NA;ND;NA;NA;NA;
16;6;31.58;22.49;26.8;NA;34.37;27.64;NA;NA;ND;NA;NA;NA;
16;7;34.71;12.35;34.03;NA;41.48;32.18;NA;NA;ND;NA;NA;NA;
16;8;24.98;1.1;38.98;NA;26.67;21.01;NA;NA;ND;NA;NA;NA;
16;9;19.06;15.36;35.16;NA;34.53;34.58;NA;NA;ND;NA;NA;NA;
16;10;25.12;0;20.72;NA;33.34;15.62;NA;NA;ND;NA;NA;NA;
16;11;14.9;11.37;13.9;NA;23.81;8.31;NA;NA;ND;NA;NA;NA;
16;12;18.81;17.33;17.13;NA;20.37;11.9;NA;NA;ND;NA;NA;NA;
16;13;19.26;0.91;13.25;NA;17.46;11.63;NA;NA;ND;NA;NA;NA;
16;14;22.15;15.59;7.36;NA;60.39;6.26;NA;NA;ND;NA;NA;NA;
16;15;21.5;27.65;22.62;NA;48.58;21.75;NA;NA;ND;NA;NA;NA;
16;16;17.16;ND;21.44;NA;20.7;24.68;NA;NA;ND;NA;NA;NA;
16;17;17.57;12.14;25.14;NA;22.29;31.96;NA;NA;ND;NA;NA;NA;
16;18;14.46;ND;20.14;NA;20.71;24.46;NA;NA;ND;NA;NA;NA;
16;19;8.73;10.52;16.6;NA;21.4;17.9;NA;NA;ND;NA;NA;NA;
16;20;11.24;9.76;14.75;NA;23.77;14.33;NA;NA;ND;NA;NA;NA;
16;21;15.6;9.48;21.09;NA;22.33;15.96;NA;NA;ND;NA;NA;NA;
16;22;11.09;11.56;15.59;NA;17.29;19.11;NA;NA;ND;NA;NA;NA;
16;23;18.64;1.39;16.4;NA;16.89;23.13;NA;NA;ND;NA;NA;NA;
17;0;17.52;6.95;7.11;NA;18.91;21.57;NA;NA;ND;NA;NA;NA;
17;1;20.72;6.59;19.82;NA;20.33;19.35;NA;NA;ND;NA;NA;NA;
17;2;8.66;11.55;16.08;NA;15.36;17.33;NA;NA;ND;NA;NA;NA;
17;3;13.35;ND;13.96;NA;17.23;18.88;NA;NA;ND;NA;NA;NA;
17;4;13.89;6.18;10.95;NA;15;16.46;NA;NA;ND;NA;NA;NA;
17;5;17.37;9.45;12.22;NA;14.43;21.94;NA;NA;ND;NA;NA;NA;
17;6;22.08;10.9;20.28;NA;26.9;13.06;NA;NA;ND;NA;NA;NA;
17;7;26.44;20.57;26.91;NA;38.53;32.32;NA;NA;ND;NA;NA;NA;
17;8;28.07;15.4;33.14;NA;32.16;27.18;NA;NA;ND;NA;NA;NA;
17;9;36.1;7.63;31.12;NA;28.42;34.65;NA;NA;ND;NA;NA;NA;
17;10;39.09;4.09;27.11;NA;35.5;28.38;NA;NA;ND;NA;NA;NA;
17;11;29.4;13.24;55.49;NA;21.62;ND;NA;NA;ND;NA;NA;NA;
17;12;24.11;11.15;41.91;NA;21.89;ND;NA;NA;ND;NA;NA;NA;
17;13;20.94;18.24;10.26;NA;28.13;ND;NA;NA;ND;NA;NA;NA;
17;14;17.1;18.08;11.79;NA;28.24;ND;NA;NA;ND;NA;NA;NA;
17;15;16.78;14.56;19.63;NA;8.46;20;NA;NA;ND;NA;NA;NA;
17;16;12.74;16.84;16.32;NA;15.25;16.71;NA;NA;ND;NA;NA;NA;
17;17;12.85;25.13;18.12;NA;8.66;22.67;NA;NA;ND;NA;NA;NA;
17;18;13.38;17.75;17.13;NA;11.2;26.99;NA;NA;ND;NA;NA;NA;
17;19;10.91;15.47;23.91;NA;17.46;24.44;NA;NA;ND;NA;NA;NA;
17;20;10.18;12.25;23.57;NA;17.79;21.81;NA;NA;ND;NA;NA;NA;
17;21;18.35;13.66;16.55;NA;17.07;24.07;NA;NA;ND;NA;NA;NA;
17;22;13.33;11.9;9.92;NA;20.14;12.57;NA;NA;ND;NA;NA;NA;
17;23;13.83;12.13;10.25;NA;15.71;15.12;NA;NA;ND;NA;NA;NA;
18;0;20.33;13.31;18.13;NA;35.76;5.8;NA;NA;ND;NA;NA;NA;
18;1;16.74;2.82;14.5;NA;32.76;14.44;NA;NA;ND;NA;NA;NA;
18;2;2.6;1.48;12.82;NA;21.67;16.88;NA;NA;ND;NA;NA;NA;
18;3;4.14;3.06;4.87;NA;12.43;7.36;NA;NA;ND;NA;NA;NA;
18;4;8.96;4.81;3.61;NA;11.47;7.22;NA;NA;ND;NA;NA;NA;
18;5;9.76;2.4;3.46;NA;7.27;6.75;NA;NA;ND;NA;NA;NA;
18;6;16.61;13.53;7.41;NA;4.18;12.28;NA;NA;ND;NA;NA;NA;
18;7;23.77;12.57;19.97;NA;22.09;26.54;NA;NA;ND;NA;NA;NA;
18;8;24.76;24.58;18.5;NA;24.25;24.09;NA;NA;ND;NA;NA;NA;
18;9;20.73;0;12.77;NA;42.06;30.52;NA;NA;ND;NA;NA;NA;
18;10;32.51;3.69;31.67;NA;19.83;15.65;NA;NA;ND;NA;NA;NA;
18;11;26.57;3.86;25.56;NA;ND;27.91;NA;NA;ND;NA;NA;NA;
18;12;12;4.18;24.47;NA;ND;32.42;NA;NA;ND;NA;NA;NA;
18;13;10.07;4.7;19.32;NA;ND;13.98;NA;NA;ND;NA;NA;NA;
18;14;12.29;12.93;14.35;NA;16.91;10.22;NA;NA;ND;NA;NA;NA;
18;15;6.52;9;16.17;NA;12.42;14.52;NA;NA;ND;NA;NA;NA;
18;16;8.03;0.85;16.12;NA;5.85;4.86;NA;NA;ND;NA;NA;NA;
18;17;10.09;5.82;21.26;NA;7.26;12.37;NA;NA;ND;NA;NA;NA;
18;18;8.92;13.09;17.03;NA;15.97;9.8;NA;NA;ND;NA;NA;NA;
18;19;8.51;13.85;15.92;NA;17.35;21.06;NA;NA;ND;NA;NA;NA;
18;20;5.7;11.9;18.6;NA;11.28;22.59;NA;NA;ND;NA;NA;NA;
18;21;10.59;8.75;13.69;NA;20.19;12.57;NA;NA;ND;NA;NA;NA;
18;22;6.66;9.38;13.01;NA;21.23;14.52;NA;NA;ND;NA;NA;NA;
18;23;10.34;13.45;10.84;NA;ND;11.03;NA;NA;ND;NA;NA;NA;
19;0;12.42;11.62;2.15;NA;12.84;16.69;NA;NA;ND;NA;NA;NA;
19;1;19.36;7.2;7.67;NA;5.86;14;NA;NA;ND;NA;NA;NA;
19;2;19.71;5.98;16.26;NA;16.79;9.85;NA;NA;ND;NA;NA;NA;
19;3;13.78;4.61;11.51;NA;6.19;13.64;NA;NA;ND;NA;NA;NA;
19;4;7.05;6.61;11.03;NA;16.36;9.76;NA;NA;ND;NA;NA;NA;
19;5;6.29;2.47;8.17;NA;10.58;12.57;NA;NA;ND;NA;NA;NA;
19;6;12.89;3.37;8.88;NA;12.46;8.08;NA;NA;ND;NA;NA;NA;
19;7;10.37;5.79;19.91;NA;26.41;13.22;NA;NA;ND;NA;NA;NA;
19;8;8.03;7.01;16.58;NA;36.53;14.44;NA;NA;ND;NA;NA;NA;
19;9;7.4;1.95;15.6;NA;25.34;2.45;NA;NA;ND;NA;NA;NA;
19;10;6.43;0.18;8.81;NA;18.06;15.93;NA;NA;ND;NA;NA;NA;
19;11;11.17;3.37;14.68;NA;22.5;19.9;NA;NA;ND;NA;NA;NA;
19;12;11.99;5.5;22.26;NA;3.02;13.46;NA;NA;ND;NA;NA;NA;
19;13;4.87;2.91;16.93;NA;18.03;16.51;NA;NA;ND;NA;NA;NA;
19;14;8.93;3.73;10.68;NA;12.49;3.16;NA;NA;ND;NA;NA;NA;
19;15;17.7;3.33;15.81;NA;18.51;12.13;NA;NA;ND;NA;NA;NA;
19;16;10.47;12.78;17.99;NA;15.38;22.34;NA;NA;ND;NA;NA;NA;
19;17;13.46;14.01;20.16;NA;7.83;11.15;NA;NA;ND;NA;NA;NA;
19;18;7.85;12.26;18.67;NA;8.01;13.51;NA;NA;ND;NA;NA;NA;
19;19;3.47;13.29;21.79;NA;9.62;16.58;NA;NA;ND;NA;NA;NA;
19;20;5.15;10.63;18.35;NA;14.43;21.24;NA;NA;ND;NA;NA;NA;
19;21;12.61;17.17;14.24;NA;27.09;11.59;NA;NA;ND;NA;NA;NA;
19;22;10;26.59;11.05;NA;29.67;12.08;NA;NA;ND;NA;NA;NA;
19;23;13.91;15.68;12.66;NA;ND;18.81;NA;NA;ND;NA;NA;NA;
20;0;22.24;11.94;11.33;NA;9.76;11.02;NA;NA;ND;NA;NA;NA;
20;1;13.99;6.74;10.87;NA;9.46;13.76;NA;NA;ND;NA;NA;NA;
20;2;6.79;0.65;5.17;NA;6.29;9.97;NA;NA;ND;NA;NA;NA;
20;3;8.58;0.26;7.05;NA;3.38;5.08;NA;NA;ND;NA;NA;NA;
20;4;4.13;3.98;4;NA;6.7;8.15;NA;NA;ND;NA;NA;NA;
20;5;11.56;1.31;5.62;NA;2.9;2.53;NA;NA;ND;NA;NA;NA;
20;6;14.43;8.71;5.28;NA;27.21;5.92;NA;NA;ND;NA;NA;NA;
20;7;15.85;10.96;18.76;NA;35.28;12.03;NA;NA;ND;NA;NA;NA;
20;8;15.75;9.68;14.45;NA;35.19;15.56;NA;NA;ND;NA;NA;NA;
20;9;8.74;0.46;18.65;NA;11.57;6.76;NA;NA;ND;NA;NA;NA;
20;10;23.69;3.59;18.8;NA;23.32;12.2;NA;NA;ND;NA;NA;NA;
20;11;32.61;0.39;20.57;NA;24.75;16.69;NA;NA;ND;NA;NA;NA;
20;12;17.91;10.32;20.83;NA;30.54;28.18;NA;NA;ND;NA;NA;NA;
20;13;0.91;5.46;9.86;NA;21.79;13.48;NA;NA;ND;NA;NA;NA;
20;14;12.59;1.99;7.28;NA;4.54;18.29;NA;NA;ND;NA;NA;NA;
20;15;9.06;4.87;13.57;NA;21.65;5.9;NA;NA;ND;NA;NA;NA;
20;16;10.5;19.78;18.14;NA;9.28;14.75;NA;NA;ND;NA;NA;NA;
20;17;10.37;57.12;20.07;NA;5.59;15.18;NA;NA;ND;NA;NA;NA;
20;18;9.64;2.91;15.17;NA;6.25;12.38;NA;NA;ND;NA;NA;NA;
20;19;7.96;6.67;14.81;NA;11.7;15.28;NA;NA;ND;NA;NA;NA;
20;20;11.43;11.53;13.83;NA;17.05;19.95;NA;NA;ND;NA;NA;NA;
20;21;13.66;10.19;12.16;NA;27.56;15.05;NA;NA;ND;NA;NA;NA;
20;22;14.32;10.85;12.55;NA;21.64;16.78;NA;NA;ND;NA;NA;NA;
20;23;8.62;7.88;14.12;NA;ND;11.19;NA;NA;ND;NA;NA;NA;
21;0;13.02;7.47;5.28;NA;28.73;9.43;NA;NA;ND;NA;NA;NA;
21;1;13.43;9.68;19.01;NA;8.8;11.63;NA;NA;ND;NA;NA;NA;
21;2;13.24;8.04;7.76;NA;11.71;15.66;NA;NA;ND;NA;NA;NA;
21;3;12.87;7.49;13.81;NA;10.52;13.43;NA;NA;ND;NA;NA;NA;
21;4;9.67;10.44;10.95;NA;16.17;13.28;NA;NA;ND;NA;NA;NA;
21;5;15.82;13.8;10.3;NA;18.05;11.76;NA;NA;ND;NA;NA;NA;
21;6;16.42;8.75;22.9;NA;23.43;23.31;NA;NA;ND;NA;NA;NA;
21;7;27.27;9.22;20.68;NA;38.75;28.51;NA;NA;ND;NA;NA;NA;
21;8;17.31;4.43;17.36;NA;37.26;14.16;NA;NA;ND;NA;NA;NA;
21;9;23.37;6.35;23.24;NA;34.69;30.98;NA;NA;ND;NA;NA;NA;
21;10;29.67;2.03;26.5;NA;39.7;23.7;NA;NA;ND;NA;NA;NA;
21;11;21.92;32.74;30.11;NA;14.93;27.02;NA;NA;ND;NA;NA;NA;
21;12;19.44;8.23;16.4;NA;20.19;23.88;NA;NA;ND;NA;NA;NA;
21;13;5.1;4.1;9.44;NA;18.52;16.84;NA;NA;ND;NA;NA;NA;
21;14;6.52;9.34;9.2;NA;4.62;16.7;NA;NA;ND;NA;NA;NA;
21;15;10.41;2.95;12.82;NA;9.06;14.14;NA;NA;ND;NA;NA;NA;
21;16;10.32;9.25;16.87;NA;27.62;17.9;NA;NA;ND;NA;NA;NA;
21;17;16.61;15.74;11.55;NA;18.9;17.8;NA;NA;ND;NA;NA;NA;
21;18;9.76;23.08;13.02;NA;7.6;18.56;NA;NA;ND;NA;NA;NA;
21;19;8.55;17.85;16.01;NA;22.12;15.49;NA;NA;ND;NA;NA;NA;
21;20;15.08;15.6;15.26;NA;30.26;18.29;NA;NA;ND;NA;NA;NA;
21;21;11.22;10.7;10.63;NA;13.69;14.73;NA;NA;ND;NA;NA;NA;
21;22;13.49;7.23;11.78;NA;17.6;14.03;NA;NA;ND;NA;NA;NA;
21;23;10.73;8.52;16.52;NA;ND;10.57;NA;NA;ND;NA;NA;NA;
22;0;12.36;6.18;23.39;NA;16.2;18.32;NA;NA;ND;NA;NA;NA;
22;1;11.92;2.97;17.19;NA;21.31;18.14;NA;NA;ND;NA;NA;NA;
22;2;10.52;10.59;10.54;NA;14.16;15.92;NA;NA;ND;NA;NA;NA;
22;3;17.48;6.27;12.26;NA;14;14.79;NA;NA;ND;NA;NA;NA;
22;4;8.41;6.42;11.64;NA;17.08;12.33;NA;NA;ND;NA;NA;NA;
22;5;13.54;4.53;14.02;NA;16.93;17.37;NA;NA;ND;NA;NA;NA;
22;6;9.56;6.09;15.31;NA;21.25;21.88;NA;NA;ND;NA;NA;NA;
22;7;10.29;9.4;12.22;NA;19.26;12.99;NA;NA;ND;NA;NA;NA;
22;8;14.3;0.69;10.44;NA;25.51;8.11;NA;NA;ND;NA;NA;NA;
22;9;15.62;3.83;18.5;NA;22.27;14.69;NA;NA;ND;NA;NA;NA;
22;10;24.27;1.53;25.3;NA;17.83;6.89;NA;NA;ND;NA;NA;NA;
22;11;17.67;8.81;18.06;NA;24.15;17.3;NA;NA;ND;NA;NA;NA;
22;12;19.48;11.64;22.37;NA;24.27;16.53;NA;NA;ND;NA;NA;NA;
22;13;9.2;6.66;13.6;NA;19.77;29.54;NA;NA;ND;NA;NA;NA;
22;14;11.98;15.04;11.87;NA;12.3;19.09;NA;NA;ND;NA;NA;NA;
22;15;17.38;19.15;16.36;NA;20.33;15.94;NA;NA;ND;NA;NA;NA;
22;16;19.29;11.3;15.51;NA;20.01;36.47;NA;NA;ND;NA;NA;NA;
22;17;15.22;24.05;25.08;NA;19.13;17.7;NA;NA;ND;NA;NA;NA;
22;18;6.91;20.25;13.8;NA;15.57;19.53;NA;NA;ND;NA;NA;NA;
22;19;18.35;12.2;17.67;NA;20.52;23.48;NA;NA;ND;NA;NA;NA;
22;20;13.18;14.83;9.58;NA;12.89;10.37;NA;NA;ND;NA;NA;NA;
22;21;9.84;16.27;14.6;NA;13.52;11.06;NA;NA;ND;NA;NA;NA;
22;22;12.5;24.43;9.24;NA;16.58;18.35;NA;NA;ND;NA;NA;NA;
22;23;15.96;5.66;11.94;NA;ND;12.94;NA;NA;ND;NA;NA;NA;
23;0;12.77;6.95;18.53;NA;30.62;26.95;NA;NA;ND;NA;NA;NA;
23;1;15.64;8.77;12.88;NA;16.57;21.11;NA;NA;ND;NA;NA;NA;
23;2;13.3;3.88;8.43;NA;19.57;8.18;NA;NA;ND;NA;NA;NA;
23;3;15.75;7.63;18.91;NA;14.39;19.82;NA;NA;ND;NA;NA;NA;
23;4;11.44;5.95;14.34;NA;24.41;16.86;NA;NA;ND;NA;NA;NA;
23;5;18.84;7.88;18.27;NA;20.75;25.68;NA;NA;ND;NA;NA;NA;
23;6;22.98;17.65;18.99;NA;29.92;24.03;NA;NA;ND;NA;NA;NA;
23;7;26.85;4.17;20.53;NA;32.47;27.41;NA;NA;ND;NA;NA;NA;
23;8;16.46;0;16.97;NA;38.98;24.97;NA;NA;ND;NA;NA;NA;
23;9;26.75;7.95;24.99;NA;42.99;26.22;NA;NA;ND;NA;NA;NA;
23;10;32.46;6.52;35.31;NA;43.16;32.45;NA;NA;ND;NA;NA;NA;
23;11;26.88;5.7;33.71;NA;34.14;23.48;NA;NA;ND;NA;NA;NA;
23;12;ND;10.8;22.64;NA;26.32;29.83;NA;NA;ND;NA;NA;NA;
23;13;ND;15.64;ND;NA;26.63;27.97;NA;NA;ND;NA;NA;NA;
23;14;ND;12.52;ND;NA;16.6;4.01;NA;NA;ND;NA;NA;NA;
23;15;9.84;12.08;14.65;NA;19.33;11.12;NA;NA;ND;NA;NA;NA;
23;16;15.61;9.61;22.4;NA;10.8;18.23;NA;NA;ND;NA;NA;NA;
23;17;7.11;11.5;25.68;NA;14.14;21.34;NA;NA;ND;NA;NA;NA;
23;18;9.08;15.11;17.46;NA;12.62;25.14;NA;NA;ND;NA;NA;NA;
23;19;7.5;13.55;15.88;NA;16.62;14.89;NA;NA;ND;NA;NA;NA;
23;20;9.52;13.85;14.91;NA;21.84;14.07;NA;NA;ND;NA;NA;NA;
23;21;14.05;44.04;19.6;NA;18.09;18.07;NA;NA;ND;NA;NA;NA;
23;22;13.93;8.38;11.11;NA;12.91;13.11;NA;NA;ND;NA;NA;NA;
23;23;10.68;0.75;15.48;NA;ND;13.97;NA;NA;ND;NA;NA;NA;
24;0;10.45;0.14;18.75;NA;12.25;12.64;NA;NA;ND;NA;NA;NA;
24;1;19.23;6.37;14.1;NA;7.42;15.6;NA;NA;ND;NA;NA;NA;
24;2;13.22;4.61;11.73;NA;11.83;6.21;NA;NA;ND;NA;NA;NA;
24;3;17.29;4.94;7.69;NA;16.01;11.32;NA;NA;ND;NA;NA;NA;
24;4;10.85;10.8;15.73;NA;13.41;19.45;NA;NA;ND;NA;NA;NA;
24;5;17.9;7.93;17.77;NA;23.88;15.01;NA;NA;ND;NA;NA;NA;
24;6;18.65;11.59;15.46;NA;19.77;18.51;NA;NA;ND;NA;NA;NA;
24;7;19.58;9.39;23.12;NA;24.93;26.55;NA;NA;ND;NA;NA;NA;
24;8;13.95;1.16;18.18;NA;20.81;10.97;NA;NA;ND;NA;NA;NA;
24;9;20.41;ND;24.73;NA;26.89;19.54;NA;NA;ND;NA;NA;NA;
24;10;26.93;ND;21.63;NA;38.38;16.47;NA;NA;ND;NA;NA;NA;
24;11;29.92;ND;21.33;NA;38.83;25.75;NA;NA;ND;NA;NA;NA;
24;12;19.33;22.93;27.7;NA;41.03;30.75;NA;NA;ND;NA;NA;NA;
24;13;3.7;20.81;16.65;NA;11.65;22.54;NA;NA;ND;NA;NA;NA;
24;14;9.36;22.67;13.28;NA;7.79;3.87;NA;NA;ND;NA;NA;NA;
24;15;13.37;21.31;8.13;NA;6.21;13.35;NA;NA;ND;NA;NA;NA;
24;16;11.27;28.07;10.2;NA;9.93;16.76;NA;NA;ND;NA;NA;NA;
24;17;11.54;37.04;19.59;NA;12.95;17.7;NA;NA;ND;NA;NA;NA;
24;18;9.37;36.58;15.68;NA;11.82;16.25;NA;NA;ND;NA;NA;NA;
24;19;12.59;36.01;16.59;NA;6.72;16.47;NA;NA;ND;NA;NA;NA;
24;20;8.88;25.08;9.62;NA;19.11;21.43;NA;NA;ND;NA;NA;NA;
24;21;16.94;15.56;9.25;NA;22.54;14.34;NA;NA;ND;NA;NA;NA;
24;22;10.43;13.98;12.44;NA;21.05;17.13;NA;NA;ND;NA;NA;NA;
24;23;13.07;13.91;12.18;NA;18.97;9.85;NA;NA;ND;NA;NA;NA;
25;0;11.91;13.5;19.18;NA;29.92;13.23;NA;NA;ND;NA;NA;NA;
25;1;17.47;4.21;14.8;NA;17.26;15.6;NA;NA;ND;NA;NA;NA;
25;2;10.17;2.34;17.1;NA;20.1;14.51;NA;NA;ND;NA;NA;NA;
25;3;5.04;3.53;8.83;NA;12.2;16.67;NA;NA;ND;NA;NA;NA;
25;4;3.29;2.99;13.23;NA;20.79;16.46;NA;NA;ND;NA;NA;NA;
25;5;9.62;3.26;7.43;NA;9.61;5.68;NA;NA;ND;NA;NA;NA;
25;6;10.03;4.77;9.87;NA;16.16;13.59;NA;NA;ND;NA;NA;NA;
25;7;2.62;3.45;5.45;NA;19.15;11.46;NA;NA;ND;NA;NA;NA;
25;8;11.28;0.75;8.36;NA;11.19;6.66;NA;NA;ND;NA;NA;NA;
25;9;16.22;9.07;11.98;NA;18.52;8.32;NA;NA;ND;NA;NA;NA;
25;10;13.57;17.28;12.75;NA;16.75;15.12;NA;NA;ND;NA;NA;NA;
25;11;16.29;13.96;16.4;NA;16.18;13.45;NA;NA;ND;NA;NA;NA;
25;12;23.06;28.86;13.09;NA;16.72;9.55;NA;NA;ND;NA;NA;NA;
25;13;16.25;18.34;17.29;NA;25.81;15.71;NA;NA;ND;NA;NA;NA;
25;14;12.65;7.84;11.59;NA;11.16;18.07;NA;NA;ND;NA;NA;NA;
25;15;16.36;14.65;14.94;NA;5.53;12.75;NA;NA;ND;NA;NA;NA;
25;16;13.42;15.47;9.63;NA;7.55;17.58;NA;NA;ND;NA;NA;NA;
25;17;3.92;20.48;6.66;NA;7.82;8.65;NA;NA;ND;NA;NA;NA;
25;18;13.16;12.27;13.42;NA;11.77;11.09;NA;NA;ND;NA;NA;NA;
25;19;14.44;12.59;23.56;NA;8.71;12.81;NA;NA;ND;NA;NA;NA;
25;20;16.63;12.61;27.73;NA;4.41;15.68;NA;NA;ND;NA;NA;NA;
25;21;13;14.09;28.05;NA;10.77;15.58;NA;NA;ND;NA;NA;NA;
25;22;12.37;5.62;21.26;NA;20.84;13.13;NA;NA;ND;NA;NA;NA;
25;23;7.69;8.24;11.94;NA;12.28;9.74;NA;NA;ND;NA;NA;NA;
26;0;11.2;7.97;0;NA;14.19;6.23;NA;NA;ND;NA;NA;NA;
26;1;16.1;8.39;7.97;NA;12.05;12.41;NA;NA;ND;NA;NA;NA;
26;2;14.01;8.13;6.76;NA;13.07;14.92;NA;NA;ND;NA;NA;NA;
26;3;14.07;7.83;3.71;NA;16.01;17.01;NA;NA;ND;NA;NA;NA;
26;4;6.71;4.38;3.25;NA;13.04;18.75;NA;NA;ND;NA;NA;NA;
26;5;16.99;6.25;10.74;NA;10.44;15.14;NA;NA;ND;NA;NA;NA;
26;6;17.04;20.6;17.9;NA;30.07;30.08;NA;NA;ND;NA;NA;NA;
26;7;18.74;7.96;10.22;NA;23.92;18.22;NA;NA;ND;NA;NA;NA;
26;8;16.91;3.56;25.18;NA;29.7;28.35;NA;NA;ND;NA;NA;NA;
26;9;24.76;14.25;33.45;NA;15.8;15.56;NA;NA;ND;NA;NA;NA;
26;10;15.78;0.04;28.39;NA;29.89;10.65;NA;NA;ND;NA;NA;NA;
26;11;16.79;5.59;20.64;NA;12.78;14.62;NA;NA;ND;NA;NA;NA;
26;12;15.96;8.28;16.38;NA;17.62;16.78;NA;NA;ND;NA;NA;NA;
26;13;18.6;18.09;19.93;NA;27.08;13.7;NA;NA;ND;NA;NA;NA;
26;14;23.34;10.26;26.64;NA;19.15;19.21;NA;NA;ND;NA;NA;NA;
26;15;20.8;15.31;28.97;NA;26.44;25.95;NA;NA;ND;NA;NA;NA;
26;16;24.58;21.51;22.28;NA;16.79;23.45;NA;NA;ND;NA;NA;NA;
26;17;20.53;26.79;24.81;NA;9.74;21.84;NA;NA;ND;NA;NA;NA;
26;18;7.81;13.61;19.91;NA;6.32;27.06;NA;NA;ND;NA;NA;NA;
26;19;10.07;12.05;13.8;NA;14.86;15.31;NA;NA;ND;NA;NA;NA;
26;20;18.66;17.16;8.09;NA;20.75;16.71;NA;NA;ND;NA;NA;NA;
26;21;13.02;11.68;12.69;NA;11.66;14.63;NA;NA;ND;NA;NA;NA;
26;22;9.48;11.08;12.83;NA;13.15;17.85;NA;NA;ND;NA;NA;NA;
26;23;17.18;11.1;15.66;NA;14.56;15.94;NA;NA;ND;NA;NA;NA;
27;0;22.04;11.98;18.89;NA;23.06;7.42;NA;NA;ND;NA;NA;NA;
27;1;23.83;14.53;18.71;NA;14.63;16.65;NA;NA;ND;NA;NA;NA;
27;2;20.74;13.63;16.86;NA;18.67;11.61;NA;NA;ND;NA;NA;NA;
27;3;15.99;15.44;17.63;NA;19.63;21.16;NA;NA;ND;NA;NA;NA;
27;4;23.07;11.43;15.54;NA;14.81;13.81;NA;NA;ND;NA;NA;NA;
27;5;24.65;19.38;18.65;NA;12.83;18.23;NA;NA;ND;NA;NA;NA;
27;6;37.25;17.63;13.7;NA;17.86;13.43;NA;NA;ND;NA;NA;NA;
27;7;30.63;5.74;23.85;NA;27.82;18.2;NA;NA;ND;NA;NA;NA;
27;8;34.77;4.07;33.24;NA;38.56;23.69;NA;NA;ND;NA;NA;NA;
27;9;15.03;4.38;11.77;NA;25.5;6.48;NA;NA;ND;NA;NA;NA;
27;10;10.41;0.12;2.63;NA;5.99;4.79;NA;NA;ND;NA;NA;NA;
27;11;3.65;0.03;9.93;NA;7.27;3.55;NA;NA;ND;NA;NA;NA;
27;12;9.74;5.59;7.71;NA;7.14;4.65;NA;NA;ND;NA;NA;NA;
27;13;11.2;12.77;6.3;NA;6.67;2.78;NA;NA;ND;NA;NA;NA;
27;14;6.19;11.92;3.31;NA;7.38;5.69;NA;NA;ND;NA;NA;NA;
27;15;15.79;25.97;11.57;NA;13.15;7.23;NA;NA;ND;NA;NA;NA;
27;16;16.94;8.94;8.56;NA;4.8;13.03;NA;NA;ND;NA;NA;NA;
27;17;9.94;10.45;13.86;NA;16.17;13.94;NA;NA;ND;NA;NA;NA;
27;18;17.46;15.17;10.45;NA;12.61;15.94;NA;NA;ND;NA;NA;NA;
27;19;8.32;11.06;11.47;NA;11.26;10.55;NA;NA;ND;NA;NA;NA;
27;20;17.24;7.9;8.27;NA;11.17;14.2;NA;NA;ND;NA;NA;NA;
27;21;7.75;12.39;14.69;NA;11.41;5;NA;NA;ND;NA;NA;NA;
27;22;10.59;8.61;2.17;NA;4.42;6.45;NA;NA;ND;NA;NA;NA;
27;23;12.03;9.23;4.54;NA;8.07;5.44;NA;NA;ND;NA;NA;NA;
28;0;18.74;7.96;16.86;NA;2.68;1.4;NA;NA;ND;NA;NA;NA;
28;1;16.69;10.09;7.56;NA;10.03;8.38;NA;NA;ND;NA;NA;NA;
28;2;8.31;9.24;2.65;NA;6.84;8.79;NA;NA;ND;NA;NA;NA;
28;3;11.28;10.1;3.61;NA;5.96;4.71;NA;NA;ND;NA;NA;NA;
28;4;6.28;13.03;3.07;NA;3.72;4.93;NA;NA;ND;NA;NA;NA;
28;5;7.81;9.98;3.46;NA;3.09;3.24;NA;NA;ND;NA;NA;NA;
28;6;15.47;10.07;12.16;NA;16.71;13.45;NA;NA;ND;NA;NA;NA;
28;7;2.29;0.56;0.61;NA;22.95;4.58;NA;NA;ND;NA;NA;NA;
28;8;8.1;0.41;4;NA;9.05;5.87;NA;NA;ND;NA;NA;NA;
28;9;9.95;4.17;2.54;NA;8.79;1.04;NA;NA;ND;NA;NA;NA;
28;10;15.48;7.71;7.05;NA;15.97;5.8;NA;NA;ND;NA;NA;NA;
28;11;12.45;1.84;12.49;NA;6.66;4.56;NA;NA;ND;NA;NA;NA;
28;12;13.16;12.07;9.1;NA;3.7;9.48;NA;NA;ND;NA;NA;NA;
28;13;12.74;11.17;8.53;NA;6.84;5.23;NA;NA;ND;NA;NA;NA;
28;14;11.18;5.58;8.14;NA;16.28;6.06;NA;NA;ND;NA;NA;NA;
28;15;4.48;4.86;2.43;NA;9.76;6.68;NA;NA;ND;NA;NA;NA;
28;16;12.78;7.85;7.38;NA;10.42;6.26;NA;NA;ND;NA;NA;NA;
28;17;20.2;34.5;8.54;NA;10.14;12.89;NA;NA;ND;NA;NA;NA;
28;18;15.13;36.21;8.8;NA;12.29;11.5;NA;NA;ND;NA;NA;NA;
28;19;11.27;25.07;9.26;NA;3.62;7.55;NA;NA;ND;NA;NA;NA;
28;20;14.06;13.98;10.18;NA;16.5;12.78;NA;NA;ND;NA;NA;NA;
28;21;12.4;17.22;10.92;NA;13.71;12.41;NA;NA;ND;NA;NA;NA;
28;22;19.84;18.64;8.15;NA;11.59;ND;NA;NA;ND;NA;NA;NA;
28;23;14.04;23.55;13.6;NA;7.73;ND;NA;NA;ND;NA;NA;NA;
29;0;10.64;13.79;14.71;NA;9.66;11.06;NA;NA;ND;NA;NA;NA;
29;1;12.2;16.05;10.36;NA;17.37;9.95;NA;NA;ND;NA;NA;NA;
29;2;7.85;12.05;5.76;NA;8.06;8.57;NA;NA;ND;NA;NA;NA;
29;3;12.34;6.32;8.96;NA;8.31;6.35;NA;NA;ND;NA;NA;NA;
29;4;15.99;9.27;5.04;NA;12.42;10.47;NA;NA;ND;NA;NA;NA;
29;5;9.81;7.27;4.32;NA;6.41;12.46;NA;NA;ND;NA;NA;NA;
29;6;12.29;9.54;5.37;NA;22.1;10.07;NA;NA;ND;NA;NA;NA;
29;7;12.58;7.95;10.34;NA;12.19;10.54;NA;NA;ND;NA;NA;NA;
29;8;11.56;6.59;1.4;NA;12.04;1.05;NA;NA;ND;NA;NA;NA;
29;9;9.05;4.17;6.06;NA;14.19;1.41;NA;NA;ND;NA;NA;NA;
29;10;7.42;3.63;7.31;NA;12.87;5.59;NA;NA;ND;NA;NA;NA;
29;11;10.39;14.85;3.47;NA;6.28;1.94;NA;NA;ND;NA;NA;NA;
29;12;5.41;19.6;2.49;NA;6.54;3.59;NA;NA;ND;NA;NA;NA;
29;13;8.55;23.41;2.27;NA;6.72;6.77;NA;NA;ND;NA;NA;NA;
29;14;12.38;32.41;8.11;NA;5.37;9.57;NA;NA;ND;NA;NA;NA;
29;15;13.24;24.59;16.6;NA;17.17;18.3;NA;NA;ND;NA;NA;NA;
29;16;7.66;25.43;4.7;NA;7.99;6.08;NA;NA;ND;NA;NA;NA;
29;17;18.42;26.93;9.18;NA;9.1;6.71;NA;NA;ND;NA;NA;NA;
29;18;8.58;22.59;6.59;NA;12.28;10.54;NA;NA;ND;NA;NA;NA;
29;19;16.04;14.37;10.67;NA;7.32;7.71;NA;NA;ND;NA;NA;NA;
29;20;11.03;15.15;9.3;NA;7.57;12.17;NA;NA;ND;NA;NA;NA;
29;21;12.32;14.94;11.91;NA;4.18;8.49;NA;NA;ND;NA;NA;NA;
29;22;10.55;14;21.66;NA;5.62;14.9;NA;NA;ND;NA;NA;NA;
29;23;10.91;23.04;4.57;NA;7.12;1.93;NA;NA;ND;NA;NA;NA;
30;0;12.66;14.66;2.37;NA;19.09;9.17;NA;NA;ND;NA;NA;NA;
30;1;12.64;15.13;5.03;NA;8.23;9;NA;NA;ND;NA;NA;NA;
30;2;12.86;18.13;2.66;NA;13.49;7.36;NA;NA;ND;NA;NA;NA;
30;3;7.19;8.92;3.72;NA;5.18;6.29;NA;NA;ND;NA;NA;NA;
30;4;13.73;8.93;3.36;NA;7.4;18.59;NA;NA;ND;NA;NA;NA;
30;5;6.45;7.75;10.01;NA;10.74;10.48;NA;NA;ND;NA;NA;NA;
30;6;22.81;20.04;10.72;NA;10.47;11.47;NA;NA;ND;NA;NA;NA;
30;7;8.2;7.28;14.85;NA;26.56;22.75;NA;NA;ND;NA;NA;NA;
30;8;16.27;0.03;8.06;NA;20.23;14.98;NA;NA;ND;NA;NA;NA;
30;9;23.6;3.1;16.19;NA;22.04;16.24;NA;NA;ND;NA;NA;NA;
30;10;23.09;2.5;15.83;NA;23.12;7.81;NA;NA;ND;NA;NA;NA;
30;11;20.91;2.86;9.67;NA;9.27;14.96;NA;NA;ND;NA;NA;NA;
30;12;16.37;12.93;14.88;NA;22.38;12.3;NA;NA;ND;NA;NA;NA;
30;13;21.07;15.3;11.46;NA;8.33;28.61;NA;NA;ND;NA;NA;NA;
30;14;14.71;1.85;13.66;NA;14.77;16.39;NA;NA;ND;NA;NA;NA;
30;15;19.4;0.98;12.91;NA;10.04;8.91;NA;NA;ND;NA;NA;NA;
30;16;11.16;15.89;9.17;NA;13.67;17.34;NA;NA;ND;NA;NA;NA;
30;17;24.19;29.26;22.9;NA;19.92;18.65;NA;NA;ND;NA;NA;NA;
30;18;12.47;20.37;14.5;NA;20.57;25.26;NA;NA;ND;NA;NA;NA;
30;19;13.81;18.41;10.77;NA;10.77;21.35;NA;NA;ND;NA;NA;NA;
30;20;30.66;21.54;10.72;NA;15.25;29.9;NA;NA;ND;NA;NA;NA;
30;21;15.21;15.07;13.06;NA;9.69;21.19;NA;NA;ND;NA;NA;NA;
30;22;11.74;11.59;7.89;NA;15.74;29.11;NA;NA;ND;NA;NA;NA;
30;23;17.53;19.4;15.23;NA;24.53;28.79;NA;NA;ND;NA;NA;NA;
31;0;29.51;7.83;23.77;NA;26.61;31.72;NA;NA;ND;NA;NA;NA;
31;1;28.3;6.61;16.82;NA;21.4;18.97;NA;NA;ND;NA;NA;NA;
31;2;19.35;10.78;18.03;NA;22.52;20.57;NA;NA;ND;NA;NA;NA;
31;3;9.13;5.97;12.52;NA;25.58;26.25;NA;NA;ND;NA;NA;NA;
31;4;9.6;12.58;13.66;NA;25.81;24.08;NA;NA;ND;NA;NA;NA;
31;5;21.04;12.96;20.33;NA;31.69;25.59;NA;NA;ND;NA;NA;NA;
31;6;19.07;19.25;14.78;NA;35.34;33.87;NA;NA;ND;NA;NA;NA;
31;7;23.79;2.26;21.83;NA;37.8;35.68;NA;NA;ND;NA;NA;NA;
31;8;12.5;1.16;21.51;NA;31.14;34.54;NA;NA;ND;NA;NA;NA;
31;9;19.71;3.77;10.28;NA;29.53;16.35;NA;NA;ND;NA;NA;NA;
31;10;11.95;0.18;5.95;NA;15.58;11.21;NA;NA;ND;NA;NA;NA;
31;11;15.47;0.97;12.37;NA;21.46;6.21;NA;NA;ND;NA;NA;NA;
31;12;12.27;5.44;12.2;NA;16.63;17.28;NA;NA;ND;NA;NA;NA;
31;13;16.44;14.07;14.52;NA;13.76;10.94;NA;NA;ND;NA;NA;NA;
31;14;15.99;19.98;18.33;NA;15.93;20.83;NA;NA;ND;NA;NA;NA;
31;15;13.13;10.36;17.3;NA;23.46;29.99;NA;NA;ND;NA;NA;NA;
31;16;13.92;12.01;13.21;NA;18.05;12.43;NA;NA;ND;NA;NA;NA;
31;17;26.4;21.17;17.52;NA;11.54;20.28;NA;NA;ND;NA;NA;NA;
31;18;22.05;18.45;19.64;NA;8.75;43.47;NA;NA;ND;NA;NA;NA;
31;19;19.4;18.81;15.73;NA;11.28;28.29;NA;NA;ND;NA;NA;NA;
31;20;22.9;16.63;16.5;NA;15.9;17.94;NA;NA;ND;NA;NA;NA;
31;21;28.32;16.42;15.82;NA;30.22;19.91;NA;NA;ND;NA;NA;NA;
31;22;37.56;19.06;16.25;NA;20.83;20.08;NA;NA;ND;NA;NA;NA;
31;23;40.54;49.01;18.98;NA;33.37;29.41;NA;NA;ND;NA;NA;NA;
