DIA;HORA;Cotocollao;Carapungo;Belisario;Jipijapa;El Camal;Centro;Guamaní;Tumbaco;Los Chillos;El Condado;Turubamba;Chillogallo;
1;0;17.64;7.43;3.38;NA;7.31;8.8;NA;NA;ND;NA;NA;NA;
1;1;13.39;5.85;10.05;NA;7.69;12.54;NA;NA;ND;NA;NA;NA;
1;2;7.9;8.45;10.22;NA;11.06;5.55;NA;NA;ND;NA;NA;NA;
1;3;8.22;6.78;11.11;NA;5.15;14.97;NA;NA;ND;NA;NA;NA;
1;4;8.85;5.52;7.17;NA;12.77;8.65;NA;NA;ND;NA;NA;NA;
1;5;11.3;13.12;15.11;NA;11.27;14.93;NA;NA;ND;NA;NA;NA;
1;6;21.42;21.71;18.77;NA;31.46;18.75;NA;NA;ND;NA;NA;NA;
1;7;21.51;7.24;21.46;NA;42.01;24.16;NA;NA;ND;NA;NA;NA;
1;8;26.98;6.63;29.41;NA;32.66;27.4;NA;NA;ND;NA;NA;NA;
1;9;35.09;0.8;25.77;NA;22;25.03;NA;NA;ND;NA;NA;NA;
1;10;28.82;4.98;34.14;NA;37.82;23.31;NA;NA;ND;NA;NA;NA;
1;11;25.15;7.39;25.41;NA;41.96;32.21;NA;NA;ND;NA;NA;NA;
1;12;15.39;7.41;24.95;NA;26.21;24.49;NA;NA;ND;NA;NA;NA;
1;13;9.88;0.36;10.77;NA;20.81;16.1;NA;NA;ND;NA;NA;NA;
1;14;7.07;2.31;15.86;NA;11.34;2.66;NA;NA;ND;NA;NA;NA;
1;15;7.58;2.79;9.82;NA;28.59;11.89;NA;NA;ND;NA;NA;NA;
1;16;7.46;14.22;13.64;NA;17.98;14.11;NA;NA;ND;NA;NA;NA;
1;17;13.86;5.76;16.63;NA;12.67;13.6;NA;NA;ND;NA;NA;NA;
1;18;4.8;14.59;19.22;NA;0.8;15.13;NA;NA;ND;NA;NA;NA;
1;19;16.49;17.28;15.33;NA;3.2;14.27;NA;NA;ND;NA;NA;NA;
1;20;17.63;27.01;13.11;NA;14.83;19.45;NA;NA;ND;NA;NA;NA;
1;21;21.23;21.75;10.03;NA;18.88;13.92;NA;NA;ND;NA;NA;NA;
1;22;21.48;22.39;15.4;NA;13.06;12.45;NA;NA;ND;NA;NA;NA;
1;23;19.14;17.16;16.83;NA;18.08;12.59;NA;NA;ND;NA;NA;NA;
2;0;13.15;17.78;27.48;NA;21.95;5.09;NA;NA;ND;NA;NA;NA;
2;1;13.16;13.48;14.56;NA;25.94;9.98;NA;NA;ND;NA;NA;NA;
2;2;16.31;12.02;15.14;NA;45.63;9.61;NA;NA;ND;NA;NA;NA;
2;3;10.65;13.25;6.5;NA;49.28;18.4;NA;NA;ND;NA;NA;NA;
2;4;14.49;11.16;13.03;NA;60.52;13.84;NA;NA;ND;NA;NA;NA;
2;5;11.41;15.19;7.87;NA;45.16;15.4;NA;NA;ND;NA;NA;NA;
2;6;18.87;35.57;15.87;NA;48.71;21.22;NA;NA;ND;NA;NA;NA;
2;7;20.68;24.44;14.87;NA;63.17;14.73;NA;NA;ND;NA;NA;NA;
2;8;26.46;0.07;39.07;NA;59.45;25.19;NA;NA;ND;NA;NA;NA;
2;9;26.7;0.06;41.25;NA;49.03;24.31;NA;NA;ND;NA;NA;NA;
2;10;32.73;6.03;13.79;NA;44.63;23.89;NA;NA;ND;NA;NA;NA;
2;11;18.32;6.54;8.92;NA;ND;12.8;NA;NA;ND;NA;NA;NA;
2;12;14.92;8.29;15.03;NA;ND;8.26;NA;NA;ND;NA;NA;NA;
2;13;2.99;1.7;15.59;NA;ND;14.01;NA;NA;ND;NA;NA;NA;
2;14;7.32;0.24;16.53;NA;ND;17.01;NA;NA;ND;NA;NA;NA;
2;15;8.26;3.13;6.05;NA;ND;13.66;NA;NA;ND;NA;NA;NA;
2;16;10.1;18.03;12.72;NA;ND;12.5;NA;NA;ND;NA;NA;NA;
2;17;10.26;14.83;6.99;NA;ND;16.26;NA;NA;ND;NA;NA;NA;
2;18;11.03;14.83;16.03;NA;ND;14.66;NA;NA;ND;NA;NA;NA;
2;19;14.71;14.25;13.4;NA;ND;18.32;NA;NA;ND;NA;NA;NA;
2;20;19.14;14.2;8.04;NA;ND;18.49;NA;NA;ND;NA;NA;NA;
2;21;13.57;13.86;13.74;NA;ND;11.15;NA;NA;ND;NA;NA;NA;
2;22;10.9;13.49;16.61;NA;ND;22.62;NA;NA;ND;NA;NA;NA;
2;23;8.65;13.65;6.68;NA;ND;16.8;NA;NA;ND;NA;NA;NA;
3;0;20.49;16.54;3.71;NA;28.32;20.32;NA;NA;ND;NA;NA;NA;
3;1;18.14;18.03;14.46;NA;19.33;27.07;NA;NA;ND;NA;NA;NA;
3;2;19.24;13.84;16.95;NA;18.7;25.32;NA;NA;ND;NA;NA;NA;
3;3;11.47;17.67;13.51;NA;23.46;21.91;NA;NA;ND;NA;NA;NA;
3;4;19.98;24.22;11.58;NA;21.11;22.51;NA;NA;ND;NA;NA;NA;
3;5;17.77;15.79;18.45;NA;25.56;19.61;NA;NA;ND;NA;NA;NA;
3;6;17.82;26.34;9.81;NA;32.52;17.81;NA;NA;ND;NA;NA;NA;
3;7;14.38;7.55;17.96;NA;24.44;9.96;NA;NA;ND;NA;NA;NA;
3;8;13.57;7.33;17.16;NA;24.39;25.31;NA;NA;ND;NA;NA;NA;
3;9;8.49;2.97;14.79;NA;27.27;9.42;NA;NA;ND;NA;NA;NA;
3;10;20.05;5.09;12.75;NA;25.16;9.16;NA;NA;ND;NA;NA;NA;
3;11;10.57;0;15.7;NA;30.59;10.36;NA;NA;ND;NA;NA;NA;
3;12;3.97;0.11;8.48;NA;21.27;5.05;NA;NA;ND;NA;NA;NA;
3;13;5.68;6.87;4.7;NA;23.82;17.98;NA;NA;ND;NA;NA;NA;
3;14;10.5;7.45;7.43;NA;29.02;12.24;NA;NA;ND;NA;NA;NA;
3;15;7.89;10.79;9.16;NA;17.05;10.75;NA;NA;ND;NA;NA;NA;
3;16;12.89;15.67;9.93;NA;19.89;11.05;NA;NA;ND;NA;NA;NA;
3;17;9.87;15.75;14.94;NA;15.98;15.79;NA;NA;ND;NA;NA;NA;
3;18;12.07;12.93;15;NA;11.18;18.1;NA;NA;ND;NA;NA;NA;
3;19;10.25;9.51;8.15;NA;6.65;17.52;NA;NA;ND;NA;NA;NA;
3;20;19.36;16.09;13.1;NA;2.78;15.23;NA;NA;ND;NA;NA;NA;
3;21;14.31;13.74;9.26;NA;5.3;19.02;NA;NA;ND;NA;NA;NA;
3;22;11.57;15.96;15.63;NA;5.77;13.51;NA;NA;ND;NA;NA;NA;
3;23;14.84;6.09;10.67;NA;10.82;8.43;NA;NA;ND;NA;NA;NA;
4;0;5.48;10.45;26.83;NA;10.73;17.35;NA;NA;ND;NA;NA;NA;
4;1;11.74;19.39;15.09;NA;15.74;13.25;NA;NA;ND;NA;NA;NA;
4;2;20.08;16.23;13.02;NA;17.59;20.29;NA;NA;ND;NA;NA;NA;
4;3;20.79;10.5;18.53;NA;14.04;20.53;NA;NA;ND;NA;NA;NA;
4;4;17.83;17.77;21.18;NA;17.8;19.44;NA;NA;ND;NA;NA;NA;
4;5;14.24;21.48;18.63;NA;10.71;25.45;NA;NA;ND;NA;NA;NA;
4;6;31.98;28.2;22.22;NA;48.74;35.32;NA;NA;ND;NA;NA;NA;
4;7;35.17;19.67;38.12;NA;55.98;43.08;NA;NA;ND;NA;NA;NA;
4;8;40.65;8.61;38.89;NA;39.58;32.18;NA;NA;ND;NA;NA;NA;
4;9;42.42;6.27;42.53;NA;42.97;33.19;NA;NA;ND;NA;NA;NA;
4;10;28.6;0;31.84;NA;35.91;34.54;NA;NA;ND;NA;NA;NA;
4;11;24.98;5.52;31.04;NA;6.09;16.7;NA;NA;ND;NA;NA;NA;
4;12;17.35;12.59;23.54;NA;0.38;18.28;NA;NA;ND;NA;NA;NA;
4;13;15.98;15.45;26.37;NA;6.07;33;NA;NA;ND;NA;NA;NA;
4;14;6.25;8.75;15.78;NA;0.79;17.33;NA;NA;ND;NA;NA;NA;
4;15;10.53;8.52;14.65;NA;5.43;12.43;NA;NA;ND;NA;NA;NA;
4;16;10.01;6.92;15.33;NA;12.87;17.58;NA;NA;ND;NA;NA;NA;
4;17;12.57;19.93;22.62;NA;6.96;24.8;NA;NA;ND;NA;NA;NA;
4;18;15.25;15.24;14.83;NA;7.46;22.83;NA;NA;ND;NA;NA;NA;
4;19;16.79;15.29;21.93;NA;8.68;31.93;NA;NA;ND;NA;NA;NA;
4;20;17.75;13.3;13.42;NA;17.71;17.51;NA;NA;ND;NA;NA;NA;
4;21;24.76;14.92;12.35;NA;24.82;12.84;NA;NA;ND;NA;NA;NA;
4;22;24.11;10.11;15.37;NA;36.69;22.01;NA;NA;ND;NA;NA;NA;
4;23;19.41;19.33;9.67;NA;49.76;21.46;NA;NA;ND;NA;NA;NA;
5;0;14.76;11.8;13.62;NA;63.22;25.24;NA;NA;ND;NA;NA;NA;
5;1;17.29;16.97;21.96;NA;54.97;25.56;NA;NA;ND;NA;NA;NA;
5;2;21.6;13.97;19.38;NA;35.67;24.97;NA;NA;ND;NA;NA;NA;
5;3;16.06;16.22;11.17;NA;25.1;19.84;NA;NA;ND;NA;NA;NA;
5;4;24.41;19.77;13.54;NA;32.37;20.77;NA;NA;ND;NA;NA;NA;
5;5;11.34;22.12;11.71;NA;20.88;21.99;NA;NA;ND;NA;NA;NA;
5;6;39.58;45.07;21.34;NA;38.78;32.04;NA;NA;ND;NA;NA;NA;
5;7;49.49;15.88;41.12;NA;39.52;38.6;NA;NA;ND;NA;NA;NA;
5;8;30.23;2.82;40.11;NA;33.35;28.58;NA;NA;ND;NA;NA;NA;
5;9;36.79;17.64;29.75;NA;46.58;24.35;NA;NA;ND;NA;NA;NA;
5;10;34.46;15.95;26.84;NA;35.94;25.17;NA;NA;ND;NA;NA;NA;
5;11;32.9;9.6;36.51;NA;16.79;32.15;NA;NA;ND;NA;NA;NA;
5;12;21.88;9;15.47;NA;24.84;33.05;NA;NA;ND;NA;NA;NA;
5;13;17.44;18.34;24.83;NA;36.04;39.23;NA;NA;ND;NA;NA;NA;
5;14;16.88;13.87;18.13;NA;0.15;16.96;NA;NA;ND;NA;NA;NA;
5;15;16.6;16.43;16.74;NA;17.94;15.36;NA;NA;ND;NA;NA;NA;
5;16;17.64;6.33;22.86;NA;17.57;28.52;NA;NA;ND;NA;NA;NA;
5;17;17;23.14;17.33;NA;21.67;30.68;NA;NA;ND;NA;NA;NA;
5;18;15.99;20.39;25.66;NA;23.19;23.59;NA;NA;ND;NA;NA;NA;
5;19;18.13;14.12;21.57;NA;18.37;24.96;NA;NA;ND;NA;NA;NA;
5;20;18.85;25.35;16.38;NA;16.73;26.25;NA;NA;ND;NA;NA;NA;
5;21;18.04;21.37;12.25;NA;18.22;18.92;NA;NA;ND;NA;NA;NA;
5;22;23.21;14.26;11.78;NA;18.64;21.04;NA;NA;ND;NA;NA;NA;
5;23;25.69;13.49;9.72;NA;21.14;18.66;NA;NA;ND;NA;NA;NA;
6;0;13.2;13.1;14.36;NA;24.36;32.74;NA;NA;ND;NA;NA;NA;
6;1;29.67;16.17;20.66;NA;23.02;25.54;NA;NA;ND;NA;NA;NA;
6;2;18.96;13.44;11.51;NA;14.56;14.77;NA;NA;ND;NA;NA;NA;
6;3;28.69;10.32;16.82;NA;21.48;22.97;NA;NA;ND;NA;NA;NA;
6;4;27.33;8.22;20.06;NA;25.22;14.21;NA;NA;ND;NA;NA;NA;
6;5;24.39;26.25;17.92;NA;18.06;20.37;NA;NA;ND;NA;NA;NA;
6;6;37.75;40.06;26.89;NA;57.48;30.41;NA;NA;ND;NA;NA;NA;
6;7;64.29;1.86;48.48;NA;61.8;54.62;NA;NA;ND;NA;NA;NA;
6;8;46.51;1.19;52.29;NA;38.41;47.47;NA;NA;ND;NA;NA;NA;
6;9;32.96;3.81;28.89;NA;39.62;17.28;NA;NA;ND;NA;NA;NA;
6;10;32.53;14.15;24.36;NA;32.17;8.59;NA;NA;ND;NA;NA;NA;
6;11;23.8;13.21;35.51;NA;35.67;25.11;NA;NA;ND;NA;NA;NA;
6;12;18.2;7.46;13.52;NA;30.96;29.89;NA;NA;ND;NA;NA;NA;
6;13;15.04;10.29;23.39;NA;16.32;20.8;NA;NA;ND;NA;NA;NA;
6;14;27.84;20.31;25.04;NA;18.35;17.57;NA;NA;ND;NA;NA;NA;
6;15;14.3;11.14;23.19;NA;26.45;22.15;NA;NA;ND;NA;NA;NA;
6;16;13.89;4.64;14.31;NA;14.17;19.42;NA;NA;ND;NA;NA;NA;
6;17;20.03;24.56;21.61;NA;25.49;19.79;NA;NA;ND;NA;NA;NA;
6;18;11.91;20.25;18.67;NA;32.39;29.41;NA;NA;ND;NA;NA;NA;
6;19;23.62;17.5;18.62;NA;23.1;22.4;NA;NA;ND;NA;NA;NA;
6;20;19.77;17.93;19.21;NA;26.66;20.69;NA;NA;ND;NA;NA;NA;
6;21;20.21;19.54;16.18;NA;23.16;20.35;NA;NA;ND;NA;NA;NA;
6;22;18.9;18.55;17.25;NA;23.78;16.85;NA;NA;ND;NA;NA;NA;
6;23;25.04;16.15;9.53;NA;17.17;17.95;NA;NA;ND;NA;NA;NA;
7;0;23.78;12.93;24.68;NA;29.82;4.62;NA;NA;ND;NA;NA;NA;
7;1;29.7;16.68;16.63;NA;24.83;26.3;NA;NA;ND;NA;NA;NA;
7;2;26.65;8.27;24.61;NA;35.06;25.84;NA;NA;ND;NA;NA;NA;
7;3;18.21;8.06;20.46;NA;39.29;28.4;NA;NA;ND;NA;NA;NA;
7;4;21.43;14.78;20.97;NA;32.8;26.49;NA;NA;ND;NA;NA;NA;
7;5;20.33;23.34;15.85;NA;37.22;31.24;NA;NA;ND;NA;NA;NA;
7;6;35.97;27.02;24.28;NA;52.14;43.82;NA;NA;ND;NA;NA;NA;
7;7;44.63;11.34;41.87;NA;61.88;42.48;NA;NA;ND;NA;NA;NA;
7;8;43.73;1.45;36.39;NA;48.01;33.64;NA;NA;ND;NA;NA;NA;
7;9;34.08;6.8;32.13;NA;39.05;28.6;NA;NA;ND;NA;NA;NA;
7;10;24.14;13.94;34.04;NA;25.28;24.58;NA;NA;ND;NA;NA;NA;
7;11;28.16;7.7;30.54;NA;32.62;28.79;NA;NA;ND;NA;NA;NA;
7;12;ND;13.79;24.26;NA;17.26;34.87;NA;NA;ND;NA;NA;NA;
7;13;22.25;18.45;25.99;NA;14.31;20.93;NA;NA;ND;NA;NA;NA;
7;14;13.54;8.99;17.04;NA;15.07;14.38;NA;NA;ND;NA;NA;NA;
7;15;17.55;9.1;23.59;NA;12.45;21.95;NA;NA;ND;NA;NA;NA;
7;16;17.66;17.54;19.3;NA;12.88;24.42;NA;NA;ND;NA;NA;NA;
7;17;5.8;12.63;19.31;NA;10;13.17;NA;NA;ND;NA;NA;NA;
7;18;15.99;13.88;21.11;NA;5.3;17.84;NA;NA;ND;NA;NA;NA;
7;19;23.68;15.07;14.4;NA;13;18.62;NA;NA;ND;NA;NA;NA;
7;20;21.14;15.98;10.27;NA;19.61;14.82;NA;NA;ND;NA;NA;NA;
7;21;14.24;10.32;17.17;NA;18.89;21.47;NA;NA;ND;NA;NA;NA;
7;22;23.39;12.54;16.14;NA;17.36;14.77;NA;NA;ND;NA;NA;NA;
7;23;20.59;17.3;10.92;NA;22.84;17.38;NA;NA;ND;NA;NA;NA;
8;0;21.1;13.67;26.38;NA;16.4;18.17;NA;NA;ND;NA;NA;NA;
8;1;22.79;19.08;18.81;NA;21.37;16.04;NA;NA;ND;NA;NA;NA;
8;2;26.41;10.25;17.51;NA;23.97;19.93;NA;NA;ND;NA;NA;NA;
8;3;27.21;7.8;16.31;NA;18.13;22.27;NA;NA;ND;NA;NA;NA;
8;4;30.14;13.34;20.32;NA;22.18;21.66;NA;NA;ND;NA;NA;NA;
8;5;34.22;24.53;14.92;NA;22.71;20.81;NA;NA;ND;NA;NA;NA;
8;6;45.95;21.68;24.41;NA;37.97;21.98;NA;NA;ND;NA;NA;NA;
8;7;ND;26.13;31.81;NA;45.52;36.97;NA;NA;ND;NA;NA;NA;
8;8;39.48;2.2;36.64;NA;41.42;25.13;NA;NA;ND;NA;NA;NA;
8;9;39.22;2.41;36.24;NA;32.28;30.44;NA;NA;ND;NA;NA;NA;
8;10;32.61;8.52;25.29;NA;26.74;25.62;NA;NA;ND;NA;NA;NA;
8;11;25.93;4.85;20.44;NA;14.8;14.93;NA;NA;ND;NA;NA;NA;
8;12;16.38;32.52;20.56;NA;13.6;15.28;NA;NA;ND;NA;NA;NA;
8;13;19.26;7.84;23.37;NA;9.44;14.24;NA;NA;ND;NA;NA;NA;
8;14;17.95;18.81;6.07;NA;17.49;25.99;NA;NA;ND;NA;NA;NA;
8;15;15.87;19.52;24.18;NA;14.02;20.83;NA;NA;ND;NA;NA;NA;
8;16;18;21.48;31.17;NA;20.94;24.68;NA;NA;ND;NA;NA;NA;
8;17;17.85;17.83;25.96;NA;11.52;22.55;NA;NA;ND;NA;NA;NA;
8;18;10.21;8.75;18;NA;14.78;15.79;NA;NA;ND;NA;NA;NA;
8;19;19.02;21.66;27.54;NA;12.62;20.03;NA;NA;ND;NA;NA;NA;
8;20;18.61;13.1;22.32;NA;29.03;27.8;NA;NA;ND;NA;NA;NA;
8;21;19.2;15.48;20.39;NA;19.82;30.34;NA;NA;ND;NA;NA;NA;
8;22;28.1;18.84;17.66;NA;28.96;23.23;NA;NA;ND;NA;NA;NA;
8;23;30.39;22.9;16.75;NA;16.23;19.05;NA;NA;ND;NA;NA;NA;
9;0;21.23;14.77;21.08;NA;29.24;33.97;NA;NA;ND;NA;NA;NA;
9;1;27.06;18.29;24.39;NA;14.99;26.97;NA;NA;ND;NA;NA;NA;
9;2;22.82;18.38;20.64;NA;16.73;23.35;NA;NA;ND;NA;NA;NA;
9;3;20.23;12.97;17.83;NA;25.94;24.49;NA;NA;ND;NA;NA;NA;
9;4;17;15.96;15.48;NA;25.27;21.43;NA;NA;ND;NA;NA;NA;
9;5;18.96;16.1;14.96;NA;22.99;24.59;NA;NA;ND;NA;NA;NA;
9;6;27.24;17.3;22.52;NA;25.96;24.2;NA;NA;ND;NA;NA;NA;
9;7;23.19;31.37;38.37;NA;49.37;31.17;NA;NA;ND;NA;NA;NA;
9;8;30.33;11.09;59.89;NA;48.32;30.96;NA;NA;ND;NA;NA;NA;
9;9;39.35;4.59;11.91;NA;22.83;11.99;NA;NA;ND;NA;NA;NA;
9;10;42.25;16.02;31.41;NA;30.58;14.38;NA;NA;ND;NA;NA;NA;
9;11;24.09;0.05;18.68;NA;22.63;14.04;NA;NA;ND;NA;NA;NA;
9;12;5.62;0.08;20.54;NA;14.63;20.14;NA;NA;ND;NA;NA;NA;
9;13;18.17;14.03;11.4;NA;9.69;22.79;NA;NA;ND;NA;NA;NA;
9;14;24.38;16.18;25.86;NA;22.87;27.42;NA;NA;ND;NA;NA;NA;
9;15;16.99;26.45;13.63;NA;22.31;32.28;NA;NA;ND;NA;NA;NA;
9;16;17.28;16.98;8.27;NA;11.52;5.06;NA;NA;ND;NA;NA;NA;
9;17;13.59;27.76;10.55;NA;13.75;10.88;NA;NA;ND;NA;NA;NA;
9;18;20.52;16.4;13.31;NA;15.4;22.39;NA;NA;ND;NA;NA;NA;
9;19;21.57;13.76;10.19;NA;31.19;19.93;NA;NA;ND;NA;NA;NA;
9;20;20.12;16.83;19.57;NA;20.25;19.14;NA;NA;ND;NA;NA;NA;
9;21;18.52;19.03;11.14;NA;27.14;21.49;NA;NA;ND;NA;NA;NA;
9;22;22.39;17.79;14.07;NA;30.03;15.52;NA;NA;ND;NA;NA;NA;
9;23;24.08;18.19;15.44;NA;30.33;17.54;NA;NA;ND;NA;NA;NA;
10;0;25.73;17.99;15.43;NA;36.35;31.89;NA;NA;ND;NA;NA;NA;
10;1;30.8;20.8;15.4;NA;28.43;21.59;NA;NA;ND;NA;NA;NA;
10;2;29.31;26.71;20.95;NA;31.49;16.56;NA;NA;ND;NA;NA;NA;
10;3;26.43;28.42;14.43;NA;21.7;20.47;NA;NA;ND;NA;NA;NA;
10;4;21.25;32.62;12.51;NA;28.69;14.91;NA;NA;ND;NA;NA;NA;
10;5;26.42;31.87;11.68;NA;35.52;20.49;NA;NA;ND;NA;NA;NA;
10;6;14.45;31.27;11.04;NA;36.92;16.55;NA;NA;ND;NA;NA;NA;
10;7;14.32;18.66;16.45;NA;34.49;17.88;NA;NA;ND;NA;NA;NA;
10;8;13.09;0.08;25.22;NA;37.86;21.51;NA;NA;ND;NA;NA;NA;
10;9;28.11;2.13;25.39;NA;21.59;14.11;NA;NA;ND;NA;NA;NA;
10;10;26.29;1.46;16.36;NA;16.81;22.89;NA;NA;ND;NA;NA;NA;
10;11;9.51;3.73;27.06;NA;13.59;14.85;NA;NA;ND;NA;NA;NA;
10;12;9.08;0.16;14.87;NA;13.13;12.89;NA;NA;ND;NA;NA;NA;
10;13;13.77;12.81;11.48;NA;12.93;9.45;NA;NA;ND;NA;NA;NA;
10;14;22.29;11.91;13.38;NA;18.44;25.52;NA;NA;ND;NA;NA;NA;
10;15;12.24;15.12;16.51;NA;11.41;14.7;NA;NA;ND;NA;NA;NA;
10;16;25.43;27.1;19.36;NA;16.12;30.14;NA;NA;ND;NA;NA;NA;
10;17;9.46;22.83;14.47;NA;7.63;17.84;NA;NA;ND;NA;NA;NA;
10;18;18.69;21.32;12.65;NA;16.93;25.38;NA;NA;ND;NA;NA;NA;
10;19;18.35;18.63;17.36;NA;21.56;16.66;NA;NA;ND;NA;NA;NA;
10;20;26.82;20.71;13.86;NA;18.86;15.84;NA;NA;ND;NA;NA;NA;
10;21;17.17;8.7;12.93;NA;19.94;13.86;NA;NA;ND;NA;NA;NA;
10;22;15.85;4.32;11.49;NA;15.45;10.9;NA;NA;ND;NA;NA;NA;
10;23;23.78;20.84;13.47;NA;18.74;19.89;NA;NA;ND;NA;NA;NA;
11;0;19.62;6.42;18.53;NA;22.1;23.42;NA;NA;ND;NA;NA;NA;
11;1;24.71;5.11;22.6;NA;25.68;25.51;NA;NA;ND;NA;NA;NA;
11;2;23.69;8.14;18.16;NA;23.45;21.25;NA;NA;ND;NA;NA;NA;
11;3;24.13;12.63;18.21;NA;27.02;23.15;NA;NA;ND;NA;NA;NA;
11;4;23.63;24.97;15.21;NA;30.9;19.88;NA;NA;ND;NA;NA;NA;
11;5;26.86;17.11;20.91;NA;23.68;20.19;NA;NA;ND;NA;NA;NA;
11;6;41.69;37.01;27.35;NA;51.62;35.28;NA;NA;ND;NA;NA;NA;
11;7;45.05;32.13;35.99;NA;40.89;29.67;NA;NA;ND;NA;NA;NA;
11;8;42.62;2.76;15.33;NA;43.33;13.41;NA;NA;ND;NA;NA;NA;
11;9;17.32;4.63;13.25;NA;15.65;4.88;NA;NA;ND;NA;NA;NA;
11;10;20.28;0.52;10.91;NA;59.35;2.83;NA;NA;ND;NA;NA;NA;
11;11;14.99;10.81;17.75;NA;ND;16.51;NA;NA;ND;NA;NA;NA;
11;12;16.02;5.87;18.37;NA;13.66;5.14;NA;NA;ND;NA;NA;NA;
11;13;11.94;8.42;15.48;NA;29.53;22.58;NA;NA;ND;NA;NA;NA;
11;14;12.9;9.29;14.82;NA;ND;21.07;NA;NA;ND;NA;NA;NA;
11;15;9.74;7.72;5.95;NA;ND;2.69;NA;NA;ND;NA;NA;NA;
11;16;20.86;9.18;13.1;NA;ND;20.37;NA;NA;ND;NA;NA;NA;
11;17;18.73;26.3;15.81;NA;23.6;24.53;NA;NA;ND;NA;NA;NA;
11;18;14.97;20.07;15.62;NA;17.51;35.54;NA;NA;ND;NA;NA;NA;
11;19;13.8;23.72;9.88;NA;21.72;34.77;NA;NA;ND;NA;NA;NA;
11;20;6.05;19.87;14.68;NA;30.63;23.09;NA;NA;ND;NA;NA;NA;
11;21;24.72;20.58;20.61;NA;36.67;22.6;NA;NA;ND;NA;NA;NA;
11;22;18.78;20.36;21.59;NA;31.93;26.02;NA;NA;ND;NA;NA;NA;
11;23;28.63;21.73;21.23;NA;34.51;21.97;NA;NA;ND;NA;NA;NA;
12;0;15.35;15.92;21.25;NA;23.73;23.05;NA;NA;ND;NA;NA;NA;
12;1;28.32;23.9;25.36;NA;24.95;28.39;NA;NA;ND;NA;NA;NA;
12;2;29.93;22.81;22.31;NA;22.6;24.09;NA;NA;ND;NA;NA;NA;
12;3;27.5;18.22;24.58;NA;27.02;22.65;NA;NA;ND;NA;NA;NA;
12;4;30.33;20.38;20.22;NA;18.71;27.5;NA;NA;ND;NA;NA;NA;
12;5;40.88;26.83;28.61;NA;30.87;31.86;NA;NA;ND;NA;NA;NA;
12;6;49.9;34.54;34.36;NA;41.14;42.26;NA;NA;ND;NA;NA;NA;
12;7;65.52;23.11;48.78;NA;64.13;58.79;NA;NA;ND;NA;NA;NA;
12;8;ND;6.45;53.31;NA;57.58;64.62;NA;NA;ND;NA;NA;NA;
12;9;17.18;0;24.22;NA;56.68;39.64;NA;NA;ND;NA;NA;NA;
12;10;18.62;1.5;17.85;NA;42.62;9.9;NA;NA;ND;NA;NA;NA;
12;11;17.91;0.77;17.57;NA;30.38;12.08;NA;NA;ND;NA;NA;NA;
12;12;6.79;9.58;4;NA;31.41;14.52;NA;NA;ND;NA;NA;NA;
12;13;27.46;1.99;8.09;NA;15.63;5.97;NA;NA;ND;NA;NA;NA;
12;14;15.64;21.24;16.73;NA;0;10.31;NA;NA;ND;NA;NA;NA;
12;15;16.23;6.86;9.69;NA;1.18;19.05;NA;NA;ND;NA;NA;NA;
12;16;20.9;16.13;15.5;NA;12.06;6.59;NA;NA;ND;NA;NA;NA;
12;17;24.22;17.96;21.89;NA;15.27;27.63;NA;NA;ND;NA;NA;NA;
12;18;18.78;29.16;22.46;NA;15.22;27.64;NA;NA;ND;NA;NA;NA;
12;19;22.28;25.41;26.68;NA;22.63;23.37;NA;NA;ND;NA;NA;NA;
12;20;21.88;25.38;25.46;NA;24.05;26.48;NA;NA;ND;NA;NA;NA;
12;21;26.6;19.57;23.1;NA;32.18;25.42;NA;NA;ND;NA;NA;NA;
12;22;20.67;14.63;27.32;NA;26.29;25.44;NA;NA;ND;NA;NA;NA;
12;23;33.68;13.57;16.63;NA;23.71;27.94;NA;NA;ND;NA;NA;NA;
13;0;30.39;14.26;25.82;NA;24.15;23.24;NA;NA;ND;NA;NA;NA;
13;1;30.3;20.63;29.4;NA;38.04;35.56;NA;NA;ND;NA;NA;NA;
13;2;30.04;20.97;30.66;NA;31.72;33.19;NA;NA;ND;NA;NA;NA;
13;3;34.06;17.24;27.24;NA;35.24;33.2;NA;NA;ND;NA;NA;NA;
13;4;35.86;26.89;30.9;NA;22.75;29.7;NA;NA;ND;NA;NA;NA;
13;5;36.48;21.82;28.44;NA;32.25;33.22;NA;NA;ND;NA;NA;NA;
13;6;48.12;38.4;35.24;NA;34.43;37.01;NA;NA;ND;NA;NA;NA;
13;7;67.95;27.94;45.01;NA;61.92;54.03;NA;NA;ND;NA;NA;NA;
13;8;50.45;9.19;50.44;NA;52.11;34.56;NA;NA;ND;NA;NA;NA;
13;9;59.09;22.24;45.21;NA;28.71;6.16;NA;NA;ND;NA;NA;NA;
13;10;51.36;0;15.78;NA;34.64;8.96;NA;NA;ND;NA;NA;NA;
13;11;22.69;0.48;13.69;NA;29.63;5.76;NA;NA;ND;NA;NA;NA;
13;12;12.9;1.07;5.22;NA;23;3.67;NA;NA;ND;NA;NA;NA;
13;13;5.79;2.21;3.21;NA;17.78;4.15;NA;NA;ND;NA;NA;NA;
13;14;11.36;0;4.55;NA;ND;3.22;NA;NA;ND;NA;NA;NA;
13;15;11.84;23.69;15.55;NA;0;10.23;NA;NA;ND;NA;NA;NA;
13;16;21.07;35.84;12.45;NA;0.6;8.88;NA;NA;ND;NA;NA;NA;
13;17;21.53;27.12;16.22;NA;6.1;21.99;NA;NA;ND;NA;NA;NA;
13;18;40.17;34.78;17.17;NA;9.29;16.45;NA;NA;ND;NA;NA;NA;
13;19;42.48;35.72;12.63;NA;27.59;22.65;NA;NA;ND;NA;NA;NA;
13;20;38.64;23.57;11.56;NA;34.86;29.94;NA;NA;ND;NA;NA;NA;
13;21;48.44;38.21;15.95;NA;20.95;18.34;NA;NA;ND;NA;NA;NA;
13;22;41.34;38.24;6.55;NA;22.88;11.57;NA;NA;ND;NA;NA;NA;
13;23;30.43;38.68;9.82;NA;3.22;11.25;NA;NA;ND;NA;NA;NA;
14;0;44.19;37.41;13.59;NA;13.7;12.75;NA;NA;ND;NA;NA;NA;
14;1;19.2;1.35;8.74;NA;20.06;11.4;NA;NA;ND;NA;NA;NA;
14;2;13.69;23.45;7.75;NA;6.86;3.53;NA;NA;ND;NA;NA;NA;
14;3;17.08;9.66;2.49;NA;3.37;7.86;NA;NA;ND;NA;NA;NA;
14;4;12.55;10.58;9.61;NA;3.53;5.26;NA;NA;ND;NA;NA;NA;
14;5;14.17;13.5;14.98;NA;9.74;19.87;NA;NA;ND;NA;NA;NA;
14;6;37.09;13.44;13.32;NA;23.15;19.33;NA;NA;ND;NA;NA;NA;
14;7;22.37;13.13;24.51;NA;25.25;9.63;NA;NA;ND;NA;NA;NA;
14;8;18.72;0;22.22;NA;8.2;11.07;NA;NA;ND;NA;NA;NA;
14;9;27.91;7.63;12.2;NA;6.07;8.35;NA;NA;ND;NA;NA;NA;
14;10;27.82;4.42;18.76;NA;18.98;3.01;NA;NA;ND;NA;NA;NA;
14;11;28.76;0.1;12.05;NA;19.4;6.3;NA;NA;ND;NA;NA;NA;
14;12;12.96;3.76;8.24;NA;29.33;8.94;NA;NA;ND;NA;NA;NA;
14;13;14.72;33.85;14.9;NA;11.06;17.23;NA;NA;ND;NA;NA;NA;
14;14;12.2;9.41;18.97;NA;37.85;20.36;NA;NA;ND;NA;NA;NA;
14;15;5.69;3.75;4.8;NA;6.86;5.91;NA;NA;ND;NA;NA;NA;
14;16;4.45;11.01;14.19;NA;0.41;10.34;NA;NA;ND;NA;NA;NA;
14;17;15.01;4.75;18.39;NA;11.4;20.62;NA;NA;ND;NA;NA;NA;
14;18;ND;27.85;15.6;NA;13.23;24.38;NA;NA;ND;NA;NA;NA;
14;19;21.47;26.18;21.48;NA;18.88;30.34;NA;NA;ND;NA;NA;NA;
14;20;26.69;40.18;22.48;NA;28.96;25.7;NA;NA;ND;NA;NA;NA;
14;21;34;27;21.68;NA;33.05;28.88;NA;NA;ND;NA;NA;NA;
14;22;38.06;31.71;25.15;NA;36.87;15.15;NA;NA;ND;NA;NA;NA;
14;23;39.21;33.9;18.66;NA;46.79;24.21;NA;NA;ND;NA;NA;NA;
15;0;11.95;40.42;18.31;NA;39.95;22.21;NA;NA;ND;NA;NA;NA;
15;1;30.45;32.52;18.36;NA;34.11;29.62;NA;NA;ND;NA;NA;NA;
15;2;23.81;42.61;27.85;NA;38.25;37.81;NA;NA;ND;NA;NA;NA;
15;3;13.33;45.16;26.2;NA;27;32.25;NA;NA;ND;NA;NA;NA;
15;4;19.37;32.12;24.01;NA;10.74;32.61;NA;NA;ND;NA;NA;NA;
15;5;21.71;39.76;25.13;NA;28.96;31.35;NA;NA;ND;NA;NA;NA;
15;6;54.4;60.97;15.96;NA;47.63;37.18;NA;NA;ND;NA;NA;NA;
15;7;62.63;11.97;32.71;NA;73.93;43.62;NA;NA;ND;NA;NA;NA;
15;8;55.32;0;45.33;NA;73.86;25.79;NA;NA;ND;NA;NA;NA;
15;9;37.71;3.49;16.25;NA;48.43;18.75;NA;NA;ND;NA;NA;NA;
15;10;22.02;3.03;11.08;NA;39.4;1.74;NA;NA;ND;NA;NA;NA;
15;11;27.42;8.61;16.7;NA;25.79;4.16;NA;NA;ND;NA;NA;NA;
15;12;13.69;0;10.33;NA;24.91;10.8;NA;NA;ND;NA;NA;NA;
15;13;16.63;6.14;15.29;NA;7.57;20.66;NA;NA;ND;NA;NA;NA;
15;14;13.88;8.21;15.78;NA;1.23;12.38;NA;NA;ND;NA;NA;NA;
15;15;11.97;4.75;13.15;NA;19.7;14.19;NA;NA;ND;NA;NA;NA;
15;16;22.13;14.91;14.5;NA;2.88;21.09;NA;NA;ND;NA;NA;NA;
15;17;17.34;22.96;16.52;NA;17.16;13.11;NA;NA;ND;NA;NA;NA;
15;18;14.94;22.9;17.77;NA;15.85;24.85;NA;NA;ND;NA;NA;NA;
15;19;22.05;18.7;16.25;NA;15;30.17;NA;NA;ND;NA;NA;NA;
15;20;28.98;20.29;17.8;NA;ND;35.24;NA;NA;ND;NA;NA;NA;
15;21;20.91;20.37;10.24;NA;30.59;36.87;NA;NA;ND;NA;NA;NA;
15;22;31.21;26.84;14.6;NA;38.71;35.01;NA;NA;ND;NA;NA;NA;
15;23;28.14;38.83;10.79;NA;39.98;38.55;NA;NA;ND;NA;NA;NA;
16;0;13.79;24.31;15.79;NA;41.01;36.62;NA;NA;ND;NA;NA;NA;
16;1;18.32;27.73;15.26;NA;31.12;27.21;NA;NA;ND;NA;NA;NA;
16;2;12.79;31.85;12.18;NA;32.71;18.89;NA;NA;ND;NA;NA;NA;
16;3;7.72;22.68;11.53;NA;33.95;11.28;NA;NA;ND;NA;NA;NA;
16;4;12.69;23.77;12.46;NA;26.02;24.96;NA;NA;ND;NA;NA;NA;
16;5;15.38;22.13;11.17;NA;31.19;21.63;NA;NA;ND;NA;NA;NA;
16;6;17.91;41.87;10.61;NA;27.55;23.64;NA;NA;ND;NA;NA;NA;
16;7;19.13;17.29;18.69;NA;40.96;29.98;NA;NA;ND;NA;NA;NA;
16;8;19.45;0;27.21;NA;37.56;27.9;NA;NA;ND;NA;NA;NA;
16;9;17.86;0.4;28.14;NA;27.54;26.03;NA;NA;ND;NA;NA;NA;
16;10;19.18;0.14;15.88;NA;31.72;24.04;NA;NA;ND;NA;NA;NA;
16;11;19.15;7.23;21.14;NA;12.76;9.96;NA;NA;ND;NA;NA;NA;
16;12;22.86;7.35;18.44;NA;13.01;18.82;NA;NA;ND;NA;NA;NA;
16;13;16.87;12.7;15.95;NA;9.49;14.62;NA;NA;ND;NA;NA;NA;
16;14;11.74;14.73;21.22;NA;17.51;21.04;NA;NA;ND;NA;NA;NA;
16;15;19.93;12.81;9.4;NA;16.56;15;NA;NA;ND;NA;NA;NA;
16;16;16.3;7.79;16.22;NA;6.88;15.05;NA;NA;ND;NA;NA;NA;
16;17;10.52;26.87;9.15;NA;12.06;15.97;NA;NA;ND;NA;NA;NA;
16;18;10.57;13.49;16.45;NA;9.75;27.57;NA;NA;ND;NA;NA;NA;
16;19;12.85;16.66;9.63;NA;15.92;14.8;NA;NA;ND;NA;NA;NA;
16;20;17.68;16.18;17.78;NA;26.48;17.91;NA;NA;ND;NA;NA;NA;
16;21;16.32;13.84;16.05;NA;20.55;22.23;NA;NA;ND;NA;NA;NA;
16;22;8.94;10.49;12.85;NA;28.7;21.48;NA;NA;ND;NA;NA;NA;
16;23;25.46;14.87;14.01;NA;14.37;17.34;NA;NA;ND;NA;NA;NA;
17;0;18.57;11.99;27.39;NA;22.15;21.06;NA;NA;ND;NA;NA;NA;
17;1;24.46;8.33;22.56;NA;19.62;21.46;NA;NA;ND;NA;NA;NA;
17;2;27.64;12.29;17.36;NA;12.33;12.76;NA;NA;ND;NA;NA;NA;
17;3;26.78;17.73;20.47;NA;18.43;16.35;NA;NA;ND;NA;NA;NA;
17;4;15.87;19.44;10.25;NA;13.07;18.1;NA;NA;ND;NA;NA;NA;
17;5;17.93;6.64;14.7;NA;3.78;19.17;NA;NA;ND;NA;NA;NA;
17;6;19.28;15.15;11.23;NA;5.04;21.38;NA;NA;ND;NA;NA;NA;
17;7;19.59;0.06;19.47;NA;31.84;9.34;NA;NA;ND;NA;NA;NA;
17;8;25.3;1.83;7.99;NA;24.72;3.61;NA;NA;ND;NA;NA;NA;
17;9;21.6;0.76;8.18;NA;12.74;0.29;NA;NA;ND;NA;NA;NA;
17;10;20.67;3.4;10.02;NA;37.21;11.98;NA;NA;ND;NA;NA;NA;
17;11;20.07;12.68;24.5;NA;40.92;12.62;NA;NA;ND;NA;NA;NA;
17;12;17.38;8.24;14.68;NA;ND;20.91;NA;NA;ND;NA;NA;NA;
17;13;17.18;17.28;10.32;NA;ND;14.4;NA;NA;ND;NA;NA;NA;
17;14;17.2;27.03;16.76;NA;ND;21.7;NA;NA;ND;NA;NA;NA;
17;15;9.6;22.79;17.49;NA;ND;20.13;NA;NA;ND;NA;NA;NA;
17;16;14.26;22.74;9.81;NA;ND;12.97;NA;NA;ND;NA;NA;NA;
17;17;5.65;8.3;8.93;NA;ND;6.76;NA;NA;ND;NA;NA;NA;
17;18;5.97;10.38;8.47;NA;ND;14.38;NA;NA;ND;NA;NA;NA;
17;19;7.68;9.61;11.74;NA;ND;3.2;NA;NA;ND;NA;NA;NA;
17;20;6.57;3.8;10.23;NA;ND;3.82;NA;NA;ND;NA;NA;NA;
17;21;4.63;6.84;4.37;NA;ND;10.2;NA;NA;ND;NA;NA;NA;
17;22;13.98;9.53;9.91;NA;ND;7.35;NA;NA;ND;NA;NA;NA;
17;23;4.48;13.89;0.75;NA;ND;9.49;NA;NA;ND;NA;NA;NA;
18;0;6.33;1.23;4.2;NA;ND;0.08;NA;NA;ND;NA;NA;NA;
18;1;9.11;2.27;2.84;NA;ND;5.71;NA;NA;ND;NA;NA;NA;
18;2;4.87;2.09;5.1;NA;ND;7.06;NA;NA;ND;NA;NA;NA;
18;3;5.96;2.94;3.9;NA;ND;7.6;NA;NA;ND;NA;NA;NA;
18;4;4.58;4.59;13.81;NA;ND;11.21;NA;NA;ND;NA;NA;NA;
18;5;14.65;10.78;3.37;NA;ND;10.28;NA;NA;ND;NA;NA;NA;
18;6;19.45;11.22;14.29;NA;ND;16.52;NA;NA;ND;NA;NA;NA;
18;7;26.85;12.91;29.29;NA;ND;31.14;NA;NA;ND;NA;NA;NA;
18;8;21.83;6.78;21.1;NA;ND;31.65;NA;NA;ND;NA;NA;NA;
18;9;26.2;7.87;40.79;NA;ND;40.4;NA;NA;ND;NA;NA;NA;
18;10;17.14;13.69;31.16;NA;ND;35.03;NA;NA;ND;NA;NA;NA;
18;11;23.92;9.52;40.71;NA;ND;29.79;NA;NA;ND;NA;NA;NA;
18;12;15.97;5.24;32.86;NA;ND;36.93;NA;NA;ND;NA;NA;NA;
18;13;2.29;1.52;7.15;NA;ND;6.48;NA;NA;ND;NA;NA;NA;
18;14;12.81;5.34;13.16;NA;ND;8.19;NA;NA;ND;NA;NA;NA;
18;15;11.21;11.1;16.25;NA;ND;11.81;NA;NA;ND;NA;NA;NA;
18;16;11.85;8.05;24.63;NA;ND;18.59;NA;NA;ND;NA;NA;NA;
18;17;12.91;20.17;13.42;NA;ND;24.29;NA;NA;ND;NA;NA;NA;
18;18;8.88;15.07;20.55;NA;ND;24.98;NA;NA;ND;NA;NA;NA;
18;19;14.48;16.8;21.37;NA;ND;14.3;NA;NA;ND;NA;NA;NA;
18;20;13.9;18.69;16.31;NA;ND;17.81;NA;NA;ND;NA;NA;NA;
18;21;16;16.91;10.05;NA;ND;10.78;NA;NA;ND;NA;NA;NA;
18;22;6.94;14.6;12.05;NA;ND;10.96;NA;NA;ND;NA;NA;NA;
18;23;4.7;18.07;14.28;NA;ND;8.49;NA;NA;ND;NA;NA;NA;
19;0;14.25;12.06;23.31;NA;ND;18.02;NA;NA;ND;NA;NA;NA;
19;1;12.52;7.22;12.58;NA;ND;14;NA;NA;ND;NA;NA;NA;
19;2;9.73;2.73;9.54;NA;ND;13.34;NA;NA;ND;NA;NA;NA;
19;3;6.89;5.48;6.2;NA;ND;8.82;NA;NA;ND;NA;NA;NA;
19;4;10.06;1.34;7.85;NA;ND;10.36;NA;NA;ND;NA;NA;NA;
19;5;12.8;8.58;9.24;NA;ND;8.05;NA;NA;ND;NA;NA;NA;
19;6;18.28;16.52;11.48;NA;ND;17.04;NA;NA;ND;NA;NA;NA;
19;7;32.85;19.17;22.69;NA;ND;24.02;NA;NA;ND;NA;NA;NA;
19;8;22.26;3.94;25.59;NA;ND;15.13;NA;NA;ND;NA;NA;NA;
19;9;13.4;0;20.42;NA;ND;20.58;NA;NA;ND;NA;NA;NA;
19;10;27.73;5.84;20.73;NA;ND;9.26;NA;NA;ND;NA;NA;NA;
19;11;8.09;6.14;13.08;NA;ND;19.62;NA;NA;ND;NA;NA;NA;
19;12;15.6;0.74;9.66;NA;ND;6.39;NA;NA;ND;NA;NA;NA;
19;13;7.54;9.33;2.75;NA;26.84;4.06;NA;NA;ND;NA;NA;NA;
19;14;9.28;1.95;12.9;NA;64.34;3.87;NA;NA;ND;NA;NA;NA;
19;15;9.33;10.16;7.04;NA;32.98;7.08;NA;NA;ND;NA;NA;NA;
19;16;7.01;12.43;17.8;NA;12.22;9.27;NA;NA;ND;NA;NA;NA;
19;17;13.52;19.28;18.52;NA;8.63;8.34;NA;NA;ND;NA;NA;NA;
19;18;13.33;20.27;11.14;NA;10.04;19.18;NA;NA;ND;NA;NA;NA;
19;19;11.34;13.24;18.33;NA;8.21;21.05;NA;NA;ND;NA;NA;NA;
19;20;12.21;13.21;13.88;NA;9.19;14.39;NA;NA;ND;NA;NA;NA;
19;21;8.71;12.16;10.08;NA;12.05;14.66;NA;NA;ND;NA;NA;NA;
19;22;10.65;15.25;9.65;NA;7.91;13;NA;NA;ND;NA;NA;NA;
19;23;8.48;10.76;8.05;NA;ND;10.99;NA;NA;ND;NA;NA;NA;
20;0;10.71;14.66;13.54;NA;4.04;6.25;NA;NA;ND;NA;NA;NA;
20;1;23.54;7.79;17.07;NA;13.74;11.06;NA;NA;ND;NA;NA;NA;
20;2;21.52;8.4;5.79;NA;25.07;16.91;NA;NA;ND;NA;NA;NA;
20;3;15.2;11.27;19.35;NA;19.53;14.78;NA;NA;ND;NA;NA;NA;
20;4;21.87;19.41;8.94;NA;11.1;19;NA;NA;ND;NA;NA;NA;
20;5;21.45;18.63;22.58;NA;20.99;21.75;NA;NA;ND;NA;NA;NA;
20;6;34.85;24.85;20.93;NA;40.26;26.9;NA;NA;ND;NA;NA;NA;
20;7;40.77;24.23;27.94;NA;43.68;32.11;NA;NA;ND;NA;NA;NA;
20;8;34.63;0.04;40.57;NA;36.26;29.99;NA;NA;ND;NA;NA;NA;
20;9;32.81;1.34;35.72;NA;22.94;29.19;NA;NA;ND;NA;NA;NA;
20;10;33.38;1.08;29.63;NA;36.18;25.63;NA;NA;ND;NA;NA;NA;
20;11;21.48;8.94;21.83;NA;44.45;ND;NA;NA;ND;NA;NA;NA;
20;12;21.91;12.01;18.77;NA;28.84;ND;NA;NA;ND;NA;NA;NA;
20;13;7.92;4.46;13.76;NA;0;28.04;NA;NA;ND;NA;NA;NA;
20;14;8.91;2.35;5.12;NA;13.91;ND;NA;NA;ND;NA;NA;NA;
20;15;7.99;13.33;19.88;NA;11.91;14.78;NA;NA;ND;NA;NA;NA;
20;16;8.89;11.9;20.09;NA;7.92;15.37;NA;NA;ND;NA;NA;NA;
20;17;5.44;9.26;19.76;NA;21.08;20.34;NA;NA;ND;NA;NA;NA;
20;18;11.9;14.76;11.59;NA;26.81;13.28;NA;NA;ND;NA;NA;NA;
20;19;12.74;13.6;16.27;NA;25.62;13.98;NA;NA;ND;NA;NA;NA;
20;20;12.18;14.44;14.25;NA;19.41;15.96;NA;NA;ND;NA;NA;NA;
20;21;17.1;16.07;13.13;NA;21.42;10.6;NA;NA;ND;NA;NA;NA;
20;22;9.57;7.69;10.15;NA;16.29;12.05;NA;NA;ND;NA;NA;NA;
20;23;13.35;10.7;11.64;NA;16.59;10.15;NA;NA;ND;NA;NA;NA;
21;0;22.2;13.13;12.33;NA;21.62;3.36;NA;NA;ND;NA;NA;NA;
21;1;11.01;10.84;9.84;NA;28.53;17.05;NA;NA;ND;NA;NA;NA;
21;2;16.94;14.16;12.32;NA;21.13;9.74;NA;NA;ND;NA;NA;NA;
21;3;21.88;12.63;9.31;NA;19.37;10.99;NA;NA;ND;NA;NA;NA;
21;4;9.4;20.99;6.34;NA;23.91;12.38;NA;NA;ND;NA;NA;NA;
21;5;10.92;24.97;9.51;NA;24.7;11.26;NA;NA;ND;NA;NA;NA;
21;6;21.37;53.09;9.69;NA;62.41;21.09;NA;NA;ND;NA;NA;NA;
21;7;33.37;33.57;34.52;NA;76;44.15;NA;NA;ND;NA;NA;NA;
21;8;33;3.37;50.64;NA;67.09;43.03;NA;NA;ND;NA;NA;NA;
21;9;26.42;1.02;26.22;NA;40.43;29.65;NA;NA;ND;NA;NA;NA;
21;10;25.14;1.44;20.26;NA;22.43;17.87;NA;NA;ND;NA;NA;NA;
21;11;16.63;3.86;24.59;NA;20.42;19.1;NA;NA;ND;NA;NA;NA;
21;12;6.79;12.47;17.56;NA;8.23;3.95;NA;NA;ND;NA;NA;NA;
21;13;7.7;ND;9.56;NA;4.8;4.87;NA;NA;ND;NA;NA;NA;
21;14;10.36;ND;20.97;NA;11.05;17.96;NA;NA;ND;NA;NA;NA;
21;15;15.12;5.17;11.82;NA;16.65;12.32;NA;NA;ND;NA;NA;NA;
21;16;ND;6.62;10.43;NA;12.29;6.95;NA;NA;ND;NA;NA;NA;
21;17;24.27;20.91;21.9;NA;10.81;13.42;NA;NA;ND;NA;NA;NA;
21;18;20.8;23.55;24.38;NA;19.42;24.76;NA;NA;ND;NA;NA;NA;
21;19;17.65;25.91;17.33;NA;23.78;25.14;NA;NA;ND;NA;NA;NA;
21;20;17.43;26.97;18.46;NA;23.21;16.21;NA;NA;ND;NA;NA;NA;
21;21;17.83;34.36;12.5;NA;ND;20.29;NA;NA;ND;NA;NA;NA;
21;22;18.15;43.79;14.54;NA;28.33;23.26;NA;NA;ND;NA;NA;NA;
21;23;16.85;41.51;13.38;NA;21.77;18.59;NA;NA;ND;NA;NA;NA;
22;0;12.56;60.85;27.1;NA;26.05;25.04;NA;NA;ND;NA;NA;NA;
22;1;11.45;18.46;18;NA;13.77;22.02;NA;NA;ND;NA;NA;NA;
22;2;30.21;11.99;17.31;NA;22.8;19.36;NA;NA;ND;NA;NA;NA;
22;3;31.24;15.46;18.2;NA;16.88;23.49;NA;NA;ND;NA;NA;NA;
22;4;35.68;18.01;15.59;NA;11.65;15.84;NA;NA;ND;NA;NA;NA;
22;5;31.23;20.49;18.22;NA;21.16;15.09;NA;NA;ND;NA;NA;NA;
22;6;38.23;23.87;24.13;NA;13.45;36.71;NA;NA;ND;NA;NA;NA;
22;7;49.2;19.15;34.8;NA;29.68;35.54;NA;NA;ND;NA;NA;NA;
22;8;44.17;9.19;36.7;NA;48.42;38.69;NA;NA;ND;NA;NA;NA;
22;9;40.8;7.63;41.94;NA;40.83;40.12;NA;NA;ND;NA;NA;NA;
22;10;43.94;7.87;43.41;NA;39.12;33.26;NA;NA;ND;NA;NA;NA;
22;11;21.75;0.52;36.56;NA;40.2;33.3;NA;NA;ND;NA;NA;NA;
22;12;18.22;7.29;34.87;NA;29.74;26.84;NA;NA;ND;NA;NA;NA;
22;13;17.93;12.81;22.92;NA;34.34;28.8;NA;NA;ND;NA;NA;NA;
22;14;16.51;30.38;18.34;NA;17.74;23.05;NA;NA;ND;NA;NA;NA;
22;15;16.38;8.95;17.42;NA;14.87;23.6;NA;NA;ND;NA;NA;NA;
22;16;12.15;18.81;24.05;NA;5.58;14.3;NA;NA;ND;NA;NA;NA;
22;17;19.49;2.24;21.98;NA;7.51;18.17;NA;NA;ND;NA;NA;NA;
22;18;12.89;15.93;22.63;NA;22.03;16.99;NA;NA;ND;NA;NA;NA;
22;19;18.04;18.07;14.89;NA;25.63;15.78;NA;NA;ND;NA;NA;NA;
22;20;16.25;9.33;20.63;NA;24.08;23.08;NA;NA;ND;NA;NA;NA;
22;21;12.69;16.41;10.94;NA;18.07;16.14;NA;NA;ND;NA;NA;NA;
22;22;17.8;5.07;13.94;NA;22.95;17.49;NA;NA;ND;NA;NA;NA;
22;23;22.07;5.5;11.15;NA;21.76;20.24;NA;NA;ND;NA;NA;NA;
23;0;21.79;7.32;12.81;NA;20.66;15.95;NA;NA;ND;NA;NA;NA;
23;1;15.06;12.17;18.96;NA;24.86;28.82;NA;NA;ND;NA;NA;NA;
23;2;17;9.59;12.87;NA;26.13;15.83;NA;NA;ND;NA;NA;NA;
23;3;16.59;11.28;12.34;NA;3.09;9.12;NA;NA;ND;NA;NA;NA;
23;4;19.08;14.1;15.68;NA;19.9;19.68;NA;NA;ND;NA;NA;NA;
23;5;20.01;10.61;8.98;NA;20.65;15.74;NA;NA;ND;NA;NA;NA;
23;6;27.64;11.11;20.48;NA;34.81;28.13;NA;NA;ND;NA;NA;NA;
23;7;21.57;6.54;26.4;NA;28.13;22.71;NA;NA;ND;NA;NA;NA;
23;8;25.87;18.18;42.25;NA;34.96;18.59;NA;NA;ND;NA;NA;NA;
23;9;30.48;12.58;27.57;NA;35.23;23;NA;NA;ND;NA;NA;NA;
23;10;34.76;14.92;24.51;NA;25.79;24.27;NA;NA;ND;NA;NA;NA;
23;11;19.82;14.93;31.37;NA;33.04;33.07;NA;NA;ND;NA;NA;NA;
23;12;15.01;9.25;18.05;NA;27.64;17.18;NA;NA;ND;NA;NA;NA;
23;13;6.95;6.48;10.05;NA;17.31;18.21;NA;NA;ND;NA;NA;NA;
23;14;18.14;9.71;18.9;NA;18.64;22.15;NA;NA;ND;NA;NA;NA;
23;15;17.15;20.75;20.7;NA;22.01;23.56;NA;NA;ND;NA;NA;NA;
23;16;16.67;11.59;17.65;NA;1.16;22.04;NA;NA;ND;NA;NA;NA;
23;17;14.78;27.74;17.65;NA;21.07;22.04;NA;NA;ND;NA;NA;NA;
23;18;12.87;17.26;21.98;NA;8.33;17.76;NA;NA;ND;NA;NA;NA;
23;19;16.44;17.3;20.64;NA;13.67;26.87;NA;NA;ND;NA;NA;NA;
23;20;17.69;18.84;17.84;NA;23.26;20.25;NA;NA;ND;NA;NA;NA;
23;21;18.2;36.14;13.47;NA;12.87;19.08;NA;NA;ND;NA;NA;NA;
23;22;11.47;6.21;12.8;NA;19.97;16.34;NA;NA;ND;NA;NA;NA;
23;23;10.69;7.83;13.3;NA;8.9;10.94;NA;NA;ND;NA;NA;NA;
24;0;8.86;31.16;11.1;NA;17.5;14.94;NA;NA;ND;NA;NA;NA;
24;1;14.92;0.05;7.56;NA;15.93;23.17;NA;NA;ND;NA;NA;NA;
24;2;12.95;0.92;9.7;NA;23;15.55;NA;NA;ND;NA;NA;NA;
24;3;12.14;1.32;3.71;NA;1.02;2.13;NA;NA;ND;NA;NA;NA;
24;4;9.32;0.84;4.61;NA;9.68;8.7;NA;NA;ND;NA;NA;NA;
24;5;9.68;0.61;3.11;NA;4.24;4.08;NA;NA;ND;NA;NA;NA;
24;6;3.83;1.58;4.56;NA;6.88;2.79;NA;NA;ND;NA;NA;NA;
24;7;3.61;9.94;9.43;NA;13.38;9.81;NA;NA;ND;NA;NA;NA;
24;8;6.9;0.32;4.12;NA;13.06;1.37;NA;NA;ND;NA;NA;NA;
24;9;7.5;5.73;7.13;NA;14.48;2.78;NA;NA;ND;NA;NA;NA;
24;10;11.31;0.15;13.4;NA;17.15;17.29;NA;NA;ND;NA;NA;NA;
24;11;16.77;4.28;19.86;NA;16.34;12.04;NA;NA;ND;NA;NA;NA;
24;12;8.06;12.02;21.49;NA;11.36;20.68;NA;NA;ND;NA;NA;NA;
24;13;11;18.56;10.72;NA;15.81;7.28;NA;NA;ND;NA;NA;NA;
24;14;2.37;0.81;3.17;NA;6.69;15.27;NA;NA;ND;NA;NA;NA;
24;15;12.96;9.1;12.91;NA;11.09;0;NA;NA;ND;NA;NA;NA;
24;16;5.28;2.47;24.7;NA;17.61;21.98;NA;NA;ND;NA;NA;NA;
24;17;8.17;13.77;11.68;NA;3.62;14.39;NA;NA;ND;NA;NA;NA;
24;18;11.6;15.09;11.96;NA;7.31;9.21;NA;NA;ND;NA;NA;NA;
24;19;1.39;7.03;7.65;NA;2.8;9.72;NA;NA;ND;NA;NA;NA;
24;20;12.51;11.56;13.28;NA;4.3;12.06;NA;NA;ND;NA;NA;NA;
24;21;5.67;10.69;7.3;NA;11.01;7.79;NA;NA;ND;NA;NA;NA;
24;22;4.88;4.43;7.98;NA;7.56;8.93;NA;NA;ND;NA;NA;NA;
24;23;3.85;3.55;9.89;NA;9.88;12.77;NA;NA;ND;NA;NA;NA;
25;0;3.49;4.44;0;NA;11.22;7.99;NA;NA;ND;NA;NA;NA;
25;1;8.93;0.78;4.9;NA;9.94;4.8;NA;NA;ND;NA;NA;NA;
25;2;2.46;2.25;6.92;NA;12.69;12.34;NA;NA;ND;NA;NA;NA;
25;3;6.72;5.57;6.75;NA;10.41;4.27;NA;NA;ND;NA;NA;NA;
25;4;7.28;2.87;6.22;NA;15.99;11.56;NA;NA;ND;NA;NA;NA;
25;5;11.17;9.63;8.17;NA;21.99;9.19;NA;NA;ND;NA;NA;NA;
25;6;23.6;16.3;19.13;NA;26.48;19.47;NA;NA;ND;NA;NA;NA;
25;7;23.91;20.78;31.52;NA;35.67;29.22;NA;NA;ND;NA;NA;NA;
25;8;21.11;10.68;26.13;NA;19.92;15.05;NA;NA;ND;NA;NA;NA;
25;9;28.56;19.48;43.08;NA;19.76;29.07;NA;NA;ND;NA;NA;NA;
25;10;ND;8.7;20.6;NA;21.86;22.72;NA;NA;ND;NA;NA;NA;
25;11;ND;0.33;47.46;NA;24.7;21.02;NA;NA;ND;NA;NA;NA;
25;12;37.91;10.89;ND;NA;25.06;11.52;NA;NA;ND;NA;NA;NA;
25;13;11.67;6.71;ND;NA;16.16;16.42;NA;NA;ND;NA;NA;NA;
25;14;8.95;23.67;ND;NA;9.69;25.28;NA;NA;ND;NA;NA;NA;
25;15;5.99;12.53;ND;NA;19.74;16.5;NA;NA;ND;NA;NA;NA;
25;16;14.16;4.68;ND;NA;7.89;25.09;NA;NA;ND;NA;NA;NA;
25;17;16.6;7.22;23.06;NA;11.35;10.52;NA;NA;ND;NA;NA;NA;
25;18;10.31;11.45;15.77;NA;8.69;11.36;NA;NA;ND;NA;NA;NA;
25;19;11.61;13.72;20.95;NA;21.31;11.44;NA;NA;ND;NA;NA;NA;
25;20;15.89;14.74;17.18;NA;12.01;21.67;NA;NA;ND;NA;NA;NA;
25;21;13.28;10.05;23.8;NA;23.16;21.97;NA;NA;ND;NA;NA;NA;
25;22;10.68;8.85;17.12;NA;23.37;18.41;NA;NA;ND;NA;NA;NA;
25;23;10.66;6.06;10.89;NA;25.38;12.55;NA;NA;ND;NA;NA;NA;
26;0;7.75;5.43;12.41;NA;14.39;19.6;NA;NA;ND;NA;NA;NA;
26;1;11.76;3.61;14.97;NA;19.05;21.65;NA;NA;ND;NA;NA;NA;
26;2;13.78;2.63;18.96;NA;25.56;18.31;NA;NA;ND;NA;NA;NA;
26;3;5.42;3.68;14.72;NA;11.09;21.14;NA;NA;ND;NA;NA;NA;
26;4;12.64;12.13;9.72;NA;14.85;20.31;NA;NA;ND;NA;NA;NA;
26;5;11.64;12.82;6.4;NA;25.55;14.66;NA;NA;ND;NA;NA;NA;
26;6;35.84;16.49;12.79;NA;24.61;17.01;NA;NA;ND;NA;NA;NA;
26;7;45.16;6.1;24.38;NA;32.6;22.42;NA;NA;ND;NA;NA;NA;
26;8;23.48;3.64;33.57;NA;29.93;23.19;NA;NA;ND;NA;NA;NA;
26;9;18.98;5.22;32.39;NA;20.16;15.44;NA;NA;ND;NA;NA;NA;
26;10;26.8;1.87;14.81;NA;22.75;10.77;NA;NA;ND;NA;NA;NA;
26;11;17.59;9.77;22.18;NA;20.25;25.59;NA;NA;ND;NA;NA;NA;
26;12;11.27;11.97;15.87;NA;20.2;22.26;NA;NA;ND;NA;NA;NA;
26;13;9.59;2.86;15.11;NA;4.76;5.98;NA;NA;ND;NA;NA;NA;
26;14;12.95;12.75;23.08;NA;11.09;18.11;NA;NA;ND;NA;NA;NA;
26;15;13.18;25.42;17.81;NA;8.38;18.69;NA;NA;ND;NA;NA;NA;
26;16;9.27;6.77;21.56;NA;22.2;13.76;NA;NA;ND;NA;NA;NA;
26;17;8.79;10.2;19.93;NA;10.22;11.72;NA;NA;ND;NA;NA;NA;
26;18;15.29;15.59;17.64;NA;12.3;17.38;NA;NA;ND;NA;NA;NA;
26;19;20.18;18.49;18.45;NA;14.16;12.03;NA;NA;ND;NA;NA;NA;
26;20;14.37;10.55;15.65;NA;10.71;17.48;NA;NA;ND;NA;NA;NA;
26;21;17.07;11.17;9.31;NA;21.24;13.87;NA;NA;ND;NA;NA;NA;
26;22;9.99;13.76;11.87;NA;7.77;13.65;NA;NA;ND;NA;NA;NA;
26;23;12.58;11.75;12.06;NA;20.47;6.32;NA;NA;ND;NA;NA;NA;
27;0;4.79;10.71;8.04;NA;11.4;17.08;NA;NA;ND;NA;NA;NA;
27;1;19.13;11.58;7.13;NA;22.39;14.04;NA;NA;ND;NA;NA;NA;
27;2;14.45;9.26;9.91;NA;15.15;18.55;NA;NA;ND;NA;NA;NA;
27;3;16.22;10.28;10.88;NA;17.82;14.8;NA;NA;ND;NA;NA;NA;
27;4;15.32;18.04;18.02;NA;14.71;12.94;NA;NA;ND;NA;NA;NA;
27;5;20.53;14.45;15.88;NA;14.49;14.57;NA;NA;ND;NA;NA;NA;
27;6;44.02;23.69;22.09;NA;35.16;16.98;NA;NA;ND;NA;NA;NA;
27;7;58.96;28.11;25.61;NA;40.02;36.44;NA;NA;ND;NA;NA;NA;
27;8;39.95;0.95;21.04;NA;41.07;18.87;NA;NA;ND;NA;NA;NA;
27;9;37.24;3.09;24.1;NA;43.42;22.7;NA;NA;ND;NA;NA;NA;
27;10;21.58;0.86;18.01;NA;34.73;20.24;NA;NA;ND;NA;NA;NA;
27;11;27.94;4.47;26.44;NA;23.68;19.62;NA;NA;ND;NA;NA;NA;
27;12;19.44;9.13;21.33;NA;23.98;31.63;NA;NA;ND;NA;NA;NA;
27;13;13.4;5.22;12.65;NA;10.23;16.6;NA;NA;ND;NA;NA;NA;
27;14;14.78;8.56;13.29;NA;14.19;11.36;NA;NA;ND;NA;NA;NA;
27;15;7.71;16.22;11.7;NA;13.32;8.08;NA;NA;ND;NA;NA;NA;
27;16;13.84;14.94;18.72;NA;10;17.16;NA;NA;ND;NA;NA;NA;
27;17;11.98;17.01;20.3;NA;5.4;22.79;NA;NA;ND;NA;NA;NA;
27;18;13.78;15.06;21.49;NA;13.02;20.58;NA;NA;ND;NA;NA;NA;
27;19;12.76;13.03;22.18;NA;26.51;22.24;NA;NA;ND;NA;NA;NA;
27;20;20.17;23.75;18.34;NA;19.49;27.06;NA;NA;ND;NA;NA;NA;
27;21;18.13;15.34;18.48;NA;26.81;19.81;NA;NA;ND;NA;NA;NA;
27;22;20.25;25.32;15.04;NA;17.83;17.13;NA;NA;ND;NA;NA;NA;
27;23;18.74;16.7;14.38;NA;14.28;11.56;NA;NA;ND;NA;NA;NA;
28;0;22.18;19.42;20.21;NA;27.94;15.38;NA;NA;ND;NA;NA;NA;
28;1;25.9;25.27;21.38;NA;21.39;24.88;NA;NA;ND;NA;NA;NA;
28;2;14.89;15.97;21.44;NA;27.53;23.47;NA;NA;ND;NA;NA;NA;
28;3;16.66;15.76;18.02;NA;21.81;17.08;NA;NA;ND;NA;NA;NA;
28;4;24.15;15.56;18.18;NA;35.92;21.07;NA;NA;ND;NA;NA;NA;
28;5;19.91;27.26;16.61;NA;35.94;20.51;NA;NA;ND;NA;NA;NA;
28;6;27.19;45.91;28.97;NA;80.48;37.4;NA;NA;ND;NA;NA;NA;
28;7;26.41;27.56;43.94;NA;81.93;55.28;NA;NA;ND;NA;NA;NA;
28;8;37.8;11.01;41.15;NA;61.15;46.24;NA;NA;ND;NA;NA;NA;
28;9;47.94;3.32;37.39;NA;24.52;24.48;NA;NA;ND;NA;NA;NA;
28;10;33.58;0.56;23.43;NA;22.27;17.94;NA;NA;ND;NA;NA;NA;
28;11;18.41;0.94;22.55;NA;21.08;23.58;NA;NA;ND;NA;NA;NA;
28;12;23.43;6.18;15.43;NA;20.17;16.13;NA;NA;ND;NA;NA;NA;
28;13;19.38;16.71;17.38;NA;23.5;28.37;NA;NA;ND;NA;NA;NA;
28;14;16.06;18.26;18.27;NA;17.96;21.93;NA;NA;ND;NA;NA;NA;
28;15;14.19;18.89;18.07;NA;21.17;13.37;NA;NA;ND;NA;NA;NA;
28;16;19.67;4.29;15.3;NA;9.97;20.41;NA;NA;ND;NA;NA;NA;
28;17;12.1;14.95;21.85;NA;10.12;27.54;NA;NA;ND;NA;NA;NA;
28;18;13.99;13.66;21.79;NA;18.65;17.72;NA;NA;ND;NA;NA;NA;
28;19;17.97;10.74;12.54;NA;34.22;16.28;NA;NA;ND;NA;NA;NA;
28;20;17.78;18.83;16.13;NA;23.16;13.74;NA;NA;ND;NA;NA;NA;
28;21;18.64;12.84;13.76;NA;30.14;16.62;NA;NA;ND;NA;NA;NA;
28;22;15.47;15.22;9.38;NA;26.94;13.42;NA;NA;ND;NA;NA;NA;
28;23;8.11;18.09;11;NA;21.46;18.79;NA;NA;ND;NA;NA;NA;
29;0;18.31;10.6;1.53;NA;19.55;13.46;NA;NA;ND;NA;NA;NA;
29;1;15.65;9.66;12.92;NA;23.32;10.61;NA;NA;ND;NA;NA;NA;
29;2;19.41;13.43;8.68;NA;11.97;12.1;NA;NA;ND;NA;NA;NA;
29;3;18.97;13.13;9.48;NA;19.47;15.93;NA;NA;ND;NA;NA;NA;
29;4;17.18;12.77;17.65;NA;18.26;16.6;NA;NA;ND;NA;NA;NA;
29;5;15.77;8.99;17.02;NA;20.73;21.02;NA;NA;ND;NA;NA;NA;
29;6;23.29;22.38;30.13;NA;38.55;26.01;NA;NA;ND;NA;NA;NA;
29;7;28.2;19.75;30.23;NA;51.38;34.86;NA;NA;ND;NA;NA;NA;
29;8;33.63;9.59;25.58;NA;40.73;18.04;NA;NA;ND;NA;NA;NA;
29;9;25.99;3.58;24.3;NA;34.62;37.02;NA;NA;ND;NA;NA;NA;
29;10;34.84;4.95;30.6;NA;32.18;31.07;NA;NA;ND;NA;NA;NA;
29;11;28.47;9.06;25.85;NA;25.92;18.16;NA;NA;ND;NA;NA;NA;
29;12;7.16;13.37;19.47;NA;26.65;28.8;NA;NA;ND;NA;NA;NA;
29;13;9.85;0.2;18.89;NA;9.66;15.07;NA;NA;ND;NA;NA;NA;
29;14;11.2;6;17.86;NA;6.7;10.16;NA;NA;ND;NA;NA;NA;
29;15;10.11;21.79;20.09;NA;17.61;10.21;NA;NA;ND;NA;NA;NA;
29;16;22.13;27.82;31.78;NA;22.01;33.72;NA;NA;ND;NA;NA;NA;
29;17;26.09;21.31;23.42;NA;42.64;22.18;NA;NA;ND;NA;NA;NA;
29;18;19.37;20.15;20.69;NA;20.56;24.92;NA;NA;ND;NA;NA;NA;
29;19;20.81;22.67;21.64;NA;29.54;29.62;NA;NA;ND;NA;NA;NA;
29;20;38.15;25.03;21.46;NA;23.53;33.92;NA;NA;ND;NA;NA;NA;
29;21;26.91;21.33;21.48;NA;24.16;22.67;NA;NA;ND;NA;NA;NA;
29;22;30.81;19.19;16.26;NA;28.31;17.64;NA;NA;ND;NA;NA;NA;
29;23;29.79;16.85;20.96;NA;21.88;20.63;NA;NA;ND;NA;NA;NA;
30;0;43.69;23.61;19.15;NA;28.98;32.7;NA;NA;ND;NA;NA;NA;
30;1;34.31;28.61;23.65;NA;37.17;34.1;NA;NA;ND;NA;NA;NA;
30;2;25.88;9.77;32.5;NA;34.44;32.99;NA;NA;ND;NA;NA;NA;
30;3;23.64;13.86;24.2;NA;38.31;31.89;NA;NA;ND;NA;NA;NA;
30;4;25.48;20.2;27.97;NA;35.4;22.15;NA;NA;ND;NA;NA;NA;
30;5;26.99;21.03;14.89;NA;29.63;9.16;NA;NA;ND;NA;NA;NA;
30;6;28.76;31.79;19.21;NA;38.5;29.16;NA;NA;ND;NA;NA;NA;
30;7;33.98;26.17;32.17;NA;70.98;29.48;NA;NA;ND;NA;NA;NA;
30;8;48.55;6.57;35.94;NA;51.7;44.23;NA;NA;ND;NA;NA;NA;
30;9;27.07;16.27;29.35;NA;35.2;22.32;NA;NA;ND;NA;NA;NA;
30;10;24.39;16.06;27.98;NA;24.75;23.38;NA;NA;ND;NA;NA;NA;
30;11;27.33;6.68;33.33;NA;29.26;35.42;NA;NA;ND;NA;NA;NA;
30;12;19.97;11.7;19.3;NA;31.92;26.91;NA;NA;ND;NA;NA;NA;
30;13;14.01;17.64;18.45;NA;2.75;19.42;NA;NA;ND;NA;NA;NA;
30;14;15.43;11.6;21.58;NA;7.06;18.67;NA;NA;ND;NA;NA;NA;
30;15;18.96;19.29;14.1;NA;10.32;6;NA;NA;ND;NA;NA;NA;
30;16;7.86;5.1;14.84;NA;18.35;6.08;NA;NA;ND;NA;NA;NA;
30;17;10.76;10.69;17.13;NA;5.47;21.49;NA;NA;ND;NA;NA;NA;
30;18;19.55;15.24;14.91;NA;11.3;28.37;NA;NA;ND;NA;NA;NA;
30;19;10;14.89;14.87;NA;26.78;21.66;NA;NA;ND;NA;NA;NA;
30;20;15.67;13.37;12.07;NA;27.04;14.49;NA;NA;ND;NA;NA;NA;
30;21;23.88;21.05;14;NA;22.23;16.38;NA;NA;ND;NA;NA;NA;
30;22;13.84;58.94;14.23;NA;34.2;18.26;NA;NA;ND;NA;NA;NA;
30;23;ND;19.12;20.92;NA;30.03;21.45;NA;NA;ND;NA;NA;NA;
