DIA;HORA;Cotocollao;Carapungo;Belisario;Jipijapa;El Camal;Centro;Guamaní;Tumbaco;Los Chillos;El Condado;Turubamba;Chillogallo;
1;0;21.67;19.33;18.49;NA;28.33;22.68;NA;NA;ND;NA;NA;NA;
1;1;13.55;11.03;17.11;NA;18.44;19.09;NA;NA;ND;NA;NA;NA;
1;2;11.25;3.25;15.19;NA;24.58;19.46;NA;NA;ND;NA;NA;NA;
1;3;10.37;10.53;16.66;NA;7.97;13.8;NA;NA;ND;NA;NA;NA;
1;4;4.08;6.26;12.87;NA;15.8;17.23;NA;NA;ND;NA;NA;NA;
1;5;16.4;10.04;9.82;NA;5.81;12.38;NA;NA;ND;NA;NA;NA;
1;6;10.77;15.95;7.54;NA;17.91;4.82;NA;NA;ND;NA;NA;NA;
1;7;9.87;12.31;4.96;NA;19.16;15.87;NA;NA;ND;NA;NA;NA;
1;8;18.73;20.13;7.79;NA;12.64;2.67;NA;NA;ND;NA;NA;NA;
1;9;18.51;7.37;19.31;NA;9.7;3.03;NA;NA;ND;NA;NA;NA;
1;10;19.25;7.06;14.51;NA;7.99;8.71;NA;NA;ND;NA;NA;NA;
1;11;22.13;13.44;13.37;NA;20.39;8.93;NA;NA;ND;NA;NA;NA;
1;12;17.44;20.7;11.83;NA;8.25;12.97;NA;NA;ND;NA;NA;NA;
1;13;19.64;16.43;9.97;NA;4.63;21.38;NA;NA;ND;NA;NA;NA;
1;14;7.68;13.44;28.41;NA;19.95;31.33;NA;NA;ND;NA;NA;NA;
1;15;7.84;19.8;15.45;NA;21.28;18.58;NA;NA;ND;NA;NA;NA;
1;16;10.4;21.67;10.79;NA;5.45;6.59;NA;NA;ND;NA;NA;NA;
1;17;4.36;10.21;0.52;NA;11.34;14;NA;NA;ND;NA;NA;NA;
1;18;11.48;24.3;14.43;NA;18.89;15.66;NA;NA;ND;NA;NA;NA;
1;19;3.85;1.58;16.98;NA;47.3;18.38;NA;NA;ND;NA;NA;NA;
1;20;2.99;8.35;13.32;NA;23.01;17.74;NA;NA;ND;NA;NA;NA;
1;21;6.82;4.28;16.03;NA;19.59;16.8;NA;NA;ND;NA;NA;NA;
1;22;6.32;4.85;10.68;NA;18.41;14.57;NA;NA;ND;NA;NA;NA;
1;23;0;1.63;8.77;NA;ND;6.83;NA;NA;ND;NA;NA;NA;
2;0;3.23;2.81;0.11;NA;0.62;10.18;NA;NA;ND;NA;NA;NA;
2;1;0.79;5.35;7.94;NA;3.88;9.49;NA;NA;ND;NA;NA;NA;
2;2;4.28;7.07;3.47;NA;5.56;3.89;NA;NA;ND;NA;NA;NA;
2;3;1.78;2.75;2.6;NA;6.28;2.8;NA;NA;ND;NA;NA;NA;
2;4;6.41;4.21;5.37;NA;10.5;4.99;NA;NA;ND;NA;NA;NA;
2;5;4.68;7.8;6.92;NA;8.49;7.9;NA;NA;ND;NA;NA;NA;
2;6;14.17;23.68;7.97;NA;24.46;14.39;NA;NA;ND;NA;NA;NA;
2;7;19.21;27.11;19.47;NA;50.25;21.63;NA;NA;ND;NA;NA;NA;
2;8;7.47;12.41;9.81;NA;28.08;6.48;NA;NA;ND;NA;NA;NA;
2;9;16.19;15.34;8.98;NA;17.8;4.6;NA;NA;ND;NA;NA;NA;
2;10;22.75;9.53;22.37;NA;16.08;14.41;NA;NA;ND;NA;NA;NA;
2;11;23.64;6.06;8.76;NA;20.95;9.26;NA;NA;ND;NA;NA;NA;
2;12;18.37;6.1;16.2;NA;14.38;13.98;NA;NA;ND;NA;NA;NA;
2;13;19.48;9.35;20.05;NA;12.57;17.08;NA;NA;ND;NA;NA;NA;
2;14;17.74;25.35;16.34;NA;12.85;14.61;NA;NA;ND;NA;NA;NA;
2;15;3.94;6.92;15.21;NA;8.07;10.19;NA;NA;ND;NA;NA;NA;
2;16;6.77;19.39;16.59;NA;15.34;25.02;NA;NA;ND;NA;NA;NA;
2;17;6.18;28.99;14.2;NA;10.25;15.34;NA;NA;ND;NA;NA;NA;
2;18;9.92;20.11;20.08;NA;22.29;16.09;NA;NA;ND;NA;NA;NA;
2;19;9.27;24.69;22.02;NA;24.37;16.77;NA;NA;ND;NA;NA;NA;
2;20;11.28;22.08;14.59;NA;21.55;23.06;NA;NA;ND;NA;NA;NA;
2;21;9.97;19.44;24.12;NA;26.76;30.47;NA;NA;ND;NA;NA;NA;
2;22;12.01;20.76;28.72;NA;11.92;26.6;NA;NA;ND;NA;NA;NA;
2;23;6.09;22.2;14.65;NA;ND;28.75;NA;NA;ND;NA;NA;NA;
3;0;10.59;13.2;19.63;NA;16.3;7.66;NA;NA;ND;NA;NA;NA;
3;1;16.66;18.99;19.47;NA;32.61;16.81;NA;NA;ND;NA;NA;NA;
3;2;17.67;16.56;15.29;NA;23.18;29.64;NA;NA;ND;NA;NA;NA;
3;3;21.29;20.95;15.7;NA;12.32;27.41;NA;NA;ND;NA;NA;NA;
3;4;10.49;13.52;15.87;NA;15.85;27.68;NA;NA;ND;NA;NA;NA;
3;5;17.69;33.96;14.79;NA;39.48;22.82;NA;NA;ND;NA;NA;NA;
3;6;29.59;44.97;27.33;NA;38.75;30.43;NA;NA;ND;NA;NA;NA;
3;7;32.34;40.48;46.22;NA;49.43;42.74;NA;NA;ND;NA;NA;NA;
3;8;38.49;36.92;59.44;NA;60.49;62.5;NA;NA;ND;NA;NA;NA;
3;9;22.93;28.41;48.04;NA;69.52;63.35;NA;NA;ND;NA;NA;NA;
3;10;21.52;35.19;41.31;NA;23.08;19.06;NA;NA;ND;NA;NA;NA;
3;11;39.35;29.27;20.6;NA;13.67;16.61;NA;NA;ND;NA;NA;NA;
3;12;28.36;13.33;23.64;NA;31.86;23.87;NA;NA;ND;NA;NA;NA;
3;13;23.11;14.47;21.32;NA;12.81;14.13;NA;NA;ND;NA;NA;NA;
3;14;33.88;32.38;28.52;NA;34.1;29.11;NA;NA;ND;NA;NA;NA;
3;15;8.01;29.63;19.54;NA;12.71;22.87;NA;NA;ND;NA;NA;NA;
3;16;7.75;11.54;19.53;NA;29.33;30.5;NA;NA;ND;NA;NA;NA;
3;17;18.33;39.08;24.87;NA;35.35;31.31;NA;NA;ND;NA;NA;NA;
3;18;18.67;25.41;24.38;NA;46.3;32.58;NA;NA;ND;NA;NA;NA;
3;19;25.63;36.17;10.01;NA;46.74;20.17;NA;NA;ND;NA;NA;NA;
3;20;22.21;32.21;20.27;NA;50.65;27.1;NA;NA;ND;NA;NA;NA;
3;21;18.96;20.35;9.57;NA;40.74;38.39;NA;NA;ND;NA;NA;NA;
3;22;16.59;38.98;26.14;NA;31.74;30.51;NA;NA;ND;NA;NA;NA;
3;23;23.54;39.21;23.15;NA;ND;31.46;NA;NA;ND;NA;NA;NA;
4;0;21.82;18.8;13.73;NA;58.43;25.05;NA;NA;ND;NA;NA;NA;
4;1;27.17;32.81;21.12;NA;40.38;25.59;NA;NA;ND;NA;NA;NA;
4;2;6.56;29.3;11.97;NA;37.58;23.13;NA;NA;ND;NA;NA;NA;
4;3;13.98;25.51;15.56;NA;38.86;21.76;NA;NA;ND;NA;NA;NA;
4;4;17.72;28.64;9.21;NA;31.57;19.67;NA;NA;ND;NA;NA;NA;
4;5;15.62;29.76;12.71;NA;27.68;17.82;NA;NA;ND;NA;NA;NA;
4;6;15.78;31.43;21.31;NA;31.14;36.75;NA;NA;ND;NA;NA;NA;
4;7;16.92;41.7;26.4;NA;63.67;37.29;NA;NA;ND;NA;NA;NA;
4;8;29.83;31.51;34.04;NA;58.58;33.29;NA;NA;ND;NA;NA;NA;
4;9;33.57;26.33;32.02;NA;51.11;23.21;NA;NA;ND;NA;NA;NA;
4;10;25.2;15.46;25.38;NA;36.28;28.79;NA;NA;ND;NA;NA;NA;
4;11;21.88;15.87;40.43;NA;23.14;35.74;NA;NA;ND;NA;NA;NA;
4;12;20.51;12.89;24.14;NA;27.85;28.55;NA;NA;ND;NA;NA;NA;
4;13;21.82;26.43;26.08;NA;14.85;28.69;NA;NA;ND;NA;NA;NA;
4;14;7.68;50.15;17.79;NA;26.67;29.97;NA;NA;ND;NA;NA;NA;
4;15;0.38;11.19;14.8;NA;12.51;17.72;NA;NA;ND;NA;NA;NA;
4;16;15.25;21.52;8.63;NA;16.02;16.36;NA;NA;ND;NA;NA;NA;
4;17;11.84;16.55;11.44;NA;34.93;25.48;NA;NA;ND;NA;NA;NA;
4;18;15.44;21.15;27.44;NA;32.02;34.21;NA;NA;ND;NA;NA;NA;
4;19;19.01;19.93;22.72;NA;30.02;22.72;NA;NA;ND;NA;NA;NA;
4;20;14.69;28.31;23.16;NA;23.69;25.41;NA;NA;ND;NA;NA;NA;
4;21;8.44;18.61;22.59;NA;27.06;22.6;NA;NA;ND;NA;NA;NA;
4;22;18.23;13.77;20.66;NA;21.23;22.99;NA;NA;ND;NA;NA;NA;
4;23;18.18;19.59;20.47;NA;ND;21.08;NA;NA;ND;NA;NA;NA;
5;0;15.41;20.97;21.78;NA;23;17.19;NA;NA;ND;NA;NA;NA;
5;1;9.83;10.98;27.88;NA;19.17;20.05;NA;NA;ND;NA;NA;NA;
5;2;15.86;11.4;12.93;NA;18.52;22.01;NA;NA;ND;NA;NA;NA;
5;3;14.67;19.68;12.54;NA;16.44;10.46;NA;NA;ND;NA;NA;NA;
5;4;14.27;18.81;11.47;NA;17.76;13.23;NA;NA;ND;NA;NA;NA;
5;5;16.15;19.85;11.29;NA;8.54;13.44;NA;NA;ND;NA;NA;NA;
5;6;19.22;19.72;11.97;NA;29.4;19.38;NA;NA;ND;NA;NA;NA;
5;7;15.46;26.39;19.1;NA;22.23;16.83;NA;NA;ND;NA;NA;NA;
5;8;22.29;10.2;25.63;NA;24.11;21.17;NA;NA;ND;NA;NA;NA;
5;9;14.42;14.78;17.16;NA;18.22;14.39;NA;NA;ND;NA;NA;NA;
5;10;30.89;22.2;19.46;NA;39.75;20.88;NA;NA;ND;NA;NA;NA;
5;11;16.59;10.69;23.31;NA;19.21;16.2;NA;NA;ND;NA;NA;NA;
5;12;17.47;14.93;24;NA;29.32;33.54;NA;NA;ND;NA;NA;NA;
5;13;13.06;11.45;20.18;NA;16.79;23.83;NA;NA;ND;NA;NA;NA;
5;14;24.78;11.64;30.28;NA;28.38;29.91;NA;NA;ND;NA;NA;NA;
5;15;4.84;16.08;17.87;NA;14.79;19.25;NA;NA;ND;NA;NA;NA;
5;16;19.07;31.81;4.35;NA;1.72;13.3;NA;NA;ND;NA;NA;NA;
5;17;0.75;9.68;5.75;NA;10.79;13.66;NA;NA;ND;NA;NA;NA;
5;18;4.59;9.52;14.54;NA;13.22;22.39;NA;NA;ND;NA;NA;NA;
5;19;9.77;ND;12.77;NA;25.18;19.54;NA;NA;ND;NA;NA;NA;
5;20;9.94;ND;17.97;NA;18.14;20.5;NA;NA;ND;NA;NA;NA;
5;21;23.27;ND;14.93;NA;18.99;16.78;NA;NA;ND;NA;NA;NA;
5;22;10.85;5.99;13.31;NA;21.31;19.25;NA;NA;ND;NA;NA;NA;
5;23;15.15;6.65;19.89;NA;ND;16.36;NA;NA;ND;NA;NA;NA;
6;0;11.15;2.73;17.06;NA;29.16;19.55;NA;NA;ND;NA;NA;NA;
6;1;13.73;7.12;11.77;NA;21.3;17.45;NA;NA;ND;NA;NA;NA;
6;2;11.06;16.52;8.66;NA;18.94;15.74;NA;NA;ND;NA;NA;NA;
6;3;11.37;2.51;7.47;NA;14.36;9.34;NA;NA;ND;NA;NA;NA;
6;4;20.28;8.44;12.3;NA;15.09;17.24;NA;NA;ND;NA;NA;NA;
6;5;12.49;10.45;14.37;NA;22.5;22.29;NA;NA;ND;NA;NA;NA;
6;6;12.28;11.31;16.75;NA;34.2;22.46;NA;NA;ND;NA;NA;NA;
6;7;21.26;11.37;27.73;NA;40.31;32.85;NA;NA;ND;NA;NA;NA;
6;8;9.57;9.55;36.57;NA;36.83;35.17;NA;NA;ND;NA;NA;NA;
6;9;5.01;1.89;23.74;NA;24.07;22.82;NA;NA;ND;NA;NA;NA;
6;10;12.23;6.64;17.53;NA;14.99;27.63;NA;NA;ND;NA;NA;NA;
6;11;8.27;7.87;16.09;NA;23.62;10.47;NA;NA;ND;NA;NA;NA;
6;12;12.62;8.61;14.31;NA;25.36;12.1;NA;NA;ND;NA;NA;NA;
6;13;14.84;1.24;13.81;NA;6.51;5.24;NA;NA;ND;NA;NA;NA;
6;14;19.8;11.6;19.63;NA;5.64;2.42;NA;NA;ND;NA;NA;NA;
6;15;20.9;14.22;26.07;NA;14.48;29.48;NA;NA;ND;NA;NA;NA;
6;16;9.58;9.05;28.38;NA;33.59;39.19;NA;NA;ND;NA;NA;NA;
6;17;8.5;14.82;22.31;NA;29.14;13.02;NA;NA;ND;NA;NA;NA;
6;18;7.94;14.45;11.05;NA;15.98;15.98;NA;NA;ND;NA;NA;NA;
6;19;9.3;8.47;22.18;NA;14.43;22.22;NA;NA;ND;NA;NA;NA;
6;20;13.16;14.85;19.87;NA;19.16;23.21;NA;NA;ND;NA;NA;NA;
6;21;9.1;8.29;18.75;NA;24.44;28.18;NA;NA;ND;NA;NA;NA;
6;22;8.28;ND;16.12;NA;ND;23.31;NA;NA;ND;NA;NA;NA;
6;23;19.59;ND;20.92;NA;ND;27.48;NA;NA;ND;NA;NA;NA;
7;0;13.8;ND;26.21;NA;ND;25.44;NA;NA;ND;NA;NA;NA;
7;1;12.79;ND;16.51;NA;26.26;24.6;NA;NA;ND;NA;NA;NA;
7;2;17.16;ND;15.47;NA;29.94;33.25;NA;NA;ND;NA;NA;NA;
7;3;16.12;ND;9.76;NA;25.78;17.85;NA;NA;ND;NA;NA;NA;
7;4;11.09;ND;14.2;NA;19.08;20.98;NA;NA;ND;NA;NA;NA;
7;5;18.24;ND;18.07;NA;31.75;21.59;NA;NA;ND;NA;NA;NA;
7;6;35.94;ND;25.23;NA;69.01;29.11;NA;NA;ND;NA;NA;NA;
7;7;52.53;ND;27.98;NA;90.31;45.25;NA;NA;ND;NA;NA;NA;
7;8;58.86;ND;51.51;NA;79.12;48.93;NA;NA;ND;NA;NA;NA;
7;9;50.2;ND;37.88;NA;36.52;29.95;NA;NA;ND;NA;NA;NA;
7;10;47.79;ND;34.33;NA;6.79;16.04;NA;NA;ND;NA;NA;NA;
7;11;46.81;ND;27.82;NA;16.8;17.5;NA;NA;ND;NA;NA;NA;
7;12;28.81;10.38;31.21;NA;17.15;28.08;NA;NA;ND;NA;NA;NA;
7;13;9.3;25.18;20.74;NA;16.35;20.93;NA;NA;ND;NA;NA;NA;
7;14;10.21;9.38;11.26;NA;11.55;12.42;NA;NA;ND;NA;NA;NA;
7;15;5.62;29.96;18.78;NA;10.64;12.97;NA;NA;ND;NA;NA;NA;
7;16;17.28;19.26;25.21;NA;7.6;22.04;NA;NA;ND;NA;NA;NA;
7;17;16.63;34.59;20.7;NA;29.22;24.6;NA;NA;ND;NA;NA;NA;
7;18;8.33;22.81;20.05;NA;30.19;18.84;NA;NA;ND;NA;NA;NA;
7;19;9.73;29.86;20.32;NA;27.62;24.24;NA;NA;ND;NA;NA;NA;
7;20;16.45;23.65;19.02;NA;28.64;19.01;NA;NA;ND;NA;NA;NA;
7;21;25.39;23.52;9.02;NA;25.76;13.83;NA;NA;ND;NA;NA;NA;
7;22;15.84;9.63;12.04;NA;13.05;15.2;NA;NA;ND;NA;NA;NA;
7;23;13.93;19.3;15.57;NA;ND;21.15;NA;NA;ND;NA;NA;NA;
8;0;22;19.44;16.91;NA;25.59;17.79;NA;NA;ND;NA;NA;NA;
8;1;7;17.41;10.74;NA;14.67;13.11;NA;NA;ND;NA;NA;NA;
8;2;10.57;18.58;5.28;NA;32.48;16.02;NA;NA;ND;NA;NA;NA;
8;3;23.08;19.09;4.07;NA;21.21;6.05;NA;NA;ND;NA;NA;NA;
8;4;35.77;17.25;2.44;NA;20.66;16.25;NA;NA;ND;NA;NA;NA;
8;5;14.99;18.49;6.09;NA;20.36;22.39;NA;NA;ND;NA;NA;NA;
8;6;21.34;40.19;19.05;NA;35.71;22.31;NA;NA;ND;NA;NA;NA;
8;7;40.29;42.6;21.15;NA;68.58;28.4;NA;NA;ND;NA;NA;NA;
8;8;32.92;26.66;24.46;NA;42.26;15.88;NA;NA;ND;NA;NA;NA;
8;9;33.13;24.73;16.45;NA;13.91;11.01;NA;NA;ND;NA;NA;NA;
8;10;35.08;36.27;13.56;NA;13.77;11.65;NA;NA;ND;NA;NA;NA;
8;11;29.63;12.08;8.34;NA;2.69;2.76;NA;NA;ND;NA;NA;NA;
8;12;13.48;19.37;15.62;NA;7.08;10.03;NA;NA;ND;NA;NA;NA;
8;13;13.57;11.69;16.51;NA;11.95;14.4;NA;NA;ND;NA;NA;NA;
8;14;7.08;14.99;18.11;NA;19.7;31.97;NA;NA;ND;NA;NA;NA;
8;15;9.81;8.96;8.22;NA;6.73;14.57;NA;NA;ND;NA;NA;NA;
8;16;10.83;14.46;24.25;NA;10.56;26.78;NA;NA;ND;NA;NA;NA;
8;17;11.87;21.48;20.02;NA;12.71;14.23;NA;NA;ND;NA;NA;NA;
8;18;4.69;27.47;19.64;NA;21.93;25.84;NA;NA;ND;NA;NA;NA;
8;19;1.41;17.8;15.34;NA;38.51;35.89;NA;NA;ND;NA;NA;NA;
8;20;7.55;6.5;17.65;NA;31.68;24.2;NA;NA;ND;NA;NA;NA;
8;21;3.73;6.51;13.9;NA;22.25;9.17;NA;NA;ND;NA;NA;NA;
8;22;4.98;7.83;11.37;NA;13.81;7.61;NA;NA;ND;NA;NA;NA;
8;23;2.91;18.73;10.85;NA;ND;14.64;NA;NA;ND;NA;NA;NA;
9;0;5.84;23.87;14.92;NA;30.85;10.32;NA;NA;ND;NA;NA;NA;
9;1;8.46;16.92;12.87;NA;19.16;17.47;NA;NA;ND;NA;NA;NA;
9;2;4.8;17.62;10;NA;23.26;19.14;NA;NA;ND;NA;NA;NA;
9;3;6.79;15.58;6.18;NA;24.28;12.19;NA;NA;ND;NA;NA;NA;
9;4;16.73;6.03;10.69;NA;24.18;17.19;NA;NA;ND;NA;NA;NA;
9;5;17.23;13.48;13.26;NA;24.19;19.55;NA;NA;ND;NA;NA;NA;
9;6;29.61;27.18;13.55;NA;53.89;29.28;NA;NA;ND;NA;NA;NA;
9;7;55.92;33.13;38.07;NA;60.54;65.88;NA;NA;ND;NA;NA;NA;
9;8;43.94;23.91;56.95;NA;85.47;66.41;NA;NA;ND;NA;NA;NA;
9;9;42.25;11.98;52.09;NA;43.92;43.75;NA;NA;ND;NA;NA;NA;
9;10;24.19;35.44;42.3;NA;38.81;44.49;NA;NA;ND;NA;NA;NA;
9;11;24.11;10.47;30.26;NA;41.87;37.07;NA;NA;ND;NA;NA;NA;
9;12;17.13;3.72;22.85;NA;31.9;27.86;NA;NA;ND;NA;NA;NA;
9;13;7.01;13.88;23.01;NA;25.79;18.79;NA;NA;ND;NA;NA;NA;
9;14;10.17;12.25;5.97;NA;15.14;12.04;NA;NA;ND;NA;NA;NA;
9;15;2.71;5.1;21.02;NA;1.75;14.82;NA;NA;ND;NA;NA;NA;
9;16;13.4;29.01;19.13;NA;10.22;14.6;NA;NA;ND;NA;NA;NA;
9;17;5;19.88;20.75;NA;14.38;21.8;NA;NA;ND;NA;NA;NA;
9;18;0.77;9.2;9.86;NA;15.91;27.2;NA;NA;ND;NA;NA;NA;
9;19;11.81;10.69;22.26;NA;10.89;20.66;NA;NA;ND;NA;NA;NA;
9;20;15.01;12.37;14.45;NA;24.39;19.34;NA;NA;ND;NA;NA;NA;
9;21;8.41;9.13;20.66;NA;24.55;19.51;NA;NA;ND;NA;NA;NA;
9;22;9.42;17.16;19.72;NA;23.83;18.18;NA;NA;ND;NA;NA;NA;
9;23;15.94;11.54;9.44;NA;ND;17.91;NA;NA;ND;NA;NA;NA;
10;0;25.91;15.63;18.89;NA;40.29;14.67;NA;NA;ND;NA;NA;NA;
10;1;18.79;16.87;9.65;NA;23.17;15.51;NA;NA;ND;NA;NA;NA;
10;2;10.66;15.4;7.87;NA;18.87;12.46;NA;NA;ND;NA;NA;NA;
10;3;15.37;7.57;13.07;NA;13.24;17.2;NA;NA;ND;NA;NA;NA;
10;4;15.47;9.94;9.95;NA;13.03;10.57;NA;NA;ND;NA;NA;NA;
10;5;11.59;13.3;15.39;NA;16.08;17.49;NA;NA;ND;NA;NA;NA;
10;6;16.82;15.25;18.02;NA;41.38;19.92;NA;NA;ND;NA;NA;NA;
10;7;19.65;21.64;31.06;NA;39.22;40.21;NA;NA;ND;NA;NA;NA;
10;8;27.61;44.9;42.76;NA;34.19;27.09;NA;NA;ND;NA;NA;NA;
10;9;47.62;37.1;47.94;NA;20;23.02;NA;NA;ND;NA;NA;NA;
10;10;19.17;30.74;43.27;NA;36.43;50.63;NA;NA;ND;NA;NA;NA;
10;11;14.49;33.01;33.25;NA;25.35;32.37;NA;NA;ND;NA;NA;NA;
10;12;18;16.13;16.65;NA;20.29;12.99;NA;NA;ND;NA;NA;NA;
10;13;9.52;18.94;18.89;NA;21.31;23.61;NA;NA;ND;NA;NA;NA;
10;14;17.16;37.42;10.95;NA;12.97;20.71;NA;NA;ND;NA;NA;NA;
10;15;15.96;17.38;31.65;NA;8.84;21.32;NA;NA;ND;NA;NA;NA;
10;16;7.9;18.22;11.19;NA;5.25;20.83;NA;NA;ND;NA;NA;NA;
10;17;16.01;12.44;18.6;NA;16.72;15.91;NA;NA;ND;NA;NA;NA;
10;18;12.3;19.99;21.83;NA;12.62;19.19;NA;NA;ND;NA;NA;NA;
10;19;22.22;13.59;12.72;NA;28.17;23.99;NA;NA;ND;NA;NA;NA;
10;20;11.71;19.05;11.81;NA;45.45;26.85;NA;NA;ND;NA;NA;NA;
10;21;12.5;14.08;14.97;NA;41.82;25.62;NA;NA;ND;NA;NA;NA;
10;22;17.7;13.25;17.05;NA;31.07;20.34;NA;NA;ND;NA;NA;NA;
10;23;17.07;16.49;11.53;NA;ND;20.39;NA;NA;ND;NA;NA;NA;
11;0;8.88;25.14;8.93;NA;25.65;30.09;NA;NA;ND;NA;NA;NA;
11;1;13.1;24.18;11.52;NA;24.8;25.26;NA;NA;ND;NA;NA;NA;
11;2;19.93;27.56;17.7;NA;26.59;14.98;NA;NA;ND;NA;NA;NA;
11;3;14.22;26.01;23.86;NA;27.76;25.8;NA;NA;ND;NA;NA;NA;
11;4;21.24;18.36;19.37;NA;26.96;19.75;NA;NA;ND;NA;NA;NA;
11;5;20.45;29.87;20;NA;33.14;25.1;NA;NA;ND;NA;NA;NA;
11;6;18.07;31.7;19.83;NA;39.88;16.38;NA;NA;ND;NA;NA;NA;
11;7;13.44;38.03;19.02;NA;41.28;29.26;NA;NA;ND;NA;NA;NA;
11;8;29.19;19.71;46.15;NA;32.05;41.34;NA;NA;ND;NA;NA;NA;
11;9;40.52;22.79;33.91;NA;48.3;36.8;NA;NA;ND;NA;NA;NA;
11;10;28.59;0.31;22.64;NA;39.29;19.97;NA;NA;ND;NA;NA;NA;
11;11;18.12;33.68;24.58;NA;32.26;28.03;NA;NA;ND;NA;NA;NA;
11;12;11.79;12.08;25.53;NA;24.31;17.48;NA;NA;ND;NA;NA;NA;
11;13;11.32;10.87;15.19;NA;15.88;12.94;NA;NA;ND;NA;NA;NA;
11;14;27.03;23.59;14.45;NA;8.16;2.47;NA;NA;ND;NA;NA;NA;
11;15;16.75;13.55;21.31;NA;11.9;22.08;NA;NA;ND;NA;NA;NA;
11;16;8.13;5.93;24.02;NA;22.61;27;NA;NA;ND;NA;NA;NA;
11;17;11.24;28.35;16.14;NA;18.08;24.03;NA;NA;ND;NA;NA;NA;
11;18;8.75;26.38;19.34;NA;18.61;22.77;NA;NA;ND;NA;NA;NA;
11;19;3.04;12.67;8.22;NA;19.21;24.27;NA;NA;ND;NA;NA;NA;
11;20;6.71;16.39;13.94;NA;17.54;10.74;NA;NA;ND;NA;NA;NA;
11;21;13.21;13.26;7.49;NA;21.45;17.16;NA;NA;ND;NA;NA;NA;
11;22;16.89;14.54;10.84;NA;22.1;12.88;NA;NA;ND;NA;NA;NA;
11;23;16.04;18.82;8.25;NA;ND;16.22;NA;NA;ND;NA;NA;NA;
12;0;17.04;14.84;14.7;NA;25.85;14.93;NA;NA;ND;NA;NA;NA;
12;1;15.5;15.35;15.53;NA;14.83;16.19;NA;NA;ND;NA;NA;NA;
12;2;12.03;8.77;14.15;NA;18.72;15.82;NA;NA;ND;NA;NA;NA;
12;3;11.31;12.85;14.44;NA;22.07;19.02;NA;NA;ND;NA;NA;NA;
12;4;14.25;10.4;15.83;NA;13.01;13.63;NA;NA;ND;NA;NA;NA;
12;5;12.79;12.1;12.53;NA;16.1;22.44;NA;NA;ND;NA;NA;NA;
12;6;13.49;21.55;12.58;NA;24.45;22.86;NA;NA;ND;NA;NA;NA;
12;7;18.16;20.16;20.32;NA;28.39;25.56;NA;NA;ND;NA;NA;NA;
12;8;18.14;19.29;33.04;NA;27.33;22.82;NA;NA;ND;NA;NA;NA;
12;9;25.82;23.09;22.58;NA;24.34;14.07;NA;NA;ND;NA;NA;NA;
12;10;16.52;17.96;31.43;NA;24.28;16.18;NA;NA;ND;NA;NA;NA;
12;11;5.57;3.56;4.44;NA;4.83;2.4;NA;NA;ND;NA;NA;NA;
12;12;12.65;6.82;4.93;NA;22.36;10.13;NA;NA;ND;NA;NA;NA;
12;13;14.48;ND;8.52;NA;3.42;4.49;NA;NA;ND;NA;NA;NA;
12;14;16.08;ND;12.64;NA;8.71;10.62;NA;NA;ND;NA;NA;NA;
12;15;13.1;25.71;17.07;NA;20.15;10.14;NA;NA;ND;NA;NA;NA;
12;16;19.64;20.14;27.25;NA;8.81;17.87;NA;NA;ND;NA;NA;NA;
12;17;22.15;17.67;14.44;NA;19.23;28.31;NA;NA;ND;NA;NA;NA;
12;18;14.71;15.3;14.13;NA;27.41;25.36;NA;NA;ND;NA;NA;NA;
12;19;10.9;10.17;15.29;NA;19.62;23.73;NA;NA;ND;NA;NA;NA;
12;20;20.15;12.57;21.83;NA;18.38;24;NA;NA;ND;NA;NA;NA;
12;21;11.5;16.45;15.7;NA;23.43;15.96;NA;NA;ND;NA;NA;NA;
12;22;13;24.06;20.53;NA;18.59;29.13;NA;NA;ND;NA;NA;NA;
12;23;7.75;18.8;5.95;NA;ND;13.92;NA;NA;ND;NA;NA;NA;
13;0;17.59;32.66;13.81;NA;31.91;8.7;NA;NA;ND;NA;NA;NA;
13;1;17.76;25.05;23.72;NA;25.49;26.12;NA;NA;ND;NA;NA;NA;
13;2;16.53;19.13;12.44;NA;22.87;18.47;NA;NA;ND;NA;NA;NA;
13;3;12.97;22.28;19.3;NA;17.46;21.49;NA;NA;ND;NA;NA;NA;
13;4;12.22;20.21;23.84;NA;16.67;24.91;NA;NA;ND;NA;NA;NA;
13;5;19.58;20.89;21.22;NA;26.37;25.43;NA;NA;ND;NA;NA;NA;
13;6;28.26;32.2;33.76;NA;50.16;37.48;NA;NA;ND;NA;NA;NA;
13;7;37.4;44.68;30.62;NA;81.51;49.68;NA;NA;ND;NA;NA;NA;
13;8;38.93;31.73;52.47;NA;69.3;67.65;NA;NA;ND;NA;NA;NA;
13;9;28.68;31.48;46.18;NA;60.37;46.17;NA;NA;ND;NA;NA;NA;
13;10;17.86;19.38;19.45;NA;18.74;3.1;NA;NA;ND;NA;NA;NA;
13;11;ND;8.35;15.07;NA;11.27;4.85;NA;NA;ND;NA;NA;NA;
13;12;ND;9.73;7.42;NA;6.12;8.82;NA;NA;ND;NA;NA;NA;
13;13;0;12.88;4.68;NA;17.93;6.71;NA;NA;ND;NA;NA;NA;
13;14;0;21.59;13.63;NA;7.19;3.64;NA;NA;ND;NA;NA;NA;
13;15;0;25.27;15.13;NA;9.73;13.12;NA;NA;ND;NA;NA;NA;
13;16;0;16.33;16.76;NA;9.26;10.72;NA;NA;ND;NA;NA;NA;
13;17;0;11.62;11.1;NA;16.12;13.34;NA;NA;ND;NA;NA;NA;
13;18;0;25.45;12.4;NA;14.7;20.78;NA;NA;ND;NA;NA;NA;
13;19;0.23;14.09;16.57;NA;18.34;26.92;NA;NA;ND;NA;NA;NA;
13;20;1.32;14.9;15.2;NA;24.64;27.3;NA;NA;ND;NA;NA;NA;
13;21;11.25;13.76;14.33;NA;14.26;20.57;NA;NA;ND;NA;NA;NA;
13;22;10.03;2.42;15.13;NA;19.81;19.72;NA;NA;ND;NA;NA;NA;
13;23;13.79;11.43;13.87;NA;ND;11.89;NA;NA;ND;NA;NA;NA;
14;0;14.59;15.96;14.93;NA;20.75;30.16;NA;NA;ND;NA;NA;NA;
14;1;9.52;12.06;22.06;NA;23.19;22.74;NA;NA;ND;NA;NA;NA;
14;2;11.69;3.16;11.98;NA;15.06;18.08;NA;NA;ND;NA;NA;NA;
14;3;3.29;11.6;6.79;NA;9.94;17.92;NA;NA;ND;NA;NA;NA;
14;4;7.74;8.2;6.63;NA;25.15;8.45;NA;NA;ND;NA;NA;NA;
14;5;10.29;18.05;14.6;NA;22.63;24.81;NA;NA;ND;NA;NA;NA;
14;6;15.1;27.55;17.84;NA;39.96;27.21;NA;NA;ND;NA;NA;NA;
14;7;29.47;24.36;26.41;NA;44.72;37.86;NA;NA;ND;NA;NA;NA;
14;8;22.52;17.97;36.82;NA;55.4;36.89;NA;NA;ND;NA;NA;NA;
14;9;21.8;12.79;33.26;NA;33.01;35.67;NA;NA;ND;NA;NA;NA;
14;10;25.01;14.74;37.31;NA;46.88;52.46;NA;NA;ND;NA;NA;NA;
14;11;0.16;3.33;10.61;NA;37.52;27.15;NA;NA;ND;NA;NA;NA;
14;12;15.86;10.53;23.55;NA;0.6;0.94;NA;NA;ND;NA;NA;NA;
14;13;13.2;8.51;18.23;NA;ND;9.71;NA;NA;ND;NA;NA;NA;
14;14;11.61;8.74;ND;NA;24.87;16.31;NA;NA;ND;NA;NA;NA;
14;15;9.3;6.06;ND;NA;18.08;14.51;NA;NA;ND;NA;NA;NA;
14;16;6.22;11.8;11.47;NA;30.58;13.16;NA;NA;ND;NA;NA;NA;
14;17;2.88;29.83;29.83;NA;8.21;21.23;NA;NA;ND;NA;NA;NA;
14;18;15.03;19.66;8.04;NA;8.99;26.21;NA;NA;ND;NA;NA;NA;
14;19;5.2;9.15;16.86;NA;16.59;24.31;NA;NA;ND;NA;NA;NA;
14;20;9.24;14.86;12.6;NA;30.78;23.48;NA;NA;ND;NA;NA;NA;
14;21;13.21;7.83;25.41;NA;17;15.82;NA;NA;ND;NA;NA;NA;
14;22;13.91;7.64;15.87;NA;ND;17.3;NA;NA;ND;NA;NA;NA;
14;23;12.22;7.28;17.22;NA;ND;17.35;NA;NA;ND;NA;NA;NA;
15;0;14.2;3.58;19.1;NA;25.08;29.24;NA;NA;ND;NA;NA;NA;
15;1;9.14;7.18;11.96;NA;19.64;18.72;NA;NA;ND;NA;NA;NA;
15;2;11.17;2.79;13.3;NA;22.52;9.56;NA;NA;ND;NA;NA;NA;
15;3;13.36;9.98;8.29;NA;9.55;18.31;NA;NA;ND;NA;NA;NA;
15;4;9.93;3.09;10.57;NA;11.52;11.07;NA;NA;ND;NA;NA;NA;
15;5;11.07;13.86;8.6;NA;18.27;10.74;NA;NA;ND;NA;NA;NA;
15;6;12.81;14.98;20.16;NA;35.83;18.7;NA;NA;ND;NA;NA;NA;
15;7;33.84;12.16;22.44;NA;44.93;24.02;NA;NA;ND;NA;NA;NA;
15;8;12.81;22.53;29.73;NA;30.66;44.31;NA;NA;ND;NA;NA;NA;
15;9;35.71;13.1;44.68;NA;37.22;38.78;NA;NA;ND;NA;NA;NA;
15;10;36.58;24.95;57.74;NA;32.33;45.69;NA;NA;ND;NA;NA;NA;
15;11;32.74;31.07;34.63;NA;39.14;46.36;NA;NA;ND;NA;NA;NA;
15;12;16.25;9.74;21.13;NA;29.91;24.23;NA;NA;ND;NA;NA;NA;
15;13;15.09;2.89;18.22;NA;23.29;7.53;NA;NA;ND;NA;NA;NA;
15;14;10.95;25.16;26.09;NA;25.9;24.2;NA;NA;ND;NA;NA;NA;
15;15;11.82;6.79;11.94;NA;9.06;17.81;NA;NA;ND;NA;NA;NA;
15;16;11.73;12.9;7.79;NA;21.75;19.74;NA;NA;ND;NA;NA;NA;
15;17;5.07;14.29;17.93;NA;18.18;25.3;NA;NA;ND;NA;NA;NA;
15;18;9.44;19.51;22.32;NA;12.62;28.48;NA;NA;ND;NA;NA;NA;
15;19;5.46;15;21.79;NA;22.04;20.49;NA;NA;ND;NA;NA;NA;
15;20;7.25;8.81;15.9;NA;26.31;17.9;NA;NA;ND;NA;NA;NA;
15;21;9.69;7.33;17.51;NA;22.66;21.66;NA;NA;ND;NA;NA;NA;
15;22;15.01;2.54;10.57;NA;22.58;21.68;NA;NA;ND;NA;NA;NA;
15;23;8.96;7.18;14.08;NA;ND;10.61;NA;NA;ND;NA;NA;NA;
16;0;15.1;12.99;3.15;NA;7.43;31.1;NA;NA;ND;NA;NA;NA;
16;1;6.87;2.72;9.6;NA;8.72;13.98;NA;NA;ND;NA;NA;NA;
16;2;2.42;3.42;5.47;NA;15.72;8.33;NA;NA;ND;NA;NA;NA;
16;3;8.3;3.84;6.13;NA;10.41;10.91;NA;NA;ND;NA;NA;NA;
16;4;6;11.69;5.04;NA;9.59;5.44;NA;NA;ND;NA;NA;NA;
16;5;13.79;6.39;7.21;NA;3.85;10.47;NA;NA;ND;NA;NA;NA;
16;6;18.07;16.7;11.11;NA;18.55;8.49;NA;NA;ND;NA;NA;NA;
16;7;24.22;14.15;20.95;NA;26.81;15.85;NA;NA;ND;NA;NA;NA;
16;8;29.06;5.62;22.04;NA;36.37;23.06;NA;NA;ND;NA;NA;NA;
16;9;30.21;26.01;22.35;NA;25.67;17.72;NA;NA;ND;NA;NA;NA;
16;10;19.48;14.05;26.46;NA;41.53;22.22;NA;NA;ND;NA;NA;NA;
16;11;ND;11.87;34.1;NA;29.05;33.05;NA;NA;ND;NA;NA;NA;
16;12;23.46;16.94;30.59;NA;28.15;22.89;NA;NA;ND;NA;NA;NA;
16;13;12.89;13.89;24.83;NA;19.88;18.93;NA;NA;ND;NA;NA;NA;
16;14;16.66;13.72;21.66;NA;29.52;17.68;NA;NA;ND;NA;NA;NA;
16;15;5.17;14.18;13.27;NA;14.89;28.67;NA;NA;ND;NA;NA;NA;
16;16;12.98;11.22;19.56;NA;18.64;15.78;NA;NA;ND;NA;NA;NA;
16;17;5.77;9.26;16.41;NA;6.34;18.56;NA;NA;ND;NA;NA;NA;
16;18;9.21;13.97;10.02;NA;19.52;23.54;NA;NA;ND;NA;NA;NA;
16;19;2.36;9.01;13.74;NA;10.82;22.39;NA;NA;ND;NA;NA;NA;
16;20;12.7;9.83;23.96;NA;29.21;18.36;NA;NA;ND;NA;NA;NA;
16;21;14.06;29.02;19.39;NA;18.12;16;NA;NA;ND;NA;NA;NA;
16;22;18.8;4.59;17.41;NA;10.73;16.79;NA;NA;ND;NA;NA;NA;
16;23;18.88;9.85;7.95;NA;ND;10.15;NA;NA;ND;NA;NA;NA;
17;0;11.06;20.35;10.68;NA;25.29;4.1;NA;NA;ND;NA;NA;NA;
17;1;5.75;10.57;7.08;NA;14.89;14.46;NA;NA;ND;NA;NA;NA;
17;2;28.03;4.18;7;NA;15.82;12.64;NA;NA;ND;NA;NA;NA;
17;3;5.94;7.01;9.96;NA;15.48;12.5;NA;NA;ND;NA;NA;NA;
17;4;14.34;8.27;13.21;NA;13.82;13.98;NA;NA;ND;NA;NA;NA;
17;5;15.73;8.77;8.48;NA;13.34;17.57;NA;NA;ND;NA;NA;NA;
17;6;24.06;25.83;25.76;NA;42.52;21.82;NA;NA;ND;NA;NA;NA;
17;7;25.09;27.06;31.82;NA;56.54;33.52;NA;NA;ND;NA;NA;NA;
17;8;30.55;11.8;29.95;NA;18.51;25.95;NA;NA;ND;NA;NA;NA;
17;9;42.1;14.16;35.18;NA;22.16;14.65;NA;NA;ND;NA;NA;NA;
17;10;27.66;14.54;21.46;NA;10.48;12.96;NA;NA;ND;NA;NA;NA;
17;11;31.19;26.73;18.41;NA;13.4;5.35;NA;NA;ND;NA;NA;NA;
17;12;23.99;27.84;7.22;NA;10.03;18.21;NA;NA;ND;NA;NA;NA;
17;13;17.38;16.14;18.81;NA;22.19;12.85;NA;NA;ND;NA;NA;NA;
17;14;8.96;33.1;15.64;NA;18.29;18.82;NA;NA;ND;NA;NA;NA;
17;15;11.08;19.29;16.89;NA;12.9;15.41;NA;NA;ND;NA;NA;NA;
17;16;2.81;16.82;17.46;NA;2.28;25.07;NA;NA;ND;NA;NA;NA;
17;17;4.84;7.52;14.27;NA;9.66;21.36;NA;NA;ND;NA;NA;NA;
17;18;4.75;13.61;20.16;NA;21.94;33.14;NA;NA;ND;NA;NA;NA;
17;19;7.55;23.41;16.14;NA;25.21;21.55;NA;NA;ND;NA;NA;NA;
17;20;15.67;8.14;24.6;NA;29.73;22.53;NA;NA;ND;NA;NA;NA;
17;21;20.66;9.83;17.24;NA;22.72;16.83;NA;NA;ND;NA;NA;NA;
17;22;13.68;13.02;11.58;NA;15.56;16.33;NA;NA;ND;NA;NA;NA;
17;23;12.52;12.27;12.2;NA;ND;9.5;NA;NA;ND;NA;NA;NA;
18;0;19.75;29.79;16.56;NA;32.31;11.43;NA;NA;ND;NA;NA;NA;
18;1;14.76;10.34;12.42;NA;16.62;24.88;NA;NA;ND;NA;NA;NA;
18;2;17.1;16.22;15.74;NA;26.47;15.78;NA;NA;ND;NA;NA;NA;
18;3;23.99;17.65;17.42;NA;10.03;15.41;NA;NA;ND;NA;NA;NA;
18;4;15.04;13.99;15.33;NA;15.93;16.6;NA;NA;ND;NA;NA;NA;
18;5;24.7;18.45;11.91;NA;17.83;16;NA;NA;ND;NA;NA;NA;
18;6;35.57;19.32;20.08;NA;31.76;23.87;NA;NA;ND;NA;NA;NA;
18;7;18.89;10.38;24.49;NA;37.91;9.9;NA;NA;ND;NA;NA;NA;
18;8;29.8;13.86;34.37;NA;28.78;8.37;NA;NA;ND;NA;NA;NA;
18;9;29.32;23;25.42;NA;17.95;24.23;NA;NA;ND;NA;NA;NA;
18;10;23.71;16.47;33;NA;27.83;29.8;NA;NA;ND;NA;NA;NA;
18;11;19.03;13.96;7.84;NA;19.16;11.7;NA;NA;ND;NA;NA;NA;
18;12;12.91;9.78;5.8;NA;8.64;1.64;NA;NA;ND;NA;NA;NA;
18;13;9.16;8.65;15.76;NA;4.18;4.78;NA;NA;ND;NA;NA;NA;
18;14;8.49;18.7;9.78;NA;10.5;19.16;NA;NA;ND;NA;NA;NA;
18;15;7.15;13.76;12.32;NA;10.34;16.68;NA;NA;ND;NA;NA;NA;
18;16;9.68;9.93;3.87;NA;12.98;6.29;NA;NA;ND;NA;NA;NA;
18;17;6.07;8.23;14.07;NA;13.84;14.2;NA;NA;ND;NA;NA;NA;
18;18;12.06;19.22;9.96;NA;15.89;13.58;NA;NA;ND;NA;NA;NA;
18;19;6.24;12.94;10.23;NA;8.75;20.22;NA;NA;ND;NA;NA;NA;
18;20;5.23;10.07;12.34;NA;18;27.77;NA;NA;ND;NA;NA;NA;
18;21;6.17;4.05;18.2;NA;17.93;29.9;NA;NA;ND;NA;NA;NA;
18;22;10.02;10.89;23.5;NA;21.47;19.15;NA;NA;ND;NA;NA;NA;
18;23;5.41;14.96;12.69;NA;ND;23.33;NA;NA;ND;NA;NA;NA;
19;0;13.36;21.45;19.73;NA;17.44;19.63;NA;NA;ND;NA;NA;NA;
19;1;20.4;18.56;18.02;NA;25.47;24.09;NA;NA;ND;NA;NA;NA;
19;2;18.07;9.14;20.91;NA;21.32;24.5;NA;NA;ND;NA;NA;NA;
19;3;12.1;5.92;18.78;NA;16.15;19.86;NA;NA;ND;NA;NA;NA;
19;4;10.59;13.26;19.58;NA;12.05;18.03;NA;NA;ND;NA;NA;NA;
19;5;18.48;9.58;11.5;NA;12.31;17.49;NA;NA;ND;NA;NA;NA;
19;6;12.03;11.83;18.97;NA;30.56;17.39;NA;NA;ND;NA;NA;NA;
19;7;15.11;8.57;11.48;NA;30.51;24.64;NA;NA;ND;NA;NA;NA;
19;8;13.43;7.98;19.61;NA;35.56;15.94;NA;NA;ND;NA;NA;NA;
19;9;23.83;19.34;15.09;NA;26.81;11.58;NA;NA;ND;NA;NA;NA;
19;10;17.47;12.3;9.97;NA;29.18;10.16;NA;NA;ND;NA;NA;NA;
19;11;12.97;15.61;10.55;NA;11.68;7.81;NA;NA;ND;NA;NA;NA;
19;12;10.25;4.67;5.51;NA;3.04;9.55;NA;NA;ND;NA;NA;NA;
19;13;16.59;9.11;3.38;NA;7.18;0.63;NA;NA;ND;NA;NA;NA;
19;14;8;19.44;6.16;NA;0.2;0.93;NA;NA;ND;NA;NA;NA;
19;15;13.13;7.91;11.04;NA;3.77;17.5;NA;NA;ND;NA;NA;NA;
19;16;4.87;23.48;6.1;NA;13.23;9.39;NA;NA;ND;NA;NA;NA;
19;17;11.1;20.08;16.48;NA;11.13;18.72;NA;NA;ND;NA;NA;NA;
19;18;11.33;13.25;9.46;NA;11.18;15.84;NA;NA;ND;NA;NA;NA;
19;19;5.54;14.71;11.39;NA;8.33;18.69;NA;NA;ND;NA;NA;NA;
19;20;8.9;17.88;6.73;NA;13.47;11.17;NA;NA;ND;NA;NA;NA;
19;21;9.94;8.56;15.09;NA;18.84;21.38;NA;NA;ND;NA;NA;NA;
19;22;7.08;7.32;5.75;NA;7.34;12.41;NA;NA;ND;NA;NA;NA;
19;23;18.55;19.33;13.14;NA;ND;9.03;NA;NA;ND;NA;NA;NA;
20;0;30.99;35.37;14.1;NA;22.17;27.22;NA;NA;ND;NA;NA;NA;
20;1;29.95;18.7;18.41;NA;20.97;18.43;NA;NA;ND;NA;NA;NA;
20;2;21.36;9.39;9.66;NA;14.45;10.67;NA;NA;ND;NA;NA;NA;
20;3;15.15;7.59;15.66;NA;11.45;14.53;NA;NA;ND;NA;NA;NA;
20;4;13.15;4.44;9.62;NA;14.21;16.41;NA;NA;ND;NA;NA;NA;
20;5;17.8;16.83;16.5;NA;17.21;16.34;NA;NA;ND;NA;NA;NA;
20;6;20.23;19.16;23.48;NA;39.86;22.59;NA;NA;ND;NA;NA;NA;
20;7;16.11;17.42;24.34;NA;37.38;29.11;NA;NA;ND;NA;NA;NA;
20;8;15.02;26.56;23.19;NA;30.35;19.47;NA;NA;ND;NA;NA;NA;
20;9;28.03;ND;30.15;NA;18.36;22.83;NA;NA;ND;NA;NA;NA;
20;10;25.33;36.08;30.73;NA;23.45;22.15;NA;NA;ND;NA;NA;NA;
20;11;19.88;25.23;16.16;NA;14.04;29.96;NA;NA;ND;NA;NA;NA;
20;12;12.94;18.64;18.6;NA;7.4;3.73;NA;NA;ND;NA;NA;NA;
20;13;13.6;12.69;11.13;NA;6.99;ND;NA;NA;ND;NA;NA;NA;
20;14;16.44;15.94;23.01;NA;23.65;27.85;NA;NA;ND;NA;NA;NA;
20;15;12.58;7.25;21.52;NA;24.5;26.62;NA;NA;ND;NA;NA;NA;
20;16;6.21;12.45;8.59;NA;3.74;9.23;NA;NA;ND;NA;NA;NA;
20;17;12.06;17.44;18.36;NA;22.64;22.42;NA;NA;ND;NA;NA;NA;
20;18;7.33;17.79;25.21;NA;14.4;ND;NA;NA;ND;NA;NA;NA;
20;19;10.01;16.38;25.81;NA;27.82;ND;NA;NA;ND;NA;NA;NA;
20;20;17.26;12.64;25.46;NA;33.18;ND;NA;NA;ND;NA;NA;NA;
20;21;9.96;12.09;22.43;NA;22.88;ND;NA;NA;ND;NA;NA;NA;
20;22;12.29;14.56;16.02;NA;22.78;ND;NA;NA;ND;NA;NA;NA;
20;23;15.32;10.43;16.45;NA;ND;ND;NA;NA;ND;NA;NA;NA;
21;0;18.18;5.16;4.49;NA;27.52;5.19;NA;NA;ND;NA;NA;NA;
21;1;10.12;2.45;14.69;NA;14.64;19.87;NA;NA;ND;NA;NA;NA;
21;2;2.32;5.17;16.31;NA;5.55;14.42;NA;NA;ND;NA;NA;NA;
21;3;5.26;2.8;8.23;NA;14.64;16.2;NA;NA;ND;NA;NA;NA;
21;4;7.8;3.4;7.99;NA;13.16;13.68;NA;NA;ND;NA;NA;NA;
21;5;3.94;9.4;14.26;NA;7.65;14.6;NA;NA;ND;NA;NA;NA;
21;6;16.94;16.56;16.25;NA;45.21;20.87;NA;NA;ND;NA;NA;NA;
21;7;27.56;16.89;28.38;NA;47.87;26.37;NA;NA;ND;NA;NA;NA;
21;8;21.18;31.24;21.38;NA;43.09;41.49;NA;NA;ND;NA;NA;NA;
21;9;16.03;13.51;35.17;NA;49.19;34.65;NA;NA;ND;NA;NA;NA;
21;10;8.2;4.8;25.69;NA;46.62;36.65;NA;NA;ND;NA;NA;NA;
21;11;8.86;7.97;29.67;NA;42.88;27.92;NA;NA;ND;NA;NA;NA;
21;12;18.7;8.06;22.82;NA;33.36;34.43;NA;NA;ND;NA;NA;NA;
21;13;12.83;8.57;26.84;NA;28.72;15.57;NA;NA;ND;NA;NA;NA;
21;14;9.27;14.07;19.17;NA;23.7;10.88;NA;NA;ND;NA;NA;NA;
21;15;5.52;8.85;15.21;NA;12.75;26.82;NA;NA;ND;NA;NA;NA;
21;16;9.1;15.96;19.45;NA;10.37;23.44;NA;NA;ND;NA;NA;NA;
21;17;ND;16.58;15.23;NA;17.38;27.13;NA;NA;ND;NA;NA;NA;
21;18;ND;13.92;16.25;NA;18.5;21.93;NA;NA;ND;NA;NA;NA;
21;19;ND;6.72;18.26;NA;18.6;16.65;NA;NA;ND;NA;NA;NA;
21;20;0;8.21;9.46;NA;11.16;10.4;NA;NA;ND;NA;NA;NA;
21;21;0;8.31;13.65;NA;10.27;16.04;NA;NA;ND;NA;NA;NA;
21;22;0;8.52;12.33;NA;23.36;15.46;NA;NA;ND;NA;NA;NA;
21;23;0;13.55;9.94;NA;ND;12.07;NA;NA;ND;NA;NA;NA;
22;0;0;7.4;15.87;NA;22.54;10.3;NA;NA;ND;NA;NA;NA;
22;1;1.73;2.89;8.34;NA;24.55;18.52;NA;NA;ND;NA;NA;NA;
22;2;1.95;6.01;11.43;NA;23.21;18.62;NA;NA;ND;NA;NA;NA;
22;3;5.38;9.66;11.26;NA;22.08;17.92;NA;NA;ND;NA;NA;NA;
22;4;2.9;1.47;11.43;NA;22.97;21.3;NA;NA;ND;NA;NA;NA;
22;5;5.79;4.66;12.11;NA;21.8;20.51;NA;NA;ND;NA;NA;NA;
22;6;26.64;23.06;16.89;NA;37.22;25.18;NA;NA;ND;NA;NA;NA;
22;7;48.9;39.11;26.92;NA;61.15;50.14;NA;NA;ND;NA;NA;NA;
22;8;36.06;25.61;43.17;NA;56.61;30.25;NA;NA;ND;NA;NA;NA;
22;9;33.43;24.64;22.8;NA;14.97;8.45;NA;NA;ND;NA;NA;NA;
22;10;26.2;25.21;12.44;NA;12.7;13.02;NA;NA;ND;NA;NA;NA;
22;11;28.9;19.79;13.56;NA;11.1;10.28;NA;NA;ND;NA;NA;NA;
22;12;17.58;17.79;8.05;NA;18.42;5.74;NA;NA;ND;NA;NA;NA;
22;13;12.67;10.7;20.03;NA;10.05;18.69;NA;NA;ND;NA;NA;NA;
22;14;16.43;14.98;16.89;NA;13.34;10;NA;NA;ND;NA;NA;NA;
22;15;15.98;18.31;18.51;NA;19.33;20.74;NA;NA;ND;NA;NA;NA;
22;16;6.69;11.19;2.76;NA;14.68;20.45;NA;NA;ND;NA;NA;NA;
22;17;0.98;10.52;20.58;NA;11.79;28.3;NA;NA;ND;NA;NA;NA;
22;18;11.54;22.71;23.31;NA;15.43;24.02;NA;NA;ND;NA;NA;NA;
22;19;17.48;ND;23.18;NA;27.14;15.89;NA;NA;ND;NA;NA;NA;
22;20;24.37;ND;26.31;NA;28.22;33.32;NA;NA;ND;NA;NA;NA;
22;21;12.49;6.8;21.04;NA;36.46;41.7;NA;NA;ND;NA;NA;NA;
22;22;25.23;14.31;19.23;NA;29.89;24.26;NA;NA;ND;NA;NA;NA;
22;23;20.43;28.52;19.52;NA;ND;20.63;NA;NA;ND;NA;NA;NA;
23;0;18.98;19.24;28.46;NA;42.71;40.63;NA;NA;ND;NA;NA;NA;
23;1;24.11;16.14;29.08;NA;35.79;30.74;NA;NA;ND;NA;NA;NA;
23;2;24.83;21.4;24.85;NA;38.72;32.24;NA;NA;ND;NA;NA;NA;
23;3;20.97;18.19;27.02;NA;20.72;34.11;NA;NA;ND;NA;NA;NA;
23;4;23.7;18.74;24.83;NA;31.66;29.88;NA;NA;ND;NA;NA;NA;
23;5;29.71;24.85;20.27;NA;28.72;31.32;NA;NA;ND;NA;NA;NA;
23;6;31.38;40.75;25.83;NA;41.26;43.89;NA;NA;ND;NA;NA;NA;
23;7;38.08;44.67;39.34;NA;69.44;47.53;NA;NA;ND;NA;NA;NA;
23;8;59.71;29.41;46.76;NA;39.95;50.8;NA;NA;ND;NA;NA;NA;
23;9;35.21;20.39;48.18;NA;19.98;25.01;NA;NA;ND;NA;NA;NA;
23;10;29.59;12.58;47.72;NA;24.08;31.35;NA;NA;ND;NA;NA;NA;
23;11;19.59;17.1;41.28;NA;20.43;46.02;NA;NA;ND;NA;NA;NA;
23;12;22.96;19.1;29.85;NA;42.22;32.89;NA;NA;ND;NA;NA;NA;
23;13;7.61;9.71;14.08;NA;12.98;12.59;NA;NA;ND;NA;NA;NA;
23;14;12.65;5.17;13.2;NA;26.76;13.67;NA;NA;ND;NA;NA;NA;
23;15;4.05;12.41;10.37;NA;7.77;11.41;NA;NA;ND;NA;NA;NA;
23;16;12.62;12.78;13.97;NA;17.87;18.6;NA;NA;ND;NA;NA;NA;
23;17;4.92;17.77;14.12;NA;14.54;27.07;NA;NA;ND;NA;NA;NA;
23;18;5.4;12.95;15.41;NA;13.12;17.73;NA;NA;ND;NA;NA;NA;
23;19;8.05;7.77;17.41;NA;6.65;20.4;NA;NA;ND;NA;NA;NA;
23;20;12.55;5.12;19.3;NA;22.26;23.72;NA;NA;ND;NA;NA;NA;
23;21;21.14;7.78;18.93;NA;27.13;18.58;NA;NA;ND;NA;NA;NA;
23;22;7.93;16.02;21.89;NA;29.44;22.64;NA;NA;ND;NA;NA;NA;
23;23;13.69;13.74;18.28;NA;ND;18.03;NA;NA;ND;NA;NA;NA;
24;0;18.4;1.73;13.11;NA;24.01;29.08;NA;NA;ND;NA;NA;NA;
24;1;17.67;15.05;20.67;NA;24.12;30.44;NA;NA;ND;NA;NA;NA;
24;2;19.27;12.74;19.99;NA;20.59;20.88;NA;NA;ND;NA;NA;NA;
24;3;17.71;12.62;14.41;NA;23.43;14.62;NA;NA;ND;NA;NA;NA;
24;4;15.97;14.16;12.8;NA;21.67;15.91;NA;NA;ND;NA;NA;NA;
24;5;24.39;20.05;16.28;NA;20.35;22.71;NA;NA;ND;NA;NA;NA;
24;6;19.63;14.81;21.32;NA;22.63;28.28;NA;NA;ND;NA;NA;NA;
24;7;17.62;10.53;16.98;NA;20.08;22.36;NA;NA;ND;NA;NA;NA;
24;8;21.99;29.21;33.68;NA;32.82;31.52;NA;NA;ND;NA;NA;NA;
24;9;23.79;22.92;31.78;NA;31.83;20.65;NA;NA;ND;NA;NA;NA;
24;10;22.9;22.96;30.71;NA;38.13;42.4;NA;NA;ND;NA;NA;NA;
24;11;16.09;6.37;24.1;NA;27.42;28.7;NA;NA;ND;NA;NA;NA;
24;12;14.21;17.04;17.16;NA;16.97;10.55;NA;NA;ND;NA;NA;NA;
24;13;14.55;12.15;19.79;NA;18.32;25.58;NA;NA;ND;NA;NA;NA;
24;14;7.51;12.95;13.23;NA;10.36;10.19;NA;NA;ND;NA;NA;NA;
24;15;11.73;21.7;9.86;NA;16.73;13.69;NA;NA;ND;NA;NA;NA;
24;16;5.61;11.5;14.08;NA;10.81;11.27;NA;NA;ND;NA;NA;NA;
24;17;6.66;10.37;13.24;NA;20.1;26.08;NA;NA;ND;NA;NA;NA;
24;18;13.63;12.5;26;NA;19.44;25.01;NA;NA;ND;NA;NA;NA;
24;19;10.22;23.41;13.09;NA;26.35;28.79;NA;NA;ND;NA;NA;NA;
24;20;13.57;12.48;14.19;NA;30.42;24;NA;NA;ND;NA;NA;NA;
24;21;14.63;13.6;28.86;NA;29.7;25.73;NA;NA;ND;NA;NA;NA;
24;22;13.34;18.49;17.55;NA;24.87;22.98;NA;NA;ND;NA;NA;NA;
24;23;19.02;33.79;22.83;NA;ND;29.32;NA;NA;ND;NA;NA;NA;
25;0;21.28;22.98;16.23;NA;22.57;38.33;NA;NA;ND;NA;NA;NA;
25;1;18.65;30.95;27.12;NA;27.85;26.29;NA;NA;ND;NA;NA;NA;
25;2;19.62;37.55;15.24;NA;27.28;28.08;NA;NA;ND;NA;NA;NA;
25;3;23.97;30.07;12.27;NA;28.81;22.12;NA;NA;ND;NA;NA;NA;
25;4;23.33;23.22;19.34;NA;25.81;28.34;NA;NA;ND;NA;NA;NA;
25;5;26.03;21.71;22.57;NA;36.47;33.76;NA;NA;ND;NA;NA;NA;
25;6;29.91;24.18;19.8;NA;31.11;31.86;NA;NA;ND;NA;NA;NA;
25;7;27.1;25.68;17.56;NA;32.59;21.02;NA;NA;ND;NA;NA;NA;
25;8;32.22;29.81;23.63;NA;55.89;12.88;NA;NA;ND;NA;NA;NA;
25;9;34.81;7.64;22.85;NA;31.93;14.49;NA;NA;ND;NA;NA;NA;
25;10;12.74;16.74;4.24;NA;13.41;5.43;NA;NA;ND;NA;NA;NA;
25;11;13.82;16.11;15.53;NA;7.32;5.26;NA;NA;ND;NA;NA;NA;
25;12;12.85;9.39;6.76;NA;6.27;1.93;NA;NA;ND;NA;NA;NA;
25;13;13.47;9.53;10.47;NA;2.14;11.82;NA;NA;ND;NA;NA;NA;
25;14;11.03;10.17;7.73;NA;8.35;6.1;NA;NA;ND;NA;NA;NA;
25;15;18.98;13.75;15.13;NA;12.77;13.74;NA;NA;ND;NA;NA;NA;
25;16;5.02;12.45;11.45;NA;10.7;14.97;NA;NA;ND;NA;NA;NA;
25;17;15.25;18.31;25.79;NA;20.1;23.84;NA;NA;ND;NA;NA;NA;
25;18;13.45;20.31;9.5;NA;19.28;30.28;NA;NA;ND;NA;NA;NA;
25;19;6.55;8.36;13.99;NA;13.2;17.49;NA;NA;ND;NA;NA;NA;
25;20;7.1;13.94;16.85;NA;22.94;21.21;NA;NA;ND;NA;NA;NA;
25;21;10.14;10.43;8.08;NA;28.21;14.35;NA;NA;ND;NA;NA;NA;
25;22;13.23;7.86;19.77;NA;18.03;15.93;NA;NA;ND;NA;NA;NA;
25;23;7.43;10.8;13.12;NA;ND;17.2;NA;NA;ND;NA;NA;NA;
26;0;11.95;12.46;21.33;NA;15.71;7.01;NA;NA;ND;NA;NA;NA;
26;1;15.15;5.96;15.96;NA;7.29;18.55;NA;NA;ND;NA;NA;NA;
26;2;14.15;8.53;18.58;NA;16.39;14.94;NA;NA;ND;NA;NA;NA;
26;3;8.28;1.07;7.77;NA;5.17;10.15;NA;NA;ND;NA;NA;NA;
26;4;13.02;11.06;7.47;NA;17.39;10.21;NA;NA;ND;NA;NA;NA;
26;5;9.6;4.03;12.6;NA;11.42;9.07;NA;NA;ND;NA;NA;NA;
26;6;7.5;3.79;8.64;NA;8.28;9.69;NA;NA;ND;NA;NA;NA;
26;7;17.69;12.37;10.77;NA;13.63;10.76;NA;NA;ND;NA;NA;NA;
26;8;14.61;8.79;12.73;NA;15.53;7.24;NA;NA;ND;NA;NA;NA;
26;9;9.92;17.27;8.42;NA;2.4;3.27;NA;NA;ND;NA;NA;NA;
26;10;13.48;13.99;10.05;NA;8.3;8.04;NA;NA;ND;NA;NA;NA;
26;11;19.01;21.92;19.23;NA;22.33;18.34;NA;NA;ND;NA;NA;NA;
26;12;9.64;7.82;15.84;NA;25.44;20.84;NA;NA;ND;NA;NA;NA;
26;13;6.81;7.06;13.09;NA;14.38;14;NA;NA;ND;NA;NA;NA;
26;14;5.05;4.8;2.71;NA;9.46;0.93;NA;NA;ND;NA;NA;NA;
26;15;2.34;2.87;14.05;NA;17.28;16.51;NA;NA;ND;NA;NA;NA;
26;16;19.37;24.28;16.89;NA;17.54;24.06;NA;NA;ND;NA;NA;NA;
26;17;13.85;22.68;21.22;NA;20.69;23.14;NA;NA;ND;NA;NA;NA;
26;18;10.86;16.79;14.56;NA;24.14;19.05;NA;NA;ND;NA;NA;NA;
26;19;8.85;9.25;17.49;NA;17.55;17.13;NA;NA;ND;NA;NA;NA;
26;20;8.27;14.66;13.6;NA;12.06;12.04;NA;NA;ND;NA;NA;NA;
26;21;18.15;7.78;10.1;NA;17.33;17.44;NA;NA;ND;NA;NA;NA;
26;22;16.58;21.69;15.34;NA;ND;20.22;NA;NA;ND;NA;NA;NA;
26;23;18.6;15.79;16.44;NA;ND;9.31;NA;NA;ND;NA;NA;NA;
27;0;13.24;23.16;14.14;NA;28.16;16.31;NA;NA;ND;NA;NA;NA;
27;1;10.58;20.27;11.18;NA;29.35;19.3;NA;NA;ND;NA;NA;NA;
27;2;7.21;21.25;10.04;NA;21.8;16.86;NA;NA;ND;NA;NA;NA;
27;3;6.22;19.97;8.75;NA;16.29;11.9;NA;NA;ND;NA;NA;NA;
27;4;13.47;17.31;ND;NA;19.17;20.11;NA;NA;ND;NA;NA;NA;
27;5;14.88;24.78;ND;NA;10.78;15.49;NA;NA;ND;NA;NA;NA;
27;6;24.92;22.97;18.03;NA;42.41;30.58;NA;NA;ND;NA;NA;NA;
27;7;35.74;13.89;26.94;NA;69.16;49.09;NA;NA;ND;NA;NA;NA;
27;8;34.51;20.09;35.32;NA;42.22;45.19;NA;NA;ND;NA;NA;NA;
27;9;33.89;28.54;29.93;NA;28.88;26.85;NA;NA;ND;NA;NA;NA;
27;10;37.72;8.99;ND;NA;22.43;15.09;NA;NA;ND;NA;NA;NA;
27;11;14.54;14.2;ND;NA;15.18;0;NA;NA;ND;NA;NA;NA;
27;12;20.97;16.46;ND;NA;24.28;ND;NA;NA;ND;NA;NA;NA;
27;13;19.66;18.67;22.6;NA;14.36;ND;NA;NA;ND;NA;NA;NA;
27;14;9.69;20.23;13.41;NA;ND;ND;NA;NA;ND;NA;NA;NA;
27;15;12.78;20;16.78;NA;ND;25.39;NA;NA;ND;NA;NA;NA;
27;16;13.26;16.27;9.2;NA;36.67;12.34;NA;NA;ND;NA;NA;NA;
27;17;9.73;20.48;23.2;NA;22.81;25.47;NA;NA;ND;NA;NA;NA;
27;18;18.3;23.68;19.01;NA;42.46;23.14;NA;NA;ND;NA;NA;NA;
27;19;16.5;29.74;18.85;NA;35.9;23.02;NA;NA;ND;NA;NA;NA;
27;20;15.17;23.48;13.68;NA;50.03;26.35;NA;NA;ND;NA;NA;NA;
27;21;16.06;41.1;16.4;NA;50.12;23.45;NA;NA;ND;NA;NA;NA;
27;22;11.05;29.67;17.56;NA;ND;29.34;NA;NA;ND;NA;NA;NA;
27;23;20.73;24.05;8.01;NA;ND;20.37;NA;NA;ND;NA;NA;NA;
28;0;8.16;1.25;22.23;NA;26.98;24.96;NA;NA;ND;NA;NA;NA;
28;1;0.72;3.28;20.12;NA;21.8;21.62;NA;NA;ND;NA;NA;NA;
28;2;4.13;6.08;5.77;NA;23.41;13.03;NA;NA;ND;NA;NA;NA;
28;3;3.13;15.73;13.29;NA;15.74;11.78;NA;NA;ND;NA;NA;NA;
28;4;5.23;14.06;9.38;NA;16.45;23.4;NA;NA;ND;NA;NA;NA;
28;5;11.14;15.02;20.15;NA;11.42;52.69;NA;NA;ND;NA;NA;NA;
28;6;19.57;33.11;26.96;NA;27.74;34.02;NA;NA;ND;NA;NA;NA;
28;7;34.48;51.92;33.3;NA;36.4;16.25;NA;NA;ND;NA;NA;NA;
28;8;17.21;44.17;18.84;NA;29.3;6.66;NA;NA;ND;NA;NA;NA;
28;9;22.59;20.13;35.73;NA;33.32;23.8;NA;NA;ND;NA;NA;NA;
28;10;30.97;36.44;31.51;NA;18.73;19.22;NA;NA;ND;NA;NA;NA;
28;11;27.67;14.66;30.44;NA;34.5;35.58;NA;NA;ND;NA;NA;NA;
28;12;11.34;13.19;15.94;NA;19.4;15.85;NA;NA;ND;NA;NA;NA;
28;13;3.06;3.73;19.65;NA;23.01;16.65;NA;NA;ND;NA;NA;NA;
28;14;19.1;20.83;19.99;NA;25.74;27.95;NA;NA;ND;NA;NA;NA;
28;15;8.26;12.67;25.8;NA;24.57;19.94;NA;NA;ND;NA;NA;NA;
28;16;13.77;14.2;14.38;NA;27.51;27.7;NA;NA;ND;NA;NA;NA;
28;17;12.18;19.31;26.68;NA;31.65;24.19;NA;NA;ND;NA;NA;NA;
28;18;12.74;23.59;23.97;NA;20.45;23.14;NA;NA;ND;NA;NA;NA;
28;19;6.49;23.07;17.16;NA;16.14;24.86;NA;NA;ND;NA;NA;NA;
28;20;11.23;12.47;22.29;NA;26.32;27.72;NA;NA;ND;NA;NA;NA;
28;21;14.67;16.47;20.24;NA;28.82;24.93;NA;NA;ND;NA;NA;NA;
28;22;17.57;11.44;15.92;NA;21.39;16.37;NA;NA;ND;NA;NA;NA;
28;23;15.18;8.35;18.02;NA;ND;14.88;NA;NA;ND;NA;NA;NA;
29;0;12.07;24.53;10.29;NA;14.69;12.99;NA;NA;ND;NA;NA;NA;
29;1;9.1;19.44;16.3;NA;13.53;11.74;NA;NA;ND;NA;NA;NA;
29;2;25.82;22.36;15.9;NA;18.6;20.53;NA;NA;ND;NA;NA;NA;
29;3;24.86;9.89;15.27;NA;11.1;12.4;NA;NA;ND;NA;NA;NA;
29;4;18.46;12.09;16.08;NA;15.93;19.44;NA;NA;ND;NA;NA;NA;
29;5;17.08;18.73;14.44;NA;23.94;21.11;NA;NA;ND;NA;NA;NA;
29;6;25.57;29.12;20.09;NA;36.42;24.37;NA;NA;ND;NA;NA;NA;
29;7;32.84;35.19;35.49;NA;47.65;36;NA;NA;ND;NA;NA;NA;
29;8;33.08;11.42;39.75;NA;20.95;30.69;NA;NA;ND;NA;NA;NA;
29;9;34.42;19.4;33.05;NA;33.34;26.04;NA;NA;ND;NA;NA;NA;
29;10;37.63;14.71;27.73;NA;43.39;29.17;NA;NA;ND;NA;NA;NA;
29;11;4.74;23.66;ND;NA;34.21;41.91;NA;NA;ND;NA;NA;NA;
29;12;19.29;17.31;ND;NA;34.02;11.47;NA;NA;ND;NA;NA;NA;
29;13;19.8;19.07;ND;NA;26.91;30.09;NA;NA;ND;NA;NA;NA;
29;14;17.17;ND;29.16;NA;23.06;21.45;NA;NA;ND;NA;NA;NA;
29;15;4.57;ND;12.03;NA;28.31;23.35;NA;NA;ND;NA;NA;NA;
29;16;7.95;14.8;19.95;NA;4.13;15.78;NA;NA;ND;NA;NA;NA;
29;17;9.85;2.15;18.69;NA;11.85;26.91;NA;NA;ND;NA;NA;NA;
29;18;6.41;19.1;22.2;NA;16.72;18.15;NA;NA;ND;NA;NA;NA;
29;19;9.37;17.68;18.75;NA;25.06;21;NA;NA;ND;NA;NA;NA;
29;20;7.39;13.93;27.19;NA;30.72;19.68;NA;NA;ND;NA;NA;NA;
29;21;9.71;12.86;19.23;NA;26.12;32.1;NA;NA;ND;NA;NA;NA;
29;22;12.28;5.38;19.98;NA;11.64;18.86;NA;NA;ND;NA;NA;NA;
29;23;3.65;3.09;10.4;NA;ND;10.56;NA;NA;ND;NA;NA;NA;
30;0;1.5;2.25;17.83;NA;10.92;12.83;NA;NA;ND;NA;NA;NA;
30;1;7.59;5.59;12.24;NA;18.99;18.14;NA;NA;ND;NA;NA;NA;
30;2;3.4;10.19;10.95;NA;7.26;13.82;NA;NA;ND;NA;NA;NA;
30;3;6.02;2.25;4.14;NA;1.77;4.15;NA;NA;ND;NA;NA;NA;
30;4;3.3;0.86;2.93;NA;1.02;3.16;NA;NA;ND;NA;NA;NA;
30;5;5.03;2.17;4.52;NA;8.45;9.09;NA;NA;ND;NA;NA;NA;
30;6;22.52;21.01;15.77;NA;14.81;13.45;NA;NA;ND;NA;NA;NA;
30;7;30.87;18.39;35.39;NA;34.65;38.64;NA;NA;ND;NA;NA;NA;
30;8;40.71;5.13;29.7;NA;27.85;31.14;NA;NA;ND;NA;NA;NA;
30;9;34.7;16.78;25.36;NA;15.57;12.77;NA;NA;ND;NA;NA;NA;
30;10;28.34;4.6;29.57;NA;34.67;28.9;NA;NA;ND;NA;NA;NA;
30;11;16.57;10.03;23.96;NA;27.77;26.19;NA;NA;ND;NA;NA;NA;
30;12;15.71;13.72;15.39;NA;23.46;7.89;NA;NA;ND;NA;NA;NA;
30;13;11.51;5.32;19.45;NA;10.16;19.97;NA;NA;ND;NA;NA;NA;
30;14;13.3;14.5;13.59;NA;19.06;6.06;NA;NA;ND;NA;NA;NA;
30;15;9.31;12.3;20.15;NA;28.59;26.69;NA;NA;ND;NA;NA;NA;
30;16;5.63;8.27;10.2;NA;11.84;25.48;NA;NA;ND;NA;NA;NA;
30;17;2.13;7.02;24.85;NA;4.75;17.55;NA;NA;ND;NA;NA;NA;
30;18;4.92;7.47;16.38;NA;13.69;22.17;NA;NA;ND;NA;NA;NA;
30;19;3.58;19.13;14.36;NA;18.63;18.55;NA;NA;ND;NA;NA;NA;
30;20;6.37;7.01;13.96;NA;12.58;18.64;NA;NA;ND;NA;NA;NA;
30;21;8.06;4.23;10.58;NA;16.25;13.73;NA;NA;ND;NA;NA;NA;
30;22;3.89;6.84;17.85;NA;19.86;20.71;NA;NA;ND;NA;NA;NA;
30;23;1.04;5.67;10.39;NA;ND;10.79;NA;NA;ND;NA;NA;NA;
31;0;4.18;6.56;1.27;NA;15.22;8.24;NA;NA;ND;NA;NA;NA;
31;1;5.63;5.04;10.12;NA;15.14;12.03;NA;NA;ND;NA;NA;NA;
31;2;8.37;4.77;1.08;NA;0.8;8.06;NA;NA;ND;NA;NA;NA;
31;3;2.19;6.18;3.57;NA;0.44;8.65;NA;NA;ND;NA;NA;NA;
31;4;6.29;2.35;3.44;NA;3.03;3.6;NA;NA;ND;NA;NA;NA;
31;5;3.35;1.53;6.02;NA;8.32;2.37;NA;NA;ND;NA;NA;NA;
31;6;17.85;16.6;8.54;NA;22.6;15.62;NA;NA;ND;NA;NA;NA;
31;7;17.45;18.35;22.54;NA;42.04;20.28;NA;NA;ND;NA;NA;NA;
31;8;21.35;7.03;15.64;NA;27.1;18.45;NA;NA;ND;NA;NA;NA;
31;9;22.7;14.63;28.87;NA;29.99;20.19;NA;NA;ND;NA;NA;NA;
31;10;23.94;15.21;19.8;NA;20.94;16.99;NA;NA;ND;NA;NA;NA;
31;11;26.98;9.24;35.45;NA;22.44;24.79;NA;NA;ND;NA;NA;NA;
31;12;14.02;ND;17.73;NA;32.77;30.6;NA;NA;ND;NA;NA;NA;
31;13;9.57;ND;19.22;NA;28.62;25.65;NA;NA;ND;NA;NA;NA;
31;14;5.19;7.92;28.19;NA;23.42;23.36;NA;NA;ND;NA;NA;NA;
31;15;4.71;ND;17.41;NA;5.34;11.56;NA;NA;ND;NA;NA;NA;
31;16;13.54;5.34;20.43;NA;9.42;18.15;NA;NA;ND;NA;NA;NA;
31;17;5.33;16.41;16.25;NA;19.68;18.76;NA;NA;ND;NA;NA;NA;
31;18;9.13;5.08;22.01;NA;10.88;19.91;NA;NA;ND;NA;NA;NA;
31;19;20.81;14.75;15.63;NA;8.18;18.38;NA;NA;ND;NA;NA;NA;
31;20;6.97;7.33;17.07;NA;10.53;25.29;NA;NA;ND;NA;NA;NA;
31;21;7.33;10.99;9.9;NA;33.73;14.97;NA;NA;ND;NA;NA;NA;
31;22;9.9;7.07;13.73;NA;22.06;9.62;NA;NA;ND;NA;NA;NA;
31;23;8.21;23.9;4.99;NA;ND;11.6;NA;NA;ND;NA;NA;NA;
