DIA;HORA;Cotocollao;Carapungo;Belisario;Jipijapa;El Camal;Centro;Guamaní;Tumbaco;Los Chillos;El Condado;Turubamba;Chillogallo;
1;0;2.99;34.41;5.48;NA;18.84;4.72;1.17;2.96;5.49;NA;NA;NA;
1;1;3.18;ND;ND;NA;ND;6.07;0.4;3.2;ND;NA;NA;NA;
1;2;3.37;8.77;5.17;NA;28.61;5.33;0.34;3.16;4.06;NA;NA;NA;
1;3;3.56;6.39;3.23;NA;9.57;4.44;0.22;3.15;6.33;NA;NA;NA;
1;4;3.25;4.61;3.1;NA;9.97;4.7;0.28;3.53;2.92;NA;NA;NA;
1;5;4;4.92;3.97;NA;11.15;4.97;0.13;4.67;3.69;NA;NA;NA;
1;6;7.89;9.07;4.59;NA;18.51;6.15;0.26;5.36;6.31;NA;NA;NA;
1;7;7.53;8.75;6.03;NA;12.8;6.67;0.27;6.35;9.72;NA;NA;NA;
1;8;11.2;5.23;3.99;NA;5.27;5.59;0.5;8.73;9.1;NA;NA;NA;
1;9;7.34;5.12;3.72;NA;4.1;3.66;0.26;6.73;57.64;NA;NA;NA;
1;10;6.64;3;3.96;NA;4.47;2.71;0.84;4.33;60.32;NA;NA;NA;
1;11;2.14;2.42;2.67;NA;3.69;2.31;1.28;2.49;14.47;NA;NA;NA;
1;12;2.12;2.52;1.92;NA;3.94;2.08;2.05;2.32;9.97;NA;NA;NA;
1;13;1.52;2.47;3.37;NA;3.32;1.98;3.05;2.61;1.15;NA;NA;NA;
1;14;1.15;0.86;3.7;NA;3.28;2.56;0.66;4.42;1.28;NA;NA;NA;
1;15;1.23;2.78;3.24;NA;3.37;1.67;0.4;4.44;2.16;NA;NA;NA;
1;16;1.27;3.14;3.77;NA;3.96;2.13;0.95;2.69;5.11;NA;NA;NA;
1;17;1.45;2.39;5.04;NA;3.07;2.4;0.79;1.78;3.13;NA;NA;NA;
1;18;1.43;2.12;8.93;NA;4.08;3.1;1.08;1.17;3.37;NA;NA;NA;
1;19;2.03;7.02;7.03;NA;4.73;4.1;1.75;2.3;2.21;NA;NA;NA;
1;20;2.56;3.12;3.16;NA;8.73;3.76;11.59;7.31;5.26;NA;NA;NA;
1;21;2.28;1.84;1.93;NA;8.38;3.33;5.96;18.43;3.39;NA;NA;NA;
1;22;1.8;1.55;1.98;NA;10.62;2.78;4.28;17.47;3.13;NA;NA;NA;
1;23;1.75;5.13;2.64;NA;10.94;2.36;1.22;20.88;3.23;NA;NA;NA;
2;0;1.77;4.57;3.9;NA;17.22;5.22;0.65;ND;5.56;NA;NA;NA;
2;1;ND;5.15;7.84;NA;31.54;ND;ND;10.15;3.42;NA;NA;NA;
2;2;1.82;13.15;2.69;NA;25.31;4.33;0.66;8.14;2.72;NA;NA;NA;
2;3;1.74;11.32;2.33;NA;15.84;5.08;0.58;6.63;3.38;NA;NA;NA;
2;4;2.63;8.97;1.52;NA;11.84;4.51;0.43;5.76;3.32;NA;NA;NA;
2;5;4.19;10.14;1.86;NA;12;5.49;0.45;6.01;5.8;NA;NA;NA;
2;6;7.69;7.77;3.92;NA;18.6;7.13;0.66;7.94;7.21;NA;NA;NA;
2;7;10.63;6.44;9.62;NA;37.4;7.4;0.63;8.91;11.74;NA;NA;NA;
2;8;7.58;6.66;10.67;NA;39.45;7.46;0.84;9.73;12.8;NA;NA;NA;
2;9;9.9;6.52;8.44;NA;10.08;13.06;1.08;7.24;15.86;NA;NA;NA;
2;10;11.37;6.67;9.56;NA;10.21;ND;1.19;10.88;13.19;NA;NA;NA;
2;11;4.75;2.32;4.57;NA;9.39;ND;1.24;11.29;6.54;NA;NA;NA;
2;12;4.24;2.56;3.17;NA;3.58;ND;1.56;5.94;48.06;NA;NA;NA;
2;13;3.02;2.32;2.23;NA;4.43;1.37;1.44;ND;29.96;NA;NA;NA;
2;14;2.26;2.32;2.08;NA;3.33;0.94;1.56;ND;6.89;NA;NA;NA;
2;15;1.88;2.59;2.39;NA;3.48;1.39;2.27;2.34;1.57;NA;NA;NA;
2;16;1.9;2.54;2.9;NA;3.84;1.55;1.64;1.39;0.88;NA;NA;NA;
2;17;2.44;2.11;3.03;NA;4.27;1.66;1.25;0.56;34.18;NA;NA;NA;
2;18;2.74;1.82;5.09;NA;7.56;2.88;1.52;0.15;10.54;NA;NA;NA;
2;19;4.1;2.34;2.12;NA;9.94;2.73;1.92;2.68;3.83;NA;NA;NA;
2;20;3.71;2.71;2.01;NA;17.65;2.71;2.58;2.5;19.14;NA;NA;NA;
2;21;2.81;2.54;1.77;NA;17.95;3.61;1.41;3.55;11.68;NA;NA;NA;
2;22;2.41;2.26;1.34;NA;30.74;3.91;0.67;3.68;7.45;NA;NA;NA;
2;23;2.11;2.8;2.09;NA;24.31;3.67;0.4;3.6;6.69;NA;NA;NA;
3;0;1.65;1.93;5.7;NA;12.65;3.01;0.58;3.86;6.63;NA;NA;NA;
3;1;1.48;ND;ND;NA;ND;3.28;0.47;3.04;ND;NA;NA;NA;
3;2;4.78;1.85;2.91;NA;13.49;3.45;0.47;2.85;8.12;NA;NA;NA;
3;3;5.9;5.26;3.71;NA;10.72;4.49;0.67;2.91;4.95;NA;NA;NA;
3;4;4.95;17.01;2.09;NA;9.24;3.98;0.51;3.36;3.58;NA;NA;NA;
3;5;5.54;14.35;1.39;NA;9.81;3.13;0.96;4.37;4.83;NA;NA;NA;
3;6;11.57;11.65;2.95;NA;19.89;4.83;1.01;7.02;9.61;NA;NA;NA;
3;7;11.36;12.3;3.02;NA;19.1;4.32;0.82;6.25;12.85;NA;NA;NA;
3;8;6.57;8.1;3.46;NA;8.96;4.32;1.36;4.47;7.87;NA;NA;NA;
3;9;2.52;4.9;2.49;NA;4.1;2.59;1.67;1.97;7.55;NA;NA;NA;
3;10;2.46;4.89;2.92;NA;3.29;2.03;1.29;2.96;1.72;NA;NA;NA;
3;11;2.41;9.56;3.54;NA;3.78;2.5;1.03;0.73;ND;NA;NA;NA;
3;12;2.06;5.56;3.14;NA;4.87;2.67;1.05;0.99;ND;NA;NA;NA;
3;13;1.66;1.55;3.36;NA;3.62;1.74;1.82;0;0.97;NA;NA;NA;
3;14;1.47;1.22;2.74;NA;4.44;1.92;1.22;0;ND;NA;NA;NA;
3;15;1.07;1.86;2.5;NA;3.64;1.55;1.16;0.22;1.14;NA;NA;NA;
3;16;1.33;1.72;2.54;NA;4.16;1.46;0.41;0.03;0.49;NA;NA;NA;
3;17;1.44;1.9;2;NA;3.14;1.57;0.49;0;0.39;NA;NA;NA;
3;18;1.21;2.06;4.13;NA;3.84;1.98;0.72;0;2.85;NA;NA;NA;
3;19;1.43;2.08;5.18;NA;6.54;2.9;2.25;0.37;0.74;NA;NA;NA;
3;20;1.42;1.6;4.29;NA;9.48;2.69;5.1;0.02;0.98;NA;NA;NA;
3;21;2.08;1.88;4.31;NA;11.25;2.47;2.64;0;4.03;NA;NA;NA;
3;22;2.1;1.81;3.34;NA;8.41;2.09;2.07;0;2.54;NA;NA;NA;
3;23;1.35;1.36;3.41;NA;5.49;1.79;2.92;0.01;1.59;NA;NA;NA;
4;0;2.16;1.29;3.76;NA;3.8;1.63;2.2;ND;2.74;NA;NA;NA;
4;1;ND;0.84;2.2;NA;3.09;1.65;2.7;0;2.34;NA;NA;NA;
4;2;1.6;0.41;1.85;NA;2.85;1.53;2.57;0;2.96;NA;NA;NA;
4;3;1.63;0.74;2;NA;3.59;1.51;2.68;0;2.12;NA;NA;NA;
4;4;3.14;1.35;2.31;NA;3.44;1.88;3.77;0;6.54;NA;NA;NA;
4;5;3.82;2.51;2.35;NA;10.41;1.71;4.25;0;4.99;NA;NA;NA;
4;6;6.37;3.7;4.04;NA;15.39;5.61;5.8;1.12;5.76;NA;NA;NA;
4;7;7.58;5.42;19.19;NA;69.09;12.3;1.93;2.58;9.04;NA;NA;NA;
4;8;8.21;6.05;6.64;NA;20.72;4.41;1.97;1.73;6.49;NA;NA;NA;
4;9;8.26;4.71;2.99;NA;5.78;3.3;1.41;0.88;8.24;NA;NA;NA;
4;10;4.93;2.12;5.14;NA;4.55;3.27;1.5;2.11;20.91;NA;NA;NA;
4;11;2.62;1.39;4.11;NA;4.78;2.88;1.78;2.48;19.29;NA;NA;NA;
4;12;2.48;2.73;2.46;NA;3.95;1.71;2.47;0.62;6.15;NA;NA;NA;
4;13;3.36;3.37;2.47;NA;4.05;1.69;2.14;2.28;16.82;NA;NA;NA;
4;14;2.54;2.36;3.63;NA;4;1.77;2.1;0;7.32;NA;NA;NA;
4;15;1.88;2.14;3.29;NA;3.39;2.19;3.68;0;4.5;NA;NA;NA;
4;16;1.25;1.93;2.4;NA;2.92;1.82;1.21;0;2.49;NA;NA;NA;
4;17;1.48;1.61;2.92;NA;5.69;2;1.43;0;1.94;NA;NA;NA;
4;18;1.74;1.42;19.29;NA;6.91;2.82;1.93;0;3.02;NA;NA;NA;
4;19;2.4;1.49;14.51;NA;8.07;3.57;9.19;0.36;22.24;NA;NA;NA;
4;20;2.88;1.38;21.16;NA;11.49;4.16;11.2;0;15.12;NA;NA;NA;
4;21;2.65;1.99;11.15;NA;19.38;4.84;5.25;0;4.86;NA;NA;NA;
4;22;3.06;1.19;11.3;NA;12.27;4.44;4.44;0;1.81;NA;NA;NA;
4;23;3.16;0.9;9.12;NA;9.5;4.2;2.42;0;2.73;NA;NA;NA;
5;0;2.36;1.26;8.1;NA;8.27;4.07;1.48;0;4.35;NA;NA;NA;
5;1;3.71;1.73;ND;NA;ND;3.85;1.86;0.15;ND;NA;NA;NA;
5;2;3.25;0.91;11.67;NA;10.2;3.73;2.01;0.32;7.14;NA;NA;NA;
5;3;3.22;1.03;14.37;NA;30.29;4.2;1.5;0.77;6.39;NA;NA;NA;
5;4;4.25;1.83;9.82;NA;17.49;9.16;1.11;1.44;7.99;NA;NA;NA;
5;5;4.51;2.63;8.01;NA;27.56;9.02;1.28;2.54;9.41;NA;NA;NA;
5;6;6.81;4.7;8.71;NA;24.52;6.17;1.02;2.83;10.63;NA;NA;NA;
5;7;7.94;5.93;12.36;NA;34.16;11.82;1.4;3.34;11.01;NA;NA;NA;
5;8;6.71;7.22;9.9;NA;22.95;10.72;2.17;4.47;9.14;NA;NA;NA;
5;9;6.54;6.26;9.16;NA;9.97;5.01;2.25;2.02;6.76;NA;NA;NA;
5;10;4.51;4.18;5.09;NA;4.59;3.22;1.97;0.52;2.8;NA;NA;NA;
5;11;ND;4.55;3.99;NA;3.47;2.54;1.74;1.33;18.25;NA;NA;NA;
5;12;4.57;3.21;2.1;NA;4.12;1.97;3.76;1.48;7.41;NA;NA;NA;
5;13;3.12;3.65;3.71;NA;4.01;2.22;1.49;0.32;13.29;NA;NA;NA;
5;14;2.21;2.2;3.37;NA;4.69;2.35;1.89;0;4.88;NA;NA;NA;
5;15;2.26;1.66;2.77;NA;5.45;2.24;1.81;0;5.43;NA;NA;NA;
5;16;1.9;1.32;2.33;NA;3.64;2.02;1.99;0;12.1;NA;NA;NA;
5;17;2.3;1.04;4.14;NA;3.14;2.59;1.63;0;4.98;NA;NA;NA;
5;18;2.04;1.66;5.51;NA;3.35;2.81;1.88;0;2.52;NA;NA;NA;
5;19;2.33;1.35;6.94;NA;3.78;2.81;2.09;0.15;2.14;NA;NA;NA;
5;20;2.47;1.39;5.7;NA;5.43;3.06;3.85;0;1.39;NA;NA;NA;
5;21;3.26;0.92;4.41;NA;8.79;3.7;4.26;0;3.16;NA;NA;NA;
5;22;1.96;0.4;4.4;NA;10.19;4.75;2.75;0;6.68;NA;NA;NA;
5;23;1.74;0.19;12.65;NA;9.08;4.02;1.96;0;5.23;NA;NA;NA;
6;0;1.8;0.79;4.31;NA;3.5;3.2;1.18;ND;2.1;NA;NA;NA;
6;1;ND;0.32;2.12;NA;2.85;ND;ND;0;2.53;NA;NA;NA;
6;2;1.9;0.3;9.81;NA;6.07;2.05;0.97;0;2.97;NA;NA;NA;
6;3;2.18;1.2;5.81;NA;18.61;4.3;1.36;0;2.88;NA;NA;NA;
6;4;2.04;1.04;2.88;NA;41.65;6.66;0.82;0.06;6.27;NA;NA;NA;
6;5;1.83;1.25;7.46;NA;7.13;3.52;6.51;0.1;10.02;NA;NA;NA;
6;6;3.26;1.44;9.17;NA;8.38;3.93;15.76;0.06;15.28;NA;NA;NA;
6;7;6.14;4.06;9.66;NA;19.98;5.63;9.51;0.57;12.23;NA;NA;NA;
6;8;6.23;6;7.51;NA;19.18;5.08;1.41;1.78;8.37;NA;NA;NA;
6;9;3.16;4.53;2.87;NA;4.76;2.39;1.28;0.21;10.98;NA;NA;NA;
6;10;2.02;1.65;1.99;NA;2.58;1.35;1.16;0.83;3.67;NA;NA;NA;
6;11;1.75;1.41;1.84;NA;2.91;1.49;1.37;0.05;1.03;NA;NA;NA;
6;12;1.71;3.31;1.27;NA;27.29;7.15;2.02;0;2.07;NA;NA;NA;
6;13;3.11;4.13;1.31;NA;9.23;1.68;0.96;0;0.45;NA;NA;NA;
6;14;3.14;3.69;1.53;NA;2.14;1.15;0.88;0;0.72;NA;NA;NA;
6;15;2.38;2.62;2.19;NA;3.95;1.75;1.36;0;0.8;NA;NA;NA;
6;16;2.31;2.79;1.39;NA;3.76;1.55;1.88;0;1.09;NA;NA;NA;
6;17;2.88;1.95;2.79;NA;3.91;2.06;1.8;0.63;1.38;NA;NA;NA;
6;18;3.06;1.92;2.77;NA;5.66;2.2;2.99;0.16;1.93;NA;NA;NA;
6;19;4.26;1.52;4.29;NA;5.22;2.7;2.97;0;1.88;NA;NA;NA;
6;20;9.87;1.89;11.11;NA;7.41;5.96;2.79;0.5;2;NA;NA;NA;
6;21;6.48;1.07;12.61;NA;11.68;8.98;3.73;0;2.04;NA;NA;NA;
6;22;5.52;0.29;11.72;NA;9.62;7.28;6.03;0;1.72;NA;NA;NA;
6;23;6.32;0.56;12.49;NA;7.87;4.67;4.74;0;2.18;NA;NA;NA;
7;0;6.71;0.68;9.63;NA;6.55;3.56;3.05;0;1.33;NA;NA;NA;
7;1;4.09;0.36;ND;NA;ND;2.86;4.13;0;ND;NA;NA;NA;
7;2;3.56;0.35;5.22;NA;4.64;2.49;4.43;0;1.47;NA;NA;NA;
7;3;3.52;0.5;7.35;NA;4.33;2.19;5.29;0;0.9;NA;NA;NA;
7;4;3.66;0.96;4.62;NA;5.39;2.65;7.69;0;1.45;NA;NA;NA;
7;5;4.17;1.48;3.06;NA;5.09;3.36;7.77;0;10.6;NA;NA;NA;
7;6;5.27;4.32;10.95;NA;8.74;3.89;5.35;0.24;6.08;NA;NA;NA;
7;7;6.36;4.87;8.3;NA;43.72;10.7;8.05;0.06;4.32;NA;NA;NA;
7;8;4.68;5.39;4.87;NA;27.92;11.22;5.69;0.5;9.12;NA;NA;NA;
7;9;5.32;5.54;3.81;NA;11.38;3.47;7.74;0;6.66;NA;NA;NA;
7;10;2.47;1.77;2.68;NA;4;2.89;1.96;0.2;9.58;NA;NA;NA;
7;11;2.18;2.03;2.43;NA;4.97;2.41;3.31;0.15;16.16;NA;NA;NA;
7;12;2.68;1.72;2.69;NA;3.06;1.67;5.06;ND;1.42;NA;NA;NA;
7;13;2.64;2.28;3.01;NA;4.39;2.19;2.61;ND;4.79;NA;NA;NA;
7;14;2.82;2.33;3.02;NA;6.1;2.9;2.24;0.05;16.06;NA;NA;NA;
7;15;2.66;1.91;5.35;NA;4.24;2.23;2.1;2.54;1.8;NA;NA;NA;
7;16;2.74;1.33;3.16;NA;5.49;2.46;1.61;1.09;3.12;NA;NA;NA;
7;17;2.37;1.66;5.66;NA;8.22;4.48;1.45;1.99;2.43;NA;NA;NA;
7;18;2.77;2.04;4.96;NA;5.11;4.24;1.58;1.63;3.74;NA;NA;NA;
7;19;4.15;2.32;3.95;NA;5.47;2.01;4;3.72;2.93;NA;NA;NA;
7;20;3.52;2.43;2.62;NA;6.58;1.07;6.59;4.38;5.68;NA;NA;NA;
7;21;3.71;5.71;1.8;NA;23.26;1.81;2.71;1.82;7.8;NA;NA;NA;
7;22;3.29;4.66;5.27;NA;9.18;2.91;1.96;10.62;10.19;NA;NA;NA;
7;23;5.01;5.71;3.43;NA;1.95;2.76;0.89;37.37;13.5;NA;NA;NA;
8;0;6.4;19.1;1.39;NA;1.6;1.29;0.79;ND;7.4;NA;NA;NA;
8;1;ND;16.53;1.21;NA;2.9;ND;ND;8.67;5.09;NA;NA;NA;
8;2;2.97;4.79;1.26;NA;2.47;0.75;1.17;3.53;6.91;NA;NA;NA;
8;3;4;3.61;1.14;NA;1.33;0.49;2.47;4.91;6.34;NA;NA;NA;
8;4;3.6;2.9;4.7;NA;1.33;0.48;1.41;6.12;10.6;NA;NA;NA;
8;5;4.37;2.53;6.34;NA;2.5;1.38;1.39;5.49;10.39;NA;NA;NA;
8;6;7.03;8.29;5.25;NA;11.24;1.68;1.46;7.15;9.3;NA;NA;NA;
8;7;7.85;4.95;5.4;NA;17.1;7.5;1.87;10.49;8.45;NA;NA;NA;
8;8;4.98;5.43;6.24;NA;7.4;6.38;1.99;6.95;3.8;NA;NA;NA;
8;9;3.13;2.35;3.72;NA;3.81;2.68;1.4;2.7;1.46;NA;NA;NA;
8;10;2.01;2.16;2.68;NA;2.83;1.88;1;2.16;1.1;NA;NA;NA;
8;11;1.75;1.4;2.11;NA;2.79;1.93;0.92;0.6;0.66;NA;NA;NA;
8;12;1.34;1.36;1.88;NA;3.52;2.41;1.07;0.49;0.63;NA;NA;NA;
8;13;2.33;0.95;1.86;NA;3.5;0.85;1.04;0.98;0.59;NA;NA;NA;
8;14;1.82;1.21;2.47;NA;2.73;1.39;0.86;1.57;0.9;NA;NA;NA;
8;15;1.77;0.71;1.77;NA;2.48;1.86;1.18;2.84;2.06;NA;NA;NA;
8;16;2.97;1.08;2.55;NA;2.79;1.28;1.43;3.51;4.29;NA;NA;NA;
8;17;2.42;1.22;3.43;NA;2.85;1.45;1.29;2.1;5.39;NA;NA;NA;
8;18;3.17;3.55;4.65;NA;2.75;3.18;1.22;4.48;1.01;NA;NA;NA;
8;19;4.7;6.11;4.2;NA;2.82;5.52;1.07;4.27;0.93;NA;NA;NA;
8;20;4.23;9.35;3.97;NA;4.25;4.95;1.66;5.36;1.6;NA;NA;NA;
8;21;3.58;11.74;3.63;NA;11.72;4.06;1.77;5.96;3.57;NA;NA;NA;
8;22;2.85;6.14;1.95;NA;8.47;2.68;1.4;3.13;4.02;NA;NA;NA;
8;23;4.83;5.88;2.88;NA;3.44;2.22;1.45;3.48;5.86;NA;NA;NA;
9;0;3.73;9.54;1.67;NA;2.57;1.92;0.8;ND;6.99;NA;NA;NA;
9;1;2.49;6.75;ND;NA;ND;1.06;0.88;4.82;ND;NA;NA;NA;
9;2;2.55;4.96;1.45;NA;11.17;2.35;0.6;3.35;2.26;NA;NA;NA;
9;3;3.44;4.47;1.54;NA;6.58;4.82;0.61;2.57;0.83;NA;NA;NA;
9;4;3.32;4.52;1.29;NA;11.41;2.63;0.59;1.84;3.31;NA;NA;NA;
9;5;4.11;2.57;1.07;NA;10.95;3.44;0.48;6.79;6.43;NA;NA;NA;
9;6;6.15;7.35;2.22;NA;13.64;3.27;1.18;7.46;5.44;NA;NA;NA;
9;7;3.53;8.39;3.28;NA;15.1;3.66;1.39;8.59;7.31;NA;NA;NA;
9;8;2.93;3.1;2.76;NA;8.28;2.89;1.26;5.22;3.28;NA;NA;NA;
9;9;2.13;1.96;2.81;NA;3.04;1.25;0.99;1.78;1.74;NA;NA;NA;
9;10;1.43;1.53;2.04;NA;2.87;1.35;1.15;0.51;1.63;NA;NA;NA;
9;11;1.59;1.44;2.37;NA;3.45;1.69;0.76;0.01;1.89;NA;NA;NA;
9;12;2.17;1.55;3.52;NA;2.7;1.64;0.87;2.85;0.95;NA;NA;NA;
9;13;1.71;0.99;2.25;NA;2.44;1.56;0.86;0.46;6.05;NA;NA;NA;
9;14;2.75;1.81;1.98;NA;4.94;1.26;0.96;1.04;0.71;NA;NA;NA;
9;15;2.27;1.33;1.95;NA;2.29;1.77;0.55;0.78;0.76;NA;NA;NA;
9;16;2.42;1.78;1.9;NA;3.44;3.23;0.84;0.28;0.6;NA;NA;NA;
9;17;2.04;1.4;2.74;NA;2.62;2.2;0.69;0.13;1.1;NA;NA;NA;
9;18;3.69;1.42;2.22;NA;3.79;2.94;0.86;0.43;1.17;NA;NA;NA;
9;19;5.05;1.42;2.12;NA;3.73;1.45;1;0.08;1.17;NA;NA;NA;
9;20;3.98;1.85;6.65;NA;3.01;1.86;0.56;2.19;1.48;NA;NA;NA;
9;21;8.54;1.78;3.36;NA;4.27;2.27;0.6;7.04;4.53;NA;NA;NA;
9;22;6.46;2.24;5.41;NA;8.28;1.86;0.53;8.26;5.92;NA;NA;NA;
9;23;4.75;2.56;1.88;NA;13.52;3.13;0.36;5.29;2.74;NA;NA;NA;
10;0;2.8;3.46;1.22;NA;5.28;2.54;0.16;ND;5.84;NA;NA;NA;
10;1;ND;1.49;0.83;NA;4.79;ND;ND;3.33;4.32;NA;NA;NA;
10;2;3.51;1.91;1.14;NA;6.42;2.2;0.83;2.6;4.11;NA;NA;NA;
10;3;3.86;3.63;1.41;NA;4.93;2.62;0.88;2.37;4.42;NA;NA;NA;
10;4;4.88;5.32;1.1;NA;5.94;2.58;1.5;4.59;3.65;NA;NA;NA;
10;5;5.83;5.8;0.97;NA;6.85;2.96;1.1;7.66;3.93;NA;NA;NA;
10;6;7.22;7.76;1.97;NA;12.81;4.26;0.91;6.91;5.66;NA;NA;NA;
10;7;4.41;5.78;3.11;NA;9.72;4.09;1.17;7.18;6.43;NA;NA;NA;
10;8;5.99;5.01;3.08;NA;2.44;3.63;10.81;3.69;2.27;NA;NA;NA;
10;9;3.15;3.97;2.15;NA;2.64;2.05;12.97;3.44;3.02;NA;NA;NA;
10;10;3.36;2.45;2.71;NA;2.38;1.47;3.36;0.3;1.05;NA;NA;NA;
10;11;1.6;1.65;2.37;NA;3.3;2.56;1.52;0.6;0.69;NA;NA;NA;
10;12;1.42;2.06;1.98;NA;3.89;1.85;0.98;1.8;0.89;NA;NA;NA;
10;13;ND;1.49;3.71;NA;1.52;1.42;0.62;1.18;0.75;NA;NA;NA;
10;14;ND;2.07;4.16;NA;2.27;1.77;0.74;0.29;0.97;NA;NA;NA;
10;15;1.4;1.03;2.04;NA;2.85;1.97;0.76;0;1.16;NA;NA;NA;
10;16;1.04;1.22;4.55;NA;2.8;1.76;1.28;0;0.88;NA;NA;NA;
10;17;0.96;2.09;4.2;NA;1.79;2.3;2.37;0;1.28;NA;NA;NA;
10;18;1.1;3.15;5.08;NA;2.81;2.26;0.77;0;0.89;NA;NA;NA;
10;19;1.28;2.83;3.49;NA;3.64;2.2;0.84;3.89;1.68;NA;NA;NA;
10;20;1.03;1.6;5.09;NA;3.11;3.1;0.62;0.89;2.43;NA;NA;NA;
10;21;1.8;1.09;5.25;NA;3.33;3.97;0.58;3.69;1.6;NA;NA;NA;
10;22;2.58;1.17;2.22;NA;3.58;4.33;0.51;4.37;0.91;NA;NA;NA;
10;23;2.34;1.56;2.04;NA;3.17;4.73;0.75;3.87;0.43;NA;NA;NA;
11;0;1.48;6.88;1.6;NA;2.76;3.24;0.92;ND;0.53;NA;NA;NA;
11;1;1.75;6.62;ND;NA;ND;2.74;0.58;4.58;ND;NA;NA;NA;
11;2;3.3;6.13;1.49;NA;2.54;3.22;0.57;3.22;0.72;NA;NA;NA;
11;3;3.63;3.84;1.91;NA;2.82;3.82;1.22;3.27;2.05;NA;NA;NA;
11;4;3.25;5.23;1.25;NA;4.01;2.44;0.91;5.75;1.36;NA;NA;NA;
11;5;4.63;4.84;1.21;NA;8.11;2.58;1.13;6.61;1.46;NA;NA;NA;
11;6;5.42;8.04;2.13;NA;9.32;3.89;1.1;7.27;5.53;NA;NA;NA;
11;7;5.98;7.91;2.55;NA;6.71;4.67;1.24;8.32;8;NA;NA;NA;
11;8;5.9;5.01;3.43;NA;4.53;4.63;1.33;5.09;1.67;NA;NA;NA;
11;9;4.1;3.3;5.01;NA;3.42;2.45;1.6;1.89;1.13;NA;NA;NA;
11;10;4.91;4.45;5.15;NA;3.97;3.14;1.28;3.12;0.83;NA;NA;NA;
11;11;3.53;3.41;2.84;NA;3.19;1.93;1.49;2.95;0.8;NA;NA;NA;
11;12;3.47;1.93;2.88;NA;1.7;1.58;1.03;1.98;0.71;NA;NA;NA;
11;13;1.52;2.38;2.49;NA;3.2;2.28;0.67;0.47;0.54;NA;NA;NA;
11;14;1.23;1.82;2.66;NA;4.5;2.3;0.74;0.75;0.41;NA;NA;NA;
11;15;1.63;2.53;1.95;NA;0.84;1.36;1.69;0.53;0.6;NA;NA;NA;
11;16;1.44;1.67;2.01;NA;1.91;1.39;1.96;0.66;0.56;NA;NA;NA;
11;17;1.44;1.9;2.17;NA;2.24;1.39;2.14;0.21;0.74;NA;NA;NA;
11;18;1.81;3.1;3.64;NA;2.46;1.55;1.58;0;0.86;NA;NA;NA;
11;19;3.01;3.28;3.58;NA;2.46;2.14;0.99;0.84;0.63;NA;NA;NA;
11;20;2.51;5.35;3.12;NA;2.39;2.34;0.68;2.92;0.58;NA;NA;NA;
11;21;2.35;7.09;2.78;NA;5.41;2.99;0.67;3.71;13.54;NA;NA;NA;
11;22;3.29;4.76;1.99;NA;7.55;2.96;0.86;12.5;14.76;NA;NA;NA;
11;23;3.03;1.66;1.53;NA;5.37;2.8;0.99;8.97;2.71;NA;NA;NA;
12;0;3.25;1.5;1.32;NA;8.3;2.98;0.8;ND;1.58;NA;NA;NA;
12;1;ND;1.29;1.17;NA;9;ND;ND;4.77;1.46;NA;NA;NA;
12;2;2.93;1.01;1.14;NA;10.52;2.79;0.81;3.81;5.05;NA;NA;NA;
12;3;3.04;2.44;1.55;NA;4.85;5.58;0.95;3.64;2.81;NA;NA;NA;
12;4;3.45;3.88;1.03;NA;6.99;3.83;1;2.06;4.7;NA;NA;NA;
12;5;3.86;3.64;1.34;NA;4.78;3.61;0.91;4.52;2.42;NA;NA;NA;
12;6;3.66;4.88;1.52;NA;9.38;2.74;1.1;5.72;2.84;NA;NA;NA;
12;7;2.68;5.08;8.37;NA;5.6;3.61;1.57;6.24;2.33;NA;NA;NA;
12;8;2.23;3.74;8.01;NA;3.47;4.01;1.17;1.9;1.06;NA;NA;NA;
12;9;2.01;2.46;2.09;NA;3.48;3.07;0.92;1.79;0.68;NA;NA;NA;
12;10;1.63;1.56;2.08;NA;2.03;1.08;1.71;1.1;0.95;NA;NA;NA;
12;11;1.49;1.64;1.38;NA;2.06;0.92;1.39;0.5;0.34;NA;NA;NA;
12;12;1.09;1.74;1.41;NA;2.69;0.84;0.7;0.18;0.74;NA;NA;NA;
12;13;1.13;1.7;1.09;NA;2.62;0.75;0.71;0.18;0.43;NA;NA;NA;
12;14;1.33;1.87;1.16;NA;2.37;0.7;0.96;0.22;0.36;NA;NA;NA;
12;15;1.42;1.19;0.9;NA;2.01;0.6;0.72;0.31;0.5;NA;NA;NA;
12;16;1.16;0.98;1.06;NA;2.36;0.62;0.95;0;0.42;NA;NA;NA;
12;17;1.39;1.51;1.4;NA;2.32;0.62;0.61;0;0.53;NA;NA;NA;
12;18;1.41;2.54;1.4;NA;5.54;1.43;1.06;0.67;0.61;NA;NA;NA;
12;19;1.95;3.42;2.83;NA;5.83;2.18;0.92;0.64;1.1;NA;NA;NA;
12;20;2.61;1.85;2.32;NA;5.49;1.93;0.72;2.08;1.74;NA;NA;NA;
12;21;2.63;2.38;1.64;NA;4.4;3;0.8;2.6;1.11;NA;NA;NA;
12;22;1.94;5.77;1.78;NA;4.2;1.62;2.63;0.22;5.55;NA;NA;NA;
12;23;2.87;4.22;1.29;NA;3.76;2;2.53;3.04;8.82;NA;NA;NA;
13;0;3.07;3.55;1.63;NA;4.03;1.88;0.58;ND;3.48;NA;NA;NA;
13;1;1.91;2.37;ND;NA;ND;1.51;0.7;0.18;ND;NA;NA;NA;
13;2;1.21;3.59;1.23;NA;4.75;1;1.02;1.66;3.54;NA;NA;NA;
13;3;1.45;1.48;1.35;NA;4.7;0.71;0.63;0.57;2.3;NA;NA;NA;
13;4;1.22;1.18;1.09;NA;4.26;0.68;0.73;0.73;1.91;NA;NA;NA;
13;5;1.26;0.75;0.99;NA;10.05;3.2;1.16;1.4;1.73;NA;NA;NA;
13;6;1.42;1.31;0.99;NA;15.56;5.03;1.13;1.38;5.79;NA;NA;NA;
13;7;1.69;2.25;1.89;NA;13.72;6.93;1.44;0.23;7.3;NA;NA;NA;
13;8;1.36;1.31;1.43;NA;6.77;1.8;0.9;2.43;3.28;NA;NA;NA;
13;9;1.05;0.57;0.89;NA;3.56;1.01;1.12;0;0.89;NA;NA;NA;
13;10;1.14;0.51;1.06;NA;4;0.68;1.42;10.6;0.53;NA;NA;NA;
13;11;1.09;1.02;0.97;NA;4.36;0.45;1.04;0.24;0.47;NA;NA;NA;
13;12;0.86;0.76;0.83;NA;4.35;0.65;0.75;0.86;0.49;NA;NA;NA;
13;13;1.05;0.7;0.87;NA;4.69;0.58;0.65;0.28;0.33;NA;NA;NA;
13;14;0.75;0.48;0.87;NA;4.52;0.44;0.38;0;0.24;NA;NA;NA;
13;15;0.76;0.54;0.94;NA;4.23;0.77;0.52;0;0.38;NA;NA;NA;
13;16;0.66;0.87;0.76;NA;4.25;0.64;0.62;0;0.28;NA;NA;NA;
13;17;0.96;0.76;0.8;NA;4.41;0.44;0.61;0.31;0.29;NA;NA;NA;
13;18;0.99;1.92;1.1;NA;4.23;0.63;0.57;0;0.68;NA;NA;NA;
13;19;1.65;2.2;1.62;NA;6.48;4.04;1.26;2.23;0.43;NA;NA;NA;
13;20;2.02;1.98;2.18;NA;7.56;4.6;0.51;0.05;0.93;NA;NA;NA;
13;21;3.51;3.61;2.6;NA;5.35;4.77;0.66;1.33;1.29;NA;NA;NA;
13;22;3.31;4.12;1.51;NA;4.06;3.23;0.47;1;0.85;NA;NA;NA;
13;23;3.77;3.25;0.69;NA;5.27;3.02;0.43;2.39;0.55;NA;NA;NA;
14;0;3.41;3.84;0.91;NA;7.03;3.04;0.54;ND;1.23;NA;NA;NA;
14;1;ND;3.39;2.18;NA;4.27;ND;ND;0.96;2.11;NA;NA;NA;
14;2;3.58;3.86;1.35;NA;5.85;2.71;0.78;0.65;2.1;NA;NA;NA;
14;3;3.73;3.72;1.21;NA;9.69;1.92;0.77;0.1;1.86;NA;NA;NA;
14;4;3.82;3.43;2.23;NA;11.68;4.54;0.7;0.52;1.68;NA;NA;NA;
14;5;5.66;2.23;6.33;NA;13.81;5.37;0.72;0.2;1.89;NA;NA;NA;
14;6;5.46;2.08;2.99;NA;19.85;3.7;1.34;0.63;2.35;NA;NA;NA;
14;7;4.25;2.13;3.27;NA;19.44;3.07;0.99;0.97;2.91;NA;NA;NA;
14;8;5.5;3.09;4.16;NA;7.45;3.9;0.99;0.96;4.5;NA;NA;NA;
14;9;3.93;2.28;3.5;NA;4.98;2.47;0.96;0.39;22.52;NA;NA;NA;
14;10;2.12;ND;2.3;NA;5.16;1.77;0.78;1.18;7.89;NA;NA;NA;
14;11;2.03;2.03;2.31;NA;ND;1.92;1.15;1.44;1.4;NA;NA;NA;
14;12;1.57;2.03;1.63;NA;4.8;0.81;0.86;0;0.53;NA;NA;NA;
14;13;1.56;1.92;1.54;NA;2.55;0.63;1.32;1.91;0.56;NA;NA;NA;
14;14;1.44;2.73;1.34;NA;1.56;0.6;0.59;0.93;0.38;NA;NA;NA;
14;15;1.52;3.84;1.53;NA;1.3;0.6;0.94;0.04;0.49;NA;NA;NA;
14;16;1.59;3.5;1.47;NA;2.17;0.86;0.55;0.19;0.54;NA;NA;NA;
14;17;2.45;1.9;1.99;NA;2.28;7.9;1.03;0.12;0.87;NA;NA;NA;
14;18;2.07;1.89;2.57;NA;6.01;6.06;2.88;0;0.84;NA;NA;NA;
14;19;3.32;2.25;1.95;NA;12.97;1.05;2.03;2.19;0.77;NA;NA;NA;
14;20;4.04;3.35;2.27;NA;12.23;1.86;1.11;0.26;1.94;NA;NA;NA;
14;21;3.92;4.75;4.7;NA;6.47;8.34;0.72;2.74;2.62;NA;NA;NA;
14;22;3.26;5.03;4.49;NA;6.82;4.95;0.44;0.55;2.65;NA;NA;NA;
14;23;6.25;5.07;1.66;NA;9.19;3.26;0.49;1.42;2.59;NA;NA;NA;
15;0;3.19;3.52;3.52;NA;8.35;3.49;1;0.18;1.66;NA;NA;NA;
15;1;2.02;ND;ND;NA;ND;4.56;0.99;0.18;ND;NA;NA;NA;
15;2;4.4;3.25;8.54;NA;0.97;4.9;0.93;0.15;1.18;NA;NA;NA;
15;3;3.87;3.08;5.76;NA;3.28;7.69;0.89;0.05;1.04;NA;NA;NA;
15;4;2.96;5.79;2.34;NA;10.81;4.21;1.25;0.81;2.48;NA;NA;NA;
15;5;4.27;6.51;1.89;NA;12.23;3.22;1.37;1.25;2.53;NA;NA;NA;
15;6;4.44;5.09;2.5;NA;13.6;3.72;0.98;1.82;3.4;NA;NA;NA;
15;7;5.62;5.63;2.7;NA;12;4.03;1.06;1.98;3.82;NA;NA;NA;
15;8;2.83;5.55;1.92;NA;7.11;3.35;1.24;0.55;15.9;NA;NA;NA;
15;9;2.47;3.83;2.61;NA;0.82;2.16;3.07;1.48;5.49;NA;NA;NA;
15;10;1.96;2.96;1.71;NA;1.82;1.56;1.49;0;2.08;NA;NA;NA;
15;11;1.69;2.97;1.59;NA;2.58;0.94;1.23;0.06;0.74;NA;NA;NA;
15;12;1.68;2.96;1.78;NA;2.1;0.68;1.2;3.18;0.71;NA;NA;NA;
15;13;1.72;2.13;1.49;NA;2.57;0.73;0.88;ND;0.75;NA;NA;NA;
15;14;1.51;2.4;1.42;NA;1.41;0.53;1.05;ND;0.53;NA;NA;NA;
15;15;1.97;1.66;1.47;NA;1.89;0.94;0.98;0.16;0.42;NA;NA;NA;
15;16;1.6;1.47;1.55;NA;2.37;1.14;1.07;0.08;0.6;NA;NA;NA;
15;17;2.16;1.97;1.96;NA;4.1;1.17;1.18;0.37;0.4;NA;NA;NA;
15;18;3.33;2.45;2.08;NA;7.21;0.96;2.51;0.04;0.83;NA;NA;NA;
15;19;6.36;2.25;2.45;NA;2.88;3.2;1.06;0.32;0.93;NA;NA;NA;
15;20;3.28;2.08;3.77;NA;1.92;4.41;1;1.16;3.74;NA;NA;NA;
15;21;3.58;1.94;2.86;NA;12.23;3.79;0.66;0.52;5.19;NA;NA;NA;
15;22;3.22;2.43;2.51;NA;8.51;5.37;0.21;1.19;2.43;NA;NA;NA;
15;23;4.58;3.03;3.01;NA;11.61;4.24;0.39;1.27;2.9;NA;NA;NA;
16;0;6.42;1.82;3.01;NA;12.53;4.37;0.59;ND;7.14;NA;NA;NA;
16;1;ND;1.89;2.31;NA;7.88;ND;ND;5.07;10.57;NA;NA;NA;
16;2;3.09;2.21;1.8;NA;9.86;2.5;0.5;4.95;11.98;NA;NA;NA;
16;3;4.24;2.95;2.94;NA;10.38;4.27;0.66;4.65;13.03;NA;NA;NA;
16;4;6.3;3.4;1.66;NA;11.02;2.23;0.48;7.19;8.73;NA;NA;NA;
16;5;9.71;3.84;1.39;NA;3.59;0.91;0.65;9.35;9.78;NA;NA;NA;
16;6;9.63;3.42;2.26;NA;29.44;4.08;0.75;9.3;12.5;NA;NA;NA;
16;7;6.25;2.5;2.84;NA;29.65;10.69;0.8;7.96;18.6;NA;NA;NA;
16;8;2.27;2.47;2.26;NA;8.73;1.91;1.37;1.65;10.78;NA;NA;NA;
16;9;1.82;1.9;1.96;NA;1.33;1.61;1.61;0.08;1.17;NA;NA;NA;
16;10;1.64;1.61;1.46;NA;2.19;1.16;1.34;0.05;0.88;NA;NA;NA;
16;11;1.8;2.36;1.65;NA;3.64;0.64;1.3;0;0.62;NA;NA;NA;
16;12;1.76;2.59;1.59;NA;3.5;0.96;1.02;0;0.47;NA;NA;NA;
16;13;1.7;2.18;1.56;NA;3.87;0.7;1.09;0;0.4;NA;NA;NA;
16;14;1.56;2.25;1.71;NA;3.31;1.16;0.75;0.04;0.52;NA;NA;NA;
16;15;1.52;2.7;1.56;NA;3.01;1.17;0.83;0.45;0.42;NA;NA;NA;
16;16;1.94;2.45;1.46;NA;1.93;1.73;0.61;0.12;0.5;NA;NA;NA;
16;17;2.76;1.65;1.94;NA;1.67;1.6;0.48;0.51;0.77;NA;NA;NA;
16;18;1.82;1.96;2.04;NA;1.84;2.55;0.64;0.18;1.07;NA;NA;NA;
16;19;2.34;3.79;2.35;NA;2.98;2.76;1.62;0;1.19;NA;NA;NA;
16;20;4.5;3.08;3.35;NA;1.31;2.32;1.03;1.42;1.67;NA;NA;NA;
16;21;4.51;3.04;3.4;NA;5.84;3.56;0.68;3.27;3.22;NA;NA;NA;
16;22;3.88;3.39;3.89;NA;10.91;4.89;0.43;5.47;4.2;NA;NA;NA;
16;23;3.89;3.44;1.92;NA;13.08;4.06;0.6;5.39;5.91;NA;NA;NA;
17;0;5.7;4.13;2.64;NA;21.95;5.7;0.4;6.54;7.19;NA;NA;NA;
17;1;5.03;ND;ND;NA;ND;4.12;0.49;6.32;ND;NA;NA;NA;
17;2;4.24;3.91;1.38;NA;10.15;3.52;0.52;5.2;6.02;NA;NA;NA;
17;3;3.63;3.33;1.21;NA;13.17;4.93;0.46;5.17;6.53;NA;NA;NA;
17;4;3.24;3.36;2.54;NA;10.56;5.5;0.65;5.93;4.56;NA;NA;NA;
17;5;5.08;2.97;3.03;NA;12.72;3.78;0.38;5.04;5.91;NA;NA;NA;
17;6;12.78;3.35;4.38;NA;15.93;5.19;0.79;7.74;10.31;NA;NA;NA;
17;7;5.71;5.29;5.08;NA;16.85;5.15;0.62;7.61;15.21;NA;NA;NA;
17;8;2.8;3.63;2.6;NA;5.33;2.44;0.53;3.18;8.09;NA;NA;NA;
17;9;2.02;3.13;2.63;NA;1.09;1.63;0.8;1.36;1.76;NA;NA;NA;
17;10;1.46;2.51;1.67;NA;1.55;0.91;1.39;1.82;1.85;NA;NA;NA;
17;11;1.35;2.09;1.83;NA;1.06;0.89;1.12;1.21;1.47;NA;NA;NA;
17;12;1.49;2.37;1.76;NA;1.72;1.18;0.65;ND;0.75;NA;NA;NA;
17;13;1.58;2.05;1.64;NA;1.46;1.5;0.44;ND;0.59;NA;NA;NA;
17;14;1.23;2.67;1.49;NA;2.16;1.41;0.79;ND;0.62;NA;NA;NA;
17;15;1.23;2.06;1.39;NA;1.3;1.24;0.76;ND;0.73;NA;NA;NA;
17;16;1.78;1.7;1.79;NA;0.94;1.59;1.2;ND;0.64;NA;NA;NA;
17;17;1.95;1.74;2.79;NA;1.66;1.65;1.21;ND;0.52;NA;NA;NA;
17;18;1.81;1.88;2.75;NA;2.14;1.74;0.74;ND;1.31;NA;NA;NA;
17;19;2.35;1.96;2.86;NA;1.78;2.14;0.91;ND;1.55;NA;NA;NA;
17;20;2.51;3.12;2.49;NA;1.85;3.93;0.78;ND;1.17;NA;NA;NA;
17;21;1.27;2.88;2.27;NA;1.45;4.15;1.18;ND;1.37;NA;NA;NA;
17;22;1.61;3.81;2.05;NA;1.86;3.91;0.75;ND;1.42;NA;NA;NA;
17;23;1.82;3.58;1.2;NA;3.5;2.73;0.31;ND;2.1;NA;NA;NA;
18;0;1.75;3.1;0.95;NA;2.28;1.8;0.61;ND;1.64;NA;NA;NA;
18;1;ND;4.57;1.63;NA;2.07;ND;ND;ND;4.24;NA;NA;NA;
18;2;2.69;5.41;1.28;NA;2.5;4.07;0.95;ND;2.53;NA;NA;NA;
18;3;1.85;4.18;1.51;NA;4.84;4.82;0.8;ND;2.79;NA;NA;NA;
18;4;1.85;3.86;1.41;NA;3.31;4.37;0.74;ND;3.65;NA;NA;NA;
18;5;0.96;3.27;1.33;NA;7.98;4.35;1.17;ND;4.3;NA;NA;NA;
18;6;1.71;5.87;1.95;NA;8.45;4.39;1.01;ND;5.63;NA;NA;NA;
18;7;2.23;5.83;2.19;NA;3.54;5;1.07;ND;5.51;NA;NA;NA;
18;8;2.45;5.37;3;NA;1.34;3.78;0.86;ND;2.7;NA;NA;NA;
18;9;2.54;3.82;2.87;NA;0.1;1.59;0.8;ND;1.5;NA;NA;NA;
18;10;1.79;3.33;2.59;NA;1.21;1.73;0.92;ND;2.89;NA;NA;NA;
18;11;1.23;2.57;2.34;NA;0.93;2.94;0.78;ND;0.73;NA;NA;NA;
18;12;1.21;2.64;1.71;NA;0.84;1.7;0.82;ND;0.66;NA;NA;NA;
18;13;1.07;3.17;1.57;NA;1.08;1.56;0.73;ND;0.53;NA;NA;NA;
18;14;1.16;2.75;2.6;NA;1;0.79;0.75;ND;0.39;NA;NA;NA;
18;15;1.43;2.72;2.1;NA;0.93;0.6;1.42;ND;0.47;NA;NA;NA;
18;16;1.24;3.3;1.88;NA;1.08;1.17;4.2;ND;0.8;NA;NA;NA;
18;17;2.33;2.57;2.21;NA;1.33;1.67;0.92;ND;1;NA;NA;NA;
18;18;2.52;2.13;2.38;NA;1.28;2.31;0.96;ND;0.9;NA;NA;NA;
18;19;2.13;1.98;3.29;NA;1.45;2.86;1.2;ND;1.53;NA;NA;NA;
18;20;3.58;2.39;2.89;NA;1.78;4.72;6.07;ND;1;NA;NA;NA;
18;21;1.78;3.12;2.3;NA;1.44;3.98;1.23;ND;0.82;NA;NA;NA;
18;22;1.27;3.55;1.94;NA;0.93;3.14;1.04;ND;0.66;NA;NA;NA;
18;23;0.97;4.69;2.07;NA;0.86;3.62;1.08;ND;0.63;NA;NA;NA;
19;0;1;5.44;1.79;NA;0.84;3.47;0.98;ND;0.66;NA;NA;NA;
19;1;0.85;ND;ND;NA;ND;2.81;0.65;ND;ND;NA;NA;NA;
19;2;0.98;3.27;1.45;NA;1.01;2.43;0.9;ND;1.08;NA;NA;NA;
19;3;1.59;4.72;1.54;NA;2.68;2.94;0.84;ND;1.27;NA;NA;NA;
19;4;1.63;3.79;1.56;NA;0.56;3.2;0.92;ND;2.25;NA;NA;NA;
19;5;0.98;3.27;1.5;NA;1.1;3.37;0.88;ND;2.45;NA;NA;NA;
19;6;1.24;3.6;1.52;NA;1.84;3.57;1.28;ND;1.9;NA;NA;NA;
19;7;1.35;3.99;2.04;NA;1.42;4.32;1.21;ND;2.63;NA;NA;NA;
19;8;1.47;3.04;10.02;NA;2.93;3.83;1.15;ND;1.64;NA;NA;NA;
19;9;1.88;2.66;2.05;NA;0.91;1.72;1.49;ND;1.13;NA;NA;NA;
19;10;1.29;2.41;1.72;NA;1.6;1.41;1.24;ND;0.96;NA;NA;NA;
19;11;1.48;2;1.83;NA;1.83;2.77;1.15;ND;0.55;NA;NA;NA;
19;12;1.26;1.94;1.34;NA;0.5;1.03;1.12;ND;0.43;NA;NA;NA;
19;13;1.11;1.89;1.44;NA;0.95;1.17;1.1;ND;0.16;NA;NA;NA;
19;14;1.41;1.53;1.4;NA;0.89;1.78;1.06;ND;0.25;NA;NA;NA;
19;15;1.18;1.66;1.11;NA;1.64;2.29;1.15;ND;0.43;NA;NA;NA;
19;16;1.26;2.01;1.16;NA;2.96;1.26;1.13;ND;0.33;NA;NA;NA;
19;17;1.44;2.16;1.27;NA;2.99;1.45;1.08;ND;0.14;NA;NA;NA;
19;18;1.2;2;1.44;NA;5.09;1.5;1.19;ND;0.59;NA;NA;NA;
19;19;1.76;2.36;1.89;NA;2.98;3.58;0.97;ND;1.11;NA;NA;NA;
19;20;2.08;2.15;3.3;NA;2.13;3.09;0.97;ND;1.78;NA;NA;NA;
19;21;2.16;2.46;2.39;NA;0.52;4.55;0.9;ND;0.82;NA;NA;NA;
19;22;1.69;2.85;1.79;NA;1.13;4.55;0.75;ND;2.49;NA;NA;NA;
19;23;1.44;2.52;1.16;NA;3.99;3.35;0.78;ND;2.07;NA;NA;NA;
20;0;0.96;2.68;1;NA;8.78;2.18;0.85;ND;1.63;NA;NA;NA;
20;1;ND;2.71;0.92;NA;2.15;ND;ND;ND;1.81;NA;NA;NA;
20;2;1.81;2.07;0.99;NA;0.76;2.64;0.98;ND;0.88;NA;NA;NA;
20;3;3;2.98;1.01;NA;0.95;2.16;0.87;ND;1.43;NA;NA;NA;
20;4;2.65;5.82;0.98;NA;4.15;1.99;0.77;ND;2.19;NA;NA;NA;
20;5;2.48;5.38;0.81;NA;1.4;2.32;0.87;ND;4.38;NA;NA;NA;
20;6;3.87;5.78;0.99;NA;3.09;2.17;0.8;ND;5.42;NA;NA;NA;
20;7;4.89;4.82;1.35;NA;2.43;3.97;0.9;ND;6.4;NA;NA;NA;
20;8;2.08;3.46;1.46;NA;0.44;3.16;0.98;ND;3.2;NA;NA;NA;
20;9;1.45;2.92;1.44;NA;2.54;1.87;1.09;ND;0.84;NA;NA;NA;
20;10;1.22;2.4;1.73;NA;0.82;1.04;1.13;ND;0.55;NA;NA;NA;
20;11;1.04;2.1;1.27;NA;0.44;0.75;1.14;ND;0.86;NA;NA;NA;
20;12;1.02;1.56;1.52;NA;0.52;0.86;0.97;ND;1.13;NA;NA;NA;
20;13;1.06;1.8;1.24;NA;0.82;1.09;1.18;ND;0.64;NA;NA;NA;
20;14;1.01;1.93;1.07;NA;0.78;0.6;1.29;ND;0.45;NA;NA;NA;
20;15;1.29;1.63;1.13;NA;0.5;0.79;1.46;ND;0.42;NA;NA;NA;
20;16;0.92;1.65;1.3;NA;1.41;0.85;1.33;ND;0.58;NA;NA;NA;
20;17;1.14;1.83;1.63;NA;1.13;1.03;1.34;ND;0.45;NA;NA;NA;
20;18;1.46;2.09;2.17;NA;1.64;0.94;1.47;ND;1.2;NA;NA;NA;
20;19;2.23;2.36;2.52;NA;1.83;0.85;1.84;ND;5.44;NA;NA;NA;
20;20;2.42;2.52;2.73;NA;5.12;1.56;1.2;ND;13.44;NA;NA;NA;
20;21;2.65;2.61;3.65;NA;7.05;2.51;1.01;ND;1.73;NA;NA;NA;
20;22;2.22;2.19;4.79;NA;3.31;3.38;0.73;ND;6.12;NA;NA;NA;
20;23;1.74;1.89;1.39;NA;8.09;2.26;0.65;ND;5.17;NA;NA;NA;
21;0;1.52;2.12;0.86;NA;3.53;2.56;0.62;ND;3.06;NA;NA;NA;
21;1;1.61;ND;ND;NA;ND;1.68;0.88;ND;ND;NA;NA;NA;
21;2;1.49;1.56;0.8;NA;6.17;1.61;0.9;ND;0.81;NA;NA;NA;
21;3;1.77;2.03;0.98;NA;4.78;1.84;0.96;ND;0.64;NA;NA;NA;
21;4;1.9;1.94;2.63;NA;5.49;2.49;0.91;ND;0.43;NA;NA;NA;
21;5;3;2.87;3.01;NA;9.4;3.17;1.16;ND;0.39;NA;NA;NA;
21;6;7.49;5.51;3.89;NA;13.03;3.74;1.24;ND;0.68;NA;NA;NA;
21;7;7.66;8.42;7.23;NA;9.93;4.11;1.49;ND;0.88;NA;NA;NA;
21;8;5.8;6.35;2.94;NA;5.82;1.99;1.44;ND;3.61;NA;NA;NA;
21;9;1.8;4.37;2.33;NA;0.9;1;1.43;ND;4.45;NA;NA;NA;
21;10;1.89;2.6;2.2;NA;2.64;1.59;3.52;ND;1.21;NA;NA;NA;
21;11;1.74;2.52;1.54;NA;5.17;1.46;1.58;ND;0.52;NA;NA;NA;
21;12;3.02;3.21;2.57;NA;2.57;1.7;1.06;ND;0.63;NA;NA;NA;
21;13;5.64;9.07;3.18;NA;3.3;2.38;1.27;ND;0.41;NA;NA;NA;
21;14;6.09;3.59;3.57;NA;2.72;2.44;1.51;ND;0.55;NA;NA;NA;
21;15;4.06;3.25;2.02;NA;5.13;1.58;1.23;ND;0.4;NA;NA;NA;
21;16;2.76;2.41;3.79;NA;3.71;2.05;1.31;ND;0.6;NA;NA;NA;
21;17;1.73;2.1;6.1;NA;8.66;2.51;2.04;ND;0.56;NA;NA;NA;
21;18;1.67;1.58;3.68;NA;10.94;2.66;1.66;ND;2.29;NA;NA;NA;
21;19;1.47;2.15;3.65;NA;6.57;2.24;1.72;ND;2.96;NA;NA;NA;
21;20;2.85;2.18;11.05;NA;5.42;2.03;2.99;ND;5.45;NA;NA;NA;
21;21;3.3;2.15;3.33;NA;5.16;2.53;3.9;ND;3.71;NA;NA;NA;
21;22;4.9;2.34;7.52;NA;4.33;4.57;1.22;ND;13.36;NA;NA;NA;
21;23;4.49;2.55;5.43;NA;2.18;5.06;0.88;ND;8.61;NA;NA;NA;
22;0;2.47;3.1;3.46;NA;1.33;4.32;1.27;ND;2.85;NA;NA;NA;
22;1;ND;3.85;1.33;NA;3.79;ND;ND;ND;4.97;NA;NA;NA;
22;2;2.23;4.4;2.36;NA;4.49;4.47;1.38;ND;3.53;NA;NA;NA;
22;3;4.14;7.61;1.73;NA;0.59;4.09;1.68;ND;2.77;NA;NA;NA;
22;4;4.77;7.39;1.13;NA;1.59;3.88;1.93;ND;3.71;NA;NA;NA;
22;5;4.88;6.56;1.44;NA;4.12;3.68;1.59;ND;3.73;NA;NA;NA;
22;6;6.41;8.67;1.85;NA;9.17;3.01;1.38;ND;6.39;NA;NA;NA;
22;7;3.55;7.36;1.83;NA;8.87;3.22;1.17;ND;6.75;NA;NA;NA;
22;8;2.25;5.54;2.57;NA;3.07;4.44;1.68;ND;2.39;NA;NA;NA;
22;9;2;4.13;2.11;NA;4.35;2.61;1.25;ND;2.01;NA;NA;NA;
22;10;2.34;2.72;2.91;NA;0.45;2.21;1.32;ND;0.75;NA;NA;NA;
22;11;1.33;2.71;1.86;NA;1.24;1.9;1.32;ND;0.98;NA;NA;NA;
22;12;1.51;2.45;1.41;NA;1.51;0.86;1.45;ND;0.57;NA;NA;NA;
22;13;1.24;2.2;1.59;NA;1.22;0.77;1.5;ND;0.65;NA;NA;NA;
22;14;1.68;2.44;1.49;NA;1.74;0.86;1.41;ND;0.59;NA;NA;NA;
22;15;1.28;2.49;1.53;NA;4.12;1.21;1.41;ND;0.77;NA;NA;NA;
22;16;1.52;2.42;1.78;NA;3.32;1.75;1.37;ND;0.5;NA;NA;NA;
22;17;1.73;2.19;1.7;NA;1.57;3.44;1.64;ND;0.68;NA;NA;NA;
22;18;2.42;2.75;2.8;NA;9.97;2.53;2.1;ND;1.17;NA;NA;NA;
22;19;4.87;3.59;2.86;NA;6.99;6.56;1.64;ND;1.67;NA;NA;NA;
22;20;5.91;3.08;4.62;NA;2.48;2.79;1.5;ND;4.28;NA;NA;NA;
22;21;4.34;2.98;3.21;NA;4.39;4.57;1.67;ND;2.36;NA;NA;NA;
22;22;4.18;2.56;2.04;NA;3.96;5.49;1.15;ND;3.56;NA;NA;NA;
22;23;4.37;3.77;1.57;NA;5.34;3.84;0.17;ND;3.47;NA;NA;NA;
23;0;2.97;2.93;1.48;NA;3.84;3.23;0.65;ND;2.64;NA;NA;NA;
23;1;2.61;ND;ND;NA;ND;2.94;0.27;ND;ND;NA;NA;NA;
23;2;3.09;5.46;1.7;NA;4.17;2.8;0.21;ND;3.56;NA;NA;NA;
23;3;3.44;4.32;1.76;NA;1.84;3.41;0.08;ND;3.09;NA;NA;NA;
23;4;4.53;8.11;1.43;NA;1.53;3.09;1.04;ND;3.57;NA;NA;NA;
23;5;3.4;7.13;1.15;NA;3.15;3.35;1.61;ND;4.01;NA;NA;NA;
23;6;3.66;8.71;2.24;NA;7.94;4.29;1.49;ND;5.32;NA;NA;NA;
23;7;2.93;7.56;2.59;NA;2.32;5.43;2.07;ND;6.78;NA;NA;NA;
23;8;2.73;5.39;3.24;NA;1.51;4.77;1.7;ND;3.61;NA;NA;NA;
23;9;2.49;4.11;3.05;NA;2.43;2.94;1.3;ND;1.3;NA;NA;NA;
23;10;2.6;2.61;2.37;NA;1.56;1.19;1.15;ND;1.14;NA;NA;NA;
23;11;ND;2.51;2.34;NA;1.59;2.86;1.23;ND;0.84;NA;NA;NA;
23;12;ND;3.04;1.81;NA;3.54;2.52;1.63;ND;0.75;NA;NA;NA;
23;13;1.27;2.06;1.51;NA;2.35;1.78;1.33;ND;0.79;NA;NA;NA;
23;14;1.27;2.1;1.44;NA;4;1.47;1.55;ND;0.64;NA;NA;NA;
23;15;2.65;2.13;1.64;NA;2.23;3.2;1.65;ND;0.46;NA;NA;NA;
23;16;6.81;5.96;1.59;NA;5.1;3.23;1.86;ND;0.61;NA;NA;NA;
23;17;3.47;3.35;1.99;NA;5.91;1.3;1.56;ND;0.64;NA;NA;NA;
23;18;2.65;2.35;3.27;NA;8.5;1.4;1.88;ND;0.7;NA;NA;NA;
23;19;4.96;2.49;3.61;NA;4.25;1.91;1.64;ND;2.16;NA;NA;NA;
23;20;8.57;2.42;4.13;NA;4.59;3.07;1.34;ND;3.19;NA;NA;NA;
23;21;3.66;2.48;3.12;NA;0.88;4.07;1.49;ND;4.21;NA;NA;NA;
23;22;2.34;2.17;1.52;NA;6.16;3.3;1.79;ND;5.05;NA;NA;NA;
23;23;2.77;2.38;1.66;NA;2.6;3.29;1.27;ND;4.88;NA;NA;NA;
24;0;2.67;3.07;1.52;NA;1.76;3.18;1.42;ND;4.35;NA;NA;NA;
24;1;ND;2.57;1.33;NA;1.35;ND;ND;ND;3.81;NA;NA;NA;
24;2;3.45;2.3;1.22;NA;4.21;3.48;1.87;ND;4.19;NA;NA;NA;
24;3;3.19;2.27;1.32;NA;5.57;4.05;1.72;ND;5.57;NA;NA;NA;
24;4;3.15;8.42;1.25;NA;3.06;3.38;1.03;ND;4.45;NA;NA;NA;
24;5;2.85;6.44;0.99;NA;5.13;2.43;1.15;ND;3.32;NA;NA;NA;
24;6;4.78;6.37;1.45;NA;12.18;3;1.55;ND;5.94;NA;NA;NA;
24;7;3.17;9.35;1.9;NA;3.82;3.93;1.19;ND;6.14;NA;NA;NA;
24;8;2.2;5.59;2.97;NA;1.79;4.76;1.16;ND;3.43;NA;NA;NA;
24;9;2.54;3.41;2.85;NA;0.94;2.13;1.21;ND;0.97;NA;NA;NA;
24;10;2.21;2.26;2.21;NA;1.41;2.31;1.79;ND;1.04;NA;NA;NA;
24;11;1.23;2.59;ND;NA;2.79;1.93;1.46;ND;0.69;NA;NA;NA;
24;12;1.46;2.53;1.58;NA;3.06;0.85;1.28;ND;0.33;NA;NA;NA;
24;13;1.36;2.47;1.71;NA;2.4;1.54;1.57;ND;0.51;NA;NA;NA;
24;14;2.46;2.07;1.49;NA;1.97;1.4;1.4;ND;0.33;NA;NA;NA;
24;15;1.97;1.76;1.48;NA;4.58;0.87;1.63;ND;0.61;NA;NA;NA;
24;16;1.67;1.64;1.75;NA;3.01;1.44;4.68;ND;0.53;NA;NA;NA;
24;17;1.83;1.74;2.3;NA;2.27;3.16;1.98;ND;1.02;NA;NA;NA;
24;18;2.17;2.5;2.2;NA;7.62;1.12;2.11;ND;1.08;NA;NA;NA;
24;19;3.76;2.6;3.14;NA;2.29;2.76;1.25;ND;1.4;NA;NA;NA;
24;20;3.44;2.51;4.06;NA;1.38;2.13;1.01;ND;1.55;NA;NA;NA;
24;21;3.35;3.12;2.86;NA;1;3.78;1.18;ND;1.86;NA;NA;NA;
24;22;4.23;2.52;2.16;NA;0.64;1.86;1.16;ND;2.13;NA;NA;NA;
24;23;2.46;2.25;1.55;NA;2.89;3.39;1.24;ND;2.17;NA;NA;NA;
25;0;2.18;2.77;1.37;NA;7.6;1.95;1.12;ND;2.42;NA;NA;NA;
25;1;4.3;ND;ND;NA;ND;3;1.27;ND;ND;NA;NA;NA;
25;2;2.01;2.7;1.15;NA;8.71;2.02;1.2;ND;3.7;NA;NA;NA;
25;3;2.54;2.84;1.51;NA;7.7;3.57;0.9;ND;5.57;NA;NA;NA;
25;4;4.34;3;2.03;NA;6.65;3.78;1.6;ND;4.82;NA;NA;NA;
25;5;3.78;2.49;2.42;NA;11.59;5.16;1.51;ND;5.29;NA;NA;NA;
25;6;7.72;3.21;8.4;NA;14.79;6.57;1.43;ND;7.58;NA;NA;NA;
25;7;10.53;3.95;4.2;NA;17.02;6.25;1.31;ND;12.02;NA;NA;NA;
25;8;3.5;3.56;2.62;NA;7.14;3.16;1.27;ND;16.09;NA;NA;NA;
25;9;2.26;3.15;2.4;NA;0.75;1.29;1.24;ND;5.84;NA;NA;NA;
25;10;1.8;2.45;2.34;NA;1.46;1.46;1.49;ND;1.16;NA;NA;NA;
25;11;1.91;1.84;2.21;NA;2.39;1.52;1.75;ND;0.81;NA;NA;NA;
25;12;1.41;2.2;1.56;NA;1.5;1.11;ND;ND;0.87;NA;NA;NA;
25;13;1.68;2.25;1.5;NA;1.71;1.03;1.34;ND;0.39;NA;NA;NA;
25;14;1.72;2.07;1.57;NA;1.42;1.24;2.27;ND;0.66;NA;NA;NA;
25;15;1.49;2.9;3.88;NA;3.12;1.46;1.39;ND;0.85;NA;NA;NA;
25;16;1.27;2.19;2.27;NA;2.36;1.59;1.42;ND;4.24;NA;NA;NA;
25;17;1.17;2.07;2.07;NA;1.87;1.05;1.4;ND;8.17;NA;NA;NA;
25;18;1.25;1.86;1.84;NA;2.48;1.46;1.8;ND;3.82;NA;NA;NA;
25;19;1.39;1.92;2.51;NA;2.02;1.9;2.35;ND;6.25;NA;NA;NA;
25;20;4.4;2.21;3.91;NA;2.3;2.86;3.84;ND;8.79;NA;NA;NA;
25;21;7.21;2.63;8.38;NA;5.7;3.18;9.67;ND;2.7;NA;NA;NA;
25;22;5.29;2.95;17.6;NA;9.58;2.93;5.04;ND;3.77;NA;NA;NA;
25;23;2.75;2.89;14.89;NA;6.01;3.04;6.8;ND;2.38;NA;NA;NA;
26;0;5.74;3.59;7.05;NA;3.36;2.14;5.51;ND;3.07;NA;NA;NA;
26;1;ND;4.05;10.21;NA;8.87;ND;ND;ND;2.86;NA;NA;NA;
26;2;5.17;3.86;9.19;NA;5.43;4.47;1.69;ND;3.6;NA;NA;NA;
26;3;5.63;3.36;10.7;NA;6.58;4.15;1.28;ND;4.02;NA;NA;NA;
26;4;6.98;3.74;16.15;NA;19.3;3.93;1.61;ND;6.18;NA;NA;NA;
26;5;3.53;4.61;8.11;NA;17.95;3.84;1.49;ND;3.25;NA;NA;NA;
26;6;6.41;7.33;6.24;NA;16.87;6.55;1.53;ND;5.76;NA;NA;NA;
26;7;7.75;10.11;6.5;NA;26.94;10.62;6.2;ND;10.74;NA;NA;NA;
26;8;7.75;8.59;8.94;NA;33.46;10.9;4.58;ND;10.92;NA;NA;NA;
26;9;5.67;6.34;10.48;NA;12.21;4.79;2;ND;11.61;NA;NA;NA;
26;10;5.59;5.9;6.5;NA;3.51;4.37;1.9;ND;5.16;NA;NA;NA;
26;11;4.38;4.71;3.57;NA;2.16;2.01;2.19;ND;1.92;NA;NA;NA;
26;12;4.81;4.54;2.74;NA;2.04;1.53;2.11;ND;1.67;NA;NA;NA;
26;13;7.07;7.14;5.04;NA;2.09;2.6;1.73;ND;0.86;NA;NA;NA;
26;14;4.37;2.86;7.87;NA;5.25;6.82;2.1;ND;0.54;NA;NA;NA;
26;15;2.03;2.25;4.68;NA;4.14;4.01;3.35;ND;0.75;NA;NA;NA;
26;16;1.52;2.55;2.94;NA;2.53;3.2;2.74;ND;1.98;NA;NA;NA;
26;17;1.54;2.22;2.07;NA;3.02;2.84;3.21;ND;1.65;NA;NA;NA;
26;18;1.59;2.4;2.13;NA;2.54;2.16;2.3;ND;3.49;NA;NA;NA;
26;19;2.58;2.47;3.53;NA;4.91;2.35;2.86;ND;7.96;NA;NA;NA;
26;20;2.11;2.61;4.98;NA;6.22;2.53;3.72;ND;1.58;NA;NA;NA;
26;21;2.97;2.82;2.85;NA;6.05;2.45;4.22;ND;1.84;NA;NA;NA;
26;22;3.79;3.15;3.59;NA;8.21;2.48;4.03;ND;6.93;NA;NA;NA;
26;23;3.56;2.97;3.45;NA;6.73;2.56;4.22;ND;5.18;NA;NA;NA;
27;0;3.42;2.86;3.15;NA;14.91;2.46;4.52;ND;4.83;NA;NA;NA;
27;1;4.45;ND;ND;NA;ND;3.08;1.99;ND;ND;NA;NA;NA;
27;2;2.92;5.08;3.19;NA;25.02;4.19;5.28;ND;5.02;NA;NA;NA;
27;3;2.14;6.59;3;NA;25.84;4.58;1.42;ND;5.66;NA;NA;NA;
27;4;2.54;6.34;3.8;NA;40.26;13.56;2.1;ND;3.58;NA;NA;NA;
27;5;3.77;6.68;3.65;NA;19.52;15.23;1.79;ND;3.71;NA;NA;NA;
27;6;4.08;4.69;2.5;NA;14.29;9.06;1.54;ND;3.88;NA;NA;NA;
27;7;6.21;5.53;3.98;NA;3.23;5.51;1.61;ND;10.82;NA;NA;NA;
27;8;4.31;4.92;3.21;NA;7.21;3.99;1.33;ND;62.14;NA;NA;NA;
27;9;4.67;4.64;1.87;NA;3.4;1.61;1.13;ND;33.32;NA;NA;NA;
27;10;2.74;3.62;2.05;NA;1.23;1.4;1.18;ND;9.77;NA;NA;NA;
27;11;1.86;2.72;2.62;NA;1.79;2.02;1.93;ND;3.71;NA;NA;NA;
27;12;1.86;2.46;3.06;NA;2.19;2.61;2.61;ND;0.96;NA;NA;NA;
27;13;1.42;1.74;0.81;NA;0.61;0.57;1.33;ND;0.36;NA;NA;NA;
27;14;0.98;1.62;0.91;NA;0;0.74;1.24;ND;0.55;NA;NA;NA;
27;15;1.08;1.53;0.81;NA;1.18;0.51;1.1;ND;0.49;NA;NA;NA;
27;16;1.86;1.93;0.9;NA;0.85;0.49;1.2;ND;0.47;NA;NA;NA;
27;17;1.27;2.06;0.99;NA;1.2;0.75;1.07;ND;0.66;NA;NA;NA;
27;18;1.15;2.1;1.28;NA;2.13;1.49;2.07;ND;1.47;NA;NA;NA;
27;19;1.61;2.74;4.2;NA;2.98;2.12;1.54;ND;1.7;NA;NA;NA;
27;20;1.18;2.52;3.26;NA;3.64;1.8;1.21;ND;2.45;NA;NA;NA;
27;21;1.15;1.98;4.05;NA;3.59;2.39;1.14;ND;3.92;NA;NA;NA;
27;22;2.43;2.57;2.41;NA;2.02;2.15;1.11;ND;4.18;NA;NA;NA;
27;23;2.33;3.34;1.47;NA;1.68;1.17;1.43;ND;2.51;NA;NA;NA;
28;0;2.85;3.82;1.24;NA;2.75;3.26;1.46;ND;2.77;NA;NA;NA;
28;1;ND;3.6;1.36;NA;6.3;ND;ND;ND;4.39;NA;NA;NA;
28;2;3.37;6.82;1.92;NA;3.81;2.85;1.18;ND;4.41;NA;NA;NA;
28;3;4.55;6.07;1.67;NA;4.57;2.16;1.22;ND;2.11;NA;NA;NA;
28;4;4.66;4.94;1.36;NA;4.34;2.78;1.08;ND;4.53;NA;NA;NA;
28;5;4.8;4.33;2.31;NA;7.17;4.37;1.01;ND;7.27;NA;NA;NA;
28;6;9.96;6.68;3.56;NA;13.63;6.82;1.2;ND;9.57;NA;NA;NA;
28;7;8.42;6.4;4.07;NA;15.8;6.14;1.21;ND;10.88;NA;NA;NA;
28;8;2.41;4.6;2.49;NA;7.54;3.32;1.51;ND;16.59;NA;NA;NA;
28;9;2.31;3.39;2.59;NA;1.09;1.52;1.03;ND;6.72;NA;NA;NA;
28;10;1.89;3.26;4.09;NA;1.39;4.77;1.26;ND;2.32;NA;NA;NA;
28;11;ND;ND;3.42;NA;2.67;3.9;1.94;ND;0.86;NA;NA;NA;
28;12;2.51;ND;2.07;NA;2.86;1.62;1.4;ND;0.62;NA;NA;NA;
28;13;2.24;ND;1.75;NA;1.42;1.63;1.28;ND;0.67;NA;NA;NA;
28;14;3.85;ND;1.77;NA;0.95;3.22;1.16;ND;0.53;NA;NA;NA;
28;15;4.48;2.1;1.78;NA;1.98;3;1.47;ND;0.88;NA;NA;NA;
28;16;2.05;2.04;1.93;NA;4.01;7.67;2.4;ND;0.77;NA;NA;NA;
28;17;2;2.06;2.72;NA;3.27;1.27;1.71;ND;0.78;NA;NA;NA;
28;18;2.84;2.18;2.4;NA;3.12;1.21;1.75;ND;1.1;NA;NA;NA;
28;19;3.66;2.56;2.01;NA;2.03;1.05;1.67;ND;1.5;NA;NA;NA;
28;20;3.53;2.97;1.88;NA;2.21;0.95;1.87;ND;2.96;NA;NA;NA;
28;21;3.89;5.47;3.83;NA;1.15;2.42;1.36;ND;2.75;NA;NA;NA;
28;22;3.4;3.73;3.03;NA;1.19;5;1.4;ND;2.62;NA;NA;NA;
28;23;2.51;3.47;1.5;NA;3.2;3.28;1.3;ND;1.45;NA;NA;NA;
29;0;4.61;3.58;1.37;NA;4.14;3.05;1.1;ND;1.38;NA;NA;NA;
29;1;6.52;3.45;ND;NA;ND;3.11;1.25;ND;ND;NA;NA;NA;
29;2;3.68;3.18;1.45;NA;0.78;3.02;1.41;ND;3.78;NA;NA;NA;
29;3;3.5;7.23;1.14;NA;1.22;2.71;1.58;ND;5.14;NA;NA;NA;
29;4;5.03;7.1;1.03;NA;2.32;2.84;1.07;ND;5.6;NA;NA;NA;
29;5;4.53;3.65;1.22;NA;6.47;2.46;1.16;ND;5.8;NA;NA;NA;
29;6;5.55;5.3;2;NA;9.06;3.39;1.27;ND;6.54;NA;NA;NA;
29;7;3.75;4.77;2.17;NA;6.99;3.24;1.39;ND;6.46;NA;NA;NA;
29;8;2.77;4.17;3.51;NA;3.29;4.25;1.65;ND;3.92;NA;NA;NA;
29;9;2.65;3.44;2.81;NA;3.44;2.83;1.2;ND;1.25;NA;NA;NA;
29;10;1.81;2.66;2.75;NA;0.74;3.28;1.27;ND;1.06;NA;NA;NA;
29;11;1.23;2.2;1.73;NA;1.92;ND;1.54;ND;0.53;NA;NA;NA;
29;12;1.08;2.99;2;NA;2.86;2.06;1.31;ND;0.86;NA;NA;NA;
29;13;2.73;3.06;1.61;NA;1.82;0.98;1.25;ND;0.61;NA;NA;NA;
29;14;3.56;3.33;1.61;NA;3.52;1.68;1.03;ND;0.6;NA;NA;NA;
29;15;3.28;3.09;ND;NA;2.19;1.15;1.04;ND;0.79;NA;NA;NA;
29;16;1.84;2.69;2.14;NA;3.75;0.93;1.33;ND;0.65;NA;NA;NA;
29;17;1.35;2.72;2.63;NA;2.85;1.61;1.41;ND;0.76;NA;NA;NA;
29;18;1.9;2.94;2.89;NA;2.84;1.99;1.63;ND;1.18;NA;NA;NA;
29;19;4.66;3.02;2.03;NA;9.06;2.58;1.15;ND;1.1;NA;NA;NA;
29;20;5.01;3.26;3.28;NA;3.25;1.3;1.26;ND;7.53;NA;NA;NA;
29;21;3.97;2.92;5.07;NA;2.32;4.25;1.02;ND;7.59;NA;NA;NA;
29;22;4.72;3.91;2.21;NA;3.02;4.09;0.81;ND;2.01;NA;NA;NA;
29;23;2.89;2.84;2.23;NA;2.36;3.1;1.37;ND;2.05;NA;NA;NA;
30;0;3.23;5.61;1.63;NA;2.04;3.43;1.35;ND;2.96;NA;NA;NA;
30;1;ND;ND;1.67;NA;1.66;ND;ND;ND;2.02;NA;NA;NA;
30;2;2.05;8.05;1.3;NA;1.17;2.14;1.27;ND;0.56;NA;NA;NA;
30;3;1.8;5.41;1.41;NA;0.6;2.3;1.52;ND;0.58;NA;NA;NA;
30;4;0.84;4.21;1.65;NA;0.7;2.82;1.37;ND;0.81;NA;NA;NA;
30;5;1.28;4.73;1.64;NA;1.29;3.33;1.03;ND;1.14;NA;NA;NA;
30;6;1.57;5.7;2.13;NA;2.03;3.22;1.27;ND;1.01;NA;NA;NA;
30;7;2.73;5.8;2.69;NA;2.27;4.7;1.9;4.33;5.96;NA;NA;NA;
30;8;2.73;5.11;3.62;NA;2.04;3.76;1.84;4;1.3;NA;NA;NA;
30;9;2.75;4.34;3.22;NA;1.92;2.55;0.9;3.12;2.09;NA;NA;NA;
30;10;2.84;4.7;3.09;NA;1.17;1.72;1.08;3.7;0.99;NA;NA;NA;
30;11;3.24;3.55;4.65;NA;0.97;1.74;1.59;5.64;0.71;NA;NA;NA;
30;12;1.73;2.72;3.05;NA;1.77;3.09;1.72;6.42;0.85;NA;NA;NA;
30;13;1.15;2.73;2.32;NA;1.99;1.51;1.6;4.68;0.71;NA;NA;NA;
30;14;0.87;2.12;1.68;NA;2.34;1.12;2.01;3.49;0.46;NA;NA;NA;
30;15;1.06;2.75;1.89;NA;2.72;1.67;1.99;3.39;0.41;NA;NA;NA;
30;16;1.27;2.79;2.13;NA;1.61;2.45;1.64;3.11;0.63;NA;NA;NA;
30;17;1.51;4.29;2.36;NA;1.2;1.84;2.28;3.07;1.03;NA;NA;NA;
30;18;2.8;4.31;3.04;NA;2.42;2.39;1.64;1.76;1.25;NA;NA;NA;
30;19;4.01;9.75;3.53;NA;2.8;3.4;1.47;2.54;1.98;NA;NA;NA;
30;20;3.8;9.12;2.6;NA;2.87;3.82;1.45;2.02;1.12;NA;NA;NA;
30;21;2.16;4.64;2.74;NA;2.71;4.26;1.57;1.99;1.24;NA;NA;NA;
30;22;3.34;4.54;2.09;NA;2.19;3.6;1.35;2.15;0.89;NA;NA;NA;
30;23;2.15;3.96;1.71;NA;5.85;3.61;1.46;2.71;2.24;NA;NA;NA;
31;0;1.89;3.74;1.79;NA;1.3;3.25;1.49;ND;1.73;NA;NA;NA;
31;1;3.84;6.96;ND;NA;ND;2.52;1.5;ND;ND;NA;NA;NA;
31;2;3.47;6.06;1.14;NA;5.01;2.88;1.55;ND;3.66;NA;NA;NA;
31;3;2.4;10.58;1.33;NA;3.47;3.09;1.29;ND;4.66;NA;NA;NA;
31;4;1.95;9.58;1.46;NA;4.64;3.38;1.07;ND;4.86;NA;NA;NA;
31;5;3.13;10.16;1.24;NA;3.82;3.18;1.2;ND;5;NA;NA;NA;
31;6;4.07;7.31;1.37;NA;3.66;3.4;1.27;ND;5.53;NA;NA;NA;
31;7;2.93;6.88;2.17;NA;2.06;5.03;1.61;ND;5.07;NA;NA;NA;
31;8;1.66;4.86;2.44;NA;1.84;3.73;1.75;ND;1.84;NA;NA;NA;
31;9;1.72;3.99;2.31;NA;2.42;2.71;2.15;ND;1.01;NA;NA;NA;
31;10;2.03;3.55;2.69;NA;1.44;1.77;1.42;ND;1.27;NA;NA;NA;
31;11;1.47;2.91;2.66;NA;1.14;1.42;1.77;ND;1.49;NA;NA;NA;
31;12;1.43;2.47;3.2;NA;1.75;2.24;1.77;ND;1.39;NA;NA;NA;
31;13;1.23;2.52;2.17;NA;1.82;3.69;1.72;ND;1.14;NA;NA;NA;
31;14;1.08;2.3;1.74;NA;2.5;3.05;2.25;ND;0.63;NA;NA;NA;
31;15;1.79;2.38;2.01;NA;2.78;1.53;2.36;ND;0.96;NA;NA;NA;
31;16;2.3;3.1;1.9;NA;4.31;1.29;2.76;ND;0.59;NA;NA;NA;
31;17;2.54;3.46;1.83;NA;12.06;1.09;3.74;ND;0.85;NA;NA;NA;
31;18;1.85;2.85;2.13;NA;6.43;1.34;3.26;ND;1.33;NA;NA;NA;
31;19;2.82;2.6;3.03;NA;2.15;2.34;1.29;ND;0.88;NA;NA;NA;
31;20;3.22;3.42;6.47;NA;3.71;4.01;1.42;ND;1.56;NA;NA;NA;
31;21;3.73;3.62;3.51;NA;2.02;5.33;1.68;ND;0.86;NA;NA;NA;
31;22;3.99;14.96;2.23;NA;4.82;3.29;1.5;ND;2.61;NA;NA;NA;
31;23;3.04;9.04;1.54;NA;8.08;2.96;1.51;ND;2.5;NA;NA;NA;
