DIA;HORA;Cotocollao;Carapungo;Belisario;Jipijapa;El Camal;Centro;Guamaní;Tumbaco;Los Chillos;El Condado;Turubamba;Chillogallo;
1;0;16.53;6.26;3.97;NA;27.09;4.66;2.35;24.78;13.09;NA;NA;NA;
1;1;8.89;7.19;12.61;NA;33.36;10.59;ND;ND;27.08;NA;NA;NA;
1;2;9.07;ND;ND;NA;ND;ND;13.92;19.45;ND;NA;NA;NA;
1;3;11.4;13.98;12.48;NA;23.32;14.22;13;21.25;20.78;NA;NA;NA;
1;4;10.41;14.58;16.55;NA;24.28;13.6;7.89;29.14;19.57;NA;NA;NA;
1;5;8.33;11.1;17.65;NA;3.26;16.93;7.24;16.8;25.52;NA;NA;NA;
1;6;2.67;8.71;13.96;NA;3.99;9.96;2.1;9.02;25.26;NA;NA;NA;
1;7;2.36;5.67;12.59;NA;10.62;6.2;7.31;13.54;9.68;NA;NA;NA;
1;8;4.91;8.71;14.26;NA;14.1;13.6;17.79;19.22;14.12;NA;NA;NA;
1;9;17.58;16.56;23.12;NA;26.63;26.84;39.34;31.4;10.09;NA;NA;NA;
1;10;31.41;23.22;40.14;NA;41.12;38.37;39.91;45.94;18.62;NA;NA;NA;
1;11;34.57;26.79;52.14;NA;56.83;50.63;52.47;62.46;36.62;NA;NA;NA;
1;12;28.25;26.1;39.52;NA;34.19;40.91;20.92;65.09;50.16;NA;NA;NA;
1;13;26.35;19.46;37.47;NA;32.25;40.75;34.22;55.72;49.52;NA;NA;NA;
1;14;27.5;21.25;30.02;NA;28.22;24.57;34.86;37.64;30.17;NA;NA;NA;
1;15;17.98;19.83;12.64;NA;33.21;21.44;27.85;20.55;22.06;NA;NA;NA;
1;16;12.71;15.72;15.5;NA;26.26;24.04;28.2;19.55;31.2;NA;NA;NA;
1;17;16.83;15.09;8.82;NA;22.96;15.43;26.91;2.53;33.58;NA;NA;NA;
1;18;10.32;8.61;6.33;NA;15.3;1.4;19.82;20.06;11.07;NA;NA;NA;
1;19;10.45;8.21;9.34;NA;7.89;0.9;7.11;9.05;0.45;NA;NA;NA;
1;20;9.77;10.09;15.51;NA;7.73;11.88;8.09;13.22;16.75;NA;NA;NA;
1;21;13.16;11.41;16.03;NA;20.97;14.25;13.9;15.85;7.79;NA;NA;NA;
1;22;16.7;9.06;10.49;NA;30.04;15.9;14.36;10.37;7.74;NA;NA;NA;
1;23;15.08;ND;16.48;NA;32.58;6.49;20.96;20.47;18.98;NA;NA;NA;
2;0;12.67;ND;9.99;NA;26.46;12.66;24.33;13.08;5.13;NA;NA;NA;
2;1;16.96;ND;15.46;NA;3.87;9.31;27.36;2.56;18.83;NA;NA;NA;
2;2;ND;ND;4.65;NA;2.48;12.55;26.37;7.27;20.2;NA;NA;NA;
2;3;11.48;ND;17.37;NA;8.38;17.61;22.94;0.14;13.96;NA;NA;NA;
2;4;8.25;ND;16.72;NA;8.25;11.11;5.42;0.06;9.66;NA;NA;NA;
2;5;2.4;ND;5.03;NA;0.45;4.45;3.89;0;0.23;NA;NA;NA;
2;6;0.75;ND;2.58;NA;0;2.54;1;0;0.24;NA;NA;NA;
2;7;3.76;ND;5.1;NA;1.97;3.79;13.82;1.65;3.22;NA;NA;NA;
2;8;9.22;ND;13.05;NA;11.97;11.38;15.71;4.91;9.73;NA;NA;NA;
2;9;20.9;ND;11.79;NA;16.24;17.04;35.84;6.3;18.34;NA;NA;NA;
2;10;33.6;ND;20.88;NA;16.73;29.03;46.06;21.47;28.52;NA;NA;NA;
2;11;43.66;ND;23.36;NA;22.05;31.06;52.89;34.54;51.35;NA;NA;NA;
2;12;43.43;ND;30.66;NA;38.77;38.73;47.65;47.92;61.73;NA;NA;NA;
2;13;24.7;ND;37.78;NA;28.42;41.06;34.04;57.55;39.77;NA;NA;NA;
2;14;21.1;ND;18.56;NA;26.76;24.65;28.23;34.52;33.65;NA;NA;NA;
2;15;20.88;ND;24.07;NA;25.92;22.61;30.33;28.23;16.15;NA;NA;NA;
2;16;19.45;ND;21.62;NA;27.03;25.09;30.16;29.6;22.3;NA;NA;NA;
2;17;16.24;ND;19.69;NA;28.1;19.84;25.59;27.66;22.47;NA;NA;NA;
2;18;12.24;ND;11.93;NA;22.11;14.38;16.98;24.9;27.89;NA;NA;NA;
2;19;11.55;ND;12.82;NA;21.66;7.9;11.92;26.68;26.59;NA;NA;NA;
2;20;4.14;ND;9.36;NA;20.63;7.85;15.67;26.36;23.63;NA;NA;NA;
2;21;10.15;ND;13.45;NA;16.75;11.29;15.31;26.69;25.6;NA;NA;NA;
2;22;16.34;ND;21.07;NA;26.89;17.94;12.37;28.6;26.1;NA;NA;NA;
2;23;11.71;ND;19.15;NA;33.75;14.63;13.48;28.24;21.47;NA;NA;NA;
3;0;18.57;ND;23.03;NA;37.22;21.86;15.33;27.82;5.75;NA;NA;NA;
3;1;21.41;ND;25.73;NA;36.94;27.2;ND;ND;19.68;NA;NA;NA;
3;2;21.18;ND;ND;NA;ND;ND;20.47;31.87;ND;NA;NA;NA;
3;3;21.29;ND;32.15;NA;31.83;31.31;23.53;31.65;33.47;NA;NA;NA;
3;4;17.68;ND;28.44;NA;30.17;29.05;18.87;28.51;12.16;NA;NA;NA;
3;5;11.49;ND;27.05;NA;16.9;29.87;19.39;23.31;27.18;NA;NA;NA;
3;6;13.15;ND;25.83;NA;13.34;18.62;9.47;28.66;31.41;NA;NA;NA;
3;7;11.02;ND;16.77;NA;21.77;14.87;14.02;26.36;23.76;NA;NA;NA;
3;8;12.09;ND;22.46;NA;21.57;20.98;20.03;29.24;10.08;NA;NA;NA;
3;9;17.67;ND;28.42;NA;25.73;28.54;29.5;33.52;7.65;NA;NA;NA;
3;10;22.85;ND;33.77;NA;33.6;35.99;30.47;36.52;6.05;NA;NA;NA;
3;11;26.11;ND;37.18;NA;36.99;41.81;48.32;45.15;14.22;NA;NA;NA;
3;12;25.34;ND;50.3;NA;40.49;57.48;25.82;57.29;23.54;NA;NA;NA;
3;13;31.28;ND;47.79;NA;46.23;60.68;23.09;71.69;28.83;NA;NA;NA;
3;14;27.84;ND;53.47;NA;31.98;63.69;39.15;55.33;37.29;NA;NA;NA;
3;15;19.32;ND;47.29;NA;36.96;61.02;40.81;52.79;56.19;NA;NA;NA;
3;16;15.74;ND;30.62;NA;31.73;54.31;30.93;31.5;19.54;NA;NA;NA;
3;17;16.53;ND;13.96;NA;24.59;27.33;24.25;26.51;21.9;NA;NA;NA;
3;18;9.89;ND;12.55;NA;11.97;16.63;16;19.77;23.02;NA;NA;NA;
3;19;4.58;ND;11.48;NA;15.24;13.99;16.98;23.1;21.1;NA;NA;NA;
3;20;3.85;ND;13.77;NA;9.43;14.31;16.11;26.34;15.71;NA;NA;NA;
3;21;6.28;ND;12.44;NA;0.71;16.15;15.02;25.69;24.94;NA;NA;NA;
3;22;14.87;ND;9.82;NA;2.85;18.67;11.15;28.72;10.69;NA;NA;NA;
3;23;15.65;ND;14.43;NA;5.53;14.44;13.66;26.16;22.73;NA;NA;NA;
4;0;16.71;ND;19.07;NA;16.78;20.55;9.15;26.33;27.14;NA;NA;NA;
4;1;12.75;ND;23.17;NA;12.14;23.53;6.84;23.92;27.15;NA;NA;NA;
4;2;ND;ND;24.53;NA;19.03;22.72;4.9;21.13;25.9;NA;NA;NA;
4;3;4.03;ND;15.46;NA;9.27;14.36;10.66;17.63;23.52;NA;NA;NA;
4;4;2.15;ND;6.11;NA;9.4;7.74;10.95;16.05;15.44;NA;NA;NA;
4;5;0.85;ND;2.41;NA;0.9;2.57;14.78;10.76;18.55;NA;NA;NA;
4;6;0.71;ND;1.28;NA;2.1;ND;8.62;1.33;8.45;NA;NA;NA;
4;7;7.19;ND;6.5;NA;3.52;7.29;22.16;13.08;15.69;NA;NA;NA;
4;8;16.76;ND;19.69;NA;19.6;20.84;30.48;25.29;16.15;NA;NA;NA;
4;9;25.25;ND;23.46;NA;37.33;33.83;37.66;21.49;31.79;NA;NA;NA;
4;10;32.98;ND;35.39;NA;42.93;32.99;49.77;33.82;30.82;NA;NA;NA;
4;11;30.86;ND;50.61;NA;56.47;52.88;54.63;48.27;35.32;NA;NA;NA;
4;12;27.96;ND;48.54;NA;42.04;56.38;33.71;64.68;55.23;NA;NA;NA;
4;13;26.62;ND;26.26;NA;20.11;31.61;29.95;48.02;32.72;NA;NA;NA;
4;14;23.53;ND;26.87;NA;29.97;23.41;25.11;29.12;20.04;NA;NA;NA;
4;15;21.72;ND;42.1;NA;29.67;29.37;27;25.48;29.45;NA;NA;NA;
4;16;21;ND;17.28;NA;23.16;11.41;20.05;27.05;37.6;NA;NA;NA;
4;17;14.29;ND;12.87;NA;19.32;16.95;19.55;23.16;31.84;NA;NA;NA;
4;18;7.04;ND;5.29;NA;10.11;15.43;5.25;18.6;14.73;NA;NA;NA;
4;19;4.56;ND;4.85;NA;8.85;6.33;1.41;22.03;17.82;NA;NA;NA;
4;20;9.21;ND;4.62;NA;3.45;4.51;0.29;22.61;20.69;NA;NA;NA;
4;21;9.27;ND;6;NA;3.16;11.53;0.48;25.46;15.46;NA;NA;NA;
4;22;5.84;ND;4.31;NA;14.81;14.99;1.73;26.52;16.52;NA;NA;NA;
4;23;7.58;ND;5.87;NA;9.22;7.79;0.21;26.96;22.09;NA;NA;NA;
5;0;8.27;ND;14.48;NA;13.04;15.79;1.65;27.24;18.56;NA;NA;NA;
5;1;5.52;ND;14.56;NA;16.4;17.88;ND;ND;19.06;NA;NA;NA;
5;2;9.6;ND;ND;NA;ND;ND;12.74;22.39;ND;NA;NA;NA;
5;3;11.73;ND;18.75;NA;14.26;18.78;8.93;22.78;22.28;NA;NA;NA;
5;4;6.56;ND;15.4;NA;11.9;17.14;3.32;20.78;15.75;NA;NA;NA;
5;5;4.28;ND;11.22;NA;10.08;16.2;2.1;23.65;23.71;NA;NA;NA;
5;6;1.06;ND;1.82;NA;2.99;2.41;1.5;11.48;10.03;NA;NA;NA;
5;7;2.84;ND;1.47;NA;5.24;3.87;1.83;11.8;5.95;NA;NA;NA;
5;8;4.71;ND;2.71;NA;7.75;6.01;13.66;21.14;9.34;NA;NA;NA;
5;9;12.91;ND;6.39;NA;17.01;15.29;26.07;26.77;6.52;NA;NA;NA;
5;10;22.22;ND;20.46;NA;36.33;30.36;32.04;33.75;16.13;NA;NA;NA;
5;11;27.78;17.02;25.7;NA;40.94;37.64;39.33;45.92;29.03;NA;NA;NA;
5;12;26.91;19.73;35.69;NA;50.91;46.58;ND;49.46;39.85;NA;NA;NA;
5;13;24.69;21.25;25.93;NA;43.8;39.81;ND;48.39;53.53;NA;NA;NA;
5;14;ND;20.2;25.23;NA;37.78;35.96;41.85;44.65;42.85;NA;NA;NA;
5;15;17.09;ND;26.37;NA;15.84;23.5;24.65;45.5;21.29;NA;NA;NA;
5;16;11.59;18.21;6.9;NA;20.62;9.2;21.27;28.64;20.29;NA;NA;NA;
5;17;6.88;15.09;2.96;NA;13.92;3.83;8.64;24.75;10.46;NA;NA;NA;
5;18;6.66;9.87;1.6;NA;7.36;4.84;3.55;17.1;14.7;NA;NA;NA;
5;19;1.06;9.54;1.44;NA;1.75;3.88;9.39;15.02;1.88;NA;NA;NA;
5;20;0.96;7.51;1.12;NA;0.44;8.71;2.21;12.45;6.98;NA;NA;NA;
5;21;3.74;4.77;2.04;NA;4.18;1.55;4.29;7.62;0.89;NA;NA;NA;
5;22;0.85;7.5;0.99;NA;7.49;0.94;11.53;2.76;0.39;NA;NA;NA;
5;23;1.5;7.65;0.67;NA;0.91;1.04;14.92;2.25;0.7;NA;NA;NA;
6;0;6.87;10.75;0.51;NA;1.31;1.02;5.69;7.23;0.02;NA;NA;NA;
6;1;7.65;11.97;0.42;NA;5.58;2.44;ND;11.62;0;NA;NA;NA;
6;2;ND;11.46;6.74;NA;3.26;4.44;5.55;5.66;0;NA;NA;NA;
6;3;7.83;10.05;13.33;NA;3.54;23.35;30.75;7.6;0.48;NA;NA;NA;
6;4;4.21;9.6;6.12;NA;2.85;5.91;14.08;0;0.03;NA;NA;NA;
6;5;0.45;2.6;2.44;NA;5;1.35;0.92;0.56;0.74;NA;NA;NA;
6;6;1.02;4.1;1;NA;1.91;2.03;2.93;5.19;6.83;NA;NA;NA;
6;7;2.81;3.39;5.86;NA;6.44;7.91;6.96;1.72;1.07;NA;NA;NA;
6;8;5.61;4.44;14.1;NA;20;13.47;20.04;6.35;5.83;NA;NA;NA;
6;9;8.39;10.27;15.83;NA;25.74;18.81;35.74;14.4;19.88;NA;NA;NA;
6;10;16.56;10.19;20.99;NA;ND;21.76;28.64;21.67;9.3;NA;NA;NA;
6;11;27.64;14.77;33.34;NA;39.67;35.01;30.92;36.7;18.83;NA;NA;NA;
6;12;28.98;24.23;31.65;NA;53.9;44.75;55.78;51.7;35.31;NA;NA;NA;
6;13;24.63;22.13;34.12;NA;50.1;41.65;64.7;44.9;54.77;NA;NA;NA;
6;14;27.92;27.01;39.95;NA;49.63;42.33;61.65;47.3;43.5;NA;NA;NA;
6;15;29.58;29.77;46.97;NA;53.94;49.15;52.83;56.09;33.3;NA;NA;NA;
6;16;23.99;24.24;32.48;NA;35.94;42.34;52.55;53.25;34.67;NA;NA;NA;
6;17;21.61;21.78;17.67;NA;32.11;36.31;25.64;41.97;48.66;NA;NA;NA;
6;18;10.88;15.91;5;NA;16.71;16.27;13.72;33.75;29.11;NA;NA;NA;
6;19;10.46;13.16;1.32;NA;12.9;4.37;6.21;30.09;31.78;NA;NA;NA;
6;20;9.7;12.39;1.85;NA;4.07;2.85;9.4;26.85;30.04;NA;NA;NA;
6;21;2.93;12.39;0.67;NA;1.39;2.35;13.36;26.59;27.36;NA;NA;NA;
6;22;2.25;10.39;0.51;NA;3.6;0.57;15.45;22.07;3.66;NA;NA;NA;
6;23;9.32;13.16;2.57;NA;0.78;0.71;16.94;23.44;16.72;NA;NA;NA;
7;0;10.64;14.89;8.27;NA;9.68;14.46;16.75;27;20.52;NA;NA;NA;
7;1;13.45;15.51;13.37;NA;24.34;18.79;24.71;ND;16.96;NA;NA;NA;
7;2;12.47;ND;ND;NA;ND;ND;32.45;24.49;ND;NA;NA;NA;
7;3;6.78;15.88;17.58;NA;26.54;20.55;31;24.75;22.33;NA;NA;NA;
7;4;5.03;12.99;14.11;NA;38.25;23.01;29.95;26.85;26.9;NA;NA;NA;
7;5;3.26;12.15;14.54;NA;29.13;22.14;5.36;18.97;14.12;NA;NA;NA;
7;6;2.93;7.3;9.2;NA;4.53;5.99;6.14;18.68;15.34;NA;NA;NA;
7;7;4.47;6.42;9.23;NA;8.2;9.11;11.58;21.68;16.2;NA;NA;NA;
7;8;15.67;17.62;18.88;NA;30.95;19.9;28.44;29.75;14.57;NA;NA;NA;
7;9;24.26;22.63;ND;NA;39.39;24.41;30.75;37.21;10.54;NA;NA;NA;
7;10;31.94;23.34;ND;NA;43.32;35.59;41.24;42.74;19.98;NA;NA;NA;
7;11;34.25;28.81;41.16;NA;62.38;57.86;42.62;51.7;41.79;NA;NA;NA;
7;12;28.23;31.81;50.42;NA;52.01;70.87;63.3;60.45;53.35;NA;NA;NA;
7;13;27.43;32.92;36.85;NA;66.33;57.49;75.45;67.9;79.93;NA;NA;NA;
7;14;28.02;29.83;46.58;NA;56.27;49.88;67.22;61.27;70.15;NA;NA;NA;
7;15;26.3;ND;39.03;NA;ND;49.66;48.32;53.14;54.42;NA;NA;NA;
7;16;18.87;21.67;12.39;NA;37.37;20.46;34.4;38.48;37.37;NA;NA;NA;
7;17;12.79;17.66;11.78;NA;27.93;11.49;14.36;32.19;31.05;NA;NA;NA;
7;18;13.77;13.19;3.52;NA;18.78;11.99;8.42;27.21;24.45;NA;NA;NA;
7;19;9.74;13.28;4.13;NA;13.01;12.28;4.4;23.61;15.74;NA;NA;NA;
7;20;7.66;12.6;2.48;NA;2.95;9.8;6.44;26.53;17.39;NA;NA;NA;
7;21;11.22;12.82;3.39;NA;3.43;12.16;6.6;26.86;8.71;NA;NA;NA;
7;22;11.19;15.27;6.55;NA;10.98;17.19;13.75;29.14;24.91;NA;NA;NA;
7;23;9.45;16.58;7.69;NA;15.95;12.77;17.92;33.19;22.9;NA;NA;NA;
8;0;13.21;15.96;7.86;NA;15.99;14.77;27.81;32.9;15.06;NA;NA;NA;
8;1;15.35;16.75;14.5;NA;26.13;21.29;ND;31.29;18.71;NA;NA;NA;
8;2;ND;16.66;17.03;NA;31.67;21.43;19.36;33.29;32.04;NA;NA;NA;
8;3;8.78;16.13;18.1;NA;29.67;22.09;21.45;34.11;31.77;NA;NA;NA;
8;4;7.39;15.54;19.67;NA;25.01;18.12;23.43;29.53;33.35;NA;NA;NA;
8;5;7.14;10.17;17.33;NA;9.74;10.47;7.45;27.15;29.37;NA;NA;NA;
8;6;2.68;5.69;7.32;NA;5.37;5.35;5.45;21.63;10.42;NA;NA;NA;
8;7;1.94;5.7;3.98;NA;3.54;3.88;5.3;16.91;16.12;NA;NA;NA;
8;8;5.42;11.21;9.96;NA;15.09;8.9;24.1;25.61;21.85;NA;NA;NA;
8;9;19.21;17.28;15.35;NA;24.74;19.69;36.96;33.12;16.41;NA;NA;NA;
8;10;28.49;23.3;27.52;NA;35.4;28.45;45.24;44.74;21.05;NA;NA;NA;
8;11;28.34;26.88;43.79;NA;57.26;52.67;41.76;53.12;45.62;NA;NA;NA;
8;12;31.31;27;51.25;NA;54.09;71.06;55.54;58.26;64.73;NA;NA;NA;
8;13;28.27;26.27;46.78;NA;39.32;57.97;42.68;56;61.47;NA;NA;NA;
8;14;27.7;24.16;38.12;NA;31.89;43.28;55.63;44.65;52.85;NA;NA;NA;
8;15;24.21;22.39;23.71;NA;24.77;32.58;34.84;36.74;31.31;NA;NA;NA;
8;16;20.91;18.19;11.01;NA;17.88;11.09;26.12;33.11;38.52;NA;NA;NA;
8;17;16.34;10.6;16.16;NA;9.27;12.44;9.75;2.13;20.7;NA;NA;NA;
8;18;13.61;12.68;15.86;NA;1.83;9.78;9.8;1.64;4.03;NA;NA;NA;
8;19;9.21;13.5;8.71;NA;5.66;4.65;7.57;2.37;0.62;NA;NA;NA;
8;20;7.67;9.15;1.79;NA;7.25;0.9;7.96;12.49;0.24;NA;NA;NA;
8;21;11.65;11.75;2.87;NA;9.04;0.78;4.02;17.45;0.06;NA;NA;NA;
8;22;3.78;12.84;2.99;NA;7.95;1.25;4.86;19.8;ND;NA;NA;NA;
8;23;9.17;11.76;3.24;NA;30.26;2.45;8.94;19.92;ND;NA;NA;NA;
9;0;14.25;29.17;10.75;NA;34.78;17.19;13.26;26.12;20.4;NA;NA;NA;
9;1;15.44;33.49;14.89;NA;33.88;16.01;19.8;ND;23.6;NA;NA;NA;
9;2;12.66;ND;ND;NA;ND;ND;21.88;18.44;ND;NA;NA;NA;
9;3;16.29;31.73;21.05;NA;22.12;19.83;21.35;22.5;23.38;NA;NA;NA;
9;4;15.37;31.24;23.81;NA;24.99;25.55;19.72;17.34;11.47;NA;NA;NA;
9;5;14.92;30.91;26.7;NA;23.62;24.98;21.25;12.3;1.45;NA;NA;NA;
9;6;12.34;30.51;25.61;NA;15.88;21.96;22.65;8.48;22.02;NA;NA;NA;
9;7;6.22;15.41;14.47;NA;4.77;17.15;13.96;8.27;22.07;NA;NA;NA;
9;8;8.66;17.72;14.11;NA;5.05;12.79;10.33;16.84;17.65;NA;NA;NA;
9;9;8.41;18.13;4.75;NA;13.26;11.01;24.33;16.07;24.22;NA;NA;NA;
9;10;7.06;25.85;7.51;NA;28.54;14.25;32.83;9.25;27.45;NA;NA;NA;
9;11;9.34;31.28;15.74;NA;27.01;19.92;38.06;9.39;15.32;NA;NA;NA;
9;12;15.96;37.11;26.08;NA;31.9;35.33;42.01;18.35;7.68;NA;NA;NA;
9;13;24.01;40.68;26;NA;37.13;33.56;46.64;31.96;14.29;NA;NA;NA;
9;14;28.51;53.23;24.35;NA;30.56;32.3;36.1;39.15;12.31;NA;NA;NA;
9;15;25.61;50.26;16.17;NA;22.76;26.72;25.24;39.87;36.81;NA;NA;NA;
9;16;17.72;38.33;16.38;NA;24.05;23.59;21.5;41.98;35.71;NA;NA;NA;
9;17;12.4;29.59;17.07;NA;11.24;19.73;27.48;22.01;8.14;NA;NA;NA;
9;18;8.12;21.48;19.07;NA;15.57;12.4;30.93;6.41;7;NA;NA;NA;
9;19;7.81;13.59;8.79;NA;4.2;9;33.95;2.93;0.27;NA;NA;NA;
9;20;0.84;11.83;0.45;NA;1.47;3.93;22.49;0.45;0.24;NA;NA;NA;
9;21;0.3;4.41;0.91;NA;4.81;1.17;3.3;0.04;0.1;NA;NA;NA;
9;22;0.25;2.59;0.48;NA;1.74;1;18.85;0;0.07;NA;NA;NA;
9;23;0.41;1.32;1.2;NA;0.55;1.1;9.67;0;0.02;NA;NA;NA;
10;0;0.96;3.12;1.11;NA;0.24;2.02;5.75;0;0;NA;NA;NA;
10;1;0.92;0.51;3.86;NA;2.2;1.17;ND;0;0;NA;NA;NA;
10;2;ND;1.07;2.54;NA;4.52;0.98;12.16;0;0;NA;NA;NA;
10;3;1.32;5.47;0.54;NA;1.53;0.37;4.34;0;0;NA;NA;NA;
10;4;1.71;3.75;0.94;NA;3.29;0.81;5.89;0;0;NA;NA;NA;
10;5;0.61;2.79;0.52;NA;1.27;1.39;5.77;0;0;NA;NA;NA;
10;6;0.67;1.83;1.25;NA;1.84;1.95;2;0.11;0.27;NA;NA;NA;
10;7;2.4;1.83;3.51;NA;3.99;4.11;15.54;1.93;2.96;NA;NA;NA;
10;8;5.57;4.81;7.8;NA;14.07;11.84;30.45;7.05;15.37;NA;NA;NA;
10;9;9.73;14.89;18.62;NA;29.96;24.11;44.52;19.06;17.17;NA;NA;NA;
10;10;25.78;27.1;30.63;NA;ND;38.21;64.42;33.68;19.95;NA;NA;NA;
10;11;34.87;45.99;39.62;NA;ND;48.58;75.85;53.62;40.21;NA;NA;NA;
10;12;23.96;59.95;ND;NA;37.48;50.38;40.21;76.25;62.52;NA;NA;NA;
10;13;19.81;70.53;ND;NA;24.3;43.93;28.37;69.42;55.23;NA;NA;NA;
10;14;19.43;44.26;17.85;NA;21.75;23.94;35.52;31.99;31.22;NA;NA;NA;
10;15;17.25;37.29;18.25;NA;21.38;27.44;24.87;31.38;24.89;NA;NA;NA;
10;16;16.02;34.86;8.65;NA;22.47;19.84;20.54;28.21;21.48;NA;NA;NA;
10;17;10.25;33.14;7.38;NA;21.17;9.57;27.48;23.54;17.01;NA;NA;NA;
10;18;4.22;26.23;3.48;NA;5.19;6.43;23.55;0.8;21.02;NA;NA;NA;
10;19;0.53;20.65;1.05;NA;9.82;1.73;3.32;0.13;8.04;NA;NA;NA;
10;20;0.22;9.75;0.28;NA;2.43;1.21;0.41;0.12;1.76;NA;NA;NA;
10;21;0.16;14.31;0.45;NA;0.93;1.31;0.06;0;1.1;NA;NA;NA;
10;22;0.26;10.75;2.77;NA;2.06;1.15;0.1;0;0.01;NA;NA;NA;
10;23;1.23;11.08;8.23;NA;1.36;2.33;7.05;0;0;NA;NA;NA;
11;0;3.45;23.53;4.14;NA;10.79;0.65;2.02;0.52;0;NA;NA;NA;
11;1;3.81;10.16;1.2;NA;33.06;19.83;15.49;ND;0.07;NA;NA;NA;
11;2;7.79;13.63;ND;NA;ND;ND;21.68;0.1;ND;NA;NA;NA;
11;3;0.45;ND;0.31;NA;1.52;2.22;16.22;4.82;0;NA;NA;NA;
11;4;7.5;16.74;0.28;NA;0.91;0.73;8.04;15.6;0;NA;NA;NA;
11;5;3.86;29.74;0.54;NA;2.07;0.57;0.17;7.5;0;NA;NA;NA;
11;6;0.65;24.43;1.45;NA;3.18;1.08;0.94;0.33;0.04;NA;NA;NA;
11;7;1.47;1.85;2.45;NA;5.41;3.04;8.21;2.77;1.47;NA;NA;NA;
11;8;2.84;2.85;3.2;NA;5.2;6.38;19.29;7.88;10.57;NA;NA;NA;
11;9;9.93;ND;12.6;NA;24.16;17.6;31.05;17.52;30.65;NA;NA;NA;
11;10;24.24;ND;25.17;NA;39.61;28.73;ND;33.91;16.55;NA;NA;NA;
11;11;27.15;27.95;36.91;NA;35.1;33.26;ND;44.09;49.27;NA;NA;NA;
11;12;26.13;51.71;27.8;NA;34.51;36.71;43.77;50.63;32.29;NA;NA;NA;
11;13;27.63;47.36;34.5;NA;40.48;54.35;56.39;49.08;44.92;NA;NA;NA;
11;14;26.37;47.82;26.43;NA;35.88;37.19;35.36;39.95;26.34;NA;NA;NA;
11;15;26.05;46.68;19.03;NA;32.2;25.32;36.02;41.61;35.16;NA;NA;NA;
11;16;22.7;53.47;13.37;NA;32.86;21.99;34.25;35.56;23.56;NA;NA;NA;
11;17;18.72;44.39;11.88;NA;14.41;14.16;17.6;30.33;22.5;NA;NA;NA;
11;18;13.59;35.58;4.54;NA;5.88;10.06;5.47;27.35;25.76;NA;NA;NA;
11;19;10.38;30.38;2.76;NA;8.24;10.1;9.38;24.56;23.48;NA;NA;NA;
11;20;5.27;27.97;0.63;NA;5.97;3.6;9.57;14.72;19.77;NA;NA;NA;
11;21;6.7;26.27;0.65;NA;10.68;1.33;2.66;26.15;20.66;NA;NA;NA;
11;22;7.76;18.39;4.79;NA;1.76;0.94;0.84;30.36;23.91;NA;NA;NA;
11;23;7.98;26.71;9.78;NA;0.45;1.37;11.13;29.58;22.51;NA;NA;NA;
12;0;3.6;26.76;1.45;NA;0.03;4.4;23.86;20.35;11.34;NA;NA;NA;
12;1;5.25;21.76;0.23;NA;0.78;2.05;ND;19.99;3.37;NA;NA;NA;
12;2;ND;27.75;1.02;NA;0.94;0.59;8.44;26.45;19.72;NA;NA;NA;
12;3;7.62;38.35;4.51;NA;0.56;0.95;8.88;19.47;15.5;NA;NA;NA;
12;4;7.7;33.76;8.42;NA;0.67;10.11;5.03;24.73;3.76;NA;NA;NA;
12;5;4.15;31.1;10.43;NA;3.82;12.86;10.67;12.53;0.49;NA;NA;NA;
12;6;0.59;29.68;2.09;NA;0.43;1.66;3.38;2.99;0.09;NA;NA;NA;
12;7;1.72;9.66;2.18;NA;5.98;3.22;19.65;1.83;1.32;NA;NA;NA;
12;8;4.12;6.78;3.72;NA;5.29;4.63;25.7;2.87;3.01;NA;NA;NA;
12;9;9.09;12.02;3.82;NA;12.78;9.65;32.95;8.76;11.53;NA;NA;NA;
12;10;19.08;26.56;12.03;NA;17.09;13.28;32.51;ND;ND;NA;NA;NA;
12;11;32.64;40.33;25.27;NA;32.48;22.45;37.3;ND;ND;NA;NA;NA;
12;12;36.65;52.64;45.8;NA;55.56;46.49;54.53;56.42;35.77;NA;NA;NA;
12;13;38.45;56.65;61.44;NA;83.54;69.41;70.52;ND;52.09;NA;NA;NA;
12;14;30.6;63.56;47.45;NA;78.85;65.88;67.29;ND;62.24;NA;NA;NA;
12;15;24.31;46.99;28.52;NA;ND;42.02;33.3;46.66;57.25;NA;NA;NA;
12;16;19.57;44.12;17.75;NA;15.99;21;19.08;43.11;28.5;NA;NA;NA;
12;17;16.55;41.47;10.78;NA;11.15;8.7;22.63;36.14;20.53;NA;NA;NA;
12;18;10.51;35.92;3.47;NA;8.63;4.22;37.48;29.1;6.88;NA;NA;NA;
12;19;8.04;31.89;2.47;NA;2.47;10.16;0;18.96;1.97;NA;NA;NA;
12;20;5.9;26.14;1.98;NA;0.83;9.56;1.79;20.72;2.94;NA;NA;NA;
12;21;5.03;25.59;0.9;NA;1.45;6.92;3.51;25.13;4.46;NA;NA;NA;
12;22;ND;25.34;4.8;NA;1.01;1.55;5.14;19.23;3.96;NA;NA;NA;
12;23;ND;12.94;1.28;NA;5.06;3.09;4.65;20.35;6.78;NA;NA;NA;
13;0;5.87;21.15;2.01;NA;8.34;4.49;6.98;21.94;6.72;NA;NA;NA;
13;1;11.54;19.7;2.41;NA;15.03;8.54;23.99;19.53;7.68;NA;NA;NA;
13;2;12.11;15.58;ND;NA;ND;ND;21.65;18.88;ND;NA;NA;NA;
13;3;4.59;ND;12.39;NA;8.84;8.73;11.95;17.08;0;NA;NA;NA;
13;4;5.04;23.8;10.34;NA;9.02;9.56;8.38;23.95;3.24;NA;NA;NA;
13;5;2.91;21.68;10.94;NA;4.79;13.48;4.51;10.13;15.69;NA;NA;NA;
13;6;0.55;ND;2.75;NA;6.05;4.8;2.9;2.57;17.9;NA;NA;NA;
13;7;1.8;2.77;3.64;NA;4.33;5.41;5.78;3.22;2.55;NA;NA;NA;
13;8;7.96;5.25;7.41;NA;8.5;9.9;17.32;8.84;5.94;NA;NA;NA;
13;9;ND;10.59;13;NA;23.72;19.28;33.63;24.92;17.15;NA;NA;NA;
13;10;ND;16.08;9.53;NA;32.06;19.65;44.48;32.77;26.61;NA;NA;NA;
13;11;28.01;34.84;22.56;NA;32.93;21.58;69.1;41.62;13.99;NA;NA;NA;
13;12;ND;51.5;51.48;NA;51.83;48.05;43.24;59.56;36.3;NA;NA;NA;
13;13;33.58;59.99;56.43;NA;73.48;68.51;51.69;66.94;62.79;NA;NA;NA;
13;14;29.93;64.19;55.57;NA;54.05;65.94;64.18;57.59;65.05;NA;NA;NA;
13;15;25.71;62.79;35.75;NA;40.27;51.36;46.22;50.26;50.36;NA;NA;NA;
13;16;23.03;54.05;24.81;NA;29.23;37.5;37.1;40.37;35.25;NA;NA;NA;
13;17;17.38;44.56;10.19;NA;14.39;19.56;25.55;32.53;29.03;NA;NA;NA;
13;18;10.04;36.42;3.62;NA;5.17;8.19;11.47;21.41;23.24;NA;NA;NA;
13;19;6.13;25.74;1.2;NA;3.07;0.74;3.3;20.86;17.22;NA;NA;NA;
13;20;2.29;20.47;0.64;NA;0.72;0.76;5.97;19.81;11.28;NA;NA;NA;
13;21;1.11;23.01;1.23;NA;0.67;2.71;8.1;21.88;16.17;NA;NA;NA;
13;22;3.01;17.7;0.38;NA;0.32;0.64;3.2;16.76;8.6;NA;NA;NA;
13;23;7.84;14.05;2.56;NA;0.53;1.78;7.64;18.71;8.16;NA;NA;NA;
14;0;5.7;18.51;7.79;NA;4.69;6.35;11.92;19.62;10.03;NA;NA;NA;
14;1;1.48;20.46;3.55;NA;4.2;5.04;ND;ND;10.18;NA;NA;NA;
14;2;5.25;14.91;1.1;NA;2.04;3.01;14.38;13.26;4.82;NA;NA;NA;
14;3;7.71;19.93;4.25;NA;0.85;0.68;5.87;14.04;0.95;NA;NA;NA;
14;4;3.73;24.99;2.2;NA;0.27;0.68;0.17;7.35;0;NA;NA;NA;
14;5;0.25;21.99;0.47;NA;0;1.24;1.07;1.75;0.01;NA;NA;NA;
14;6;0.85;11.55;0.66;NA;0.33;0.78;2.31;5.81;0.14;NA;NA;NA;
14;7;2.29;10.85;2.35;NA;2.66;2.74;2.79;8.4;1.18;NA;NA;NA;
14;8;4.91;10.38;3.66;NA;6.62;4.77;8.56;13.06;2.01;NA;NA;NA;
14;9;9.88;19.74;9.19;NA;14.72;10.86;20.32;14.32;5.71;NA;NA;NA;
14;10;20.94;33.58;34.05;NA;36.1;36.77;44.29;27.52;20.64;NA;NA;NA;
14;11;34.63;58.64;21.47;NA;39.85;38.01;85.65;46.16;24.87;NA;NA;NA;
14;12;39.41;59.04;32.73;NA;ND;44.05;66.54;56.42;24.39;NA;NA;NA;
14;13;37.68;56.45;55.5;NA;ND;64.52;68.72;66.41;54.04;NA;NA;NA;
14;14;31.21;53.01;45.94;NA;ND;68.05;75.02;63.38;60.3;NA;NA;NA;
14;15;27.3;50.98;45.65;NA;36.4;54.86;60.04;56.12;67.43;NA;NA;NA;
14;16;24.5;51.75;39.7;NA;19.98;32.97;44.26;48.58;53.2;NA;NA;NA;
14;17;20.13;37.71;16.89;NA;29.12;23.62;32.93;31.94;37.09;NA;NA;NA;
14;18;13.73;28.22;5.19;NA;20.36;10.95;13.24;23.15;12.05;NA;NA;NA;
14;19;6.43;21.14;1.33;NA;5.94;1.95;3.14;21.39;1.8;NA;NA;NA;
14;20;3.65;20.54;0.71;NA;1.66;1.38;15.33;24.59;0.73;NA;NA;NA;
14;21;0.99;15.35;0.99;NA;0.84;1.36;19.59;18.89;0.44;NA;NA;NA;
14;22;1.62;14.3;3.33;NA;4.4;0.64;20.26;12.1;0.1;NA;NA;NA;
14;23;2.49;15.71;0.68;NA;6.34;2.74;20.4;14.29;0.24;NA;NA;NA;
15;0;2.15;21.38;0.55;NA;17.08;4.29;15.7;10.02;0.3;NA;NA;NA;
15;1;7.5;24.95;1.79;NA;11.47;5.68;26.06;20.65;0.61;NA;NA;NA;
15;2;12.53;ND;ND;NA;ND;ND;12.98;24.8;ND;NA;NA;NA;
15;3;13.88;11.49;20.04;NA;11.21;9.01;30.85;9;0.25;NA;NA;NA;
15;4;3.91;17.81;10.29;NA;20.08;8.32;37.55;2.83;4.62;NA;NA;NA;
15;5;3.37;16.63;4.42;NA;4.58;5.48;7.65;0;3.01;NA;NA;NA;
15;6;1.52;8.89;1.28;NA;3.19;4.19;11.9;0.11;1.98;NA;NA;NA;
15;7;2.21;4.82;5.22;NA;7.53;12.8;27.93;2.93;6.96;NA;NA;NA;
15;8;10.65;17.65;15.44;NA;28.33;24.35;39.65;10.69;18.35;NA;NA;NA;
15;9;17.96;25.74;28.5;NA;51.74;ND;45.42;22.69;25.74;NA;NA;NA;
15;10;33.94;50.41;31.24;NA;46.33;ND;53.01;43.74;33.59;NA;NA;NA;
15;11;49.4;73.18;53.16;NA;64.98;ND;57.06;68.35;35.21;NA;NA;NA;
15;12;41.37;70.43;70.9;NA;71.58;80.33;53.18;84.44;70.32;NA;NA;NA;
15;13;25.19;51.18;52.5;NA;33.17;53.21;42.21;62.94;68.37;NA;NA;NA;
15;14;24.88;39.77;35.7;NA;21.72;29.78;35.03;41.54;40.57;NA;NA;NA;
15;15;17.75;37.83;20.91;NA;25.59;18.53;29.81;42.55;39.67;NA;NA;NA;
15;16;19.49;30.32;19.74;NA;11.37;16.26;20.75;37.48;36.98;NA;NA;NA;
15;17;18.61;25.85;26.98;NA;12.69;32.4;29.48;25.93;38.49;NA;NA;NA;
15;18;5.47;18.54;5.83;NA;15.6;2.69;8.67;21.85;12.56;NA;NA;NA;
15;19;1.39;10.85;2.74;NA;1.55;1.38;3.38;21.7;9.63;NA;NA;NA;
15;20;5.72;5.33;4.57;NA;0.95;2.97;19.24;5.69;0.66;NA;NA;NA;
15;21;7.93;12.78;24.41;NA;0.87;29.56;47.07;1.13;1.73;NA;NA;NA;
15;22;12.28;26.61;11.32;NA;4.58;1.61;10.41;0.05;1.45;NA;NA;NA;
15;23;18.81;28.69;12.25;NA;10.49;7.68;7.39;1.56;0.39;NA;NA;NA;
16;0;17.44;22.6;2.55;NA;9.4;6.36;10.28;10.11;0.37;NA;NA;NA;
16;1;1.94;20.53;6.04;NA;10.28;5.97;ND;ND;0.27;NA;NA;NA;
16;2;0.89;5.43;2.72;NA;2.5;ND;17.89;4.97;0.27;NA;NA;NA;
16;3;0.95;1.87;7.85;NA;0.28;8.97;26.12;1.26;0.05;NA;NA;NA;
16;4;0.91;1.34;3.84;NA;1.98;1.43;16.65;0.56;0.01;NA;NA;NA;
16;5;0.38;1.41;1.41;NA;1.49;0.31;5.93;0.07;0;NA;NA;NA;
16;6;0.82;1.96;1.4;NA;1.67;1.46;3.44;0.35;0.14;NA;NA;NA;
16;7;3.72;4.06;6.07;NA;4.44;4.23;14.41;3.95;3.32;NA;NA;NA;
16;8;15.22;22.1;26.2;NA;18.51;24.32;32.74;12.52;11.3;NA;NA;NA;
16;9;28.25;48.44;38.96;NA;39.71;40.56;47.99;26.69;28.68;NA;NA;NA;
16;10;40.14;66.44;47.34;NA;37.98;48.38;59.3;49.61;13.75;NA;NA;NA;
16;11;43.55;65.34;45.52;NA;52.61;50.94;34.37;53.83;50.86;NA;NA;NA;
16;12;39.7;59.11;53.33;NA;57.45;62.3;53.82;53.34;59.54;NA;NA;NA;
16;13;25.46;59.45;66.58;NA;53.78;67.81;71.3;67.39;83.39;NA;NA;NA;
16;14;19.84;42.99;47.06;NA;61.86;68.02;55.52;69.44;65.47;NA;NA;NA;
16;15;21.51;43.26;24.77;NA;38.77;34.73;40.34;45.16;47.71;NA;NA;NA;
16;16;20.81;43.57;24.21;NA;27.89;36.41;24.64;47.55;21.71;NA;NA;NA;
16;17;18.56;37.95;15.3;NA;33.93;19.33;18.71;35.15;30.14;NA;NA;NA;
16;18;13.24;31.79;15.1;NA;37;7.71;11.43;21.84;3.45;NA;NA;NA;
16;19;6.78;26.31;11.91;NA;18.14;3.54;7.1;24.95;24.33;NA;NA;NA;
16;20;6.43;20.32;11.26;NA;1.05;1.1;17.88;16.61;3.99;NA;NA;NA;
16;21;8.23;19.25;15.42;NA;0.78;1.19;5.68;18.38;3.24;NA;NA;NA;
16;22;10.78;24.49;12.11;NA;1.6;11.88;3.45;24.62;16.7;NA;NA;NA;
16;23;12.24;31.28;18.66;NA;3.09;11.95;11.18;29.86;17.34;NA;NA;NA;
17;0;19.37;42.26;18.8;NA;7.62;17.21;9.62;30.77;19.2;NA;NA;NA;
17;1;28.56;50.82;34.81;NA;27.72;28.54;12.53;36.11;20.97;NA;NA;NA;
17;2;26.24;ND;ND;NA;ND;40.49;33.92;36.77;ND;NA;NA;NA;
17;3;15.36;37.17;35.2;NA;44.42;39.17;41.58;28.66;38.18;NA;NA;NA;
17;4;8.66;22.28;27.32;NA;29.55;31.53;25.25;23.68;29.26;NA;NA;NA;
17;5;0.56;12.21;8.23;NA;4.96;9.49;17.31;6.39;11.37;NA;NA;NA;
17;6;0.66;17.17;0.9;NA;2.37;1.57;10.26;0.93;1.69;NA;NA;NA;
17;7;1.72;8.86;2.23;NA;2.8;3.13;3.29;1.56;5.07;NA;NA;NA;
17;8;ND;18.8;5.1;NA;5.82;10.71;10.9;5.67;8.51;NA;NA;NA;
17;9;13.92;33.59;12.68;NA;26.55;14.31;24.96;9.72;19.15;NA;NA;NA;
17;10;21.24;37.92;15.7;NA;32.72;29.1;45.88;19.42;24.93;NA;NA;NA;
17;11;21.24;41.85;24.58;NA;38.76;32.51;35.72;35.64;32.03;NA;NA;NA;
17;12;35.03;60.34;46.66;NA;57.22;54.91;51.72;56.7;61.66;NA;NA;NA;
17;13;ND;62.86;38.45;NA;52.09;53.54;48.95;57.31;40.67;NA;NA;NA;
17;14;ND;54.23;33.86;NA;45.37;40.69;49.29;52.54;52.92;NA;NA;NA;
17;15;ND;46.69;24.65;NA;43.17;28.38;40.91;47.91;47.4;NA;NA;NA;
17;16;26.52;42.76;26.91;NA;32.16;26.19;35.48;44.16;38.74;NA;NA;NA;
17;17;16.88;42.78;6.25;NA;21.51;18.38;28.09;38.38;37.35;NA;NA;NA;
17;18;8.71;32.91;6.21;NA;14.97;11.48;20.43;28.2;26.33;NA;NA;NA;
17;19;3.82;24.83;0.89;NA;3.38;1.51;21.57;24.13;20.57;NA;NA;NA;
17;20;5.91;30.51;0.57;NA;6;7.2;13.9;30.3;20.99;NA;NA;NA;
17;21;1.38;22.15;1.68;NA;1.59;2.44;11.34;19.24;16.21;NA;NA;NA;
17;22;14.6;35.26;4.8;NA;15.61;14.88;19.13;30.04;8.23;NA;NA;NA;
17;23;12.83;36.06;8.17;NA;22.88;12.69;10.04;24.7;14.64;NA;NA;NA;
18;0;1.71;24.19;4.69;NA;18.68;4.35;13.28;16.51;18.19;NA;NA;NA;
18;1;5.55;25.86;10.9;NA;10.49;1.4;ND;ND;3.27;NA;NA;NA;
18;2;4.3;28.04;7.22;NA;19.1;ND;9.5;24.01;5.04;NA;NA;NA;
18;3;5.01;17.97;5.6;NA;14.04;9.07;19.22;23.94;21.95;NA;NA;NA;
18;4;6.8;22.15;12.12;NA;15.35;12.17;14.07;23.06;14.48;NA;NA;NA;
18;5;2.43;11.68;5.2;NA;12.83;6.74;8.17;15.78;18.92;NA;NA;NA;
18;6;1.85;1.44;1.93;NA;2.27;1.62;1.36;6.47;10.26;NA;NA;NA;
18;7;2.79;11.02;3.55;NA;5.22;3.55;7.34;4.78;5.01;NA;NA;NA;
18;8;ND;20.71;8.83;NA;11.88;15.65;18.01;28.95;7.77;NA;NA;NA;
18;9;17.09;41.35;19.01;NA;21.83;24.17;31.29;33.37;20.68;NA;NA;NA;
18;10;32.18;51.76;25.67;NA;24.85;35.06;37.37;34.24;30.85;NA;NA;NA;
18;11;37.27;62.81;44.94;NA;42.46;49.58;50.47;53.77;9.68;NA;NA;NA;
18;12;39.9;61.6;ND;NA;53.1;52.35;47.02;56.32;29.24;NA;NA;NA;
18;13;38.37;63.02;43.85;NA;51.29;ND;68.38;54.58;37.95;NA;NA;NA;
18;14;34.21;57;ND;NA;43.09;ND;60.16;57.7;46.65;NA;NA;NA;
18;15;39.23;65.07;37.16;NA;46.38;48.79;67.01;58.44;18.19;NA;NA;NA;
18;16;32.06;61.78;16.39;NA;40.51;35.43;55.82;51.5;30.76;NA;NA;NA;
18;17;25.01;45.05;6.74;NA;17.86;12.26;49.86;43.65;31.96;NA;NA;NA;
18;18;18.54;38.03;5.42;NA;6.11;5.76;14.55;29.63;32.14;NA;NA;NA;
18;19;10.18;29.48;0.76;NA;6.13;7.13;3.95;18.43;29.44;NA;NA;NA;
18;20;1.28;20.77;0.74;NA;2.78;3.69;1.39;13.04;14.52;NA;NA;NA;
18;21;0.51;17.23;0.71;NA;1.74;0.87;0.4;12.83;5.52;NA;NA;NA;
18;22;0.62;10.62;0.73;NA;1.44;1.01;3.51;20.23;12.03;NA;NA;NA;
18;23;0.26;10.53;1;NA;0.81;5.01;19.46;20.02;4.64;NA;NA;NA;
19;0;0.2;13.59;0.84;NA;2;1.02;38.43;21.32;0.01;NA;NA;NA;
19;1;14.89;10.3;20.62;NA;1.42;0.68;38.66;15.09;6.93;NA;NA;NA;
19;2;19.62;ND;ND;NA;ND;0.92;24.06;7.48;ND;NA;NA;NA;
19;3;12.66;15.2;10.67;NA;1.05;0.87;33.35;2.82;0;NA;NA;NA;
19;4;6.82;13.5;7.8;NA;1.04;1.33;14.98;2.26;0;NA;NA;NA;
19;5;6.23;2.12;3.3;NA;1.47;1.23;20.99;0.15;0.02;NA;NA;NA;
19;6;1.37;2.47;1.71;NA;2.13;1.89;22.35;0.08;0.24;NA;NA;NA;
19;7;2.03;2.99;1.85;NA;2.47;4.14;32.57;1.29;1.44;NA;NA;NA;
19;8;7.7;13.45;4.14;NA;5.56;7.94;36.81;3.55;2.33;NA;NA;NA;
19;9;25.02;42.39;25.99;NA;13.38;15.99;44.77;6.48;4.24;NA;NA;NA;
19;10;27.6;50.95;27.83;NA;ND;30.99;48.15;9.48;4.43;NA;NA;NA;
19;11;34.93;55.49;24.86;NA;ND;45.33;53.23;24.3;6.94;NA;NA;NA;
19;12;38.88;61.34;35.39;NA;45.42;52.99;42.05;35.28;14.89;NA;NA;NA;
19;13;31.23;55.27;42.55;NA;ND;53.1;55.98;54.96;9.74;NA;NA;NA;
19;14;31.29;56.58;44.62;NA;ND;51.4;ND;54.42;38.99;NA;NA;NA;
19;15;30.88;54.47;36.87;NA;52.89;58.18;46.57;56.36;51.69;NA;NA;NA;
19;16;26.14;43.46;35.54;NA;48.13;51.97;47.78;48.7;35.98;NA;NA;NA;
19;17;21.81;35.49;23.41;NA;31.05;30.1;33.84;34.83;25.59;NA;NA;NA;
19;18;8.13;19.61;15.23;NA;15.21;20.77;15.83;23.47;22.72;NA;NA;NA;
19;19;2.71;16.6;7.75;NA;4.89;3.49;8.58;8.99;12.54;NA;NA;NA;
19;20;4.22;5.5;5.64;NA;1.53;3.71;11.05;0.61;6.24;NA;NA;NA;
19;21;0.42;11.56;6.06;NA;1.47;2.19;6.34;10.76;0.47;NA;NA;NA;
19;22;0.27;11.63;9.21;NA;1.17;1.37;3.9;22.76;1.05;NA;NA;NA;
19;23;3.81;22.98;6.21;NA;1.18;0.59;10.36;26.79;8.84;NA;NA;NA;
20;0;5.13;23.32;1.73;NA;1.34;0.41;11.68;25.19;6.45;NA;NA;NA;
20;1;8.87;18.97;12.83;NA;1.29;4.2;ND;ND;0.19;NA;NA;NA;
20;2;ND;23.83;10.87;NA;1.25;ND;5.25;22.27;17.3;NA;NA;NA;
20;3;6.95;18.75;3.22;NA;0.51;0.41;13.31;14.68;17.39;NA;NA;NA;
20;4;0.35;9.49;4.23;NA;0.73;0.37;15.6;3.03;13.85;NA;NA;NA;
20;5;0.32;4.13;0.38;NA;0.64;0.42;10.18;1.21;9.65;NA;NA;NA;
20;6;0.46;2.49;0.59;NA;1.19;1.03;1.74;0.12;0.25;NA;NA;NA;
20;7;1.43;4.22;1.29;NA;2.68;1.23;14.85;1.18;1.97;NA;NA;NA;
20;8;6.43;9.78;3.14;NA;ND;4.01;15.17;11.29;6.25;NA;NA;NA;
20;9;10.13;19.1;12.73;NA;ND;8.17;17.76;12.79;5.43;NA;NA;NA;
20;10;22.38;34.11;31.16;NA;ND;31.86;23.63;25.02;7.13;NA;NA;NA;
20;11;29.03;46.24;29.82;NA;ND;39.67;40.8;40.65;31.42;NA;NA;NA;
20;12;28.7;50.36;37.81;NA;ND;43.33;47.65;45.9;41.28;NA;NA;NA;
20;13;31.18;54.55;34.22;NA;ND;40.72;50.33;47.8;38.83;NA;NA;NA;
20;14;21.84;42.99;17.04;NA;ND;35.72;43.39;42.69;45.76;NA;NA;NA;
20;15;19.92;39.63;18.09;NA;ND;22.36;39.02;41.22;19.94;NA;NA;NA;
20;16;16.74;36.59;17.4;NA;ND;21.24;28.13;36.18;42.5;NA;NA;NA;
20;17;11.65;25.63;7.76;NA;21.71;8.87;18.97;31.04;26.13;NA;NA;NA;
20;18;5.48;24.05;11;NA;8.88;6.06;13.39;16.01;15.59;NA;NA;NA;
20;19;1.1;15.09;9.02;NA;3.03;1.42;2.69;3.08;7.84;NA;NA;NA;
20;20;0.91;22.46;2.49;NA;1.51;0.91;4.37;16.3;4.75;NA;NA;NA;
20;21;0.33;18.79;1.63;NA;1.54;1.07;0.41;24.81;8.31;NA;NA;NA;
20;22;0.27;24.01;5.09;NA;1.89;0.52;0;26.98;ND;NA;NA;NA;
20;23;9.3;17.48;6.73;NA;8.21;5.48;3.14;27.1;ND;NA;NA;NA;
21;0;9.06;18.41;25.86;NA;7.52;4.42;7.56;24.88;8.03;NA;NA;NA;
21;1;3.4;17.01;18.02;NA;10.71;7.16;12.95;20.34;0.62;NA;NA;NA;
21;2;4.16;ND;ND;NA;ND;8.76;8.05;20.1;ND;NA;NA;NA;
21;3;3.55;24.1;4.88;NA;4.42;6.38;8.57;15.53;0;NA;NA;NA;
21;4;5.89;23.44;5.54;NA;0.88;2.58;1.34;20.04;1.82;NA;NA;NA;
21;5;2.3;11.23;3.16;NA;0.17;0.43;0.3;18.73;0.15;NA;NA;NA;
21;6;0.9;2.74;0.98;NA;1.19;0.83;2.62;10.47;0.65;NA;NA;NA;
21;7;0.94;2.89;1.7;NA;2.82;1.72;1.8;12.82;2.7;NA;NA;NA;
21;8;5.33;7.24;6.21;NA;6.84;4.32;10.69;15.84;10.8;NA;NA;NA;
21;9;14.35;21.24;15.06;NA;22.34;17.7;35.38;20.85;11.42;NA;NA;NA;
21;10;30.11;50.27;33.03;NA;40.34;38.99;48.98;41.97;14.4;NA;NA;NA;
21;11;33.66;60.24;41.94;NA;50.44;44.64;44.3;55.29;50.27;NA;NA;NA;
21;12;24.91;49.19;38.13;NA;49.22;49.83;53.84;58.98;55.2;NA;NA;NA;
21;13;27.55;46.98;39.67;NA;ND;51.01;51.55;52.98;44.86;NA;NA;NA;
21;14;26.47;48.62;35.72;NA;ND;40.06;50.92;47.16;55.75;NA;NA;NA;
21;15;20.22;37.63;26.7;NA;ND;29.23;40.88;39.22;38.2;NA;NA;NA;
21;16;20.09;33.32;20.12;NA;ND;17.66;41.58;33.77;31.8;NA;NA;NA;
21;17;17.01;23.66;6.72;NA;ND;6.48;25.05;24.49;18.11;NA;NA;NA;
21;18;6.66;20.28;0.72;NA;ND;0.91;24.62;21.23;13.64;NA;NA;NA;
21;19;1.89;12.44;2.05;NA;ND;1.14;14.91;15.29;7.82;NA;NA;NA;
21;20;0.45;9.82;5.66;NA;ND;0.71;4.04;23.08;14.65;NA;NA;NA;
21;21;3.75;7.42;8.61;NA;ND;0.52;1.26;23.01;16.37;NA;NA;NA;
21;22;11.78;3.55;2.23;NA;ND;0.74;0.06;16.74;4.22;NA;NA;NA;
21;23;1.01;5;2.1;NA;ND;0.56;0.96;12.83;7.29;NA;NA;NA;
22;0;0.59;8.61;1.61;NA;0.96;0.45;4.54;14.01;5.25;NA;NA;NA;
22;1;0.44;1.83;0.56;NA;0.67;0.31;ND;ND;0.1;NA;NA;NA;
22;2;ND;1.22;0.62;NA;0.26;ND;2.48;5.88;0.18;NA;NA;NA;
22;3;0.65;0.93;0.48;NA;0.65;0.52;1.02;4.55;0.02;NA;NA;NA;
22;4;0.24;1.15;0.33;NA;0.95;0.29;13.19;0.51;0.02;NA;NA;NA;
22;5;0.37;1.09;0.26;NA;0.26;0.2;14.58;0.36;0.01;NA;NA;NA;
22;6;0.67;1.79;0.84;NA;1.27;1.04;11.05;0.27;0.18;NA;NA;NA;
22;7;2.94;6.32;4.27;NA;3.54;2.5;7.56;3.38;1.6;NA;NA;NA;
22;8;17.12;22.86;19.78;NA;14.07;13.31;20.41;5.93;9.98;NA;NA;NA;
22;9;25.39;33.49;28.77;NA;30.27;32.55;34.77;5.64;22.11;NA;NA;NA;
22;10;26.64;45.45;32.7;NA;29.72;33.61;35.31;25.63;22.14;NA;NA;NA;
22;11;33.84;54.67;35.33;NA;39.85;40.41;35.96;49.76;24.67;NA;NA;NA;
22;12;30.36;47.23;41.28;NA;43.12;44.62;40.13;50.59;37.11;NA;NA;NA;
22;13;35.09;54.5;44.11;NA;47;50.88;42.35;57.82;32.1;NA;NA;NA;
22;14;30.26;49.27;38.67;NA;44.69;47.05;46.09;39.26;44.57;NA;NA;NA;
22;15;28.04;52.74;37.21;NA;42.33;44.1;40.15;32.61;41.2;NA;NA;NA;
22;16;26.1;42.74;36.92;NA;31.69;38.4;31.78;25.67;35.65;NA;NA;NA;
22;17;22.57;40.79;26.31;NA;30.13;29.66;21.02;23.51;30.96;NA;NA;NA;
22;18;13.73;30.83;19.64;NA;18.76;24.66;11.79;26.2;21.16;NA;NA;NA;
22;19;8.7;29.25;12.37;NA;14.3;12.67;8.61;19.61;23.34;NA;NA;NA;
22;20;5.74;17.63;18.86;NA;8.15;13.63;15.88;21.12;24.56;NA;NA;NA;
22;21;2.24;15.97;19.1;NA;5.75;6.63;8.95;9.17;6.76;NA;NA;NA;
22;22;10.33;14.65;11.85;NA;2.86;4.21;12.97;15.1;7.8;NA;NA;NA;
22;23;8.46;14.84;12.24;NA;2.58;0.97;10.2;23.62;9.9;NA;NA;NA;
23;0;11.16;16.57;19.46;NA;5.34;1.15;13.49;18.93;12.97;NA;NA;NA;
23;1;6.58;8.42;3.1;NA;8.63;1.75;25.09;19.01;2.51;NA;NA;NA;
23;2;11.3;ND;ND;NA;ND;7.35;30.83;10.36;ND;NA;NA;NA;
23;3;7.44;1.44;2.16;NA;9.05;14.08;31.73;10.26;0.09;NA;NA;NA;
23;4;3.54;6.53;0.9;NA;5.89;18.52;33.99;9.31;2.2;NA;NA;NA;
23;5;1.51;2.06;1.18;NA;4.65;6.83;35.27;4.9;2.15;NA;NA;NA;
23;6;1.33;1.94;1.75;NA;3.8;1.58;31.14;0.34;3.21;NA;NA;NA;
23;7;5.9;7.12;9.95;NA;17.16;6.65;28.71;6.95;5.12;NA;NA;NA;
23;8;11.24;27.84;24.12;NA;21.35;24.63;32.1;21.48;9.39;NA;NA;NA;
23;9;28.9;41.81;33.08;NA;37.95;28.18;39.73;36.47;22.74;NA;NA;NA;
23;10;31.07;44.71;39.2;NA;32.85;42.14;41.61;47.57;23.3;NA;NA;NA;
23;11;35.63;53.51;45.08;NA;ND;54.21;52;57.31;48.63;NA;NA;NA;
23;12;36.07;51.99;48.73;NA;55.59;55.83;62.8;62.47;61.83;NA;NA;NA;
23;13;32.8;53.41;48.01;NA;61.63;59.05;56.75;57.49;53.65;NA;NA;NA;
23;14;31.28;50.36;43.43;NA;53.96;53.21;49.47;51.74;50.02;NA;NA;NA;
23;15;25.8;45.76;39.87;NA;56.62;49.54;52.84;49.73;54.9;NA;NA;NA;
23;16;23.28;48.21;39.12;NA;43.94;46.52;42.76;44.46;39.18;NA;NA;NA;
23;17;22.67;43.35;34.16;NA;30.96;36.39;32.7;37.4;41.52;NA;NA;NA;
23;18;20.8;38.58;30.76;NA;22.57;27.54;20;30.28;35.13;NA;NA;NA;
23;19;15.61;35.25;28.46;NA;18.6;20.78;19.07;23.74;26.99;NA;NA;NA;
23;20;10.26;24.94;16.82;NA;11.13;20.11;14.3;23.59;20.44;NA;NA;NA;
23;21;5.23;21.2;20.35;NA;9.61;3.16;13.03;23.4;15.65;NA;NA;NA;
23;22;11.1;17.51;9.26;NA;2.15;3.47;8.33;22.69;8.59;NA;NA;NA;
23;23;13.24;32.84;15.07;NA;2.78;5.43;16.5;24.48;18.77;NA;NA;NA;
24;0;12.5;22.86;16.44;NA;0.91;18.77;21.14;28.23;16.81;NA;NA;NA;
24;1;18.62;24.49;24.35;NA;11.24;22.96;23.34;ND;16.43;NA;NA;NA;
24;2;ND;32.53;27.49;NA;17.57;ND;21.01;24.35;14.01;NA;NA;NA;
24;3;8.97;32.39;20.16;NA;10.21;21.29;18.03;17.85;20.06;NA;NA;NA;
24;4;14.15;30.94;15.47;NA;5.65;3.83;14.7;19.3;17.29;NA;NA;NA;
24;5;4.68;22.42;15.43;NA;0.24;2.61;16.13;11.92;0.58;NA;NA;NA;
24;6;2.11;8.3;5.78;NA;2.22;3.44;15.76;5.92;2.22;NA;NA;NA;
24;7;3.25;12.48;3.48;NA;7.77;7.11;11.93;11.8;5.31;NA;NA;NA;
24;8;9.45;18.84;6.64;NA;13.09;13.15;21.15;20.44;12.64;NA;NA;NA;
24;9;13.74;25.5;12.07;NA;29.87;30.54;29.67;21.11;22.95;NA;NA;NA;
24;10;ND;35.05;25.09;NA;44.16;40.78;35.95;25.7;37.17;NA;NA;NA;
24;11;29.03;48.63;38;NA;58.38;41.86;ND;37.21;56.95;NA;NA;NA;
24;12;31.81;53.68;34.86;NA;49.23;44.15;43.37;49.43;46.82;NA;NA;NA;
24;13;ND;47.2;31.35;NA;44.86;41.66;43.06;48.41;30.34;NA;NA;NA;
24;14;ND;44.61;33.45;NA;37.36;35.48;33.93;49.11;40.91;NA;NA;NA;
24;15;23.17;40.51;30.91;NA;ND;28.69;33.73;44.76;31.54;NA;NA;NA;
24;16;20.63;38.03;18.27;NA;20.71;19.74;22.39;35.82;25.13;NA;NA;NA;
24;17;18.86;32.61;5.5;NA;17.17;16.84;12.8;26.89;10.69;NA;NA;NA;
24;18;15.33;26.87;3.24;NA;22.79;14.94;5.8;18.55;4.04;NA;NA;NA;
24;19;5.77;21.13;1.84;NA;20.02;14.11;14.72;13.11;6.65;NA;NA;NA;
24;20;8.19;18.94;2.58;NA;32.23;7.14;3.42;11.84;10.46;NA;NA;NA;
24;21;9.73;14.15;0.84;NA;14.36;4.14;0.08;17.98;12.78;NA;NA;NA;
24;22;7.43;25.16;0.49;NA;13.49;0.64;0;28.74;0;NA;NA;NA;
24;23;4.73;35.69;0.28;NA;4.39;2.22;2.29;25.34;4.54;NA;NA;NA;
25;0;8.99;35.16;1.61;NA;3.38;0.6;1.05;26.3;13.7;NA;NA;NA;
25;1;11.4;31.36;13.43;NA;12.78;5.01;6.8;20.15;8.05;NA;NA;NA;
25;2;8.79;ND;ND;NA;ND;11.56;8.7;12.06;ND;NA;NA;NA;
25;3;3.54;17.08;8.05;NA;8.02;4.92;12.69;4.99;0.06;NA;NA;NA;
25;4;1.25;3.38;7.25;NA;13.63;1.52;9.28;1.9;0.03;NA;NA;NA;
25;5;1.2;1.86;2.38;NA;5.34;2.52;2.44;0.11;0.05;NA;NA;NA;
25;6;0.12;2.04;1.07;NA;2.03;1.5;1.72;0.37;0.51;NA;NA;NA;
25;7;3.71;4.64;6.28;NA;3.97;4.85;11.01;2.36;3.29;NA;NA;NA;
25;8;6.11;9.39;7.71;NA;8.96;8.26;22.33;7.12;9.49;NA;NA;NA;
25;9;14.41;ND;21.97;NA;22.66;30.04;27.99;24.63;23.11;NA;NA;NA;
25;10;25.83;ND;33.24;NA;23.68;39.9;34.15;43.96;26.12;NA;NA;NA;
25;11;32.71;45.61;28.13;NA;33.85;41.04;50.27;52.23;39.44;NA;NA;NA;
25;12;28.95;49.02;39.18;NA;35.7;46.13;52.69;63.91;41.89;NA;NA;NA;
25;13;28.05;53.19;40.39;NA;38.87;57.42;55.77;49.74;46.58;NA;NA;NA;
25;14;29.7;51.4;33.69;NA;ND;42.38;55.2;53.47;54.82;NA;NA;NA;
25;15;17.66;45.51;31.18;NA;ND;37.3;46.78;50.55;44.19;NA;NA;NA;
25;16;13.32;42.46;21.8;NA;30.44;31.6;43.34;41.66;43.84;NA;NA;NA;
25;17;14.59;34.72;8.11;NA;19.3;15.34;27.02;34.32;33.6;NA;NA;NA;
25;18;10.98;28.21;2.07;NA;8.41;3.43;20.55;27.12;10.61;NA;NA;NA;
25;19;8.88;21.98;0.74;NA;14.85;2.27;18.87;26.37;15.27;NA;NA;NA;
25;20;6.66;23.07;0.39;NA;16.69;4.27;2.2;26.05;20.59;NA;NA;NA;
25;21;1.76;26.12;1.23;NA;25.79;8.08;6.51;28.89;20.97;NA;NA;NA;
25;22;1.58;20.86;7.36;NA;20.94;5.91;1.65;27.25;18.11;NA;NA;NA;
25;23;4.3;24.64;2.09;NA;2.03;1.71;2.56;27.87;19.6;NA;NA;NA;
26;0;6.78;23.38;2.98;NA;1.23;2.13;2.93;25.28;20.45;NA;NA;NA;
26;1;6.97;22.42;8.65;NA;3.63;12.53;ND;ND;20.63;NA;NA;NA;
26;2;6.55;21.59;9.57;NA;2.95;ND;0.26;23.32;18.93;NA;NA;NA;
26;3;3.97;21.28;7.94;NA;8.1;8.77;2.87;21.52;20.82;NA;NA;NA;
26;4;3.09;13.03;10.58;NA;5.86;11.56;2.68;23.74;18.85;NA;NA;NA;
26;5;0;5.94;6.86;NA;2.99;8.92;1;21.62;17.86;NA;NA;NA;
26;6;0.01;2.49;2.58;NA;1.7;2.94;0.61;7.82;6.19;NA;NA;NA;
26;7;0.49;4.6;1.79;NA;2.89;2.42;4.7;5;6.96;NA;NA;NA;
26;8;ND;4.59;2.38;NA;6.96;3.3;7.04;7.58;3.29;NA;NA;NA;
26;9;ND;19.63;18.07;NA;18.62;8.92;22.2;10.61;9.59;NA;NA;NA;
26;10;22.82;40.98;20.28;NA;31.07;20.65;43.08;16.87;28.18;NA;NA;NA;
26;11;ND;44.47;26.44;NA;32.22;28.63;52.93;39.83;22.01;NA;NA;NA;
26;12;ND;46.41;44.81;NA;43.97;47.48;51.73;48.5;35.14;NA;NA;NA;
26;13;30.05;51.97;41.17;NA;55.02;57.95;60.51;54.22;62.31;NA;NA;NA;
26;14;28.25;57.89;40.71;NA;49.63;59;53.89;56.72;53.86;NA;NA;NA;
26;15;26.25;55.74;38.96;NA;49.01;53.55;51.86;57.4;42.71;NA;NA;NA;
26;16;22.19;46.92;28.05;NA;32.73;49.75;46.66;46.71;43.72;NA;NA;NA;
26;17;17.01;32.18;12.93;NA;28.76;31.39;37.5;35.66;30.12;NA;NA;NA;
26;18;12.12;27.8;3.27;NA;24.31;12.89;9.87;25.89;16.82;NA;NA;NA;
26;19;7.23;25.54;1.02;NA;13.4;4.33;3.12;21.79;21.18;NA;NA;NA;
26;20;6.25;24.26;0.45;NA;4.11;2.55;3.3;26.84;15.16;NA;NA;NA;
26;21;3.1;21.05;2.27;NA;4.78;0.44;5.68;24.57;15.86;NA;NA;NA;
26;22;5.54;19.29;7.67;NA;12.02;2.48;13.21;24.6;17.03;NA;NA;NA;
26;23;10.95;22.76;12.55;NA;18.01;11.86;8.85;20.73;10.58;NA;NA;NA;
27;0;16.29;24.23;20.6;NA;16.27;9.35;24.06;19.94;14.66;NA;NA;NA;
27;1;8.94;19.46;13.71;NA;26.18;10.98;22.45;11.7;0.94;NA;NA;NA;
27;2;3.29;ND;ND;NA;ND;13.33;16.67;15.43;ND;NA;NA;NA;
27;3;2.41;15.66;8.65;NA;9.05;9.98;13.92;17.78;8.32;NA;NA;NA;
27;4;4.37;11.4;14.13;NA;14.34;8.07;8.92;14.38;2.01;NA;NA;NA;
27;5;2.02;4.84;7.64;NA;3.06;17.62;6.32;7.65;0.03;NA;NA;NA;
27;6;2.9;1.75;5.12;NA;1.35;5.24;1.72;0.74;0.24;NA;NA;NA;
27;7;1.86;7.8;7.7;NA;3.34;2.29;6.01;2.42;1.09;NA;NA;NA;
27;8;11.27;29;11.05;NA;8.9;3.48;14.13;3.59;5.38;NA;NA;NA;
27;9;20.9;42;25.38;NA;20.1;8.96;40.7;15.21;21.46;NA;NA;NA;
27;10;26.7;28.61;33.17;NA;39.73;32.16;37.93;20.69;38.3;NA;NA;NA;
27;11;26.82;45.82;37.83;NA;44;39.74;44.48;35.97;52.5;NA;NA;NA;
27;12;31.91;55.96;42.06;NA;48.02;46.58;56.43;49.63;50.87;NA;NA;NA;
27;13;34.21;55.3;45.49;NA;45.65;52.84;60.25;63.06;44.94;NA;NA;NA;
27;14;27.83;44.33;41.61;NA;43.44;56.25;52.28;33.07;52.75;NA;NA;NA;
27;15;26.75;44.92;18.17;NA;28.24;31.29;50.81;32.71;51.4;NA;NA;NA;
27;16;24.87;44.42;23.08;NA;34.15;35.73;45.22;32.55;38.24;NA;NA;NA;
27;17;20.98;37.02;26.19;NA;28.62;30.28;30.76;34.26;31.34;NA;NA;NA;
27;18;13.75;33.31;20.02;NA;9.83;14.98;24.31;22.99;13.94;NA;NA;NA;
27;19;5.82;25.93;16.36;NA;4.67;6.78;21.79;16.51;11.45;NA;NA;NA;
27;20;1.75;18.78;8.09;NA;2.74;3.13;17.63;7.58;8.25;NA;NA;NA;
27;21;7.73;16.46;13.06;NA;2.89;4.8;11.43;1.06;9.06;NA;NA;NA;
27;22;3.03;4.45;2.22;NA;1.94;4.91;13.89;0.03;1.86;NA;NA;NA;
27;23;2.51;5.46;1.16;NA;0.84;2.68;22.99;0.5;0.29;NA;NA;NA;
28;0;3.39;11.96;0.73;NA;3.67;6.54;22.85;0.24;0.34;NA;NA;NA;
28;1;4.63;13.45;1.52;NA;5.51;8.29;ND;ND;0;NA;NA;NA;
28;2;7.68;14.78;1.19;NA;1.75;ND;23.96;0;0;NA;NA;NA;
28;3;0.83;7.83;0.98;NA;1.66;2.16;21.74;0;0;NA;NA;NA;
28;4;1.37;4.02;1.48;NA;0.76;10.26;24.13;0.02;0;NA;NA;NA;
28;5;0;1.49;2.58;NA;0.87;4.44;26.54;0;0.09;NA;NA;NA;
28;6;0.28;3.6;1.02;NA;2.03;3.26;20.82;0.15;1.02;NA;NA;NA;
28;7;0.98;6.2;3.27;NA;4.01;6.42;25.08;0.94;2.33;NA;NA;NA;
28;8;ND;12.61;11.19;NA;11.52;17.82;29.25;4.08;5.5;NA;NA;NA;
28;9;16.87;23.38;20.72;NA;29.12;34.5;34.52;17.49;24.83;NA;NA;NA;
28;10;27.11;45.61;32.05;NA;42.23;47.8;40.58;29.13;43.7;NA;NA;NA;
28;11;36.84;57.91;45.13;NA;52.66;46.54;48.71;51.62;63.62;NA;NA;NA;
28;12;38.62;64.77;62.13;NA;66.56;72.51;54.19;66.79;48.28;NA;NA;NA;
28;13;41.52;70.27;64.97;NA;77.33;80.82;49.05;73.73;63.74;NA;NA;NA;
28;14;34.45;66.78;50.61;NA;61.97;65.06;ND;71.8;61.23;NA;NA;NA;
28;15;27.23;53.75;27.03;NA;52.38;36.4;ND;28.52;36.41;NA;NA;NA;
28;16;22.15;47.47;20.13;NA;31.86;21.5;28.36;16.41;14.13;NA;NA;NA;
28;17;20.13;47.03;6.45;NA;38.7;12.27;20.62;17.35;14.16;NA;NA;NA;
28;18;16.52;36.24;2.64;NA;20.37;4.19;17.72;31.24;4.22;NA;NA;NA;
28;19;10.68;30.54;3.41;NA;1.7;0.62;8.73;25.16;21.04;NA;NA;NA;
28;20;4.32;30.88;2.61;NA;2.53;1.69;4.91;21.66;19.28;NA;NA;NA;
28;21;2.51;26.64;0.97;NA;1.07;0.34;11.19;24.64;15.88;NA;NA;NA;
28;22;5.6;28.07;1.04;NA;0.16;0.35;17.93;23.51;20.65;NA;NA;NA;
28;23;11.97;31.08;5.12;NA;0.11;1.63;15.41;25.84;11.03;NA;NA;NA;
29;0;5.99;30.24;13.05;NA;12.04;11.98;17.29;10.17;20.15;NA;NA;NA;
29;1;5.9;23.03;6.53;NA;8.58;8.62;7.18;4.46;9.41;NA;NA;NA;
29;2;3.93;ND;ND;NA;5.73;5.93;17.45;10.4;ND;NA;NA;NA;
29;3;1.21;17.14;7.65;NA;6.17;3.11;15.77;2.72;8.68;NA;NA;NA;
29;4;3.22;9.83;10;NA;4.92;8.07;7.6;4.94;5.17;NA;NA;NA;
29;5;4.17;12.97;2.83;NA;2.69;3.21;1.71;5.53;1.03;NA;NA;NA;
29;6;1.63;3.89;4.57;NA;0.93;1.07;3.39;4.38;0.69;NA;NA;NA;
29;7;3.31;13.36;5.05;NA;4.91;1.62;10.83;3.71;2.54;NA;NA;NA;
29;8;7.12;13.67;9.88;NA;15.83;14.66;30.27;4.63;14.29;NA;NA;NA;
29;9;13.75;26.44;16.8;NA;25.22;25.8;34.2;19.03;19.97;NA;NA;NA;
29;10;26.98;49.13;33.22;NA;32.46;34.13;37.08;39.95;30.54;NA;NA;NA;
29;11;37.46;66.17;66.45;NA;ND;72.28;37.99;69.58;29.93;NA;NA;NA;
29;12;33.53;59.15;65.79;NA;ND;55.11;72.31;65.8;63.97;NA;NA;NA;
29;13;37.25;58.75;65.67;NA;ND;71.43;102.69;64.69;84;NA;NA;NA;
29;14;ND;54.65;55.33;NA;ND;63.91;77.28;54.37;71.93;NA;NA;NA;
29;15;27.88;52.56;62.73;NA;ND;67.16;71.33;42.54;21.1;NA;NA;NA;
29;16;24.34;47.52;30.92;NA;ND;46;48.25;39.38;46.11;NA;NA;NA;
29;17;16.96;40.72;21.4;NA;ND;33.03;48.49;32.82;31.44;NA;NA;NA;
29;18;12.06;24.67;15.4;NA;ND;17.54;23.86;23.6;25.89;NA;NA;NA;
29;19;ND;17.61;1.75;NA;ND;2.92;3.8;20.6;19.79;NA;NA;NA;
29;20;ND;23.35;2.3;NA;ND;1.55;12.65;21.91;13.97;NA;NA;NA;
29;21;12.36;22.69;4.44;NA;ND;6.25;16.83;22.31;21.54;NA;NA;NA;
29;22;13.15;19.45;4.59;NA;ND;8.59;13.6;22.13;22.07;NA;NA;NA;
29;23;11.68;20.84;5.82;NA;ND;8.27;16.69;21.75;18.33;NA;NA;NA;
30;0;11.73;18.76;7.91;NA;ND;12.94;21.37;20.43;21.09;NA;NA;NA;
30;1;9.74;22.08;11.91;NA;ND;16.42;ND;ND;20.22;NA;NA;NA;
30;2;ND;22.24;10.24;NA;ND;ND;19.69;19.54;17.29;NA;NA;NA;
30;3;7.8;20;12.07;NA;ND;13.06;12.85;20.79;13.42;NA;NA;NA;
30;4;10.39;19.6;14.64;NA;ND;11.35;13.89;19.95;18.69;NA;NA;NA;
30;5;9.84;25.12;15.01;NA;ND;14.76;7.41;20.83;14.44;NA;NA;NA;
30;6;4.9;22.53;9.5;NA;ND;12.64;3.1;17.32;17.36;NA;NA;NA;
30;7;7.75;24.14;8.82;NA;ND;15.13;15.55;20.09;15.75;NA;NA;NA;
30;8;15.47;25.01;17.25;NA;ND;26.04;33.02;26.12;9.66;NA;NA;NA;
30;9;19.19;29.67;24.44;NA;ND;26.72;41.02;34.44;16.34;NA;NA;NA;
30;10;24.7;41.52;33.44;NA;ND;34.26;44.53;39.6;37.79;NA;NA;NA;
30;11;25.44;47.08;41.84;NA;ND;51.85;49.59;40.94;51.54;NA;NA;NA;
30;12;24.68;44.93;41.05;NA;ND;51.84;59.26;46.96;58.42;NA;NA;NA;
30;13;23.99;47.66;48.86;NA;ND;47.9;56.77;47.88;55.2;NA;NA;NA;
30;14;24.15;47.38;43.67;NA;ND;46.49;52.24;46.46;47.16;NA;NA;NA;
30;15;23.55;44.62;33.9;NA;ND;37.4;54.53;46.06;41.03;NA;NA;NA;
30;16;20.79;42.36;39.08;NA;ND;41.77;55.28;21.23;42.91;NA;NA;NA;
30;17;15.7;33.79;35.45;NA;ND;44.44;52.41;20.06;29.77;NA;NA;NA;
30;18;10.64;18.13;33.06;NA;ND;33.55;20.41;24.33;24.4;NA;NA;NA;
30;19;11.2;25.26;23.88;NA;ND;7.86;16.21;16.43;1.64;NA;NA;NA;
30;20;12.25;25.05;29.96;NA;ND;20.92;20.79;10.78;0.01;NA;NA;NA;
30;21;9.03;30.94;19.78;NA;ND;24.51;13.35;4.81;0.09;NA;NA;NA;
30;22;6.39;32.9;4.5;NA;ND;10.23;30.09;5.71;0.07;NA;NA;NA;
30;23;10.64;30.87;8.51;NA;ND;1.8;13.71;3.05;0.3;NA;NA;NA;
31;0;14.94;24.68;5.61;NA;ND;5.61;10.29;3.51;0.59;NA;NA;NA;
31;1;14.02;32.34;0.42;NA;ND;0.88;20.07;2.32;0.46;NA;NA;NA;
31;2;15.39;ND;ND;NA;ND;2.64;24.95;0.28;ND;NA;NA;NA;
31;3;7.51;14.59;5.2;NA;ND;7.51;7.39;0;0;NA;NA;NA;
31;4;0.67;9.06;1.88;NA;ND;9.82;2.65;0;1.32;NA;NA;NA;
31;5;3.48;2.1;2.54;NA;ND;4.69;0.63;0;0.13;NA;NA;NA;
31;6;0.28;2.8;1.85;NA;ND;2.61;1.21;0.3;0.79;NA;NA;NA;
31;7;5.18;11.74;5.23;NA;ND;5.97;13.82;3.05;3.67;NA;NA;NA;
31;8;14.36;ND;15.12;NA;ND;15.23;77.65;7.72;16.36;NA;NA;NA;
31;9;24.07;ND;25.05;NA;ND;41.35;62.86;22.51;43.21;NA;NA;NA;
31;10;35.52;ND;33.32;NA;ND;61.31;82.64;43.39;61.43;NA;NA;NA;
31;11;40.55;ND;45.58;NA;ND;64.24;97.73;64.04;44.46;NA;NA;NA;
31;12;39.33;ND;63.23;NA;ND;78.18;84.37;80.1;67.53;NA;NA;NA;
31;13;35.67;ND;67.95;NA;ND;99;98.57;78.75;85.53;NA;NA;NA;
31;14;34.11;ND;63.28;NA;ND;86.86;93.38;73.43;83.39;NA;NA;NA;
31;15;32.28;ND;62.82;NA;ND;75.11;77.13;61.79;66.31;NA;NA;NA;
31;16;32.25;ND;41.82;NA;ND;51.07;54.22;53.12;43.35;NA;NA;NA;
31;17;29.24;ND;18.58;NA;ND;51.83;44.3;44.6;20.16;NA;NA;NA;
31;18;23.41;ND;12.23;NA;ND;46.87;21.28;38.89;7.98;NA;NA;NA;
31;19;14.48;ND;3.28;NA;ND;10.3;15.89;34.04;4.96;NA;NA;NA;
31;20;3.5;ND;6.16;NA;ND;4.84;22.52;37.58;2.15;NA;NA;NA;
31;21;9.95;ND;16.55;NA;ND;19.18;27.87;38.36;13.19;NA;NA;NA;
31;22;15.89;ND;15.05;NA;ND;30.53;26.79;14.6;19.09;NA;NA;NA;
31;23;13.15;ND;2.58;NA;ND;26.89;18.81;10.81;0.82;NA;NA;NA;
