DIA;HORA;Cotocollao;Carapungo;Belisario;Jipijapa;El Camal;Centro;Guamaní;Tumbaco;Los Chillos;El Condado;Turubamba;Chillogallo;
1;0;21.04;29.51;27.79;NA;ND;7.39;NA;NA;30.6;NA;NA;NA;
1;1;21.15;12.79;16.1;NA;ND;14.03;NA;NA;15.49;NA;NA;NA;
1;2;20.28;16.66;16.77;NA;ND;16.56;NA;NA;22.06;NA;NA;NA;
1;3;19.86;24.24;16.87;NA;ND;14.76;NA;NA;18.36;NA;NA;NA;
1;4;18.25;16.31;11.64;NA;ND;14.85;NA;NA;13.26;NA;NA;NA;
1;5;25.15;32.71;16.43;NA;ND;15.38;NA;NA;8.06;NA;NA;NA;
1;6;21.52;20.23;17.18;NA;ND;20.56;NA;NA;21.53;NA;NA;NA;
1;7;19.56;7.7;19.7;NA;ND;18.49;NA;NA;16.72;NA;NA;NA;
1;8;27.54;4.13;23.33;NA;ND;26.28;NA;NA;42.18;NA;NA;NA;
1;9;31.19;12.34;21.28;NA;ND;16.1;NA;NA;17.09;NA;NA;NA;
1;10;18.97;22.83;16.46;NA;ND;8.74;NA;NA;29.47;NA;NA;NA;
1;11;11.95;3.11;20.9;NA;ND;14.39;NA;NA;7.34;NA;NA;NA;
1;12;20.11;16.24;29.32;NA;ND;19.4;NA;NA;12.96;NA;NA;NA;
1;13;11.05;15.62;7.4;NA;ND;12.85;NA;NA;18.52;NA;NA;NA;
1;14;11.47;23.08;8.32;NA;ND;15.03;NA;NA;6.33;NA;NA;NA;
1;15;14.55;21.24;6.1;NA;ND;10.02;NA;NA;28.44;NA;NA;NA;
1;16;15.37;30.91;20.32;NA;ND;23.62;NA;NA;15.52;NA;NA;NA;
1;17;13.75;37.68;21.48;NA;ND;17.55;NA;NA;35.6;NA;NA;NA;
1;18;21.14;32.43;18.76;NA;ND;27.16;NA;NA;7.68;NA;NA;NA;
1;19;17.01;27.98;18.79;NA;ND;23.73;NA;NA;27.57;NA;NA;NA;
1;20;24.61;29.9;18.56;NA;ND;20.14;NA;NA;28.92;NA;NA;NA;
1;21;18.36;22.04;20.04;NA;ND;19.95;NA;NA;27.63;NA;NA;NA;
1;22;20.08;24.26;14.1;NA;ND;17.15;NA;NA;24.28;NA;NA;NA;
1;23;15.51;21.13;17.08;NA;ND;19.15;NA;NA;10.58;NA;NA;NA;
2;0;20.47;27.55;23.33;NA;ND;14.6;NA;NA;31.49;NA;NA;NA;
2;1;29.32;22.51;20.46;NA;ND;29.52;NA;NA;22.05;NA;NA;NA;
2;2;19.05;27.27;17.1;NA;ND;22;NA;NA;33.04;NA;NA;NA;
2;3;22.86;29.13;23.36;NA;ND;22.18;NA;NA;22.73;NA;NA;NA;
2;4;26.16;26.01;29.16;NA;ND;27.25;NA;NA;10.46;NA;NA;NA;
2;5;24.49;40.58;21.86;NA;ND;23.32;NA;NA;18.91;NA;NA;NA;
2;6;25.46;27.29;21.36;NA;ND;24.65;NA;NA;25.69;NA;NA;NA;
2;7;25.52;21.69;26.83;NA;ND;31.61;NA;NA;15.22;NA;NA;NA;
2;8;18.31;9.88;21.69;NA;ND;23.59;NA;NA;24.19;NA;NA;NA;
2;9;16.99;0;24.99;NA;ND;20.08;NA;NA;43.22;NA;NA;NA;
2;10;13.36;0.66;18.29;NA;ND;16.33;NA;NA;20.81;NA;NA;NA;
2;11;7.01;1.86;15.63;NA;ND;17.62;NA;NA;28.56;NA;NA;NA;
2;12;25.65;18.91;13.17;NA;ND;10.93;NA;NA;26.72;NA;NA;NA;
2;13;20.4;14.01;16.28;NA;ND;14;NA;NA;18.17;NA;NA;NA;
2;14;14.12;20.04;18.92;NA;ND;19.73;NA;NA;13.83;NA;NA;NA;
2;15;11.96;22.84;9.34;NA;ND;16.92;NA;NA;30.24;NA;NA;NA;
2;16;11.72;41.05;17.8;NA;ND;15.67;NA;NA;33.85;NA;NA;NA;
2;17;5.55;22.23;14.51;NA;ND;16.69;NA;NA;12.4;NA;NA;NA;
2;18;5.94;18.8;17.2;NA;ND;18.13;NA;NA;23.9;NA;NA;NA;
2;19;9.71;12.01;14.86;NA;ND;15.73;NA;NA;9.78;NA;NA;NA;
2;20;9.48;12.8;19.22;NA;ND;11.75;NA;NA;26.35;NA;NA;NA;
2;21;10.13;15.2;15.04;NA;ND;14.25;NA;NA;13.91;NA;NA;NA;
2;22;10.82;18.23;13.2;NA;ND;7.67;NA;NA;17.31;NA;NA;NA;
2;23;14.25;13.08;12.36;NA;ND;8.66;NA;NA;5.2;NA;NA;NA;
3;0;8.59;8.25;20.03;NA;ND;14.77;NA;NA;4.97;NA;NA;NA;
3;1;12.7;3.44;18.2;NA;ND;25.08;NA;NA;24.82;NA;NA;NA;
3;2;11.79;11.06;12.19;NA;ND;17.91;NA;NA;21.93;NA;NA;NA;
3;3;10.7;15.57;10.35;NA;ND;17.02;NA;NA;18.04;NA;NA;NA;
3;4;9.48;24.62;19.35;NA;ND;15.16;NA;NA;25.42;NA;NA;NA;
3;5;10.48;31.52;15.06;NA;ND;23.65;NA;NA;12.71;NA;NA;NA;
3;6;14.63;29.01;15.51;NA;ND;17.6;NA;NA;18.36;NA;NA;NA;
3;7;16.22;2.28;13.2;NA;ND;19.44;NA;NA;7.13;NA;NA;NA;
3;8;18.4;6.08;23.23;NA;ND;23.24;NA;NA;20.2;NA;NA;NA;
3;9;16.87;0.08;16.53;NA;ND;7.65;NA;NA;24.92;NA;NA;NA;
3;10;19.69;13.52;17.69;NA;ND;12.64;NA;NA;28.68;NA;NA;NA;
3;11;26.61;9.4;17.75;NA;ND;12.31;NA;NA;15.19;NA;NA;NA;
3;12;23.01;24.53;17.27;NA;ND;18.07;NA;NA;4.77;NA;NA;NA;
3;13;29.99;40.75;24.45;NA;ND;28.47;NA;NA;10.2;NA;NA;NA;
3;14;19.31;31.03;16.43;NA;ND;25.84;NA;NA;36.38;NA;NA;NA;
3;15;7.99;19.02;17.75;NA;ND;17.11;NA;NA;19.18;NA;NA;NA;
3;16;17.9;31.66;19.16;NA;ND;19.22;NA;NA;24.69;NA;NA;NA;
3;17;7.74;54.95;13.57;NA;ND;19.8;NA;NA;21.1;NA;NA;NA;
3;18;5.87;14.55;8.52;NA;ND;11.67;NA;NA;8.09;NA;NA;NA;
3;19;10.07;17.36;14.06;NA;ND;14.57;NA;NA;14.03;NA;NA;NA;
3;20;5.34;15.79;12.36;NA;ND;15.71;NA;NA;11.62;NA;NA;NA;
3;21;11.83;11.42;13.35;NA;ND;13.9;NA;NA;8.68;NA;NA;NA;
3;22;14.56;14.92;13.72;NA;ND;15.34;NA;NA;24.85;NA;NA;NA;
3;23;11.54;4.91;13.05;NA;ND;13.27;NA;NA;0;NA;NA;NA;
4;0;1.17;8.87;5.2;NA;ND;12.51;NA;NA;24.1;NA;NA;NA;
4;1;13.32;19.27;15.49;NA;ND;11.86;NA;NA;7.78;NA;NA;NA;
4;2;5.68;17.33;10.31;NA;ND;11.61;NA;NA;12.24;NA;NA;NA;
4;3;12.64;9.02;9.26;NA;ND;9.88;NA;NA;17.96;NA;NA;NA;
4;4;4.28;16.89;6.58;NA;ND;8.46;NA;NA;14.43;NA;NA;NA;
4;5;17.04;17.08;11.13;NA;ND;14.34;NA;NA;5.71;NA;NA;NA;
4;6;18.68;20.69;12.97;NA;ND;34.08;NA;NA;21.35;NA;NA;NA;
4;7;42.75;23.68;42.39;NA;ND;44.44;NA;NA;8.58;NA;NA;NA;
4;8;53.55;14.13;41.44;NA;ND;36.58;NA;NA;23.43;NA;NA;NA;
4;9;ND;9.02;32.12;NA;ND;19.49;NA;NA;19.31;NA;NA;NA;
4;10;ND;11.47;20.69;NA;ND;12.97;NA;NA;6.08;NA;NA;NA;
4;11;ND;ND;13.05;NA;ND;12.42;NA;NA;32.4;NA;NA;NA;
4;12;ND;12.19;24.97;NA;ND;10.73;NA;NA;9.9;NA;NA;NA;
4;13;ND;25.55;20.17;NA;ND;30.56;NA;NA;21.57;NA;NA;NA;
4;14;0.1;27.36;16.09;NA;ND;19.85;NA;NA;35.71;NA;NA;NA;
4;15;1.84;24.61;24.52;NA;ND;19.69;NA;NA;17.98;NA;NA;NA;
4;16;0.04;47.31;19.79;NA;ND;15.61;NA;NA;16.01;NA;NA;NA;
4;17;4.75;50.35;21.75;NA;ND;14.05;NA;NA;12.04;NA;NA;NA;
4;18;2.81;35.3;17.35;NA;ND;18.2;NA;NA;10.76;NA;NA;NA;
4;19;1.35;24.37;18.14;NA;ND;19.69;NA;NA;22.39;NA;NA;NA;
4;20;3.16;21.54;17.36;NA;ND;14.37;NA;NA;9.22;NA;NA;NA;
4;21;4.08;11.63;18.55;NA;ND;15.73;NA;NA;8.46;NA;NA;NA;
4;22;13.35;14.81;19.67;NA;ND;14.15;NA;NA;11.03;NA;NA;NA;
4;23;17.8;11.28;7.21;NA;ND;10.83;NA;NA;7.04;NA;NA;NA;
5;0;23.43;14.62;16.53;NA;ND;19.89;NA;NA;22.53;NA;NA;NA;
5;1;25.68;16.37;14.05;NA;ND;19.53;NA;NA;12.1;NA;NA;NA;
5;2;18.35;23.17;14.78;NA;ND;18.51;NA;NA;7.4;NA;NA;NA;
5;3;11.2;22.5;17.62;NA;ND;21.9;NA;NA;27.35;NA;NA;NA;
5;4;7.52;20.72;16.37;NA;ND;19.7;NA;NA;9.39;NA;NA;NA;
5;5;17.01;25.91;16.02;NA;ND;19.73;NA;NA;29.55;NA;NA;NA;
5;6;45.87;37.27;15.09;NA;ND;38.54;NA;NA;15.68;NA;NA;NA;
5;7;55.07;48.85;31.86;NA;ND;51.7;NA;NA;6.16;NA;NA;NA;
5;8;34.73;15.45;55.17;NA;ND;54.36;NA;NA;42.32;NA;NA;NA;
5;9;22.86;16.07;33.52;NA;ND;23.28;NA;NA;21.33;NA;NA;NA;
5;10;29.37;10.82;26.1;NA;ND;27.7;NA;NA;13.35;NA;NA;NA;
5;11;30.45;2.04;34.36;NA;ND;26.42;NA;NA;14.65;NA;NA;NA;
5;12;12.44;4.16;22.43;NA;ND;15.73;NA;NA;26.05;NA;NA;NA;
5;13;8.86;25.84;11.94;NA;ND;19.91;NA;NA;9.52;NA;NA;NA;
5;14;22.6;24.13;32.39;NA;ND;35.49;NA;NA;42.72;NA;NA;NA;
5;15;15.33;42.45;22;NA;ND;22.38;NA;NA;33.53;NA;NA;NA;
5;16;8.9;24.42;20.9;NA;ND;8.39;NA;NA;13.39;NA;NA;NA;
5;17;5.78;28.17;23.55;NA;ND;17.36;NA;NA;15.48;NA;NA;NA;
5;18;10.51;23.16;17.75;NA;ND;17.56;NA;NA;2.18;NA;NA;NA;
5;19;14.07;16.29;14.66;NA;ND;11.91;NA;NA;24.2;NA;NA;NA;
5;20;15.38;19.32;19.14;NA;ND;14.46;NA;NA;3.44;NA;NA;NA;
5;21;18.36;13.29;16.31;NA;ND;12.97;NA;NA;4.54;NA;NA;NA;
5;22;15.26;14.09;9.22;NA;ND;15.49;NA;NA;3.12;NA;NA;NA;
5;23;9.15;21.1;16.41;NA;ND;15.29;NA;NA;16.86;NA;NA;NA;
6;0;30.5;13.56;20.73;NA;ND;25.77;NA;NA;21.08;NA;NA;NA;
6;1;28.42;11.72;30.21;NA;ND;25.31;NA;NA;22.04;NA;NA;NA;
6;2;26.42;16.27;19.98;NA;ND;21.35;NA;NA;17.56;NA;NA;NA;
6;3;22.2;20.67;19;NA;ND;17.27;NA;NA;10.58;NA;NA;NA;
6;4;18.97;25.53;13.48;NA;ND;15.31;NA;NA;10.42;NA;NA;NA;
6;5;23.5;17.97;19.51;NA;ND;27.32;NA;NA;38.21;NA;NA;NA;
6;6;48.08;42.74;21.41;NA;ND;31.74;NA;NA;28.59;NA;NA;NA;
6;7;55.77;34.51;31.8;NA;ND;38.09;NA;NA;25.63;NA;NA;NA;
6;8;36.05;4.84;31.01;NA;ND;40.05;NA;NA;32;NA;NA;NA;
6;9;35.37;19.08;31.92;NA;ND;36.84;NA;NA;22.55;NA;NA;NA;
6;10;31.76;27.74;29.84;NA;ND;26.24;NA;NA;32.67;NA;NA;NA;
6;11;10.01;0.04;17.89;NA;ND;11.47;NA;NA;11.67;NA;NA;NA;
6;12;14.02;11.57;15.12;NA;ND;11.7;NA;NA;6.88;NA;NA;NA;
6;13;14.17;30.3;15.05;NA;ND;12.13;NA;NA;14.69;NA;NA;NA;
6;14;16.23;21.65;19.76;NA;ND;23.83;NA;NA;13.45;NA;NA;NA;
6;15;25.03;30.95;18.78;NA;ND;19.9;NA;NA;26.83;NA;NA;NA;
6;16;25.74;16.33;27.17;NA;ND;16.79;NA;NA;14.08;NA;NA;NA;
6;17;10.55;26.71;26.52;NA;ND;28.88;NA;NA;26.52;NA;NA;NA;
6;18;17.27;30.79;31.85;NA;ND;25.97;NA;NA;22.24;NA;NA;NA;
6;19;11.79;30.37;18.3;NA;ND;19.6;NA;NA;7.1;NA;NA;NA;
6;20;18.58;26.48;24.84;NA;ND;23.86;NA;NA;31.26;NA;NA;NA;
6;21;13.28;33.65;20.21;NA;ND;21.63;NA;NA;19.35;NA;NA;NA;
6;22;17.31;24.02;21.01;NA;ND;21.36;NA;NA;18.46;NA;NA;NA;
6;23;18.44;27.39;18.11;NA;ND;16.63;NA;NA;6.4;NA;NA;NA;
7;0;14.14;22.18;9.65;NA;ND;22.64;NA;NA;24.76;NA;NA;NA;
7;1;21.68;24.39;23.46;NA;ND;24.89;NA;NA;17.98;NA;NA;NA;
7;2;26.48;29.86;23.52;NA;ND;18.72;NA;NA;9.81;NA;NA;NA;
7;3;20.52;38.26;24.6;NA;ND;22.53;NA;NA;19.64;NA;NA;NA;
7;4;22.5;19.01;23.69;NA;ND;26.17;NA;NA;40.49;NA;NA;NA;
7;5;23.43;25.2;21.72;NA;ND;21.49;NA;NA;12.33;NA;NA;NA;
7;6;39.55;53.93;37.52;NA;ND;41.69;NA;NA;40.19;NA;NA;NA;
7;7;35.16;40.65;51.42;NA;ND;63.39;NA;NA;37.3;NA;NA;NA;
7;8;32.39;0.13;41.26;NA;ND;39.35;NA;NA;19.09;NA;NA;NA;
7;9;33.17;44.39;19.14;NA;ND;18.09;NA;NA;25.22;NA;NA;NA;
7;10;21.72;2.01;27.98;NA;ND;13.95;NA;NA;13.62;NA;NA;NA;
7;11;12.64;6.78;21.96;NA;ND;20.29;NA;NA;28.28;NA;NA;NA;
7;12;28.88;16.45;17.88;NA;ND;11.48;NA;NA;6.99;NA;NA;NA;
7;13;24.34;19.06;19.98;NA;ND;9.79;NA;NA;6.18;NA;NA;NA;
7;14;26.24;30.64;17.86;NA;ND;27.4;NA;NA;13.17;NA;NA;NA;
7;15;25.67;47.72;20.58;NA;ND;13.28;NA;NA;25.63;NA;NA;NA;
7;16;25.92;34.59;30.77;NA;ND;32.6;NA;NA;30.61;NA;NA;NA;
7;17;21.75;33.19;29.56;NA;ND;33.87;NA;NA;18.72;NA;NA;NA;
7;18;21.47;30.8;23.23;NA;ND;24.83;NA;NA;20.15;NA;NA;NA;
7;19;13.5;31.6;24.96;NA;ND;23.54;NA;NA;18.98;NA;NA;NA;
7;20;25.51;27.8;34.38;NA;ND;30.82;NA;NA;26.43;NA;NA;NA;
7;21;23.62;26.46;17.14;NA;ND;23.66;NA;NA;13.15;NA;NA;NA;
7;22;7.57;25.59;21.44;NA;ND;22.7;NA;NA;15.52;NA;NA;NA;
7;23;10.88;26.53;20.91;NA;ND;18.43;NA;NA;21.13;NA;NA;NA;
8;0;11.17;24.01;14.8;NA;ND;30.5;NA;NA;9.96;NA;NA;NA;
8;1;23.9;30.92;23.62;NA;ND;30.34;NA;NA;14.66;NA;NA;NA;
8;2;26.55;18.75;20.39;NA;ND;21.26;NA;NA;28.33;NA;NA;NA;
8;3;24.38;25.2;25.89;NA;ND;28.5;NA;NA;14.26;NA;NA;NA;
8;4;27.84;23.25;18.73;NA;ND;28.69;NA;NA;19.06;NA;NA;NA;
8;5;20.7;21.33;20.88;NA;ND;26.59;NA;NA;17.9;NA;NA;NA;
8;6;24.95;23.53;35.05;NA;ND;28.06;NA;NA;14.74;NA;NA;NA;
8;7;26.8;2.77;24.69;NA;ND;20.83;NA;NA;9.99;NA;NA;NA;
8;8;28.93;4.4;19.96;NA;ND;11.55;NA;NA;27.75;NA;NA;NA;
8;9;27.36;0.78;18.76;NA;ND;3.95;NA;NA;34.05;NA;NA;NA;
8;10;26.63;2.14;12.91;NA;ND;7.35;NA;NA;27.03;NA;NA;NA;
8;11;18.48;7.16;10.15;NA;ND;13.49;NA;NA;7.11;NA;NA;NA;
8;12;21.71;19.74;23.02;NA;ND;12.31;NA;NA;10.37;NA;NA;NA;
8;13;20.22;30.09;17.25;NA;ND;26.76;NA;NA;18.46;NA;NA;NA;
8;14;26.5;47.37;14.11;NA;ND;29.49;NA;NA;24.49;NA;NA;NA;
8;15;19.91;48.96;21.8;NA;ND;8.1;NA;NA;32.99;NA;NA;NA;
8;16;25.28;21.91;33.59;NA;ND;41.15;NA;NA;20.44;NA;NA;NA;
8;17;14.16;15.44;15.9;NA;ND;12.09;NA;NA;6.85;NA;NA;NA;
8;18;24.05;36.69;15.78;NA;ND;18.6;NA;NA;13.37;NA;NA;NA;
8;19;14.65;38.27;28.2;NA;ND;34.87;NA;NA;33.92;NA;NA;NA;
8;20;11.53;21.64;25.46;NA;ND;28.13;NA;NA;15.41;NA;NA;NA;
8;21;25.05;22.84;18.01;NA;ND;18.77;NA;NA;11.26;NA;NA;NA;
8;22;18.75;41.31;22.32;NA;ND;22.99;NA;NA;22.35;NA;NA;NA;
8;23;20.07;29.33;19.38;NA;ND;22.76;NA;NA;16.18;NA;NA;NA;
9;0;33.52;31.08;20.22;NA;ND;24.97;NA;NA;33.39;NA;NA;NA;
9;1;31.32;19.55;20.1;NA;ND;23.37;NA;NA;8.49;NA;NA;NA;
9;2;21.48;20.87;19.28;NA;ND;22.61;NA;NA;9.93;NA;NA;NA;
9;3;25.01;24.25;19.43;NA;ND;17.9;NA;NA;16.14;NA;NA;NA;
9;4;17.14;24.75;9.92;NA;ND;12.73;NA;NA;9.1;NA;NA;NA;
9;5;24.14;19.02;24.74;NA;ND;22.03;NA;NA;19.31;NA;NA;NA;
9;6;20.72;21.02;13.71;NA;ND;21.72;NA;NA;11.29;NA;NA;NA;
9;7;16.2;0;15.61;NA;ND;22.15;NA;NA;5.5;NA;NA;NA;
9;8;11.16;3.2;19.88;NA;ND;30.95;NA;NA;9.35;NA;NA;NA;
9;9;31.09;11.77;21.96;NA;ND;18.91;NA;NA;8.17;NA;NA;NA;
9;10;19.17;19.27;19.84;NA;ND;22.1;NA;NA;13.04;NA;NA;NA;
9;11;24.78;15.75;24.37;NA;ND;22.57;NA;NA;8.06;NA;NA;NA;
9;12;22.65;34.56;22.23;NA;ND;17.72;NA;NA;9.4;NA;NA;NA;
9;13;15.95;38.3;13.7;NA;ND;22.55;NA;NA;18.64;NA;NA;NA;
9;14;10.97;16.09;22.62;NA;ND;16.96;NA;NA;36.07;NA;NA;NA;
9;15;17.91;39.47;17.49;NA;ND;21.9;NA;NA;29.59;NA;NA;NA;
9;16;20.76;27.57;29.33;NA;ND;25.07;NA;NA;16.03;NA;NA;NA;
9;17;18.5;17.91;14.25;NA;ND;15.49;NA;NA;0.89;NA;NA;NA;
9;18;7.71;24.38;6.4;NA;ND;12.26;NA;NA;12.62;NA;NA;NA;
9;19;8.34;21.97;15.38;NA;ND;9.86;NA;NA;16.52;NA;NA;NA;
9;20;6.29;5.47;16.31;NA;ND;17.88;NA;NA;21.09;NA;NA;NA;
9;21;12.45;16.98;16.85;NA;ND;20.27;NA;NA;16.39;NA;NA;NA;
9;22;8.14;10.97;11.26;NA;ND;15.76;NA;NA;27.04;NA;NA;NA;
9;23;10.08;8.16;11.87;NA;ND;12.85;NA;NA;6.82;NA;NA;NA;
10;0;25.94;9.71;21.71;NA;ND;13.82;NA;NA;13.83;NA;NA;NA;
10;1;12.82;10.98;12.45;NA;ND;20.28;NA;NA;12.34;NA;NA;NA;
10;2;10.7;7.05;4;NA;ND;12.79;NA;NA;9.18;NA;NA;NA;
10;3;7.26;17.55;8.4;NA;ND;10.13;NA;NA;6.85;NA;NA;NA;
10;4;6.47;7.79;12.11;NA;ND;17.66;NA;NA;16.95;NA;NA;NA;
10;5;10.72;14.08;12.35;NA;ND;7.6;NA;NA;8.13;NA;NA;NA;
10;6;13.84;16.91;8.66;NA;ND;9.23;NA;NA;9.13;NA;NA;NA;
10;7;18.55;6.08;24.35;NA;ND;21.25;NA;NA;7.6;NA;NA;NA;
10;8;15.14;3.59;19.94;NA;ND;22.95;NA;NA;15.92;NA;NA;NA;
10;9;12.33;17.42;27.89;NA;ND;19.56;NA;NA;6.81;NA;NA;NA;
10;10;15.05;0;4.68;NA;ND;5.62;NA;NA;13.52;NA;NA;NA;
10;11;3.41;ND;15.97;NA;ND;2.83;NA;NA;16.69;NA;NA;NA;
10;12;21.16;ND;17.23;NA;ND;11.36;NA;NA;8.55;NA;NA;NA;
10;13;11.76;14.47;21.35;NA;ND;19.2;NA;NA;9.04;NA;NA;NA;
10;14;10.35;14.06;20.85;NA;ND;25.63;NA;NA;12.48;NA;NA;NA;
10;15;19.3;ND;20.49;NA;ND;14.71;NA;NA;17.94;NA;NA;NA;
10;16;13.69;29.59;21.6;NA;ND;8.17;NA;NA;11.02;NA;NA;NA;
10;17;10.6;31.36;11.09;NA;ND;15.26;NA;NA;3.4;NA;NA;NA;
10;18;10.23;24.01;13.44;NA;ND;16.17;NA;NA;35.81;NA;NA;NA;
10;19;17.06;26.65;17.39;NA;ND;25;NA;NA;17.34;NA;NA;NA;
10;20;7.34;8.99;12.81;NA;ND;29.07;NA;NA;17.37;NA;NA;NA;
10;21;2.58;21.6;19;NA;ND;28.01;NA;NA;26.16;NA;NA;NA;
10;22;9.19;8.43;17.58;NA;ND;12.95;NA;NA;15.94;NA;NA;NA;
10;23;6.9;9.76;7.56;NA;ND;15.4;NA;NA;21.51;NA;NA;NA;
11;0;2.07;3.53;27.48;NA;ND;17.99;NA;NA;18.03;NA;NA;NA;
11;1;7.13;2.12;10.01;NA;ND;16.32;NA;NA;16.97;NA;NA;NA;
11;2;9.95;11.71;10.57;NA;ND;23.53;NA;NA;10.6;NA;NA;NA;
11;3;4.76;8.41;13.55;NA;ND;10.78;NA;NA;26.4;NA;NA;NA;
11;4;6.59;2.7;14.18;NA;ND;23.5;NA;NA;13.91;NA;NA;NA;
11;5;6.9;5.63;11.76;NA;ND;12.52;NA;NA;6.99;NA;NA;NA;
11;6;6.94;4.78;10.89;NA;ND;6.47;NA;NA;17.8;NA;NA;NA;
11;7;14.81;10.76;11.94;NA;ND;16.28;NA;NA;5.22;NA;NA;NA;
11;8;17.61;0.01;9.71;NA;ND;3.9;NA;NA;11.22;NA;NA;NA;
11;9;16.39;8.72;5.54;NA;ND;4.46;NA;NA;11.69;NA;NA;NA;
11;10;2.13;0;14.47;NA;ND;15.22;NA;NA;15.04;NA;NA;NA;
11;11;5.97;4.62;ND;NA;ND;8.19;NA;NA;10.29;NA;NA;NA;
11;12;17.89;10.92;ND;NA;ND;22.06;NA;NA;2.64;NA;NA;NA;
11;13;1.8;12.37;ND;NA;ND;24.5;NA;NA;11.54;NA;NA;NA;
11;14;8.72;9.48;ND;NA;ND;17.02;NA;NA;15.11;NA;NA;NA;
11;15;11.62;11.79;25.04;NA;ND;7.76;NA;NA;12.84;NA;NA;NA;
11;16;5.32;19.74;26.47;NA;ND;9.65;NA;NA;9.12;NA;NA;NA;
11;17;9.38;20.69;29.4;NA;ND;14.18;NA;NA;11.2;NA;NA;NA;
11;18;16.04;24.07;11.99;NA;ND;9.99;NA;NA;15.97;NA;NA;NA;
11;19;17.27;25.6;23.64;NA;ND;19;NA;NA;15.41;NA;NA;NA;
11;20;20.25;25.83;27;NA;ND;15.26;NA;NA;18.27;NA;NA;NA;
11;21;6.83;17.03;24.77;NA;ND;9.76;NA;NA;12.24;NA;NA;NA;
11;22;9.89;16.43;5.86;NA;ND;9.84;NA;NA;22.64;NA;NA;NA;
11;23;4.5;10.54;7.65;NA;ND;9.96;NA;NA;14.73;NA;NA;NA;
12;0;6.96;10.23;2.88;NA;ND;14.61;NA;NA;15.7;NA;NA;NA;
12;1;6.05;3.57;10.86;NA;ND;14.76;NA;NA;17.94;NA;NA;NA;
12;2;4.57;7.11;13.9;NA;ND;8.16;NA;NA;13.72;NA;NA;NA;
12;3;2.44;9.23;15.59;NA;ND;15.23;NA;NA;7.37;NA;NA;NA;
12;4;4.46;11.44;15.96;NA;ND;13.42;NA;NA;13.26;NA;NA;NA;
12;5;6.28;14.58;13.26;NA;ND;11.38;NA;NA;15.48;NA;NA;NA;
12;6;11.47;5.08;18.19;NA;ND;12.62;NA;NA;23.81;NA;NA;NA;
12;7;11.23;5.19;27.04;NA;ND;25.93;NA;NA;12.68;NA;NA;NA;
12;8;16.44;8.55;24.77;NA;ND;25.02;NA;NA;10.29;NA;NA;NA;
12;9;13.13;0.16;20.32;NA;ND;15.38;NA;NA;4.46;NA;NA;NA;
12;10;12.51;11.99;20.66;NA;ND;15.67;NA;NA;24.41;NA;NA;NA;
12;11;13.58;8.21;12.12;NA;ND;5.8;NA;NA;ND;NA;NA;NA;
12;12;11;30.27;21.87;NA;ND;11.41;NA;NA;ND;NA;NA;NA;
12;13;9.95;19.67;14.2;NA;ND;10.66;NA;NA;15.07;NA;NA;NA;
12;14;7.26;6.37;11.99;NA;ND;9.86;NA;NA;ND;NA;NA;NA;
12;15;4.63;4.71;13.41;NA;ND;18.04;NA;NA;14.8;NA;NA;NA;
12;16;5.62;0.41;18.53;NA;ND;13.56;NA;NA;5.08;NA;NA;NA;
12;17;15.84;10.68;20.14;NA;ND;16.34;NA;NA;10.1;NA;NA;NA;
12;18;9.13;13.35;14.58;NA;ND;6.31;NA;NA;4.24;NA;NA;NA;
12;19;17.49;14.47;20.25;NA;ND;9.81;NA;NA;7.72;NA;NA;NA;
12;20;20.01;18.51;12.41;NA;ND;16.68;NA;NA;10.79;NA;NA;NA;
12;21;11.68;11.29;13.79;NA;ND;10.35;NA;NA;9.54;NA;NA;NA;
12;22;7.3;15.8;4.06;NA;ND;4.93;NA;NA;6.1;NA;NA;NA;
12;23;14.22;15.23;3.97;NA;ND;6.34;NA;NA;11.46;NA;NA;NA;
13;0;10.35;7.35;1.38;NA;ND;7.08;NA;NA;7.63;NA;NA;NA;
13;1;20.79;11.02;6.7;NA;ND;8.64;NA;NA;17.56;NA;NA;NA;
13;2;13.01;11.35;8.61;NA;ND;7.4;NA;NA;8.6;NA;NA;NA;
13;3;16.4;13.51;3.8;NA;ND;8.02;NA;NA;14.93;NA;NA;NA;
13;4;10.76;15.61;8.16;NA;ND;6.87;NA;NA;9.35;NA;NA;NA;
13;5;15.37;19.65;11.6;NA;ND;6.46;NA;NA;15.18;NA;NA;NA;
13;6;39.97;18.42;20.38;NA;ND;29.94;NA;NA;18.92;NA;NA;NA;
13;7;39.43;23.67;23.03;NA;ND;30.03;NA;NA;20.13;NA;NA;NA;
13;8;40.27;12.57;37.36;NA;ND;31.16;NA;NA;15.51;NA;NA;NA;
13;9;30.1;9.36;23.75;NA;ND;27.38;NA;NA;35.62;NA;NA;NA;
13;10;15.45;18.3;26.88;NA;ND;14.91;NA;NA;12.76;NA;NA;NA;
13;11;9.09;15.67;13.63;NA;ND;ND;NA;NA;21.71;NA;NA;NA;
13;12;1.88;5.79;17.69;NA;ND;22.72;NA;NA;11.15;NA;NA;NA;
13;13;16.16;7.73;20.64;NA;ND;14.03;NA;NA;10.34;NA;NA;NA;
13;14;3.68;4.67;9.97;NA;ND;8.89;NA;NA;0.63;NA;NA;NA;
13;15;7.38;0;12.12;NA;ND;9.06;NA;NA;5.67;NA;NA;NA;
13;16;8;0.01;12.7;NA;ND;9.65;NA;NA;4.52;NA;NA;NA;
13;17;9.06;10.91;22.66;NA;ND;14.16;NA;NA;26.27;NA;NA;NA;
13;18;6.57;12.17;18.53;NA;ND;17.75;NA;NA;35.52;NA;NA;NA;
13;19;11.95;25.8;9.2;NA;ND;9.92;NA;NA;10.92;NA;NA;NA;
13;20;17.32;22.46;14.01;NA;ND;13.33;NA;NA;12.33;NA;NA;NA;
13;21;16.9;9.95;12.22;NA;ND;12.58;NA;NA;10.9;NA;NA;NA;
13;22;15.25;4.86;6.69;NA;ND;10.58;NA;NA;16.21;NA;NA;NA;
13;23;15.27;15.71;8.19;NA;ND;9.59;NA;NA;29.94;NA;NA;NA;
14;0;7.85;14.51;15.28;NA;ND;15.62;NA;NA;7.66;NA;NA;NA;
14;1;13.16;6.64;11.37;NA;ND;19.64;NA;NA;14.37;NA;NA;NA;
14;2;13.55;20.71;15.83;NA;ND;14.78;NA;NA;11.75;NA;NA;NA;
14;3;14.46;15.61;14.39;NA;ND;16.24;NA;NA;11.06;NA;NA;NA;
14;4;8.68;26.99;10.97;NA;ND;9.9;NA;NA;13.6;NA;NA;NA;
14;5;8.55;34.5;13.94;NA;ND;14.2;NA;NA;11.95;NA;NA;NA;
14;6;37.85;49.85;27.72;NA;ND;26.38;NA;NA;18.53;NA;NA;NA;
14;7;28.69;21.71;26.16;NA;ND;49.19;NA;NA;20.18;NA;NA;NA;
14;8;30.03;30.95;44.48;NA;ND;36.76;NA;NA;14.3;NA;NA;NA;
14;9;30.63;3.94;27.7;NA;ND;21.93;NA;NA;12.52;NA;NA;NA;
14;10;31.74;5.03;13.77;NA;ND;10.45;NA;NA;10.53;NA;NA;NA;
14;11;30.35;6.83;16.43;NA;ND;5.47;NA;NA;14.5;NA;NA;NA;
14;12;5.32;13.73;16.15;NA;ND;ND;NA;NA;23.62;NA;NA;NA;
14;13;3.86;0.08;14.65;NA;ND;ND;NA;NA;18.22;NA;NA;NA;
14;14;7.57;9.42;21.93;NA;ND;ND;NA;NA;3.44;NA;NA;NA;
14;15;11.74;13.17;7.05;NA;ND;10.7;NA;NA;16.81;NA;NA;NA;
14;16;6.33;17.87;12.21;NA;ND;4;NA;NA;11.22;NA;NA;NA;
14;17;4.59;3.04;17.44;NA;ND;16.35;NA;NA;8.11;NA;NA;NA;
14;18;15.96;19.95;15.62;NA;ND;15.05;NA;NA;10.71;NA;NA;NA;
14;19;13.54;19.29;18.32;NA;ND;12.28;NA;NA;1.82;NA;NA;NA;
14;20;17.45;17.69;12.2;NA;ND;11.71;NA;NA;10.36;NA;NA;NA;
14;21;14.45;20.6;12.3;NA;ND;14.51;NA;NA;24.25;NA;NA;NA;
14;22;11.68;18.58;9.09;NA;ND;15.37;NA;NA;28.19;NA;NA;NA;
14;23;16.25;13.24;14.37;NA;ND;10.28;NA;NA;18.82;NA;NA;NA;
15;0;34.26;8.54;3.55;NA;ND;2.08;NA;NA;24.38;NA;NA;NA;
15;1;21.71;10.79;7.42;NA;ND;12.43;NA;NA;20.09;NA;NA;NA;
15;2;3.71;12.16;11.83;NA;ND;6.31;NA;NA;13.79;NA;NA;NA;
15;3;15.59;15.83;10.01;NA;ND;6.6;NA;NA;13.12;NA;NA;NA;
15;4;7.24;23.26;5.33;NA;ND;7.44;NA;NA;5.51;NA;NA;NA;
15;5;14.28;27.37;11.58;NA;ND;13;NA;NA;15.08;NA;NA;NA;
15;6;15.48;36.97;13.26;NA;ND;15.99;NA;NA;8.1;NA;NA;NA;
15;7;19.57;30.43;16.44;NA;ND;25.12;NA;NA;12.36;NA;NA;NA;
15;8;15.75;21.89;18.79;NA;ND;31.36;NA;NA;22.16;NA;NA;NA;
15;9;25.78;14.76;23.25;NA;ND;21.39;NA;NA;1.71;NA;NA;NA;
15;10;17.16;13.42;28.31;NA;ND;10.12;NA;NA;7.94;NA;NA;NA;
15;11;21.8;9.9;29.99;NA;ND;20.76;NA;NA;34.46;NA;NA;NA;
15;12;14.86;7.13;26.05;NA;ND;22.96;NA;NA;7.47;NA;NA;NA;
15;13;17.71;14.31;16.18;NA;ND;19.87;NA;NA;27.45;NA;NA;NA;
15;14;10.83;14.02;20.38;NA;ND;14.89;NA;NA;13.92;NA;NA;NA;
15;15;11.6;21.73;15.87;NA;ND;15.34;NA;NA;22.44;NA;NA;NA;
15;16;13.48;12.93;5.06;NA;ND;11.85;NA;NA;7.43;NA;NA;NA;
15;17;11.99;28.35;18.44;NA;ND;20.55;NA;NA;15.22;NA;NA;NA;
15;18;11.01;28.39;16.43;NA;ND;16.86;NA;NA;11.72;NA;NA;NA;
15;19;17.45;24.38;20.22;NA;ND;21.12;NA;NA;11.78;NA;NA;NA;
15;20;13.76;22.35;12.72;NA;ND;13.75;NA;NA;4.47;NA;NA;NA;
15;21;17.32;14.14;12.08;NA;ND;15.19;NA;NA;22.91;NA;NA;NA;
15;22;16.91;21.36;12.9;NA;ND;15.01;NA;NA;8.22;NA;NA;NA;
15;23;19.95;21.61;14.93;NA;ND;15.09;NA;NA;1.65;NA;NA;NA;
16;0;20.19;16.78;14.07;NA;ND;21.1;NA;NA;18.69;NA;NA;NA;
16;1;19.7;8.92;13.95;NA;ND;22.87;NA;NA;28.39;NA;NA;NA;
16;2;17.76;19.39;15.68;NA;ND;23.27;NA;NA;8.56;NA;NA;NA;
16;3;20.17;10.38;16.42;NA;ND;18.14;NA;NA;36.18;NA;NA;NA;
16;4;11.08;18.72;12.01;NA;ND;16.99;NA;NA;11.81;NA;NA;NA;
16;5;20.16;22.91;11.59;NA;ND;16.46;NA;NA;25.74;NA;NA;NA;
16;6;16.5;21.55;18.94;NA;ND;20.85;NA;NA;15.27;NA;NA;NA;
16;7;15.53;8.64;22.12;NA;ND;21.81;NA;NA;13.35;NA;NA;NA;
16;8;18.63;0;18.53;NA;ND;8.95;NA;NA;14.49;NA;NA;NA;
16;9;21.69;8.66;17.37;NA;ND;8.26;NA;NA;19.61;NA;NA;NA;
16;10;9.86;13.64;28.89;NA;ND;21.4;NA;NA;19.96;NA;NA;NA;
16;11;14.77;10.57;24.89;NA;ND;11.96;NA;NA;21.14;NA;NA;NA;
16;12;13.84;18.39;14.92;NA;ND;23.51;NA;NA;14.55;NA;NA;NA;
16;13;13.28;15.28;20.88;NA;ND;15.89;NA;NA;21.79;NA;NA;NA;
16;14;11.83;10.21;8.9;NA;ND;12.69;NA;NA;11.2;NA;NA;NA;
16;15;6.27;19.41;3.07;NA;ND;0.29;NA;NA;9.12;NA;NA;NA;
16;16;13.85;14.3;18.48;NA;ND;9.55;NA;NA;6.34;NA;NA;NA;
16;17;16.77;33.91;20.77;NA;ND;18.44;NA;NA;22.73;NA;NA;NA;
16;18;14.25;33.71;20.75;NA;ND;29.8;NA;NA;21.38;NA;NA;NA;
16;19;16.62;22.01;14.02;NA;ND;18.56;NA;NA;19.31;NA;NA;NA;
16;20;20.31;18.73;23.05;NA;ND;21.31;NA;NA;8.64;NA;NA;NA;
16;21;13.88;10.04;17.14;NA;ND;15.43;NA;NA;20.46;NA;NA;NA;
16;22;16.87;17.38;15.29;NA;ND;25.75;NA;NA;12.48;NA;NA;NA;
16;23;13.57;22.84;16.64;NA;ND;17.49;NA;NA;4.07;NA;NA;NA;
17;0;4.46;8.93;19.19;NA;ND;30.91;NA;NA;6.28;NA;NA;NA;
17;1;17.82;11.92;17.36;NA;ND;17.87;NA;NA;7.97;NA;NA;NA;
17;2;14.74;15.14;13.54;NA;ND;24.29;NA;NA;18.33;NA;NA;NA;
17;3;8.65;11.25;10.52;NA;ND;17.22;NA;NA;20.24;NA;NA;NA;
17;4;8.3;17.6;6.44;NA;ND;13.6;NA;NA;15.48;NA;NA;NA;
17;5;5.83;25.57;10.77;NA;ND;9.97;NA;NA;29.98;NA;NA;NA;
17;6;20.08;63.02;15.57;NA;ND;22.96;NA;NA;29.41;NA;NA;NA;
17;7;34.22;13.76;37.31;NA;ND;27.77;NA;NA;23.44;NA;NA;NA;
17;8;27.37;1.32;27.36;NA;ND;21.77;NA;NA;9.82;NA;NA;NA;
17;9;23.24;14.74;29.11;NA;ND;11.01;NA;NA;12.1;NA;NA;NA;
17;10;21.77;12.52;11.43;NA;ND;5.01;NA;NA;12.09;NA;NA;NA;
17;11;9.47;0.45;12.38;NA;ND;6.54;NA;NA;11.53;NA;NA;NA;
17;12;14.29;28.11;8.75;NA;ND;10.78;NA;NA;20.53;NA;NA;NA;
17;13;16;18.23;12.7;NA;ND;7.37;NA;NA;5.49;NA;NA;NA;
17;14;6.12;7.07;12.84;NA;ND;10.19;NA;NA;20.09;NA;NA;NA;
17;15;19.39;13.14;15.82;NA;ND;24.21;NA;NA;13.44;NA;NA;NA;
17;16;17.84;17.27;16.56;NA;ND;11.59;NA;NA;30.93;NA;NA;NA;
17;17;13.62;42.8;17.17;NA;ND;19.36;NA;NA;14.57;NA;NA;NA;
17;18;9.75;19.98;7.51;NA;ND;22.07;NA;NA;18.86;NA;NA;NA;
17;19;5.96;18.56;15.15;NA;ND;14.52;NA;NA;17.42;NA;NA;NA;
17;20;12.01;16;14.18;NA;ND;18.56;NA;NA;21.55;NA;NA;NA;
17;21;7.31;10.78;13.84;NA;ND;19.33;NA;NA;7.12;NA;NA;NA;
17;22;9.34;11.56;14.77;NA;ND;18.65;NA;NA;10.78;NA;NA;NA;
17;23;14.64;16.9;15.3;NA;ND;14.59;NA;NA;4.03;NA;NA;NA;
18;0;13.74;19.26;12.29;NA;ND;15.34;NA;NA;6.32;NA;NA;NA;
18;1;18.78;15.09;12.42;NA;ND;14.67;NA;NA;11.93;NA;NA;NA;
18;2;27.07;12.21;13.81;NA;ND;15.29;NA;NA;16.56;NA;NA;NA;
18;3;22.71;15.34;14.43;NA;ND;15.99;NA;NA;10.44;NA;NA;NA;
18;4;16.78;12.8;11.22;NA;ND;13.49;NA;NA;10.67;NA;NA;NA;
18;5;23.48;23.79;17.04;NA;ND;20.97;NA;NA;6.93;NA;NA;NA;
18;6;35.2;44.55;27.63;NA;ND;25.35;NA;NA;18.45;NA;NA;NA;
18;7;38.62;6.55;35.16;NA;ND;24.84;NA;NA;19.65;NA;NA;NA;
18;8;39.6;3.6;45.08;NA;ND;30.11;NA;NA;18.04;NA;NA;NA;
18;9;37.73;27.08;40.35;NA;ND;22.33;NA;NA;40.73;NA;NA;NA;
18;10;23.2;12.1;37.56;NA;ND;29.76;NA;NA;18.03;NA;NA;NA;
18;11;19.27;1.82;19.25;NA;ND;15.33;NA;NA;26.57;NA;NA;NA;
18;12;ND;11.3;14.88;NA;ND;14.04;NA;NA;7.93;NA;NA;NA;
18;13;ND;5.96;11.53;NA;ND;10.65;NA;NA;3.38;NA;NA;NA;
18;14;4.46;32.93;22.25;NA;ND;18.88;NA;NA;8.9;NA;NA;NA;
18;15;ND;22.14;21.83;NA;ND;17.87;NA;NA;22.89;NA;NA;NA;
18;16;11.38;20.08;14.09;NA;ND;16.91;NA;NA;22.5;NA;NA;NA;
18;17;12.36;47.29;25.45;NA;ND;12;NA;NA;16.33;NA;NA;NA;
18;18;18.26;42.79;18.1;NA;ND;15.24;NA;NA;16.57;NA;NA;NA;
18;19;11.17;24.92;15.2;NA;ND;25;NA;NA;0.32;NA;NA;NA;
18;20;13.15;21.89;18.68;NA;ND;19.11;NA;NA;15.08;NA;NA;NA;
18;21;18.44;19.11;15.47;NA;ND;15.96;NA;NA;21.09;NA;NA;NA;
18;22;10.61;14.2;10.88;NA;ND;13.99;NA;NA;19.99;NA;NA;NA;
18;23;12.33;5.67;8.49;NA;ND;7.23;NA;NA;37.05;NA;NA;NA;
19;0;9.83;3.82;1.95;NA;ND;11.38;NA;NA;3.89;NA;NA;NA;
19;1;12.24;10.92;15.26;NA;ND;11.27;NA;NA;19.72;NA;NA;NA;
19;2;15.67;5.58;8.33;NA;ND;14.48;NA;NA;3.63;NA;NA;NA;
19;3;8.03;5.57;9.79;NA;ND;7.56;NA;NA;11.21;NA;NA;NA;
19;4;15.41;13.38;17.17;NA;ND;18.05;NA;NA;27.17;NA;NA;NA;
19;5;16.13;14.93;16.44;NA;ND;15.08;NA;NA;27.89;NA;NA;NA;
19;6;35.92;31.59;17.85;NA;ND;21.12;NA;NA;26.77;NA;NA;NA;
19;7;46.68;11.85;25.23;NA;ND;30.8;NA;NA;22.36;NA;NA;NA;
19;8;27.32;14.07;43.77;NA;ND;34.29;NA;NA;26;NA;NA;NA;
19;9;20.04;7.09;32.23;NA;ND;35.56;NA;NA;20.83;NA;NA;NA;
19;10;22.25;20.63;43.3;NA;ND;44.86;NA;NA;11.79;NA;NA;NA;
19;11;14.32;16.16;33.75;NA;ND;26.66;NA;NA;14.4;NA;NA;NA;
19;12;9.08;ND;6.74;NA;ND;9.12;NA;NA;21.65;NA;NA;NA;
19;13;3.64;2.7;12.19;NA;ND;2.8;NA;NA;9.7;NA;NA;NA;
19;14;13.77;17.73;21.93;NA;ND;8.74;NA;NA;13.24;NA;NA;NA;
19;15;5.35;18.41;25.58;NA;ND;1.24;NA;NA;17.01;NA;NA;NA;
19;16;12.03;21.16;16.73;NA;ND;10.71;NA;NA;17.48;NA;NA;NA;
19;17;11.89;31.35;21.72;NA;ND;21.73;NA;NA;16.97;NA;NA;NA;
19;18;9.04;20.75;17.94;NA;ND;20.49;NA;NA;12.13;NA;NA;NA;
19;19;6.71;18.7;17.79;NA;ND;18.87;NA;NA;5.69;NA;NA;NA;
19;20;12.23;15.12;17.49;NA;ND;18.45;NA;NA;15.21;NA;NA;NA;
19;21;13.92;16.18;19.21;NA;ND;11.41;NA;NA;14.34;NA;NA;NA;
19;22;13.05;3.83;12.49;NA;ND;9.77;NA;NA;2.42;NA;NA;NA;
19;23;5.2;10.91;8.2;NA;ND;14.46;NA;NA;1.64;NA;NA;NA;
20;0;19.81;9.76;1.53;NA;ND;13.82;NA;NA;25.44;NA;NA;NA;
20;1;9.63;11.66;4.22;NA;ND;10.55;NA;NA;22.17;NA;NA;NA;
20;2;13.25;24.88;15.22;NA;ND;15.82;NA;NA;11.61;NA;NA;NA;
20;3;10.87;7.62;12.37;NA;ND;12.41;NA;NA;14.07;NA;NA;NA;
20;4;12.1;11.9;21.44;NA;ND;13.86;NA;NA;7.84;NA;NA;NA;
20;5;12.05;24.97;14.13;NA;ND;19.06;NA;NA;34.9;NA;NA;NA;
20;6;33.16;37.31;19.52;NA;ND;23.3;NA;NA;9.24;NA;NA;NA;
20;7;36.46;33.74;22.29;NA;ND;38.75;NA;NA;25.09;NA;NA;NA;
20;8;43.68;8.37;21.51;NA;ND;45.94;NA;NA;16.3;NA;NA;NA;
20;9;30.89;14.48;33.09;NA;ND;36.23;NA;NA;22.3;NA;NA;NA;
20;10;20.45;17.89;30.74;NA;ND;34.86;NA;NA;19.33;NA;NA;NA;
20;11;9.22;0.28;17.82;NA;ND;18.72;NA;NA;31.49;NA;NA;NA;
20;12;8.21;14.7;9.86;NA;ND;14.17;NA;NA;14.06;NA;NA;NA;
20;13;10.15;15.28;20.57;NA;ND;23.57;NA;NA;22.53;NA;NA;NA;
20;14;11.98;2.5;21.44;NA;ND;21.56;NA;NA;25.79;NA;NA;NA;
20;15;20.14;28.06;8.18;NA;ND;5.02;NA;NA;1.69;NA;NA;NA;
20;16;8.32;36;24.38;NA;ND;14.49;NA;NA;23.84;NA;NA;NA;
20;17;12.74;12.81;16.97;NA;ND;16.8;NA;NA;16.04;NA;NA;NA;
20;18;10.67;17.01;25.04;NA;ND;23.16;NA;NA;12.99;NA;NA;NA;
20;19;14.58;24.58;20.04;NA;ND;21.09;NA;NA;6.62;NA;NA;NA;
20;20;17.95;18.45;22.66;NA;ND;19.27;NA;NA;20.1;NA;NA;NA;
20;21;17.04;24.33;24.34;NA;ND;18.67;NA;NA;15.23;NA;NA;NA;
20;22;17.5;24.61;13.55;NA;ND;12.65;NA;NA;22.26;NA;NA;NA;
20;23;12.91;23.74;15.07;NA;ND;11.88;NA;NA;10.84;NA;NA;NA;
21;0;28.38;23.79;22.43;NA;ND;18.05;NA;NA;25.97;NA;NA;NA;
21;1;25.57;13.16;19.22;NA;ND;21.36;NA;NA;18.64;NA;NA;NA;
21;2;24.04;15.71;15.45;NA;ND;17.34;NA;NA;13.98;NA;NA;NA;
21;3;25.94;23.16;21.2;NA;ND;19.47;NA;NA;25.35;NA;NA;NA;
21;4;23.91;21.56;20.21;NA;ND;21.28;NA;NA;13.79;NA;NA;NA;
21;5;26.12;19.29;27.48;NA;ND;23.61;NA;NA;14.8;NA;NA;NA;
21;6;28.12;25.85;28.24;NA;ND;32.22;NA;NA;25.07;NA;NA;NA;
21;7;31.94;14.34;26.61;NA;ND;35.65;NA;NA;18.66;NA;NA;NA;
21;8;37.65;6.87;39.19;NA;ND;38.06;NA;NA;25.69;NA;NA;NA;
21;9;35.39;19.18;25.32;NA;ND;24.99;NA;NA;33.51;NA;NA;NA;
21;10;35.51;23.78;16.82;NA;ND;21.04;NA;NA;19.64;NA;NA;NA;
21;11;5.15;27.43;26.49;NA;ND;20.59;NA;NA;22.91;NA;NA;NA;
21;12;4.64;4.39;18.02;NA;ND;23.52;NA;NA;13.16;NA;NA;NA;
21;13;10.35;36.61;17.89;NA;ND;26.88;NA;NA;26.85;NA;NA;NA;
21;14;13.35;33.39;22.14;NA;ND;18.97;NA;NA;28.74;NA;NA;NA;
21;15;7.03;7.25;12.56;NA;ND;16.51;NA;NA;2.69;NA;NA;NA;
21;16;10.12;18.84;20.28;NA;ND;16.02;NA;NA;16.06;NA;NA;NA;
21;17;14.02;36.88;18.83;NA;ND;20.82;NA;NA;17.45;NA;NA;NA;
21;18;15.96;25.73;12.36;NA;ND;21.8;NA;NA;12.43;NA;NA;NA;
21;19;13.86;24.96;15.42;NA;ND;13.81;NA;NA;17.75;NA;NA;NA;
21;20;6.67;20.27;17.53;NA;ND;12.83;NA;NA;18.06;NA;NA;NA;
21;21;17.48;22.17;18.47;NA;ND;15.32;NA;NA;15.34;NA;NA;NA;
21;22;18.01;24.37;17.72;NA;ND;14.99;NA;NA;8.37;NA;NA;NA;
21;23;14.61;21.31;14.71;NA;ND;22.66;NA;NA;13.86;NA;NA;NA;
22;0;32.55;25.1;17.03;NA;ND;25.47;NA;NA;16.63;NA;NA;NA;
22;1;29.21;27.07;8.4;NA;ND;10.63;NA;NA;20.9;NA;NA;NA;
22;2;22.26;23.51;15.06;NA;ND;16.47;NA;NA;13.23;NA;NA;NA;
22;3;23.57;9.12;9.92;NA;ND;11.34;NA;NA;20.76;NA;NA;NA;
22;4;21.73;13.15;9.16;NA;ND;12.56;NA;NA;26.05;NA;NA;NA;
22;5;24.53;22.4;19.62;NA;ND;16.88;NA;NA;16.7;NA;NA;NA;
22;6;26.84;30.94;23.71;NA;ND;23.06;NA;NA;31.55;NA;NA;NA;
22;7;26.3;10.75;36.83;NA;ND;27.93;NA;NA;27.38;NA;NA;NA;
22;8;20.77;7.07;36.07;NA;ND;24.86;NA;NA;17.85;NA;NA;NA;
22;9;12.45;0.16;34.42;NA;ND;20.32;NA;NA;17.19;NA;NA;NA;
22;10;13.84;11.27;21.83;NA;ND;22.75;NA;NA;25.44;NA;NA;NA;
22;11;22.69;15.38;29.82;NA;ND;28.56;NA;NA;7.68;NA;NA;NA;
22;12;13.73;22.46;21.44;NA;ND;24.87;NA;NA;8.79;NA;NA;NA;
22;13;8.12;5.92;20.18;NA;ND;22.12;NA;NA;14.6;NA;NA;NA;
22;14;7.65;16.79;18.17;NA;ND;12.48;NA;NA;10.64;NA;NA;NA;
22;15;14.16;25.36;13.7;NA;ND;6.67;NA;NA;23.58;NA;NA;NA;
22;16;8.69;13.89;11.43;NA;ND;8.75;NA;NA;20.48;NA;NA;NA;
22;17;5.17;12.39;12.12;NA;ND;4.41;NA;NA;14.8;NA;NA;NA;
22;18;9.62;14.68;8.49;NA;ND;3.93;NA;NA;16.11;NA;NA;NA;
22;19;11.26;12.85;10.21;NA;ND;10.93;NA;NA;17.19;NA;NA;NA;
22;20;7.8;27.33;4.34;NA;ND;9.69;NA;NA;3.12;NA;NA;NA;
22;21;16.24;12.04;9.3;NA;ND;9.95;NA;NA;8.04;NA;NA;NA;
22;22;9.7;19.73;6;NA;ND;5.12;NA;NA;5.53;NA;NA;NA;
22;23;9.87;4.18;8.51;NA;ND;4.74;NA;NA;13.92;NA;NA;NA;
23;0;18.56;8.95;7.46;NA;ND;15.41;NA;NA;20.96;NA;NA;NA;
23;1;17.18;8.1;6.41;NA;ND;34.39;NA;NA;7.76;NA;NA;NA;
23;2;9.83;5.15;15.67;NA;ND;24.44;NA;NA;19.24;NA;NA;NA;
23;3;13.38;7.26;13.76;NA;ND;16.56;NA;NA;12.78;NA;NA;NA;
23;4;10.64;14.81;15.71;NA;ND;19.27;NA;NA;17.24;NA;NA;NA;
23;5;11.47;17.49;10.76;NA;ND;19.51;NA;NA;5.71;NA;NA;NA;
23;6;13.65;24.74;13.4;NA;ND;15.24;NA;NA;5.12;NA;NA;NA;
23;7;6.42;0.79;14.42;NA;ND;12.18;NA;NA;9.51;NA;NA;NA;
23;8;23.12;6.39;32.71;NA;ND;16.59;NA;NA;24.2;NA;NA;NA;
23;9;16.96;12.23;11.51;NA;ND;6.79;NA;NA;20.3;NA;NA;NA;
23;10;27.03;28.28;34.54;NA;ND;15;NA;NA;13.75;NA;NA;NA;
23;11;17.15;4.23;27.24;NA;ND;27.8;NA;NA;9.4;NA;NA;NA;
23;12;8.73;8.79;14.18;NA;ND;7.81;NA;NA;6.5;NA;NA;NA;
23;13;6.72;7.83;14.57;NA;ND;11.47;NA;NA;16.77;NA;NA;NA;
23;14;10.46;5.36;13.43;NA;ND;12.34;NA;NA;9.92;NA;NA;NA;
23;15;9.75;5.46;8.07;NA;ND;7.95;NA;NA;14.55;NA;NA;NA;
23;16;17.99;23.4;17.36;NA;ND;18.36;NA;NA;5.02;NA;NA;NA;
23;17;11.73;33.37;8.86;NA;ND;9.64;NA;NA;22.17;NA;NA;NA;
23;18;5.59;27.19;8.92;NA;ND;7.92;NA;NA;18.02;NA;NA;NA;
23;19;15.36;26.22;11.33;NA;ND;15.42;NA;NA;13.75;NA;NA;NA;
23;20;19.01;29.47;14.06;NA;ND;12.49;NA;NA;12.51;NA;NA;NA;
23;21;9.04;14.29;11.45;NA;ND;17.41;NA;NA;13.99;NA;NA;NA;
23;22;16.01;20.58;16.87;NA;ND;19.19;NA;NA;20.91;NA;NA;NA;
23;23;8.85;18.2;8.02;NA;ND;15.72;NA;NA;23.35;NA;NA;NA;
24;0;21.89;12.29;13.48;NA;ND;13.29;NA;NA;36.82;NA;NA;NA;
24;1;16.84;15.51;13.71;NA;ND;19.69;NA;NA;15.25;NA;NA;NA;
24;2;14.39;12.76;14.87;NA;ND;16.09;NA;NA;21.42;NA;NA;NA;
24;3;21.28;19.99;18.49;NA;ND;18.44;NA;NA;17.72;NA;NA;NA;
24;4;22.39;18.77;18.03;NA;ND;19.27;NA;NA;14.22;NA;NA;NA;
24;5;27.88;36.66;18.24;NA;ND;21.14;NA;NA;23.42;NA;NA;NA;
24;6;36.94;85.29;26.43;NA;ND;38.9;NA;NA;31.28;NA;NA;NA;
24;7;49.19;72.06;42.2;NA;ND;67.23;NA;NA;37.6;NA;NA;NA;
24;8;46.12;2.71;41.85;NA;ND;75.32;NA;NA;16.31;NA;NA;NA;
24;9;36.65;20.88;39.47;NA;ND;38.9;NA;NA;21.18;NA;NA;NA;
24;10;30.75;25.74;34.13;NA;ND;35.99;NA;NA;23.43;NA;NA;NA;
24;11;16.2;10.73;10.95;NA;ND;6.5;NA;NA;17.91;NA;NA;NA;
24;12;13.2;9.75;20.22;NA;ND;10.86;NA;NA;7.54;NA;NA;NA;
24;13;13.98;17.04;15.09;NA;ND;16.21;NA;NA;18.7;NA;NA;NA;
24;14;12.92;32.19;14.46;NA;ND;11.8;NA;NA;21.22;NA;NA;NA;
24;15;9.66;15.51;14.37;NA;ND;14.29;NA;NA;8.93;NA;NA;NA;
24;16;16.02;19.21;12.25;NA;ND;11.33;NA;NA;8.49;NA;NA;NA;
24;17;15.92;21.92;14.49;NA;ND;15.32;NA;NA;26.43;NA;NA;NA;
24;18;15.56;35.53;18.97;NA;ND;23.29;NA;NA;25.12;NA;NA;NA;
24;19;14.52;22.69;24.6;NA;ND;25.38;NA;NA;12.36;NA;NA;NA;
24;20;20.41;27.17;25.05;NA;ND;23.15;NA;NA;3.62;NA;NA;NA;
24;21;29.21;21.93;18.23;NA;ND;20.25;NA;NA;23.44;NA;NA;NA;
24;22;20.87;14.83;16.78;NA;ND;20.29;NA;NA;15.8;NA;NA;NA;
24;23;29.43;15.09;24.81;NA;ND;21.09;NA;NA;3.16;NA;NA;NA;
25;0;29.1;34.91;21.24;NA;ND;32.12;NA;NA;17.96;NA;NA;NA;
25;1;32.18;24.68;23.68;NA;ND;22.84;NA;NA;18.19;NA;NA;NA;
25;2;30.23;20.07;19.68;NA;ND;25.53;NA;NA;20.36;NA;NA;NA;
25;3;26.32;22.48;23.75;NA;ND;23.31;NA;NA;19.38;NA;NA;NA;
25;4;24.92;19.86;23.97;NA;ND;25.56;NA;NA;12.02;NA;NA;NA;
25;5;25.68;35.19;22.04;NA;ND;23.53;NA;NA;10.82;NA;NA;NA;
25;6;38.86;49.33;28.44;NA;ND;30.6;NA;NA;21.14;NA;NA;NA;
25;7;53.23;67.03;43.34;NA;ND;37.21;NA;NA;25.54;NA;NA;NA;
25;8;46.63;39.51;54.33;NA;ND;51.51;NA;NA;28.24;NA;NA;NA;
25;9;48.45;58.92;60.75;NA;ND;62.45;NA;NA;37.43;NA;NA;NA;
25;10;6.97;1.41;39.26;NA;ND;35.92;NA;NA;28.58;NA;NA;NA;
25;11;13.43;11.91;44.94;NA;ND;23.21;NA;NA;23.73;NA;NA;NA;
25;12;30.35;16.36;44.36;NA;ND;20.49;NA;NA;30.39;NA;NA;NA;
25;13;16.05;16.29;34.36;NA;ND;32.58;NA;NA;7.03;NA;NA;NA;
25;14;12.61;15.98;16.3;NA;ND;30.42;NA;NA;27.06;NA;NA;NA;
25;15;15.86;25.81;18.98;NA;ND;19.68;NA;NA;21.26;NA;NA;NA;
25;16;15.11;34.62;22.12;NA;ND;18.41;NA;NA;17.52;NA;NA;NA;
25;17;9.46;46.9;15.43;NA;ND;13.63;NA;NA;23;NA;NA;NA;
25;18;3.67;30.49;16.92;NA;ND;16.96;NA;NA;4.89;NA;NA;NA;
25;19;15.53;19.36;18.55;NA;ND;15.73;NA;NA;0;NA;NA;NA;
25;20;10.38;14.67;16.29;NA;ND;19.6;NA;NA;15.44;NA;NA;NA;
25;21;7.03;13.13;16.07;NA;ND;8.99;NA;NA;15.46;NA;NA;NA;
25;22;10.81;15.67;13.4;NA;ND;14.51;NA;NA;6.51;NA;NA;NA;
25;23;15.75;18.67;9.39;NA;ND;15.78;NA;NA;12.32;NA;NA;NA;
26;0;15.06;8.95;28.29;NA;ND;7.75;NA;NA;6.87;NA;NA;NA;
26;1;18.06;11.91;16.13;NA;ND;17.74;NA;NA;19.19;NA;NA;NA;
26;2;5.35;11.36;10.47;NA;ND;11.4;NA;NA;2.39;NA;NA;NA;
26;3;9.56;17.53;4.18;NA;ND;11.22;NA;NA;19.91;NA;NA;NA;
26;4;11.99;11.83;7.26;NA;ND;7.88;NA;NA;8.99;NA;NA;NA;
26;5;14.45;17.86;11.29;NA;ND;10.96;NA;NA;14.18;NA;NA;NA;
26;6;21.48;28.18;18.36;NA;ND;17.76;NA;NA;8.91;NA;NA;NA;
26;7;26.92;27.36;26.82;NA;ND;22.65;NA;NA;16.64;NA;NA;NA;
26;8;15.71;0;31.31;NA;ND;16.96;NA;NA;8.59;NA;NA;NA;
26;9;28.44;3.14;17.81;NA;ND;5.41;NA;NA;11.05;NA;NA;NA;
26;10;31.82;15.28;24.91;NA;ND;19.81;NA;NA;3.75;NA;NA;NA;
26;11;20.93;11.83;27.17;NA;ND;19.33;NA;NA;21.19;NA;NA;NA;
26;12;8.92;3.71;16.15;NA;ND;17.38;NA;NA;22.44;NA;NA;NA;
26;13;20.24;22.78;17.13;NA;ND;19.2;NA;NA;16.2;NA;NA;NA;
26;14;5.57;37.84;15.78;NA;ND;16.39;NA;NA;15.29;NA;NA;NA;
26;15;6.88;12.23;19.39;NA;ND;12.92;NA;NA;19.34;NA;NA;NA;
26;16;10.28;4.39;18.59;NA;ND;17.44;NA;NA;19.69;NA;NA;NA;
26;17;4.21;34.41;16.75;NA;ND;15.36;NA;NA;15.43;NA;NA;NA;
26;18;14.98;15.37;14.03;NA;ND;14.72;NA;NA;15.89;NA;NA;NA;
26;19;13.6;13.63;13.87;NA;ND;21.11;NA;NA;15.47;NA;NA;NA;
26;20;8.26;9.08;13.03;NA;ND;15.8;NA;NA;16.6;NA;NA;NA;
26;21;14.27;12.93;15.33;NA;ND;12.92;NA;NA;5.19;NA;NA;NA;
26;22;5.83;6.62;5.15;NA;ND;9.81;NA;NA;ND;NA;NA;NA;
26;23;11.26;8.02;6.95;NA;ND;7.6;NA;NA;ND;NA;NA;NA;
27;0;0.16;5.56;2.78;NA;ND;20.04;NA;NA;16.86;NA;NA;NA;
27;1;7.83;4.48;4.53;NA;ND;8.46;NA;NA;9.76;NA;NA;NA;
27;2;4.43;4.12;5.64;NA;ND;8.53;NA;NA;11.82;NA;NA;NA;
27;3;9.16;16.65;4.54;NA;ND;6.13;NA;NA;8.14;NA;NA;NA;
27;4;11.49;22.22;7;NA;ND;6.98;NA;NA;14.69;NA;NA;NA;
27;5;10.91;6.43;4;NA;ND;10.78;NA;NA;11.34;NA;NA;NA;
27;6;21.32;29;17.45;NA;ND;22.86;NA;NA;9.54;NA;NA;NA;
27;7;30.18;20.85;30.81;NA;ND;47.08;NA;NA;17.25;NA;NA;NA;
27;8;32.16;0.01;44.19;NA;ND;28.2;NA;NA;24.38;NA;NA;NA;
27;9;43.03;25.12;38.48;NA;ND;23.22;NA;NA;23.15;NA;NA;NA;
27;10;29.99;10.44;41.5;NA;ND;19.01;NA;NA;12.12;NA;NA;NA;
27;11;16.85;1.12;31.88;NA;ND;26.31;NA;NA;14.83;NA;NA;NA;
27;12;14.07;6.72;15.9;NA;ND;19.07;NA;NA;11.53;NA;NA;NA;
27;13;16.39;13.63;21.07;NA;ND;14.86;NA;NA;14.16;NA;NA;NA;
27;14;29.11;29.71;13.27;NA;ND;13.16;NA;NA;40.7;NA;NA;NA;
27;15;5.72;17.46;14.4;NA;ND;27.16;NA;NA;14.12;NA;NA;NA;
27;16;19.05;14.37;5.03;NA;ND;14.16;NA;NA;16.31;NA;NA;NA;
27;17;19.71;35.88;25.48;NA;ND;15.68;NA;NA;24.13;NA;NA;NA;
27;18;17.42;32.83;29.32;NA;ND;27.63;NA;NA;19.19;NA;NA;NA;
27;19;11.45;18.81;24.3;NA;ND;18.9;NA;NA;27.45;NA;NA;NA;
27;20;14.23;15.19;19.07;NA;ND;24.55;NA;NA;13.23;NA;NA;NA;
27;21;18.4;22.39;20.66;NA;ND;21.26;NA;NA;18.65;NA;NA;NA;
27;22;13.78;24.44;15.08;NA;ND;18.19;NA;NA;16.06;NA;NA;NA;
27;23;24.05;24.3;16.07;NA;ND;21.46;NA;NA;14.68;NA;NA;NA;
28;0;18.55;12.13;15.11;NA;ND;18.49;NA;NA;3.41;NA;NA;NA;
28;1;27.04;14.71;18.11;NA;ND;23.9;NA;NA;29.57;NA;NA;NA;
28;2;23.53;24.54;21.21;NA;ND;23.05;NA;NA;13.97;NA;NA;NA;
28;3;17.43;21.8;15.71;NA;ND;16.31;NA;NA;17.55;NA;NA;NA;
28;4;17.78;23.56;8.35;NA;ND;9.78;NA;NA;23.17;NA;NA;NA;
28;5;22.87;39.32;19.52;NA;ND;15.08;NA;NA;18.84;NA;NA;NA;
28;6;52.5;84.51;12.24;NA;ND;28.74;NA;NA;28.04;NA;NA;NA;
28;7;32.84;45.27;19.12;NA;ND;10.77;NA;NA;20.54;NA;NA;NA;
28;8;39.19;1.25;26.15;NA;ND;7.88;NA;NA;24.68;NA;NA;NA;
28;9;22.22;7.49;29.5;NA;ND;4.44;NA;NA;26.83;NA;NA;NA;
28;10;28.09;4.86;14.88;NA;ND;2.25;NA;NA;12.95;NA;NA;NA;
28;11;16.19;6.1;9.11;NA;ND;5.22;NA;NA;5.92;NA;NA;NA;
28;12;14.85;20.11;12.32;NA;ND;7.33;NA;NA;14.66;NA;NA;NA;
28;13;13.64;13.6;15.12;NA;ND;12.59;NA;NA;14.79;NA;NA;NA;
28;14;20.43;19.35;14.27;NA;ND;21.85;NA;NA;15.72;NA;NA;NA;
28;15;19.9;18.3;19.05;NA;ND;10.57;NA;NA;6.38;NA;NA;NA;
28;16;14.73;12.16;14.86;NA;ND;20.78;NA;NA;13.21;NA;NA;NA;
28;17;14.78;32.57;10.69;NA;ND;19.09;NA;NA;31.89;NA;NA;NA;
28;18;11.45;23.31;19.21;NA;ND;21.56;NA;NA;12.61;NA;NA;NA;
28;19;4.76;19.18;16.36;NA;ND;17.71;NA;NA;16.49;NA;NA;NA;
28;20;26.78;20.02;14.59;NA;ND;20.48;NA;NA;21.25;NA;NA;NA;
28;21;21.66;21.32;21.6;NA;ND;19.53;NA;NA;16.59;NA;NA;NA;
28;22;17.33;13.96;16.06;NA;ND;24.36;NA;NA;12.04;NA;NA;NA;
28;23;10.61;23.15;15.8;NA;ND;12.32;NA;NA;13.97;NA;NA;NA;
29;0;9.92;19.21;12.67;NA;ND;22.13;NA;NA;6.81;NA;NA;NA;
29;1;17.09;1.47;8.23;NA;ND;12.88;NA;NA;31.89;NA;NA;NA;
29;2;18.22;12.41;14.35;NA;ND;15.48;NA;NA;51.67;NA;NA;NA;
29;3;1.41;18.19;6.26;NA;ND;14.2;NA;NA;31.24;NA;NA;NA;
29;4;13.04;23.86;8.24;NA;ND;8.01;NA;NA;34.6;NA;NA;NA;
29;5;11.41;34.35;7.29;NA;ND;13.12;NA;NA;33.42;NA;NA;NA;
29;6;29.63;16.98;11.21;NA;ND;8.31;NA;NA;25.73;NA;NA;NA;
29;7;25.19;15.58;8.96;NA;ND;3.91;NA;NA;18.6;NA;NA;NA;
29;8;22.89;5.67;13.49;NA;ND;3.9;NA;NA;22.91;NA;NA;NA;
29;9;20.01;11.07;20.6;NA;ND;5.65;NA;NA;31.68;NA;NA;NA;
29;10;14.96;2.53;29.44;NA;ND;2.13;NA;NA;31.74;NA;NA;NA;
29;11;10.85;9.89;10.41;NA;ND;7.39;NA;NA;29;NA;NA;NA;
29;12;18.01;2.36;15.04;NA;ND;12.23;NA;NA;22.66;NA;NA;NA;
29;13;15.8;10.02;9.46;NA;ND;8.2;NA;NA;1.31;NA;NA;NA;
29;14;13.98;31.23;11.07;NA;ND;14.03;NA;NA;13.13;NA;NA;NA;
29;15;12.28;14.52;4.03;NA;ND;13.78;NA;NA;2.57;NA;NA;NA;
29;16;7.8;14.17;14.46;NA;ND;10.12;NA;NA;20.91;NA;NA;NA;
29;17;10.43;37.46;7.28;NA;ND;9.64;NA;NA;22.78;NA;NA;NA;
29;18;8.5;19.29;6.41;NA;ND;14.63;NA;NA;9.02;NA;NA;NA;
29;19;7.41;16.87;10.05;NA;ND;7.35;NA;NA;19.62;NA;NA;NA;
29;20;11.52;25.19;5.76;NA;ND;8.52;NA;NA;24.05;NA;NA;NA;
29;21;16.59;26.01;4.84;NA;ND;9.97;NA;NA;25.82;NA;NA;NA;
29;22;16.07;18.27;8.98;NA;ND;17.81;NA;NA;15.73;NA;NA;NA;
29;23;1.96;21.58;2.76;NA;ND;13.87;NA;NA;11.46;NA;NA;NA;
30;0;14.9;26.27;23.64;NA;ND;16.26;NA;NA;23.52;NA;NA;NA;
30;1;14.07;12.4;24.18;NA;ND;25.07;NA;NA;16.97;NA;NA;NA;
30;2;12.23;23.36;20.81;NA;ND;22.01;NA;NA;37.79;NA;NA;NA;
30;3;12.92;16.8;16.79;NA;ND;8.94;NA;NA;18.24;NA;NA;NA;
30;4;5.17;22.39;10.61;NA;ND;16.39;NA;NA;24.73;NA;NA;NA;
30;5;7.42;16.83;7.08;NA;ND;22.09;NA;NA;7.47;NA;NA;NA;
30;6;4.83;35.79;2.07;NA;ND;13.26;NA;NA;23.5;NA;NA;NA;
30;7;1.44;20.33;4.79;NA;ND;7.47;NA;NA;34.44;NA;NA;NA;
30;8;10.7;0;19.33;NA;ND;10.79;NA;NA;15.68;NA;NA;NA;
30;9;12.07;0.06;7.86;NA;ND;0.83;NA;NA;25.92;NA;NA;NA;
30;10;14.5;4.31;8.1;NA;ND;4.31;NA;NA;13.37;NA;NA;NA;
30;11;8.39;21.86;5.33;NA;ND;2.76;NA;NA;10.8;NA;NA;NA;
30;12;10.36;12.44;6.92;NA;ND;10.06;NA;NA;5.88;NA;NA;NA;
30;13;12.04;7.9;2.12;NA;ND;3.01;NA;NA;4.54;NA;NA;NA;
30;14;11.57;27.2;19.45;NA;ND;11.02;NA;NA;2.64;NA;NA;NA;
30;15;10.68;5.97;10.64;NA;ND;9.27;NA;NA;14.92;NA;NA;NA;
30;16;8.84;5.22;6.2;NA;ND;11.85;NA;NA;15.26;NA;NA;NA;
30;17;17.43;45.47;18.72;NA;ND;11.53;NA;NA;6.13;NA;NA;NA;
30;18;9.11;27.11;9.59;NA;ND;18.72;NA;NA;24.48;NA;NA;NA;
30;19;8.43;25.3;9.22;NA;ND;13.43;NA;NA;13.45;NA;NA;NA;
30;20;10.01;24.81;10.29;NA;ND;15.52;NA;NA;13.76;NA;NA;NA;
30;21;17.77;19.85;4.45;NA;ND;17.03;NA;NA;8.58;NA;NA;NA;
30;22;19.2;9.27;11.74;NA;ND;15.65;NA;NA;14.61;NA;NA;NA;
30;23;9.78;16.58;9.96;NA;ND;21.17;NA;NA;14.61;NA;NA;NA;
