DIA;HORA;Cotocollao;Carapungo;Belisario;Jipijapa;El Camal;Centro;Guamaní;Tumbaco;Los Chillos;El Condado;Turubamba;Chillogallo;
1;0;62.08;55.05;54.05;NA;46.59;47.3;50.24;33.35;9.35;NA;NA;NA;
1;1;59.46;54.07;53.92;NA;50.33;49.02;50.07;ND;13.3;NA;NA;NA;
1;2;ND;53.93;56.07;NA;51.03;ND;ND;19.23;21.63;NA;NA;NA;
1;3;57.13;55.92;56.72;NA;46.78;51.13;51.69;17.11;26.18;NA;NA;NA;
1;4;51.47;34.49;56.05;NA;42.75;49.42;52.66;4.47;26.55;NA;NA;NA;
1;5;36.3;19.07;52.52;NA;14.62;41.13;50.02;5.7;14.23;NA;NA;NA;
1;6;23.68;13.92;41.91;NA;7.33;28.28;47.44;4.5;3.93;NA;NA;NA;
1;7;37.92;25.88;44.05;NA;30.83;33.26;49.15;13.03;11.82;NA;NA;NA;
1;8;50.8;39.75;46.44;NA;44.51;49.24;50.41;34.19;42.18;NA;NA;NA;
1;9;56.58;60.98;55.79;NA;53.73;59.69;51.91;59.91;59.04;NA;NA;NA;
1;10;65.92;69.68;61.72;NA;66.62;69.3;54.11;56.93;63.82;NA;NA;NA;
1;11;66.85;63.77;50.04;NA;67.64;61.74;56.06;45.61;64.86;NA;NA;NA;
1;12;55.17;49.19;40.92;NA;49.39;48.54;43.64;42.32;44.01;NA;NA;NA;
1;13;43.27;45.92;40.26;NA;48.95;47.2;39.37;40.86;44.89;NA;NA;NA;
1;14;43.13;47.92;40.54;NA;41.76;38.5;38.43;38.75;42.06;NA;NA;NA;
1;15;48.44;50.77;45.12;NA;32.87;41.04;39.19;42.91;42.74;NA;NA;NA;
1;16;45.46;48.09;37.98;NA;31;38.38;31.79;39.02;42.89;NA;NA;NA;
1;17;42.39;44.93;41.85;NA;28.43;35.93;30.52;39.3;35.65;NA;NA;NA;
1;18;34.01;39.65;38.32;NA;14.68;15.25;27.5;25.94;32.91;NA;NA;NA;
1;19;35.3;36.12;31.9;NA;16.93;18.53;20.73;36.08;32.76;NA;NA;NA;
1;20;29.73;33.96;20.19;NA;10.84;14.09;26.08;42.62;4.65;NA;NA;NA;
1;21;16.99;30.55;21.98;NA;11;9.28;31.21;41.26;2.04;NA;NA;NA;
1;22;31.84;19.84;42.19;NA;11.13;28.06;36.68;47.08;1.65;NA;NA;NA;
1;23;36.04;33.52;40.77;NA;24.98;33.6;50.91;4.77;2.11;NA;NA;NA;
2;0;21.19;41.64;45.21;NA;6.32;40.05;53.24;3.96;1.36;NA;NA;NA;
2;1;35.33;42.36;51.52;NA;18.37;41.34;54.52;7.03;1.69;NA;NA;NA;
2;2;38.28;ND;ND;NA;15.75;32.59;52.06;4.92;ND;NA;NA;NA;
2;3;38.22;10.75;31.55;NA;16.82;37.15;48.74;2.64;1.63;NA;NA;NA;
2;4;26.14;2.73;22.42;NA;22.97;25.36;50.21;2.53;1;NA;NA;NA;
2;5;18.95;3.94;15.81;NA;5.29;23.04;47.04;1.33;3.22;NA;NA;NA;
2;6;9.96;5.9;8.64;NA;4.01;14.17;40.06;2.1;3.84;NA;NA;NA;
2;7;17.85;17.63;14.57;NA;12.21;29.88;44.66;9.95;10.81;NA;NA;NA;
2;8;33.02;29.86;29.69;NA;40.41;45.47;51.91;29.89;28.03;NA;NA;NA;
2;9;56.61;56.18;50.99;NA;55.99;55.94;60.52;55.71;51.14;NA;NA;NA;
2;10;70.43;69.47;61.6;NA;63.37;67.71;70.43;67.85;67.23;NA;NA;NA;
2;11;80.34;80;66.46;NA;67.59;73.93;74.57;76;67.13;NA;NA;NA;
2;12;83.82;76.34;61.5;NA;65.64;72.66;66.73;65.38;60.43;NA;NA;NA;
2;13;74.63;67.6;62.56;NA;60.67;69.3;65.37;58.21;60.94;NA;NA;NA;
2;14;65.48;67.28;67.24;NA;56.25;65.35;58.95;60.65;57.58;NA;NA;NA;
2;15;52.24;69.18;53.97;NA;42.03;53.8;55.26;58.45;53.46;NA;NA;NA;
2;16;54.96;62.1;51.82;NA;38.89;46.47;42.14;57.07;50.34;NA;NA;NA;
2;17;50.1;46.18;42.46;NA;33.44;44.88;26.85;48.96;49.39;NA;NA;NA;
2;18;28.54;40.94;20.56;NA;24.35;10.94;13.59;42.56;49.18;NA;NA;NA;
2;19;10.6;34.57;2.53;NA;13.3;2.87;10.28;37.76;25.46;NA;NA;NA;
2;20;7;29.89;2;NA;11.65;0.76;13.19;38.33;36.89;NA;NA;NA;
2;21;8.73;16.52;1.3;NA;10.68;0.49;13.74;34.93;30.31;NA;NA;NA;
2;22;4.84;12.83;1.09;NA;1.36;0.05;15.39;35.06;1.33;NA;NA;NA;
2;23;10.07;27.2;1.72;NA;1.6;0.77;26.8;26.02;3.99;NA;NA;NA;
3;0;18.76;24.16;13.63;NA;4.27;2.47;28.26;11.14;30.41;NA;NA;NA;
3;1;35.29;20.34;14.27;NA;27.48;6.83;26.68;ND;6.35;NA;NA;NA;
3;2;ND;24.81;ND;NA;ND;ND;ND;14.48;3.97;NA;NA;NA;
3;3;23.1;27.96;21.06;NA;23.02;21.65;12.41;8.95;0.62;NA;NA;NA;
3;4;27.66;26.02;19.57;NA;17.94;16.94;10.39;10.99;0.33;NA;NA;NA;
3;5;9.01;4.59;15.58;NA;17.42;10.04;11.72;6.26;0.1;NA;NA;NA;
3;6;3.65;2.73;6;NA;3.25;3.46;4.02;2.1;1.37;NA;NA;NA;
3;7;8.12;11.18;14.28;NA;9.24;6.55;26.37;8.04;5.07;NA;NA;NA;
3;8;40.47;30.5;13.76;NA;18.86;11.86;43.51;21.63;15.28;NA;NA;NA;
3;9;52.99;52.87;42.51;NA;55.35;48.67;56.97;47.32;43.79;NA;NA;NA;
3;10;60.44;62.58;56.28;NA;53.23;57.77;61.22;63.91;56.22;NA;NA;NA;
3;11;72.58;71.09;60.66;NA;56.06;64;65.83;65.69;56.55;NA;NA;NA;
3;12;63.77;63.76;ND;NA;56.17;56.21;63.73;54.3;59;NA;NA;NA;
3;13;58.49;60.29;ND;NA;52.61;55.38;56.46;55.27;57.76;NA;NA;NA;
3;14;58.42;60.69;ND;NA;52.32;60.15;57.04;53.53;58.37;NA;NA;NA;
3;15;54.88;57.61;42.27;NA;43.29;48.78;48.07;47.29;53.42;NA;NA;NA;
3;16;51.67;56.47;49.02;NA;36.47;44.63;39.62;47.33;49.15;NA;NA;NA;
3;17;47.86;51.8;49.18;NA;32.66;48.07;37.16;47.05;36.55;NA;NA;NA;
3;18;34.69;42.63;22.21;NA;19.61;21.76;34.41;35.72;28.65;NA;NA;NA;
3;19;22.65;31.1;4.68;NA;16.28;8.5;21.56;29.85;10.47;NA;NA;NA;
3;20;4.98;29.38;5.79;NA;7.48;2.57;23.07;25.01;25.79;NA;NA;NA;
3;21;12.75;24.42;9.1;NA;3.12;1.78;20.61;16.49;14.13;NA;NA;NA;
3;22;16.66;26.83;20.3;NA;1.93;4.87;16.02;6.91;4.76;NA;NA;NA;
3;23;8.03;29.62;9.11;NA;1.48;12.92;28.15;3.76;0.98;NA;NA;NA;
4;0;18.99;22.57;14.93;NA;1.64;15.54;32.81;6.42;0.94;NA;NA;NA;
4;1;30.61;18.48;8.24;NA;1.1;13.46;39.06;2.13;0.8;NA;NA;NA;
4;2;34.99;ND;7.28;NA;3.01;9.59;39.76;3.6;ND;NA;NA;NA;
4;3;33.37;8.88;6.72;NA;5.58;8.11;38.32;0.73;0.67;NA;NA;NA;
4;4;24.16;1.53;7.31;NA;2.28;2.46;38.56;0.8;0.74;NA;NA;NA;
4;5;14.81;2.64;3.12;NA;2.79;2.39;35.2;1.81;0.77;NA;NA;NA;
4;6;5.16;3.84;2.57;NA;2.68;3.57;33.71;1.37;1.85;NA;NA;NA;
4;7;7.16;8.07;11.52;NA;7.23;20.08;37.88;2.64;5.41;NA;NA;NA;
4;8;22.89;20.7;36.5;NA;20.12;42.31;45.18;6.69;12.3;NA;NA;NA;
4;9;48.33;46.18;42.05;NA;46.45;47.99;47.77;34.98;36.68;NA;NA;NA;
4;10;53.95;58.29;46.44;NA;48.83;50.34;50.49;44.63;50.99;NA;NA;NA;
4;11;54.85;56.54;41.07;NA;45.46;46.95;47.97;41.86;49.76;NA;NA;NA;
4;12;51.12;50.23;40.38;NA;39.62;45.89;42.17;39.61;44.15;NA;NA;NA;
4;13;47.82;43.14;38.5;NA;42.13;44.5;44.33;40.46;43.49;NA;NA;NA;
4;14;43.26;45.6;38.88;NA;38.71;43.27;40.84;40.15;41.57;NA;NA;NA;
4;15;43.41;50.11;32.11;NA;36.36;34.61;39.5;40.8;39.3;NA;NA;NA;
4;16;40.75;47.94;28.53;NA;23.74;31;36.4;39;35.11;NA;NA;NA;
4;17;36.43;44.01;26.27;NA;22.58;23.46;36.87;35.51;33.4;NA;NA;NA;
4;18;16.68;32.29;13.16;NA;13.31;24.34;27.66;35.56;33.59;NA;NA;NA;
4;19;7.16;23.71;13.6;NA;16.58;25.49;29.45;24.85;22.49;NA;NA;NA;
4;20;2.43;20.99;9.03;NA;7.62;14.6;28.12;18.32;19.41;NA;NA;NA;
4;21;2.79;9.82;2.96;NA;6.55;13.21;27.79;9.92;16.91;NA;NA;NA;
4;22;1.53;7.36;15.48;NA;1.65;16.46;33.69;1.34;3.5;NA;NA;NA;
4;23;5.59;19.28;18.71;NA;1.61;10.45;37.54;0.98;1.53;NA;NA;NA;
5;0;10.23;24.38;28.24;NA;15.04;25.69;41.89;0.7;0.82;NA;NA;NA;
5;1;25.1;30.55;41.6;NA;12.51;31.46;43.86;ND;1.19;NA;NA;NA;
5;2;ND;26.53;ND;NA;ND;ND;ND;0.4;0.59;NA;NA;NA;
5;3;15.89;15.88;45.42;NA;16.43;20.1;43.28;0.35;0.82;NA;NA;NA;
5;4;12.59;8.69;27;NA;10.99;22.89;42.07;0.44;0.8;NA;NA;NA;
5;5;8.24;2.31;16.89;NA;3.9;15.87;39.09;0.51;1.55;NA;NA;NA;
5;6;4.03;5;11.51;NA;3.63;9;34.77;1.21;2.75;NA;NA;NA;
5;7;26.27;14.56;28.35;NA;13.9;24.87;38.34;5.43;8.03;NA;NA;NA;
5;8;43.82;34.28;38.84;NA;37.12;39.31;43.91;17.64;30.66;NA;NA;NA;
5;9;52.15;49.33;44.13;NA;52.82;57.3;49.49;42.23;58.12;NA;NA;NA;
5;10;51.18;52.68;44.65;NA;54.76;54.14;48.11;45.48;56.62;NA;NA;NA;
5;11;52.54;53.31;44.05;NA;51.96;51.67;47.52;46.16;53.21;NA;NA;NA;
5;12;56.03;60.38;44.09;NA;54.63;52.28;49.93;46.06;53.03;NA;NA;NA;
5;13;61.03;59.77;43.47;NA;50.18;51.91;50.13;45.07;49.55;NA;NA;NA;
5;14;53.33;52.36;42.78;NA;50.34;47.36;46.41;39.96;47.24;NA;NA;NA;
5;15;45.33;46.04;35.81;NA;45.49;45.15;39.47;38;43.48;NA;NA;NA;
5;16;38.29;41.32;29.01;NA;39.27;37.13;37.82;35.04;38.78;NA;NA;NA;
5;17;34.26;39.62;23.96;NA;27.84;29.33;32.43;33.25;35.09;NA;NA;NA;
5;18;24.98;32.52;17.22;NA;30.37;19.56;30;29.75;27.78;NA;NA;NA;
5;19;16.9;26.84;13.8;NA;24.05;11.78;34.04;24.45;20.26;NA;NA;NA;
5;20;11.49;31.9;15.88;NA;25.17;7.94;35.5;19.62;22.17;NA;NA;NA;
5;21;25.66;40.71;30.31;NA;20.27;17.97;38.47;12.57;26.76;NA;NA;NA;
5;22;15.96;46.15;36.54;NA;14.5;28.34;43.73;13.07;28.81;NA;NA;NA;
5;23;21.36;48.28;45.56;NA;23.82;38.41;49.08;6.54;22.19;NA;NA;NA;
6;0;28.65;51.22;53.71;NA;35.93;45.42;55.45;7.49;19.62;NA;NA;NA;
6;1;31.63;58.21;56.72;NA;43.04;49.43;57.94;4.91;25.6;NA;NA;NA;
6;2;27.61;ND;58.74;NA;43.96;50.66;59.12;5.1;ND;NA;NA;NA;
6;3;35.72;35.09;55.93;NA;39.35;49.9;60.56;4.31;13.89;NA;NA;NA;
6;4;21.15;12.86;57.2;NA;42.01;47.73;60.54;2.36;13.59;NA;NA;NA;
6;5;15.38;4.11;55.61;NA;30.15;40.54;57.2;2.24;9.79;NA;NA;NA;
6;6;15.37;3.81;20.68;NA;19.48;36.42;47.98;3.36;5.25;NA;NA;NA;
6;7;30.68;21.92;23.47;NA;28.95;41.57;49.55;10.42;17.94;NA;NA;NA;
6;8;40.07;43.99;46.37;NA;43.14;53.57;52.5;27.42;41.07;NA;NA;NA;
6;9;55.49;57.82;48.54;NA;60.24;64.92;57.91;53.27;45.71;NA;NA;NA;
6;10;66.18;69.47;58.96;NA;61;64.13;63.69;60.5;69.77;NA;NA;NA;
6;11;66.86;68.41;67.31;NA;75.11;74.4;70.98;57.97;79.27;NA;NA;NA;
6;12;73.5;69.69;58.37;NA;61.11;64.89;69.13;56.12;57.06;NA;NA;NA;
6;13;63.4;69.87;54.77;NA;54.31;62.36;50.89;50.83;52.7;NA;NA;NA;
6;14;56.9;62.81;50.42;NA;51.74;49.68;47.97;46.65;49.54;NA;NA;NA;
6;15;56.68;57.03;46.48;NA;43.93;46.36;44.95;45.08;46.73;NA;NA;NA;
6;16;49.81;49.6;41.47;NA;40.13;42.86;44.26;45.01;45.25;NA;NA;NA;
6;17;42.24;43.28;37.31;NA;35.56;43.53;42.05;48.1;43.51;NA;NA;NA;
6;18;32.32;39.5;35.47;NA;31.54;40.16;38.9;43.93;45.91;NA;NA;NA;
6;19;27.83;36.51;32.91;NA;30.02;45.03;37.63;35.58;40.72;NA;NA;NA;
6;20;17.09;32.5;12.56;NA;25.09;20.47;38.36;24.79;15.49;NA;NA;NA;
6;21;24.9;31.59;14.15;NA;27.78;28.52;39.34;17.18;4.6;NA;NA;NA;
6;22;15.63;33.66;16.83;NA;6.18;20.55;42.19;3.07;3.59;NA;NA;NA;
6;23;12.12;31.99;26.78;NA;14.09;20.13;45.82;2.07;4.47;NA;NA;NA;
7;0;29.24;30.09;41.01;NA;27.78;36.72;46.14;1.5;4.4;NA;NA;NA;
7;1;27.53;18.65;45.08;NA;38.13;39.11;46.59;ND;4.46;NA;NA;NA;
7;2;ND;10.88;ND;NA;ND;ND;ND;2.21;8.38;NA;NA;NA;
7;3;26.78;12;48.17;NA;46.26;44.15;49.38;1.16;6.68;NA;NA;NA;
7;4;18.74;5.14;49.66;NA;45.07;44.67;47.95;0.83;0.86;NA;NA;NA;
7;5;14.51;2.25;47.96;NA;45.6;40.53;47.5;0.78;0.86;NA;NA;NA;
7;6;12.96;4.41;45.44;NA;41.55;35.61;45.7;2.45;4.01;NA;NA;NA;
7;7;45.52;28.93;45.37;NA;46.74;42.03;53.44;10.12;36.23;NA;NA;NA;
7;8;54.33;50.79;54.86;NA;55.68;55.04;58.97;37.12;56.59;NA;NA;NA;
7;9;57.63;56.84;54.93;NA;57.44;60.49;57.55;50.95;55.18;NA;NA;NA;
7;10;60.83;58.42;57.43;NA;57.13;60.29;53.44;47.78;54.5;NA;NA;NA;
7;11;56.62;58.47;51.89;NA;57.36;61.22;54.41;53.87;55.51;NA;NA;NA;
7;12;59.02;58.94;53.9;NA;58.89;62.08;51.87;54.62;53.85;NA;NA;NA;
7;13;57.14;58.66;53.09;NA;56.8;56.52;50.83;52.16;55.24;NA;NA;NA;
7;14;50.53;50.97;49.77;NA;53.1;52.25;47.31;50.07;52.12;NA;NA;NA;
7;15;48.28;50.33;47.76;NA;51.81;50.63;45.2;47.72;50.73;NA;NA;NA;
7;16;44.35;46.88;42.42;NA;45.44;43.84;45.38;46.17;47.81;NA;NA;NA;
7;17;40.92;44.83;37.74;NA;33;37.97;45.62;44.31;40.39;NA;NA;NA;
7;18;30.73;30.88;25.37;NA;35.26;28;40.56;43.81;38.33;NA;NA;NA;
7;19;19.17;33.18;26.96;NA;31.24;17.68;40.97;42.77;24.82;NA;NA;NA;
7;20;33.13;33.05;36.69;NA;32.78;26.11;43.12;45.04;23.85;NA;NA;NA;
7;21;37.57;30.49;40.65;NA;31.12;30.62;44.81;44.73;7.38;NA;NA;NA;
7;22;42.7;32.82;41.95;NA;25.14;35.63;46.32;46.76;1.92;NA;NA;NA;
7;23;45.68;36.22;45.19;NA;35.14;36.76;47.34;50.32;2.98;NA;NA;NA;
8;0;48.83;36.25;47.19;NA;37.54;43.65;48.43;38.14;2.11;NA;NA;NA;
8;1;52.87;38.97;51.01;NA;42.47;48.15;48.19;31.1;7;NA;NA;NA;
8;2;48.6;ND;49.98;NA;44.33;48.55;49.66;14.43;ND;NA;NA;NA;
8;3;39.59;25.08;49.13;NA;42.06;47.17;49.62;11.23;32.1;NA;NA;NA;
8;4;26.05;7.5;47.03;NA;43.24;41.02;45.96;6.08;32.69;NA;NA;NA;
8;5;31.59;5.84;41.86;NA;34.58;33.05;42.23;5.3;28.32;NA;NA;NA;
8;6;13.16;4.47;28.59;NA;15.91;21.68;36.85;4.61;24.12;NA;NA;NA;
8;7;34.85;12.68;28.44;NA;29.18;26.64;39.38;8.93;19.8;NA;NA;NA;
8;8;42.44;28.58;29.76;NA;33.59;36.45;42.9;26.36;34.77;NA;NA;NA;
8;9;51.31;46.64;41.67;NA;47.99;48.11;49.78;43.29;50.65;NA;NA;NA;
8;10;63.96;61.34;55.57;NA;61.71;60.94;57.9;61.61;68.94;NA;NA;NA;
8;11;64.31;63.88;57.41;NA;62.36;63.88;58.47;59.99;68.05;NA;NA;NA;
8;12;63.14;62.27;54.67;NA;60.16;58.23;53.02;57.27;61.6;NA;NA;NA;
8;13;53.54;56.03;44.6;NA;53.92;54.02;47.68;49.76;58;NA;NA;NA;
8;14;51.76;52.1;47.42;NA;55.09;53.97;49.13;51.85;58.11;NA;NA;NA;
8;15;60.95;60.1;52.15;NA;58.41;59.34;54.9;58.47;61.37;NA;NA;NA;
8;16;58.68;55.66;52.04;NA;63.43;58.87;58.72;59;62.9;NA;NA;NA;
8;17;56.68;53;42.95;NA;58.61;49.84;54.89;58.43;59.39;NA;NA;NA;
8;18;47.62;47.65;28.56;NA;43.66;32.61;46.24;54.81;46.12;NA;NA;NA;
8;19;29.78;39.8;24.83;NA;33.31;14.93;43.78;55.16;33.89;NA;NA;NA;
8;20;35.79;39.72;32.33;NA;26.6;20.16;46.21;55.12;21.26;NA;NA;NA;
8;21;50.43;35.54;45.49;NA;12.74;25.99;50.45;56.65;15.99;NA;NA;NA;
8;22;52.81;41.14;51.15;NA;22.61;39.96;52.42;36.66;5.25;NA;NA;NA;
8;23;37.77;43.4;49.42;NA;21.96;38.59;52.48;6.47;8.58;NA;NA;NA;
9;0;55.98;22.76;53.16;NA;36.44;47.47;52.85;3.91;10.65;NA;NA;NA;
9;1;55.85;34.52;53.63;NA;41.57;47.9;51.92;ND;13.94;NA;NA;NA;
9;2;ND;25.88;ND;NA;ND;ND;ND;3.11;15.05;NA;NA;NA;
9;3;51.74;15.83;52.96;NA;47.97;47.19;52.67;15.79;18.56;NA;NA;NA;
9;4;30.73;18.72;51.92;NA;34.93;40.09;51.26;8.4;14.85;NA;NA;NA;
9;5;34.78;9.83;43.27;NA;18.36;33.48;47.53;1.33;10.98;NA;NA;NA;
9;6;27.05;4;22.3;NA;3.95;22.17;44;2.5;2.13;NA;NA;NA;
9;7;47.81;29.36;44.96;NA;24.42;32.34;48.05;14.73;6.19;NA;NA;NA;
9;8;59.64;41.7;47.38;NA;45.19;46.9;52.61;52.22;41.92;NA;NA;NA;
9;9;65.41;63.98;58.2;NA;62.71;66.88;56.01;64.7;63.63;NA;NA;NA;
9;10;68.71;69.56;63.57;NA;71.61;73.02;58.98;61.47;74.22;NA;NA;NA;
9;11;70.01;70.8;59.22;NA;67.09;73.43;60.74;62.53;78.2;NA;NA;NA;
9;12;75.67;73.03;59.53;NA;63.59;67.08;62.68;62.43;69.46;NA;NA;NA;
9;13;62.39;63;53.99;NA;ND;64.43;59.26;57.7;63.8;NA;NA;NA;
9;14;55.06;62.66;55.05;NA;ND;63.86;57.91;57.42;61.85;NA;NA;NA;
9;15;47.68;56.93;44.9;NA;ND;57.29;59.64;53.81;60.92;NA;NA;NA;
9;16;45.31;52.37;43.91;NA;59.87;52.86;56.26;54.21;64.15;NA;NA;NA;
9;17;47.71;49.16;31.06;NA;44.73;36.93;44.66;49.7;53.57;NA;NA;NA;
9;18;40.69;43.01;24.39;NA;32.86;33.79;44.59;40.46;45.44;NA;NA;NA;
9;19;37.85;35.96;16.48;NA;28.06;18;44.48;29.36;44.43;NA;NA;NA;
9;20;39.58;38.27;23.67;NA;14.8;19.49;23.68;26.75;35.48;NA;NA;NA;
9;21;26.73;33.81;30.71;NA;23.4;27.58;7.82;15.8;28.54;NA;NA;NA;
9;22;5.7;29.13;25.08;NA;13.69;12.58;12.92;19.86;19.43;NA;NA;NA;
9;23;4.8;30.05;18.17;NA;14.83;19.3;9.34;6.38;1.1;NA;NA;NA;
10;0;15.46;20.12;22.69;NA;7.48;13.11;25.48;12.48;0.68;NA;NA;NA;
10;1;33.17;24.66;17.79;NA;3.18;21.31;41.41;7.24;3.41;NA;NA;NA;
10;2;25.09;ND;10.71;NA;10.94;10.21;48.73;0.86;ND;NA;NA;NA;
10;3;10.22;4.51;5.35;NA;32.01;29.69;51.34;2.07;5.3;NA;NA;NA;
10;4;7.18;1.62;11.3;NA;28.72;39.05;53.32;0.55;7.52;NA;NA;NA;
10;5;2.29;2.5;6.89;NA;12.39;23.16;47.96;0.72;2.18;NA;NA;NA;
10;6;3.46;3.04;3.35;NA;3.28;2.39;35.51;1.5;1.8;NA;NA;NA;
10;7;10.8;15.71;9.3;NA;10.97;8.82;33.79;5.07;6.05;NA;NA;NA;
10;8;34.48;38.72;32.81;NA;28.75;37.05;58.89;7.51;24.89;NA;NA;NA;
10;9;64.15;57.85;57.33;NA;61.66;66.91;75.05;33.72;53.55;NA;NA;NA;
10;10;68.3;71.16;57.97;NA;63.56;68.88;72.03;54.76;48.25;NA;NA;NA;
10;11;75.61;77.49;63.97;NA;68.91;74.29;72.18;75.91;71.02;NA;NA;NA;
10;12;81.01;77.34;66.58;NA;69.83;77.98;72.47;77.99;65.76;NA;NA;NA;
10;13;60.25;70.49;63.23;NA;70.14;76.04;69.38;66.92;63.59;NA;NA;NA;
10;14;55.54;39.39;60.83;NA;62.37;65.72;60.22;64.83;64.3;NA;NA;NA;
10;15;52.19;56.09;44.82;NA;44.76;55.43;54.53;53.62;53.22;NA;NA;NA;
10;16;51.18;55.31;53.09;NA;35.52;50.96;50.16;53.13;43.39;NA;NA;NA;
10;17;46.67;46.47;30.26;NA;32.28;32.68;36.9;50.52;52.64;NA;NA;NA;
10;18;33.42;38.73;18.77;NA;26.04;9.84;23.46;41.92;35.23;NA;NA;NA;
10;19;25.7;35.14;8.28;NA;16.24;9.24;15.34;38.71;31.14;NA;NA;NA;
10;20;14.51;35.4;4.02;NA;8.76;7.02;14.52;32.17;35.61;NA;NA;NA;
10;21;13.18;32.4;1.97;NA;5.06;0.67;17.12;23.69;16.27;NA;NA;NA;
10;22;17.42;29.19;7.77;NA;11.71;2.37;20.89;33.61;16.76;NA;NA;NA;
10;23;21.78;30.43;16.14;NA;18.21;12.22;27.7;23.35;21.81;NA;NA;NA;
11;0;21.02;25.09;9.62;NA;13.07;12.71;29.43;23.21;4.1;NA;NA;NA;
11;1;13.96;20.01;8.49;NA;20.15;13.76;27.08;ND;12.79;NA;NA;NA;
11;2;ND;ND;ND;NA;ND;ND;ND;16.29;7.65;NA;NA;NA;
11;3;6.91;3.45;6.07;NA;11.4;6.9;26.24;4.55;1.85;NA;NA;NA;
11;4;0.7;13.48;5.47;NA;30.11;4.45;28.62;2.87;0.77;NA;NA;NA;
11;5;1.57;16.98;3.9;NA;10.11;6.49;13.9;2.1;0.56;NA;NA;NA;
11;6;1.9;6.96;2.17;NA;3.44;2.02;5.82;1.42;1.92;NA;NA;NA;
11;7;6.36;17.35;5.51;NA;9.73;7.25;16.54;2.84;10.33;NA;NA;NA;
11;8;21.05;25.44;10.01;NA;25.3;11.64;30.68;9.14;23.12;NA;NA;NA;
11;9;42.44;37.28;21.29;NA;18.36;10.86;73.01;21.72;20.76;NA;NA;NA;
11;10;67.83;61.86;46.53;NA;39.08;39.38;63.96;41.4;41.54;NA;NA;NA;
11;11;80.1;72.3;62.37;NA;57.5;65.33;66.78;68.6;75.46;NA;NA;NA;
11;12;63.72;65.64;58.86;NA;56.39;67.01;66.21;73.39;78.34;NA;NA;NA;
11;13;51.45;56.49;56.84;NA;41.39;65.83;57.1;71.3;59.56;NA;NA;NA;
11;14;52.17;60.73;63.76;NA;48.77;68.6;60.09;68.64;65.6;NA;NA;NA;
11;15;55.1;56.29;57;NA;36.33;49.38;54.68;57.99;51.18;NA;NA;NA;
11;16;49.77;46.37;36.87;NA;33.36;45.46;33.8;50.47;48.87;NA;NA;NA;
11;17;36.4;46.72;22.65;NA;43.76;43.18;33.86;48.33;36.67;NA;NA;NA;
11;18;26.61;41.05;10.33;NA;28.59;19.89;24.98;42.48;41.49;NA;NA;NA;
11;19;24.73;38.68;11.19;NA;7.62;5.45;19.58;40.41;39.47;NA;NA;NA;
11;20;16.62;24.44;7.95;NA;2.55;14.69;17.33;42.29;36.42;NA;NA;NA;
11;21;5.71;17.29;11.94;NA;8.26;9.08;25.2;25.07;28.88;NA;NA;NA;
11;22;12.28;35.03;23.05;NA;2.74;11.04;34.02;12.59;9.56;NA;NA;NA;
11;23;26.26;37.37;33.37;NA;20.32;39.63;23.93;18.7;22.24;NA;NA;NA;
12;0;36.78;35.09;23.16;NA;42.35;41.04;32.08;18.51;12.63;NA;NA;NA;
12;1;46.32;47.18;27.75;NA;40.59;31.12;43.03;13.53;5.06;NA;NA;NA;
12;2;48.37;44.17;40.14;NA;17.33;ND;26.25;5.77;ND;NA;NA;NA;
12;3;44.94;44.41;27.95;NA;31.65;30.53;35.99;7.87;7.89;NA;NA;NA;
12;4;28.91;45.43;24.88;NA;15.24;27.66;37.91;8.1;7.05;NA;NA;NA;
12;5;9.08;27.01;17.85;NA;9.45;6.42;32.09;3.98;3.04;NA;NA;NA;
12;6;3.79;4.29;3.8;NA;4.77;4.48;29.78;3.53;2.78;NA;NA;NA;
12;7;4.2;4.85;9.86;NA;7.28;10.22;33.12;8.79;6.49;NA;NA;NA;
12;8;5.55;9.87;20.02;NA;30.2;26.82;39.23;14.46;13.23;NA;NA;NA;
12;9;14.46;20.26;30.15;NA;45.27;48.32;44.7;28.17;31;NA;NA;NA;
12;10;24.22;36.94;21.33;NA;37.22;40.7;47.22;39.47;36.04;NA;NA;NA;
12;11;50.44;52.65;44.55;NA;53.23;53.6;50.14;57.93;46.79;NA;NA;NA;
12;12;67.68;71.47;53.59;NA;50.72;51.81;46.16;70.16;50.85;NA;NA;NA;
12;13;69.43;76.25;55.86;NA;58.9;50.46;55.58;62.19;61.08;NA;NA;NA;
12;14;61.46;74.92;51.64;NA;55.57;58.67;58.39;51.63;58.84;NA;NA;NA;
12;15;58.34;67.26;47.24;NA;47.9;54.04;52.54;45.53;53.96;NA;NA;NA;
12;16;49.72;55.6;31.83;NA;47.02;50.59;51.6;44.73;49.43;NA;NA;NA;
12;17;45.13;42.24;35.65;NA;40.17;41.04;42.17;47.35;38.88;NA;NA;NA;
12;18;19.09;31.23;13.75;NA;29.47;7.39;21.63;33.54;23.55;NA;NA;NA;
12;19;5.29;22.38;5.81;NA;29.3;8.72;32.22;24.51;28.29;NA;NA;NA;
12;20;2.76;15.02;1.33;NA;15.04;3.7;29.04;15.67;25.77;NA;NA;NA;
12;21;1.86;7;1.33;NA;12.24;0.26;21.84;2.11;10.64;NA;NA;NA;
12;22;9.02;2.13;7.7;NA;8.04;3.01;24.71;1.24;2.84;NA;NA;NA;
12;23;22.89;5.8;7.72;NA;21.61;3.29;27.09;0.76;1.4;NA;NA;NA;
13;0;9.58;1.55;8.16;NA;7.34;12.61;34.66;0.72;1.3;NA;NA;NA;
13;1;1.66;1.41;9.33;NA;10.05;12.44;37.14;ND;1.24;NA;NA;NA;
13;2;ND;ND;ND;NA;ND;13.15;ND;0.3;ND;NA;NA;NA;
13;3;1.45;0.9;4.55;NA;21.59;15.46;42.66;0.29;0.98;NA;NA;NA;
13;4;1.42;1.08;1.33;NA;13.05;5.99;38.99;0.54;1.09;NA;NA;NA;
13;5;1.41;1.99;2.79;NA;2.71;7.41;36.56;0.78;1.01;NA;NA;NA;
13;6;3.62;4.15;3.46;NA;3.89;2.19;29.01;1.46;3.27;NA;NA;NA;
13;7;22.1;18.78;15.54;NA;12.7;10.27;37.03;3.22;9.78;NA;NA;NA;
13;8;30.52;37.78;28.2;NA;34.99;34.1;42.94;16.63;26.16;NA;NA;NA;
13;9;52.25;56.47;39.43;NA;50.08;52.4;49.98;32.72;46.49;NA;NA;NA;
13;10;68.24;62.58;47.25;NA;54.93;53.22;57.05;46.55;52.32;NA;NA;NA;
13;11;68.9;64.33;51.74;NA;49.66;58.39;59.41;62.7;46.36;NA;NA;NA;
13;12;60.78;54.76;49.14;NA;46.29;52.84;47.16;39.98;38.8;NA;NA;NA;
13;13;54.44;51.92;40.84;NA;51.94;51.95;49.07;43.03;47.83;NA;NA;NA;
13;14;52.35;60.38;42.81;NA;52.78;45.97;55.6;41.5;52.11;NA;NA;NA;
13;15;44.78;57.28;45.31;NA;56.55;59.45;49.92;42.97;54.47;NA;NA;NA;
13;16;48.33;50.97;46.33;NA;43.3;46.7;52.91;44.23;54.16;NA;NA;NA;
13;17;42.5;42.04;33.14;NA;29.78;37.45;42.41;43.31;47.48;NA;NA;NA;
13;18;22.37;36.69;14.02;NA;17.19;12.62;25.75;36.47;38.71;NA;NA;NA;
13;19;12.82;34.46;3.42;NA;8.01;3.22;22.31;33.26;34.93;NA;NA;NA;
13;20;4.03;26.72;2.93;NA;13.68;2.93;23.27;31.98;31.63;NA;NA;NA;
13;21;2.54;20.01;0.96;NA;10.87;1.24;19.67;27.25;11.35;NA;NA;NA;
13;22;7.75;28.24;0.58;NA;1.9;0.56;29.08;25.57;14.31;NA;NA;NA;
13;23;2.51;34.55;0.63;NA;7.74;0.49;31.33;20.58;2.97;NA;NA;NA;
14;0;10.31;30.31;0.77;NA;15.4;10.41;31.94;25.55;7.03;NA;NA;NA;
14;1;22.25;30.93;0.57;NA;19.18;11.64;33.06;20.07;3.94;NA;NA;NA;
14;2;15.79;28.41;0.62;NA;4.37;ND;35.64;11.94;1.05;NA;NA;NA;
14;3;19.05;29.49;2.78;NA;3.9;0.66;33.69;17.04;0.19;NA;NA;NA;
14;4;14.59;27.29;2.19;NA;3.59;1.24;31.19;21.07;0.05;NA;NA;NA;
14;5;13.64;25.65;5.52;NA;5.36;2.44;29.34;9.96;0.35;NA;NA;NA;
14;6;6.85;15.53;4.32;NA;3.46;5.49;21.34;3.01;1.61;NA;NA;NA;
14;7;8.57;11.6;6.85;NA;7.34;6.05;26.45;4.95;3.66;NA;NA;NA;
14;8;14.04;12.91;11.52;NA;15.99;26.73;29.68;4.52;6.97;NA;NA;NA;
14;9;35.6;31.96;23.84;NA;39.15;48.13;46.18;12.22;10.4;NA;NA;NA;
14;10;56.38;60.25;47.72;NA;47.5;51.42;53.35;22.65;23.28;NA;NA;NA;
14;11;54.54;57.53;42.54;NA;42.13;49.32;54.73;41.87;56.01;NA;NA;NA;
14;12;62.14;64.01;48.35;NA;48.42;56.11;54.96;57.19;47.44;NA;NA;NA;
14;13;58.32;63.98;54.22;NA;54.43;62.05;52.32;58.95;58;NA;NA;NA;
14;14;53.43;56.25;48.49;NA;54.54;59.62;48.65;57.08;58.45;NA;NA;NA;
14;15;53.18;55.52;58.6;NA;55.24;61.97;51.58;61.24;46.76;NA;NA;NA;
14;16;46.48;57.05;54.3;NA;56.62;61.36;56.36;63.42;54.19;NA;NA;NA;
14;17;39.62;46.77;39.9;NA;42.44;51.42;36.81;48.28;51.53;NA;NA;NA;
14;18;ND;37.52;20.07;NA;22.46;21.27;22.52;40.71;39.57;NA;NA;NA;
14;19;23.41;31.21;9.2;NA;17.79;9.59;7.21;36.81;38.48;NA;NA;NA;
14;20;22.21;31.12;8.21;NA;11.69;7.94;11.07;36.12;29.66;NA;NA;NA;
14;21;12;35.07;12.94;NA;18.01;15.48;9.54;37.41;32.22;NA;NA;NA;
14;22;15.64;27.95;12.91;NA;13.53;16.65;15.88;33.63;24.51;NA;NA;NA;
14;23;20.71;31.71;18.47;NA;19.26;10.95;28.26;18.24;8.97;NA;NA;NA;
15;0;21.58;39.02;18.88;NA;18.94;12.05;26.22;23.36;12.23;NA;NA;NA;
15;1;20.24;36.36;16.09;NA;15.53;15.41;25.78;ND;18.11;NA;NA;NA;
15;2;ND;ND;ND;NA;ND;12.75;ND;22.75;ND;NA;NA;NA;
15;3;17.1;30.84;17.03;NA;20.05;16.81;21.7;31.64;17.14;NA;NA;NA;
15;4;15.79;27.08;20.44;NA;12.49;18.85;17.39;31.74;30.54;NA;NA;NA;
15;5;4.82;5.36;15.37;NA;9.38;17.18;3.25;28.91;23.99;NA;NA;NA;
15;6;2.59;7.74;4.22;NA;4.44;3.2;2.49;17.3;10.98;NA;NA;NA;
15;7;2.32;4.32;3.62;NA;6.57;2.5;9.58;8.91;4.88;NA;NA;NA;
15;8;10.34;17.8;15.73;NA;15.14;12.52;7.1;16.11;5.21;NA;NA;NA;
15;9;30.46;31.4;31.78;NA;19.08;27.73;38.05;25.52;10.86;NA;NA;NA;
15;10;31.59;31.86;23.6;NA;27.64;28.92;41.16;13.95;33.87;NA;NA;NA;
15;11;38.88;32.62;26.28;NA;36.56;37.91;45.55;18.2;35.3;NA;NA;NA;
15;12;46.64;46.32;38.38;NA;49.45;47.09;52.34;29.41;45.46;NA;NA;NA;
15;13;55.24;53.74;49.39;NA;53.82;55.6;55.31;38.92;55.83;NA;NA;NA;
15;14;60.62;ND;48.72;NA;48.19;55.99;58.34;52.83;59.54;NA;NA;NA;
15;15;64.34;ND;53.45;NA;51.97;61.55;61.28;59.32;64.67;NA;NA;NA;
15;16;51.42;47.37;44.93;NA;46.49;52.38;57.23;45.98;43.77;NA;NA;NA;
15;17;32.66;42.01;33.62;NA;34.85;36.55;42.28;46.94;37.02;NA;NA;NA;
15;18;15.45;28.88;20.19;NA;18.95;15.62;23.13;32.41;27.7;NA;NA;NA;
15;19;3.16;25.84;15.8;NA;11.16;9.56;24.06;31.33;30.6;NA;NA;NA;
15;20;1.86;25.29;17.72;NA;8.74;13.33;26.84;29.87;19.64;NA;NA;NA;
15;21;5.47;20.74;16.34;NA;8.31;13.37;5.48;15.24;21.07;NA;NA;NA;
15;22;9.6;20.33;34.07;NA;13.53;17.31;4.69;24.81;16.98;NA;NA;NA;
15;23;13.59;10.94;29.89;NA;16.47;10.55;7.32;21.84;1.78;NA;NA;NA;
16;0;4.93;13.9;10.45;NA;11.58;6.21;5.71;16.13;0.38;NA;NA;NA;
16;1;5.44;10.3;13.64;NA;8.34;2.33;7.54;5.26;1.19;NA;NA;NA;
16;2;ND;5.34;7.94;NA;6.54;ND;20.52;6.84;1.29;NA;NA;NA;
16;3;10.16;4.09;14.25;NA;14.69;4.78;9.57;0.84;0.09;NA;NA;NA;
16;4;3.48;3.04;10.86;NA;8.04;4.71;5.2;0.82;0.13;NA;NA;NA;
16;5;0.35;2.91;12.67;NA;7.17;9.17;1.76;0.06;0.23;NA;NA;NA;
16;6;4.56;5.61;13.34;NA;8.13;7.68;1.54;1.07;0.74;NA;NA;NA;
16;7;13.54;17.93;7.56;NA;8.29;6.42;25.8;5.37;2.82;NA;NA;NA;
16;8;19.18;13.81;10.3;NA;13.09;11.62;37.4;6.7;5.22;NA;NA;NA;
16;9;29.62;29.54;12.03;NA;16.7;12.89;41.55;10.9;9.93;NA;NA;NA;
16;10;44.67;47.36;24.42;NA;15.48;17.83;51.62;30.8;11.8;NA;NA;NA;
16;11;54.3;55.39;38.76;NA;27.2;31.37;46.67;50.11;28.11;NA;NA;NA;
16;12;62.56;59.52;50.03;NA;43.43;51.55;50.73;62.55;40.73;NA;NA;NA;
16;13;65.58;70.53;51.08;NA;61.07;56.89;ND;45.7;64.3;NA;NA;NA;
16;14;68.86;74.83;54.26;NA;56.75;63.13;ND;61.26;66.09;NA;NA;NA;
16;15;53.19;57.28;55.21;NA;56.04;62.53;57.91;66.49;57.34;NA;NA;NA;
16;16;54.07;55.55;52.61;NA;57.93;46.88;55.29;66.31;58.89;NA;NA;NA;
16;17;41.98;46.01;41.78;NA;46.75;37.06;53.5;49.76;44.43;NA;NA;NA;
16;18;34.25;32.01;27.91;NA;17.97;19.72;49.28;41.29;35.8;NA;NA;NA;
16;19;24.74;23.05;30.62;NA;16.07;18.39;45.9;29.8;29.6;NA;NA;NA;
16;20;10.84;15.45;25.9;NA;22.69;41.62;45.47;15.72;15.5;NA;NA;NA;
16;21;2.14;17.96;9.72;NA;26.35;28.32;47.92;16.03;19.12;NA;NA;NA;
16;22;7.91;4.68;12.12;NA;25.42;24.86;46.58;2.26;2.34;NA;NA;NA;
16;23;16.67;2.03;20.34;NA;8.45;31.59;52.43;0.95;1.48;NA;NA;NA;
17;0;25.27;1.31;20.74;NA;4.87;35.32;54.39;1.15;1.08;NA;NA;NA;
17;1;27.94;1.92;21.88;NA;7.18;26.61;35.59;ND;1.35;NA;NA;NA;
17;2;35.33;ND;ND;NA;ND;24.25;ND;1.03;ND;NA;NA;NA;
17;3;28.33;4.36;18.48;NA;4.59;15.03;33.72;0.43;0.86;NA;NA;NA;
17;4;7.85;3.23;15.78;NA;3.06;5.8;12.61;0.51;0.98;NA;NA;NA;
17;5;1.77;1.91;3.29;NA;2.89;2.45;24.43;0.54;1.35;NA;NA;NA;
17;6;4.11;4.37;3.37;NA;3.86;2.11;37.41;1.31;2.6;NA;NA;NA;
17;7;7.35;8.12;7.62;NA;8.11;9.25;30.25;3.45;7.39;NA;NA;NA;
17;8;36.04;21.06;17.27;NA;22.96;28.43;62.4;8.52;16.31;NA;NA;NA;
17;9;52.04;44.68;24.55;NA;47.18;51.57;69.88;40.07;48.81;NA;NA;NA;
17;10;67.95;71.34;55.18;NA;53.29;57.51;79.08;62.69;58.92;NA;NA;NA;
17;11;87.21;89.58;72.45;NA;64.87;73.49;73.71;74.7;61.36;NA;NA;NA;
17;12;94.1;88.73;71.24;NA;75.15;74.31;77.01;83.67;70.64;NA;NA;NA;
17;13;68.16;86.71;70.61;NA;69.19;83.46;78.44;84.28;84.54;NA;NA;NA;
17;14;66.01;78.64;68.83;NA;53.73;71.76;76.78;80.35;78.53;NA;NA;NA;
17;15;62.37;71.53;71.22;NA;42.35;57.48;59.14;77.58;67.12;NA;NA;NA;
17;16;60.7;68.58;43.11;NA;40.64;44.61;49.85;66.95;47.06;NA;NA;NA;
17;17;53.2;56.47;35.94;NA;38.86;50.14;39.12;55.81;42.68;NA;NA;NA;
17;18;38.32;45.02;6.09;NA;20.57;22.17;15.14;45.86;44.83;NA;NA;NA;
17;19;27.59;37.14;3.24;NA;9.63;4.32;25.83;36.75;42;NA;NA;NA;
17;20;9.91;32.95;4.33;NA;1.95;4.09;29.74;33.47;37.04;NA;NA;NA;
17;21;13.99;35.02;1.08;NA;2.81;5.61;21.26;37.41;39.53;NA;NA;NA;
17;22;11.24;32.65;2.55;NA;0.55;3.29;28.31;36.34;22.63;NA;NA;NA;
17;23;19.34;19.31;14.2;NA;19.8;13.55;30.85;19.04;24.73;NA;NA;NA;
18;0;19.9;30.43;21.07;NA;21.89;17.1;28.32;5.58;29.29;NA;NA;NA;
18;1;13.36;24.58;20.07;NA;30.62;20.75;29.81;9.84;6.8;NA;NA;NA;
18;2;ND;25.27;18.9;NA;25.76;ND;ND;2.82;3.75;NA;NA;NA;
18;3;13.49;14.48;10.1;NA;8.35;12.71;25.9;2.11;3.07;NA;NA;NA;
18;4;1.86;10.23;3.28;NA;3.1;12.86;15.79;0.39;1.71;NA;NA;NA;
18;5;1.39;3.98;0.71;NA;1.23;4.93;4.43;0.21;0.49;NA;NA;NA;
18;6;3.3;2.23;2.47;NA;2.99;1.99;17.31;1.64;2.22;NA;NA;NA;
18;7;10.6;13;8.1;NA;11.72;9.73;23.84;6.85;11.18;NA;NA;NA;
18;8;21.51;30.39;15.5;NA;29.52;23.53;56.61;19.93;28.29;NA;NA;NA;
18;9;37.86;40.16;42.3;NA;51.15;55.53;68.82;44.59;50.92;NA;NA;NA;
18;10;62.64;61.39;47.46;NA;52.72;54.43;73.9;68.31;42.94;NA;NA;NA;
18;11;73.82;68.81;54.5;NA;49.56;54.3;80.32;71.99;73.88;NA;NA;NA;
18;12;73.01;75.55;68.74;NA;66.96;76.75;76.84;74.34;79.75;NA;NA;NA;
18;13;ND;76.72;66.81;NA;67.42;75.95;80.56;75.51;81.95;NA;NA;NA;
18;14;ND;79.64;63.46;NA;70.59;74.42;83.4;75.39;ND;NA;NA;NA;
18;15;ND;81.81;68.84;NA;62.3;76.11;75.88;77.31;ND;NA;NA;NA;
18;16;65.7;71.38;64.45;NA;46.65;68.54;67;76.4;74.3;NA;NA;NA;
18;17;48.06;60.59;29.66;NA;47.4;50.16;50.43;52.19;40.44;NA;NA;NA;
18;18;26.98;52.36;18.61;NA;27.77;15.39;51.16;42.69;34.98;NA;NA;NA;
18;19;9.04;41.3;7.9;NA;35.1;17.29;33.14;29.95;22.42;NA;NA;NA;
18;20;12.34;29.51;19.82;NA;31.87;21.28;48.88;31.36;11.93;NA;NA;NA;
18;21;11.74;19.66;18.33;NA;28.28;31.52;48.13;25.96;15.84;NA;NA;NA;
18;22;14.63;16.76;13.92;NA;7.01;8.5;42.95;1.49;9.81;NA;NA;NA;
18;23;10.58;14.64;3.91;NA;3.1;18.47;18.87;1.58;1.64;NA;NA;NA;
19;0;5.89;15.4;18.66;NA;1.64;10.9;34.11;1.07;3.08;NA;NA;NA;
19;1;7.68;5.25;12.06;NA;2.25;16.27;27.38;ND;1.3;NA;NA;NA;
19;2;1.9;ND;ND;NA;ND;14.81;31.35;0.76;ND;NA;NA;NA;
19;3;2.08;37.99;9.43;NA;1.18;9.03;31.16;0.43;6.95;NA;NA;NA;
19;4;1.25;21.41;3.54;NA;1.12;2.9;27.71;0.23;2.3;NA;NA;NA;
19;5;3.05;7.91;1.86;NA;1.64;0.38;24.88;0.32;0.44;NA;NA;NA;
19;6;3.22;1.75;2.28;NA;3.1;1.27;5.79;1.29;2.15;NA;NA;NA;
19;7;14.52;11.15;9.38;NA;5.54;5.73;24.09;9.16;5.57;NA;NA;NA;
19;8;32.98;18.75;18.1;NA;28.38;21.25;47.6;22.1;19.67;NA;NA;NA;
19;9;44.15;48.53;33.71;NA;55.08;54.35;59.33;46.49;52.46;NA;NA;NA;
19;10;58;66.9;56.26;NA;64.67;62.55;72.73;77.41;46.14;NA;NA;NA;
19;11;79.79;79.37;69.48;NA;69.36;76.87;89.45;88.88;74.34;NA;NA;NA;
19;12;80.93;87.85;73.59;NA;72.56;ND;85.4;88.2;96.74;NA;NA;NA;
19;13;68.58;80.94;74.92;NA;57.18;ND;71.04;83.53;81.75;NA;NA;NA;
19;14;69.75;77.97;65.66;NA;64.74;ND;67.12;64.05;63.03;NA;NA;NA;
19;15;68.79;67.86;51.44;NA;55.84;66.18;47.57;59.21;30.75;NA;NA;NA;
19;16;58.23;60.91;33.38;NA;65.39;64.39;46.38;49.39;33.86;NA;NA;NA;
19;17;32.14;41.67;9.39;NA;40.46;36.94;33.27;40.64;20.96;NA;NA;NA;
19;18;17.98;35.56;2.1;NA;8.9;8.25;13.67;48.09;31.26;NA;NA;NA;
19;19;24.74;50.15;4.81;NA;3.08;0.12;4.4;48.56;20.95;NA;NA;NA;
19;20;36.32;60.51;6.54;NA;1.51;1.35;16.97;47.31;41.13;NA;NA;NA;
19;21;42;52.3;16.9;NA;8.07;15.66;28.67;49.1;40.25;NA;NA;NA;
19;22;52.12;41.83;14.63;NA;25.34;23.42;40.43;36.06;39.98;NA;NA;NA;
19;23;33.35;39.69;6.35;NA;25.44;18.43;49.72;22.62;2.57;NA;NA;NA;
20;0;29.2;38.61;19.56;NA;25.37;8.78;44.23;14.27;1.03;NA;NA;NA;
20;1;20.94;28.8;30.82;NA;22.82;23.02;48.03;6.53;0.41;NA;NA;NA;
20;2;ND;5.63;8.98;NA;15.74;ND;ND;3.38;1.76;NA;NA;NA;
20;3;3.26;12.53;7.31;NA;14.57;8.76;25.72;0.91;2.1;NA;NA;NA;
20;4;4.02;8.88;5.23;NA;8.51;3.06;4.43;0.61;1.96;NA;NA;NA;
20;5;8.61;3.22;0.88;NA;1.8;0.95;2.87;0.49;1.07;NA;NA;NA;
20;6;5.95;5.76;2.34;NA;3.05;1.8;16.55;1.35;2.37;NA;NA;NA;
20;7;12.98;21.3;12.9;NA;12.99;9.77;37.39;8.27;9.18;NA;NA;NA;
20;8;28.49;41.94;24.45;NA;27.75;31.76;38.01;16.58;24.8;NA;NA;NA;
20;9;59.51;69.86;33.35;NA;50.25;45.54;49.45;36.88;23.07;NA;NA;NA;
20;10;74.98;64.42;37.5;NA;29.57;35.11;52.22;46.36;36.11;NA;NA;NA;
20;11;75.75;74.78;44.49;NA;51.23;49.38;61.3;54.09;62.64;NA;NA;NA;
20;12;90.51;96.69;68.95;NA;49.67;70.65;78.83;68.62;61.65;NA;NA;NA;
20;13;84.72;84.48;81.08;NA;73.36;79.53;72.94;72.91;63.71;NA;NA;NA;
20;14;69.74;74.46;64.81;NA;46.68;61.05;58.61;59.34;50.13;NA;NA;NA;
20;15;54.05;61.99;46.91;NA;44.88;51.5;58.39;33.95;44.22;NA;NA;NA;
20;16;28.33;58.85;22.44;NA;45.37;37.32;42.97;57.2;48.9;NA;NA;NA;
20;17;20.12;57.87;30.21;NA;24.27;25.82;34.39;50.07;53.8;NA;NA;NA;
20;18;13.93;47.38;13.36;NA;13.78;18.45;31.11;51.97;52.02;NA;NA;NA;
20;19;5.93;29.38;13.08;NA;22.08;14.16;15.35;33.43;12.26;NA;NA;NA;
20;20;1.64;34.46;5.78;NA;19.38;5.6;2.33;12.26;3.54;NA;NA;NA;
20;21;1.64;11.83;8.9;NA;3.17;2.23;5.8;6.71;2.36;NA;NA;NA;
20;22;1.54;3.53;2.52;NA;2.07;0.32;18.73;1.81;3.77;NA;NA;NA;
20;23;1.32;13.57;5.44;NA;3.09;0.26;15.15;1.74;1.56;NA;NA;NA;
21;0;10.51;25;6.48;NA;2.99;3.3;25.84;0.7;1.18;NA;NA;NA;
21;1;2.4;9.78;5.78;NA;4.21;0.01;5.68;ND;1.03;NA;NA;NA;
21;2;8.47;ND;ND;NA;ND;0.28;0.26;0.34;ND;NA;NA;NA;
21;3;34.78;37.65;32.71;NA;4.08;6;0.78;0.18;0.37;NA;NA;NA;
21;4;36.73;40.8;26.76;NA;20.24;11.44;8.89;0.47;0.15;NA;NA;NA;
21;5;43.78;24.2;3.58;NA;20.87;7.82;12.76;0.66;0.4;NA;NA;NA;
21;6;9.34;3.18;3.12;NA;3.56;2.83;1.86;1.17;1.34;NA;NA;NA;
21;7;31.86;22.2;19.16;NA;13.55;9.83;14.75;4.52;5.67;NA;NA;NA;
21;8;49.79;48.28;29.69;NA;34.61;30.19;51.4;14.21;19.23;NA;NA;NA;
21;9;61.16;67.76;51.36;NA;59.36;61.49;63.85;38.85;40.98;NA;NA;NA;
21;10;81.49;83.51;71.45;NA;81.99;78.77;70.32;66.91;68.96;NA;NA;NA;
21;11;81.37;75.87;86.15;NA;83.01;89.85;86.2;89.15;61.07;NA;NA;NA;
21;12;88.61;89.88;81.32;NA;88.3;91.83;77.62;95.44;80.8;NA;NA;NA;
21;13;72.07;80.82;79.19;NA;61.79;82.56;48.53;90.49;67.63;NA;NA;NA;
21;14;60.25;58.26;67.46;NA;38.67;61.9;44.4;55.38;47.02;NA;NA;NA;
21;15;46.88;53.97;42.06;NA;32.87;29.01;35.71;32.28;16.28;NA;NA;NA;
21;16;42.02;48.54;27.5;NA;33.94;22.59;47.04;26.63;12.47;NA;NA;NA;
21;17;34.06;39.18;31.27;NA;26.78;23.92;30.87;19.06;13.48;NA;NA;NA;
21;18;26.87;34.15;37.71;NA;23.23;39.38;16.27;2;0.87;NA;NA;NA;
21;19;26.11;35.54;28.46;NA;12.5;38;20.19;13.96;1.78;NA;NA;NA;
21;20;37.2;46.58;34.09;NA;13.98;23.37;15.37;11.72;9.22;NA;NA;NA;
21;21;24.75;38.98;17.77;NA;16.23;2.89;7.59;14.4;1.68;NA;NA;NA;
21;22;23;36.83;30.97;NA;8.47;20.41;7.58;21.33;15.48;NA;NA;NA;
21;23;21.65;40.35;23.87;NA;18.37;13.4;15.05;13.42;1.22;NA;NA;NA;
22;0;16.07;22.02;13.67;NA;8.66;6.34;4.92;15.24;0.49;NA;NA;NA;
22;1;14.36;16.07;17.21;NA;6.19;18.6;6.74;12.92;2.82;NA;NA;NA;
22;2;ND;15.47;11.43;NA;3.02;ND;ND;8.03;5.2;NA;NA;NA;
22;3;11.82;17.36;13.16;NA;1.11;5.52;48.74;1.58;0.51;NA;NA;NA;
22;4;8.55;18.65;4.31;NA;3.8;2.24;49.74;0.6;0.84;NA;NA;NA;
22;5;8.53;20.23;1.01;NA;2.2;0.57;37.95;0.2;0.57;NA;NA;NA;
22;6;4.32;8.81;2.61;NA;1.91;1.18;7.19;0.75;1.13;NA;NA;NA;
22;7;7.45;9.62;3.28;NA;2.54;2.2;13.61;1.28;2.17;NA;NA;NA;
22;8;11;10.79;4.43;NA;4.27;2.88;18.95;2.88;6.2;NA;NA;NA;
22;9;15.88;12.9;14.81;NA;18.2;24.01;35.3;11.14;9.78;NA;NA;NA;
22;10;46.67;33.68;40.25;NA;49.91;52.42;48.46;29.35;23.58;NA;NA;NA;
22;11;51.29;50.71;23.85;NA;29.18;34.65;53.3;42.03;27.37;NA;NA;NA;
22;12;70.51;66.67;48.67;NA;43.05;42.37;44.52;48.69;40.52;NA;NA;NA;
22;13;59.93;58.02;44.22;NA;ND;57.63;45.35;ND;57.8;NA;NA;NA;
22;14;58.57;62.49;39.81;NA;ND;48.46;38.93;ND;51.5;NA;NA;NA;
22;15;48.94;55.51;25.81;NA;ND;38.55;41.46;54.19;44.46;NA;NA;NA;
22;16;40.56;42.93;13.7;NA;ND;20.26;26.74;24.39;32.98;NA;NA;NA;
22;17;37.33;43.98;8.55;NA;ND;7.8;19.85;20.61;21.92;NA;NA;NA;
22;18;12.53;25.82;2.97;NA;ND;3.42;14.88;13.72;13.35;NA;NA;NA;
22;19;12.6;24.74;7.87;NA;ND;7.67;16.37;11.55;33.56;NA;NA;NA;
22;20;5.34;11.29;5.16;NA;ND;1.87;13.3;4.99;13.74;NA;NA;NA;
22;21;1.1;2.34;0.84;NA;ND;3.64;16.24;0.29;0.54;NA;NA;NA;
22;22;0.78;1.06;2.6;NA;ND;0.36;0.37;0;0.57;NA;NA;NA;
22;23;1.54;0.83;8.35;NA;ND;0.51;5.49;0;0.09;NA;NA;NA;
23;0;16.89;1.43;3.3;NA;ND;0.09;31.09;0;0.08;NA;NA;NA;
23;1;13.04;1.49;7.29;NA;ND;0.4;14.29;0;0.43;NA;NA;NA;
23;2;19.11;ND;ND;NA;ND;0.75;29.43;0;ND;NA;NA;NA;
23;3;15.45;0.71;4.71;NA;ND;0.38;37.45;0.02;0.24;NA;NA;NA;
23;4;6.91;1.04;2.24;NA;ND;4.13;43.53;0;0.01;NA;NA;NA;
23;5;2.25;2.31;0.8;NA;ND;5.25;35.3;0.04;0.39;NA;NA;NA;
23;6;3.62;3.09;4.71;NA;ND;4.22;33.77;0.59;1.29;NA;NA;NA;
23;7;16.06;8.58;18.82;NA;ND;23.16;36.97;3.54;6.04;NA;NA;NA;
23;8;29.07;21.35;18.1;NA;ND;35.97;46;10.28;15.67;NA;NA;NA;
23;9;40.19;32.87;19.2;NA;ND;52.17;56.52;22.88;18.57;NA;NA;NA;
23;10;60.75;55.23;ND;NA;ND;45.98;64.84;43.71;48.93;NA;NA;NA;
23;11;66.11;71.81;ND;NA;ND;60.27;76.39;64.81;58.22;NA;NA;NA;
23;12;79.04;79.99;70.47;NA;ND;75.44;71.94;71.99;77.66;NA;NA;NA;
23;13;71.05;76.27;67.01;NA;ND;69.98;69.01;76.38;78.85;NA;NA;NA;
23;14;59.02;64.37;ND;NA;ND;68.8;53.49;76.52;54.7;NA;NA;NA;
23;15;47.14;46.73;44.9;NA;ND;38.62;27.92;42.38;21.58;NA;NA;NA;
23;16;33.51;36.62;27.81;NA;ND;16.05;11.46;15.17;22.34;NA;NA;NA;
23;17;31.59;37.59;10.26;NA;ND;7.25;22.12;2.96;24.27;NA;NA;NA;
23;18;25.32;36.1;1.13;NA;ND;2.23;9.17;1.48;3.69;NA;NA;NA;
23;19;23.91;25.34;0.67;NA;ND;0.31;6.26;7.23;1.88;NA;NA;NA;
23;20;15.31;27.43;0.4;NA;ND;0.25;1.62;16.82;1.25;NA;NA;NA;
23;21;5.17;30.27;1.43;NA;ND;0.14;0.1;18.93;0.92;NA;NA;NA;
23;22;18.29;30.83;14.45;NA;ND;7.13;3.06;22.46;2.91;NA;NA;NA;
23;23;7.09;30.98;11.5;NA;ND;13.84;7.97;36.01;0.91;NA;NA;NA;
24;0;21.38;35.03;24.92;NA;ND;27.74;12.24;32.16;3.21;NA;NA;NA;
24;1;27.79;34.81;28.8;NA;ND;26.2;20.91;ND;6.27;NA;NA;NA;
24;2;ND;41.38;23.16;NA;ND;ND;ND;1.19;11.25;NA;NA;NA;
24;3;36.53;34.95;19.16;NA;ND;21.42;20.6;1.1;11.72;NA;NA;NA;
24;4;28.01;30.26;16.37;NA;ND;8.81;22.27;1.02;11.79;NA;NA;NA;
24;5;6.56;16.36;5.19;NA;ND;12.06;1.04;0.37;0.79;NA;NA;NA;
24;6;2.53;3.75;1.89;NA;ND;2.66;2.96;1.3;2.61;NA;NA;NA;
24;7;13.81;14.72;11.13;NA;ND;10.41;22.04;4.52;6.77;NA;NA;NA;
24;8;29.15;36.16;26.68;NA;ND;26.53;45.38;14.91;24.3;NA;NA;NA;
24;9;53.53;70.38;44.99;NA;ND;50.76;53.47;41.8;40.87;NA;NA;NA;
24;10;70.02;79.54;60.8;NA;ND;64.51;71.88;ND;41.2;NA;NA;NA;
24;11;78.37;76.13;63.3;NA;ND;71.09;69.53;63.55;ND;NA;NA;NA;
24;12;72.71;67.81;67.51;NA;ND;73.23;67.59;60.35;ND;NA;NA;NA;
24;13;69.58;69.62;64.53;NA;ND;71.19;67.04;56.82;60.38;NA;NA;NA;
24;14;68.4;69.6;55.56;NA;ND;66.05;57.72;ND;57.55;NA;NA;NA;
24;15;60.23;65.96;51.5;NA;ND;65.09;55.48;57.82;59.55;NA;NA;NA;
24;16;52.67;56.54;42.95;NA;ND;56.55;57.35;55.8;58.6;NA;NA;NA;
24;17;41.99;43.33;30.1;NA;ND;36.19;49.28;48.75;49.46;NA;NA;NA;
24;18;29.15;41.95;25.92;NA;ND;20.14;31.79;36.09;42.21;NA;NA;NA;
24;19;7.29;30.39;12.39;NA;ND;27.85;22.89;11.6;22.06;NA;NA;NA;
24;20;7.93;22.65;4.24;NA;ND;15.03;12.57;12.08;14.08;NA;NA;NA;
24;21;15.88;27.89;5.34;NA;ND;8.18;9;3.58;1.52;NA;NA;NA;
24;22;30.91;36.5;34.25;NA;ND;8.15;37.27;1.55;1.14;NA;NA;NA;
24;23;37.75;33.04;46.46;NA;ND;29.37;22.2;0.55;1.2;NA;NA;NA;
25;0;44.96;40.81;49.36;NA;ND;43.16;36.94;2.4;0.79;NA;NA;NA;
25;1;44.99;41.82;46.05;NA;ND;37.62;36.44;1.07;0.72;NA;NA;NA;
25;2;39.44;ND;ND;NA;ND;24.16;44.26;0.25;ND;NA;NA;NA;
25;3;32.18;5.25;31.39;NA;ND;17.7;50.08;0.21;1.25;NA;NA;NA;
25;4;13.87;8.97;14.74;NA;ND;23.75;48.03;0.4;0.75;NA;NA;NA;
25;5;12.95;4.65;4.17;NA;ND;24.86;44.45;0.53;0.94;NA;NA;NA;
25;6;5.44;3.98;24.07;NA;ND;20.79;40.19;1.79;2.62;NA;NA;NA;
25;7;22.85;18.33;34.3;NA;ND;31.99;47;4.01;10.69;NA;NA;NA;
25;8;49.2;33.96;51.03;NA;ND;55.2;56.79;21.87;36.92;NA;NA;NA;
25;9;54.85;66.13;57.37;NA;ND;61.42;65.41;51.47;63.82;NA;NA;NA;
25;10;74.96;78.96;67.06;NA;ND;66.89;77.28;73.51;47.79;NA;NA;NA;
25;11;88.46;ND;76.18;NA;ND;ND;80.66;83.9;78.9;NA;NA;NA;
25;12;79.33;ND;79.44;NA;ND;ND;87.14;82.8;80.03;NA;NA;NA;
25;13;58.39;57.27;69.46;NA;ND;71.21;73.76;76.85;60.53;NA;NA;NA;
25;14;54.44;54.83;60.66;NA;ND;64.23;62.09;64.51;66.1;NA;NA;NA;
25;15;56.45;52.37;57.17;NA;ND;67.41;60.43;53.66;63.71;NA;NA;NA;
25;16;52.28;48.49;48.35;NA;ND;49.08;42.3;47.03;56.98;NA;NA;NA;
25;17;46.04;43.26;27.21;NA;ND;30.74;28.47;38.11;43.31;NA;NA;NA;
25;18;28.38;31.58;7.3;NA;ND;17.27;28.89;28.76;32.76;NA;NA;NA;
25;19;11.89;27.36;3.75;NA;ND;5.57;16.85;24.68;19.56;NA;NA;NA;
25;20;3.89;21.38;4.12;NA;ND;3.48;23.01;20.61;22.07;NA;NA;NA;
25;21;13.08;28.44;0.93;NA;ND;0.67;14.31;14.74;17.74;NA;NA;NA;
25;22;2.83;12.36;0.84;NA;ND;0.11;20.19;1.65;6.95;NA;NA;NA;
25;23;1.03;2.88;0.81;NA;ND;3.76;34.07;2.91;4.65;NA;NA;NA;
26;0;1.13;0.75;2.91;NA;ND;18.91;44.58;1.08;0.2;NA;NA;NA;
26;1;6.05;0.61;20.43;NA;ND;25.83;45.7;ND;1.2;NA;NA;NA;
26;2;ND;0.47;22.66;NA;ND;ND;ND;0;0.63;NA;NA;NA;
26;3;12.95;0.33;16.74;NA;ND;20.1;46.9;0;0.49;NA;NA;NA;
26;4;3.37;1.96;3.09;NA;ND;8.5;46.71;0.05;0.47;NA;NA;NA;
26;5;1.52;2.63;1.18;NA;ND;27.08;42.65;0.08;0.79;NA;NA;NA;
26;6;3.56;2.53;4.78;NA;ND;5.56;39.28;1.12;2.36;NA;NA;NA;
26;7;16.42;9.18;7.71;NA;ND;14.47;45.48;3.96;7.51;NA;NA;NA;
26;8;24.62;22.09;20.35;NA;ND;40.15;50.79;12.93;27.53;NA;NA;NA;
26;9;37.51;42.78;33.44;NA;ND;65.38;57.9;34.68;31.41;NA;NA;NA;
26;10;67.84;61;50.45;NA;ND;61.85;ND;59.27;24.16;NA;NA;NA;
26;11;83.02;78.08;75.18;NA;ND;70.99;ND;83.28;71.11;NA;NA;NA;
26;12;81.14;79.57;84.31;NA;ND;80.72;78.62;88.62;92.52;NA;NA;NA;
26;13;67.84;81.74;75.08;NA;ND;80.42;61.87;86.09;94.4;NA;NA;NA;
26;14;63.64;80.14;66.51;NA;ND;57.52;ND;74.04;64.9;NA;NA;NA;
26;15;58.69;68.16;57.5;NA;ND;44.89;65.9;60.77;59.59;NA;NA;NA;
26;16;57.33;64.83;28.04;NA;ND;21.27;38.77;22.19;17.83;NA;NA;NA;
26;17;22.16;44.8;8.74;NA;ND;5.61;21.92;25.73;9.95;NA;NA;NA;
26;18;11.46;25.43;2.7;NA;ND;24.89;18.64;10.91;2.84;NA;NA;NA;
26;19;4.08;23.8;11.73;NA;ND;35.12;8.53;0.81;1.73;NA;NA;NA;
26;20;1.66;11.73;1.03;NA;ND;12.01;4.61;1.45;1.64;NA;NA;NA;
26;21;2.09;2.05;1.74;NA;ND;9.28;9.03;1.71;1.08;NA;NA;NA;
26;22;1.77;1.51;7.06;NA;ND;8.27;41.77;0.05;0.84;NA;NA;NA;
26;23;1.75;1.04;38.1;NA;ND;17.2;45.53;0.04;0.37;NA;NA;NA;
27;0;1.17;0.78;45.63;NA;ND;35.17;49.2;0.02;0.43;NA;NA;NA;
27;1;0.74;0.66;35.23;NA;ND;32.56;51.02;0.2;0.25;NA;NA;NA;
27;2;0.59;ND;ND;NA;ND;36.95;53.09;0.04;ND;NA;NA;NA;
27;3;1.23;1.2;49.43;NA;ND;31.78;50.02;0.1;0.25;NA;NA;NA;
27;4;0.96;0.97;23.31;NA;ND;11.74;48.37;0.23;0.48;NA;NA;NA;
27;5;1.17;1.62;2.06;NA;ND;1.09;42.58;0.06;0.73;NA;NA;NA;
27;6;2.89;4.62;11.25;NA;ND;11.16;37.43;1.2;1.41;NA;NA;NA;
27;7;16.51;9.8;18.28;NA;ND;21.85;41.18;1.92;4.94;NA;NA;NA;
27;8;24.4;31.41;43.95;NA;ND;51.18;55.88;3.81;20.17;NA;NA;NA;
27;9;50.48;50.15;63.23;NA;ND;69.12;70.67;17.27;33.75;NA;NA;NA;
27;10;75.77;84.13;74.59;NA;ND;79.13;78.14;46.45;31.85;NA;NA;NA;
27;11;89.26;96.87;88.12;NA;ND;89.64;88.49;79.86;71.77;NA;NA;NA;
27;12;94.31;100.72;91.02;NA;ND;97.08;87.43;84.34;95.37;NA;NA;NA;
27;13;99.61;106.33;85.03;NA;ND;94.26;86.22;84.69;100.84;NA;NA;NA;
27;14;76.52;82.7;81.2;NA;ND;89.49;87.2;95.96;84.48;NA;NA;NA;
27;15;64.66;69.63;85.13;NA;ND;77.11;57.08;71.02;66.73;NA;NA;NA;
27;16;62.18;66.15;68.01;NA;ND;56.33;65.47;52.35;54.4;NA;NA;NA;
27;17;55.26;57.91;45.23;NA;ND;39.03;50.75;17.41;29.07;NA;NA;NA;
27;18;48.17;42.24;25.22;NA;ND;17.41;20.28;16.9;17.48;NA;NA;NA;
27;19;3.94;19.17;11.07;NA;ND;14.52;25.65;5.69;1.68;NA;NA;NA;
27;20;1.86;7.84;2.86;NA;ND;4.11;39.9;1.11;0.97;NA;NA;NA;
27;21;1.48;3.53;5.1;NA;ND;2.57;43.31;2;0.64;NA;NA;NA;
27;22;1.39;7.59;39.18;NA;ND;21.99;49.11;0.09;0.6;NA;NA;NA;
27;23;1.51;8.23;49.86;NA;ND;27.44;57.61;0.02;0.69;NA;NA;NA;
28;0;2.25;1.34;60.75;NA;ND;47.45;63.18;0.35;0.5;NA;NA;NA;
28;1;8.14;0.82;62.75;NA;ND;35.73;63.86;ND;0.5;NA;NA;NA;
28;2;12.52;7.23;59.36;NA;ND;ND;ND;0.01;0.15;NA;NA;NA;
28;3;18.96;5.14;63.76;NA;ND;48.38;61.98;0.18;1.18;NA;NA;NA;
28;4;22.72;5.09;65.45;NA;ND;41.67;63.29;0.13;0.71;NA;NA;NA;
28;5;21.61;1.99;61.84;NA;ND;22.97;63.02;0.03;0.38;NA;NA;NA;
28;6;10.94;3.83;62.22;NA;ND;31.41;55.58;0.99;2.41;NA;NA;NA;
28;7;33.54;28.24;55.96;NA;ND;50.09;61.38;4.41;14.33;NA;NA;NA;
28;8;58.16;59.86;59.43;NA;ND;64.83;64.46;4.86;17.6;NA;NA;NA;
28;9;70.45;73.25;67.86;NA;ND;70.84;69.68;28.31;32.08;NA;NA;NA;
28;10;74.33;77.51;66.76;NA;ND;71.27;71.97;48.39;69.04;NA;NA;NA;
28;11;76.73;80.31;66.65;NA;ND;71.68;76.03;64.67;67.02;NA;NA;NA;
28;12;69.81;70.52;72.92;NA;ND;75.32;75.23;69.23;69.83;NA;NA;NA;
28;13;72.34;73.76;77.77;NA;ND;76.52;73.27;68.79;70.28;NA;NA;NA;
28;14;60.51;64.26;65.86;NA;ND;69.04;64.9;74.23;75.11;NA;NA;NA;
28;15;60.56;62.91;68.83;NA;ND;71.83;53.21;68.02;61.95;NA;NA;NA;
28;16;56.29;59.26;61.24;NA;ND;65.37;53.02;63.79;62.37;NA;NA;NA;
28;17;49.3;50.27;49.44;NA;ND;50.53;36.39;48.24;58.37;NA;NA;NA;
28;18;35.93;44.1;39.3;NA;ND;35.97;27.47;38.82;28.4;NA;NA;NA;
28;19;19.93;35.36;30.69;NA;ND;37.73;19.18;28.12;26.83;NA;NA;NA;
28;20;14.14;31.41;26.56;NA;ND;30.26;22.71;15.71;20.12;NA;NA;NA;
28;21;10.31;29.51;46.96;NA;ND;28.78;42.82;15.05;2.69;NA;NA;NA;
28;22;36.39;23.36;43.13;NA;ND;17.26;54.35;15.77;2.32;NA;NA;NA;
28;23;49.14;27.49;42.33;NA;ND;10.45;60.89;5.09;0.59;NA;NA;NA;
29;0;48.49;42.1;25.04;NA;ND;26.51;53.99;1.8;0.29;NA;NA;NA;
29;1;49.22;46.33;19.73;NA;ND;49.03;55.47;1.72;0.67;NA;NA;NA;
29;2;46.78;ND;ND;NA;ND;49.03;55.08;0.05;ND;NA;NA;NA;
29;3;37.41;17.8;54.84;NA;ND;49.13;56.16;0;0.49;NA;NA;NA;
29;4;13.02;4.14;54.8;NA;ND;46.73;54.33;0;1.9;NA;NA;NA;
29;5;4.19;1.76;52.33;NA;ND;40.51;52.32;0.25;0.86;NA;NA;NA;
29;6;15.03;3.5;37.79;NA;ND;23.48;50.33;1.54;2.2;NA;NA;NA;
29;7;47.82;18.15;47.15;NA;ND;35.84;55.29;10.38;15.92;NA;NA;NA;
29;8;61.92;50.17;55.7;NA;ND;58.56;64.3;31.33;31.11;NA;NA;NA;
29;9;71.13;62.96;68.95;NA;ND;74.65;67.6;63.64;62.77;NA;NA;NA;
29;10;79.45;69.18;70.83;NA;ND;76.6;71.82;69.48;82.6;NA;NA;NA;
29;11;80.52;70.25;67.73;NA;ND;78.25;71.24;66.91;85.32;NA;NA;NA;
29;12;71.66;65.02;63.23;NA;ND;73.08;72.16;65.66;77.66;NA;NA;NA;
29;13;75.7;54.91;69.03;NA;ND;78.48;79.79;64.28;76.46;NA;NA;NA;
29;14;65.11;38.49;63.25;NA;ND;70.14;70.04;58.34;69.52;NA;NA;NA;
29;15;57.73;46.03;62.06;NA;ND;63.25;60.95;62.06;64.78;NA;NA;NA;
29;16;59.92;43.82;60.32;NA;ND;58.91;44.27;59.87;48.23;NA;NA;NA;
29;17;57.35;37.58;43.85;NA;ND;46.99;34.64;53.59;29.17;NA;NA;NA;
29;18;46.44;28.57;51.31;NA;ND;27.99;13.08;39.56;47.52;NA;NA;NA;
29;19;46.09;21.56;32.57;NA;ND;14.43;28.07;24.57;36.79;NA;NA;NA;
29;20;18.4;18.52;23.54;NA;ND;10.87;41.66;28.61;26.83;NA;NA;NA;
29;21;24.84;18.61;22.03;NA;ND;27.19;46.33;6.83;6.4;NA;NA;NA;
29;22;33;15.97;30.8;NA;ND;32.59;50.7;2.48;1.81;NA;NA;NA;
29;23;34.09;19.59;43.66;NA;ND;42.56;53.44;0.67;1.56;NA;NA;NA;
30;0;43.39;16.31;48.66;NA;ND;46.32;53.57;6.45;1.13;NA;NA;NA;
30;1;58.09;15.71;60.22;NA;ND;49.35;54.84;ND;7.35;NA;NA;NA;
30;2;58.7;13.74;57.34;NA;ND;ND;ND;15.47;7.9;NA;NA;NA;
30;3;57.99;13.99;60.32;NA;ND;51.28;56.14;11.78;1.73;NA;NA;NA;
30;4;18.95;12;60.77;NA;ND;46.98;55.59;3.78;6.62;NA;NA;NA;
30;5;7.87;1.43;55.14;NA;ND;31.76;52.81;1.85;3.47;NA;NA;NA;
30;6;6.39;1.65;28.56;NA;ND;25.83;51.92;4.07;3.25;NA;NA;NA;
30;7;41.85;2.11;51.18;NA;ND;41.79;59.71;10.68;17.87;NA;NA;NA;
30;8;67.32;8.49;61.96;NA;ND;66.71;71.29;35.28;52.08;NA;NA;NA;
30;9;78.8;31.05;74.88;NA;ND;83.57;76.79;82.35;86.2;NA;NA;NA;
30;10;86.21;58.61;74.34;NA;ND;83.81;79.44;77.35;81.07;NA;NA;NA;
30;11;81.84;63.39;70.62;NA;ND;83.37;75.11;74.53;79.47;NA;NA;NA;
30;12;78.62;57.05;69.81;NA;ND;76.47;73.86;71.19;74.83;NA;NA;NA;
30;13;77.3;56.21;66.36;NA;ND;72.41;71.17;69.83;71.8;NA;NA;NA;
30;14;78.36;49.9;65.75;NA;ND;69.14;64.83;66.01;66.88;NA;NA;NA;
30;15;71.95;49.37;62.23;NA;ND;67.88;61.97;64.04;66.13;NA;NA;NA;
30;16;65.65;47.4;57.14;NA;ND;62.18;56.01;64.47;66.74;NA;NA;NA;
30;17;60.29;44.07;48.42;NA;ND;60.37;55.53;61.31;65.62;NA;NA;NA;
30;18;47.93;34.59;40.67;NA;ND;49.67;49;56.55;54.32;NA;NA;NA;
30;19;39.62;19.43;35.74;NA;ND;34.74;40.87;45.22;24.07;NA;NA;NA;
30;20;25.95;11;36.27;NA;ND;12.51;42.63;27.93;8.15;NA;NA;NA;
30;21;23.48;11.88;20.32;NA;ND;16.84;53.44;3.54;6.09;NA;NA;NA;
30;22;16.22;14.39;31.06;NA;ND;25.05;54.5;1.73;2.52;NA;NA;NA;
30;23;39.4;20.58;45.74;NA;ND;35.9;56.83;19.79;1.94;NA;NA;NA;
