DIA;HORA;Cotocollao;Carapungo;Belisario;Jipijapa;El Camal;Centro;Guamaní;Tumbaco;Los Chillos;El Condado;Turubamba;Chillogallo;
1;0;0.9;1.56;2.61;NA;0.44;3.16;ND;ND;10.2;NA;NA;NA;
1;1;2.37;ND;ND;NA;ND;ND;ND;ND;ND;NA;NA;NA;
1;2;2.63;1.38;2.9;NA;0.08;3.33;ND;ND;1.38;NA;NA;NA;
1;3;1.52;1.04;2.21;NA;0.29;2.92;ND;ND;1.99;NA;NA;NA;
1;4;1.02;0.74;1.18;NA;0.69;2.44;ND;ND;1.66;NA;NA;NA;
1;5;1.11;0.88;1.14;NA;3.18;2.16;ND;ND;1.21;NA;NA;NA;
1;6;1.69;0.97;0.84;NA;2.56;2.27;ND;ND;0.7;NA;NA;NA;
1;7;2.36;2.14;0.8;NA;2.06;2.57;ND;ND;8.94;NA;NA;NA;
1;8;1.86;2.34;1.22;NA;2.23;2.41;ND;ND;9.19;NA;NA;NA;
1;9;1.67;2.34;1.81;NA;3.03;2.19;ND;ND;46.68;NA;NA;NA;
1;10;1.38;1.99;2.26;NA;1.76;1.74;ND;ND;42.26;NA;NA;NA;
1;11;0.95;1.68;2.33;NA;2.77;1.71;ND;ND;28.35;NA;NA;NA;
1;12;0.78;1.25;2.12;NA;1.48;1.55;ND;ND;20.25;NA;NA;NA;
1;13;0.87;1.07;1.82;NA;1.19;1.53;ND;ND;3.45;NA;NA;NA;
1;14;0.64;1.02;1.89;NA;0.8;1.74;ND;ND;4.33;NA;NA;NA;
1;15;1.24;1.69;2.06;NA;0.43;2.09;ND;ND;4.77;NA;NA;NA;
1;16;1.6;1.61;2.38;NA;0.36;2.28;ND;ND;1.91;NA;NA;NA;
1;17;1.13;1.6;2.6;NA;0.57;2.27;ND;ND;4.39;NA;NA;NA;
1;18;1.35;3.03;2.17;NA;0.91;2.48;ND;ND;10.39;NA;NA;NA;
1;19;1.58;2.08;1.54;NA;1.86;2.34;ND;ND;22.56;NA;NA;NA;
1;20;1.22;1.18;1.24;NA;2.16;2.11;ND;ND;4.03;NA;NA;NA;
1;21;0.85;0.89;1.52;NA;1.03;2.25;ND;ND;21.74;NA;NA;NA;
1;22;0.66;ND;1.66;NA;0.43;2.1;ND;ND;10.62;NA;NA;NA;
1;23;0.74;ND;1.31;NA;0.44;1.87;ND;ND;3.06;NA;NA;NA;
2;0;1.01;ND;3.16;NA;0.18;2.05;ND;ND;8.46;NA;NA;NA;
2;1;ND;ND;2.03;NA;1.19;1.99;ND;ND;2.68;NA;NA;NA;
2;2;1.16;ND;2.96;NA;19.82;2.36;ND;ND;9.78;NA;NA;NA;
2;3;0.98;ND;2.37;NA;8.16;2.05;ND;ND;7.68;NA;NA;NA;
2;4;1.15;ND;1.2;NA;3.13;2.1;ND;ND;4.56;NA;NA;NA;
2;5;1.22;ND;1.26;NA;5.7;2.4;ND;ND;11;NA;NA;NA;
2;6;2.97;ND;2.71;NA;11.19;2.74;ND;ND;11.64;NA;NA;NA;
2;7;2.75;ND;3.2;NA;66.84;3.93;ND;ND;9;NA;NA;NA;
2;8;1.87;ND;5.14;NA;32.05;5.01;ND;ND;8.56;NA;NA;NA;
2;9;2.58;ND;11.47;NA;12.99;7.55;ND;ND;8.01;NA;NA;NA;
2;10;2.08;ND;6.98;NA;13.97;5.91;ND;ND;9.61;NA;NA;NA;
2;11;2.07;ND;6.64;NA;9.9;4.43;ND;ND;3.64;NA;NA;NA;
2;12;1.71;ND;4.95;NA;4.18;4.81;ND;ND;4.76;NA;NA;NA;
2;13;0.99;ND;3.51;NA;1.4;3.84;ND;ND;19.4;NA;NA;NA;
2;14;0.66;ND;2.31;NA;1.05;2.43;ND;ND;1.53;NA;NA;NA;
2;15;0.58;ND;1.75;NA;1.04;2.85;ND;0.62;14.83;NA;NA;NA;
2;16;0.71;ND;1.78;NA;0.79;3.18;ND;0.43;5.56;NA;NA;NA;
2;17;0.78;ND;1.96;NA;0.79;3.04;ND;0.49;1.42;NA;NA;NA;
2;18;0.69;ND;1.66;NA;0.89;2.59;ND;0.56;1.46;NA;NA;NA;
2;19;0.97;ND;0.84;NA;0.84;2.35;ND;0.36;2.45;NA;NA;NA;
2;20;0.98;ND;1.18;NA;0.85;2.51;ND;0.3;2.78;NA;NA;NA;
2;21;0.98;ND;0.83;NA;1.22;2.21;ND;0.29;1.34;NA;NA;NA;
2;22;0.94;ND;0.79;NA;0.71;2.09;ND;0.17;1.19;NA;NA;NA;
2;23;0.68;ND;0.8;NA;0.42;1.93;ND;0.18;5.67;NA;NA;NA;
3;0;0.9;ND;0.9;NA;0.22;1.72;ND;ND;14.79;NA;NA;NA;
3;1;0.65;ND;ND;NA;ND;ND;ND;0.09;ND;NA;NA;NA;
3;2;1.04;ND;0.79;NA;0.28;1.97;ND;0.16;1.69;NA;NA;NA;
3;3;0.68;ND;0.55;NA;0.43;1.68;ND;0.11;1.16;NA;NA;NA;
3;4;0.6;ND;0.78;NA;1.83;1.47;ND;0.1;12.34;NA;NA;NA;
3;5;0.7;ND;0.62;NA;2.17;1.52;ND;0.15;7.87;NA;NA;NA;
3;6;0.77;ND;0.85;NA;1.46;1.43;ND;0.1;3.57;NA;NA;NA;
3;7;0.85;ND;1.06;NA;1.41;1.64;ND;0.12;4.22;NA;NA;NA;
3;8;1.3;ND;0.97;NA;2.24;1.93;ND;0.41;24.84;NA;NA;NA;
3;9;1.26;ND;0.9;NA;3.73;1.95;ND;0.2;44.04;NA;NA;NA;
3;10;1.15;ND;2.05;NA;2.03;1.89;ND;0.26;84.05;NA;NA;NA;
3;11;1.4;ND;1.64;NA;2.14;1.42;ND;0.29;46.33;NA;NA;NA;
3;12;1.26;ND;2.26;NA;1.85;1.23;ND;0.31;33.82;NA;NA;NA;
3;13;1.5;ND;2.63;NA;2.15;1.01;ND;0.19;27.15;NA;NA;NA;
3;14;1.39;ND;2.34;NA;1.77;1.08;ND;0.25;18.62;NA;NA;NA;
3;15;1.11;ND;1.56;NA;2.11;1.8;ND;0.29;9.47;NA;NA;NA;
3;16;0.79;ND;2.07;NA;1.28;1.76;ND;0.1;20.96;NA;NA;NA;
3;17;0.82;ND;2.45;NA;0.96;1.51;ND;0.35;11.01;NA;NA;NA;
3;18;1.04;ND;1.03;NA;1.92;1.49;ND;0.28;2.33;NA;NA;NA;
3;19;1.73;ND;1.07;NA;1.21;1.92;ND;0.25;3.48;NA;NA;NA;
3;20;1.27;ND;1.01;NA;2.89;1.95;ND;0.17;6.4;NA;NA;NA;
3;21;1.07;ND;0.94;NA;3.2;1.71;ND;0.09;1.82;NA;NA;NA;
3;22;0.67;ND;1.17;NA;5.28;1.62;ND;0.05;16.98;NA;NA;NA;
3;23;0.9;ND;1.8;NA;6.24;1.52;ND;0.08;3.6;NA;NA;NA;
4;0;1.27;ND;1.06;NA;1.43;1.33;ND;0.02;1.19;NA;NA;NA;
4;1;ND;ND;0.83;NA;2.43;1.24;ND;0.04;1.33;NA;NA;NA;
4;2;0.85;ND;0.94;NA;1.18;1.09;ND;0.1;3.9;NA;NA;NA;
4;3;1.08;ND;1.72;NA;1.51;1.19;ND;0.06;2.19;NA;NA;NA;
4;4;0.88;ND;1;NA;3.03;1.14;ND;0.13;3.14;NA;NA;NA;
4;5;1.34;ND;2.48;NA;5.29;1.33;ND;0.22;1.72;NA;NA;NA;
4;6;1.47;ND;4.29;NA;5.71;ND;ND;0.59;3.15;NA;NA;NA;
4;7;1.74;ND;3.5;NA;6.76;5.05;ND;0.4;2.05;NA;NA;NA;
4;8;3.89;ND;4.75;NA;6.78;4.51;ND;0.22;2.68;NA;NA;NA;
4;9;3.63;ND;6.49;NA;5.71;4.24;ND;1.65;3.12;NA;NA;NA;
4;10;3.37;ND;8.71;NA;5.44;3.81;ND;1.28;22.57;NA;NA;NA;
4;11;1.02;ND;4;NA;7.63;2.86;ND;0.74;18.83;NA;NA;NA;
4;12;0.88;ND;2.49;NA;2.45;2.38;ND;0.32;11.16;NA;NA;NA;
4;13;0.68;ND;1.21;NA;1.42;2.92;ND;0.75;1.28;NA;NA;NA;
4;14;0.72;ND;1.82;NA;1.19;4.23;ND;0.44;23.72;NA;NA;NA;
4;15;0.54;ND;1.67;NA;0.93;4;ND;0.44;7.3;NA;NA;NA;
4;16;0.89;ND;4.53;NA;0.85;4.97;ND;0.45;2.85;NA;NA;NA;
4;17;1.27;ND;5.51;NA;0.9;5.18;ND;0.45;5.37;NA;NA;NA;
4;18;2.19;ND;6.1;NA;1.78;5.76;ND;0.39;7.01;NA;NA;NA;
4;19;1.56;ND;3.21;NA;1.57;5.2;ND;0.25;1.59;NA;NA;NA;
4;20;1.11;ND;3.11;NA;2.78;4.67;ND;0.25;1.29;NA;NA;NA;
4;21;1.16;ND;2.41;NA;1.06;4.21;ND;0.2;7.46;NA;NA;NA;
4;22;1.03;ND;2.29;NA;0.43;3.82;ND;0.1;7.93;NA;NA;NA;
4;23;2;ND;1.82;NA;0.61;3.66;ND;0.11;2.9;NA;NA;NA;
5;0;1.31;ND;0.98;NA;0.48;3.36;ND;ND;3.91;NA;NA;NA;
5;1;1.47;ND;ND;NA;ND;ND;ND;0.1;ND;NA;NA;NA;
5;2;2.02;ND;0.84;NA;0.34;3.65;ND;0.1;0.8;NA;NA;NA;
5;3;1.83;ND;0.84;NA;1.47;3;ND;0.01;1.08;NA;NA;NA;
5;4;1.38;ND;1.72;NA;0.93;3.02;ND;0.09;3.25;NA;NA;NA;
5;5;1.22;ND;1.93;NA;0.45;3.09;ND;0.05;0.97;NA;NA;NA;
5;6;2.01;ND;2.83;NA;2.25;3.43;ND;0.16;1.51;NA;NA;NA;
5;7;1.78;ND;2.93;NA;1.73;3.38;ND;0.36;6.61;NA;NA;NA;
5;8;3.52;ND;3.43;NA;2.19;3.47;ND;ND;15.24;NA;NA;NA;
5;9;2.29;ND;3.05;NA;2.11;3.55;ND;ND;24.71;NA;NA;NA;
5;10;2.03;ND;3.44;NA;1.6;3.08;ND;ND;13.24;NA;NA;NA;
5;11;3.68;ND;4.41;NA;3.66;2.78;ND;0.17;10.01;NA;NA;NA;
5;12;2.12;ND;5.17;NA;7.28;3.43;ND;0.4;22.55;NA;NA;NA;
5;13;ND;0.71;7.46;NA;6.98;3.58;ND;0.61;16.04;NA;NA;NA;
5;14;ND;0.79;5.95;NA;7.19;4.01;ND;0.6;12.48;NA;NA;NA;
5;15;0.59;0.11;3.48;NA;3.56;4.42;ND;0.6;20.89;NA;NA;NA;
5;16;0.31;0.02;4.21;NA;3.21;4.78;ND;0.11;5.6;NA;NA;NA;
5;17;0.76;0.08;5.24;NA;3.21;5.51;ND;0.35;7.44;NA;NA;NA;
5;18;0.63;0.35;4.11;NA;2.11;4.96;ND;0.28;7.31;NA;NA;NA;
5;19;1.88;0.22;3.25;NA;5.66;4.52;ND;0.51;8.16;NA;NA;NA;
5;20;3.11;0.38;4.01;NA;9.96;4.02;ND;0.31;5.51;NA;NA;NA;
5;21;2.17;2.07;3.53;NA;5.42;3.96;ND;0.53;10.31;NA;NA;NA;
5;22;1.39;1.96;4.4;NA;4.79;3.94;ND;0.88;3.81;NA;NA;NA;
5;23;1.17;1.18;3.96;NA;18.65;4.9;ND;0.6;5.15;NA;NA;NA;
6;0;0.63;0.53;5.47;NA;16.63;4.65;ND;0.44;5.89;NA;NA;NA;
6;1;ND;0.02;3.79;NA;6.92;4.1;ND;0.22;9.87;NA;NA;NA;
6;2;1.22;0.03;3.3;NA;15.79;4.52;ND;0.24;4.52;NA;NA;NA;
6;3;1.53;1.97;9.7;NA;10.63;9.43;ND;0.17;11.22;NA;NA;NA;
6;4;2.67;2.12;8.47;NA;13.47;7.57;ND;0.55;13.43;NA;NA;NA;
6;5;3.51;4.03;7.72;NA;12.83;8.17;ND;0.8;7.86;NA;NA;NA;
6;6;3.56;2.32;9.53;NA;10.28;10.42;ND;0.59;7.1;NA;NA;NA;
6;7;6.24;1.95;11.13;NA;10.09;11.17;ND;1.16;12.07;NA;NA;NA;
6;8;6.59;4.37;13.24;NA;12.37;12.2;ND;1.89;20.23;NA;NA;NA;
6;9;4.96;4.37;10.28;NA;12.75;8.93;ND;2.43;19.49;NA;NA;NA;
6;10;5.31;ND;12.76;NA;ND;8.2;ND;1.92;46.52;NA;NA;NA;
6;11;6.22;6.12;13.32;NA;12.17;8.42;ND;2.17;49.48;NA;NA;NA;
6;12;4.11;5.17;8.45;NA;10.4;5.12;ND;2.16;33.87;NA;NA;NA;
6;13;3.59;3.65;8.08;NA;7.64;4.34;ND;1.4;12.49;NA;NA;NA;
6;14;9.66;8.34;14.83;NA;9.75;5.5;ND;1.69;15.51;NA;NA;NA;
6;15;7.41;7.01;18.8;NA;12.43;8.89;ND;2.41;33.09;NA;NA;NA;
6;16;5.92;4.37;15.91;NA;6.17;8;ND;1.52;33.18;NA;NA;NA;
6;17;5.53;5.66;12.65;NA;5.6;7.79;ND;1.32;8.91;NA;NA;NA;
6;18;3.98;4.6;11.17;NA;4.78;8.15;ND;1.08;8.74;NA;NA;NA;
6;19;2.64;4.01;9.19;NA;2.69;8.06;ND;0.46;4;NA;NA;NA;
6;20;2.54;3.52;4.44;NA;4.65;8.06;ND;0.64;3.12;NA;NA;NA;
6;21;5.25;3.31;7.74;NA;5.4;7.25;ND;0.67;5.08;NA;NA;NA;
6;22;3.75;3.29;9.21;NA;6.01;7.69;ND;0.68;14.84;NA;NA;NA;
6;23;2.02;2.95;5.3;NA;13.46;8.2;ND;0.51;7;NA;NA;NA;
7;0;2.46;2.42;4.54;NA;7.04;7.43;ND;ND;3.48;NA;NA;NA;
7;1;1.4;ND;ND;NA;ND;ND;ND;0.37;ND;NA;NA;NA;
7;2;2.51;2;3.67;NA;3.11;8.01;ND;0.34;7.09;NA;NA;NA;
7;3;1.93;1.77;5.03;NA;3.17;6.16;ND;0.21;2.18;NA;NA;NA;
7;4;2.38;2.16;4.94;NA;1.73;5.65;ND;0.27;1.2;NA;NA;NA;
7;5;2.46;2.23;3.8;NA;2.3;4.88;ND;0.21;3.25;NA;NA;NA;
7;6;3.12;2.26;3.34;NA;5.36;5.64;ND;0.23;1.53;NA;NA;NA;
7;7;4.06;2.77;4.29;NA;7.75;6.36;ND;0.37;7.87;NA;NA;NA;
7;8;3.74;3.77;5.57;NA;4.47;5.92;ND;0.39;25.78;NA;NA;NA;
7;9;5.83;4.98;6.36;NA;3.67;4.82;ND;0.47;52.48;NA;NA;NA;
7;10;5.41;7.48;8.76;NA;5.32;4.02;ND;1.02;48.19;NA;NA;NA;
7;11;13.66;16.78;15.29;NA;12.41;4.24;ND;2.14;26.57;NA;NA;NA;
7;12;10.14;7.56;18.52;NA;8.59;ND;ND;2.5;57.07;NA;NA;NA;
7;13;5.57;9.29;18.11;NA;5.89;9.04;ND;4.63;17.52;NA;NA;NA;
7;14;2.83;10.58;8.99;NA;5.47;8.05;ND;4.77;15.85;NA;NA;NA;
7;15;1.33;5.34;8.44;NA;1.75;3.22;ND;2.66;7.78;NA;NA;NA;
7;16;0.49;2.93;6.35;NA;1.27;2.93;ND;1.19;5.51;NA;NA;NA;
7;17;0.64;2.89;5.76;NA;2;4.41;ND;0.83;12;NA;NA;NA;
7;18;0.49;1.97;4.87;NA;2.21;4.02;ND;0.35;4.59;NA;NA;NA;
7;19;2.58;1.72;3.08;NA;1.74;4;ND;0.45;17.62;NA;NA;NA;
7;20;3.21;1.57;2.8;NA;2.39;3.63;ND;0.31;5.81;NA;NA;NA;
7;21;1;1.74;2.33;NA;2.58;3.32;ND;0.29;15.21;NA;NA;NA;
7;22;0.88;1.35;1.85;NA;0.86;2.97;ND;0.2;2.07;NA;NA;NA;
7;23;0.53;1.2;3.6;NA;1.17;2.93;ND;0.16;4.3;NA;NA;NA;
8;0;0.55;1.4;1.85;NA;0.92;2.64;ND;0.14;7.59;NA;NA;NA;
8;1;ND;1.21;2.31;NA;0.04;2.37;ND;0.09;8.05;NA;NA;NA;
8;2;1.73;1.11;3.25;NA;0;2.53;ND;0.06;1.45;NA;NA;NA;
8;3;1.28;0.97;2.18;NA;0;2.24;ND;0.09;2.36;NA;NA;NA;
8;4;0.66;0.87;3.31;NA;0.06;2.13;ND;0.04;3.52;NA;NA;NA;
8;5;0.28;1.24;1.53;NA;0.29;2.18;ND;0.04;1.67;NA;NA;NA;
8;6;0.99;1.73;2.34;NA;1.97;2.01;ND;0.11;7.03;NA;NA;NA;
8;7;2.48;3.26;3.35;NA;3.45;3.14;ND;0.62;3.52;NA;NA;NA;
8;8;1.99;3.79;5.85;NA;6.18;4.66;ND;0.32;5.09;NA;NA;NA;
8;9;1.5;2.37;6.23;NA;5.05;3.63;ND;0.11;39.9;NA;NA;NA;
8;10;3.36;4.5;6.68;NA;5.45;4.08;ND;0.23;46.59;NA;NA;NA;
8;11;2.22;6.47;6.39;NA;5.76;3.5;ND;0.69;20.47;NA;NA;NA;
8;12;2.21;10.66;5.49;NA;3.49;3.24;ND;1.32;8.46;NA;NA;NA;
8;13;2.59;14.52;6.49;NA;1.62;1.97;ND;3.05;8.55;NA;NA;NA;
8;14;1.63;9.78;6.18;NA;1.57;1.74;ND;4.57;3.27;NA;NA;NA;
8;15;1.26;4.64;3.74;NA;1.22;2.7;ND;1.5;2.64;NA;NA;NA;
8;16;0.35;4.63;4.52;NA;0.98;3.3;ND;1.03;3.39;NA;NA;NA;
8;17;0.34;6.5;6.84;NA;1.55;3.85;ND;5.19;4.66;NA;NA;NA;
8;18;0.37;3.82;4.67;NA;3.15;4.68;ND;3.98;10.13;NA;NA;NA;
8;19;0.92;7.1;6.85;NA;1.35;4.71;ND;3.03;12.89;NA;NA;NA;
8;20;2.14;2.11;8.65;NA;1.7;4.6;ND;1.31;15.1;NA;NA;NA;
8;21;0.54;1.62;5.13;NA;0.82;4.58;ND;0.67;19.03;NA;NA;NA;
8;22;1.41;1.47;4.84;NA;0.74;4.23;ND;0.44;ND;NA;NA;NA;
8;23;1.23;1.32;2.46;NA;0.37;3.84;ND;0.38;ND;NA;NA;NA;
9;0;1.4;1.55;1.49;NA;0.33;3.2;20.07;ND;2.21;NA;NA;NA;
9;1;0.72;ND;ND;NA;ND;ND;21.99;0.46;ND;NA;NA;NA;
9;2;0.32;1.61;2.04;NA;0.21;2.81;33.68;0.53;11.18;NA;NA;NA;
9;3;0.21;1.42;1.89;NA;0.33;2.61;21.01;0.06;4.63;NA;NA;NA;
9;4;0.21;1.47;1.88;NA;0.41;2.32;6.48;0.5;7.81;NA;NA;NA;
9;5;0.34;1.36;1.92;NA;0.25;2.18;3.89;0.63;4.59;NA;NA;NA;
9;6;0.41;1.15;1.57;NA;0.57;2.42;1.95;0.56;2.66;NA;NA;NA;
9;7;1.35;1.81;2.49;NA;2.19;2.53;1.98;1;2.65;NA;NA;NA;
9;8;0.99;1.95;2.11;NA;1.45;3.15;2.58;1.44;2.81;NA;NA;NA;
9;9;1.13;2.07;15.23;NA;1.89;2.99;6.37;1.5;1.73;NA;NA;NA;
9;10;2.78;1.93;9.2;NA;0.97;2.68;2.88;5.95;4.12;NA;NA;NA;
9;11;3.21;2.41;5.68;NA;2.27;3.44;2.99;12.75;18.15;NA;NA;NA;
9;12;4.31;3;4.6;NA;2.47;3.22;2.69;11.08;45.54;NA;NA;NA;
9;13;1.51;2.96;4.24;NA;2.26;2.07;1.67;4.88;29.31;NA;NA;NA;
9;14;1.26;3.01;4.04;NA;2.56;2.36;2.25;2.35;80.46;NA;NA;NA;
9;15;0.75;1.95;3.09;NA;2.55;2.19;6.07;1.6;4.52;NA;NA;NA;
9;16;0.49;1.6;2.57;NA;1.78;2.35;2.95;1.49;1.76;NA;NA;NA;
9;17;1.2;1.54;2.69;NA;3.03;2.79;4.64;1.66;8;NA;NA;NA;
9;18;0.95;1.98;3.53;NA;2.78;2.93;3.13;2.3;6.02;NA;NA;NA;
9;19;1.11;2.4;3.03;NA;2.52;2.61;2.85;2.4;15.4;NA;NA;NA;
9;20;1.59;2.27;2.46;NA;2.92;2.86;1.66;3.23;11.56;NA;NA;NA;
9;21;1.28;11.83;3.43;NA;6.17;3.19;1.68;3.69;10.24;NA;NA;NA;
9;22;1.53;14.24;2.98;NA;3.36;3.05;4.13;5.12;7.47;NA;NA;NA;
9;23;1.15;6.21;1.22;NA;3.08;2.35;2.09;3.71;2.38;NA;NA;NA;
10;0;0.93;11.62;1.88;NA;6.15;2.5;1.75;3.73;6.24;NA;NA;NA;
10;1;ND;11.25;1.1;NA;11.81;3.3;1.47;3.21;2.57;NA;NA;NA;
10;2;5.35;6.77;1.11;NA;5.49;3.22;1.27;3.28;2.48;NA;NA;NA;
10;3;3.13;3.86;1.7;NA;3.43;2.9;1.96;5.08;5.71;NA;NA;NA;
10;4;1.11;3.63;3.85;NA;6.53;4.42;4.22;5.25;4.62;NA;NA;NA;
10;5;2.33;3.74;16;NA;56.45;6.79;6.54;6.08;7.72;NA;NA;NA;
10;6;2.75;4.39;11.91;NA;61.73;6.32;5.43;6.78;3.75;NA;NA;NA;
10;7;3.24;13.51;13.35;NA;40.27;12.53;6.21;6.81;7.49;NA;NA;NA;
10;8;6.16;15.48;12.51;NA;10.98;9.87;5.06;12.49;11.92;NA;NA;NA;
10;9;7.29;10.38;6.57;NA;5.54;5.54;3.67;28.67;63.35;NA;NA;NA;
10;10;4.08;7.59;5.41;NA;ND;3.58;1.64;17.02;42.02;NA;NA;NA;
10;11;3.52;5.06;4.9;NA;ND;2.49;2.09;9.72;19.74;NA;NA;NA;
10;12;1.09;2.59;ND;NA;2.88;2.81;7.1;4.83;19.24;NA;NA;NA;
10;13;0.37;1.73;ND;NA;0.75;2.79;5.28;3.64;3.77;NA;NA;NA;
10;14;0.3;1.61;2.26;NA;0.83;1.61;2.18;2.7;1.76;NA;NA;NA;
10;15;0.29;1.79;2.28;NA;1.09;2.5;1.83;1.97;1.37;NA;NA;NA;
10;16;0.21;1.55;2.9;NA;0.46;2.28;2.63;1.47;2.22;NA;NA;NA;
10;17;0.89;2.45;2.49;NA;0.49;2.6;3.29;1.52;1.97;NA;NA;NA;
10;18;1.47;2.88;2.19;NA;4.52;3.57;1.46;1.77;1.81;NA;NA;NA;
10;19;1.62;4.6;3.59;NA;6.71;3.55;1.8;15.9;3.54;NA;NA;NA;
10;20;2.39;6.92;2.81;NA;8.76;4.07;3.58;15.21;5.5;NA;NA;NA;
10;21;2.15;3.35;3.01;NA;9.66;4.85;8.9;14.65;3.93;NA;NA;NA;
10;22;2.31;8.27;4.1;NA;11.69;5.21;8.23;13.43;6.2;NA;NA;NA;
10;23;2.2;3.25;2.48;NA;7.55;4.55;12;10.59;12.01;NA;NA;NA;
11;0;2.02;4.53;5.54;NA;3.55;4.47;6.06;14.52;9.14;NA;NA;NA;
11;1;1.56;ND;ND;NA;ND;ND;8.68;ND;ND;NA;NA;NA;
11;2;1.37;13.44;3.37;NA;3.75;3.47;4.62;8.01;5.98;NA;NA;NA;
11;3;5.34;9.28;21.1;NA;6.85;8.88;2.71;4.31;12.33;NA;NA;NA;
11;4;2.56;2.1;13.42;NA;16.16;16.99;2.34;3.22;13.37;NA;NA;NA;
11;5;3.14;2.48;12.06;NA;10.78;12.52;3.05;2.21;15.22;NA;NA;NA;
11;6;3.95;10.38;7.38;NA;5.46;9.65;10.48;3;10.66;NA;NA;NA;
11;7;3.71;23.8;10.6;NA;5.62;9.27;4.95;6.12;11.65;NA;NA;NA;
11;8;6.74;17.47;11.18;NA;11.75;7.46;4.2;10.59;10.06;NA;NA;NA;
11;9;6.41;ND;8.63;NA;12.72;5.49;5.06;10.65;6.71;NA;NA;NA;
11;10;5.39;ND;8.5;NA;5.08;4.33;5.26;16.63;50.91;NA;NA;NA;
11;11;2.02;ND;7.99;NA;7.28;3.32;ND;6.64;9.45;NA;NA;NA;
11;12;1.42;3.72;8.24;NA;4.01;3.32;ND;5.46;27.58;NA;NA;NA;
11;13;0.94;3.34;7.27;NA;4.37;3.35;ND;4.6;16.58;NA;NA;NA;
11;14;0.66;2.81;5.53;NA;3.45;2.33;ND;3.97;27.61;NA;NA;NA;
11;15;0.75;2.35;4.3;NA;2.16;3.62;1.95;2.37;7.01;NA;NA;NA;
11;16;0.28;2.02;4.16;NA;1.83;3.76;0.94;1.88;12.06;NA;NA;NA;
11;17;0.29;2.19;4.03;NA;1.72;3.67;1.45;1.1;5.86;NA;NA;NA;
11;18;0.35;2.2;3.78;NA;3.13;3.83;1.36;1.26;3.02;NA;NA;NA;
11;19;0.5;2.07;3.38;NA;1.74;4.03;3.17;1.79;5.05;NA;NA;NA;
11;20;1.22;2.04;3.53;NA;3.27;4.09;2.13;1.45;1.95;NA;NA;NA;
11;21;1.66;3.16;4;NA;1.65;4.29;0.9;1.41;2.25;NA;NA;NA;
11;22;0.71;1.47;3.66;NA;3.7;4.18;7.41;0.94;1.21;NA;NA;NA;
11;23;0.8;2.2;2.9;NA;4.94;3.56;4.66;0.62;1.5;NA;NA;NA;
12;0;1.57;4.98;4.09;NA;4.64;4.17;0.26;0.69;4.18;NA;NA;NA;
12;1;ND;2.79;2.9;NA;6.45;3.99;2.4;0.66;4.27;NA;NA;NA;
12;2;0.67;2.54;3.33;NA;12.01;3.92;12.35;0.53;2.46;NA;NA;NA;
12;3;1.47;2.04;4.4;NA;16.11;3.9;15;0.47;5.28;NA;NA;NA;
12;4;0.57;1.64;2.32;NA;8.16;4.32;10.66;0.6;5.97;NA;NA;NA;
12;5;1.44;1.46;4.58;NA;18.79;3.81;2.3;0.32;2.94;NA;NA;NA;
12;6;3.97;3.32;7.45;NA;22;8.79;2.04;0.77;9.7;NA;NA;NA;
12;7;5.58;8.72;8.25;NA;3.52;6.37;1.2;2.46;7.81;NA;NA;NA;
12;8;3.82;10.41;7.59;NA;9;6.7;2.82;6.98;7.5;NA;NA;NA;
12;9;2.64;3.81;11.46;NA;8.88;6.84;13.42;12.11;13.46;NA;NA;NA;
12;10;2.94;3.13;9.85;NA;9.33;6.95;2.7;12.95;ND;NA;NA;NA;
12;11;2.08;4.71;7.86;NA;8.85;12.88;8.14;7;ND;NA;NA;NA;
12;12;5.01;9.64;6.54;NA;6.14;9.13;7.63;4.37;16.49;NA;NA;NA;
12;13;4.33;6.15;7.63;NA;5.14;3.26;5.1;3.13;23.97;NA;NA;NA;
12;14;0.99;2.95;6.8;NA;6.51;2.41;2.1;4.43;29.66;NA;NA;NA;
12;15;0.37;2.3;5.03;NA;ND;1.66;2.28;4.84;7.97;NA;NA;NA;
12;16;0.24;2.01;4.31;NA;1.92;2.01;1.48;4.12;15.01;NA;NA;NA;
12;17;0.26;1.53;3.62;NA;1.42;4.03;2.42;2.48;3.29;NA;NA;NA;
12;18;0.89;1.71;3.54;NA;1.46;4.65;1.77;1.77;1.76;NA;NA;NA;
12;19;0.97;1.59;3.11;NA;5.79;3.57;3.39;1.52;3.61;NA;NA;NA;
12;20;0.68;1.54;2.73;NA;3.76;3.61;9.4;0.95;7.64;NA;NA;NA;
12;21;0.7;1.58;2.99;NA;5.13;3.22;2.6;0.91;3.13;NA;NA;NA;
12;22;ND;3.95;2;NA;6.15;3.27;1.29;0.73;1.96;NA;NA;NA;
12;23;ND;2.12;3.2;NA;5.8;3.47;2.39;0.56;2.29;NA;NA;NA;
13;0;2.25;3;4.38;NA;2.67;3.22;9.02;0.66;3.45;NA;NA;NA;
13;1;1.34;ND;ND;NA;ND;ND;2.49;0.45;ND;NA;NA;NA;
13;2;0.87;2.05;5.9;NA;23.51;5.13;1.27;0.7;3.57;NA;NA;NA;
13;3;0.85;1.47;4.97;NA;6.72;4.52;6.38;0.33;9.02;NA;NA;NA;
13;4;0.47;1.44;3.53;NA;5.21;4.07;7.23;0.5;10.69;NA;NA;NA;
13;5;0.93;4.09;2.08;NA;2.5;3.67;2.26;0.55;5.04;NA;NA;NA;
13;6;3.35;3.31;4.2;NA;2.45;3.6;4.12;1.1;1.59;NA;NA;NA;
13;7;4.98;6.56;5.48;NA;4.67;3.76;6.16;2.88;22.51;NA;NA;NA;
13;8;4.48;7.23;7.92;NA;4.42;4.2;6.13;3.58;25.04;NA;NA;NA;
13;9;ND;10.73;7.38;NA;5.04;3.74;5.6;9.71;22.47;NA;NA;NA;
13;10;ND;4.29;14.37;NA;6.95;3.51;4.16;3.39;10.12;NA;NA;NA;
13;11;1.55;4.3;10.61;NA;9.67;4.18;8.13;2.76;55.37;NA;NA;NA;
13;12;ND;2.5;5.64;NA;8.58;3.21;8.45;2.89;21.29;NA;NA;NA;
13;13;0.71;4.02;4.15;NA;4.7;2.24;4;1.66;20.21;NA;NA;NA;
13;14;0.99;5.47;4.89;NA;1.95;3.09;2.35;1.3;12.16;NA;NA;NA;
13;15;0.52;4.31;6.37;NA;3.25;2.04;2.51;5.41;5.25;NA;NA;NA;
13;16;0.15;4.07;5.25;NA;2.54;2.56;1.39;6;2.93;NA;NA;NA;
13;17;0.18;3.63;5.21;NA;1.89;2.62;2.85;2.81;4.67;NA;NA;NA;
13;18;0.6;2.91;4.72;NA;2.53;2.54;2.56;1.53;2.49;NA;NA;NA;
13;19;1.32;2.73;4.65;NA;2.83;4.44;4.08;0.34;5.35;NA;NA;NA;
13;20;1.76;2.22;3.27;NA;2.67;4.41;4.73;1.47;6.68;NA;NA;NA;
13;21;2.83;3.31;3.89;NA;3.1;4.36;3.23;0.79;1.81;NA;NA;NA;
13;22;1.45;2.28;4.24;NA;5.98;4.59;2.34;0.71;11.32;NA;NA;NA;
13;23;2.45;2.19;3.52;NA;3.71;4.14;1.35;0.62;6.44;NA;NA;NA;
14;0;1.48;1.4;2.55;NA;2.01;3.5;4.31;0.62;9.62;NA;NA;NA;
14;1;2.45;2.91;2.62;NA;3.73;3.66;3.21;ND;2.31;NA;NA;NA;
14;2;1.79;2.1;2.81;NA;7.58;3.75;2.54;0.51;3.22;NA;NA;NA;
14;3;0.74;1.45;4.46;NA;8.12;4.1;8.62;0.45;6.63;NA;NA;NA;
14;4;0.7;1.98;5.02;NA;8.58;4.3;9.44;0.23;6.63;NA;NA;NA;
14;5;3.51;1.92;6.76;NA;16.25;5.51;6.61;0.94;7.79;NA;NA;NA;
14;6;2.35;3.08;8.46;NA;16.26;6.7;3.53;2.84;10.51;NA;NA;NA;
14;7;1.96;2.24;14.3;NA;12.75;7.62;15.24;1.5;16.54;NA;NA;NA;
14;8;3.23;4.6;11.4;NA;10.49;8.06;16.03;1.19;30.44;NA;NA;NA;
14;9;4.67;7.56;11.05;NA;9.11;7.34;8.18;4.32;25.36;NA;NA;NA;
14;10;4.4;5.8;5.22;NA;7.49;5.48;7.15;4.81;20.33;NA;NA;NA;
14;11;3.73;4.85;12.68;NA;6.06;4.42;11.7;3.35;28.4;NA;NA;NA;
14;12;3.79;7.29;8.02;NA;9.71;4.36;5.17;3.52;41.01;NA;NA;NA;
14;13;2.1;6.7;8.01;NA;7.26;1.28;7.24;6.57;12.95;NA;NA;NA;
14;14;0.59;4.35;5.11;NA;4.44;1.15;5.16;6.94;27.92;NA;NA;NA;
14;15;0.28;4.41;3.94;NA;2.74;1.08;2.57;4.47;7.48;NA;NA;NA;
14;16;0.2;3.29;3.35;NA;1.75;2.53;4.64;2.64;3.17;NA;NA;NA;
14;17;0.36;2.83;4.35;NA;5.41;3.36;5.44;1.32;1.66;NA;NA;NA;
14;18;0.76;2.25;5.02;NA;10.25;6.06;6.07;0.53;11.4;NA;NA;NA;
14;19;1.01;2.2;10.47;NA;17.01;8.12;6.48;1.35;3.68;NA;NA;NA;
14;20;1.05;2.14;8.94;NA;39.57;8.08;2.56;1.57;3.98;NA;NA;NA;
14;21;1.69;2.31;6.21;NA;18.44;11.23;2.18;1.24;6.61;NA;NA;NA;
14;22;1.89;3.34;5.1;NA;9.35;10.73;3.91;0.93;7.91;NA;NA;NA;
14;23;1.34;4.45;5.66;NA;10.48;9.28;2.39;0.89;6.11;NA;NA;NA;
15;0;2.54;2.72;9.89;NA;11.65;7.52;1.97;1.57;12.37;NA;NA;NA;
15;1;ND;ND;ND;NA;ND;ND;1.5;0.76;ND;NA;NA;NA;
15;2;0.82;1.67;4.7;NA;4.33;7.92;2.71;0.48;13.89;NA;NA;NA;
15;3;1.16;2.64;2.67;NA;4.9;5.57;8.2;0.68;15;NA;NA;NA;
15;4;3.21;1.66;2.06;NA;15.44;4.87;1.71;2.29;3.32;NA;NA;NA;
15;5;3.3;2.39;1.81;NA;18.19;7.43;2.57;10.96;2.32;NA;NA;NA;
15;6;3.92;4.71;4.74;NA;38.31;6.74;1.92;10.66;3.25;NA;NA;NA;
15;7;3.96;15.61;9.62;NA;45.42;6.36;1.92;6.78;8.54;NA;NA;NA;
15;8;3.95;11.47;8.24;NA;27.82;7.94;2.16;10.06;13.35;NA;NA;NA;
15;9;4.22;5.4;8.13;NA;5.47;ND;1.92;8.54;9.64;NA;NA;NA;
15;10;2.34;3.62;7.5;NA;6.06;ND;2.31;4.28;16.84;NA;NA;NA;
15;11;1.84;3.08;4.84;NA;6.38;ND;7.12;3.09;30.21;NA;NA;NA;
15;12;1.64;3.01;5.38;NA;4.79;5.58;7.43;4.07;12.72;NA;NA;NA;
15;13;0.78;4.92;6.14;NA;1.7;4.42;2.06;7.12;7.77;NA;NA;NA;
15;14;0.22;2.96;7.68;NA;1.59;2.6;1.76;6.37;2.16;NA;NA;NA;
15;15;0.96;2.22;4.27;NA;1.34;2.51;1.44;2.89;3;NA;NA;NA;
15;16;1.3;4.87;2.74;NA;1.52;3.1;1.52;2.25;2.4;NA;NA;NA;
15;17;0.84;3.74;2.31;NA;3.25;3.08;3.22;2.24;3;NA;NA;NA;
15;18;1.35;3.06;2.49;NA;3.04;3.64;3.33;2.39;16.99;NA;NA;NA;
15;19;2.09;3.08;3.07;NA;5.46;4.25;3.45;1.86;11.64;NA;NA;NA;
15;20;1.54;3.23;2.42;NA;7.04;4.69;2.49;5.98;16;NA;NA;NA;
15;21;1.21;3.5;1.7;NA;9.76;3.18;1.45;11.41;8.79;NA;NA;NA;
15;22;0.57;3.18;3.89;NA;7.16;7.32;20.2;8.73;20.15;NA;NA;NA;
15;23;0.32;2.18;3.11;NA;3.35;4.08;20.49;6.76;24.33;NA;NA;NA;
16;0;0.19;2.6;2.88;NA;1.86;3.52;13.41;ND;27.24;NA;NA;NA;
16;1;ND;1.51;2.23;NA;1.2;ND;2.73;2.69;14.2;NA;NA;NA;
16;2;0.99;1.89;2.19;NA;7.8;4.26;2.56;1.94;6.86;NA;NA;NA;
16;3;0.42;2.28;1.99;NA;13.94;5.06;2.04;1.76;5.45;NA;NA;NA;
16;4;0.75;6.42;2.46;NA;24.79;15.39;2.25;2.27;11.02;NA;NA;NA;
16;5;1.39;10.82;4.67;NA;20.51;19.68;3.17;2.77;7.87;NA;NA;NA;
16;6;1.26;10.02;2.92;NA;66.06;20.92;4.39;3.16;21.01;NA;NA;NA;
16;7;2.48;11.35;7.51;NA;96.78;14.24;2.57;3.44;13.61;NA;NA;NA;
16;8;2.81;7.16;6.42;NA;27.97;11.53;2.14;7.29;15.1;NA;NA;NA;
16;9;3.47;3.95;7.66;NA;13.42;6.62;2.82;7.82;7.85;NA;NA;NA;
16;10;1.53;3.82;6.25;NA;7.15;5.38;3.22;5.88;41.74;NA;NA;NA;
16;11;1.6;3.51;4.35;NA;5.38;2.96;10.72;3.71;4.01;NA;NA;NA;
16;12;2.21;3.98;3.83;NA;6.9;3.32;5.26;3.29;2.18;NA;NA;NA;
16;13;0.79;7.66;3.66;NA;3.04;3.25;3.57;1.38;2.46;NA;NA;NA;
16;14;0.32;4.81;4.45;NA;2.78;3.09;3.25;3.7;14.25;NA;NA;NA;
16;15;0.42;7.2;4.64;NA;5.9;4.98;2.58;1.58;14.73;NA;NA;NA;
16;16;0.3;6.41;3.63;NA;1.6;4.89;3.02;2.81;18.45;NA;NA;NA;
16;17;0.21;4.3;3.34;NA;0.98;4.09;1.64;1.43;3.52;NA;NA;NA;
16;18;1.08;3.41;3.2;NA;0.64;4.06;19.78;1.49;21.13;NA;NA;NA;
16;19;1.29;2.93;3.1;NA;1.48;3.65;13.8;2.45;2.73;NA;NA;NA;
16;20;1.65;3.3;3.99;NA;2.5;3.53;2.07;2.09;21.08;NA;NA;NA;
16;21;0.68;2.8;2.85;NA;2.74;3.38;2.24;1.81;11.61;NA;NA;NA;
16;22;0.42;2.3;1.93;NA;2.34;2.84;6.55;1.23;3.74;NA;NA;NA;
16;23;0.12;1.7;1.3;NA;1.74;2.77;5.02;0.91;3.67;NA;NA;NA;
17;0;ND;1.6;1.9;NA;0.83;2.41;9.46;0.69;3.26;NA;NA;NA;
17;1;ND;ND;ND;NA;ND;2.12;10.01;0.74;ND;NA;NA;NA;
17;2;ND;1.54;1.86;NA;0.41;2.13;5.61;0.88;4.14;NA;NA;NA;
17;3;ND;2.11;1.36;NA;0.37;2.09;2.49;1.05;1.57;NA;NA;NA;
17;4;ND;2.37;1.3;NA;10.23;2.98;1.17;1.21;3.56;NA;NA;NA;
17;5;ND;3.85;1.51;NA;15.49;5.16;1.37;2.03;1.84;NA;NA;NA;
17;6;ND;2.44;2.61;NA;28.35;6.17;3.23;3.05;3.17;NA;NA;NA;
17;7;ND;3.16;5.63;NA;31.96;6.53;7.78;6.81;5.63;NA;NA;NA;
17;8;6.14;7.74;11.94;NA;52.93;12.53;8.99;10.38;8.48;NA;NA;NA;
17;9;9.31;6.74;11.61;NA;22.81;13.85;5.57;23.68;8.56;NA;NA;NA;
17;10;4.63;4.28;8.31;NA;9.73;7.74;3.7;13.38;17.31;NA;NA;NA;
17;11;2.56;3.86;5.15;NA;6.85;6.96;7.53;6.1;19.76;NA;NA;NA;
17;12;ND;4.49;9.48;NA;9.5;7.81;9.7;4.2;6.27;NA;NA;NA;
17;13;ND;4.05;7.08;NA;7.94;6.21;10.54;4.16;23.98;NA;NA;NA;
17;14;3.54;4.03;6.34;NA;7.67;6.74;10.13;4.53;15.27;NA;NA;NA;
17;15;1.29;3.38;9.27;NA;7.29;7.05;11.39;3.14;14.95;NA;NA;NA;
17;16;0.93;3.35;6.9;NA;6.93;6.6;7.09;2.98;15.39;NA;NA;NA;
17;17;1.31;3.77;5.52;NA;6.15;5.57;6.6;2.14;11.11;NA;NA;NA;
17;18;1.52;3.2;4.56;NA;3.53;4.9;10.88;2.33;5.7;NA;NA;NA;
17;19;1.85;2.99;5.46;NA;5.6;5.33;7.14;2.26;6.8;NA;NA;NA;
17;20;0.76;1.71;4.54;NA;3.3;5.14;9.2;1.47;3.53;NA;NA;NA;
17;21;2.17;2.05;4.55;NA;5.46;4.98;5.41;1.4;4.14;NA;NA;NA;
17;22;2.17;1.7;6.27;NA;2.82;4.25;4.97;0.95;7.21;NA;NA;NA;
17;23;1.02;1.66;4.49;NA;1.6;4;9.52;0.94;7.88;NA;NA;NA;
18;0;2.05;4.06;4.24;NA;4.02;3.97;9.18;ND;3.46;NA;NA;NA;
18;1;ND;3.66;2.81;NA;5.47;ND;10.35;0.7;5.58;NA;NA;NA;
18;2;ND;2;3.04;NA;4.58;4.67;5.59;0.7;3.2;NA;NA;NA;
18;3;ND;1.54;3.09;NA;5.17;5.02;5.1;0.69;1.12;NA;NA;NA;
18;4;ND;1.61;3.52;NA;6.26;4.76;5.78;0.76;3;NA;NA;NA;
18;5;ND;1.74;3.84;NA;14.61;4.75;4.63;0.69;2.98;NA;NA;NA;
18;6;ND;2.55;5.29;NA;18.01;6.32;5.01;0.96;1.95;NA;NA;NA;
18;7;ND;2.28;6.02;NA;11.91;8.13;6.12;2.51;3.67;NA;NA;NA;
18;8;4.61;4.53;6.97;NA;10.53;6.55;7.08;1.54;5.09;NA;NA;NA;
18;9;5.64;4.98;7.23;NA;8.67;6.92;5.91;1.81;8.31;NA;NA;NA;
18;10;3.58;4;6.53;NA;9.25;5.9;3.49;5.98;12.46;NA;NA;NA;
18;11;1.52;2.63;ND;NA;7.68;7.49;7;3.46;79.42;NA;NA;NA;
18;12;2.15;2.73;4.98;NA;5.04;ND;10.11;1.73;29.89;NA;NA;NA;
18;13;2.87;4.35;4.28;NA;5.19;ND;5.32;1.91;24.85;NA;NA;NA;
18;14;1.31;2.26;ND;NA;3.7;5.96;4.55;2.05;11.8;NA;NA;NA;
18;15;0.42;1.7;3.72;NA;4.43;5.04;6.89;2.01;54.59;NA;NA;NA;
18;16;1.14;2.13;5.66;NA;4.12;4.97;6.22;1.44;16.2;NA;NA;NA;
18;17;1.05;2.15;5.69;NA;4.46;5.51;4.51;2.58;9.69;NA;NA;NA;
18;18;1.82;1.69;4.86;NA;4.32;4.9;6.96;2.2;4.88;NA;NA;NA;
18;19;1.16;2;6.66;NA;3.41;5.1;23.8;2;4.56;NA;NA;NA;
18;20;4.54;2.02;6.69;NA;4.79;5.41;23.97;1.62;4.64;NA;NA;NA;
18;21;1.73;1.58;7.45;NA;7.34;6.36;15.56;0.84;5.54;NA;NA;NA;
18;22;1.46;1.84;6.77;NA;10.47;6.29;8.83;1.22;2.87;NA;NA;NA;
18;23;2.6;2.65;6.01;NA;11.2;6.08;4.25;0.78;19.34;NA;NA;NA;
19;0;2.67;1.86;9.2;NA;11.65;6.57;2.12;0.59;19.31;NA;NA;NA;
19;1;3.71;ND;ND;NA;ND;6.94;1.57;0.52;ND;NA;NA;NA;
19;2;3.18;2.41;10.37;NA;10.8;8.46;3.9;0.86;6.41;NA;NA;NA;
19;3;3;2.69;3.46;NA;27.25;7.78;2.14;1.21;7.98;NA;NA;NA;
19;4;3.13;3.05;3.89;NA;37.68;7.04;3.53;2.77;4.97;NA;NA;NA;
19;5;3.37;8.51;3.12;NA;54.65;9.65;2.24;2.68;8.97;NA;NA;NA;
19;6;5.77;10.67;10.27;NA;55.46;21.71;1.81;2.85;9.17;NA;NA;NA;
19;7;11.3;19.56;11.94;NA;50.43;18.21;1.47;4.45;8.59;NA;NA;NA;
19;8;10.17;11.98;17.11;NA;22.15;11.57;1.49;10.36;23.65;NA;NA;NA;
19;9;6.3;3.92;8.9;NA;16.14;13.44;1.81;12.61;42.72;NA;NA;NA;
19;10;2.9;3.16;6.01;NA;7.84;7.05;2.21;13.06;47.37;NA;NA;NA;
19;11;4.7;4.2;8.4;NA;ND;4.79;ND;9.37;43.16;NA;NA;NA;
19;12;2.75;3.19;6.29;NA;ND;3.85;ND;8.04;32.67;NA;NA;NA;
19;13;1.4;2.77;3.62;NA;ND;3.19;3.41;7.61;81.36;NA;NA;NA;
19;14;1.2;2.76;3.58;NA;ND;3.43;6.13;3.66;18.31;NA;NA;NA;
19;15;1.67;2.59;4.4;NA;3.01;3;4.19;3.5;3.58;NA;NA;NA;
19;16;1.5;2.4;3.53;NA;3.22;2.85;2.9;2.63;22.47;NA;NA;NA;
19;17;1.68;2.96;3.02;NA;2.83;3.42;2.35;2.85;17.19;NA;NA;NA;
19;18;2.14;2.8;2.79;NA;2.53;3.48;3.68;1.93;2.76;NA;NA;NA;
19;19;2.51;2.12;4.63;NA;3.94;5.35;3.87;3.15;7.41;NA;NA;NA;
19;20;3.94;2.49;3.2;NA;7.14;5.72;1.96;4.95;8.19;NA;NA;NA;
19;21;5.34;2.51;2.02;NA;7.17;5.33;2.84;4.27;9.99;NA;NA;NA;
19;22;4.55;3.15;2.24;NA;5.93;7.06;5.26;1.76;13.38;NA;NA;NA;
19;23;3.2;1.93;8.27;NA;8.67;7.18;2.87;1.36;4.99;NA;NA;NA;
20;0;5.87;2.41;7.39;NA;7.74;5.6;1.67;ND;8.54;NA;NA;NA;
20;1;3.02;4.45;3.35;NA;7.99;ND;4.39;1.67;13.42;NA;NA;NA;
20;2;1.7;4.73;4.85;NA;9.21;11.93;3.09;1.01;2.6;NA;NA;NA;
20;3;1.26;5.99;9.18;NA;8.29;9.3;1.59;1.33;1.72;NA;NA;NA;
20;4;2.99;3.51;7.16;NA;11.2;9.15;0.75;1.6;2.73;NA;NA;NA;
20;5;7.29;10.28;10.85;NA;14.3;8.15;1.16;2.71;3.04;NA;NA;NA;
20;6;6.39;6.04;7.8;NA;16.7;12.81;2.71;4.07;6.64;NA;NA;NA;
20;7;5.72;4.9;9.47;NA;12.26;12.45;3.86;5.37;7.44;NA;NA;NA;
20;8;3.27;6.88;11.69;NA;ND;11.33;9.03;4.48;13.2;NA;NA;NA;
20;9;2.24;3.76;7.09;NA;ND;10.04;24.26;7.97;49.7;NA;NA;NA;
20;10;2.38;2.55;5.89;NA;ND;7.89;5.53;6.16;59.12;NA;NA;NA;
20;11;2.52;3.27;6.16;NA;ND;5.57;6.31;2.69;24.29;NA;NA;NA;
20;12;2.47;3.84;6.76;NA;ND;4.95;4.1;2.33;14.45;NA;NA;NA;
20;13;2.5;4.16;5.5;NA;4.79;4.73;4.16;5.28;14.38;NA;NA;NA;
20;14;2.41;2.91;5.23;NA;ND;4.7;3.13;4.39;9.29;NA;NA;NA;
20;15;1.35;4.5;5.38;NA;ND;5.48;4.48;3.25;31.49;NA;NA;NA;
20;16;1.93;3.63;6.12;NA;ND;5.19;4.25;0.83;4.2;NA;NA;NA;
20;17;2.31;3.6;7.33;NA;4.69;6.39;3.58;3.08;14.15;NA;NA;NA;
20;18;2.51;3.64;6.77;NA;4.29;6.64;4.92;2.98;20.72;NA;NA;NA;
20;19;3.5;3.5;3.88;NA;5.76;6.68;9.2;4.72;10.66;NA;NA;NA;
20;20;2.66;1.83;6.25;NA;5.59;6.74;6.76;2.89;4.63;NA;NA;NA;
20;21;3.68;2.08;8.78;NA;7.88;6.64;8.45;1.02;4.71;NA;NA;NA;
20;22;3.71;2.52;8.15;NA;6.03;5.91;20.26;0.95;ND;NA;NA;NA;
20;23;2.67;2.41;4.74;NA;4.9;4.55;10.37;1.36;ND;NA;NA;NA;
21;0;1.78;1.88;2.65;NA;3.84;5.01;6.25;0.89;3.48;NA;NA;NA;
21;1;1.33;ND;ND;NA;ND;4.54;4.57;ND;ND;NA;NA;NA;
21;2;0.84;2;2.94;NA;5.26;4.1;2.79;0.7;4.7;NA;NA;NA;
21;3;1.23;1.72;3.9;NA;5.91;4.07;3.04;0.61;12.34;NA;NA;NA;
21;4;1.06;1.6;3.48;NA;3.64;3.96;4.95;0.45;5.25;NA;NA;NA;
21;5;2.64;1.63;4.63;NA;6.39;4.84;7.92;0.36;11.28;NA;NA;NA;
21;6;3.41;3.66;4.81;NA;6;5.35;6.1;0.84;4.4;NA;NA;NA;
21;7;4.84;3.71;5.4;NA;9.04;6.89;13.38;0.85;6.9;NA;NA;NA;
21;8;5.92;16.5;9.01;NA;11.86;8.65;26.37;0.96;8.5;NA;NA;NA;
21;9;6.52;6.33;10.63;NA;9.36;8.9;11.01;2.49;20.25;NA;NA;NA;
21;10;4.63;4.48;9.48;NA;9.06;7.74;13.81;3.57;56.6;NA;NA;NA;
21;11;2.16;2.74;10.38;NA;17.47;7;10.28;3.43;13.21;NA;NA;NA;
21;12;0.76;2.66;6.2;NA;12.95;7.92;11.45;1.73;12.81;NA;NA;NA;
21;13;0.47;2.34;3.98;NA;ND;5.87;10.19;1.36;15.6;NA;NA;NA;
21;14;0.49;2.44;4.06;NA;ND;5.66;5.74;1.23;4.69;NA;NA;NA;
21;15;0.59;2.41;4.14;NA;ND;5.02;5.04;1.16;15;NA;NA;NA;
21;16;0.41;2.29;3.72;NA;ND;5.59;4.96;0.33;8.15;NA;NA;NA;
21;17;0.69;2.2;3.97;NA;ND;4.64;3.05;0.7;8.17;NA;NA;NA;
21;18;2.43;2.7;4.11;NA;ND;5.57;4.46;0.85;22.31;NA;NA;NA;
21;19;1.96;2.9;5.21;NA;ND;7.07;5.07;1.36;11.72;NA;NA;NA;
21;20;3.25;2.33;5.02;NA;ND;7.16;3.74;0.84;2.38;NA;NA;NA;
21;21;4.47;2.04;7.52;NA;ND;6.61;5.65;0.72;2.96;NA;NA;NA;
21;22;4.2;3.72;6.94;NA;ND;6.57;9.46;0.74;5.6;NA;NA;NA;
21;23;3.91;2.68;7.02;NA;ND;6.3;5.62;0.85;2.57;NA;NA;NA;
22;0;1.08;2.21;9.06;NA;7.81;5.63;3.7;ND;4.85;NA;NA;NA;
22;1;4.8;4.75;8.35;NA;7.55;ND;2.89;0.83;5.17;NA;NA;NA;
22;2;3.31;2.75;5.7;NA;7.03;6.13;10.93;0.94;27.27;NA;NA;NA;
22;3;2.28;3.26;5.24;NA;9.49;5.6;11.45;1.25;38.24;NA;NA;NA;
22;4;4.01;3.36;4.69;NA;20.08;6.33;1.92;2.8;39.48;NA;NA;NA;
22;5;2.68;2.77;4.18;NA;9.38;5.36;1.85;3.53;39.22;NA;NA;NA;
22;6;3.53;4.04;4.93;NA;7.58;5.99;2.33;5.34;22.09;NA;NA;NA;
22;7;6.95;4.92;6.69;NA;11.93;8.55;9.93;6.23;12.42;NA;NA;NA;
22;8;4.43;7.12;8.45;NA;9.18;8.54;4.36;16.46;12.21;NA;NA;NA;
22;9;3.89;5.56;9.59;NA;5.08;6.92;1.65;19;9.38;NA;NA;NA;
22;10;4.69;6.53;5.08;NA;8.51;5.2;2.72;11.07;26.81;NA;NA;NA;
22;11;3.13;5.43;2.99;NA;5.46;4.21;3.2;6.28;21.1;NA;NA;NA;
22;12;2.5;4.01;4.47;NA;3.62;3.51;4.91;2.93;11.27;NA;NA;NA;
22;13;1.71;3.14;4.38;NA;3.5;3.46;3.3;3.02;25.49;NA;NA;NA;
22;14;0.91;2.69;2.23;NA;2.85;3.45;3.14;3.26;2.54;NA;NA;NA;
22;15;2.31;4.8;2.26;NA;2.33;3.2;1.86;1.95;1.31;NA;NA;NA;
22;16;1.77;3.65;2.56;NA;2.92;2.82;3.99;3.83;1.26;NA;NA;NA;
22;17;1.84;3.39;2.77;NA;1.89;3.34;3.61;2.95;1.55;NA;NA;NA;
22;18;2.16;3.08;2.31;NA;2.65;2.99;2.98;2.57;3.56;NA;NA;NA;
22;19;3.19;2.96;3.78;NA;2.94;3.68;5.77;1.2;4.29;NA;NA;NA;
22;20;4.59;4.15;2.83;NA;4.08;3.78;6.35;2.55;2.79;NA;NA;NA;
22;21;2.43;3.99;2.21;NA;3.67;3.7;18.5;2.15;11.96;NA;NA;NA;
22;22;2.17;4.19;2.19;NA;3.88;3.79;2.7;1.42;6.25;NA;NA;NA;
22;23;3.98;3.77;3.48;NA;5.69;4.69;4;1.9;5.69;NA;NA;NA;
23;0;2.95;3.63;3.68;NA;6.05;4.74;1.98;1.3;4.81;NA;NA;NA;
23;1;3.5;ND;ND;NA;ND;5.37;1.48;1.21;ND;NA;NA;NA;
23;2;1.72;13.01;5.2;NA;2.68;5.43;0.37;1.26;17.96;NA;NA;NA;
23;3;1.68;9.91;3.7;NA;6.34;4.68;0.33;1.05;13.21;NA;NA;NA;
23;4;2.21;3.93;4.52;NA;6.14;5.14;0.46;0.99;3.66;NA;NA;NA;
23;5;3.18;13.9;7.36;NA;7.54;4.97;0.28;1.05;5.71;NA;NA;NA;
23;6;6.04;17.96;7.32;NA;11.26;9.6;1;1.75;5.71;NA;NA;NA;
23;7;7.56;16.9;10.01;NA;7.39;10.74;1.59;3.08;18.23;NA;NA;NA;
23;8;7.13;9.97;8.23;NA;7.22;7.29;1.38;3.94;41.03;NA;NA;NA;
23;9;3.09;6.57;5.89;NA;5.31;6.86;0.98;4.64;16.63;NA;NA;NA;
23;10;2.14;4.88;4.93;NA;10.6;5.9;1.23;4.38;24.25;NA;NA;NA;
23;11;1.66;5.3;4.01;NA;4.07;4.13;1.56;2.79;17.14;NA;NA;NA;
23;12;2.57;6.54;2.99;NA;2.82;3.43;3.07;2.6;10.75;NA;NA;NA;
23;13;2.46;5.26;3.77;NA;2.42;3.35;2.53;1.69;7.62;NA;NA;NA;
23;14;3.53;6.84;2.55;NA;2.06;3.08;3.24;2.04;10.91;NA;NA;NA;
23;15;3.45;3.31;6.57;NA;1.64;2.77;2.67;1.49;5.22;NA;NA;NA;
23;16;1.82;3.92;6.29;NA;6.11;4.36;3.51;4.63;12.89;NA;NA;NA;
23;17;0.89;3.33;3.48;NA;3.2;4.31;3.06;2.62;7.84;NA;NA;NA;
23;18;0.57;3.19;1.79;NA;2.69;4.17;2.39;1.02;2.44;NA;NA;NA;
23;19;1.49;3.34;2.7;NA;2.45;3.97;2.56;0.65;2.1;NA;NA;NA;
23;20;2.14;3.62;4.98;NA;3.87;5.23;2.95;1.03;2.82;NA;NA;NA;
23;21;2.53;4.18;6.45;NA;4.77;4.64;4.03;1.28;3.97;NA;NA;NA;
23;22;2.44;4.1;10.05;NA;10.92;5.67;2.79;0.87;13.59;NA;NA;NA;
23;23;2.51;3.09;7.48;NA;13.59;8.82;3.11;0.86;2.19;NA;NA;NA;
24;0;3.11;2.84;3.85;NA;16.99;6.08;3.81;ND;2.41;NA;NA;NA;
24;1;1.99;2.16;4.07;NA;7.46;ND;2.88;0.9;2.25;NA;NA;NA;
24;2;2.08;1.94;3.41;NA;4.99;4.35;3.59;0.51;2.58;NA;NA;NA;
24;3;3.17;1.66;3.1;NA;6.52;4.44;2.44;0.4;2;NA;NA;NA;
24;4;0.48;1.66;3.9;NA;7.59;6.52;1.42;0.47;2.93;NA;NA;NA;
24;5;2.08;2.03;2.89;NA;17.83;11.46;1.49;0.81;8.43;NA;NA;NA;
24;6;4.67;2.28;4.03;NA;12.08;9.5;1.49;1.19;6.46;NA;NA;NA;
24;7;3.87;2.52;8.52;NA;8.03;8.84;1.87;1.23;2.76;NA;NA;NA;
24;8;3.25;3.41;7.5;NA;7.4;8.92;1.18;0.75;4.2;NA;NA;NA;
24;9;3.77;4.22;6.78;NA;2.61;6.37;1.32;1.96;3.81;NA;NA;NA;
24;10;ND;5.82;6.06;NA;2.41;3.97;1.18;3.89;5.73;NA;NA;NA;
24;11;ND;4.34;2.85;NA;3.91;3.74;ND;3.64;3.49;NA;NA;NA;
24;12;ND;4.3;3.31;NA;5.8;4.08;6.78;1.85;19.36;NA;NA;NA;
24;13;1.98;3.72;5.41;NA;5.01;3.81;3.6;3.65;27.13;NA;NA;NA;
24;14;1.48;3.05;5.99;NA;6.18;3.87;1.73;3.4;3.42;NA;NA;NA;
24;15;1.11;3.02;4.46;NA;6;4.59;1.98;2.31;2.65;NA;NA;NA;
24;16;0.91;2.62;4.45;NA;3.2;4.11;1.21;1.84;3.18;NA;NA;NA;
24;17;0.49;2.41;5.39;NA;4.66;4.06;1.23;0.3;2.8;NA;NA;NA;
24;18;0.57;1.94;3.34;NA;1.6;3.58;5.41;0.56;7.4;NA;NA;NA;
24;19;2.55;2.79;3.2;NA;2.79;3.23;1.74;2.49;3.04;NA;NA;NA;
24;20;2.49;2.43;3.7;NA;1.52;3.37;5.76;1.65;2.26;NA;NA;NA;
24;21;0.94;4.9;2.7;NA;3.22;3.22;25.26;1.1;4.78;NA;NA;NA;
24;22;1.07;3.22;4.46;NA;5.59;3.3;10.3;0.68;8.22;NA;NA;NA;
24;23;1.38;2.58;5.16;NA;5.9;2.77;8.01;0.68;3.84;NA;NA;NA;
25;0;1.55;1.64;3.36;NA;4.33;3.22;7.03;0.21;3.37;NA;NA;NA;
25;1;1.17;ND;ND;NA;ND;2.59;4.5;0.6;ND;NA;NA;NA;
25;2;1.47;4.49;3.32;NA;3.36;3.03;9.25;0.74;8.64;NA;NA;NA;
25;3;2.45;5.29;3.13;NA;23.05;4.16;3.28;0.54;5.39;NA;NA;NA;
25;4;2.47;17.55;4.43;NA;7.54;12.9;2.17;1.29;6.19;NA;NA;NA;
25;5;3.69;13.7;5.18;NA;11.12;7.37;1.88;2.12;3.94;NA;NA;NA;
25;6;4.81;5.3;3.68;NA;24.29;11.54;4.25;2.9;7.55;NA;NA;NA;
25;7;3.91;9.07;4.82;NA;21.1;9.17;5.6;5.27;6.8;NA;NA;NA;
25;8;6.55;11.91;7.5;NA;23.73;9.46;3.49;5.27;13.39;NA;NA;NA;
25;9;7.76;9.54;8.24;NA;11.71;7.15;2.22;5.95;23.51;NA;NA;NA;
25;10;5.11;6.2;5.01;NA;5.23;4.02;2.35;3.53;20.21;NA;NA;NA;
25;11;3.48;8.11;5.04;NA;10.09;4;2.63;3.25;6.06;NA;NA;NA;
25;12;3.59;5.93;4.34;NA;10.7;4.36;9.62;3;8.56;NA;NA;NA;
25;13;2.31;3.94;5.11;NA;10.26;3.71;5.11;2.19;7.94;NA;NA;NA;
25;14;0.85;4.31;5.46;NA;ND;4.71;4.05;5.92;5.2;NA;NA;NA;
25;15;1.63;4.81;6.54;NA;ND;6.38;4.3;3.82;4.96;NA;NA;NA;
25;16;0.9;4.49;4.5;NA;4.71;6.57;2.85;1.28;4.59;NA;NA;NA;
25;17;1.1;4.71;4.29;NA;6.95;5.96;1.88;1.71;10.67;NA;NA;NA;
25;18;2.1;3.42;5.32;NA;9.07;5.39;2.02;1.42;11.07;NA;NA;NA;
25;19;1.6;3.65;6.84;NA;3.54;6.16;2.37;2.11;9.08;NA;NA;NA;
25;20;1.79;2.49;5.9;NA;4.39;5.72;3;1.99;2.27;NA;NA;NA;
25;21;2.06;2.32;6.4;NA;4.33;5.62;3.27;1.14;1.51;NA;NA;NA;
25;22;1.68;2.21;5.85;NA;10.44;5.44;4.39;0.84;1.74;NA;NA;NA;
25;23;1.39;1.72;4.1;NA;23.44;5.43;5.97;0.94;2.02;NA;NA;NA;
26;0;1.13;1.32;3.8;NA;13.92;4.64;3.29;ND;1;NA;NA;NA;
26;1;ND;1.47;3.25;NA;10.55;ND;10.47;1;0.69;NA;NA;NA;
26;2;1.23;1.52;4.43;NA;9.35;5.38;7.63;0.67;0.83;NA;NA;NA;
26;3;0.62;2.07;3.74;NA;5.58;4.48;7.84;0.72;0.98;NA;NA;NA;
26;4;0.74;1.95;2.37;NA;6.96;4.31;6.7;1.26;1.06;NA;NA;NA;
26;5;2.57;2.24;3.96;NA;4.96;3.97;9.41;0.66;1.25;NA;NA;NA;
26;6;2.36;3.42;5.71;NA;10.06;5.09;8.06;1.16;2.81;NA;NA;NA;
26;7;3.06;3.71;9.25;NA;11.8;7.45;6.95;2.16;2.74;NA;NA;NA;
26;8;5.32;6.57;12.47;NA;10.25;8.94;7;2.01;17.53;NA;NA;NA;
26;9;4.07;6.73;9.68;NA;9.46;10.14;6.07;3.49;14.89;NA;NA;NA;
26;10;2.51;3.2;10.58;NA;11.77;8.89;5.83;6.74;27.11;NA;NA;NA;
26;11;ND;3.31;10.85;NA;12.67;7.25;9.6;8.65;35.3;NA;NA;NA;
26;12;ND;5.72;10.09;NA;9.86;7.88;11.3;9.51;39.53;NA;NA;NA;
26;13;5.45;7.82;12.1;NA;10.1;7.99;8.19;4.99;11.85;NA;NA;NA;
26;14;2.96;4;9.11;NA;9.72;9.27;6.26;3.58;13.38;NA;NA;NA;
26;15;ND;3.38;10.98;NA;8.41;9.95;5.51;4.01;ND;NA;NA;NA;
26;16;4.98;5.78;15.18;NA;4.35;8.04;3.74;2.71;3.22;NA;NA;NA;
26;17;2.98;5.79;13.4;NA;2.89;7.16;3.15;2.1;5.44;NA;NA;NA;
26;18;1.74;5.26;7.24;NA;2.76;6.8;4.7;1.68;12.4;NA;NA;NA;
26;19;3.24;3.27;5.86;NA;3.5;6.04;3.86;1;4.2;NA;NA;NA;
26;20;2;2.62;5.93;NA;7.68;6.46;5.09;1.17;7.65;NA;NA;NA;
26;21;3.04;2.51;5.25;NA;4.96;6.52;5.2;1.01;7.04;NA;NA;NA;
26;22;1.86;2.09;3.66;NA;2.35;5.38;3.98;1.02;4.52;NA;NA;NA;
26;23;4.24;2.02;6.09;NA;2.94;5.26;6.75;0.88;6.3;NA;NA;NA;
27;0;4.2;2.61;10.12;NA;9.65;7.96;5.46;0.83;3.81;NA;NA;NA;
27;1;4.66;ND;ND;NA;ND;8.85;6.04;0.67;ND;NA;NA;NA;
27;2;1.47;6.26;9.93;NA;19.11;9.55;7.26;0.34;2.77;NA;NA;NA;
27;3;2.91;4.41;10.26;NA;20.04;7.53;8.74;0.31;2.78;NA;NA;NA;
27;4;3.06;3.7;10.31;NA;9.32;9.03;10.85;0.49;6.04;NA;NA;NA;
27;5;5.82;8.45;8.92;NA;12.83;9.46;4.88;0.7;6.25;NA;NA;NA;
27;6;5.1;12.92;7.08;NA;23.83;13;7.55;2.27;7.67;NA;NA;NA;
27;7;4.53;6.42;4.88;NA;17.27;10.39;14.53;4.14;7.79;NA;NA;NA;
27;8;4.52;3.81;8.25;NA;8.4;10.91;13.35;14.39;13.28;NA;NA;NA;
27;9;5.78;3.46;5.31;NA;9.59;9.05;6.7;13.39;10.2;NA;NA;NA;
27;10;3.11;15.38;13.51;NA;32.41;23.73;18.17;11.72;9.77;NA;NA;NA;
27;11;15.42;9.88;51.8;NA;52.57;53.29;16.07;34.75;21.52;NA;NA;NA;
27;12;12.99;14.33;42.28;NA;44.69;48.05;11.24;43.67;19.95;NA;NA;NA;
27;13;4.78;5.92;29.11;NA;35.98;38.75;12.6;22.2;11.79;NA;NA;NA;
27;14;1.54;3.24;11.21;NA;20.49;21.29;8.47;24.61;3.27;NA;NA;NA;
27;15;1.52;4.24;19.81;NA;11.58;15.23;4.43;19.62;1.71;NA;NA;NA;
27;16;3.85;8.29;11.01;NA;14.85;17.2;2.76;9.84;2.47;NA;NA;NA;
27;17;8.87;16.7;10.81;NA;10.58;11.77;1.75;14.74;10.05;NA;NA;NA;
27;18;2.69;3.05;12.97;NA;16.7;15.61;1.24;17.23;28.84;NA;NA;NA;
27;19;1.85;2.85;9.9;NA;11.67;10.92;1.59;10.63;28;NA;NA;NA;
27;20;4;3.27;11.69;NA;13.33;12.61;1.37;5.68;13.77;NA;NA;NA;
27;21;5.31;3.54;10.51;NA;13.15;13.07;1.7;7.82;7.08;NA;NA;NA;
27;22;4.9;3.27;7.38;NA;11.13;9.07;2.37;5.84;11.45;NA;NA;NA;
27;23;4.45;3.59;8.35;NA;11.08;8.91;1.62;4.25;13.31;NA;NA;NA;
28;0;5.04;5.62;6.36;NA;6.77;7.06;1.24;ND;9.34;NA;NA;NA;
28;1;ND;5.56;3.41;NA;4.97;ND;0.96;2.81;8.26;NA;NA;NA;
28;2;ND;7.92;3.65;NA;11.99;6.02;1.27;2.39;5.44;NA;NA;NA;
28;3;ND;6.51;4.59;NA;20.66;6.07;1.58;8.84;5.59;NA;NA;NA;
28;4;ND;16.78;5.07;NA;22.71;7.89;1.49;26.91;9.85;NA;NA;NA;
28;5;ND;13.24;3.62;NA;25.05;9.83;1.54;11.06;5.67;NA;NA;NA;
28;6;ND;15.41;5.56;NA;17.55;8.73;2.4;10.87;11.43;NA;NA;NA;
28;7;ND;18.41;10.02;NA;15.16;12.33;2.08;24.03;17.28;NA;NA;NA;
28;8;11;11.64;7.92;NA;10.61;9.61;2.76;43.13;25.2;NA;NA;NA;
28;9;4.59;8.38;7.03;NA;35.86;6.12;2.29;18.73;7.63;NA;NA;NA;
28;10;3;5.76;5.33;NA;ND;5.67;2.39;9.82;7.72;NA;NA;NA;
28;11;6.16;15.9;6.46;NA;5.27;6.45;2.34;7.51;7.66;NA;NA;NA;
28;12;7.28;11.99;10.81;NA;7.74;8.7;2.12;10.63;18.29;NA;NA;NA;
28;13;4.47;7.59;9.42;NA;8.64;9.74;ND;10.7;14.01;NA;NA;NA;
28;14;3.27;6.33;8.05;NA;4.11;6.14;ND;8.57;4.97;NA;NA;NA;
28;15;1.01;4.23;6.31;NA;3.09;3.68;1.83;5.84;8.63;NA;NA;NA;
28;16;0.76;3.56;5.26;NA;4.09;3.81;2.3;3.67;27.52;NA;NA;NA;
28;17;0.75;3.02;6.89;NA;3.23;4.23;2.8;2.58;9.9;NA;NA;NA;
28;18;0.68;2.69;6.47;NA;3.46;4.65;3.48;1.3;15.29;NA;NA;NA;
28;19;0.89;2.65;4.64;NA;5.47;4.67;3.38;0.74;4.41;NA;NA;NA;
28;20;1.59;2.33;4.2;NA;4.77;4.17;6.56;1.3;5.67;NA;NA;NA;
28;21;1.67;2.31;4.02;NA;6.03;4.12;5.48;1.46;4.7;NA;NA;NA;
28;22;1.99;2.06;3.23;NA;5.94;3.95;2.6;1.26;1.55;NA;NA;NA;
28;23;2.21;2.05;2.15;NA;4.29;3.75;2.83;1.21;9.46;NA;NA;NA;
29;0;1.65;2.05;1.82;NA;2.63;3.16;2.48;1.47;2.55;NA;NA;NA;
29;1;0.89;ND;ND;NA;2.53;3.23;4.3;1.62;ND;NA;NA;NA;
29;2;1.45;2.56;2.53;NA;3.06;2.94;2.54;1.53;8.29;NA;NA;NA;
29;3;1.41;3.13;2.73;NA;2.86;2.63;1.82;1.73;2.92;NA;NA;NA;
29;4;2.33;3.6;3.26;NA;3.78;2.99;2.46;1.45;4.05;NA;NA;NA;
29;5;1.34;3.52;5.26;NA;4.05;4.43;5.22;1.56;5.63;NA;NA;NA;
29;6;3.38;3.86;3.87;NA;7.12;6.61;3.71;1.92;9.81;NA;NA;NA;
29;7;2.39;4.22;4.93;NA;4.31;6.33;2.72;9.13;10.62;NA;NA;NA;
29;8;2.31;7.85;7.15;NA;6.76;6.65;3.87;32.6;11.04;NA;NA;NA;
29;9;2.44;5.08;8.02;NA;6.98;5.77;11.43;16.15;25.59;NA;NA;NA;
29;10;1.75;2.94;6.06;NA;8.39;5.15;13.39;4.77;12.74;NA;NA;NA;
29;11;1.03;2.03;4.1;NA;ND;3.92;5.08;4;40.94;NA;NA;NA;
29;12;0.58;1.9;2.1;NA;ND;2.63;3.77;2.57;5.69;NA;NA;NA;
29;13;0.46;1.94;2.83;NA;ND;2.72;3.67;2.58;6.03;NA;NA;NA;
29;14;ND;1.62;2.27;NA;ND;3.05;2.97;1.91;7.35;NA;NA;NA;
29;15;0.48;2.02;2.35;NA;ND;2.52;1.92;1.28;34.7;NA;NA;NA;
29;16;0.31;1.93;2.84;NA;ND;2.05;2.33;1.23;11.44;NA;NA;NA;
29;17;0.56;1.89;2.76;NA;ND;2.56;2.44;0.7;4.04;NA;NA;NA;
29;18;0.56;2.05;2.27;NA;ND;2.09;2.93;1.18;4.03;NA;NA;NA;
29;19;ND;2.26;2.5;NA;ND;2.54;5.02;0.82;3.91;NA;NA;NA;
29;20;ND;1.99;1.73;NA;ND;2.76;7.12;1.02;8.93;NA;NA;NA;
29;21;0.63;1.87;1.27;NA;ND;2.56;2.07;0.88;1.32;NA;NA;NA;
29;22;0.42;1.71;1.29;NA;ND;2.3;2.38;0.78;1.23;NA;NA;NA;
29;23;0.87;1.42;1.27;NA;ND;2.15;1.24;0.72;2.25;NA;NA;NA;
30;0;0.55;1.3;1.3;NA;ND;2.03;3.48;ND;1.35;NA;NA;NA;
30;1;1.06;0.94;1.48;NA;ND;ND;3.99;0.86;2.17;NA;NA;NA;
30;2;0.47;0.95;1.41;NA;ND;1.85;3.32;0.58;3.32;NA;NA;NA;
30;3;0.54;1.01;1.12;NA;ND;1.78;9.64;0.49;5.39;NA;NA;NA;
30;4;0.22;0.81;1.16;NA;ND;1.54;5.12;0.49;1.72;NA;NA;NA;
30;5;0.2;0.97;1.74;NA;ND;1.42;4.36;0.49;2.77;NA;NA;NA;
30;6;0.5;0.92;2.28;NA;ND;1.8;12.21;0.38;1.34;NA;NA;NA;
30;7;0.97;1.17;2.74;NA;ND;2.28;22.84;0.35;2.63;NA;NA;NA;
30;8;0.88;1.59;2.99;NA;ND;1.86;15.86;0.48;44.07;NA;NA;NA;
30;9;0.58;1.68;1.85;NA;ND;2.1;6.64;0.17;26.58;NA;NA;NA;
30;10;0.35;1.66;1.38;NA;ND;1.82;2.8;0.87;17.7;NA;NA;NA;
30;11;0.24;1.69;2.06;NA;ND;1.32;2.13;0.37;2.01;NA;NA;NA;
30;12;0.3;1.56;2.44;NA;ND;1.25;1.61;1.14;3.89;NA;NA;NA;
30;13;0.27;1.28;2.23;NA;ND;1.1;1.88;0.87;0.61;NA;NA;NA;
30;14;0.21;1.28;2.39;NA;ND;1.27;1.71;0.53;1.18;NA;NA;NA;
30;15;0.36;1.16;2.33;NA;ND;1.67;1.92;0.57;0.96;NA;NA;NA;
30;16;1.64;2.27;1.89;NA;ND;1.92;1.88;5.42;0.83;NA;NA;NA;
30;17;1.12;2.17;2.07;NA;ND;1.61;1.77;7.9;8.74;NA;NA;NA;
30;18;0.61;1.73;1.31;NA;ND;1.87;5.86;3.56;17.39;NA;NA;NA;
30;19;1.81;1.13;1.58;NA;ND;4.24;4.01;2.36;18.82;NA;NA;NA;
30;20;0.47;2.66;1.55;NA;ND;3.99;2.88;2.32;16.28;NA;NA;NA;
30;21;0.94;3.1;2.33;NA;ND;4.42;4.4;1.59;10.65;NA;NA;NA;
30;22;0.76;1.85;5.95;NA;ND;3.68;2.55;1.76;11.26;NA;NA;NA;
30;23;0.63;2.47;2.2;NA;ND;3.87;3.45;1.64;6.58;NA;NA;NA;
31;0;0.95;4.85;3.02;NA;ND;3.39;4.27;1.47;7.81;NA;NA;NA;
31;1;0.67;ND;ND;NA;ND;3.73;2.93;1.41;ND;NA;NA;NA;
31;2;0.96;11.91;2.97;NA;ND;3.71;2.42;1.35;3.4;NA;NA;NA;
31;3;0.93;9.32;2.41;NA;ND;3.47;3.68;1.73;4.66;NA;NA;NA;
31;4;0.62;4.66;1.89;NA;ND;2.49;6.34;2.85;3.75;NA;NA;NA;
31;5;1.51;8.36;2.13;NA;ND;3.18;5.14;4.51;4.37;NA;NA;NA;
31;6;4.36;14.18;2.61;NA;ND;5.12;8.87;7.16;5.49;NA;NA;NA;
31;7;5.32;16.62;6.54;NA;ND;17.79;9.52;8.88;8.54;NA;NA;NA;
31;8;10.03;11.44;7.07;NA;ND;13.15;5.18;ND;8.03;NA;NA;NA;
31;9;8.27;6.98;7.05;NA;ND;6.5;2.9;ND;12.31;NA;NA;NA;
31;10;5.09;9.85;8.33;NA;ND;4.59;3.53;ND;5.92;NA;NA;NA;
31;11;2.6;6.11;9.32;NA;ND;7.31;9.18;ND;28.35;NA;NA;NA;
31;12;1.05;3.43;5.38;NA;ND;5.62;7.15;ND;12.65;NA;NA;NA;
31;13;0.77;3.05;2.98;NA;ND;4.36;5.12;ND;5.88;NA;NA;NA;
31;14;0.5;2.66;2.53;NA;ND;3.55;3.93;ND;6.63;NA;NA;NA;
31;15;0.45;2.49;2.22;NA;ND;2.88;2.76;ND;2.46;NA;NA;NA;
31;16;0.29;2.2;3.24;NA;ND;2.28;3.7;ND;2.18;NA;NA;NA;
31;17;0.44;2.08;4;NA;ND;2.46;6.86;ND;3.15;NA;NA;NA;
31;18;0.28;2.01;5.89;NA;ND;2.95;4.16;ND;2.14;NA;NA;NA;
31;19;0.64;2.16;13;NA;ND;3.79;3.44;ND;3.17;NA;NA;NA;
31;20;2.81;2.04;5.3;NA;ND;4.12;5.06;ND;6.37;NA;NA;NA;
31;21;1.49;1.87;3.28;NA;ND;3.23;2.72;ND;3.81;NA;NA;NA;
31;22;0.74;1.9;2.44;NA;ND;2.93;2.4;ND;4.13;NA;NA;NA;
31;23;1.72;2.7;2.99;NA;ND;2.56;1.97;ND;4.04;NA;NA;NA;
