DIA;HORA;Cotocollao;Carapungo;Belisario;Jipijapa;El Camal;Centro;Guamaní;Tumbaco;Los Chillos;El Condado;Turubamba;Chillogallo;
1;0;ND;ND;0.32;NA;0.5;ND;0.05;NA;0.31;NA;NA;NA;
1;1;0.52;0.61;0.28;NA;0.38;0.23;0.03;NA;0.26;NA;NA;NA;
1;2;0.44;0.43;0.28;NA;0.3;0.23;0.02;NA;0.25;NA;NA;NA;
1;3;0.44;0.58;0.29;NA;0.27;0.25;0.03;NA;0.24;NA;NA;NA;
1;4;0.51;0.64;0.29;NA;0.31;0.28;0.03;NA;0.25;NA;NA;NA;
1;5;0.7;0.95;0.32;NA;0.61;0.39;0.07;NA;0.28;NA;NA;NA;
1;6;1.78;1.14;0.47;NA;0.95;0.54;0.15;NA;0.65;NA;NA;NA;
1;7;0.96;0.85;0.56;NA;1;0.58;0.17;NA;1.2;NA;NA;NA;
1;8;0.55;0.9;0.62;NA;0.63;0.62;0.15;NA;0.62;NA;NA;NA;
1;9;0.52;0.6;0.65;NA;0.53;0.47;0.11;NA;0.26;NA;NA;NA;
1;10;0.48;0.51;0.66;NA;0.39;0.36;0.11;NA;0.23;NA;NA;NA;
1;11;0.4;0.41;0.64;NA;0.41;0.39;0.07;NA;0.2;NA;NA;NA;
1;12;0.31;0.43;0.63;NA;0.4;0.35;0.04;NA;0.2;NA;NA;NA;
1;13;0.32;0.46;0.66;NA;0.31;0.31;0.02;NA;0.24;NA;NA;NA;
1;14;0.44;0.48;0.6;NA;0.37;0.34;0.02;NA;0.21;NA;NA;NA;
1;15;0.56;0.43;0.7;NA;0.44;0.37;0.04;NA;0.23;NA;NA;NA;
1;16;0.62;0.43;0.81;NA;0.52;0.53;0.11;NA;0.27;NA;NA;NA;
1;17;1.07;0.48;0.78;NA;0.63;0.43;0.12;NA;0.31;NA;NA;NA;
1;18;1.29;0.52;0.86;NA;0.59;0.45;0.15;NA;0.27;NA;NA;NA;
1;19;1.57;0.52;0.83;NA;0.65;0.61;0.26;NA;0.36;NA;NA;NA;
1;20;1.5;0.68;0.79;NA;0.42;0.6;0.24;NA;0.32;NA;NA;NA;
1;21;1.23;0.65;0.74;NA;0.53;0.64;0.18;NA;0.49;NA;NA;NA;
1;22;1.46;0.83;0.48;NA;0.45;0.52;0.09;NA;0.49;NA;NA;NA;
1;23;1.21;0.59;0.4;NA;0.5;0.41;0.01;NA;0.36;NA;NA;NA;
2;0;0.78;0.76;ND;NA;ND;0.36;ND;NA;ND;NA;NA;NA;
2;1;0.65;1;0.34;NA;0.25;0.33;0;NA;0.4;NA;NA;NA;
2;2;0.57;0.88;0.31;NA;0.24;0.27;0;NA;0.29;NA;NA;NA;
2;3;0.59;0.81;0.31;NA;0.28;0.29;0;NA;0.3;NA;NA;NA;
2;4;0.61;0.69;0.29;NA;0.26;0.29;0;NA;0.28;NA;NA;NA;
2;5;0.58;0.7;0.32;NA;0.37;0.35;0.04;NA;0.28;NA;NA;NA;
2;6;0.8;0.83;0.36;NA;0.36;0.43;0.29;NA;0.4;NA;NA;NA;
2;7;0.7;0.76;0.43;NA;0.64;0.6;0.31;NA;0.49;NA;NA;NA;
2;8;0.58;0.76;0.5;NA;0.68;0.49;0.25;NA;0.45;NA;NA;NA;
2;9;0.53;0.63;0.5;NA;0.53;0.52;0.22;NA;0.27;NA;NA;NA;
2;10;0.53;0.52;0.55;NA;0.53;0.47;0.24;NA;0.26;NA;NA;NA;
2;11;0.48;0.43;0.47;NA;0.37;0.34;ND;NA;0.23;NA;NA;NA;
2;12;0.41;0.43;0.51;NA;0.33;0.32;ND;NA;0.25;NA;NA;NA;
2;13;0.42;0.43;0.52;NA;0.44;0.34;0.25;NA;0.26;NA;NA;NA;
2;14;0.38;0.41;0.46;NA;0.29;0.34;0.23;NA;0.21;NA;NA;NA;
2;15;0.35;0.41;0.43;NA;0.33;0.31;0.23;NA;0.23;NA;NA;NA;
2;16;0.38;0.42;0.44;NA;0.38;0.37;0.3;NA;0.22;NA;NA;NA;
2;17;0.46;0.48;0.53;NA;0.4;0.42;0.39;NA;0.27;NA;NA;NA;
2;18;0.57;0.65;0.58;NA;0.36;0.46;0.46;NA;0.26;NA;NA;NA;
2;19;0.65;0.61;0.57;NA;0.39;0.43;0.33;NA;0.28;NA;NA;NA;
2;20;0.62;0.49;0.57;NA;0.46;0.45;0.27;NA;0.26;NA;NA;NA;
2;21;0.56;0.52;0.58;NA;0.34;0.53;0.24;NA;0.32;NA;NA;NA;
2;22;0.48;0.53;0.46;NA;0.32;0.54;0.22;NA;0.29;NA;NA;NA;
2;23;0.37;0.43;0.38;NA;0.5;0.37;0.16;NA;0.25;NA;NA;NA;
3;0;ND;ND;0.34;NA;0.38;ND;0.14;NA;0.27;NA;NA;NA;
3;1;0.36;0.5;0.32;NA;0.36;0.3;0.16;NA;0.3;NA;NA;NA;
3;2;0.34;0.56;0.32;NA;0.27;0.28;0.14;NA;0.28;NA;NA;NA;
3;3;0.3;0.66;0.31;NA;0.35;0.26;0.13;NA;0.31;NA;NA;NA;
3;4;0.35;0.74;0.28;NA;0.32;0.26;0.16;NA;0.27;NA;NA;NA;
3;5;0.33;1;0.33;NA;0.49;0.35;0.18;NA;0.29;NA;NA;NA;
3;6;0.68;1.25;0.4;NA;0.76;0.45;0.32;NA;0.38;NA;NA;NA;
3;7;0.43;0.67;0.53;NA;0.59;0.5;0.37;NA;0.68;NA;NA;NA;
3;8;0.43;0.57;0.55;NA;0.44;0.42;0.55;NA;0.35;NA;NA;NA;
3;9;0.43;0.52;0.47;NA;0.5;0.36;0.95;NA;0.25;NA;NA;NA;
3;10;0.41;0.44;0.44;NA;0.37;0.3;0.82;NA;0.22;NA;NA;NA;
3;11;0.39;0.39;0.47;NA;0.35;0.26;0.56;NA;0.2;NA;NA;NA;
3;12;0.36;0.41;0.39;NA;0.33;0.27;0.33;NA;0.24;NA;NA;NA;
3;13;0.39;0.4;0.52;NA;0.35;0.28;0.26;NA;0.24;NA;NA;NA;
3;14;0.37;0.4;0.37;NA;0.33;0.29;0.3;NA;0.23;NA;NA;NA;
3;15;0.39;0.42;0.4;NA;0.32;0.29;0.33;NA;0.22;NA;NA;NA;
3;16;0.41;0.45;0.41;NA;0.44;0.35;0.5;NA;0.22;NA;NA;NA;
3;17;0.43;0.45;0.43;NA;0.45;0.31;0.48;NA;0.26;NA;NA;NA;
3;18;0.47;0.46;0.46;NA;0.6;0.39;0.37;NA;0.3;NA;NA;NA;
3;19;0.65;0.52;0.43;NA;0.67;0.55;0.42;NA;0.28;NA;NA;NA;
3;20;0.73;0.59;0.54;NA;0.54;0.51;0.38;NA;0.34;NA;NA;NA;
3;21;0.87;0.59;0.43;NA;0.8;0.56;0.47;NA;0.57;NA;NA;NA;
3;22;0.81;0.79;0.57;NA;0.93;1.02;0.24;NA;0.55;NA;NA;NA;
3;23;0.77;0.59;0.6;NA;0.85;0.58;0.15;NA;0.46;NA;NA;NA;
4;0;0.65;0.65;ND;NA;ND;0.32;ND;NA;ND;NA;NA;NA;
4;1;0.47;0.51;0.33;NA;0.41;0.28;ND;NA;0.45;NA;NA;NA;
4;2;0.42;0.38;0.29;NA;0.3;0.25;ND;NA;0.4;NA;NA;NA;
4;3;0.41;0.52;0.34;NA;0.33;0.28;ND;NA;0.39;NA;NA;NA;
4;4;0.47;0.5;0.37;NA;0.39;0.33;ND;NA;0.35;NA;NA;NA;
4;5;0.69;0.9;0.4;NA;0.75;0.4;ND;NA;0.41;NA;NA;NA;
4;6;1.34;1.37;0.85;NA;1.17;0.7;ND;NA;0.61;NA;NA;NA;
4;7;1.2;1.45;1.52;NA;1.51;1.05;0.33;NA;0.88;NA;NA;NA;
4;8;1.09;0.91;1.1;NA;0.88;0.62;0.54;NA;0.86;NA;NA;NA;
4;9;0.55;0.6;0.53;NA;0.46;0.37;0.33;NA;0.45;NA;NA;NA;
4;10;0.48;0.51;0.53;NA;0.38;0.35;0.25;NA;0.33;NA;NA;NA;
4;11;0.44;0.49;0.52;NA;0.36;0.34;0.26;NA;0.25;NA;NA;NA;
4;12;0.43;0.45;0.47;NA;0.36;0.32;0.21;NA;0.24;NA;NA;NA;
4;13;0.44;0.44;0.54;NA;0.32;0.32;0.21;NA;0.24;NA;NA;NA;
4;14;0.44;ND;0.52;NA;0.45;0.36;0.19;NA;0.22;NA;NA;NA;
4;15;0.43;ND;0.59;NA;0.4;0.41;0.24;NA;0.25;NA;NA;NA;
4;16;0.45;0.35;0.77;NA;0.42;0.4;0.29;NA;0.26;NA;NA;NA;
4;17;0.46;0.44;0.8;NA;0.5;0.41;0.34;NA;0.33;NA;NA;NA;
4;18;0.64;0.48;0.71;NA;0.6;0.5;0.33;NA;0.3;NA;NA;NA;
4;19;0.68;0.39;0.75;NA;0.75;0.55;0.38;NA;0.39;NA;NA;NA;
4;20;0.91;0.47;0.68;NA;0.76;0.59;0.43;NA;0.34;NA;NA;NA;
4;21;0.97;0.55;0.58;NA;0.53;0.56;0.57;NA;0.31;NA;NA;NA;
4;22;0.56;0.47;0.42;NA;0.69;0.5;0.4;NA;0.37;NA;NA;NA;
4;23;0.53;0.31;0.45;NA;0.59;0.49;0.33;NA;0.44;NA;NA;NA;
5;0;ND;ND;0.33;NA;0.42;ND;0.25;NA;0.35;NA;NA;NA;
5;1;0.47;0.24;0.31;NA;0.31;0.5;0.2;NA;0.3;NA;NA;NA;
5;2;0.37;0.15;0.31;NA;0.3;0.4;0.2;NA;0.32;NA;NA;NA;
5;3;0.39;0.18;0.35;NA;0.3;0.32;0.18;NA;0.32;NA;NA;NA;
5;4;0.52;0.25;0.38;NA;0.38;0.39;0.31;NA;0.34;NA;NA;NA;
5;5;0.63;0.32;0.42;NA;0.68;0.56;0.42;NA;0.39;NA;NA;NA;
5;6;1.16;2.12;0.61;NA;2.15;1.59;0.83;NA;0.56;NA;NA;NA;
5;7;1.13;1.55;0.82;NA;2.5;1.98;0.94;NA;1.05;NA;NA;NA;
5;8;0.7;0.5;1.11;NA;1.7;1.02;0.42;NA;0.64;NA;NA;NA;
5;9;0.5;0.37;0.64;NA;0.47;0.43;0.3;NA;0.5;NA;NA;NA;
5;10;0.43;0.32;0.62;NA;0.44;0.37;0.33;NA;0.24;NA;NA;NA;
5;11;0.41;0.29;0.65;NA;0.48;0.36;0.4;NA;ND;NA;NA;NA;
5;12;0.39;0.3;0.59;NA;0.36;0.4;0.34;NA;ND;NA;NA;NA;
5;13;0.4;0.3;0.63;NA;ND;0.42;0.48;NA;0.25;NA;NA;NA;
5;14;0.43;0.28;0.61;NA;0.39;0.36;0.36;NA;0.23;NA;NA;NA;
5;15;0.44;0.2;0.46;NA;0.69;0.48;0.34;NA;0.31;NA;NA;NA;
5;16;0.43;0.28;0.47;NA;0.73;0.44;0.52;NA;0.22;NA;NA;NA;
5;17;0.45;0.27;0.62;NA;0.78;0.48;0.61;NA;0.26;NA;NA;NA;
5;18;0.59;0.35;0.72;NA;0.93;0.59;0.69;NA;0.32;NA;NA;NA;
5;19;0.71;0.48;0.98;NA;0.91;0.73;0.7;NA;0.63;NA;NA;NA;
5;20;0.78;0.44;0.85;NA;1.45;0.79;0.59;NA;0.89;NA;NA;NA;
5;21;0.67;0.38;1.09;NA;1.22;1;0.68;NA;0.61;NA;NA;NA;
5;22;0.68;0.29;0.81;NA;1.26;1.14;0.83;NA;0.3;NA;NA;NA;
5;23;0.59;0.28;0.58;NA;0.71;0.79;0.52;NA;0.28;NA;NA;NA;
6;0;0.48;0.34;ND;NA;ND;0.55;ND;NA;0.33;NA;NA;NA;
6;1;0.49;0.17;0.53;NA;0.47;0.42;ND;NA;0.27;NA;NA;NA;
6;2;0.45;0.23;0.4;NA;0.39;0.37;0.53;NA;0.24;NA;NA;NA;
6;3;0.45;0.24;0.41;NA;0.45;0.4;0.39;NA;0.27;NA;NA;NA;
6;4;0.48;0.19;0.46;NA;0.63;0.49;0.48;NA;0.3;NA;NA;NA;
6;5;0.55;0.26;0.52;NA;0.92;0.57;0.66;NA;0.33;NA;NA;NA;
6;6;0.87;0.34;0.75;NA;1.38;0.88;0.81;NA;0.55;NA;NA;NA;
6;7;1.15;0.92;1.27;NA;1.53;1.59;0.94;NA;0.9;NA;NA;NA;
6;8;1.26;0.71;2.13;NA;1.93;1.46;0.98;NA;0.79;NA;NA;NA;
6;9;1.25;0.64;1.57;NA;1.19;0.73;0.29;NA;0.69;NA;NA;NA;
6;10;0.84;0.61;0.94;NA;0.86;0.77;ND;NA;0.65;NA;NA;NA;
6;11;0.48;0.39;0.71;NA;0.47;0.42;ND;NA;0.35;NA;NA;NA;
6;12;0.54;0.33;0.7;NA;0.44;0.39;0.17;NA;0.28;NA;NA;NA;
6;13;0.48;0.24;0.58;NA;0.58;0.47;0.27;NA;0.28;NA;NA;NA;
6;14;0.47;0.23;0.48;NA;0.92;0.46;0.28;NA;0.26;NA;NA;NA;
6;15;0.44;0.25;0.75;NA;0.64;0.49;0.35;NA;0.29;NA;NA;NA;
6;16;0.43;0.31;0.7;NA;0.74;0.53;0.38;NA;0.37;NA;NA;NA;
6;17;0.42;0.32;0.65;NA;0.9;0.68;0.42;NA;0.34;NA;NA;NA;
6;18;0.66;0.45;1;NA;1.19;0.84;0.5;NA;0.29;NA;NA;NA;
6;19;0.97;0.5;0.85;NA;1.71;1.28;0.39;NA;0.41;NA;NA;NA;
6;20;1.14;0.51;1.06;NA;2.09;1.2;0.35;NA;0.42;NA;NA;NA;
6;21;0.91;0.42;1.41;NA;1.43;1.31;0.4;NA;0.36;NA;NA;NA;
6;22;1.37;0.59;1.39;NA;1.15;1.21;0.31;NA;0.48;NA;NA;NA;
6;23;1.17;0.38;1.03;NA;0.8;0.88;0.5;NA;0.6;NA;NA;NA;
7;0;ND;ND;0.99;NA;ND;ND;ND;NA;ND;NA;NA;NA;
7;1;0.91;0.4;1.05;NA;0.99;0.8;0.4;NA;0.35;NA;NA;NA;
7;2;0.91;0.5;1.01;NA;0.89;0.73;0.14;NA;0.31;NA;NA;NA;
7;3;0.85;0.51;0.96;NA;0.79;0.72;0.15;NA;0.31;NA;NA;NA;
7;4;0.83;0.61;0.9;NA;0.99;0.74;0.18;NA;0.32;NA;NA;NA;
7;5;0.81;0.68;0.72;NA;1.1;0.93;0.44;NA;0.36;NA;NA;NA;
7;6;1.91;0.8;1.24;NA;2.17;1.53;0.56;NA;0.51;NA;NA;NA;
7;7;1.28;0.87;2.33;NA;2.54;2.31;1.21;NA;0.7;NA;NA;NA;
7;8;1.19;0.52;2.16;NA;1.99;1.8;0.3;NA;0.8;NA;NA;NA;
7;9;0.67;0.29;0.67;NA;0.66;0.55;0.24;NA;0.49;NA;NA;NA;
7;10;ND;0.43;0.49;NA;0.33;0.47;0.2;NA;0.25;NA;NA;NA;
7;11;ND;0.34;0.54;NA;0.37;0.39;0.25;NA;0.22;NA;NA;NA;
7;12;0.29;0.34;0.59;NA;0.41;0.39;0.22;NA;0.25;NA;NA;NA;
7;13;0.32;0.27;ND;NA;0.41;0.33;0.23;NA;0.25;NA;NA;NA;
7;14;0.3;0.27;ND;NA;0.32;0.35;0.32;NA;0.24;NA;NA;NA;
7;15;0.27;0.27;0.46;NA;0.35;0.48;0.31;NA;0.25;NA;NA;NA;
7;16;0.25;0.24;0.56;NA;0.47;0.53;0.3;NA;0.27;NA;NA;NA;
7;17;0.28;0.27;0.62;NA;0.74;0.53;0.54;NA;0.34;NA;NA;NA;
7;18;0.31;0.32;0.64;NA;0.72;0.71;0.58;NA;0.39;NA;NA;NA;
7;19;0.46;0.36;0.6;NA;0.89;0.85;0.35;NA;0.31;NA;NA;NA;
7;20;0.62;0.5;0.78;NA;0.89;0.82;0.7;NA;0.4;NA;NA;NA;
7;21;0.72;0.51;0.77;NA;1.09;1;0.59;NA;0.38;NA;NA;NA;
7;22;0.78;0.37;0.94;NA;0.87;0.84;0.35;NA;0.48;NA;NA;NA;
7;23;0.41;0.27;0.67;NA;0.69;0.69;0.32;NA;0.37;NA;NA;NA;
8;0;0.43;0.31;ND;NA;0.63;0.78;ND;NA;0.45;NA;NA;NA;
8;1;0.34;0.23;0.41;NA;0.67;0.72;0.18;NA;0.38;NA;NA;NA;
8;2;0.33;0.3;0.41;NA;0.61;0.61;0.34;NA;0.25;NA;NA;NA;
8;3;0.38;0.28;0.33;NA;0.65;0.59;0.29;NA;0.26;NA;NA;NA;
8;4;0.35;0.35;0.4;NA;0.68;0.47;0.24;NA;0.43;NA;NA;NA;
8;5;0.53;0.7;0.53;NA;1.06;0.81;0.27;NA;0.47;NA;NA;NA;
8;6;1.79;1.71;0.95;NA;1.76;1.56;0.47;NA;0.59;NA;NA;NA;
8;7;1.37;1.21;0.64;NA;2.22;1.56;0.36;NA;1.07;NA;NA;NA;
8;8;0.5;0.59;0.57;NA;0.91;0.49;0.35;NA;0.7;NA;NA;NA;
8;9;0.31;0.39;0.48;NA;0.37;0.39;0.28;NA;0.27;NA;NA;NA;
8;10;0.31;0.33;0.41;NA;0.4;0.42;0.3;NA;0.25;NA;NA;NA;
8;11;0.28;0.32;0.45;NA;0.39;0.46;0.21;NA;0.22;NA;NA;NA;
8;12;0.27;0.32;0.46;NA;0.38;0.4;0.22;NA;0.27;NA;NA;NA;
8;13;0.25;0.25;0.48;NA;0.35;0.36;0.21;NA;0.24;NA;NA;NA;
8;14;0.26;0.29;0.41;NA;0.36;0.35;0.22;NA;0.24;NA;NA;NA;
8;15;0.28;0.41;0.46;NA;0.37;0.37;0.21;NA;0.23;NA;NA;NA;
8;16;0.28;0.33;0.53;NA;0.34;0.4;0.27;NA;0.29;NA;NA;NA;
8;17;0.29;0.27;0.68;NA;0.5;0.47;0.52;NA;0.35;NA;NA;NA;
8;18;0.38;0.38;0.84;NA;0.71;0.58;0.78;NA;0.39;NA;NA;NA;
8;19;0.69;0.55;0.76;NA;0.74;0.55;0.66;NA;0.41;NA;NA;NA;
8;20;1.54;0.56;0.89;NA;0.6;0.66;0.52;NA;0.57;NA;NA;NA;
8;21;0.95;0.56;0.9;NA;0.62;1.02;0.44;NA;0.53;NA;NA;NA;
8;22;0.78;0.55;0.56;NA;0.98;0.72;0.3;NA;0.79;NA;NA;NA;
8;23;0.39;0.34;0.37;NA;0.67;0.56;0.24;NA;0.35;NA;NA;NA;
9;0;ND;ND;0.3;NA;ND;ND;0.21;NA;ND;NA;NA;NA;
9;1;0.35;0.25;0.31;NA;0.38;0.38;0.21;NA;0.28;NA;NA;NA;
9;2;0.28;0.2;0.46;NA;0.47;0.49;0.23;NA;0.26;NA;NA;NA;
9;3;0.35;0.28;0.53;NA;0.68;0.47;0.21;NA;0.35;NA;NA;NA;
9;4;0.26;0.38;0.34;NA;0.63;0.47;0.24;NA;0.47;NA;NA;NA;
9;5;0.34;0.28;0.38;NA;0.46;0.72;0.27;NA;0.57;NA;NA;NA;
9;6;1.05;1.17;0.41;NA;1.23;0.82;0.58;NA;0.62;NA;NA;NA;
9;7;0.73;1.61;0.61;NA;1.35;1.02;0.65;NA;0.96;NA;NA;NA;
9;8;0.42;0.37;0.43;NA;0.43;0.52;0.34;NA;0.61;NA;NA;NA;
9;9;0.34;0.39;0.49;NA;0.47;0.43;0.27;NA;0.28;NA;NA;NA;
9;10;0.31;0.38;0.34;NA;0.47;0.39;0.28;NA;0.22;NA;NA;NA;
9;11;0.26;0.36;0.35;NA;0.48;0.37;0.28;NA;0.22;NA;NA;NA;
9;12;0.29;0.37;0.37;NA;0.43;0.36;0.28;NA;0.21;NA;NA;NA;
9;13;0.29;0.29;0.35;NA;0.39;0.37;0.43;NA;0.22;NA;NA;NA;
9;14;0.26;0.33;0.32;NA;0.48;0.39;0.27;NA;0.22;NA;NA;NA;
9;15;0.25;0.27;0.32;NA;0.47;0.42;0.39;NA;0.21;NA;NA;NA;
9;16;0.23;0.25;0.26;NA;0.6;0.48;0.61;NA;0.27;NA;NA;NA;
9;17;0.23;0.26;0.24;NA;0.73;0.47;0.54;NA;0.24;NA;NA;NA;
9;18;0.35;0.28;0.28;NA;0.8;0.7;0.64;NA;0.28;NA;NA;NA;
9;19;0.61;0.45;0.58;NA;0.91;0.62;0.59;NA;0.32;NA;NA;NA;
9;20;0.89;0.61;0.48;NA;1.22;0.79;0.43;NA;0.61;NA;NA;NA;
9;21;0.78;0.54;0.55;NA;1;0.81;0.4;NA;0.58;NA;NA;NA;
9;22;0.78;0.55;0.59;NA;0.62;0.88;0.33;NA;0.69;NA;NA;NA;
9;23;0.67;0.55;0.67;NA;0.79;0.65;0.3;NA;0.58;NA;NA;NA;
10;0;0.57;0.59;ND;NA;0.91;0.58;ND;NA;0.49;NA;NA;NA;
10;1;0.56;0.78;0.55;NA;0.85;0.46;0.23;NA;0.46;NA;NA;NA;
10;2;0.5;0.79;0.53;NA;0.76;0.4;0.24;NA;0.45;NA;NA;NA;
10;3;0.44;0.69;0.46;NA;0.91;0.39;0.35;NA;0.39;NA;NA;NA;
10;4;0.22;0.78;0.33;NA;0.96;0.54;0.63;NA;0.43;NA;NA;NA;
10;5;0.39;1;0.49;NA;0.91;0.81;0.65;NA;0.38;NA;NA;NA;
10;6;0.71;1.25;0.8;NA;1.28;1.16;0.75;NA;0.62;NA;NA;NA;
10;7;0.95;1.37;1.01;NA;1.56;1.09;0.43;NA;0.77;NA;NA;NA;
10;8;0.6;1.26;0.74;NA;0.93;0.67;0.36;NA;0.5;NA;NA;NA;
10;9;0.4;0.43;0.73;NA;0.83;0.78;0.27;NA;0.55;NA;NA;NA;
10;10;0.29;0.27;0.45;NA;0.77;0.5;0.3;NA;0.45;NA;NA;NA;
10;11;0.28;0.24;0.4;NA;0.52;0.33;0.29;NA;0.38;NA;NA;NA;
10;12;0.3;0.32;0.29;NA;0.34;0.3;0.28;NA;0.27;NA;NA;NA;
10;13;0.29;0.28;0.46;NA;0.32;0.31;0.31;NA;0.22;NA;NA;NA;
10;14;0.24;0.27;0.34;NA;0.37;0.39;0.31;NA;0.24;NA;NA;NA;
10;15;0.22;0.29;0.29;NA;0.66;0.42;0.43;NA;0.21;NA;NA;NA;
10;16;0.26;0.27;0.32;NA;0.57;0.51;0.48;NA;0.22;NA;NA;NA;
10;17;0.26;0.27;0.32;NA;0.6;0.47;0.54;NA;0.24;NA;NA;NA;
10;18;0.28;0.29;0.43;NA;0.69;0.56;0.68;NA;0.26;NA;NA;NA;
10;19;0.45;0.41;0.62;NA;1;0.66;0.6;NA;0.25;NA;NA;NA;
10;20;0.65;0.34;0.71;NA;1.21;0.71;0.51;NA;0.25;NA;NA;NA;
10;21;0.68;0.27;0.61;NA;0.91;0.6;0.45;NA;0.26;NA;NA;NA;
10;22;0.31;0.24;0.54;NA;0.76;0.59;0.59;NA;0.26;NA;NA;NA;
10;23;0.28;0.19;0.42;NA;0.54;0.48;0.35;NA;0.2;NA;NA;NA;
11;0;ND;ND;0.39;NA;ND;ND;0.36;NA;ND;NA;NA;NA;
11;1;0.39;0.36;0.39;NA;0.42;0.42;0.33;NA;0.19;NA;NA;NA;
11;2;0.36;0.35;0.34;NA;0.45;0.42;0.35;NA;0.2;NA;NA;NA;
11;3;0.31;0.24;0.31;NA;0.39;0.38;0.32;NA;0.2;NA;NA;NA;
11;4;0.34;0.27;0.32;NA;0.49;0.38;0.34;NA;0.22;NA;NA;NA;
11;5;0.69;0.42;0.43;NA;0.71;0.47;0.54;NA;0.22;NA;NA;NA;
11;6;1.57;0.55;0.69;NA;1.71;1.18;0.61;NA;0.43;NA;NA;NA;
11;7;1.28;0.89;1.73;NA;1.93;2.05;1.13;NA;0.71;NA;NA;NA;
11;8;1.01;0.92;1.93;NA;1.49;1.69;1.2;NA;0.63;NA;NA;NA;
11;9;0.59;0.37;1.39;NA;1.57;1.72;0.91;NA;0.45;NA;NA;NA;
11;10;0.35;0.36;0.96;NA;0.65;0.45;0.39;NA;0.48;NA;NA;NA;
11;11;0.46;0.29;0.43;NA;0.49;0.46;0.34;NA;0.26;NA;NA;NA;
11;12;0.38;0.33;0.47;NA;0.51;0.43;0.29;NA;0.24;NA;NA;NA;
11;13;0.28;0.27;0.51;NA;0.46;0.39;0.3;NA;0.22;NA;NA;NA;
11;14;0.26;0.25;0.48;NA;0.39;0.39;0.27;NA;0.23;NA;NA;NA;
11;15;0.3;0.27;0.5;NA;0.41;0.39;0.31;NA;0.26;NA;NA;NA;
11;16;0.26;0.37;0.55;NA;0.41;0.41;0.32;NA;0.25;NA;NA;NA;
11;17;0.36;0.29;0.68;NA;0.46;0.45;0.32;NA;0.29;NA;NA;NA;
11;18;0.52;0.33;0.88;NA;0.49;0.59;0.46;NA;0.31;NA;NA;NA;
11;19;0.65;0.38;0.88;NA;0.76;0.6;0.52;NA;0.33;NA;NA;NA;
11;20;1.07;0.41;1.01;NA;0.87;0.74;0.68;NA;0.42;NA;NA;NA;
11;21;0.67;0.35;0.77;NA;0.69;0.58;0.79;NA;0.32;NA;NA;NA;
11;22;0.84;0.41;1.07;NA;0.67;0.99;0.32;NA;0.6;NA;NA;NA;
11;23;0.93;0.42;0.65;NA;0.66;1.09;0.43;NA;0.49;NA;NA;NA;
12;0;0.51;0.37;ND;NA;0.49;0.9;ND;NA;0.34;NA;NA;NA;
12;1;0.37;0.27;0.28;NA;0.56;0.66;0.22;NA;0.3;NA;NA;NA;
12;2;0.32;0.18;0.28;NA;0.34;0.5;0.36;NA;0.3;NA;NA;NA;
12;3;0.27;0.24;0.27;NA;0.4;0.39;0.25;NA;0.29;NA;NA;NA;
12;4;0.26;0.26;0.29;NA;0.47;0.49;0.5;NA;0.32;NA;NA;NA;
12;5;0.37;0.25;0.33;NA;0.72;0.55;0.66;NA;0.37;NA;NA;NA;
12;6;1.16;0.95;0.55;NA;1;1.32;1.19;NA;0.53;NA;NA;NA;
12;7;0.95;1.17;0.9;NA;1.53;1.47;0.68;NA;0.88;NA;NA;NA;
12;8;0.71;0.64;1.15;NA;1.27;1.11;0.35;NA;0.69;NA;NA;NA;
12;9;0.32;0.5;0.52;NA;0.5;0.46;0.32;NA;0.58;NA;NA;NA;
12;10;0.32;0.31;ND;NA;0.38;0.41;0.31;NA;0.29;NA;NA;NA;
12;11;0.35;0.38;ND;NA;0.37;0.37;0.32;NA;0.3;NA;NA;NA;
12;12;0.33;0.28;0.51;NA;0.43;0.42;0.33;NA;0.31;NA;NA;NA;
12;13;0.29;0.32;0.59;NA;0.39;0.37;0.35;NA;0.3;NA;NA;NA;
12;14;0.26;0.28;ND;NA;0.34;0.39;0.62;NA;0.25;NA;NA;NA;
12;15;0.28;0.24;0.7;NA;0.33;0.42;0.5;NA;0.24;NA;NA;NA;
12;16;0.26;0.28;0.81;NA;0.4;0.49;0.4;NA;0.31;NA;NA;NA;
12;17;0.34;0.29;0.83;NA;0.6;0.59;0.55;NA;0.27;NA;NA;NA;
12;18;0.5;0.41;0.61;NA;0.95;0.68;0.54;NA;0.24;NA;NA;NA;
12;19;0.51;0.42;1.09;NA;0.9;0.95;0.55;NA;0.33;NA;NA;NA;
12;20;0.37;0.35;0.8;NA;0.72;0.78;0.51;NA;0.31;NA;NA;NA;
12;21;0.36;0.35;0.58;NA;0.65;0.5;0.5;NA;0.27;NA;NA;NA;
12;22;0.44;0.39;0.72;NA;0.44;0.49;0.53;NA;0.46;NA;NA;NA;
12;23;0.37;0.29;0.66;NA;0.67;0.57;0.48;NA;0.39;NA;NA;NA;
13;0;ND;ND;ND;NA;ND;ND;0.57;NA;ND;NA;NA;NA;
13;1;0.21;0.21;0.35;NA;0.43;0.53;0.48;NA;0.31;NA;NA;NA;
13;2;0.2;0.24;0.39;NA;0.54;0.63;0.41;NA;0.28;NA;NA;NA;
13;3;0.21;0.21;0.49;NA;0.6;0.6;0.41;NA;0.31;NA;NA;NA;
13;4;0.28;0.34;0.48;NA;0.73;0.64;0.35;NA;0.3;NA;NA;NA;
13;5;0.52;0.47;0.72;NA;1.07;0.89;0.4;NA;0.39;NA;NA;NA;
13;6;1.08;1.72;1.19;NA;1.63;1.2;0.63;NA;0.88;NA;NA;NA;
13;7;1.37;1.56;2.05;NA;1.81;2.06;0.97;NA;1.11;NA;NA;NA;
13;8;1.43;0.98;1.47;NA;2.18;1.37;0.39;NA;1.25;NA;NA;NA;
13;9;0.74;0.6;0.79;NA;0.56;0.44;0.35;NA;0.51;NA;NA;NA;
13;10;0.3;0.42;0.69;NA;0.41;0.41;0.34;NA;0.3;NA;NA;NA;
13;11;0.28;0.34;ND;NA;0.41;ND;0.31;NA;0.28;NA;NA;NA;
13;12;0.27;0.28;0.48;NA;0.33;0.38;0.29;NA;0.25;NA;NA;NA;
13;13;0.26;0.29;0.39;NA;0.27;0.33;0.28;NA;0.21;NA;NA;NA;
13;14;0.27;0.26;0.39;NA;0.28;0.3;0.29;NA;0.24;NA;NA;NA;
13;15;0.22;0.28;0.41;NA;0.32;0.33;0.32;NA;0.26;NA;NA;NA;
13;16;0.23;0.34;0.5;NA;0.33;0.34;0.33;NA;0.27;NA;NA;NA;
13;17;0.29;0.27;0.66;NA;0.39;0.52;0.6;NA;0.4;NA;NA;NA;
13;18;0.38;0.34;0.62;NA;0.55;0.6;0.52;NA;0.33;NA;NA;NA;
13;19;0.27;0.37;0.41;NA;0.77;0.6;0.72;NA;0.32;NA;NA;NA;
13;20;0.48;0.37;0.43;NA;0.8;0.5;0.49;NA;0.38;NA;NA;NA;
13;21;0.85;0.33;0.45;NA;0.44;0.54;0.49;NA;0.37;NA;NA;NA;
13;22;0.46;0.38;0.56;NA;0.29;0.42;0.39;NA;0.45;NA;NA;NA;
13;23;0.29;0.4;0.36;NA;0.21;0.41;0.49;NA;0.37;NA;NA;NA;
14;0;0.19;0.31;0.2;NA;0.18;ND;ND;NA;0.33;NA;NA;NA;
14;1;0.19;0.34;0.2;NA;0.23;0.25;0.23;NA;0.27;NA;NA;NA;
14;2;0.19;0.37;0.2;NA;0.3;0.32;0.23;NA;0.28;NA;NA;NA;
14;3;0.23;0.34;0.23;NA;0.34;0.29;0.26;NA;0.23;NA;NA;NA;
14;4;0.25;0.54;0.27;NA;0.38;0.37;0.38;NA;0.32;NA;NA;NA;
14;5;0.34;0.83;0.32;NA;0.92;0.43;0.31;NA;0.63;NA;NA;NA;
14;6;0.59;1.3;0.91;NA;1.21;0.76;0.39;NA;1.01;NA;NA;NA;
14;7;0.73;0.85;1.01;NA;1.44;0.69;0.43;NA;0.88;NA;NA;NA;
14;8;0.5;0.52;0.7;NA;0.49;0.64;0.39;NA;0.5;NA;NA;NA;
14;9;0.42;0.37;0.56;NA;0.54;0.49;0.38;NA;0.26;NA;NA;NA;
14;10;0.31;0.31;0.5;NA;0.39;0.36;0.33;NA;0.23;NA;NA;NA;
14;11;0.3;0.34;0.48;NA;0.34;0.42;0.37;NA;0.21;NA;NA;NA;
14;12;0.25;0.29;0.54;NA;0.33;0.39;0.35;NA;0.22;NA;NA;NA;
14;13;0.25;0.29;0.46;NA;0.4;0.38;0.32;NA;0.25;NA;NA;NA;
14;14;0.25;0.3;0.43;NA;0.36;0.37;0.33;NA;0.26;NA;NA;NA;
14;15;0.27;0.34;0.49;NA;0.39;0.38;0.35;NA;0.26;NA;NA;NA;
14;16;0.31;0.4;0.47;NA;0.35;0.42;0.34;NA;0.25;NA;NA;NA;
14;17;0.38;0.39;0.74;NA;0.38;0.45;0.39;NA;0.29;NA;NA;NA;
14;18;0.59;0.49;0.64;NA;0.53;0.79;0.55;NA;0.34;NA;NA;NA;
14;19;0.68;0.4;1.11;NA;0.53;0.92;0.49;NA;0.54;NA;NA;NA;
14;20;0.64;0.47;0.7;NA;0.58;0.8;0.45;NA;0.39;NA;NA;NA;
14;21;0.4;0.54;0.44;NA;0.39;0.58;0.37;NA;0.29;NA;NA;NA;
14;22;0.27;0.33;0.33;NA;0.33;0.51;0.31;NA;0.38;NA;NA;NA;
14;23;0.23;0.3;0.28;NA;0.3;0.39;0.29;NA;ND;NA;NA;NA;
15;0;ND;ND;ND;NA;ND;0.29;0.28;NA;ND;NA;NA;NA;
15;1;0.19;0.16;0.2;NA;0.28;0.27;0.27;NA;0.26;NA;NA;NA;
15;2;0.22;0.17;0.19;NA;0.26;0.28;0.25;NA;0.29;NA;NA;NA;
15;3;0.22;0.23;0.19;NA;0.29;0.28;0.26;NA;0.29;NA;NA;NA;
15;4;0.22;0.4;0.2;NA;0.25;0.3;0.28;NA;0.28;NA;NA;NA;
15;5;0.34;0.42;0.23;NA;0.32;0.38;0.3;NA;0.32;NA;NA;NA;
15;6;0.4;1.13;0.37;NA;0.89;0.62;0.39;NA;0.73;NA;NA;NA;
15;7;0.49;0.89;0.49;NA;1.26;0.81;0.45;NA;0.77;NA;NA;NA;
15;8;0.48;0.65;0.61;NA;0.7;0.72;0.42;NA;0.47;NA;NA;NA;
15;9;0.44;0.45;0.59;NA;0.36;0.49;0.42;NA;0.28;NA;NA;NA;
15;10;0.34;0.31;0.52;NA;0.37;0.39;0.5;NA;0.27;NA;NA;NA;
15;11;0.3;0.31;0.65;NA;0.34;0.38;0.43;NA;0.22;NA;NA;NA;
15;12;0.3;0.31;0.61;NA;0.33;0.37;0.54;NA;0.22;NA;NA;NA;
15;13;0.3;0.32;0.54;NA;0.35;0.35;0.35;NA;0.23;NA;NA;NA;
15;14;0.28;0.31;0.46;NA;0.32;0.39;0.35;NA;0.25;NA;NA;NA;
15;15;0.32;0.36;0.59;NA;0.33;0.36;0.37;NA;0.24;NA;NA;NA;
15;16;0.39;0.43;0.63;NA;0.32;0.39;0.36;NA;0.29;NA;NA;NA;
15;17;0.48;0.5;0.73;NA;0.36;0.43;0.42;NA;0.32;NA;NA;NA;
15;18;0.51;0.53;0.76;NA;0.5;0.52;0.5;NA;0.31;NA;NA;NA;
15;19;0.55;0.51;0.61;NA;0.63;0.66;0.57;NA;0.34;NA;NA;NA;
15;20;0.56;0.51;0.85;NA;0.58;0.81;0.59;NA;1.26;NA;NA;NA;
15;21;0.59;0.48;0.83;NA;0.52;0.92;0.5;NA;0.99;NA;NA;NA;
15;22;0.48;0.63;0.46;NA;0.45;0.65;0.43;NA;0.83;NA;NA;NA;
15;23;0.37;0.35;0.39;NA;0.53;0.53;0.37;NA;0.41;NA;NA;NA;
16;0;0.31;0.35;0.35;NA;0.62;ND;ND;NA;0.5;NA;NA;NA;
16;1;0.33;0.31;0.34;NA;0.59;0.42;0.33;NA;0.59;NA;NA;NA;
16;2;0.42;0.28;0.43;NA;0.47;0.5;0.32;NA;0.61;NA;NA;NA;
16;3;0.36;0.26;0.4;NA;0.95;0.65;0.34;NA;0.56;NA;NA;NA;
16;4;0.32;0.26;0.45;NA;0.86;0.66;0.39;NA;0.33;NA;NA;NA;
16;5;0.42;0.36;0.31;NA;1.09;0.77;0.45;NA;0.45;NA;NA;NA;
16;6;0.43;0.88;0.36;NA;1.95;1.02;0.7;NA;0.61;NA;NA;NA;
16;7;0.53;0.88;0.58;NA;1.68;1.15;0.66;NA;1.06;NA;NA;NA;
16;8;0.5;0.38;0.57;NA;1.36;0.89;1.76;NA;0.67;NA;NA;NA;
16;9;0.37;0.39;0.42;NA;0.52;0.39;0.6;NA;0.39;NA;NA;NA;
16;10;0.39;0.35;0.42;NA;0.4;0.36;0.42;NA;0.3;NA;NA;NA;
16;11;0.39;0.34;0.39;NA;0.38;0.37;0.47;NA;0.28;NA;NA;NA;
16;12;0.37;0.35;0.44;NA;0.34;0.39;0.38;NA;0.3;NA;NA;NA;
16;13;0.38;0.35;0.46;NA;0.31;0.37;0.39;NA;0.29;NA;NA;NA;
16;14;0.37;0.35;0.38;NA;0.34;0.39;0.37;NA;0.23;NA;NA;NA;
16;15;0.38;0.34;0.38;NA;0.33;0.38;0.38;NA;0.21;NA;NA;NA;
16;16;0.36;0.39;0.4;NA;0.37;0.42;0.39;NA;0.24;NA;NA;NA;
16;17;0.39;0.39;0.47;NA;0.37;0.39;0.42;NA;0.25;NA;NA;NA;
16;18;0.57;0.44;0.53;NA;0.44;0.42;0.5;NA;0.3;NA;NA;NA;
16;19;0.61;0.74;0.47;NA;0.48;0.52;0.62;NA;0.3;NA;NA;NA;
16;20;0.49;0.72;0.61;NA;0.5;0.66;0.47;NA;0.62;NA;NA;NA;
16;21;0.62;0.57;0.62;NA;0.4;0.75;0.44;NA;0.78;NA;NA;NA;
16;22;0.5;0.63;0.45;NA;0.55;0.57;0.38;NA;0.58;NA;NA;NA;
16;23;0.36;0.63;0.33;NA;0.42;0.51;0.36;NA;0.3;NA;NA;NA;
17;0;ND;ND;ND;NA;ND;0.48;0.33;NA;ND;NA;NA;NA;
17;1;0.25;0.29;0.28;NA;0.28;0.37;0.3;NA;0.18;NA;NA;NA;
17;2;0.22;0.27;0.27;NA;0.24;0.35;0.31;NA;0.22;NA;NA;NA;
17;3;0.22;0.27;0.25;NA;0.25;0.34;0.3;NA;0.28;NA;NA;NA;
17;4;0.2;0.22;0.26;NA;0.3;0.39;0.31;NA;0.26;NA;NA;NA;
17;5;0.24;0.23;0.3;NA;0.29;0.39;0.33;NA;0.29;NA;NA;NA;
17;6;0.34;0.33;0.31;NA;0.32;0.47;0.39;NA;0.37;NA;NA;NA;
17;7;0.34;0.47;0.37;NA;0.34;0.5;0.6;NA;0.3;NA;NA;NA;
17;8;0.36;0.3;0.4;NA;0.36;0.37;0.6;NA;0.26;NA;NA;NA;
17;9;0.34;0.3;0.38;NA;0.34;0.32;0.45;NA;0.22;NA;NA;NA;
17;10;0.33;0.32;0.39;NA;0.3;0.35;0.42;NA;0.21;NA;NA;NA;
17;11;0.29;0.3;0.41;NA;0.34;0.34;0.35;NA;0.26;NA;NA;NA;
17;12;0.31;0.27;0.35;NA;0.31;0.32;0.34;NA;0.26;NA;NA;NA;
17;13;0.28;0.29;0.38;NA;0.32;0.32;0.34;NA;0.25;NA;NA;NA;
17;14;0.28;0.26;0.35;NA;0.27;0.32;0.35;NA;0.25;NA;NA;NA;
17;15;0.28;0.25;0.36;NA;0.28;0.33;0.37;NA;0.26;NA;NA;NA;
17;16;0.29;0.29;0.37;NA;0.29;0.34;0.38;NA;0.23;NA;NA;NA;
17;17;0.31;0.34;0.4;NA;0.37;0.37;0.44;NA;0.27;NA;NA;NA;
17;18;0.42;0.34;0.47;NA;0.41;0.4;0.54;NA;0.31;NA;NA;NA;
17;19;0.56;0.32;0.55;NA;0.66;0.46;0.51;NA;0.41;NA;NA;NA;
17;20;0.52;0.38;0.51;NA;0.51;0.58;0.47;NA;0.34;NA;NA;NA;
17;21;0.4;0.34;0.51;NA;0.42;0.53;0.4;NA;0.29;NA;NA;NA;
17;22;0.41;0.27;0.41;NA;0.42;0.45;0.35;NA;0.27;NA;NA;NA;
17;23;0.37;0.54;0.41;NA;0.43;0.41;0.34;NA;0.24;NA;NA;NA;
18;0;0.29;0.24;0.35;NA;0.25;ND;ND;NA;0.24;NA;NA;NA;
18;1;0.29;0.23;0.28;NA;0.25;0.31;0.34;NA;0.24;NA;NA;NA;
18;2;0.28;0.19;0.29;NA;0.26;0.32;0.32;NA;0.23;NA;NA;NA;
18;3;0.26;0.18;0.29;NA;0.26;0.3;0.33;NA;0.23;NA;NA;NA;
18;4;0.27;0.22;0.29;NA;0.25;0.31;0.35;NA;0.23;NA;NA;NA;
18;5;0.35;0.35;0.33;NA;0.42;0.37;0.4;NA;0.26;NA;NA;NA;
18;6;0.76;0.89;0.52;NA;0.72;0.64;0.47;NA;0.52;NA;NA;NA;
18;7;0.85;0.88;0.7;NA;0.64;0.67;0.49;NA;0.58;NA;NA;NA;
18;8;0.54;ND;0.72;NA;0.44;0.6;0.46;NA;0.43;NA;NA;NA;
18;9;0.47;ND;0.74;NA;0.46;0.49;0.51;NA;0.29;NA;NA;NA;
18;10;0.41;ND;0.66;NA;0.5;0.44;0.43;NA;0.31;NA;NA;NA;
18;11;0.36;ND;0.74;NA;0.47;ND;0.42;NA;0.3;NA;NA;NA;
18;12;0.35;ND;0.69;NA;0.42;ND;0.42;NA;0.31;NA;NA;NA;
18;13;0.35;ND;0.61;NA;0.44;0.16;0.41;NA;0.3;NA;NA;NA;
18;14;0.39;ND;0.6;NA;0.44;0.18;0.44;NA;0.29;NA;NA;NA;
18;15;0.4;ND;0.7;NA;0.38;ND;0.43;NA;0.3;NA;NA;NA;
18;16;0.48;ND;0.77;NA;0.42;0.37;0.5;NA;0.29;NA;NA;NA;
18;17;0.51;ND;0.82;NA;0.55;0.37;0.59;NA;0.34;NA;NA;NA;
18;18;0.71;ND;0.85;NA;0.64;0.44;0.84;NA;0.46;NA;NA;NA;
18;19;0.6;ND;0.84;NA;0.62;0.55;0.56;NA;0.52;NA;NA;NA;
18;20;0.57;ND;0.77;NA;0.55;0.58;0.68;NA;0.45;NA;NA;NA;
18;21;0.51;ND;0.65;NA;0.5;0.56;0.56;NA;0.39;NA;NA;NA;
18;22;0.43;ND;0.56;NA;0.44;0.52;0.49;NA;0.35;NA;NA;NA;
18;23;0.39;ND;0.44;NA;0.39;0.39;0.46;NA;0.28;NA;NA;NA;
19;0;ND;ND;ND;NA;ND;0.37;0.44;NA;ND;NA;NA;NA;
19;1;0.32;ND;0.39;NA;0.33;0.31;0.43;NA;0.28;NA;NA;NA;
19;2;0.31;ND;0.38;NA;0.31;0.31;0.42;NA;0.28;NA;NA;NA;
19;3;0.29;ND;0.34;NA;0.3;0.29;0.39;NA;0.24;NA;NA;NA;
19;4;0.27;ND;0.33;NA;0.3;0.29;0.39;NA;0.23;NA;NA;NA;
19;5;0.31;ND;0.37;NA;0.37;0.34;0.4;NA;0.22;NA;NA;NA;
19;6;0.47;ND;0.52;NA;0.47;0.57;0.44;NA;0.29;NA;NA;NA;
19;7;0.54;ND;0.57;NA;0.53;0.58;0.44;NA;0.37;NA;NA;NA;
19;8;0.52;ND;0.66;NA;0.51;0.49;0.43;NA;0.3;NA;NA;NA;
19;9;0.47;ND;0.64;NA;0.33;0.4;0.44;NA;0.29;NA;NA;NA;
19;10;0.47;ND;0.64;NA;0.29;0.36;0.39;NA;0.28;NA;NA;NA;
19;11;ND;ND;0.59;NA;0.23;0.37;0.39;NA;0.25;NA;NA;NA;
19;12;ND;ND;0.7;NA;0.31;0.41;0.42;NA;0.25;NA;NA;NA;
19;13;0.07;ND;0.57;NA;0.31;0.38;0.4;NA;0.25;NA;NA;NA;
19;14;0.26;ND;0.6;NA;0.36;0.34;0.39;NA;0.25;NA;NA;NA;
19;15;0.32;ND;0.64;NA;0.38;0.41;0.4;NA;0.26;NA;NA;NA;
19;16;0.27;0.36;0.71;NA;0.38;0.38;0.41;NA;0.29;NA;NA;NA;
19;17;0.29;0.31;0.88;NA;0.43;0.43;0.62;NA;0.36;NA;NA;NA;
19;18;0.48;0.5;0.9;NA;0.5;0.58;1.03;NA;0.4;NA;NA;NA;
19;19;0.61;0.57;0.99;NA;0.56;0.73;0.65;NA;0.46;NA;NA;NA;
19;20;0.77;0.5;0.74;NA;0.46;0.56;0.55;NA;0.34;NA;NA;NA;
19;21;0.45;0.46;0.56;NA;0.4;0.49;0.47;NA;0.32;NA;NA;NA;
19;22;0.34;0.42;0.48;NA;0.35;0.43;0.43;NA;0.28;NA;NA;NA;
19;23;0.34;0.49;0.41;NA;0.29;0.34;0.4;NA;0.23;NA;NA;NA;
20;0;ND;ND;0.38;NA;0.27;ND;ND;NA;0.21;NA;NA;NA;
20;1;0.27;0.4;0.36;NA;0.25;0.26;0.39;NA;0.2;NA;NA;NA;
20;2;0.25;0.29;0.34;NA;0.25;0.25;0.38;NA;0.2;NA;NA;NA;
20;3;0.26;0.28;0.33;NA;0.25;0.24;0.37;NA;0.22;NA;NA;NA;
20;4;0.27;0.27;0.33;NA;0.27;0.25;0.37;NA;0.23;NA;NA;NA;
20;5;0.28;0.32;0.34;NA;0.3;0.29;0.41;NA;0.26;NA;NA;NA;
20;6;0.45;0.46;0.46;NA;0.45;0.45;0.47;NA;0.32;NA;NA;NA;
20;7;0.57;0.61;0.58;NA;0.48;0.54;0.49;NA;0.37;NA;NA;NA;
20;8;0.58;0.6;0.63;NA;0.46;0.51;0.47;NA;0.38;NA;NA;NA;
20;9;0.53;0.52;0.63;NA;0.44;0.48;0.48;NA;0.34;NA;NA;NA;
20;10;0.61;0.41;0.61;NA;0.51;0.47;0.48;NA;0.31;NA;NA;NA;
20;11;0.52;0.4;0.6;NA;0.39;ND;0.45;NA;0.27;NA;NA;NA;
20;12;0.43;0.4;0.7;NA;0.4;0.43;0.45;NA;0.29;NA;NA;NA;
20;13;ND;0.42;0.62;NA;0.45;0.39;0.46;NA;0.35;NA;NA;NA;
20;14;ND;0.44;0.66;NA;0.42;0.39;0.48;NA;0.37;NA;NA;NA;
20;15;0.38;0.57;0.72;NA;0.49;0.41;0.65;NA;0.38;NA;NA;NA;
20;16;0.36;0.48;0.73;NA;0.51;0.49;0.59;NA;0.38;NA;NA;NA;
20;17;0.33;0.35;0.81;NA;0.55;0.53;0.59;NA;0.48;NA;NA;NA;
20;18;0.44;0.48;0.89;NA;0.8;0.58;0.59;NA;0.51;NA;NA;NA;
20;19;0.49;0.54;0.79;NA;0.75;0.6;0.62;NA;0.62;NA;NA;NA;
20;20;0.52;0.49;0.96;NA;0.58;0.78;0.53;NA;0.52;NA;NA;NA;
20;21;0.56;0.64;0.65;NA;0.45;0.55;0.49;NA;0.43;NA;NA;NA;
20;22;0.55;0.41;0.49;NA;0.5;0.45;0.46;NA;0.43;NA;NA;NA;
20;23;0.66;0.31;0.46;NA;0.68;0.37;0.41;NA;0.48;NA;NA;NA;
21;0;0.44;0.45;ND;NA;ND;0.41;0.4;NA;ND;NA;NA;NA;
21;1;0.3;0.39;0.36;NA;0.27;0.29;0.39;NA;0.47;NA;NA;NA;
21;2;0.31;0.44;0.35;NA;0.28;0.28;0.4;NA;0.43;NA;NA;NA;
21;3;0.28;0.49;0.34;NA;0.3;0.29;0.39;NA;0.32;NA;NA;NA;
21;4;0.4;0.46;0.35;NA;0.3;0.29;0.41;NA;0.34;NA;NA;NA;
21;5;0.43;0.45;0.36;NA;0.32;0.32;0.43;NA;0.39;NA;NA;NA;
21;6;1.01;0.57;0.48;NA;0.47;0.51;0.49;NA;0.68;NA;NA;NA;
21;7;0.86;0.64;0.58;NA;0.43;0.66;0.48;NA;0.6;NA;NA;NA;
21;8;0.48;0.54;0.72;NA;0.47;0.53;0.48;NA;0.41;NA;NA;NA;
21;9;0.47;0.48;0.68;NA;0.47;0.49;0.5;NA;0.34;NA;NA;NA;
21;10;0.43;0.42;0.57;NA;0.55;0.47;0.5;NA;0.31;NA;NA;NA;
21;11;0.4;0.37;0.58;NA;0.53;0.46;0.48;NA;0.32;NA;NA;NA;
21;12;0.29;0.4;0.66;NA;0.45;0.44;0.48;NA;0.32;NA;NA;NA;
21;13;0.3;0.35;0.75;NA;0.49;0.44;0.5;NA;0.31;NA;NA;NA;
21;14;0.32;0.36;0.6;NA;0.6;0.48;0.63;NA;0.36;NA;NA;NA;
21;15;0.28;0.37;0.48;NA;0.71;0.59;0.76;NA;0.39;NA;NA;NA;
21;16;0.28;0.39;0.46;NA;0.62;0.55;0.77;NA;0.38;NA;NA;NA;
21;17;0.31;0.35;0.69;NA;0.66;0.78;0.76;NA;0.41;NA;NA;NA;
21;18;0.31;0.34;0.65;NA;0.82;0.99;0.71;NA;0.41;NA;NA;NA;
21;19;0.49;0.54;1.1;NA;1.03;0.99;0.67;NA;0.36;NA;NA;NA;
21;20;0.51;0.49;1.18;NA;0.81;0.84;0.69;NA;0.28;NA;NA;NA;
21;21;0.56;0.55;0.94;NA;0.81;0.79;0.67;NA;0.29;NA;NA;NA;
21;22;0.59;0.34;1.01;NA;1.01;0.8;0.59;NA;0.3;NA;NA;NA;
21;23;0.64;0.33;0.84;NA;0.82;0.76;0.64;NA;0.29;NA;NA;NA;
22;0;ND;ND;0.71;NA;0.72;ND;0.69;NA;0.3;NA;NA;NA;
22;1;0.71;0.42;0.85;NA;0.59;0.63;0.62;NA;0.38;NA;NA;NA;
22;2;0.54;0.37;0.69;NA;0.48;0.58;0.73;NA;0.41;NA;NA;NA;
22;3;0.4;0.44;0.7;NA;0.48;0.53;0.97;NA;0.45;NA;NA;NA;
22;4;0.47;0.47;0.65;NA;0.55;0.64;0.75;NA;0.42;NA;NA;NA;
22;5;0.53;0.53;0.77;NA;0.81;0.84;0.69;NA;0.39;NA;NA;NA;
22;6;0.89;1.28;1;NA;1.26;1.33;0.76;NA;0.42;NA;NA;NA;
22;7;0.78;0.89;1.53;NA;1.63;0.93;0.78;NA;0.88;NA;NA;NA;
22;8;1.08;0.42;1.22;NA;1.72;0.8;0.67;NA;0.5;NA;NA;NA;
22;9;0.7;0.43;1.23;NA;1.48;0.81;0.66;NA;0.48;NA;NA;NA;
22;10;0.54;0.42;0.81;NA;1.7;0.61;0.71;NA;0.39;NA;NA;NA;
22;11;0.46;0.4;0.62;NA;1.19;0.44;0.69;NA;0.34;NA;NA;NA;
22;12;0.36;0.35;0.59;NA;0.68;0.41;0.63;NA;0.32;NA;NA;NA;
22;13;0.36;0.38;0.62;NA;0.62;0.41;0.63;NA;0.29;NA;NA;NA;
22;14;0.35;0.38;0.64;NA;0.58;0.52;0.62;NA;0.29;NA;NA;NA;
22;15;0.33;0.36;0.69;NA;0.62;0.49;0.71;NA;0.3;NA;NA;NA;
22;16;0.32;0.31;0.7;NA;0.72;0.59;0.61;NA;0.33;NA;NA;NA;
22;17;0.37;0.34;0.64;NA;0.66;0.82;0.63;NA;0.35;NA;NA;NA;
22;18;0.42;0.35;1.05;NA;0.58;0.82;0.58;NA;0.55;NA;NA;NA;
22;19;0.63;0.31;1.06;NA;0.54;0.7;0.58;NA;0.41;NA;NA;NA;
22;20;0.6;0.33;1.05;NA;0.49;0.89;0.52;NA;0.32;NA;NA;NA;
22;21;0.58;0.36;0.93;NA;0.46;0.86;0.48;NA;0.32;NA;NA;NA;
22;22;0.5;0.38;0.91;NA;0.73;0.65;0.47;NA;0.28;NA;NA;NA;
22;23;0.54;0.43;0.69;NA;0.79;0.55;0.51;NA;0.3;NA;NA;NA;
23;0;0.56;0.51;ND;NA;0.57;0.7;0.59;NA;ND;NA;NA;NA;
23;1;0.63;0.54;0.69;NA;0.46;0.63;0.57;NA;0.41;NA;NA;NA;
23;2;0.71;0.5;0.68;NA;0.53;0.75;0.56;NA;0.33;NA;NA;NA;
23;3;0.47;0.44;0.78;NA;0.65;0.84;0.56;NA;0.39;NA;NA;NA;
23;4;0.53;0.64;0.81;NA;0.68;0.69;0.51;NA;0.39;NA;NA;NA;
23;5;0.98;0.47;0.91;NA;0.75;1.03;0.49;NA;0.48;NA;NA;NA;
23;6;1.24;0.43;1.59;NA;0.95;1.4;0.6;NA;0.63;NA;NA;NA;
23;7;1.31;0.39;1.57;NA;0.95;1.06;0.54;NA;0.63;NA;NA;NA;
23;8;0.99;0.44;0.81;NA;0.65;0.64;0.54;NA;0.67;NA;NA;NA;
23;9;0.78;0.47;0.7;NA;0.66;0.52;0.54;NA;0.58;NA;NA;NA;
23;10;0.55;0.45;0.6;NA;0.64;0.47;0.56;NA;0.47;NA;NA;NA;
23;11;0.35;0.47;0.65;NA;0.73;0.43;0.53;NA;0.5;NA;NA;NA;
23;12;0.34;0.4;0.6;NA;0.72;0.43;0.55;NA;0.42;NA;NA;NA;
23;13;0.35;0.44;0.7;NA;0.69;0.45;0.48;NA;0.4;NA;NA;NA;
23;14;0.32;0.49;0.51;NA;0.79;0.56;0.57;NA;0.42;NA;NA;NA;
23;15;0.29;0.57;0.52;NA;0.91;0.46;0.6;NA;0.42;NA;NA;NA;
23;16;0.3;0.51;0.59;NA;0.81;0.57;0.51;NA;0.31;NA;NA;NA;
23;17;0.34;0.54;0.65;NA;0.84;0.55;0.63;NA;0.28;NA;NA;NA;
23;18;0.41;0.66;0.74;NA;0.82;0.54;0.65;NA;0.28;NA;NA;NA;
23;19;0.51;0.76;0.89;NA;0.82;0.68;0.59;NA;0.28;NA;NA;NA;
23;20;0.87;0.66;0.99;NA;0.9;1.03;0.7;NA;0.3;NA;NA;NA;
23;21;0.88;0.88;1.05;NA;1.06;0.84;0.67;NA;0.29;NA;NA;NA;
23;22;1.2;1.07;1.16;NA;0.94;0.96;0.7;NA;0.29;NA;NA;NA;
23;23;0.94;0.89;1.06;NA;1.03;1.27;0.78;NA;0.32;NA;NA;NA;
24;0;ND;1.29;1.18;NA;1.06;ND;0.86;NA;0.33;NA;NA;NA;
24;1;0.94;1.52;1;NA;0.76;1;0.79;NA;0.39;NA;NA;NA;
24;2;0.9;1.16;0.92;NA;0.82;1.1;0.86;NA;0.45;NA;NA;NA;
24;3;0.7;0.92;0.96;NA;0.72;1.07;0.83;NA;0.35;NA;NA;NA;
24;4;0.7;0.78;0.91;NA;0.67;1.01;0.86;NA;0.32;NA;NA;NA;
24;5;0.7;0.75;0.91;NA;0.68;0.93;0.9;NA;0.37;NA;NA;NA;
24;6;0.98;0.68;1.08;NA;0.71;1.09;0.95;NA;0.3;NA;NA;NA;
24;7;1.17;0.62;1.23;NA;0.57;1.37;1;NA;0.37;NA;NA;NA;
24;8;0.78;0.4;1.25;NA;0.54;1.17;0.96;NA;0.38;NA;NA;NA;
24;9;0.7;0.4;1.13;NA;ND;0.52;0.87;NA;0.36;NA;NA;NA;
24;10;0.52;0.37;0.8;NA;ND;0.51;0.91;NA;0.36;NA;NA;NA;
24;11;0.48;0.42;0.65;NA;ND;0.49;0.97;NA;0.32;NA;NA;NA;
24;12;0.42;0.36;0.66;NA;0.58;0.41;0.88;NA;0.37;NA;NA;NA;
24;13;0.37;0.32;0.63;NA;0.63;0.37;0.75;NA;0.26;NA;NA;NA;
24;14;0.37;0.39;0.57;NA;0.73;0.4;0.91;NA;0.26;NA;NA;NA;
24;15;0.35;0.31;0.54;NA;0.81;0.41;0.96;NA;0.3;NA;NA;NA;
24;16;0.37;0.34;0.55;NA;0.57;0.47;1.07;NA;0.28;NA;NA;NA;
24;17;0.37;0.33;0.58;NA;0.71;0.49;1.16;NA;0.27;NA;NA;NA;
24;18;0.38;0.36;0.6;NA;0.97;0.72;1;NA;0.26;NA;NA;NA;
24;19;0.62;0.34;0.86;NA;0.87;0.81;1.13;NA;0.28;NA;NA;NA;
24;20;0.91;0.35;1.02;NA;0.9;0.67;1.43;NA;0.36;NA;NA;NA;
24;21;1.17;0.31;0.95;NA;1.05;0.9;1.42;NA;0.45;NA;NA;NA;
24;22;1.17;0.33;0.88;NA;1.16;0.79;1.24;NA;0.39;NA;NA;NA;
24;23;0.73;0.32;0.64;NA;1.16;0.54;0.87;NA;0.39;NA;NA;NA;
25;0;0.72;0.47;ND;NA;1.29;0.59;0.87;NA;0.36;NA;NA;NA;
25;1;0.52;0.37;0.43;NA;1.17;0.42;0.76;NA;0.33;NA;NA;NA;
25;2;0.28;0.43;0.4;NA;1.64;0.3;0.78;NA;0.33;NA;NA;NA;
25;3;0.34;0.47;0.4;NA;1.48;0.37;0.91;NA;0.34;NA;NA;NA;
25;4;0.38;0.42;0.47;NA;1.43;0.4;0.82;NA;0.32;NA;NA;NA;
25;5;0.31;0.39;0.51;NA;1.64;0.5;0.91;NA;0.35;NA;NA;NA;
25;6;0.72;0.51;0.96;NA;1.57;1.02;0.82;NA;0.34;NA;NA;NA;
25;7;1.75;1.08;1.28;NA;1.74;1;1.07;NA;0.34;NA;NA;NA;
25;8;0.92;0.96;0.93;NA;1.65;1.29;1.22;NA;ND;NA;NA;NA;
25;9;0.56;0.51;1.04;NA;1.26;1.04;0.8;NA;ND;NA;NA;NA;
25;10;0.43;0.46;0.77;NA;0.81;0.8;0.68;NA;ND;NA;NA;NA;
25;11;0.46;0.4;ND;NA;0.44;0.35;ND;NA;ND;NA;NA;NA;
25;12;0.37;0.39;ND;NA;0.67;0.44;ND;NA;ND;NA;NA;NA;
25;13;0.33;0.34;0.59;NA;0.65;0.39;ND;NA;ND;NA;NA;NA;
25;14;0.33;0.28;0.47;NA;0.65;0.41;ND;NA;ND;NA;NA;NA;
25;15;0.36;0.33;0.53;NA;0.75;0.52;0.69;NA;ND;NA;NA;NA;
25;16;0.35;0.31;0.46;NA;0.65;0.52;0.71;NA;ND;NA;NA;NA;
25;17;0.38;0.34;0.64;NA;0.65;0.82;0.94;NA;ND;NA;NA;NA;
25;18;0.42;0.43;0.55;NA;0.54;1.09;0.99;NA;ND;NA;NA;NA;
25;19;0.55;0.57;0.75;NA;0.54;1.12;1.33;NA;ND;NA;NA;NA;
25;20;1.07;0.47;0.82;NA;0.5;1.5;0.89;NA;ND;NA;NA;NA;
25;21;1.25;0.5;1.07;NA;0.51;1.02;0.66;NA;ND;NA;NA;NA;
25;22;0.71;0.38;1.2;NA;0.51;ND;0.59;NA;ND;NA;NA;NA;
25;23;0.55;0.37;0.87;NA;0.6;ND;0.48;NA;ND;NA;NA;NA;
26;0;ND;ND;0.37;NA;0.53;ND;ND;NA;ND;NA;NA;NA;
26;1;0.38;0.38;0.33;NA;0.48;0.37;0.47;NA;ND;NA;NA;NA;
26;2;0.36;0.45;0.28;NA;0.52;0.4;0.46;NA;ND;NA;NA;NA;
26;3;0.35;0.41;0.29;NA;0.7;0.3;0.43;NA;ND;NA;NA;NA;
26;4;0.42;0.41;0.26;NA;0.73;0.47;0.44;NA;ND;NA;NA;NA;
26;5;0.55;0.58;0.26;NA;0.62;0.58;0.48;NA;ND;NA;NA;NA;
26;6;1.21;1.28;0.49;NA;0.75;0.89;0.62;NA;ND;NA;NA;NA;
26;7;1.11;1.85;0.76;NA;0.73;0.94;0.63;NA;ND;NA;NA;NA;
26;8;0.88;0.98;0.84;NA;ND;0.95;0.65;NA;ND;NA;NA;NA;
26;9;0.59;0.58;1.33;NA;ND;0.87;0.63;NA;ND;NA;NA;NA;
26;10;0.76;0.77;1.09;NA;0.55;0.71;0.55;NA;ND;NA;NA;NA;
26;11;0.49;0.43;0.62;NA;0.48;ND;0.56;NA;ND;NA;NA;NA;
26;12;0.39;0.32;0.57;NA;0.39;ND;0.52;NA;ND;NA;NA;NA;
26;13;0.38;0.3;0.47;NA;0.42;0.38;0.54;NA;ND;NA;NA;NA;
26;14;0.39;0.31;0.42;NA;0.45;0.39;0.6;NA;ND;NA;NA;NA;
26;15;0.35;0.3;0.5;NA;0.72;0.47;0.7;NA;ND;NA;NA;NA;
26;16;0.36;0.39;0.52;NA;0.81;0.54;0.8;NA;ND;NA;NA;NA;
26;17;0.4;0.45;0.84;NA;0.62;0.78;0.93;NA;ND;NA;NA;NA;
26;18;0.49;0.46;0.61;NA;0.79;0.73;0.86;NA;ND;NA;NA;NA;
26;19;0.67;0.43;0.77;NA;0.89;0.58;0.88;NA;ND;NA;NA;NA;
26;20;0.71;0.53;0.8;NA;0.95;0.58;0.76;NA;ND;NA;NA;NA;
26;21;0.57;0.58;0.8;NA;0.65;0.67;0.6;NA;ND;NA;NA;NA;
26;22;0.63;0.5;0.57;NA;0.58;0.61;0.55;NA;ND;NA;NA;NA;
26;23;0.57;0.49;0.56;NA;0.75;0.56;0.52;NA;ND;NA;NA;NA;
27;0;0.53;0.46;ND;NA;ND;0.35;0.48;NA;ND;NA;NA;NA;
27;1;0.49;0.52;0.51;NA;0.45;0.4;0.45;NA;ND;NA;NA;NA;
27;2;0.43;0.4;0.47;NA;0.42;0.53;0.46;NA;ND;NA;NA;NA;
27;3;0.52;0.51;0.47;NA;0.54;0.42;0.45;NA;ND;NA;NA;NA;
27;4;0.61;0.45;0.43;NA;0.55;0.45;0.48;NA;ND;NA;NA;NA;
27;5;0.8;0.73;0.48;NA;0.78;0.55;0.59;NA;ND;NA;NA;NA;
27;6;1.61;1.16;0.86;NA;1.52;1.04;0.71;NA;ND;NA;NA;NA;
27;7;1.3;1.64;1.11;NA;1.52;1.15;0.76;NA;ND;NA;NA;NA;
27;8;1.18;0.78;0.78;NA;1.07;0.82;0.65;NA;ND;NA;NA;NA;
27;9;0.8;0.42;0.76;NA;0.41;0.45;0.54;NA;ND;NA;NA;NA;
27;10;0.41;0.32;0.5;NA;0.42;0.49;0.55;NA;ND;NA;NA;NA;
27;11;0.37;0.31;0.49;NA;0.39;0.4;0.54;NA;ND;NA;NA;NA;
27;12;0.34;0.35;0.51;NA;0.42;0.38;0.53;NA;ND;NA;NA;NA;
27;13;0.39;0.29;0.39;NA;0.46;0.37;0.53;NA;ND;NA;NA;NA;
27;14;0.39;0.27;0.48;NA;0.5;0.41;0.56;NA;ND;NA;NA;NA;
27;15;0.35;0.3;0.52;NA;0.61;0.46;0.8;NA;ND;NA;NA;NA;
27;16;0.36;0.33;0.55;NA;0.65;0.64;0.95;NA;ND;NA;NA;NA;
27;17;0.41;0.42;0.69;NA;0.78;0.69;1.35;NA;ND;NA;NA;NA;
27;18;0.48;0.47;1;NA;0.83;1.04;1.27;NA;ND;NA;NA;NA;
27;19;0.61;0.44;1.01;NA;0.82;0.89;0.88;NA;ND;NA;NA;NA;
27;20;0.69;0.4;1.03;NA;0.85;0.81;0.98;NA;ND;NA;NA;NA;
27;21;0.67;0.39;0.84;NA;0.66;0.66;0.82;NA;ND;NA;NA;NA;
27;22;0.56;0.31;0.75;NA;0.68;0.66;0.76;NA;ND;NA;NA;NA;
27;23;0.44;0.27;0.59;NA;0.67;0.7;0.78;NA;ND;NA;NA;NA;
28;0;ND;ND;0.49;NA;0.56;ND;ND;NA;ND;NA;NA;NA;
28;1;0.33;0.23;0.41;NA;0.4;0.86;0.8;NA;ND;NA;NA;NA;
28;2;0.38;0.25;0.42;NA;0.38;0.73;0.62;NA;ND;NA;NA;NA;
28;3;0.35;0.25;0.36;NA;0.47;0.78;0.66;NA;ND;NA;NA;NA;
28;4;0.38;0.27;0.35;NA;0.52;0.44;0.76;NA;ND;NA;NA;NA;
28;5;0.48;0.38;0.36;NA;0.69;0.45;1.09;NA;ND;NA;NA;NA;
28;6;0.75;0.46;0.67;NA;1.42;1.05;0.98;NA;ND;NA;NA;NA;
28;7;0.66;0.72;1.12;NA;1.33;1.07;0.7;NA;ND;NA;NA;NA;
28;8;0.71;0.54;1.14;NA;0.72;0.86;0.65;NA;ND;NA;NA;NA;
28;9;0.79;0.53;1.15;NA;0.79;0.78;0.62;NA;ND;NA;NA;NA;
28;10;0.69;0.49;0.88;NA;0.8;0.85;0.7;NA;ND;NA;NA;NA;
28;11;ND;ND;0.6;NA;0.67;0.5;0.68;NA;ND;NA;NA;NA;
28;12;ND;ND;0.44;NA;0.48;0.39;0.66;NA;ND;NA;NA;NA;
28;13;ND;0.32;0.49;NA;0.44;0.41;0.6;NA;ND;NA;NA;NA;
28;14;ND;0.29;0.32;NA;0.66;0.45;0.73;NA;ND;NA;NA;NA;
28;15;0.26;0.29;0.55;NA;0.72;0.5;0.79;NA;ND;NA;NA;NA;
28;16;0.24;0.27;0.42;NA;0.59;0.52;0.75;NA;ND;NA;NA;NA;
28;17;0.3;0.34;0.32;NA;0.66;0.61;0.78;NA;ND;NA;NA;NA;
28;18;0.39;0.55;0.88;NA;0.94;0.82;0.89;NA;ND;NA;NA;NA;
28;19;0.71;0.51;0.77;NA;1.02;0.72;1.01;NA;ND;NA;NA;NA;
28;20;0.84;0.66;0.87;NA;1.14;0.68;1.27;NA;ND;NA;NA;NA;
28;21;0.7;0.73;0.93;NA;0.78;0.91;0.67;NA;ND;NA;NA;NA;
28;22;0.52;0.42;0.66;NA;0.98;0.67;0.6;NA;ND;NA;NA;NA;
28;23;0.34;0.31;0.49;NA;0.75;0.55;0.51;NA;ND;NA;NA;NA;
29;0;0.27;ND;ND;NA;0.11;0.34;0.49;NA;ND;NA;NA;NA;
29;1;0.21;0.24;0.23;NA;0.3;0.39;0.48;NA;ND;NA;NA;NA;
29;2;0.33;0.25;0.19;NA;0.32;0.31;0.47;NA;ND;NA;NA;NA;
29;3;0.4;0.47;0.19;NA;0.34;0.32;0.49;NA;ND;NA;NA;NA;
29;4;0.33;0.73;0.2;NA;0.46;0.33;0.5;NA;ND;NA;NA;NA;
29;5;0.4;1.35;0.26;NA;0.73;0.52;0.55;NA;ND;NA;NA;NA;
29;6;1.27;3.19;0.37;NA;1.34;0.91;0.66;NA;ND;NA;NA;NA;
29;7;0.84;2.05;0.72;NA;0.98;0.69;0.67;NA;ND;NA;NA;NA;
29;8;0.72;0.65;0.7;NA;0.7;0.63;0.65;NA;ND;NA;NA;NA;
29;9;0.39;0.41;0.53;NA;0.46;0.44;0.64;NA;ND;NA;NA;NA;
29;10;0.31;0.35;0.48;NA;0.4;0.4;ND;NA;0.22;NA;NA;NA;
29;11;0.28;0.34;0.47;NA;0.39;0.41;ND;NA;0.28;NA;NA;NA;
29;12;0.26;0.36;0.59;NA;0.36;0.42;0.32;NA;0.16;NA;NA;NA;
29;13;0.23;0.35;0.45;NA;0.35;0.42;0.33;NA;0.1;NA;NA;NA;
29;14;0.26;0.35;0.44;NA;0.37;0.39;0.3;NA;0.1;NA;NA;NA;
29;15;0.28;0.3;0.54;NA;0.36;0.44;0.51;NA;0.11;NA;NA;NA;
29;16;0.23;0.28;0.57;NA;0.39;0.49;0.37;NA;0.14;NA;NA;NA;
29;17;0.27;0.29;0.67;NA;0.42;0.59;0.46;NA;0.24;NA;NA;NA;
29;18;0.31;0.34;0.73;NA;0.56;0.62;0.44;NA;0.29;NA;NA;NA;
29;19;0.93;0.4;0.67;NA;0.66;0.86;0.54;NA;0.79;NA;NA;NA;
29;20;0.61;0.4;0.72;NA;0.52;0.98;0.54;NA;0.88;NA;NA;NA;
29;21;0.64;0.44;0.78;NA;0.77;0.85;0.45;NA;0.88;NA;NA;NA;
29;22;0.41;0.44;0.49;NA;1.16;0.8;0.42;NA;0.8;NA;NA;NA;
29;23;0.41;0.29;0.52;NA;1.17;0.8;0.37;NA;0.43;NA;NA;NA;
30;0;ND;0.32;0.6;NA;1.11;ND;ND;NA;0.68;NA;NA;NA;
30;1;0.34;0.25;0.34;NA;1.22;1.27;0.29;NA;0.55;NA;NA;NA;
30;2;0.26;0.21;0.27;NA;0.96;1.17;0.28;NA;0.49;NA;NA;NA;
30;3;0.29;0.26;0.23;NA;1.19;0.43;0.3;NA;0.4;NA;NA;NA;
30;4;0.31;0.27;0.28;NA;0.91;1.1;0.3;NA;0.47;NA;NA;NA;
30;5;0.37;0.27;0.31;NA;1.2;1.15;0.4;NA;0.55;NA;NA;NA;
30;6;0.35;0.35;0.49;NA;2.15;1.61;0.78;NA;0.53;NA;NA;NA;
30;7;0.51;0.31;0.69;NA;1.95;1.22;0.77;NA;0.53;NA;NA;NA;
30;8;0.46;0.3;0.33;NA;0.85;0.46;0.38;NA;0.41;NA;NA;NA;
30;9;0.36;0.4;0.35;NA;0.39;0.38;0.31;NA;0.11;NA;NA;NA;
30;10;0.31;0.3;0.34;NA;0.32;0.38;0.29;NA;0.12;NA;NA;NA;
30;11;0.31;0.35;0.34;NA;0.38;0.44;0.3;NA;0.13;NA;NA;NA;
30;12;0.31;0.35;0.4;NA;0.44;0.43;0.29;NA;0.14;NA;NA;NA;
30;13;0.31;0.35;0.37;NA;0.39;0.5;0.33;NA;0.1;NA;NA;NA;
30;14;0.29;0.43;0.34;NA;0.32;0.46;0.29;NA;0.09;NA;NA;NA;
30;15;0.3;0.41;0.32;NA;0.47;0.44;0.3;NA;0.09;NA;NA;NA;
30;16;0.3;0.35;0.32;NA;0.43;0.5;0.32;NA;0.09;NA;NA;NA;
30;17;0.35;0.4;0.34;NA;0.35;0.49;0.31;NA;0.18;NA;NA;NA;
30;18;0.47;0.52;0.39;NA;0.5;0.47;0.35;NA;0.23;NA;NA;NA;
30;19;0.52;0.49;0.51;NA;0.45;0.75;1.31;NA;0.35;NA;NA;NA;
30;20;0.42;0.56;0.61;NA;0.39;0.96;0.87;NA;0.54;NA;NA;NA;
30;21;0.42;0.56;0.4;NA;0.37;0.66;0.34;NA;0.68;NA;NA;NA;
30;22;0.28;0.42;0.32;NA;0.42;0.47;0.32;NA;0.6;NA;NA;NA;
30;23;0.26;0.4;0.25;NA;0.31;0.39;0.28;NA;0.46;NA;NA;NA;
31;0;0.28;ND;ND;NA;0.13;0.37;0.27;NA;ND;NA;NA;NA;
31;1;0.26;0.31;0.22;NA;0.26;0.31;0.26;NA;0.53;NA;NA;NA;
31;2;0.24;0.29;0.21;NA;0.23;0.31;0.26;NA;0.45;NA;NA;NA;
31;3;0.16;0.37;0.19;NA;0.3;0.31;0.25;NA;0.5;NA;NA;NA;
31;4;0.18;0.22;0.19;NA;0.21;0.29;0.26;NA;0.24;NA;NA;NA;
31;5;0.17;0.23;0.2;NA;0.22;0.33;0.28;NA;0.39;NA;NA;NA;
31;6;0.24;0.3;0.25;NA;0.6;0.44;0.37;NA;0.5;NA;NA;NA;
31;7;0.3;0.34;0.3;NA;0.44;0.48;0.41;NA;0.45;NA;NA;NA;
31;8;0.3;0.32;0.32;NA;0.38;0.46;0.49;NA;0.19;NA;NA;NA;
31;9;0.3;0.31;0.34;NA;0.28;0.35;0.44;NA;0.05;NA;NA;NA;
31;10;0.26;0.29;0.3;NA;0.26;0.3;0.29;NA;0.05;NA;NA;NA;
31;11;0.27;0.25;0.31;NA;0.23;0.3;0.27;NA;0.11;NA;NA;NA;
31;12;0.29;0.3;0.3;NA;0.33;0.29;0.3;NA;0.11;NA;NA;NA;
31;13;0.28;0.28;0.3;NA;0.31;0.29;0.29;NA;0.1;NA;NA;NA;
31;14;0.28;0.28;0.28;NA;0.32;0.34;0.3;NA;0.07;NA;NA;NA;
31;15;0.28;0.28;0.27;NA;0.46;0.35;0.3;NA;0.1;NA;NA;NA;
31;16;0.26;0.27;0.28;NA;0.6;0.37;0.28;NA;0.1;NA;NA;NA;
31;17;0.32;0.34;0.29;NA;0.55;0.5;0.32;NA;0.11;NA;NA;NA;
31;18;0.39;0.39;0.51;NA;0.4;0.54;0.38;NA;0.18;NA;NA;NA;
31;19;0.42;0.49;0.63;NA;0.4;0.71;0.48;NA;0.35;NA;NA;NA;
31;20;0.48;0.47;0.49;NA;0.38;0.74;0.38;NA;0.33;NA;NA;NA;
31;21;0.34;0.4;0.38;NA;0.35;0.54;0.35;NA;0.24;NA;NA;NA;
31;22;0.28;0.3;0.31;NA;0.34;0.5;0.31;NA;0.26;NA;NA;NA;
31;23;0.25;0.24;0.26;NA;0.47;0.49;0.27;NA;0.38;NA;NA;NA;
