DIA;HORA;Cotocollao;Carapungo;Belisario;Jipijapa;El Camal;Centro;Guamaní;Tumbaco;Los Chillos;El Condado;Turubamba;Chillogallo;
1;0;20.71;38.78;4.65;NA;ND;38.73;42.82;ND;32.67;NA;NA;NA;
1;1;ND;14.34;11;NA;ND;ND;ND;5.52;46.39;NA;NA;NA;
1;2;9.42;10.48;8.98;NA;ND;42.41;16.45;9.56;16.65;NA;NA;NA;
1;3;7.49;12.45;2.97;NA;ND;19.48;21.29;3.81;15.04;NA;NA;NA;
1;4;6.85;9.46;2.28;NA;ND;14.7;17.62;5.84;10.84;NA;NA;NA;
1;5;3.47;11.1;2.96;NA;ND;14.75;9.92;6.57;7.47;NA;NA;NA;
1;6;3.25;9.4;6.63;NA;ND;11.06;4.8;3.72;5.39;NA;NA;NA;
1;7;5.01;7.85;6.24;NA;ND;14.13;2.99;9.91;4.9;NA;NA;NA;
1;8;6.14;9.84;7.54;NA;ND;8.01;2.14;22.81;4.4;NA;NA;NA;
1;9;8.92;9.81;9.37;NA;ND;7.27;1.64;6.67;38.45;NA;NA;NA;
1;10;8.73;9.05;14.51;NA;ND;12.57;1.89;4.86;40.19;NA;NA;NA;
1;11;16.85;15.43;13.05;NA;ND;13.66;1.33;10.94;13.89;NA;NA;NA;
1;12;7.58;9.09;3.65;NA;ND;4.59;2.32;4.86;8.13;NA;NA;NA;
1;13;5.25;7.24;2.52;NA;ND;2.76;3.2;3.64;3.04;NA;NA;NA;
1;14;4.3;3.68;4.01;NA;ND;3.11;3.72;2.06;1.45;NA;NA;NA;
1;15;2.41;2.67;3.41;NA;ND;3.96;1.21;1.86;6.05;NA;NA;NA;
1;16;1.59;2.1;2.09;NA;ND;2.99;1.39;2.34;8;NA;NA;NA;
1;17;1.28;2.41;1.72;NA;ND;2.45;0.96;1.97;25.58;NA;NA;NA;
1;18;1.12;1.99;1.91;NA;ND;2.24;1.69;2.04;10.43;NA;NA;NA;
1;19;1.15;2.34;1.72;NA;ND;2.68;1.74;1.99;5.51;NA;NA;NA;
1;20;1.96;2.28;1.86;NA;ND;2.99;1.63;1.72;3.75;NA;NA;NA;
1;21;2.49;2.17;1.28;NA;ND;2.69;5.14;1.56;3.36;NA;NA;NA;
1;22;2.92;2.29;2.43;NA;ND;ND;12.4;1.59;7.57;NA;NA;NA;
1;23;2.53;1.63;2.11;NA;ND;ND;27.86;1.48;34.58;NA;NA;NA;
2;0;3.09;1.24;2.43;NA;ND;2.64;14.7;1.46;11.73;NA;NA;NA;
2;1;3.49;ND;ND;NA;ND;2.36;3.94;1.27;ND;NA;NA;NA;
2;2;4.48;2.61;2.42;NA;ND;3.12;2.21;1.85;7.09;NA;NA;NA;
2;3;4.05;3.26;3.07;NA;ND;6.22;4.93;2.63;4.71;NA;NA;NA;
2;4;4.28;3.72;18.2;NA;ND;6.87;1.9;6.65;8.07;NA;NA;NA;
2;5;5.86;4.39;15.76;NA;ND;7.91;1.13;7.47;23.29;NA;NA;NA;
2;6;5.43;4.11;12.88;NA;ND;9.61;1.15;7.93;6.45;NA;NA;NA;
2;7;5.63;5.93;9.7;NA;ND;10.07;0.9;25.01;6.65;NA;NA;NA;
2;8;7.85;9.98;7.12;NA;ND;5.1;0.87;27.94;4.61;NA;NA;NA;
2;9;3.9;11.04;1.74;NA;ND;1.76;0.66;11.26;1.66;NA;NA;NA;
2;10;4.5;5.07;6.84;NA;ND;2.86;0.63;4.49;1.4;NA;NA;NA;
2;11;1.98;2.43;3.55;NA;ND;3.13;0.65;0.97;0.66;NA;NA;NA;
2;12;1.53;2.14;1.32;NA;ND;6.87;0.95;0.81;0.78;NA;NA;NA;
2;13;1.98;3.45;1.78;NA;ND;3.78;0.39;0.85;0.86;NA;NA;NA;
2;14;1.98;3.72;1.32;NA;ND;8.55;0.42;0.64;0.76;NA;NA;NA;
2;15;2.65;2.72;1.88;NA;ND;4.66;0.49;0.75;0.83;NA;NA;NA;
2;16;2.26;2.03;1.73;NA;ND;9.06;0.37;0.55;0.8;NA;NA;NA;
2;17;2.39;2.24;3.68;NA;ND;5.12;0.35;0.94;0.98;NA;NA;NA;
2;18;3.27;2.02;2.8;NA;ND;3.03;0.8;2.08;27.61;NA;NA;NA;
2;19;3.71;3.21;3.13;NA;ND;3.06;2.52;1.86;30.62;NA;NA;NA;
2;20;4.96;3.67;3.66;NA;ND;3.37;2.24;2.02;4.88;NA;NA;NA;
2;21;3.91;2.35;4.05;NA;ND;4.2;1.45;3.52;8.84;NA;NA;NA;
2;22;3.7;2.78;3.6;NA;ND;3.3;0.43;3.78;5.36;NA;NA;NA;
2;23;4.63;3.06;2.36;NA;ND;3.53;0.54;1.57;4.76;NA;NA;NA;
3;0;4.75;3;2.23;NA;ND;2.93;0.35;ND;3.95;NA;NA;NA;
3;1;ND;3.1;2.97;NA;ND;ND;ND;2.96;4.11;NA;NA;NA;
3;2;4.93;3.12;2.83;NA;ND;2.1;0.15;8.62;4.36;NA;NA;NA;
3;3;4.74;3.27;2.86;NA;ND;3.95;0.12;12.31;4.34;NA;NA;NA;
3;4;4;2.96;2.75;NA;ND;3.27;0.05;6.05;3.92;NA;NA;NA;
3;5;4.55;3.31;3.7;NA;ND;1.67;0.13;17.76;3.93;NA;NA;NA;
3;6;7.23;4.4;6.46;NA;ND;2.16;0.2;14.4;6.09;NA;NA;NA;
3;7;14.05;10.76;3.49;NA;ND;3.67;0.13;16.97;12.91;NA;NA;NA;
3;8;8.94;10.31;2.19;NA;ND;2.27;0.09;14.89;7.99;NA;NA;NA;
3;9;6.42;6.23;6.51;NA;ND;2.98;0.08;9.52;3.85;NA;NA;NA;
3;10;4.89;7.51;8.48;NA;ND;5.15;0.29;11.07;1.16;NA;NA;NA;
3;11;4.34;5.77;5.41;NA;ND;8.58;0.19;5.54;1.26;NA;NA;NA;
3;12;3.87;4;3.5;NA;ND;4.88;0.44;3.98;1.09;NA;NA;NA;
3;13;2.95;2.97;2.77;NA;ND;2.72;0.19;2.3;1.14;NA;NA;NA;
3;14;1.58;1.93;2.18;NA;ND;1.51;0.21;1.24;1.02;NA;NA;NA;
3;15;1.71;2.58;1.99;NA;ND;2.25;0.18;1.12;0.87;NA;NA;NA;
3;16;3.46;4.9;2.28;NA;ND;1.63;0.06;1.53;1.19;NA;NA;NA;
3;17;3.76;5.15;3.72;NA;ND;1.28;0.12;0.89;0.88;NA;NA;NA;
3;18;3.57;5.33;3.76;NA;ND;1.41;0.3;0.77;1;NA;NA;NA;
3;19;7.95;8.87;7.81;NA;ND;2.42;0.2;0.92;1.19;NA;NA;NA;
3;20;11.51;12.12;7.68;NA;ND;3.61;0.22;1.27;2.09;NA;NA;NA;
3;21;7.25;7.3;3.55;NA;ND;1.64;1.86;5.47;3.64;NA;NA;NA;
3;22;13.98;11.98;6.86;NA;ND;ND;0.28;4.64;2.72;NA;NA;NA;
3;23;20.07;15.45;12.62;NA;ND;ND;0.01;5.37;3.05;NA;NA;NA;
4;0;11.77;8.62;15.87;NA;ND;2.46;0.07;5.49;5.27;NA;NA;NA;
4;1;8.53;ND;ND;NA;ND;3.74;0.14;7.12;ND;NA;NA;NA;
4;2;7.57;8.14;5.86;NA;ND;3.35;0.09;3.29;4.87;NA;NA;NA;
4;3;6.73;7.35;10.18;NA;ND;3.36;0.38;6.95;28.59;NA;NA;NA;
4;4;6.79;6.95;12.59;NA;ND;1.78;0.07;5.7;21.22;NA;NA;NA;
4;5;7.02;7.56;11.48;NA;ND;3.4;0.1;3.18;21.45;NA;NA;NA;
4;6;6.86;7.41;9.9;NA;ND;6.95;0.22;6.5;22.46;NA;NA;NA;
4;7;8.89;10.05;17.82;NA;ND;4.42;0.16;14.04;13.03;NA;NA;NA;
4;8;9.9;9.49;13.83;NA;ND;4.42;0.06;24.24;14.84;NA;NA;NA;
4;9;8.9;7.7;8.36;NA;ND;8.05;0.39;57.5;20.46;NA;NA;NA;
4;10;12.56;17.87;6.84;NA;ND;7.68;2.15;27.64;16.55;NA;NA;NA;
4;11;15.07;19.37;4.01;NA;ND;5.43;2.3;4.91;3.43;NA;NA;NA;
4;12;13.31;11.33;1.89;NA;ND;1.98;0.44;1.95;2.26;NA;NA;NA;
4;13;6.24;7.24;2.04;NA;ND;2.92;0.08;1.74;27.99;NA;NA;NA;
4;14;3.03;4.19;4.72;NA;ND;2.28;3.27;1.22;1.38;NA;NA;NA;
4;15;2.93;2.65;3.92;NA;ND;3.03;3.74;2.66;0.84;NA;NA;NA;
4;16;3.51;2.92;4.67;NA;ND;3.41;1.51;4.19;2.3;NA;NA;NA;
4;17;6.74;4.54;6.56;NA;ND;4.7;2.56;5.97;16.2;NA;NA;NA;
4;18;3.93;2.46;5.9;NA;ND;5.72;3.87;4.64;26.7;NA;NA;NA;
4;19;2.8;2.31;3.54;NA;ND;3.88;6.47;4.67;25.13;NA;NA;NA;
4;20;5.12;3.89;8.69;NA;ND;8.9;11.24;9.99;17.56;NA;NA;NA;
4;21;5.47;3.8;9.44;NA;ND;11.63;15.86;8.24;29.85;NA;NA;NA;
4;22;5.59;3.49;7.55;NA;ND;9.27;13.44;4.6;10.92;NA;NA;NA;
4;23;4.75;3.82;10.46;NA;ND;8.9;12.76;4.03;10.21;NA;NA;NA;
5;0;6.24;6.03;8.21;NA;ND;8.63;5.54;ND;11.47;NA;NA;NA;
5;1;ND;19.91;13.18;NA;ND;ND;ND;3.52;11.51;NA;NA;NA;
5;2;18.61;16.71;19.05;NA;ND;7.58;0.38;3.39;14.1;NA;NA;NA;
5;3;14.34;10.78;21.31;NA;ND;5.91;0.11;3.53;11.03;NA;NA;NA;
5;4;11.25;8.24;20.7;NA;ND;5.14;0.01;3.59;ND;NA;NA;NA;
5;5;10.81;10.12;15.28;NA;ND;4.4;0.1;4.48;5.82;NA;NA;NA;
5;6;12.54;11.3;20.68;NA;ND;7.09;0.33;4.66;11.44;NA;NA;NA;
5;7;16.22;10.45;13.28;NA;ND;10.81;0.42;4.91;13.55;NA;NA;NA;
5;8;10.63;8.5;7.42;NA;ND;7.14;0.3;20.14;21.22;NA;NA;NA;
5;9;6.19;5.27;7.12;NA;ND;7.39;0.28;38.92;69.77;NA;NA;NA;
5;10;6.72;8.02;6.13;NA;ND;6.21;1.53;14.05;72.82;NA;NA;NA;
5;11;12.68;12.6;4.85;NA;ND;3.96;3.73;6.49;30.41;NA;NA;NA;
5;12;9.23;9.32;9.54;NA;ND;6.48;5.98;6.95;5.04;NA;NA;NA;
5;13;4.69;5.31;9.21;NA;ND;8.87;5.77;11.54;2.52;NA;NA;NA;
5;14;2.37;2.49;6.52;NA;ND;8.27;6.29;16.48;7.2;NA;NA;NA;
5;15;1.72;1.77;3.24;NA;ND;3.61;10.78;3.19;11.23;NA;NA;NA;
5;16;1.29;1.98;2.19;NA;ND;2.53;3.34;1.98;33.41;NA;NA;NA;
5;17;1.48;1.45;1.89;NA;ND;2.55;2.44;2;10.42;NA;NA;NA;
5;18;4.39;2.68;3.1;NA;ND;2.74;2.09;2.09;2.07;NA;NA;NA;
5;19;9.32;6.8;6.6;NA;ND;3.55;2.78;2.12;4.65;NA;NA;NA;
5;20;11.23;9.56;7.9;NA;ND;3.18;3.36;2.63;6.38;NA;NA;NA;
5;21;12.79;11.55;13.76;NA;ND;3.19;1.77;2.82;3.55;NA;NA;NA;
5;22;16.92;11.25;13.82;NA;ND;4.39;0.99;3.64;5.08;NA;NA;NA;
5;23;14.53;10.71;11.71;NA;ND;4.85;0.64;2.31;5.53;NA;NA;NA;
6;0;10.56;8.2;4.55;NA;ND;4.82;0.29;4.51;5.27;NA;NA;NA;
6;1;ND;ND;1.6;NA;ND;3.06;ND;5.35;ND;NA;NA;NA;
6;2;11.42;6.36;1.2;NA;ND;3.44;0.27;6.5;6.36;NA;NA;NA;
6;3;6.14;4.6;1.69;NA;ND;4.61;0.25;7.77;5.67;NA;NA;NA;
6;4;6.88;4.11;1.32;NA;ND;2.77;0.71;7.29;3.59;NA;NA;NA;
6;5;7.27;5.32;1.22;NA;ND;2.2;0.25;7.31;8.71;NA;NA;NA;
6;6;13.14;8.98;2.6;NA;ND;4.15;1.03;7.4;14.25;NA;NA;NA;
6;7;10.66;8.81;2.8;NA;ND;4.29;0.82;6.53;13.04;NA;NA;NA;
6;8;9.33;7.18;3.92;NA;ND;4.58;1.78;35.64;13.4;NA;NA;NA;
6;9;5.11;6.62;7.46;NA;ND;3.29;0.73;14.82;6.77;NA;NA;NA;
6;10;4.21;4.36;ND;NA;ND;5.53;0.74;5.69;1.48;NA;NA;NA;
6;11;2.11;ND;ND;NA;ND;6.04;1.02;1.5;1.22;NA;NA;NA;
6;12;1.49;ND;1.21;NA;ND;2.17;1.04;0.94;1.04;NA;NA;NA;
6;13;1.53;1.27;1.1;NA;ND;1.1;0.81;1.07;0.95;NA;NA;NA;
6;14;1.01;1.32;1.16;NA;ND;1.3;0.61;1.15;0.96;NA;NA;NA;
6;15;1.05;1.64;1.78;NA;ND;0.24;0.76;0.83;0.84;NA;NA;NA;
6;16;0.98;1.81;1.82;NA;ND;1.02;0.61;1.35;0.9;NA;NA;NA;
6;17;1.46;2.06;2.17;NA;ND;1.02;0.73;1.06;0.61;NA;NA;NA;
6;18;1.27;1.91;2.1;NA;ND;1.14;1;0.93;0.8;NA;NA;NA;
6;19;2.18;1.55;3.9;NA;ND;1.23;1.26;1.44;1.29;NA;NA;NA;
6;20;5.25;1.9;2.16;NA;ND;2.31;1.74;1.63;4.89;NA;NA;NA;
6;21;6.74;2.54;8.77;NA;ND;2.07;2.38;1.98;10.68;NA;NA;NA;
6;22;4.4;3.25;12.87;NA;ND;2.26;0.41;1.97;4.6;NA;NA;NA;
6;23;5.66;3.97;13.68;NA;ND;1.31;0.61;1.92;3.98;NA;NA;NA;
7;0;7.25;5.29;10.27;NA;ND;1.76;0.41;ND;4.76;NA;NA;NA;
7;1;7.49;5.54;ND;NA;ND;ND;0.16;1.8;4.57;NA;NA;NA;
7;2;7.38;5.38;11.11;NA;ND;0.66;0.02;2.34;4.91;NA;NA;NA;
7;3;6.25;4.74;13.29;NA;ND;1.64;0.02;1.9;4.43;NA;NA;NA;
7;4;5.42;3.9;8.48;NA;ND;1.96;0.12;2.75;5.06;NA;NA;NA;
7;5;5.79;4.5;7.44;NA;ND;2.06;0.46;3.71;8;NA;NA;NA;
7;6;15.33;7.62;2.87;NA;ND;1.7;0.19;6.42;10.49;NA;NA;NA;
7;7;14.68;7.62;2.84;NA;ND;3;0.64;18.95;17.24;NA;NA;NA;
7;8;2.8;7.79;2.44;NA;ND;2.59;0.38;31.97;8.11;NA;NA;NA;
7;9;5.03;13.69;4.08;NA;ND;1.26;0.69;18.15;2.66;NA;NA;NA;
7;10;3.39;6.56;4.99;NA;ND;3.1;0.54;2.99;7.67;NA;NA;NA;
7;11;1.08;3.04;1.94;NA;ND;2.04;0.77;1.07;5.74;NA;NA;NA;
7;12;1.12;2.06;3.11;NA;ND;6.02;0.58;0.71;0.88;NA;NA;NA;
7;13;0.87;2.55;1.34;NA;ND;3.22;0.78;0.71;0.7;NA;NA;NA;
7;14;0.96;1.6;0.75;NA;ND;1.86;0.59;1.05;1.01;NA;NA;NA;
7;15;0.68;1.76;0.8;NA;ND;1.43;0.89;0.54;0.98;NA;NA;NA;
7;16;0.92;1.54;1.58;NA;ND;1.53;0.74;0.58;0.92;NA;NA;NA;
7;17;1.01;2.33;2.33;NA;ND;1.62;5.19;1.45;2.05;NA;NA;NA;
7;18;0.96;1.92;2.22;NA;ND;2.45;1.37;1.47;5.18;NA;NA;NA;
7;19;1.43;1.98;2.93;NA;ND;2.22;1.2;1.8;34.22;NA;NA;NA;
7;20;2.83;2.28;3.34;NA;ND;2.22;1.21;1.68;41.55;NA;NA;NA;
7;21;2.47;2.73;5.69;NA;ND;2.52;0.82;2.65;6;NA;NA;NA;
7;22;3.86;2.83;8.97;NA;ND;1.82;0.73;1.95;4.33;NA;NA;NA;
7;23;4.2;2.52;8.42;NA;ND;4.72;0.65;1.7;8.51;NA;NA;NA;
8;0;2.46;2.69;10.64;NA;ND;3.86;0.84;0.99;11.96;NA;NA;NA;
8;1;ND;ND;7.16;NA;ND;5.91;ND;1.32;ND;NA;NA;NA;
8;2;4.24;1.21;13.01;NA;ND;4.82;0.74;1.12;2.81;NA;NA;NA;
8;3;3.94;1.77;9.31;NA;ND;5.69;0.83;1.77;72.51;NA;NA;NA;
8;4;7.55;1.6;9.23;NA;ND;3.74;0.64;2.07;85.73;NA;NA;NA;
8;5;8.71;1.36;4.25;NA;ND;3.02;0.9;0.91;90.28;NA;NA;NA;
8;6;12.99;1.79;4.85;NA;ND;4.34;0.9;2.48;44.15;NA;NA;NA;
8;7;16.42;1.42;2.41;NA;ND;4.32;1.12;2.71;123.65;NA;NA;NA;
8;8;11.13;2.87;2.78;NA;ND;3.49;1.16;5.95;197.07;NA;NA;NA;
8;9;4.76;3.12;3.36;NA;ND;3.2;1.07;7.03;89.29;NA;NA;NA;
8;10;2.46;3.8;5.25;NA;ND;4.44;1.71;4.88;92.36;NA;NA;NA;
8;11;1.66;3.4;2.74;NA;ND;6.94;1.96;3.29;16.51;NA;NA;NA;
8;12;1.3;1.96;1.1;NA;ND;1.81;1.75;1.46;1.4;NA;NA;NA;
8;13;1.52;1.99;0.87;NA;ND;1.45;0.56;0.92;1.24;NA;NA;NA;
8;14;3.09;1.78;0.82;NA;ND;1.19;0.72;1.18;1.06;NA;NA;NA;
8;15;2.33;1.55;0.8;NA;ND;1.32;0.72;0.82;1.15;NA;NA;NA;
8;16;1.14;1.63;0.9;NA;ND;0.98;1.02;0.65;0.99;NA;NA;NA;
8;17;1.13;1.98;1.38;NA;ND;1.27;2.5;0.81;1.26;NA;NA;NA;
8;18;1.13;2.16;2.04;NA;ND;1.6;1.3;1.61;1.17;NA;NA;NA;
8;19;3.46;1.78;1.85;NA;ND;1.89;0.7;2.08;4.69;NA;NA;NA;
8;20;2.65;1.84;2.1;NA;ND;1.71;0.98;1.53;4.99;NA;NA;NA;
8;21;9.68;2.22;2.99;NA;ND;2.04;0.52;1.5;5.9;NA;NA;NA;
8;22;8.19;1.67;6;NA;ND;3.45;0.83;1.25;12.8;NA;NA;NA;
8;23;7.41;1.89;7.37;NA;ND;4.07;0.77;0.58;6.17;NA;NA;NA;
9;0;6.63;1.37;5.9;NA;ND;5.82;0.69;0.66;4.89;NA;NA;NA;
9;1;4.92;0.95;ND;NA;ND;6.29;0.61;0.91;ND;NA;NA;NA;
9;2;1.35;0.8;2.57;NA;ND;5.87;0.8;0.33;27.02;NA;NA;NA;
9;3;4.58;0.67;5.09;NA;ND;4.43;1.17;1.05;14.82;NA;NA;NA;
9;4;6.73;0.68;3.19;NA;ND;6.4;4.93;0.57;13.45;NA;NA;NA;
9;5;6.86;1.31;6;NA;ND;18.22;10.67;0.57;9.35;NA;NA;NA;
9;6;10.24;2.4;11.94;NA;ND;14.14;6.6;16.23;8.23;NA;NA;NA;
9;7;9.3;2.71;12.41;NA;ND;13.1;3.95;12.7;15.76;NA;NA;NA;
9;8;8.11;4.21;9.79;NA;ND;5.47;1.4;13.03;20.81;NA;NA;NA;
9;9;8.09;3.36;11.46;NA;ND;6.32;1.18;44.68;151.13;NA;NA;NA;
9;10;4.1;2.76;5.3;NA;ND;6.6;8.17;22.55;35.55;NA;NA;NA;
9;11;2.9;3.11;3.22;NA;ND;4.28;3;4.72;1.79;NA;NA;NA;
9;12;2.55;2.65;1.45;NA;ND;1.89;1.08;2.24;1.61;NA;NA;NA;
9;13;2.16;1.63;1.13;NA;ND;1.38;1.12;1.84;1.35;NA;NA;NA;
9;14;4.31;1.4;1.08;NA;ND;1.69;0.76;1.42;1.27;NA;NA;NA;
9;15;2.76;1.06;1.14;NA;ND;1.47;0.82;1.68;1.11;NA;NA;NA;
9;16;3.5;1.3;1.01;NA;ND;1.27;0.71;1.28;1.02;NA;NA;NA;
9;17;7.37;1.44;1.53;NA;ND;1.09;0.72;1.77;0.86;NA;NA;NA;
9;18;4.53;1.39;1.79;NA;ND;1.56;4.12;1.11;1.03;NA;NA;NA;
9;19;3.3;1.35;1.23;NA;ND;2.1;1.6;2.14;0.84;NA;NA;NA;
9;20;6.11;2.08;3.08;NA;ND;2.44;2.13;2.84;2.25;NA;NA;NA;
9;21;7.31;2.26;4.83;NA;ND;3.08;2.64;2.6;4.56;NA;NA;NA;
9;22;9.56;2.13;5.26;NA;ND;3.05;3.29;2.5;6.6;NA;NA;NA;
9;23;7.04;1.97;5.92;NA;ND;2.42;2.97;2.26;5.41;NA;NA;NA;
10;0;6.33;2.47;2.62;NA;ND;3.55;4.54;ND;15.29;NA;NA;NA;
10;1;ND;ND;4.58;NA;ND;ND;ND;1.94;ND;NA;NA;NA;
10;2;6.32;1.69;6.88;NA;ND;7.9;2.69;1.57;6.74;NA;NA;NA;
10;3;6.75;1.91;7.05;NA;ND;4.77;4.85;1.21;7.49;NA;NA;NA;
10;4;5.2;1.72;4.4;NA;ND;10.84;7.05;1.16;4.98;NA;NA;NA;
10;5;3.08;1.49;12.54;NA;ND;22.31;3.41;1.13;5.57;NA;NA;NA;
10;6;8.55;2.19;8.37;NA;ND;24.26;11.08;1.56;6.78;NA;NA;NA;
10;7;10.87;2.62;7.25;NA;ND;19.21;7.2;1.46;9.17;NA;NA;NA;
10;8;10.27;4.07;9.93;NA;ND;16.49;4.49;1.68;28.67;NA;NA;NA;
10;9;4.53;2.72;6.32;NA;ND;13.02;3.55;4.85;87.15;NA;NA;NA;
10;10;3.8;2.5;3.35;NA;ND;6.43;4.19;3.25;82.84;NA;NA;NA;
10;11;3.32;2.34;2.01;NA;ND;3.42;9.1;1.81;47.43;NA;NA;NA;
10;12;3.6;2.16;1.33;NA;ND;2.28;8.99;0.91;20.26;NA;NA;NA;
10;13;3.57;2.15;1.5;NA;ND;2.44;4.03;0.72;2.46;NA;NA;NA;
10;14;4.53;1.61;1.53;NA;ND;2.29;2.8;0.8;1.18;NA;NA;NA;
10;15;3.77;1.63;1.54;NA;ND;2.22;1.04;0.95;0.73;NA;NA;NA;
10;16;8.38;1.91;1.83;NA;ND;2.21;1.17;0.9;1.22;NA;NA;NA;
10;17;4.61;1.66;1.75;NA;ND;2.11;0.77;0.76;0.77;NA;NA;NA;
10;18;5.49;1.56;1.15;NA;ND;1.91;0.88;0.7;1.36;NA;NA;NA;
10;19;3.09;1.37;1.04;NA;ND;1.54;1.26;0.67;0.98;NA;NA;NA;
10;20;3.18;1.22;1.01;NA;ND;1.76;1.59;0.83;5.66;NA;NA;NA;
10;21;2.94;2.26;0.98;NA;ND;1.15;2.71;0.4;5.28;NA;NA;NA;
10;22;4.36;3.26;1.31;NA;ND;3.71;1.6;1.18;5.45;NA;NA;NA;
10;23;5.68;2.44;2.17;NA;ND;2.11;0.88;1.41;5.81;NA;NA;NA;
11;0;6.47;2.09;2.61;NA;ND;1.77;0.59;15.05;4.74;NA;NA;NA;
11;1;6.88;1.9;ND;NA;ND;3.18;0.45;7.33;8.62;NA;NA;NA;
11;2;4.64;2.2;2.94;NA;ND;3.08;0.31;7.1;6.99;NA;NA;NA;
11;3;4.35;2.07;1.32;NA;ND;2.01;0.34;9.35;3.72;NA;NA;NA;
11;4;5.99;2.07;1.56;NA;ND;5.01;0.19;6.54;5.35;NA;NA;NA;
11;5;5.17;2.53;1.59;NA;ND;3.19;0.27;10.88;6.17;NA;NA;NA;
11;6;4.62;2.56;1.46;NA;ND;3.2;0.41;9.84;5.65;NA;NA;NA;
11;7;5.05;2.58;1.9;NA;ND;3.58;0.48;6.07;7.25;NA;NA;NA;
11;8;3.59;1.76;1.69;NA;ND;3.05;1.04;2.61;67.11;NA;NA;NA;
11;9;2.68;1.55;2.15;NA;ND;1.79;0.89;5.83;50;NA;NA;NA;
11;10;3.22;1.36;2.27;NA;ND;2.4;1.04;4.79;6.99;NA;NA;NA;
11;11;2.78;1.53;0.82;NA;ND;1.23;1.03;0.98;1.25;NA;NA;NA;
11;12;2.86;1.24;1.09;NA;ND;1.16;0.59;0.56;0.91;NA;NA;NA;
11;13;3.16;3.74;1.04;NA;ND;1.78;0.51;0.6;0.77;NA;NA;NA;
11;14;5;6.16;0.52;NA;ND;1.21;0.87;0.41;0.89;NA;NA;NA;
11;15;5.4;3.79;0.67;NA;ND;0.98;0.6;0.38;0.6;NA;NA;NA;
11;16;5.16;3.4;3.91;NA;ND;2;0.79;0.54;0.86;NA;NA;NA;
11;17;4.07;1.63;1.36;NA;ND;1.03;0.79;0.43;0.72;NA;NA;NA;
11;18;3.35;1.48;3.32;NA;ND;1.43;1.27;1.22;1.06;NA;NA;NA;
11;19;3.66;1.6;3.07;NA;ND;3.12;1.71;1.46;1.03;NA;NA;NA;
11;20;4.74;1.65;3.47;NA;ND;2.85;1.97;1.73;2.32;NA;NA;NA;
11;21;5.13;1.66;6.81;NA;ND;2.53;1.9;1.91;3.79;NA;NA;NA;
11;22;5.46;1.55;16.94;NA;ND;2.13;0.5;2.23;26.11;NA;NA;NA;
11;23;4.86;1.55;14.86;NA;ND;3.41;0.5;2.27;15.99;NA;NA;NA;
12;0;4.59;1.68;9.68;NA;ND;4.79;0.35;ND;12.09;NA;NA;NA;
12;1;ND;ND;6.95;NA;ND;ND;ND;1.37;ND;NA;NA;NA;
12;2;4.32;1.93;5.24;NA;ND;3.94;0.4;0.93;7.05;NA;NA;NA;
12;3;3.18;3.23;6.18;NA;ND;3.84;0.76;0.68;4.16;NA;NA;NA;
12;4;3.15;1.51;2.84;NA;ND;4.38;0.5;0.55;5.34;NA;NA;NA;
12;5;3.35;1.97;2.67;NA;ND;4.19;0.72;1.05;6.62;NA;NA;NA;
12;6;4.61;8.57;4.38;NA;ND;5.21;0.86;0.77;12.64;NA;NA;NA;
12;7;7.55;9.55;8.71;NA;ND;6.12;0.82;2.08;10.26;NA;NA;NA;
12;8;6.61;3.04;8.98;NA;ND;9.49;0.66;14.43;81.31;NA;NA;NA;
12;9;5.97;2.19;7.39;NA;ND;7.57;0.78;6.55;56.35;NA;NA;NA;
12;10;5.69;2.25;9.73;NA;ND;10.49;9.32;8.84;49.45;NA;NA;NA;
12;11;6.22;2.04;5.96;NA;ND;7.46;9.25;6.6;28.39;NA;NA;NA;
12;12;5.18;2.75;3.9;NA;ND;3.58;6.74;3.63;11.73;NA;NA;NA;
12;13;4.19;1.79;1.94;NA;ND;2.32;5.11;1.76;5.27;NA;NA;NA;
12;14;3.57;2.33;1.27;NA;ND;2.12;4.91;1.44;1.13;NA;NA;NA;
12;15;3.51;2.72;3.11;NA;ND;1.78;2.92;1.65;0.64;NA;NA;NA;
12;16;3.54;1.91;4.36;NA;ND;4.54;1.91;2.22;27.3;NA;NA;NA;
12;17;2.83;1.36;4.03;NA;ND;3.57;1.95;2.19;15.52;NA;NA;NA;
12;18;2.59;1.46;2.13;NA;ND;3.11;1.49;1.91;3.08;NA;NA;NA;
12;19;3.6;1.38;2.81;NA;ND;3.11;1.85;1.75;16.28;NA;NA;NA;
12;20;5.51;1.32;6.28;NA;ND;3.53;4.38;1.79;4.63;NA;NA;NA;
12;21;5.89;1.42;4.77;NA;ND;4.46;11.21;1.95;4.87;NA;NA;NA;
12;22;7.43;1.24;5.72;NA;ND;4.48;12.47;1.8;10.52;NA;NA;NA;
12;23;10.28;2.13;9.98;NA;ND;5.42;7.99;1.98;6.73;NA;NA;NA;
13;0;6.42;2.52;12.5;NA;ND;3.28;7.21;1.96;10.73;NA;NA;NA;
13;1;5.05;2.6;ND;NA;ND;4.87;3.83;1.73;10.46;NA;NA;NA;
13;2;5;1.62;10.92;NA;ND;6.69;3.64;3.02;15.55;NA;NA;NA;
13;3;4.26;2.11;7.19;NA;ND;7.28;5.25;5.71;11.28;NA;NA;NA;
13;4;4.81;4.62;10.52;NA;ND;4.94;3.35;22.99;26.33;NA;NA;NA;
13;5;6.81;5.14;6.48;NA;ND;7.39;4.51;18.7;28.72;NA;NA;NA;
13;6;8.4;7.96;5.1;NA;ND;13.71;6.92;25.98;24.02;NA;NA;NA;
13;7;16.72;12.74;16.57;NA;ND;11.84;3.12;17.51;24.83;NA;NA;NA;
13;8;15.73;10.86;15.44;NA;ND;17.09;2.47;19.97;111.87;NA;NA;NA;
13;9;8.63;5.79;8.87;NA;ND;11.07;2.57;7.22;64.5;NA;NA;NA;
13;10;7.76;6.26;6.71;NA;ND;6.15;5.94;12.43;41.37;NA;NA;NA;
13;11;7.93;4;7.25;NA;ND;5.73;7.33;6.93;23.72;NA;NA;NA;
13;12;4.3;2.49;4.69;NA;ND;4.83;5.08;4.09;8.1;NA;NA;NA;
13;13;3.72;2.35;3.62;NA;ND;3.3;3.5;1.98;1.38;NA;NA;NA;
13;14;4.36;2.26;3.33;NA;ND;3.11;4.58;2.63;10.82;NA;NA;NA;
13;15;3.73;2.08;3.18;NA;ND;3.26;2.56;2.26;9.49;NA;NA;NA;
13;16;2.6;1.64;2.32;NA;ND;3.06;1.74;2.32;6.01;NA;NA;NA;
13;17;2.28;1.49;1.57;NA;ND;2.22;1.74;2.73;17.85;NA;NA;NA;
13;18;2.51;1.53;1.57;NA;ND;2.56;1.83;2.66;7.62;NA;NA;NA;
13;19;2.6;1.83;3.39;NA;ND;3.18;2.05;2.44;3.48;NA;NA;NA;
13;20;3.19;1.59;5.43;NA;ND;3.83;2.23;2.21;5.98;NA;NA;NA;
13;21;4.1;3.8;3.52;NA;ND;3.94;3.42;1.93;3.12;NA;NA;NA;
13;22;6.8;4.28;4.79;NA;ND;3.48;2.93;1.8;3.33;NA;NA;NA;
13;23;4.08;2.75;11.17;NA;ND;3.53;2.79;1.89;8.26;NA;NA;NA;
14;0;4.74;7.94;8.27;NA;ND;3.69;2.11;ND;4.7;NA;NA;NA;
14;1;ND;ND;9.45;NA;ND;ND;ND;1.61;ND;NA;NA;NA;
14;2;5.16;9.28;10.79;NA;ND;4.3;1.37;3.27;5.36;NA;NA;NA;
14;3;5.8;4.87;11.72;NA;ND;2.4;1.5;5.76;6.57;NA;NA;NA;
14;4;5.39;6.59;6.52;NA;ND;6;1.27;49.62;19.77;NA;NA;NA;
14;5;6.26;5.5;11.69;NA;ND;6.84;1.18;12.31;24.7;NA;NA;NA;
14;6;7.17;5.85;11.98;NA;ND;8.17;1.03;10.38;12.47;NA;NA;NA;
14;7;11.65;14.34;16.58;NA;ND;10.31;1.59;19.95;18.43;NA;NA;NA;
14;8;16.29;21.6;6.44;NA;ND;7.73;2.07;15.77;23.99;NA;NA;NA;
14;9;23.06;20.03;21.8;NA;ND;4.32;1.88;12.44;16.96;NA;NA;NA;
14;10;18.39;10.96;15.05;NA;ND;13.54;1.74;10.16;5.58;NA;NA;NA;
14;11;10.27;8.52;6.04;NA;ND;11.46;1.83;6.33;ND;NA;NA;NA;
14;12;8.43;5.56;4.43;NA;ND;4.61;2.81;4.46;25.23;NA;NA;NA;
14;13;ND;4.47;5.19;NA;ND;3.91;5.17;4.69;24.58;NA;NA;NA;
14;14;ND;5.23;4.4;NA;ND;4.39;3.35;4.58;12.78;NA;NA;NA;
14;15;1.5;3.8;4.06;NA;ND;3.77;2.38;3.99;17.86;NA;NA;NA;
14;16;1.05;2.62;4.08;NA;ND;3.14;2;3.59;5.52;NA;NA;NA;
14;17;0.96;2.04;5.5;NA;ND;3.06;1.46;3.04;3.26;NA;NA;NA;
14;18;0.83;1.57;4.46;NA;ND;3.02;1.72;2.47;14.94;NA;NA;NA;
14;19;0.79;1.47;3.37;NA;ND;3.02;1.32;2.05;16.71;NA;NA;NA;
14;20;1.35;1.45;3.25;NA;ND;3.63;2.51;1.95;11.04;NA;NA;NA;
14;21;1.93;1.27;4.55;NA;ND;3.84;7.11;1.59;4.16;NA;NA;NA;
14;22;2.56;2.38;5.54;NA;ND;3.83;4.18;1.86;8.23;NA;NA;NA;
14;23;1;1.45;7.97;NA;ND;7.68;1.87;1.3;4.08;NA;NA;NA;
15;0;0.57;1.04;4.5;NA;ND;5.77;1.25;1.47;12.57;NA;NA;NA;
15;1;1.3;0.81;ND;NA;ND;6.56;1.15;1.16;ND;NA;NA;NA;
15;2;2.22;0.98;5.14;NA;ND;9.57;2.96;1.11;8.01;NA;NA;NA;
15;3;3.97;1.84;4.33;NA;ND;7.52;2.79;1.56;5.05;NA;NA;NA;
15;4;3.04;2.58;21.19;NA;ND;12.3;1.83;1.78;7.44;NA;NA;NA;
15;5;4.1;2.93;30.41;NA;ND;11.6;1.41;1.64;15.95;NA;NA;NA;
15;6;5.66;2.77;8.16;NA;ND;6;0.98;1.73;10.88;NA;NA;NA;
15;7;11.5;13.39;7.2;NA;ND;6.13;1.79;14.36;22.2;NA;NA;NA;
15;8;10.02;12;4.32;NA;ND;4.02;2.56;24.66;139.17;NA;NA;NA;
15;9;4.79;12.48;3.4;NA;ND;3.83;1.68;19.24;14.68;NA;NA;NA;
15;10;6.1;6.51;5.95;NA;ND;3.46;1.85;9.96;2.61;NA;NA;NA;
15;11;4.58;4.15;ND;NA;ND;6.29;1.49;5.02;2.21;NA;NA;NA;
15;12;ND;2.99;1.02;NA;ND;4.95;1.51;3.47;19.95;NA;NA;NA;
15;13;1.37;3.83;1.22;NA;ND;3.24;1.21;1.68;4.1;NA;NA;NA;
15;14;1.48;3.45;ND;NA;ND;3.45;1.87;3.07;3.67;NA;NA;NA;
15;15;2.04;2.51;1.33;NA;ND;3.58;1.22;43.52;2.43;NA;NA;NA;
15;16;3.13;2.17;1.6;NA;ND;3.05;1.03;19.89;1.97;NA;NA;NA;
15;17;0.73;2;1.97;NA;ND;2.88;5.2;8.04;3.77;NA;NA;NA;
15;18;0.81;1.78;1.49;NA;ND;2.95;3.65;3.52;6.25;NA;NA;NA;
15;19;1.07;1.55;2.28;NA;ND;4.46;13.99;2.68;2.56;NA;NA;NA;
15;20;1.67;1.37;3.08;NA;ND;3.99;7.71;1.97;18.74;NA;NA;NA;
15;21;6.7;1.27;2.5;NA;ND;3.87;4.72;1.78;6.45;NA;NA;NA;
15;22;1.6;1.69;5.74;NA;ND;4.68;4.04;1.97;11.47;NA;NA;NA;
15;23;1.09;0.99;4.75;NA;ND;5.58;3.82;1.4;5.37;NA;NA;NA;
16;0;1.16;0.95;2.53;NA;ND;4.38;3.78;ND;7.51;NA;NA;NA;
16;1;0.83;ND;1.51;NA;ND;ND;ND;1.84;10.51;NA;NA;NA;
16;2;2.07;1.56;1.96;NA;ND;4.67;2.71;1.31;7.03;NA;NA;NA;
16;3;2.63;2.22;2.48;NA;ND;5.18;1.77;1.27;9.81;NA;NA;NA;
16;4;2.23;3.45;3.22;NA;ND;3.96;3.87;2.41;7.84;NA;NA;NA;
16;5;3.76;12.38;3.3;NA;ND;4.1;1.69;21.29;10.29;NA;NA;NA;
16;6;5.6;14.01;6.21;NA;ND;5.67;3.44;5.05;10.96;NA;NA;NA;
16;7;11.67;8.41;7.02;NA;ND;10.53;2.48;14.52;15.73;NA;NA;NA;
16;8;11.49;7.32;6.22;NA;ND;7.52;1.76;55.36;74.47;NA;NA;NA;
16;9;9.66;10.65;7.55;NA;ND;4.01;1.26;25.12;48.53;NA;NA;NA;
16;10;9.16;7.1;6.97;NA;ND;7.66;1.43;8.94;19.43;NA;NA;NA;
16;11;6.32;4.77;2.43;NA;ND;4.63;2.15;4.81;8.97;NA;NA;NA;
16;12;1.7;2.55;2.06;NA;ND;3.89;1.82;3.82;15.88;NA;NA;NA;
16;13;0.86;1.33;1.53;NA;ND;3.15;1.13;3.71;11.29;NA;NA;NA;
16;14;0.44;1.21;1.49;NA;ND;2.46;0.99;3.11;3.79;NA;NA;NA;
16;15;0.35;1.14;1.92;NA;ND;2.04;1.1;2.5;2.72;NA;NA;NA;
16;16;0.69;1.02;2.66;NA;ND;2.47;1.86;1.47;2.32;NA;NA;NA;
16;17;0.79;1.77;1.38;NA;ND;2.88;1.45;2.28;1.92;NA;NA;NA;
16;18;1.01;3.13;1.94;NA;ND;2.71;2.43;1.17;3.92;NA;NA;NA;
16;19;2.35;5.17;2.59;NA;ND;2.98;2.44;3.08;4.54;NA;NA;NA;
16;20;1.52;3.58;2.31;NA;ND;2.89;1.65;5.06;5.05;NA;NA;NA;
16;21;2.08;2.08;2.32;NA;ND;3.21;1.55;2.03;4.95;NA;NA;NA;
16;22;1.83;2.19;6.22;NA;ND;3.52;1.72;1.94;17.5;NA;NA;NA;
16;23;1.73;2.36;3.27;NA;ND;3.57;1.63;5.6;22.6;NA;NA;NA;
17;0;0.42;1.7;2.98;NA;ND;4.78;1.7;4.91;16.41;NA;NA;NA;
17;1;ND;1.34;ND;NA;ND;3.82;19.44;5.32;ND;NA;NA;NA;
17;2;0.09;1.06;2.74;NA;ND;3;18.21;3.53;10.11;NA;NA;NA;
17;3;0.27;0.72;2.73;NA;ND;2.82;8.01;2.45;10.35;NA;NA;NA;
17;4;1.16;0.76;2.45;NA;ND;2.61;5.1;1.92;4.27;NA;NA;NA;
17;5;1.5;0.91;2.73;NA;ND;3.17;3.43;1.89;3.65;NA;NA;NA;
17;6;3.11;0.98;2.33;NA;ND;2.8;4.18;1.74;2.51;NA;NA;NA;
17;7;3.35;2.05;2.67;NA;ND;2.82;6.16;2.42;2.98;NA;NA;NA;
17;8;3.44;2.5;5.01;NA;ND;5.34;4.63;4.51;4.89;NA;NA;NA;
17;9;3.95;2.52;10.1;NA;ND;7.19;3.82;3.05;19.64;NA;NA;NA;
17;10;4.43;3.15;14.58;NA;ND;8.94;4.18;5.76;19.02;NA;NA;NA;
17;11;3.87;2.61;7.47;NA;ND;8.29;3.21;15.66;56.87;NA;NA;NA;
17;12;2.09;1.98;5.33;NA;ND;7.72;6.36;6.07;38.91;NA;NA;NA;
17;13;0.54;1.42;1.51;NA;ND;3.96;5.91;2.84;10.4;NA;NA;NA;
17;14;0.42;1.1;1.22;NA;ND;2.66;2.93;2.01;13.85;NA;NA;NA;
17;15;0.34;1.11;1.77;NA;ND;2.55;3.09;1.48;4.89;NA;NA;NA;
17;16;0.2;1.04;1.77;NA;ND;2.39;2.79;1.2;5.07;NA;NA;NA;
17;17;0.18;0.84;1.97;NA;ND;2.96;2.3;0.97;5.97;NA;NA;NA;
17;18;0.13;0.68;1.86;NA;ND;2.67;1.54;1.12;7.71;NA;NA;NA;
17;19;0.82;0.54;1.42;NA;ND;2.55;2.18;1.11;5.96;NA;NA;NA;
17;20;1.07;0.95;1.34;NA;ND;2.21;4.4;0.86;3.24;NA;NA;NA;
17;21;2.59;1.04;1.45;NA;ND;2.26;2.31;0.77;2.71;NA;NA;NA;
17;22;1.09;0.97;1.52;NA;ND;2.01;1.42;0.91;2.22;NA;NA;NA;
17;23;1.2;0.76;1.28;NA;ND;2.59;1.02;0.83;4.05;NA;NA;NA;
18;0;0.74;0.97;1.3;NA;ND;2.85;1.47;ND;6.49;NA;NA;NA;
18;1;0.21;ND;1.71;NA;ND;ND;ND;1.04;3.08;NA;NA;NA;
18;2;0.5;0.8;1.21;NA;ND;2.58;1.1;0.72;1.7;NA;NA;NA;
18;3;0.83;0.6;0.95;NA;ND;2.04;1.11;0.78;2.08;NA;NA;NA;
18;4;0.55;0.58;1.59;NA;ND;1.91;1.25;0.74;1.56;NA;NA;NA;
18;5;0.65;0.55;1.56;NA;ND;1.62;1.03;0.61;1.44;NA;NA;NA;
18;6;0.32;0.55;1.31;NA;ND;1.79;1.48;0.6;2.05;NA;NA;NA;
18;7;0.83;0.64;1.58;NA;ND;2.13;2.77;0.75;2.45;NA;NA;NA;
18;8;1.6;1.61;3.35;NA;ND;2.56;2.43;0.71;3.5;NA;NA;NA;
18;9;1.2;1.82;9.57;NA;ND;3.87;2.24;2.87;3.69;NA;NA;NA;
18;10;1.38;15.84;8.54;NA;ND;4.06;2.33;2.08;3.96;NA;NA;NA;
18;11;3.81;5.99;6.27;NA;ND;4.37;3.09;1.88;6.95;NA;NA;NA;
18;12;2.9;1.82;6.6;NA;ND;4.9;3.66;1.35;9.68;NA;NA;NA;
18;13;0.44;1.1;4.83;NA;ND;4.36;4.57;1.34;8.44;NA;NA;NA;
18;14;0.01;1.04;2.4;NA;ND;2.42;3.3;1.07;7.14;NA;NA;NA;
18;15;0.29;0.87;2.03;NA;ND;2.41;1.47;0.96;22.1;NA;NA;NA;
18;16;0.2;1.31;1.38;NA;ND;2.24;1.49;0.82;6.11;NA;NA;NA;
18;17;0.25;1.23;2.03;NA;ND;2.09;1.42;18.19;3.33;NA;NA;NA;
18;18;0.84;1.41;1.93;NA;ND;2.29;1.1;16.34;9.49;NA;NA;NA;
18;19;1.52;1.39;3.29;NA;ND;3.9;1.89;11.13;21.52;NA;NA;NA;
18;20;0.86;0.71;6.65;NA;ND;4.69;1.76;6.76;15.36;NA;NA;NA;
18;21;2.5;0.56;10.78;NA;ND;5.4;2.14;6.03;23.27;NA;NA;NA;
18;22;2.13;0.49;5.03;NA;ND;5.27;2.32;5.18;22.37;NA;NA;NA;
18;23;1.28;0.5;3.07;NA;ND;3.58;19.18;4.03;ND;NA;NA;NA;
19;0;1.23;0.61;2.06;NA;ND;2.84;30.8;2.3;9.57;NA;NA;NA;
19;1;2.81;0.59;ND;NA;ND;2.54;8.27;1.76;8.96;NA;NA;NA;
19;2;2.2;0.76;1.95;NA;ND;3.32;11.8;1.33;2.7;NA;NA;NA;
19;3;1.94;0.73;3.75;NA;ND;2.54;9.02;1.59;2.01;NA;NA;NA;
19;4;1.53;0.73;5.43;NA;ND;2.9;11.58;1.64;7.36;NA;NA;NA;
19;5;3.06;1.05;7.9;NA;ND;3.21;8.89;1.43;10.7;NA;NA;NA;
19;6;7.79;6.37;4.8;NA;ND;4.79;6.55;2.85;9.48;NA;NA;NA;
19;7;9.11;12.18;8.44;NA;ND;7.4;7.39;3.21;7.81;NA;NA;NA;
19;8;20.37;7.27;7.94;NA;ND;9.02;8.67;6.24;11.96;NA;NA;NA;
19;9;20.06;16.12;8.68;NA;ND;8.84;4.38;12.67;13.03;NA;NA;NA;
19;10;ND;16.05;10.31;NA;ND;7.92;9.65;7.08;9.47;NA;NA;NA;
19;11;ND;8.69;7.86;NA;ND;7.64;15.14;4.55;6.63;NA;NA;NA;
19;12;0.07;2.45;3.5;NA;ND;6;5.35;3.93;11.59;NA;NA;NA;
19;13;0.07;1.55;3.52;NA;ND;4.1;3.36;2.2;3.98;NA;NA;NA;
19;14;ND;1.61;3.74;NA;ND;3.67;3.32;1.71;8.47;NA;NA;NA;
19;15;0.44;1.05;3.73;NA;ND;4.23;1.88;1.48;3.48;NA;NA;NA;
19;16;0.41;0.86;3.65;NA;ND;3.66;2.3;1.18;2.73;NA;NA;NA;
19;17;0.26;0.89;2.31;NA;ND;3.05;2.19;1.17;2.44;NA;NA;NA;
19;18;0.6;0.96;2.88;NA;ND;2.83;2.47;0.97;1.92;NA;NA;NA;
19;19;0.45;0.79;2.11;NA;ND;2.91;3.32;0.88;4.79;NA;NA;NA;
19;20;0.28;0.81;1.77;NA;ND;2.67;5;0.95;6.97;NA;NA;NA;
19;21;0.45;0.61;1.4;NA;ND;2.28;5.09;0.81;1.83;NA;NA;NA;
19;22;0.3;0.67;0.92;NA;ND;2.11;3.86;0.91;1.61;NA;NA;NA;
19;23;0.39;0.38;1.65;NA;ND;1.77;2.35;0.66;2.26;NA;NA;NA;
20;0;0.37;0.72;1.09;NA;ND;1.83;4.04;ND;2.64;NA;NA;NA;
20;1;ND;ND;1.05;NA;ND;ND;ND;1.1;1.09;NA;NA;NA;
20;2;0.29;0.4;1.17;NA;ND;2.54;1.72;0.73;1.08;NA;NA;NA;
20;3;0.28;0.59;0.96;NA;ND;1.97;1.75;0.46;0.89;NA;NA;NA;
20;4;0.46;0.33;1.81;NA;ND;4.23;1.23;0.31;1.06;NA;NA;NA;
20;5;0.67;0.46;3.22;NA;ND;4.37;1.48;0.41;2.04;NA;NA;NA;
20;6;1.11;0.68;4.26;NA;ND;5.05;1.71;0.43;1.14;NA;NA;NA;
20;7;1.11;0.44;7.15;NA;ND;7.98;2.72;0.37;1.42;NA;NA;NA;
20;8;1.87;1.37;13.41;NA;ND;6.95;2.59;0.45;5.63;NA;NA;NA;
20;9;2.93;2.46;7.43;NA;ND;5.2;2.89;1.06;6.34;NA;NA;NA;
20;10;3.04;1.67;9.51;NA;ND;6.33;3.49;3.34;38.55;NA;NA;NA;
20;11;2.59;3.63;12.2;NA;ND;10.83;2.78;5.21;34.06;NA;NA;NA;
20;12;4.09;3.89;9.9;NA;ND;9.74;2.1;6.84;28.28;NA;NA;NA;
20;13;ND;2.43;4.92;NA;ND;7.09;1.96;4.13;10.56;NA;NA;NA;
20;14;1.26;1.79;3.62;NA;ND;4.18;2.03;1.8;3.93;NA;NA;NA;
20;15;1.07;1.57;4.33;NA;ND;3.15;2.53;1.33;15.38;NA;NA;NA;
20;16;1.28;2.26;4.2;NA;ND;4.1;2.78;1.55;7.17;NA;NA;NA;
20;17;1.07;1.43;4.39;NA;ND;3.95;2.61;1.53;20.73;NA;NA;NA;
20;18;0.71;1.2;2.95;NA;ND;3.31;2.42;1.01;8.42;NA;NA;NA;
20;19;0.8;0.9;1.83;NA;ND;3.53;1.86;0.98;7.39;NA;NA;NA;
20;20;0.9;0.77;1.95;NA;ND;5.77;3.65;0.87;6.92;NA;NA;NA;
20;21;0.8;0.67;1.84;NA;ND;6.79;4.74;0.57;2.7;NA;NA;NA;
20;22;0.4;0.53;1.42;NA;ND;5.98;4.58;0.95;1.65;NA;NA;NA;
20;23;0.61;0.54;1.42;NA;ND;3.35;3.8;0.39;1.39;NA;NA;NA;
21;0;0.58;0.55;2.86;NA;ND;3.02;4.64;0.51;1.31;NA;NA;NA;
21;1;0.68;1.39;ND;NA;ND;3.03;3.37;0.41;ND;NA;NA;NA;
21;2;0.59;0.93;6.5;NA;ND;2.43;3.14;0.34;1.05;NA;NA;NA;
21;3;0.63;0.5;9.27;NA;ND;2.51;2.79;0.28;1.54;NA;NA;NA;
21;4;1.23;0.45;4.22;NA;ND;2.87;3.27;0.28;1.79;NA;NA;NA;
21;5;0.97;0.5;10.87;NA;ND;2.36;4.82;0.31;1.91;NA;NA;NA;
21;6;2.24;0.53;10.59;NA;ND;3.4;3.46;0.52;1.73;NA;NA;NA;
21;7;3.99;1.15;6.02;NA;ND;4.34;6.84;0.92;3.6;NA;NA;NA;
21;8;5.07;0.89;4.66;NA;ND;6.26;9.12;0.92;3.65;NA;NA;NA;
21;9;2.32;0.68;5.6;NA;ND;5.41;7.9;2.64;7.78;NA;NA;NA;
21;10;2.68;1.31;5.36;NA;ND;6.77;5.39;4.38;29.48;NA;NA;NA;
21;11;3.11;1.69;4.14;NA;ND;6.89;4.97;3.98;42.38;NA;NA;NA;
21;12;4.08;ND;3.52;NA;ND;5.25;6.89;3.24;11.83;NA;NA;NA;
21;13;1.38;ND;3.15;NA;ND;4.66;7.31;2.65;7.86;NA;NA;NA;
21;14;2.35;0.88;3.79;NA;ND;4.99;6.53;2.51;14.7;NA;NA;NA;
21;15;2.07;0.82;5.37;NA;ND;5.5;4.11;2.19;38.44;NA;NA;NA;
21;16;0.88;0.71;3.94;NA;ND;4.05;3.03;1.61;8.04;NA;NA;NA;
21;17;0.57;0.76;3.89;NA;ND;3.56;2.72;0.81;4.84;NA;NA;NA;
21;18;0.26;0.91;2.99;NA;ND;3.35;2.37;0.93;18.42;NA;NA;NA;
21;19;0.55;0.42;1.92;NA;ND;2.73;4.27;0.56;18.34;NA;NA;NA;
21;20;0.39;0.22;1.67;NA;ND;2.34;3.23;0.42;20.25;NA;NA;NA;
21;21;0.35;0.29;1.58;NA;ND;2.02;1.86;0.5;6.62;NA;NA;NA;
21;22;0.27;0.33;1.3;NA;ND;1.79;1.55;0.5;2.29;NA;NA;NA;
21;23;0.29;0.47;2.12;NA;ND;1.76;1.43;0.19;1.47;NA;NA;NA;
22;0;0.1;0.32;1.29;NA;ND;1.8;2.09;ND;1.75;NA;NA;NA;
22;1;ND;0.26;1.13;NA;ND;ND;ND;0.48;1.08;NA;NA;NA;
22;2;0.3;0.32;1.07;NA;ND;1.16;2.34;0.46;1.13;NA;NA;NA;
22;3;0.42;0.25;0.8;NA;ND;1.32;2.61;0.52;1.43;NA;NA;NA;
22;4;0.42;0.03;0.98;NA;ND;1.54;2.64;0.12;0.98;NA;NA;NA;
22;5;0.97;0.33;1.5;NA;ND;2.22;2.11;0.46;1.08;NA;NA;NA;
22;6;1.69;2.57;4.11;NA;ND;3.68;2.34;0.4;1.22;NA;NA;NA;
22;7;2.16;2.73;6.04;NA;ND;5.85;3.05;1.22;2.79;NA;NA;NA;
22;8;1.8;1.81;7.61;NA;ND;7.59;2.67;1.14;16.4;NA;NA;NA;
22;9;5.26;1.74;7.57;NA;ND;6.86;2.08;2.02;26.01;NA;NA;NA;
22;10;4.57;1.76;5.69;NA;ND;4.78;1.94;1.91;20.69;NA;NA;NA;
22;11;1.11;1.55;4.37;NA;ND;4.19;2.02;2.1;84.73;NA;NA;NA;
22;12;3.03;2.83;5.8;NA;ND;5.29;2.49;2.01;105.13;NA;NA;NA;
22;13;4.16;3.94;7.14;NA;ND;5.56;1.83;2.21;91.3;NA;NA;NA;
22;14;0.7;3.34;5.37;NA;ND;4.75;2;2.09;8.59;NA;NA;NA;
22;15;1.05;3.09;6.41;NA;ND;5.45;1.56;2.08;17.77;NA;NA;NA;
22;16;0.57;1.76;6.07;NA;ND;6.4;1.79;1.37;5.18;NA;NA;NA;
22;17;0.12;0.95;3.91;NA;ND;5.31;1.97;0.92;3.25;NA;NA;NA;
22;18;0;0.91;4.7;NA;ND;3.55;1.44;0.74;5.93;NA;NA;NA;
22;19;1.6;0.68;3.02;NA;ND;3.02;1.85;0.6;11.91;NA;NA;NA;
22;20;2.98;0.81;2.11;NA;ND;2.6;2.97;0.72;3.93;NA;NA;NA;
22;21;0.82;0.74;1.93;NA;ND;2.22;1.88;0.34;2.41;NA;NA;NA;
22;22;0.69;0.24;1.6;NA;ND;1.98;3.09;0.42;ND;NA;NA;NA;
22;23;0.8;0.46;1.3;NA;ND;1.9;2.65;0.52;ND;NA;NA;NA;
23;0;0.4;0.49;0.99;NA;ND;1.88;3.01;0.38;1.23;NA;NA;NA;
23;1;0;ND;ND;NA;ND;1.59;3.75;0.46;ND;NA;NA;NA;
23;2;0;0.2;1.06;NA;ND;1.53;3.12;0.4;2.21;NA;NA;NA;
23;3;0;0.31;1.6;NA;ND;1.27;2.74;0.3;2.63;NA;NA;NA;
23;4;0;0.44;1.08;NA;ND;1.92;2.78;0.19;1.11;NA;NA;NA;
23;5;0.68;0.41;0.99;NA;ND;1.84;2.77;0.27;1.34;NA;NA;NA;
23;6;0.39;0.64;1.31;NA;ND;2.62;2.12;0.46;1.5;NA;NA;NA;
23;7;2.29;0.96;2.58;NA;ND;4.06;3.7;0.41;5.06;NA;NA;NA;
23;8;1.63;1.68;3.3;NA;ND;5.18;5.96;0.65;26.53;NA;NA;NA;
23;9;2.51;2.93;4.86;NA;ND;5.5;7.5;1.18;13.43;NA;NA;NA;
23;10;3.79;1.79;4.41;NA;ND;5;6.99;3.8;10.95;NA;NA;NA;
23;11;2.07;1.36;9.75;NA;ND;6.39;5.38;3.41;ND;NA;NA;NA;
23;12;1.29;1.02;8.22;NA;ND;12.53;4.21;2.62;5.37;NA;NA;NA;
23;13;0.02;0.66;3.18;NA;ND;5.19;7.59;2.43;1.65;NA;NA;NA;
23;14;0;0.68;2.75;NA;ND;4.13;3.45;1.59;ND;NA;NA;NA;
23;15;0.91;3.13;2.85;NA;ND;3.18;2.42;0.94;1.48;NA;NA;NA;
23;16;0.03;1.8;2.64;NA;ND;2.71;2.42;1.43;0.72;NA;NA;NA;
23;17;1.95;5.11;2.35;NA;ND;2.7;1.67;1.76;1.02;NA;NA;NA;
23;18;2.58;2.23;3.29;NA;ND;2.75;1.63;2.11;2.11;NA;NA;NA;
23;19;0.15;0.52;4.55;NA;ND;3.8;2.47;4.2;29.53;NA;NA;NA;
23;20;0.07;0.33;3.54;NA;ND;3.62;3.8;2.68;8.01;NA;NA;NA;
23;21;0;0.21;2.36;NA;ND;2.9;5.04;1.73;4.28;NA;NA;NA;
23;22;0.02;0.29;1.92;NA;ND;2.11;7.65;1.08;2.13;NA;NA;NA;
23;23;1.52;2.51;2.43;NA;ND;2.27;8.32;1.49;2.62;NA;NA;NA;
24;0;0.2;3.04;1.66;NA;ND;2.57;6.64;ND;4.86;NA;NA;NA;
24;1;ND;3.6;2.31;NA;ND;ND;ND;2.13;10.96;NA;NA;NA;
24;2;0.21;7.71;2.61;NA;ND;3.97;3.38;1.74;6.24;NA;NA;NA;
24;3;0.7;3.78;1.59;NA;ND;4.14;2.81;2.23;6.88;NA;NA;NA;
24;4;2.21;2.51;2.6;NA;ND;3.84;2.85;1.91;6.69;NA;NA;NA;
24;5;0.52;1.96;3.37;NA;ND;4.34;3.76;1.56;5.49;NA;NA;NA;
24;6;0.92;3.27;4.29;NA;ND;5.72;5.56;2.51;15.58;NA;NA;NA;
24;7;1.78;3.8;7.91;NA;ND;6.34;5.67;2.5;18.16;NA;NA;NA;
24;8;3.94;4.93;5.67;NA;ND;6.49;5.52;4.85;21.93;NA;NA;NA;
24;9;4.31;2.87;5.86;NA;ND;7.94;4.25;4.78;36.25;NA;NA;NA;
24;10;2.1;2.9;5.44;NA;ND;7.13;3.13;5.12;15.15;NA;NA;NA;
24;11;1.86;4.39;6.67;NA;ND;6.08;2.95;5.37;11.24;NA;NA;NA;
24;12;3.02;7.91;6.66;NA;ND;5.9;4.76;5.57;6.8;NA;NA;NA;
24;13;4.22;6.09;7.73;NA;ND;6.28;3.29;3.38;4.75;NA;NA;NA;
24;14;0.74;2.1;6.44;NA;ND;5.36;4.88;2.9;4.64;NA;NA;NA;
24;15;0;0.92;4.46;NA;ND;5.16;4.74;2.48;3.69;NA;NA;NA;
24;16;0;0.84;2.27;NA;ND;4.61;2.59;1.56;3.44;NA;NA;NA;
24;17;0;0.73;2.01;NA;ND;3.29;2.77;1.19;3.04;NA;NA;NA;
24;18;0.08;0.34;2.43;NA;ND;3.02;2.08;1.07;3.46;NA;NA;NA;
24;19;0.2;0.59;2.85;NA;ND;2.6;1.84;1.1;3.39;NA;NA;NA;
24;20;0;0.34;1.5;NA;ND;2.2;1.64;0.67;2.96;NA;NA;NA;
24;21;0;0.43;1.35;NA;ND;2;1.31;0.81;6.72;NA;NA;NA;
24;22;0;0.19;1.16;NA;ND;1.8;1.81;0.69;9.54;NA;NA;NA;
24;23;0.43;0.45;1.37;NA;ND;1.75;5.29;0.68;3.77;NA;NA;NA;
25;0;0;0.22;1.17;NA;ND;1.58;4.77;0.67;4.66;NA;NA;NA;
25;1;0;ND;ND;NA;ND;1.24;1.82;0.66;ND;NA;NA;NA;
25;2;0;0.35;1.06;NA;ND;1.87;1.57;0.46;4.83;NA;NA;NA;
25;3;0;0.42;1.64;NA;ND;3.48;1.51;0.64;2.18;NA;NA;NA;
25;4;0.05;0.99;1.8;NA;ND;2.72;2.79;0.68;3.41;NA;NA;NA;
25;5;0.12;1.62;5.33;NA;ND;2.88;3.91;1.01;10.04;NA;NA;NA;
25;6;0.84;1.25;4.62;NA;ND;3.44;3.37;0.64;10.5;NA;NA;NA;
25;7;2.58;3.25;5.88;NA;ND;4.95;3.7;2.54;13.97;NA;NA;NA;
25;8;3.82;3.52;5.2;NA;ND;5.66;2.73;4.5;10.22;NA;NA;NA;
25;9;2.94;4.91;3.82;NA;ND;4.39;1.8;3.37;16.56;NA;NA;NA;
25;10;2.4;5.57;2.32;NA;ND;3.54;2.11;6.12;8.08;NA;NA;NA;
25;11;0.73;3.98;2.52;NA;ND;2.64;1.75;3.33;8.92;NA;NA;NA;
25;12;2.57;5.28;2.81;NA;ND;2.9;1.78;3.02;8.17;NA;NA;NA;
25;13;1.54;4.12;2.34;NA;ND;2.26;2.7;1.78;2.37;NA;NA;NA;
25;14;0.34;2.2;3.01;NA;ND;2.51;1.88;2.41;2.18;NA;NA;NA;
25;15;0.01;1.74;2.46;NA;ND;2.58;1.3;2.46;5.84;NA;NA;NA;
25;16;0;1.63;2.94;NA;ND;2.11;1.53;1.63;2.92;NA;NA;NA;
25;17;0;0.74;2.61;NA;ND;2.03;1.47;1.35;1.98;NA;NA;NA;
25;18;0;0.67;2.23;NA;ND;1.97;1.75;1;2.51;NA;NA;NA;
25;19;0;0.66;2.34;NA;ND;2.01;1.5;0.86;2.22;NA;NA;NA;
25;20;0.27;0.54;1.65;NA;ND;1.92;1.4;0.89;28.1;NA;NA;NA;
25;21;0.07;0.83;2.2;NA;ND;1.83;1.97;0.75;3.31;NA;NA;NA;
25;22;0.34;0.12;2.44;NA;ND;1.57;2.51;0.7;2.14;NA;NA;NA;
25;23;2.21;1.7;3.51;NA;ND;3.99;1.85;0.31;2.59;NA;NA;NA;
26;0;0.32;1.06;4.09;NA;ND;4.11;2.7;ND;1.98;NA;NA;NA;
26;1;ND;0.2;2.34;NA;ND;ND;ND;0.96;2.75;NA;NA;NA;
26;2;0.37;2.06;5.1;NA;ND;3.32;1.43;1.16;2.55;NA;NA;NA;
26;3;0.1;0.88;13.43;NA;ND;2.8;1.12;1.17;2.25;NA;NA;NA;
26;4;0.39;0.75;6.84;NA;ND;1.93;0.93;1.63;2.61;NA;NA;NA;
26;5;0.03;1.69;7.3;NA;ND;2.05;2.06;1.68;4.1;NA;NA;NA;
26;6;0.33;4.25;7.35;NA;ND;3.81;4.08;1.08;4.19;NA;NA;NA;
26;7;2.44;4.34;7.2;NA;ND;5.51;6.53;1.89;6.89;NA;NA;NA;
26;8;4.96;3.02;7.24;NA;ND;6.05;3.66;3.03;9.54;NA;NA;NA;
26;9;4.14;3.7;5.53;NA;ND;3.79;2.66;2.42;5.82;NA;NA;NA;
26;10;1.84;3.23;6.96;NA;ND;4.5;1.76;2.16;10.68;NA;NA;NA;
26;11;1.37;2.56;6.58;NA;ND;ND;ND;2.27;25.22;NA;NA;NA;
26;12;1.41;1.71;5.11;NA;ND;2.64;ND;2.21;25.83;NA;NA;NA;
26;13;0.84;2.37;4.3;NA;ND;2.83;5.18;2.21;29.08;NA;NA;NA;
26;14;0.46;3.05;5.56;NA;ND;4.23;ND;1.4;18.13;NA;NA;NA;
26;15;0.47;2.61;6.84;NA;ND;4.45;2.9;1.68;24;NA;NA;NA;
26;16;0.12;2.08;4.49;NA;ND;2.87;2.5;1.74;10.21;NA;NA;NA;
26;17;0.25;2.32;4.2;NA;ND;2.89;2.56;1.26;18.82;NA;NA;NA;
26;18;0.06;1.62;4.14;NA;ND;2.55;3.97;1.13;4.97;NA;NA;NA;
26;19;0.49;1.06;4.67;NA;ND;2.66;11.16;1.1;3.66;NA;NA;NA;
26;20;0.09;0.96;3.45;NA;ND;2.44;6.45;0.69;4.31;NA;NA;NA;
26;21;0;0.38;2.19;NA;ND;2.15;5.91;0.62;4.83;NA;NA;NA;
26;22;0;0.3;2.32;NA;ND;1.66;8.4;0.43;1.96;NA;NA;NA;
26;23;0;0.25;1.41;NA;ND;1.57;8.53;0.45;1.49;NA;NA;NA;
27;0;0;0.26;2.27;NA;ND;1.34;2.31;0.71;1.39;NA;NA;NA;
27;1;0.62;ND;ND;NA;ND;1.66;1.72;0.41;ND;NA;NA;NA;
27;2;1.63;0.28;3.74;NA;ND;2;1.39;0.49;1;NA;NA;NA;
27;3;0.23;0.71;1.71;NA;ND;1.38;1.14;0.64;2.58;NA;NA;NA;
27;4;0.98;0.77;2.62;NA;ND;1.65;1.06;0.88;2.88;NA;NA;NA;
27;5;3.52;1.7;2.62;NA;ND;1.77;1.21;1.43;2.91;NA;NA;NA;
27;6;4.25;3.38;2.98;NA;ND;2.76;1.5;1.62;8.77;NA;NA;NA;
27;7;4.91;1.25;4.3;NA;ND;4.02;5.65;2.12;9.7;NA;NA;NA;
27;8;2.57;2.25;4.93;NA;ND;6.07;4.45;1.16;19.7;NA;NA;NA;
27;9;2.96;2.06;4;NA;ND;4.49;3.13;1.07;16.03;NA;NA;NA;
27;10;3.23;2.78;4.62;NA;ND;4.11;2.98;1.85;45.91;NA;NA;NA;
27;11;2.98;3.81;5.02;NA;ND;4.48;3.58;3.47;52.22;NA;NA;NA;
27;12;1.14;2.53;ND;NA;ND;4.43;4.09;3.82;42.21;NA;NA;NA;
27;13;ND;1.36;ND;NA;ND;3.83;4.11;3.94;16.96;NA;NA;NA;
27;14;ND;0.89;ND;NA;ND;3.03;2.61;2.35;6.16;NA;NA;NA;
27;15;0.7;0.51;ND;NA;ND;2.62;1.63;1.31;4.39;NA;NA;NA;
27;16;0.72;0.59;1.82;NA;ND;2.28;1.56;1.13;11.15;NA;NA;NA;
27;17;0.72;0.45;2.28;NA;ND;2.22;1.62;0.88;9.35;NA;NA;NA;
27;18;0.95;0.4;2.52;NA;ND;2.1;1.84;0.97;5.53;NA;NA;NA;
27;19;2.73;0.08;2.24;NA;ND;2.2;1.91;0.83;7.38;NA;NA;NA;
27;20;1.5;0.64;4.98;NA;ND;2.31;1.66;0.61;4.09;NA;NA;NA;
27;21;1.37;0.4;2.09;NA;ND;1.97;3.72;0.63;5.09;NA;NA;NA;
27;22;1.06;0.13;2.08;NA;ND;2.31;3.75;0.56;2.58;NA;NA;NA;
27;23;1.33;0.34;1.28;NA;ND;1.68;3.64;1.07;1.51;NA;NA;NA;
28;0;2.67;0.99;2.52;NA;ND;1.63;1.89;ND;1.69;NA;NA;NA;
28;1;ND;1.89;3.14;NA;ND;ND;ND;0.73;3.08;NA;NA;NA;
28;2;2.3;0.91;5.07;NA;ND;3.59;2.39;0.32;2.73;NA;NA;NA;
28;3;3;0.63;2.88;NA;ND;4.22;1.08;0.48;1.62;NA;NA;NA;
28;4;2.76;1.8;2.25;NA;ND;2.83;1.19;0.54;1.35;NA;NA;NA;
28;5;2.76;1.29;3.82;NA;ND;5.85;1.48;0.55;2.9;NA;NA;NA;
28;6;3.54;2.41;3.7;NA;ND;6.25;1.08;1.1;4.59;NA;NA;NA;
28;7;5.56;2.02;7.57;NA;ND;6.88;1.34;3.41;13.18;NA;NA;NA;
28;8;7.32;2.71;8.55;NA;ND;7.03;1.33;4.19;18.43;NA;NA;NA;
28;9;7.59;2.29;5.8;NA;ND;5;2.07;3.27;9.09;NA;NA;NA;
28;10;3.76;2.88;7.16;NA;ND;7.13;1.93;2.65;7.52;NA;NA;NA;
28;11;2.54;3.78;3.61;NA;ND;7.11;1.97;1.99;30.73;NA;NA;NA;
28;12;2.48;3.61;1.94;NA;ND;2.44;6.04;1.85;31.02;NA;NA;NA;
28;13;3.08;2.83;2.26;NA;ND;2.38;7.74;1.18;5.76;NA;NA;NA;
28;14;1.69;1.65;3.6;NA;ND;3.07;4.08;1.49;1.19;NA;NA;NA;
28;15;2.26;2.1;2.83;NA;ND;3.17;2.85;1.06;11.4;NA;NA;NA;
28;16;1.07;1.92;2.28;NA;ND;2.81;1.5;0.91;2.43;NA;NA;NA;
28;17;1;3.41;2.22;NA;ND;2.6;1.48;1.05;4.12;NA;NA;NA;
28;18;1.74;1.51;3.39;NA;ND;2.58;2.26;0.97;6.18;NA;NA;NA;
28;19;1.63;1.28;4.38;NA;ND;4.37;1.4;0.85;3.89;NA;NA;NA;
28;20;1.87;0.96;4.83;NA;ND;4.49;2.06;0.82;6.59;NA;NA;NA;
28;21;1.84;1.34;6.15;NA;ND;4.69;3.83;0.55;2.08;NA;NA;NA;
28;22;3.17;2.37;8.21;NA;ND;4.4;1.92;0.68;4.34;NA;NA;NA;
28;23;3.77;3.35;6.11;NA;ND;5.5;1.25;0.61;6.39;NA;NA;NA;
29;0;9.51;3.09;8.16;NA;ND;4.61;1.16;0.57;16.66;NA;NA;NA;
29;1;5.02;ND;ND;NA;ND;4.15;0.86;2.81;ND;NA;NA;NA;
29;2;7.33;2.27;7.14;NA;ND;3.71;1.02;9.51;9.29;NA;NA;NA;
29;3;3.91;3.25;10.25;NA;ND;4.17;1.26;7;10.21;NA;NA;NA;
29;4;4.24;1.47;8.8;NA;ND;4.33;1.2;5.41;14.65;NA;NA;NA;
29;5;3.81;1.91;5.87;NA;ND;3.67;1.12;1.52;28.97;NA;NA;NA;
29;6;7.25;2.93;7.16;NA;ND;6.7;1.23;4.29;22.18;NA;NA;NA;
29;7;10.22;5.47;9.35;NA;ND;10.1;1.45;12.52;13.21;NA;NA;NA;
29;8;5.73;4.47;11.48;NA;ND;9.07;1.13;5.39;10.69;NA;NA;NA;
29;9;8.47;4.89;9.36;NA;ND;9.6;1.72;3.28;10.19;NA;NA;NA;
29;10;4.89;4.39;7.56;NA;ND;8.35;2.65;6.89;9.24;NA;NA;NA;
29;11;6.74;5.88;6.76;NA;ND;6.35;3.17;5.35;50.23;NA;NA;NA;
29;12;6.26;4.21;4.21;NA;ND;3.72;3.03;5.35;22.55;NA;NA;NA;
29;13;ND;2.59;2.03;NA;ND;3.36;1.74;2.84;10;NA;NA;NA;
29;14;ND;1.49;2.51;NA;ND;6.89;3.31;2.41;1.64;NA;NA;NA;
29;15;1.66;1.13;2.65;NA;ND;2.89;2.19;2.33;1.67;NA;NA;NA;
29;16;1.83;1.71;2.09;NA;ND;2.79;2.61;2.52;11.64;NA;NA;NA;
29;17;2.5;1.48;2.54;NA;ND;2.68;2.95;2.1;15.13;NA;NA;NA;
29;18;1.76;1.46;3.86;NA;ND;3.77;2.63;2.09;5.59;NA;NA;NA;
29;19;1.95;1.13;3.69;NA;ND;4.18;2.48;1.88;8.94;NA;NA;NA;
29;20;3.05;1.59;2.12;NA;ND;3.78;4.82;1.82;7.87;NA;NA;NA;
29;21;3.65;1.47;3.84;NA;ND;4.35;20.48;1.79;3.81;NA;NA;NA;
29;22;3.85;0.35;6.68;NA;ND;4.84;17;1.71;4.07;NA;NA;NA;
29;23;7.17;0.76;3.92;NA;ND;6.32;18.92;1.49;6.93;NA;NA;NA;
30;0;5.98;3.29;5.58;NA;ND;10.62;15.6;ND;5.11;NA;NA;NA;
30;1;ND;1.61;7.65;NA;ND;ND;ND;1.42;6.72;NA;NA;NA;
30;2;3.65;1.98;3.84;NA;ND;7.8;4.59;1.21;3.77;NA;NA;NA;
30;3;4.76;1.12;4.07;NA;ND;6.55;1.96;1.4;4.25;NA;NA;NA;
30;4;3.23;1.12;5.24;NA;ND;5.89;3.75;1.45;7.41;NA;NA;NA;
30;5;3.1;1.51;5.7;NA;ND;5.83;5.31;2.06;8.86;NA;NA;NA;
30;6;6.84;2.4;6.01;NA;ND;4.54;5.22;1.47;7.07;NA;NA;NA;
30;7;13.49;2.29;5.59;NA;ND;5.7;5.74;1.34;7.7;NA;NA;NA;
30;8;7.76;3.05;6.82;NA;ND;6.84;4.07;1.55;13.11;NA;NA;NA;
30;9;4;1.78;9.11;NA;ND;7.64;4.51;1.79;41.11;NA;NA;NA;
30;10;4.58;2.47;6.37;NA;ND;7.27;3.56;2.47;64.45;NA;NA;NA;
30;11;4.34;3.02;4.59;NA;ND;4.27;4.91;2.21;25.5;NA;NA;NA;
30;12;3.91;2.71;3.4;NA;ND;2.98;6.15;2.05;35.12;NA;NA;NA;
30;13;2.97;1.89;2.57;NA;ND;2.5;6.22;1.32;11.57;NA;NA;NA;
30;14;2.15;1.53;1.98;NA;ND;2.36;5.66;1.48;14.41;NA;NA;NA;
30;15;1.35;1.17;2.33;NA;ND;2.73;3.19;1.38;12.1;NA;NA;NA;
30;16;1.34;1.43;1.96;NA;ND;2.23;2.38;1.47;23.14;NA;NA;NA;
30;17;1.38;1.49;1.79;NA;ND;2.36;2.51;1.23;24.63;NA;NA;NA;
30;18;1.39;1.65;2.3;NA;ND;2.53;2.45;1.36;5.55;NA;NA;NA;
30;19;1.4;1.41;4.16;NA;ND;4.03;2.44;1.15;4.29;NA;NA;NA;
30;20;2.37;0.94;4.38;NA;ND;4.84;4.49;1.17;2.69;NA;NA;NA;
30;21;3.55;0.44;4.99;NA;ND;4.69;8.76;0.95;4.5;NA;NA;NA;
30;22;2.15;0.31;4.51;NA;ND;4.74;15.37;1;2.14;NA;NA;NA;
30;23;1.82;0.44;6.12;NA;ND;3.41;8.78;0.76;1.38;NA;NA;NA;
31;0;2.05;0.55;2.34;NA;ND;2.5;6.37;0.59;1.65;NA;NA;NA;
31;1;2.76;ND;ND;NA;ND;2.02;4.3;0.66;ND;NA;NA;NA;
31;2;2.01;0.3;1.97;NA;ND;1.65;2.12;0.63;1.18;NA;NA;NA;
31;3;2.89;0.49;2.25;NA;ND;1.57;1.99;0.82;1.45;NA;NA;NA;
31;4;2.18;0.35;2.32;NA;ND;3;1.8;0.73;1.01;NA;NA;NA;
31;5;3;0.42;4.24;NA;ND;3.04;1.88;0.68;1.32;NA;NA;NA;
31;6;2.87;0.52;3.4;NA;ND;6.65;1.95;1.01;2.1;NA;NA;NA;
31;7;4.34;0.94;4.74;NA;ND;6.16;1.72;1.38;2.78;NA;NA;NA;
31;8;5.34;2.5;6.03;NA;ND;4.15;1.41;1.39;4.59;NA;NA;NA;
31;9;3.95;1.94;3.23;NA;ND;2.44;1.74;1.38;5.13;NA;NA;NA;
31;10;2.74;1.61;1.63;NA;ND;1.73;1.43;1.6;41.99;NA;NA;NA;
31;11;2.38;1.89;1.59;NA;ND;1.37;3.73;1.42;14.31;NA;NA;NA;
31;12;2.63;1.7;1.39;NA;ND;1.41;3.63;0.99;1.77;NA;NA;NA;
31;13;1.86;1.46;1.59;NA;ND;1.34;2.81;1.06;1.48;NA;NA;NA;
31;14;1.52;1.18;2.31;NA;ND;1.94;1.65;1.26;1.76;NA;NA;NA;
31;15;1.54;0.51;2.01;NA;ND;1.99;2.67;1.2;1.85;NA;NA;NA;
31;16;1.53;0.66;1.61;NA;ND;1.98;1.99;0.85;7.51;NA;NA;NA;
31;17;1.69;0.81;2.39;NA;ND;2.38;1.95;1.01;7.35;NA;NA;NA;
31;18;1.67;0.59;2.14;NA;ND;2.76;1.79;0.81;4.83;NA;NA;NA;
31;19;1.8;0.84;2.45;NA;ND;3.41;2.45;0.9;3.31;NA;NA;NA;
31;20;2.6;0.51;2.2;NA;ND;2.62;2.18;0.65;1.98;NA;NA;NA;
31;21;2.42;0.62;2.84;NA;ND;2.46;5.79;0.98;2.37;NA;NA;NA;
31;22;2.44;1.04;1.74;NA;ND;2.71;7.95;0.95;3.81;NA;NA;NA;
31;23;2.82;0.9;3.23;NA;ND;2.9;3.73;0.94;2.59;NA;NA;NA;
