DIA;HORA;Cotocollao;Carapungo;Belisario;Jipijapa;El Camal;Centro;Guamaní;Tumbaco;Los Chillos;El Condado;Turubamba;Chillogallo;
1;0;3.39;0.88;0.52;NA;ND;0.16;11.99;2.1;0.42;NA;NA;NA;
1;1;1.45;0.51;0.59;NA;ND;0.25;16.74;ND;0.01;NA;NA;NA;
1;2;ND;0.62;0.61;NA;ND;ND;ND;6.72;0.09;NA;NA;NA;
1;3;0.83;0.63;0.53;NA;ND;0.09;18.11;3.43;0.4;NA;NA;NA;
1;4;0.72;0.78;0.54;NA;ND;0.04;18.25;0.95;0.2;NA;NA;NA;
1;5;0.45;0.22;0.35;NA;ND;0.64;16.82;0.02;0.8;NA;NA;NA;
1;6;1.01;1.18;0.8;NA;ND;0.11;13.09;1.08;0.53;NA;NA;NA;
1;7;3.9;4.62;3.01;NA;ND;1.59;16.14;3.06;3.04;NA;NA;NA;
1;8;10.47;12.19;6.62;NA;ND;3.71;18.75;10;7.4;NA;NA;NA;
1;9;18.34;21.39;16.64;NA;ND;15.98;23.39;18.65;14.51;NA;NA;NA;
1;10;32.7;32.09;31.38;NA;ND;36.23;27.08;38.11;28.41;NA;NA;NA;
1;11;42.58;38.15;41.47;NA;ND;42.25;42.93;45.98;46.87;NA;NA;NA;
1;12;40.46;40.59;40.57;NA;ND;42.44;46.77;48.34;52.65;NA;NA;NA;
1;13;42.52;43.59;36.1;NA;ND;40.13;49.42;36.19;35.55;NA;NA;NA;
1;14;42.61;40.43;29.88;NA;ND;33.45;33.33;26.32;28.56;NA;NA;NA;
1;15;34.34;31.27;26.93;NA;ND;27.68;30.78;25.3;27.1;NA;NA;NA;
1;16;27.2;28.63;20.95;NA;ND;23.93;29.69;23.59;25.83;NA;NA;NA;
1;17;23.83;25.8;18.75;NA;ND;19.11;23.9;21.9;22.68;NA;NA;NA;
1;18;19.35;22.71;17.21;NA;ND;13.51;16.13;19.31;18.52;NA;NA;NA;
1;19;17.16;17.5;10.65;NA;ND;9.92;5.33;15.84;14.59;NA;NA;NA;
1;20;11.24;15.83;6.71;NA;ND;2.24;0.7;11.03;4.31;NA;NA;NA;
1;21;10.28;16.54;4.45;NA;ND;1.56;5.76;7.09;1.4;NA;NA;NA;
1;22;16.82;20.64;8.98;NA;ND;1.97;10.63;1.82;1.64;NA;NA;NA;
1;23;13.73;20.28;4.58;NA;ND;2.76;15.62;0.85;0.73;NA;NA;NA;
2;0;16.97;20.2;2.74;NA;ND;2.47;16.43;0.59;0.49;NA;NA;NA;
2;1;19.07;21.9;6.68;NA;ND;10.41;17.14;0.65;0.66;NA;NA;NA;
2;2;18.8;ND;ND;NA;ND;11.34;18.94;0.67;ND;NA;NA;NA;
2;3;11.34;14.84;7.89;NA;ND;11.46;19.73;0.48;0.46;NA;NA;NA;
2;4;7.94;4.54;2.8;NA;ND;9.03;20.33;1.38;0.93;NA;NA;NA;
2;5;4.36;1.18;1.03;NA;ND;1.42;14.36;1.23;0.49;NA;NA;NA;
2;6;2.29;2.57;1.15;NA;ND;0.98;12.98;2.01;1.57;NA;NA;NA;
2;7;7.1;4.4;4.57;NA;ND;1.84;20.59;4.27;2.48;NA;NA;NA;
2;8;17.74;21.04;8.07;NA;ND;15.65;25.1;10.53;6.89;NA;NA;NA;
2;9;30.43;32.29;19.22;NA;ND;26.97;29.12;26.37;4.57;NA;NA;NA;
2;10;40.03;43.78;32.65;NA;ND;35.24;37.11;ND;16.99;NA;NA;NA;
2;11;47.93;58.48;34.77;NA;ND;44.56;38.95;ND;36.74;NA;NA;NA;
2;12;47.45;49.63;32.79;NA;ND;37.29;37.25;34.47;44.01;NA;NA;NA;
2;13;39.2;36.75;32.71;NA;ND;36.01;39.47;36.57;40.22;NA;NA;NA;
2;14;35.38;36.15;27.72;NA;ND;36.06;38.02;ND;38.09;NA;NA;NA;
2;15;34.19;37.16;23.46;NA;ND;30.22;36;31.33;33.23;NA;NA;NA;
2;16;29.67;37;24.67;NA;ND;27.27;30.95;28.95;28.8;NA;NA;NA;
2;17;28.36;33.01;19.52;NA;ND;18.3;23.75;28.59;23.77;NA;NA;NA;
2;18;18.55;25.76;13.08;NA;ND;11.66;14.22;21.62;17.61;NA;NA;NA;
2;19;11.36;20.43;7.8;NA;ND;10.51;18.08;15.97;10.12;NA;NA;NA;
2;20;7.51;16.99;1.76;NA;ND;6.05;19.45;3.9;9.9;NA;NA;NA;
2;21;15.33;21.7;4.52;NA;ND;0.44;23.67;3.86;6.45;NA;NA;NA;
2;22;14.47;21.32;1.7;NA;ND;0.01;23.22;12.51;1.73;NA;NA;NA;
2;23;6.45;21.23;2.52;NA;ND;0.96;25.43;12.07;1.38;NA;NA;NA;
3;0;3.64;16.87;4.08;NA;ND;9.95;27.1;11.8;0.7;NA;NA;NA;
3;1;7.22;18.72;14.38;NA;ND;15.81;29.52;12.86;0.48;NA;NA;NA;
3;2;ND;17.75;19.84;NA;ND;ND;ND;9.44;0.1;NA;NA;NA;
3;3;9.75;7.03;20.7;NA;ND;18.09;27.42;7.26;0.45;NA;NA;NA;
3;4;4.18;1.7;20.7;NA;ND;14.63;26.41;5.14;3.61;NA;NA;NA;
3;5;2.07;1.52;9.96;NA;ND;7.28;23.18;1.75;0.87;NA;NA;NA;
3;6;1.9;2.73;4.93;NA;ND;4.82;18.86;0.53;0.48;NA;NA;NA;
3;7;5.45;4.35;9.13;NA;ND;9.59;21.35;4.92;1.69;NA;NA;NA;
3;8;13.96;17.55;19.94;NA;ND;18.51;25.94;13.03;4.29;NA;NA;NA;
3;9;25.58;30.51;22.45;NA;ND;26.2;29.95;24.93;11.18;NA;NA;NA;
3;10;30.68;37.95;21.8;NA;ND;25.69;31.56;35.15;34.83;NA;NA;NA;
3;11;35.73;44.03;ND;NA;ND;30.21;31.3;28.81;39.68;NA;NA;NA;
3;12;36.33;36.98;ND;NA;ND;30.79;28.69;27.93;32.03;NA;NA;NA;
3;13;30.67;33.97;24.08;NA;ND;29.39;28.3;27.49;29.68;NA;NA;NA;
3;14;29.79;29.99;23.78;NA;ND;25.8;29.53;28.14;29.38;NA;NA;NA;
3;15;34.81;33.65;21.09;NA;ND;23.85;27.39;27.44;25.92;NA;NA;NA;
3;16;29.2;35.8;19.23;NA;ND;20.9;26.38;25.1;23.03;NA;NA;NA;
3;17;24.2;28.05;13.81;NA;ND;14.31;21.82;22.08;19.11;NA;NA;NA;
3;18;19.56;17.33;7.47;NA;ND;12.22;18.05;18.15;12.96;NA;NA;NA;
3;19;11.03;13.37;2.96;NA;ND;7.44;19.09;9.93;7.44;NA;NA;NA;
3;20;1.64;11.72;0.92;NA;ND;1.11;16.89;9.94;6.89;NA;NA;NA;
3;21;1.06;10.03;0.72;NA;ND;1.87;17.91;10.37;1.75;NA;NA;NA;
3;22;1.11;5.66;3.79;NA;ND;4.17;19.38;12.23;1.67;NA;NA;NA;
3;23;1.28;2.02;3.87;NA;ND;5.7;22.83;11.85;2;NA;NA;NA;
4;0;2.83;1.82;15.36;NA;ND;13.49;24.57;11.45;1.76;NA;NA;NA;
4;1;2.17;11.52;7.45;NA;ND;11.39;25.04;8.91;4.27;NA;NA;NA;
4;2;1.9;ND;4.43;NA;ND;8.91;24.16;9.76;0.33;NA;NA;NA;
4;3;2.01;7.07;1.82;NA;ND;14.57;23.98;6.14;0.31;NA;NA;NA;
4;4;1.02;5.24;0.83;NA;ND;14.32;23.33;4.33;0.08;NA;NA;NA;
4;5;0.43;3.49;0.51;NA;ND;2.26;18.97;0.37;0.05;NA;NA;NA;
4;6;1.66;1.59;0.99;NA;ND;0.37;19.48;0.71;0.83;NA;NA;NA;
4;7;4.68;5.83;3.24;NA;ND;3.34;19.64;2.96;2.78;NA;NA;NA;
4;8;14.44;14.02;7.12;NA;ND;10.29;25.32;10.86;8.86;NA;NA;NA;
4;9;28.02;31.79;11.78;NA;ND;18.55;29.59;19.97;14.69;NA;NA;NA;
4;10;38.28;44.26;23.6;NA;ND;26.12;31.65;34.2;11.65;NA;NA;NA;
4;11;37.14;43.18;33.77;NA;ND;36;43.47;46.35;30.98;NA;NA;NA;
4;12;45.8;40.02;33.12;NA;ND;44.36;45.43;50.53;31.23;NA;NA;NA;
4;13;46.6;40.36;34.72;NA;ND;40.6;34.2;ND;30.26;NA;NA;NA;
4;14;41.99;38.68;31.07;NA;ND;ND;36.08;ND;31.23;NA;NA;NA;
4;15;37.23;35.06;37.42;NA;ND;37.03;31.88;ND;30.49;NA;NA;NA;
4;16;35;29.03;29.22;NA;ND;26.2;26.44;33.45;25.61;NA;NA;NA;
4;17;28.85;22.51;24.94;NA;ND;17.11;20.28;26.01;21.73;NA;NA;NA;
4;18;24.98;20.99;16.02;NA;ND;10.36;32.05;17.32;15.92;NA;NA;NA;
4;19;21.26;18.61;20;NA;ND;9.71;1.65;15.68;7.84;NA;NA;NA;
4;20;11.34;16.19;15.76;NA;ND;12.05;3.36;12.29;7.39;NA;NA;NA;
4;21;7.08;17.14;6.45;NA;ND;8.68;1.05;11.31;10.4;NA;NA;NA;
4;22;8.29;16.04;7.4;NA;ND;2.56;0;6.65;6.29;NA;NA;NA;
4;23;9.76;11.96;9.13;NA;ND;6.08;0;5.69;9.11;NA;NA;NA;
5;0;6.51;12;11.44;NA;ND;4.74;0;2.53;4.45;NA;NA;NA;
5;1;15.27;ND;16.53;NA;ND;6.15;4.62;2.83;4.27;NA;NA;NA;
5;2;ND;5.1;ND;NA;ND;ND;ND;6.06;ND;NA;NA;NA;
5;3;7.74;2.07;4.21;NA;ND;5.85;18.43;2.77;0.16;NA;NA;NA;
5;4;3.57;1.65;1.67;NA;ND;4.53;22.87;0.09;0.12;NA;NA;NA;
5;5;2.3;2.43;0.88;NA;ND;2.92;18.52;0.44;0.08;NA;NA;NA;
5;6;2.5;3.55;2.16;NA;ND;2.94;17.52;0.27;0.76;NA;NA;NA;
5;7;7.7;11.71;7.9;NA;ND;9.33;20.53;1.66;4.2;NA;NA;NA;
5;8;16.67;27.53;12.41;NA;ND;19.65;25.74;6.59;8;NA;NA;NA;
5;9;30.77;40.72;25.18;NA;ND;30.63;30.97;22.79;9.98;NA;NA;NA;
5;10;43.99;44.35;30.85;NA;ND;37.49;37.78;38.49;25.69;NA;NA;NA;
5;11;47.8;48.07;40.08;NA;ND;41.08;45.01;51.16;21.98;NA;NA;NA;
5;12;49.08;44.32;42.44;NA;ND;49.15;ND;54.15;43.92;NA;NA;NA;
5;13;49.34;48.76;45.25;NA;ND;54.01;ND;47.56;41.59;NA;NA;NA;
5;14;45.68;49.65;42.11;NA;ND;49.94;47.37;34.84;41.24;NA;NA;NA;
5;15;42.09;43.45;39.89;NA;ND;45.01;ND;43.31;36.7;NA;NA;NA;
5;16;40.99;35.93;38.3;NA;ND;38.12;38.87;41.12;30.01;NA;NA;NA;
5;17;36.09;27.84;34.31;NA;ND;30.89;22.65;32.98;31.75;NA;NA;NA;
5;18;29.26;22.17;27.26;NA;ND;21.84;13.14;22.2;17.17;NA;NA;NA;
5;19;23.56;19.05;24.8;NA;ND;18.23;12.17;18.98;21.84;NA;NA;NA;
5;20;17.63;16.23;17.03;NA;ND;15.64;8.83;13.89;17.91;NA;NA;NA;
5;21;6.55;13.34;13.97;NA;ND;17.23;5.66;12.65;15.21;NA;NA;NA;
5;22;8.45;13.6;12.82;NA;ND;15;6.81;18.6;15.07;NA;NA;NA;
5;23;5.75;10.37;6.85;NA;ND;10.33;12.94;4.33;7.3;NA;NA;NA;
6;0;5.11;13.87;11.68;NA;ND;9.35;15.36;3.68;9.11;NA;NA;NA;
6;1;2.97;16.57;6.67;NA;ND;6.39;3.55;ND;5.18;NA;NA;NA;
6;2;4.75;23.81;3.61;NA;ND;ND;ND;2.18;3.42;NA;NA;NA;
6;3;11.28;23.45;1.56;NA;ND;2.02;22.13;5.85;8.13;NA;NA;NA;
6;4;4.32;4.84;3.45;NA;ND;1.67;11.89;0.16;5.22;NA;NA;NA;
6;5;1.45;1.56;0.88;NA;ND;1.2;1.72;0.06;1.66;NA;NA;NA;
6;6;2.38;2.14;1.36;NA;ND;2.01;2.76;0.41;0.88;NA;NA;NA;
6;7;5.27;3.58;4.18;NA;ND;3.31;11.79;1.64;5.25;NA;NA;NA;
6;8;12.92;11.24;7.03;NA;ND;13.65;29.33;7.58;13.66;NA;NA;NA;
6;9;31.89;31.6;19.51;NA;ND;18.24;31.25;21.45;16.73;NA;NA;NA;
6;10;44.89;43.64;37.43;NA;ND;40.67;42.38;45.11;23.53;NA;NA;NA;
6;11;51.92;48.43;42.7;NA;ND;49.75;53.58;58.2;35.99;NA;NA;NA;
6;12;53.82;50.3;41.41;NA;ND;48.28;61.31;57.95;48.64;NA;NA;NA;
6;13;54.46;56.07;50.29;NA;ND;57.06;57.86;54.64;54.2;NA;NA;NA;
6;14;47.34;61.28;49.3;NA;ND;53.16;65.99;51.7;55.21;NA;NA;NA;
6;15;45.61;55.54;49.15;NA;ND;40.6;57.12;48.78;35.79;NA;NA;NA;
6;16;43.36;46.54;46.08;NA;ND;29.44;31.37;39.63;33.26;NA;NA;NA;
6;17;32.29;28.47;12.36;NA;ND;16.19;19.98;16.94;19.82;NA;NA;NA;
6;18;10.99;19.83;7.7;NA;ND;5.9;20.64;4.27;2.43;NA;NA;NA;
6;19;7.87;10.99;1.69;NA;ND;16.56;29.24;1.7;3.05;NA;NA;NA;
6;20;1.28;6.7;2.45;NA;ND;14.61;17.46;0.63;4.8;NA;NA;NA;
6;21;3.19;12.98;0.59;NA;ND;1.63;13.93;1.92;0.56;NA;NA;NA;
6;22;4.19;20.93;0.75;NA;ND;0.15;2.88;0.97;0.34;NA;NA;NA;
6;23;10.38;11.52;0.62;NA;ND;0.34;0.56;0.06;0.39;NA;NA;NA;
7;0;5.94;5.4;0.52;NA;ND;0.07;8.41;0.36;0.42;NA;NA;NA;
7;1;12.68;13.98;0.71;NA;ND;0.5;2.01;0.04;0.24;NA;NA;NA;
7;2;ND;ND;ND;NA;ND;0.27;0.7;0.15;ND;NA;NA;NA;
7;3;17.76;32.24;17.46;NA;ND;9.11;4.57;7.22;0.27;NA;NA;NA;
7;4;19.11;27.5;21.9;NA;ND;12.47;0.8;23.32;0.28;NA;NA;NA;
7;5;9.99;17.39;17.05;NA;ND;22.3;18.13;18.02;19.85;NA;NA;NA;
7;6;4.67;10.93;9.14;NA;ND;5.66;17.41;13.26;16.76;NA;NA;NA;
7;7;1.72;14.22;3.1;NA;ND;0.86;11.01;7.45;9.58;NA;NA;NA;
7;8;9.15;22.49;6.13;NA;ND;6.16;10.1;14.09;5.87;NA;NA;NA;
7;9;18.57;31.04;14.24;NA;ND;15.48;12.77;28.81;20.79;NA;NA;NA;
7;10;22.84;38.24;20.66;NA;ND;26.96;32.82;39.67;33.44;NA;NA;NA;
7;11;37.42;52.75;31.94;NA;ND;31.67;41.61;52.96;30.45;NA;NA;NA;
7;12;42.94;62.74;53.52;NA;ND;51.66;37.52;67.35;40.14;NA;NA;NA;
7;13;35.81;51.07;40.22;NA;ND;47.79;42.19;73.2;32.57;NA;NA;NA;
7;14;30.09;40.34;19.72;NA;ND;25.53;29.46;50.68;22.52;NA;NA;NA;
7;15;20.51;28.48;17.56;NA;ND;15.46;20.71;21.77;7.38;NA;NA;NA;
7;16;19.92;20.45;12.53;NA;ND;11;13.25;18.03;24.79;NA;NA;NA;
7;17;27.99;25.18;10.46;NA;ND;4.2;23.03;27.52;13.85;NA;NA;NA;
7;18;23.83;28.53;3.89;NA;ND;1.61;19.95;16.01;5.39;NA;NA;NA;
7;19;11.23;14.46;1.39;NA;ND;5.11;15.92;4.99;4.32;NA;NA;NA;
7;20;7.65;13.39;2.94;NA;ND;7.54;16.76;5.11;7.89;NA;NA;NA;
7;21;12.43;10.77;3.69;NA;ND;2.6;11.57;0.9;1.7;NA;NA;NA;
7;22;18.51;10.59;4.53;NA;ND;7.25;4.03;2.36;0.71;NA;NA;NA;
7;23;17.91;13;16.46;NA;ND;1.73;14.48;7.08;0.29;NA;NA;NA;
8;0;19.73;16.64;20.7;NA;ND;6.95;1.59;5.58;0.12;NA;NA;NA;
8;1;19.13;30.85;23.4;NA;ND;10.07;5.88;ND;1.1;NA;NA;NA;
8;2;15.71;33.81;8.37;NA;ND;ND;ND;22.92;0.35;NA;NA;NA;
8;3;19.9;35.32;2.22;NA;ND;4.89;3.04;23.01;0.59;NA;NA;NA;
8;4;21.59;34.01;23.5;NA;ND;1.99;6.25;24.21;5.37;NA;NA;NA;
8;5;17.66;28.12;25.39;NA;ND;18.04;1.74;27.13;23.82;NA;NA;NA;
8;6;13.11;23.12;22.94;NA;ND;15.3;5.77;11.54;22.71;NA;NA;NA;
8;7;13.59;23.08;17.93;NA;ND;12.85;13.66;15.43;28.05;NA;NA;NA;
8;8;15.81;26.27;19.79;NA;ND;20.74;28.46;25.84;27.3;NA;NA;NA;
8;9;21.05;33.31;23.64;NA;ND;24.36;39.06;30;30.98;NA;NA;NA;
8;10;36.19;38.75;27.73;NA;ND;34.62;43.62;36.44;41.9;NA;NA;NA;
8;11;42.53;50.57;37.03;NA;ND;41.45;44.78;57.16;51.26;NA;NA;NA;
8;12;39.15;47.15;38.42;NA;ND;47;32.18;64.32;74.76;NA;NA;NA;
8;13;29.92;43.74;33.92;NA;ND;25.68;29.45;55.25;50.24;NA;NA;NA;
8;14;27.15;30.54;40.5;NA;ND;25.53;35.45;39.84;35.43;NA;NA;NA;
8;15;25.96;30.34;22.47;NA;ND;21.77;32.56;29.3;26.33;NA;NA;NA;
8;16;24.64;26.81;17.46;NA;ND;22.2;26.94;27.02;21.11;NA;NA;NA;
8;17;20.99;25.12;14.36;NA;ND;15.07;25.21;21.44;20.42;NA;NA;NA;
8;18;7.76;21.61;7.52;NA;ND;5.71;23.34;18.42;11.57;NA;NA;NA;
8;19;11.97;20.17;5.06;NA;ND;8.38;18.59;19.5;14.71;NA;NA;NA;
8;20;11.93;18.3;6.84;NA;ND;8.79;18.12;20.34;15.89;NA;NA;NA;
8;21;13.22;19.69;10.06;NA;ND;6.43;19.47;20.99;13.62;NA;NA;NA;
8;22;16.68;19.27;10.57;NA;ND;5.8;19.29;19.53;16.1;NA;NA;NA;
8;23;15.24;19.96;12.19;NA;ND;10.95;21.61;16.52;18.08;NA;NA;NA;
9;0;14.38;20.37;12.64;NA;ND;10.26;19.68;20.77;19.03;NA;NA;NA;
9;1;17.64;21.25;15.4;NA;ND;12.51;17.45;20.76;21.19;NA;NA;NA;
9;2;ND;ND;ND;NA;ND;18.85;17.72;19.8;ND;NA;NA;NA;
9;3;17.03;19.74;16.57;NA;ND;15.99;14.26;18.27;18.98;NA;NA;NA;
9;4;9.03;16.97;14.24;NA;ND;15.14;11.29;18.43;17.58;NA;NA;NA;
9;5;3.97;18.59;12.26;NA;ND;11.71;5.95;17.75;18.37;NA;NA;NA;
9;6;3.43;17.38;3.86;NA;ND;6.57;3.01;12.89;15.76;NA;NA;NA;
9;7;6.25;17.64;1.97;NA;ND;3.07;4.17;12.14;14.27;NA;NA;NA;
9;8;10.66;14.86;5.15;NA;ND;7.83;5.8;17.75;16.2;NA;NA;NA;
9;9;13.99;15.63;7.4;NA;ND;16.07;12.07;22.83;16.09;NA;NA;NA;
9;10;20.14;29.68;12.83;NA;ND;28.39;20.38;31.2;9.38;NA;NA;NA;
9;11;20.28;31.95;20.5;NA;ND;20.02;27.54;36.87;ND;NA;NA;NA;
9;12;25.99;29.73;19.12;NA;ND;11.61;27.85;35.82;ND;NA;NA;NA;
9;13;27.07;23.18;14.53;NA;ND;15.99;21.9;32.54;22.52;NA;NA;NA;
9;14;24.39;127.14;9.61;NA;ND;17.07;23.94;36.18;ND;NA;NA;NA;
9;15;26.79;37.32;9.16;NA;ND;18.41;21.87;22.99;ND;NA;NA;NA;
9;16;22.24;30.18;5.69;NA;ND;16.43;17.27;18.61;21.61;NA;NA;NA;
9;17;20.79;22.44;4.88;NA;ND;8.23;16.76;10.01;16.65;NA;NA;NA;
9;18;18.41;16.76;2.72;NA;ND;3.19;6.98;14.93;11.44;NA;NA;NA;
9;19;15.07;16.84;0.5;NA;ND;1.02;4.29;13.67;6.03;NA;NA;NA;
9;20;9.37;14.16;0.52;NA;ND;1.13;2;17.05;12.98;NA;NA;NA;
9;21;3.27;17.41;1.14;NA;ND;7.56;1.63;15.51;13.86;NA;NA;NA;
9;22;9.49;13.88;3.34;NA;ND;12.87;3.52;17.3;11.83;NA;NA;NA;
9;23;6.24;15.28;1.62;NA;ND;11.46;5.11;17.59;9.93;NA;NA;NA;
10;0;1.54;13.42;7.13;NA;ND;7.52;7.39;16.9;8.29;NA;NA;NA;
10;1;1.99;15.08;10.37;NA;ND;15.86;2.21;ND;13.35;NA;NA;NA;
10;2;4;14.94;10.44;NA;ND;ND;ND;16.56;17.1;NA;NA;NA;
10;3;1.17;8.56;15.98;NA;ND;18.98;13.89;14.71;15.4;NA;NA;NA;
10;4;0.65;3.48;5.77;NA;ND;13.2;5.78;15.29;12.21;NA;NA;NA;
10;5;0.8;1.45;6.76;NA;ND;12.1;3.62;10.84;14.05;NA;NA;NA;
10;6;1.14;2.18;5.6;NA;ND;3.41;5.55;1.2;8.04;NA;NA;NA;
10;7;3.53;3.65;2.11;NA;ND;2.04;12.38;5.01;7.26;NA;NA;NA;
10;8;8.46;10.69;3.64;NA;ND;6.56;19.87;19.92;11.19;NA;NA;NA;
10;9;24.14;21.29;6.6;NA;ND;13.99;31.05;27.69;12.06;NA;NA;NA;
10;10;33.77;32.85;21.54;NA;ND;22.05;36.7;41.26;21.68;NA;NA;NA;
10;11;44.56;49.96;42.27;NA;ND;41.81;34.36;49.66;37.64;NA;NA;NA;
10;12;43.48;48.58;53.48;NA;ND;61.31;48.99;50.15;55.87;NA;NA;NA;
10;13;34.73;47.06;41.16;NA;ND;59.3;ND;50.78;46.22;NA;NA;NA;
10;14;33.89;51.43;29.96;NA;ND;44.68;ND;47.78;42.71;NA;NA;NA;
10;15;36.35;52.16;30.64;NA;ND;42.47;61.12;48.37;47.79;NA;NA;NA;
10;16;38.89;41.25;31.51;NA;ND;34.28;54.85;40.15;39.11;NA;NA;NA;
10;17;28.94;31.93;16.62;NA;ND;23.26;35.61;27.87;21.54;NA;NA;NA;
10;18;15.23;25.39;2.96;NA;ND;5.4;6.85;20.42;7.67;NA;NA;NA;
10;19;3.6;19.83;4.26;NA;ND;3.52;3.05;18.57;4.72;NA;NA;NA;
10;20;4.96;17.49;3.11;NA;ND;6.53;1.16;19.62;15.04;NA;NA;NA;
10;21;3.35;19.02;1.83;NA;ND;2.72;6.5;18.82;10.02;NA;NA;NA;
10;22;1.71;18.46;0.22;NA;ND;0.54;8.07;17.69;13.15;NA;NA;NA;
10;23;3.67;16.13;0.98;NA;ND;1.56;1.92;13.74;7.19;NA;NA;NA;
11;0;9.1;18.96;5.88;NA;ND;7.41;2.24;19.03;12.52;NA;NA;NA;
11;1;5.95;14.27;7.14;NA;ND;3.8;4.45;18.74;11.88;NA;NA;NA;
11;2;ND;ND;ND;NA;ND;0.07;7.71;16.73;ND;NA;NA;NA;
11;3;9.26;14.85;3.71;NA;ND;0.42;12.11;17.28;15.2;NA;NA;NA;
11;4;5.3;16.48;2.17;NA;ND;0.2;14.58;17.2;15.68;NA;NA;NA;
11;5;2.42;11.22;9.61;NA;ND;9.23;7.33;13.97;14.43;NA;NA;NA;
11;6;1.44;10.14;5.23;NA;ND;1.49;11.41;12.15;9.39;NA;NA;NA;
11;7;3.37;9.88;3.61;NA;ND;1.47;10.06;12.7;9.78;NA;NA;NA;
11;8;7.12;10.53;3.22;NA;ND;3.87;23.58;14.51;5.94;NA;NA;NA;
11;9;12.33;16.83;5.19;NA;ND;7.21;32.51;18.97;12.34;NA;NA;NA;
11;10;32.53;37.51;16.25;NA;ND;18.62;33.44;28.71;27.74;NA;NA;NA;
11;11;57.3;62.04;43.06;NA;ND;43.6;43.55;47.74;45.97;NA;NA;NA;
11;12;68.09;62.53;49.51;NA;ND;32.69;56.75;63.49;70.9;NA;NA;NA;
11;13;60.73;62.89;52.43;NA;ND;54.27;53.75;59.95;66.2;NA;NA;NA;
11;14;62.57;61.85;58.3;NA;ND;ND;ND;51.43;70.7;NA;NA;NA;
11;15;45.17;59.67;53.61;NA;ND;ND;55.84;54.46;62.53;NA;NA;NA;
11;16;40.45;53.18;43.93;NA;ND;44.49;49.5;51.76;56.53;NA;NA;NA;
11;17;33.19;45.28;31.26;NA;ND;30.69;25.99;40.55;42.32;NA;NA;NA;
11;18;24.7;29.82;11.2;NA;ND;16.48;8.3;27.99;28.55;NA;NA;NA;
11;19;24.33;20.8;5.35;NA;ND;3.02;4.35;18.09;21.75;NA;NA;NA;
11;20;16.18;18.41;0.76;NA;ND;0.96;4.83;16.74;6.89;NA;NA;NA;
11;21;1.3;11.37;0.77;NA;ND;0.09;2.46;22.12;9.76;NA;NA;NA;
11;22;2.69;12.21;0.87;NA;ND;0.07;10.79;21.33;5.02;NA;NA;NA;
11;23;7.18;14.34;1.24;NA;ND;0;14.41;16.42;12.25;NA;NA;NA;
12;0;7.99;19.8;0.28;NA;ND;0.02;12.93;16.14;5.84;NA;NA;NA;
12;1;13.46;25.82;1.09;NA;ND;0.02;21.1;ND;5.33;NA;NA;NA;
12;2;17.88;22.83;3.23;NA;ND;ND;ND;8.57;6.02;NA;NA;NA;
12;3;19.32;23.37;7.8;NA;ND;3.11;5.96;8.59;3.69;NA;NA;NA;
12;4;17.19;20.17;7.52;NA;ND;2.03;7.95;14.8;2.39;NA;NA;NA;
12;5;11.15;7.12;1.2;NA;ND;0.12;14.88;10.79;0.21;NA;NA;NA;
12;6;1.28;4.01;1.6;NA;ND;0.65;29.7;3.76;0.61;NA;NA;NA;
12;7;7.29;7.68;6.68;NA;ND;4.91;31.26;8.61;3.13;NA;NA;NA;
12;8;16.16;23.5;10.68;NA;ND;21.82;35.71;8.42;13.68;NA;NA;NA;
12;9;31.25;37.93;14.27;NA;ND;28.17;40.26;25.42;26.85;NA;NA;NA;
12;10;53.18;56.56;34.47;NA;ND;33.93;47.74;44.96;41.01;NA;NA;NA;
12;11;64.85;63.78;43.28;NA;ND;47.54;55.48;ND;38.71;NA;NA;NA;
12;12;63.8;59.79;46.8;NA;ND;56.59;65.41;75.93;43.38;NA;NA;NA;
12;13;54.6;57.47;50.08;NA;ND;57.72;ND;68.17;43.96;NA;NA;NA;
12;14;54.96;57.71;52.11;NA;ND;56.44;ND;65.23;39.65;NA;NA;NA;
12;15;45.25;53.09;41.68;NA;ND;47.14;39.24;55.25;36.13;NA;NA;NA;
12;16;41.69;50.56;35.25;NA;ND;38.32;31.24;45.79;36.21;NA;NA;NA;
12;17;34.85;38.94;30.06;NA;ND;33.39;29.89;41.68;31.78;NA;NA;NA;
12;18;27.29;26.71;10.81;NA;ND;15.04;17.69;33.05;8.89;NA;NA;NA;
12;19;8.28;16.81;4.47;NA;ND;9.22;3.48;16.29;21.63;NA;NA;NA;
12;20;1.95;11.35;5.69;NA;ND;9.91;9.43;14.39;10.93;NA;NA;NA;
12;21;1.74;3.98;3.51;NA;ND;8.44;6.1;16.25;4.55;NA;NA;NA;
12;22;3.29;7.7;2.47;NA;ND;5.92;20.32;17.95;4.14;NA;NA;NA;
12;23;4.12;4.58;6.58;NA;ND;9.61;23.34;13.88;1.11;NA;NA;NA;
13;0;2.86;0.76;17.3;NA;ND;14.56;25.21;11.2;0.72;NA;NA;NA;
13;1;4.37;0.55;19.13;NA;ND;15.64;26.04;10.65;0.06;NA;NA;NA;
13;2;ND;ND;ND;NA;ND;18.04;25.63;7.8;ND;NA;NA;NA;
13;3;4;10.69;22.34;NA;ND;15.53;26.22;5.93;0;NA;NA;NA;
13;4;2.36;8.31;11.07;NA;ND;9.81;24.32;2.23;0.26;NA;NA;NA;
13;5;0.8;2;0.71;NA;ND;2.9;21.89;2.28;0.21;NA;NA;NA;
13;6;2.13;2.56;0.86;NA;ND;0.27;18.4;1.46;0.33;NA;NA;NA;
13;7;4.12;6.92;3.41;NA;ND;2.56;20.4;8.22;4.23;NA;NA;NA;
13;8;12.77;17.96;8.17;NA;ND;17.12;25.49;16.73;10.12;NA;NA;NA;
13;9;28.23;35.92;23.51;NA;ND;26.72;31.47;24.41;23.77;NA;NA;NA;
13;10;37.01;56.46;30.47;NA;ND;31.27;36.52;41.76;48.92;NA;NA;NA;
13;11;44.78;55.32;36.84;NA;ND;41.04;41.36;55.98;43.46;NA;NA;NA;
13;12;54.34;62.75;40.87;NA;ND;47.04;47.8;58.96;33.44;NA;NA;NA;
13;13;51.21;54.21;39.37;NA;ND;42.53;44.43;38.47;30.05;NA;NA;NA;
13;14;39.22;48.58;40.51;NA;ND;43.7;36.28;54.1;37.91;NA;NA;NA;
13;15;35.66;48.65;38.82;NA;ND;46.6;35.8;47.65;38.09;NA;NA;NA;
13;16;32.75;39.21;31.38;NA;ND;34.87;27.3;40.5;34.36;NA;NA;NA;
13;17;29.52;30.45;22.93;NA;ND;25.42;13.22;31.27;8.56;NA;NA;NA;
13;18;22.26;22.29;18.21;NA;ND;10.37;5.62;24.7;5.09;NA;NA;NA;
13;19;16.59;17.15;10.02;NA;ND;5.93;4.45;19.07;8.57;NA;NA;NA;
13;20;6.43;10.14;3.33;NA;ND;0.49;2.47;15.6;7.52;NA;NA;NA;
13;21;1.3;6.6;3.57;NA;ND;0.17;2.39;13.31;7.76;NA;NA;NA;
13;22;1.1;8.19;4.39;NA;ND;0.03;3.07;17.33;5.71;NA;NA;NA;
13;23;1.17;4.04;5.98;NA;ND;0.54;0.02;14.96;5.58;NA;NA;NA;
14;0;1.33;1.32;5.24;NA;ND;0.43;0.08;10.55;1.45;NA;NA;NA;
14;1;1.75;0.24;0.46;NA;ND;0.13;1.45;ND;0.05;NA;NA;NA;
14;2;0.69;2.39;0.56;NA;ND;ND;ND;2.89;0;NA;NA;NA;
14;3;1.61;1.3;0.43;NA;ND;0.02;10.9;8.82;0.01;NA;NA;NA;
14;4;0.79;6.62;0.21;NA;ND;0.05;13.91;8.25;0.1;NA;NA;NA;
14;5;0.59;2.33;0.23;NA;ND;0;10.59;1.27;0.23;NA;NA;NA;
14;6;1;2.88;0.81;NA;ND;0.23;8.24;1.1;0.63;NA;NA;NA;
14;7;5.09;3.67;2.78;NA;ND;2.35;15.05;2.1;4.17;NA;NA;NA;
14;8;11.58;13.3;8.97;NA;ND;12.84;21.23;6.31;12.17;NA;NA;NA;
14;9;24.61;26.07;23.74;NA;ND;27.44;29.54;10.22;12.98;NA;NA;NA;
14;10;35.66;45.27;29.26;NA;ND;32.39;39.2;27.33;11.14;NA;NA;NA;
14;11;51.46;54.22;36.04;NA;ND;32.88;34.28;40.38;33.38;NA;NA;NA;
14;12;45.01;50.37;38.69;NA;ND;40.01;44.49;36.76;35.76;NA;NA;NA;
14;13;47.31;50.86;47.03;NA;ND;47.56;41.82;54.54;40.46;NA;NA;NA;
14;14;51.99;52.97;56.9;NA;ND;60.54;53.55;59.98;55.46;NA;NA;NA;
14;15;44.14;41.37;42.5;NA;ND;42.45;45.69;42.83;36.14;NA;NA;NA;
14;16;25.63;32.65;23.36;NA;ND;14.55;25;13.87;10.68;NA;NA;NA;
14;17;12.61;26.7;16.66;NA;ND;3.65;21.42;2.35;11.06;NA;NA;NA;
14;18;6.77;18.15;15.32;NA;ND;1.07;15.53;3.32;6.45;NA;NA;NA;
14;19;4.41;3.45;4.22;NA;ND;0.33;6.43;0.48;1.13;NA;NA;NA;
14;20;1.47;7.6;1.53;NA;ND;0.22;3.27;0.45;0.4;NA;NA;NA;
14;21;0.95;1.11;0.44;NA;ND;0.05;0.56;0.83;0.57;NA;NA;NA;
14;22;ND;1.5;0.53;NA;ND;0.63;0;0.45;0.5;NA;NA;NA;
14;23;ND;0.78;0.97;NA;ND;2.89;2.59;0.77;0.44;NA;NA;NA;
15;0;3.27;1.19;3.01;NA;ND;2.31;17.61;0.12;0.07;NA;NA;NA;
15;1;0.95;1.13;8.89;NA;ND;1.82;25.87;0.53;0;NA;NA;NA;
15;2;ND;ND;ND;NA;ND;5.09;28.36;0.41;ND;NA;NA;NA;
15;3;2.78;0.52;2.21;NA;ND;1.14;24.45;0.31;0.05;NA;NA;NA;
15;4;0.73;0.68;2.69;NA;ND;8.02;24.64;0.34;0.77;NA;NA;NA;
15;5;0.73;1.23;6.16;NA;ND;3.34;25.35;0.15;0.45;NA;NA;NA;
15;6;1.47;1.1;1.43;NA;ND;3.28;26.32;0.36;0.17;NA;NA;NA;
15;7;6;3.89;16.04;NA;ND;15.13;26.04;4.47;2.98;NA;NA;NA;
15;8;18.65;13.27;17.17;NA;ND;26.35;28.06;11.68;10.52;NA;NA;NA;
15;9;34.81;33.65;22.61;NA;ND;37.31;39.34;20.28;24.05;NA;NA;NA;
15;10;49.69;45.87;41.25;NA;ND;39.78;47.18;34.09;34.31;NA;NA;NA;
15;11;48.85;45.82;48.98;NA;ND;44.29;49.65;49.87;49.83;NA;NA;NA;
15;12;54.87;56.9;49.79;NA;ND;49.83;60.55;66.32;55.82;NA;NA;NA;
15;13;59;59.21;47.78;NA;ND;53.36;64.22;63.33;67.71;NA;NA;NA;
15;14;57.38;61.32;50.06;NA;ND;52.81;65.83;66.5;67.42;NA;NA;NA;
15;15;56.12;55.18;52.37;NA;ND;55.1;66.79;60.44;67.72;NA;NA;NA;
15;16;48.02;50.37;47.19;NA;ND;48.09;53.64;53.31;54.82;NA;NA;NA;
15;17;41.2;44.8;38.31;NA;ND;35.09;29.94;46.89;43.12;NA;NA;NA;
15;18;31.09;30.03;20.5;NA;ND;23.99;14.95;36.01;26.26;NA;NA;NA;
15;19;13.36;25.32;13.88;NA;ND;10.23;10.89;28.61;24.6;NA;NA;NA;
15;20;3.07;19.95;5.51;NA;ND;3.56;14.67;24.99;24.75;NA;NA;NA;
15;21;1.5;15.1;4.53;NA;ND;0.35;23.09;20.13;15;NA;NA;NA;
15;22;3.16;11.6;6.71;NA;ND;6.35;19.45;22.95;17.42;NA;NA;NA;
15;23;5.28;15.03;1.37;NA;ND;4.18;31.04;21.59;6.55;NA;NA;NA;
16;0;5.31;11.7;0.98;NA;ND;4.17;27.15;16.65;11.63;NA;NA;NA;
16;1;29.63;14.53;22.14;NA;ND;4.42;23.88;ND;9.54;NA;NA;NA;
16;2;27.48;13.78;17.1;NA;ND;ND;ND;0.75;4.01;NA;NA;NA;
16;3;29.7;11.14;25.7;NA;ND;20.37;28.39;2.01;2.07;NA;NA;NA;
16;4;8.82;3.26;9.78;NA;ND;12.67;35.92;0.25;3.18;NA;NA;NA;
16;5;6.27;4.2;7.73;NA;ND;5.79;12.42;0.13;0.27;NA;NA;NA;
16;6;3.04;2.32;1.49;NA;ND;2.74;20.58;0.48;1.13;NA;NA;NA;
16;7;12.76;4.9;6.1;NA;ND;6.62;29.53;2.17;3.61;NA;NA;NA;
16;8;15.87;18.59;16.99;NA;ND;20.23;34.6;6.95;5.76;NA;NA;NA;
16;9;34.4;40.24;39.58;NA;ND;43.61;39.99;18.4;15.44;NA;NA;NA;
16;10;50.22;46.12;37.93;NA;ND;44.93;49.5;43.69;11.3;NA;NA;NA;
16;11;62.03;61.88;51.35;NA;ND;53.5;59.13;66.07;58.23;NA;NA;NA;
16;12;67.62;68.63;61.31;NA;ND;60.4;69.46;74.23;59.46;NA;NA;NA;
16;13;71.24;71.4;65.03;NA;ND;68.41;75.92;72.13;68.92;NA;NA;NA;
16;14;64.14;68.87;62.88;NA;ND;64.8;76.81;68.36;54.83;NA;NA;NA;
16;15;52.13;65.78;58.01;NA;ND;60.57;71.1;65.49;56.68;NA;NA;NA;
16;16;54.88;61.04;54.73;NA;ND;56.22;58.73;62.42;62.49;NA;NA;NA;
16;17;50.05;54.11;50.44;NA;ND;44.78;34.48;54.31;52.22;NA;NA;NA;
16;18;40.51;45.14;41.9;NA;ND;15.19;15.76;38.42;42.75;NA;NA;NA;
16;19;32.36;36.48;27.03;NA;ND;15.72;9.38;34.88;17.2;NA;NA;NA;
16;20;18.97;31.25;11.15;NA;ND;14.09;9.27;32.41;27;NA;NA;NA;
16;21;10.99;27.15;2.62;NA;ND;2.86;2.81;29.58;22.15;NA;NA;NA;
16;22;10.51;19.94;1.1;NA;ND;1.29;15.3;19.03;9.14;NA;NA;NA;
16;23;6.89;19.28;5.46;NA;ND;5.61;17.73;21.98;16.18;NA;NA;NA;
17;0;19.09;6.94;22.02;NA;ND;11.23;15.78;17.2;8.6;NA;NA;NA;
17;1;18.56;7.27;5.97;NA;ND;21.27;27.53;5.62;10;NA;NA;NA;
17;2;ND;ND;ND;NA;ND;17.37;26.94;0.54;ND;NA;NA;NA;
17;3;21.75;1.07;11.02;NA;ND;12.16;18.01;0.21;7.82;NA;NA;NA;
17;4;1.74;2.19;6.88;NA;ND;8.15;9.3;0.03;7;NA;NA;NA;
17;5;7.56;0.82;0.87;NA;ND;4.54;19.63;0;2.84;NA;NA;NA;
17;6;10.47;1.79;2.18;NA;ND;9.02;12.72;0.31;1.07;NA;NA;NA;
17;7;7.2;6.66;6.5;NA;ND;7.72;36.16;3.33;6.38;NA;NA;NA;
17;8;26.44;19.81;25.43;NA;ND;35.98;44.43;9.87;15.99;NA;NA;NA;
17;9;47.21;39.29;42.63;NA;ND;53.4;51.35;26.11;6.55;NA;NA;NA;
17;10;64.61;63.63;51.6;NA;ND;54.89;59.02;46.76;16.4;NA;NA;NA;
17;11;74.02;75.6;58.29;NA;ND;57.79;67.27;68.22;48.13;NA;NA;NA;
17;12;78.96;78.68;66.38;NA;ND;65.48;74.61;80.6;64.03;NA;NA;NA;
17;13;74.76;74.94;75.45;NA;ND;73.81;77.68;90.41;73.36;NA;NA;NA;
17;14;65.91;72.6;71.72;NA;ND;82.1;80.09;83.41;73.35;NA;NA;NA;
17;15;57.75;60.86;62.89;NA;ND;69.07;80.39;73.4;61.87;NA;NA;NA;
17;16;57.78;58.46;57.19;NA;ND;59.85;56.18;62.8;56.34;NA;NA;NA;
17;17;50.74;47.88;52.56;NA;ND;49.97;41.4;43.74;48.63;NA;NA;NA;
17;18;41.37;38.88;39.09;NA;ND;27.46;24.34;35.33;27.57;NA;NA;NA;
17;19;32.96;33;23.65;NA;ND;16.62;12.74;26.34;28.4;NA;NA;NA;
17;20;31.5;29.8;12.04;NA;ND;15.36;17.78;28.97;23.22;NA;NA;NA;
17;21;18.5;29.75;5.2;NA;ND;9.1;18.74;27.47;22.35;NA;NA;NA;
17;22;14.56;24.19;9.96;NA;ND;10.94;18.98;23.99;8.56;NA;NA;NA;
17;23;13.76;16.91;16.3;NA;ND;16.43;5.2;24.93;17.96;NA;NA;NA;
18;0;12.03;19.9;16.03;NA;ND;18.73;11.08;21.58;16.57;NA;NA;NA;
18;1;13.98;15.87;11.72;NA;ND;14.21;18.15;ND;6.11;NA;NA;NA;
18;2;14.5;23.52;15.53;NA;ND;ND;ND;22.14;5.65;NA;NA;NA;
18;3;15.1;22.7;14.03;NA;ND;15.76;14.47;8.4;14.29;NA;NA;NA;
18;4;1.67;20.62;11.26;NA;ND;11.25;12.18;14.15;9.17;NA;NA;NA;
18;5;0.41;14.49;1.01;NA;ND;10.78;12.7;1.4;5.25;NA;NA;NA;
18;6;0.27;2.94;1.11;NA;ND;2.18;1.29;2.33;2.23;NA;NA;NA;
18;7;3.98;6.8;4.98;NA;ND;4.78;9.38;6.91;5.96;NA;NA;NA;
18;8;16.39;20.49;13.34;NA;ND;14.29;27.68;9.64;9.37;NA;NA;NA;
18;9;33.53;40.73;26.8;NA;ND;30.15;51.41;25.88;25.36;NA;NA;NA;
18;10;60.92;61.57;41.59;NA;ND;35.88;46.62;58.82;18.97;NA;NA;NA;
18;11;67.24;68.22;64.04;NA;ND;60.66;37.2;71.85;41.14;NA;NA;NA;
18;12;58.93;65.68;71.58;NA;ND;83.12;62.8;78.38;43.36;NA;NA;NA;
18;13;52.16;62.67;58.92;NA;ND;67.38;87.69;70.92;69.41;NA;NA;NA;
18;14;52.46;60.88;50.82;NA;ND;ND;85.67;65.56;68.93;NA;NA;NA;
18;15;38.7;35.96;44.64;NA;ND;43.77;52.12;46.65;57.5;NA;NA;NA;
18;16;20.51;26.6;22.21;NA;ND;31.18;30.6;33.35;29.09;NA;NA;NA;
18;17;18.69;24.72;12.31;NA;ND;18.51;21.79;26.97;12.82;NA;NA;NA;
18;18;11.83;21.28;3.41;NA;ND;6.74;10.28;20.87;13.95;NA;NA;NA;
18;19;4.26;15.02;1.83;NA;ND;5.2;5.7;15.96;14.14;NA;NA;NA;
18;20;6.24;13.22;4.22;NA;ND;8.13;6.16;18.55;11.69;NA;NA;NA;
18;21;5.25;11.44;3.85;NA;ND;3.26;3.42;19.36;13.15;NA;NA;NA;
18;22;4.01;14.67;6.64;NA;ND;1.44;5.65;18.16;8.69;NA;NA;NA;
18;23;4.54;15.12;8.91;NA;ND;3.86;1.48;16.95;6.34;NA;NA;NA;
19;0;12.23;18.4;8.48;NA;ND;6.11;6.34;20.2;11.77;NA;NA;NA;
19;1;14.02;18.74;14.74;NA;ND;11.29;5.39;21.03;14.36;NA;NA;NA;
19;2;ND;ND;ND;NA;ND;9.44;2.65;20.26;ND;NA;NA;NA;
19;3;11.08;15.62;10.36;NA;ND;8.57;2.5;19.7;10.59;NA;NA;NA;
19;4;3.35;14.51;10.13;NA;ND;3.12;3.75;18.79;6.94;NA;NA;NA;
19;5;1.21;10.7;6.66;NA;ND;0.45;0.45;16.58;10.1;NA;NA;NA;
19;6;1.76;8.36;3.28;NA;ND;0.13;3.39;15.84;10.9;NA;NA;NA;
19;7;2.81;10.97;1.59;NA;ND;1.02;4.68;13.02;9.68;NA;NA;NA;
19;8;6.09;8.3;2.97;NA;ND;4.03;7.53;13.74;11.87;NA;NA;NA;
19;9;9.72;15.72;3.36;NA;ND;5.64;13.83;12.84;13.33;NA;NA;NA;
19;10;22.21;27.24;12.29;NA;ND;10.93;22.88;18.28;10.43;NA;NA;NA;
19;11;27.38;30.12;14.23;NA;ND;20.34;18.78;ND;13.81;NA;NA;NA;
19;12;29.01;32.82;13.23;NA;ND;16.93;19.45;ND;21.87;NA;NA;NA;
19;13;28.43;34.69;13.75;NA;ND;22.79;22.47;31.82;9.57;NA;NA;NA;
19;14;30.6;35.56;11.15;NA;ND;19.25;24.88;29.91;16.61;NA;NA;NA;
19;15;29.54;35.08;4.53;NA;ND;7.08;20.38;30.33;12.4;NA;NA;NA;
19;16;29.19;33.11;5.32;NA;ND;6.32;18.4;23.6;10.57;NA;NA;NA;
19;17;26.17;30.95;2.8;NA;ND;4.11;11.24;24.78;11.04;NA;NA;NA;
19;18;22.33;23.24;1.74;NA;ND;8.34;5.59;22.05;17.9;NA;NA;NA;
19;19;11.97;20.83;1.74;NA;ND;6.62;6.76;20.36;20.31;NA;NA;NA;
19;20;1.78;19.9;2.58;NA;ND;14.34;9.64;16.42;21.44;NA;NA;NA;
19;21;4.53;15.45;3.4;NA;ND;5.11;16.56;13.32;7.56;NA;NA;NA;
19;22;10.78;17.83;10.03;NA;ND;3.88;22.43;20.91;20.75;NA;NA;NA;
19;23;14.29;15.52;13.38;NA;ND;4.75;15.05;19.55;8.02;NA;NA;NA;
20;0;8.92;23.07;17.12;NA;ND;5.23;13.75;13.45;8.22;NA;NA;NA;
20;1;12;23.36;15.5;NA;ND;0.23;16.16;ND;7.12;NA;NA;NA;
20;2;11.32;18.98;4.11;NA;ND;ND;ND;10.99;4.13;NA;NA;NA;
20;3;8.36;22.23;0.22;NA;ND;9.94;15.7;5.85;3.83;NA;NA;NA;
20;4;4.96;20.04;2.77;NA;ND;6.83;13.69;12.32;1.27;NA;NA;NA;
20;5;2.34;15.13;3.39;NA;ND;9.36;9.83;10.42;0.18;NA;NA;NA;
20;6;0.88;8.42;1.51;NA;ND;5.24;0.26;7.39;0.57;NA;NA;NA;
20;7;5.34;14.66;1.37;NA;ND;2.93;3.58;6.86;2.85;NA;NA;NA;
20;8;13.75;15.32;5.92;NA;ND;6.57;19.75;19.37;5.12;NA;NA;NA;
20;9;21.99;28.42;16.43;NA;ND;20.03;32.67;25.42;13.01;NA;NA;NA;
20;10;39.98;41.96;22.29;NA;ND;29.75;ND;39.64;20.18;NA;NA;NA;
20;11;52.28;51.64;36.91;NA;ND;36.21;ND;56.3;23.71;NA;NA;NA;
20;12;50.92;52.74;49.57;NA;ND;55.57;57.38;77.74;37.43;NA;NA;NA;
20;13;34.3;43.01;43.07;NA;ND;51.66;58.39;73.83;64.94;NA;NA;NA;
20;14;34.34;42.15;33.6;NA;ND;44.9;62.87;48.88;ND;NA;NA;NA;
20;15;35.86;43.1;29.38;NA;ND;40.92;49.61;42.7;59.11;NA;NA;NA;
20;16;35.23;43.22;33.73;NA;ND;40.57;46.45;41.89;44.74;NA;NA;NA;
20;17;33.1;40.69;22.45;NA;ND;37.29;43.7;37.07;34.36;NA;NA;NA;
20;18;18.36;36.51;9.74;NA;ND;19.09;33.29;29.51;19.12;NA;NA;NA;
20;19;6.7;30.26;6.33;NA;ND;10.72;13.61;20.44;24.32;NA;NA;NA;
20;20;3.06;25.05;4.36;NA;ND;11.34;15.57;23.2;18.94;NA;NA;NA;
20;21;6.82;14.74;8.98;NA;ND;10.02;9.78;13.93;14.22;NA;NA;NA;
20;22;9.56;12.74;5.06;NA;ND;2.19;7.61;3.85;1.49;NA;NA;NA;
20;23;2.31;3.78;3.1;NA;ND;1.46;19.2;1.96;1.97;NA;NA;NA;
21;0;1.74;18.01;1.49;NA;ND;0.94;16.91;0.48;3.42;NA;NA;NA;
21;1;1.5;12.89;3.91;NA;ND;9.08;18.55;0;3.77;NA;NA;NA;
21;2;ND;ND;ND;NA;ND;7.16;14.32;0;ND;NA;NA;NA;
21;3;1.49;0.81;2.21;NA;ND;6.81;9.29;0;3.01;NA;NA;NA;
21;4;1.06;0.54;0.6;NA;ND;4.34;1.92;0.01;3.06;NA;NA;NA;
21;5;1.35;1;0.72;NA;ND;6.89;1.03;0.06;1.82;NA;NA;NA;
21;6;1.69;3.26;1.09;NA;ND;2.61;1.47;0.47;1.28;NA;NA;NA;
21;7;8.6;4.51;5;NA;ND;6.61;8.52;2.6;5.12;NA;NA;NA;
21;8;22.17;15.59;11.16;NA;ND;14.19;30.69;6.87;16.68;NA;NA;NA;
21;9;33.32;19.63;23.69;NA;ND;28.64;69.56;20.64;32.14;NA;NA;NA;
21;10;49.35;32.99;23.4;NA;ND;36.31;67.99;42.38;31.65;NA;NA;NA;
21;11;55.87;56.75;35.7;NA;ND;43.7;66.68;62.4;33.48;NA;NA;NA;
21;12;61.45;58.31;55.32;NA;ND;57.23;70.82;69.3;62.72;NA;NA;NA;
21;13;52.56;56.7;50.7;NA;ND;64.18;52.06;75.23;82.89;NA;NA;NA;
21;14;47.05;54.32;40.07;NA;ND;53.86;50.1;55.37;66.27;NA;NA;NA;
21;15;43.21;50.1;35.7;NA;ND;50.81;51.66;49.9;50.31;NA;NA;NA;
21;16;41.9;47.21;39.76;NA;ND;43.77;53.76;45.55;48.34;NA;NA;NA;
21;17;38.58;43.46;22.35;NA;ND;31.7;41.55;40.7;35.01;NA;NA;NA;
21;18;30.1;35.53;8.47;NA;ND;20.27;22.58;32.81;28.85;NA;NA;NA;
21;19;12.5;27.23;4.57;NA;ND;14.21;12.76;25.34;4.66;NA;NA;NA;
21;20;3.56;16.91;6.3;NA;ND;10.67;13.57;20.66;17.05;NA;NA;NA;
21;21;8.47;15.74;7.35;NA;ND;5.96;2.25;15.71;15.04;NA;NA;NA;
21;22;2.66;13.24;4.88;NA;ND;1.61;8.51;3.71;2.04;NA;NA;NA;
21;23;1.84;13.01;0.48;NA;ND;0.59;23.43;3.57;1.49;NA;NA;NA;
22;0;1.56;18.34;0.58;NA;ND;1.02;28.63;0.38;1.85;NA;NA;NA;
22;1;1.63;10.88;0.57;NA;ND;1.9;23.33;ND;0.08;NA;NA;NA;
22;2;0.9;8.28;0.46;NA;ND;ND;ND;0.41;0.07;NA;NA;NA;
22;3;4.49;5.72;0.65;NA;ND;1.17;3.63;0.38;0.08;NA;NA;NA;
22;4;5.15;4.06;1.79;NA;ND;4.91;40.06;0;0.29;NA;NA;NA;
22;5;6.23;1.07;1.03;NA;ND;15.52;42.04;0.39;1.45;NA;NA;NA;
22;6;2.16;1.34;2.02;NA;ND;3.12;31.44;0.04;0.65;NA;NA;NA;
22;7;7.01;4.1;4.76;NA;ND;3.55;11.78;1.3;4.06;NA;NA;NA;
22;8;20.57;26.36;17.06;NA;ND;17.08;45.16;5.21;11.91;NA;NA;NA;
22;9;50.88;58.12;40.54;NA;ND;51.28;58.21;23.64;37.59;NA;NA;NA;
22;10;63.56;40.33;48.66;NA;ND;61;70.66;45.06;61.16;NA;NA;NA;
22;11;65.65;69.65;55.08;NA;ND;53.04;85.39;72.56;40.85;NA;NA;NA;
22;12;86.66;97.55;77.43;NA;ND;82.32;104.31;93.01;64.17;NA;NA;NA;
22;13;82.82;90.25;97.56;NA;ND;103.29;98.82;92.37;73.39;NA;NA;NA;
22;14;74.52;82.62;82.32;NA;ND;95.75;106.41;91.75;82.49;NA;NA;NA;
22;15;60.69;78.13;80.32;NA;ND;79.19;90.33;78.88;81.04;NA;NA;NA;
22;16;56.5;66.79;59.48;NA;ND;59.35;81.46;69.07;70.71;NA;NA;NA;
22;17;51.15;54.72;43.44;NA;ND;53.7;66.64;57.68;50.41;NA;NA;NA;
22;18;42.37;43.98;30.58;NA;ND;37.56;40.34;47.95;17.93;NA;NA;NA;
22;19;30.15;38.64;22.13;NA;ND;30.66;26.92;44.41;13.85;NA;NA;NA;
22;20;16.68;36.16;18.75;NA;ND;21.82;20.17;37.51;29.22;NA;NA;NA;
22;21;18.73;35.5;16.18;NA;ND;23.26;21.42;37.91;29.75;NA;NA;NA;
22;22;24.21;34.19;13.33;NA;ND;25.65;31.7;28.39;17.87;NA;NA;NA;
22;23;31.1;42.83;15.27;NA;ND;24.91;25.04;28.71;25.28;NA;NA;NA;
23;0;29.89;40.89;16.76;NA;ND;4.61;24.28;32.76;27.86;NA;NA;NA;
23;1;25.2;36.04;13.34;NA;ND;0.23;36.49;34.1;13.64;NA;NA;NA;
23;2;ND;ND;ND;NA;ND;20.84;34.65;25.83;ND;NA;NA;NA;
23;3;35.52;33.97;32.56;NA;ND;35.78;41.32;29.72;23.1;NA;NA;NA;
23;4;37.47;30.94;26.56;NA;ND;31.09;40.4;28.96;30.56;NA;NA;NA;
23;5;27.45;15.36;27.86;NA;ND;25.17;34.11;9.02;30.39;NA;NA;NA;
23;6;5.23;3.09;13.8;NA;ND;14.68;31.93;5.78;6.67;NA;NA;NA;
23;7;16.75;11.97;9.24;NA;ND;20.45;39.76;11.42;11.01;NA;NA;NA;
23;8;18.78;14.31;9.96;NA;ND;19.16;43.29;24.08;11.14;NA;NA;NA;
23;9;18.36;32.07;21.02;NA;ND;22.78;43.96;28.06;12.27;NA;NA;NA;
23;10;47.11;60.75;37.46;NA;ND;44.34;51.93;28.3;41.46;NA;NA;NA;
23;11;56.07;73.89;45.84;NA;ND;57.74;68.37;67.54;65.13;NA;NA;NA;
23;12;56.4;76.4;60.05;NA;ND;70.34;83.06;83.17;82.89;NA;NA;NA;
23;13;57.7;62.25;63.94;NA;ND;70.31;87.79;78.23;68.08;NA;NA;NA;
23;14;ND;44.87;70.5;NA;ND;68.88;69.74;66.39;76.88;NA;NA;NA;
23;15;41.35;15.1;ND;NA;ND;42.33;55.52;49.13;48.3;NA;NA;NA;
23;16;36.13;39.5;8.49;NA;ND;17.87;31.3;47.22;29.89;NA;NA;NA;
23;17;26.78;33.72;21.22;NA;ND;29.1;38.52;25.49;10.28;NA;NA;NA;
23;18;30.42;23.55;35.54;NA;ND;24.89;40.85;15.39;13.46;NA;NA;NA;
23;19;24.67;18.66;8.17;NA;ND;7.59;28.37;14.2;6.49;NA;NA;NA;
23;20;12.39;18.73;1.25;NA;ND;0.97;22.4;14.53;3.88;NA;NA;NA;
23;21;17.84;22.81;0.47;NA;ND;0.09;28.31;25.08;0.66;NA;NA;NA;
23;22;5.29;13.46;0.77;NA;ND;0.07;4.53;22.46;0.26;NA;NA;NA;
23;23;3.13;12.89;3.03;NA;ND;0.5;8.08;1.98;0.23;NA;NA;NA;
24;0;5.26;20.81;0.77;NA;ND;4.58;3.52;0.01;0;NA;NA;NA;
24;1;4.37;5.62;2.93;NA;ND;3.4;16.51;ND;2.04;NA;NA;NA;
24;2;ND;1.24;1.22;NA;ND;ND;ND;1.22;2.54;NA;NA;NA;
24;3;1.27;1.93;5.39;NA;ND;1.67;43.8;0;0.07;NA;NA;NA;
24;4;0.95;0.89;3.98;NA;ND;4.51;18.7;0;0.98;NA;NA;NA;
24;5;0.64;0.85;0.74;NA;ND;0.1;0.32;0;0;NA;NA;NA;
24;6;1.89;2.05;1.43;NA;ND;0.52;1.17;1.13;0.08;NA;NA;NA;
24;7;8.43;10.56;5.62;NA;ND;4.14;12.76;1.69;2.36;NA;NA;NA;
24;8;14.94;21.29;9.34;NA;ND;18.85;42.81;4.49;12.89;NA;NA;NA;
24;9;32.18;31.45;22.82;NA;ND;45.68;63.44;16.61;27.83;NA;NA;NA;
24;10;48.26;44.28;34.41;NA;ND;51.52;73.49;ND;44.82;NA;NA;NA;
24;11;59.31;50.88;38.76;NA;ND;46.24;75.94;ND;41.92;NA;NA;NA;
24;12;70.11;73.49;36.39;NA;ND;50.4;75.31;58.96;44.67;NA;NA;NA;
24;13;73.69;76.74;70.36;NA;ND;70.43;92.9;77.54;72.97;NA;NA;NA;
24;14;67.42;70.34;63.86;NA;ND;71.29;88.12;ND;79.27;NA;NA;NA;
24;15;52.33;65.53;43.41;NA;ND;59.94;78.12;72;80.47;NA;NA;NA;
24;16;40.14;56.48;19.66;NA;ND;43.99;61.88;49.88;54.63;NA;NA;NA;
24;17;35.4;45.38;15.07;NA;ND;20.29;26.4;34.28;34.88;NA;NA;NA;
24;18;22.17;29.3;8.02;NA;ND;15.97;21.43;22.9;29.87;NA;NA;NA;
24;19;12.44;20.78;4.88;NA;ND;11.65;42.49;19.38;32.64;NA;NA;NA;
24;20;9.45;22.43;6.69;NA;ND;15.02;40.79;21.77;26.86;NA;NA;NA;
24;21;10.47;19.68;10.23;NA;ND;9.77;40.64;24.85;19.86;NA;NA;NA;
24;22;9.39;23.44;11.07;NA;ND;14.41;34.02;23.68;14.68;NA;NA;NA;
24;23;13.57;21.37;14.55;NA;ND;18.6;31.3;24.6;13.88;NA;NA;NA;
25;0;16.6;22.27;15.96;NA;ND;11.62;31.15;24.83;17.11;NA;NA;NA;
25;1;15.63;16.26;4.45;NA;ND;0.61;22.68;22.9;12.3;NA;NA;NA;
25;2;8.5;ND;ND;NA;ND;1.91;50.59;16.61;ND;NA;NA;NA;
25;3;2.92;10.55;2.15;NA;ND;3.51;54.09;13.85;9.52;NA;NA;NA;
25;4;5.83;23.29;6.25;NA;ND;7.82;10.56;15.82;7.15;NA;NA;NA;
25;5;3.89;10.82;9.68;NA;ND;5.5;17.64;12.25;0.71;NA;NA;NA;
25;6;1.82;9.89;1.59;NA;ND;1.6;1.56;9.61;0.79;NA;NA;NA;
25;7;7.69;9.91;6.48;NA;ND;4.14;16.53;2.22;2.49;NA;NA;NA;
25;8;17.54;21.86;12.99;NA;ND;23.83;39.32;11.28;14.9;NA;NA;NA;
25;9;20.74;35.28;14.04;NA;ND;40.28;62.49;22.62;23.01;NA;NA;NA;
25;10;ND;61.13;ND;NA;ND;45.14;72.35;48.62;28.68;NA;NA;NA;
25;11;ND;75.6;ND;NA;ND;46.52;83.09;71.47;84.45;NA;NA;NA;
25;12;79.48;82.75;61.11;NA;ND;54.86;93.38;98.03;55.86;NA;NA;NA;
25;13;75.71;77.38;67.2;NA;ND;85.17;100.59;92.76;69.69;NA;NA;NA;
25;14;ND;71.98;ND;NA;ND;82.29;87.46;84.47;86.18;NA;NA;NA;
25;15;60.81;64.03;61.19;NA;ND;70.03;82.07;67.63;77.43;NA;NA;NA;
25;16;44.39;61.98;38.52;NA;ND;52.14;54.38;55.96;49.42;NA;NA;NA;
25;17;33.91;56.16;18.26;NA;ND;25.29;20.75;48.61;28.19;NA;NA;NA;
25;18;32.23;46.7;12.7;NA;ND;18.86;17.63;40.68;25.85;NA;NA;NA;
25;19;19.97;40.04;10.91;NA;ND;4.11;24.37;38.31;38.91;NA;NA;NA;
25;20;18.25;35.75;5.75;NA;ND;4.28;24.52;40.15;24.22;NA;NA;NA;
25;21;12.86;36.32;9.83;NA;ND;16.4;25.85;32.37;29.93;NA;NA;NA;
25;22;8.01;21.68;8.4;NA;ND;3.68;35.38;23.32;18.53;NA;NA;NA;
25;23;10.73;15.67;2.87;NA;ND;0.04;33.97;25.82;16.78;NA;NA;NA;
26;0;6.79;25.54;0.42;NA;ND;0.08;29.47;9.73;6.56;NA;NA;NA;
26;1;17.32;30.69;0.64;NA;ND;0.03;31.58;ND;22.99;NA;NA;NA;
26;2;ND;33.68;5.76;NA;ND;ND;ND;15.3;6.28;NA;NA;NA;
26;3;29.22;24.43;13.42;NA;ND;8.36;22.33;17.07;1.11;NA;NA;NA;
26;4;15.99;23.7;12.71;NA;ND;5.01;36.38;6.02;7.74;NA;NA;NA;
26;5;3.6;17.57;0.59;NA;ND;5.37;39.32;2.53;1.4;NA;NA;NA;
26;6;1.27;5.95;1.4;NA;ND;4.32;40.73;1.47;1.45;NA;NA;NA;
26;7;7.16;9.12;5.56;NA;ND;7.8;42.85;5.13;4.32;NA;NA;NA;
26;8;14.96;19.21;26.35;NA;ND;36.92;52.35;14.1;19.05;NA;NA;NA;
26;9;27.42;30.39;45.06;NA;ND;51.67;64.99;27.61;42.09;NA;NA;NA;
26;10;51.07;54.15;35.46;NA;ND;54.38;70.49;47.09;53.58;NA;NA;NA;
26;11;90.59;88.77;47.05;NA;ND;56.6;76.71;76.01;54.33;NA;NA;NA;
26;12;82.78;92.4;73.77;NA;ND;79.88;97.04;98.9;83.53;NA;NA;NA;
26;13;73.93;80.86;86.89;NA;ND;86.33;97.61;96.35;66.04;NA;NA;NA;
26;14;66.3;75.4;70.03;NA;ND;81.34;100.47;82.01;84.51;NA;NA;NA;
26;15;56.5;69.58;62.82;NA;ND;67.71;71.19;72.38;73.53;NA;NA;NA;
26;16;45.13;58.22;41.84;NA;ND;45.21;34.31;56.41;40.33;NA;NA;NA;
26;17;34.67;41.72;18.94;NA;ND;23.34;15.59;38.38;23.35;NA;NA;NA;
26;18;27;36.03;5.47;NA;ND;9.24;13.96;34.76;19.87;NA;NA;NA;
26;19;22.68;34.58;4.43;NA;ND;5.68;9.43;34.46;30.88;NA;NA;NA;
26;20;18.64;32.4;4.1;NA;ND;7.83;5.93;34.59;25.18;NA;NA;NA;
26;21;17.06;31.77;5.98;NA;ND;16.52;13.92;36.28;18.24;NA;NA;NA;
26;22;15.69;33.49;9.81;NA;ND;15.87;12.06;38.41;25.19;NA;NA;NA;
26;23;11.72;35.44;19.17;NA;ND;19.56;12.21;35.91;26.21;NA;NA;NA;
27;0;24.9;36.4;17.6;NA;ND;23.14;15.36;36.02;26.18;NA;NA;NA;
27;1;23.64;36.91;33.44;NA;ND;23.99;24.15;34.63;20.56;NA;NA;NA;
27;2;18.62;ND;ND;NA;ND;23.02;33.35;34.92;ND;NA;NA;NA;
27;3;22.81;38.6;23.49;NA;ND;23.38;31.5;32.88;12.85;NA;NA;NA;
27;4;11.98;ND;ND;NA;ND;10.6;33.49;29.16;ND;NA;NA;NA;
27;5;5.22;7.73;7.02;NA;ND;1.21;31.25;15.43;ND;NA;NA;NA;
27;6;2.07;ND;ND;NA;ND;1.86;35.39;3.02;ND;NA;NA;NA;
27;7;4.34;4.56;4.19;NA;ND;2.92;39.62;14.45;ND;NA;NA;NA;
27;8;22.78;14.94;ND;NA;ND;20.37;56.98;20.09;ND;NA;NA;NA;
27;9;45.47;48.68;ND;NA;ND;37.77;66.64;27.87;15.02;NA;NA;NA;
27;10;69.55;65.51;41.22;NA;ND;46.46;60.93;47.77;ND;NA;NA;NA;
27;11;65.67;67.79;57.03;NA;ND;64.35;61.75;73.4;44.87;NA;NA;NA;
27;12;58.83;61.72;56.47;NA;ND;66.7;67.79;74.79;51.51;NA;NA;NA;
27;13;59.79;67.44;57.26;NA;ND;58.35;78.43;76.54;66.29;NA;NA;NA;
27;14;59.9;65.87;57.36;NA;ND;51.6;64.41;66.37;52.13;NA;NA;NA;
27;15;55.68;61.43;48.83;NA;ND;41.21;47.14;58.69;41.76;NA;NA;NA;
27;16;54.03;56.76;38.93;NA;ND;42.93;33.83;34.45;45.24;NA;NA;NA;
27;17;50.49;54.31;19.68;NA;ND;29;35.56;29.02;37.25;NA;NA;NA;
27;18;31.12;45.33;7.12;NA;ND;11.19;20.86;19.41;17.91;NA;NA;NA;
27;19;13.37;35.07;3.22;NA;ND;7.16;3.42;16.04;19.9;NA;NA;NA;
27;20;8.44;25.58;2;NA;ND;1.45;9.49;17.53;14.27;NA;NA;NA;
27;21;15.71;23.95;1.17;NA;ND;3.71;17.92;5.66;5.29;NA;NA;NA;
27;22;19.74;17.1;0.87;NA;ND;0.17;24.3;1.62;1.22;NA;NA;NA;
27;23;15.63;7.6;0.86;NA;ND;2.52;40.02;12.26;0.72;NA;NA;NA;
28;0;4.85;26.37;1.6;NA;ND;19.3;54.76;7.01;0.32;NA;NA;NA;
28;1;4.8;31.24;0.65;NA;ND;7.9;52.29;ND;0.54;NA;NA;NA;
28;2;ND;13.35;0.62;NA;ND;ND;ND;10.33;0.56;NA;NA;NA;
28;3;12.45;27.98;0.53;NA;ND;14.75;49.56;11.72;0.98;NA;NA;NA;
28;4;15.81;35.53;3.76;NA;ND;0.21;35.36;21.02;0.1;NA;NA;NA;
28;5;3.71;34.24;3.59;NA;ND;0.37;3.48;20.36;0.36;NA;NA;NA;
28;6;2.92;16.73;1.12;NA;ND;0.45;0.33;6.01;0.46;NA;NA;NA;
28;7;7.25;16.69;3.71;NA;ND;2.08;4.33;10.49;2.21;NA;NA;NA;
28;8;7.68;18.59;3.9;NA;ND;3.57;9.71;15.2;4.11;NA;NA;NA;
28;9;15.26;28.6;6.52;NA;ND;7.32;13.75;12.3;7.65;NA;NA;NA;
28;10;36.9;48.31;13.63;NA;ND;11.91;45.18;7.61;17.3;NA;NA;NA;
28;11;49.5;50.4;28.53;NA;ND;21.11;49.56;12.89;10.06;NA;NA;NA;
28;12;47.05;45.76;42.57;NA;ND;48.26;51.84;35.71;30.6;NA;NA;NA;
28;13;54.95;48.59;43.75;NA;ND;45.18;52.35;58.04;55.5;NA;NA;NA;
28;14;59.93;60.81;51.05;NA;ND;55.76;67.14;60.94;65.62;NA;NA;NA;
28;15;57.46;57.01;52.41;NA;ND;48.18;66.03;63.02;50.18;NA;NA;NA;
28;16;54.65;55.24;47.37;NA;ND;49.76;63.74;56.48;44.09;NA;NA;NA;
28;17;42.59;50.48;42.28;NA;ND;43.73;46.64;53.77;33.16;NA;NA;NA;
28;18;32.35;35.34;27.34;NA;ND;28.01;26.14;36.57;34.42;NA;NA;NA;
28;19;23.92;27.94;13.39;NA;ND;5.15;18.22;29.16;28.94;NA;NA;NA;
28;20;17.68;24.93;9.84;NA;ND;9.91;8.4;26;22.58;NA;NA;NA;
28;21;3.42;24.67;7.23;NA;ND;3.15;2.64;25.45;23.32;NA;NA;NA;
28;22;8.53;18.9;11.76;NA;ND;2.06;8.1;15.87;8.83;NA;NA;NA;
28;23;10.97;9.52;5.57;NA;ND;0.47;10.91;4.59;1.56;NA;NA;NA;
