DIA;HORA;Cotocollao;Carapungo;Belisario;Jipijapa;El Camal;Centro;Guamaní;Tumbaco;Los Chillos;El Condado;Turubamba;Chillogallo;
1;0;0.44;0.18;ND;NA;ND;0.39;ND;NA;0.28;NA;NA;NA;
1;1;0.45;0.19;0.36;NA;ND;0.42;0.44;NA;0.28;NA;NA;NA;
1;2;0.46;0.28;0.31;NA;ND;0.42;0.44;NA;0.31;NA;NA;NA;
1;3;0.44;0.23;0.3;NA;ND;0.34;0.55;NA;0.3;NA;NA;NA;
1;4;0.46;0.3;0.31;NA;ND;0.3;0.68;NA;0.36;NA;NA;NA;
1;5;0.48;0.49;0.27;NA;ND;0.31;1.25;NA;0.4;NA;NA;NA;
1;6;0.49;0.36;0.38;NA;ND;0.35;1.67;NA;0.36;NA;NA;NA;
1;7;0.56;0.43;0.43;NA;ND;0.43;0.62;NA;0.35;NA;NA;NA;
1;8;0.59;ND;0.48;NA;ND;0.52;0.66;NA;0.44;NA;NA;NA;
1;9;0.57;ND;0.53;NA;ND;0.66;0.64;NA;0.38;NA;NA;NA;
1;10;0.47;ND;0.47;NA;ND;0.55;0.69;NA;0.4;NA;NA;NA;
1;11;0.41;ND;0.45;NA;ND;0.45;ND;NA;0.48;NA;NA;NA;
1;12;0.37;ND;0.54;NA;ND;0.48;0.6;NA;0.32;NA;NA;NA;
1;13;0.35;ND;0.64;NA;ND;0.46;0.65;NA;0.29;NA;NA;NA;
1;14;0.33;ND;0.5;NA;ND;0.41;0.66;NA;0.28;NA;NA;NA;
1;15;0.32;ND;0.47;NA;ND;0.4;0.66;NA;0.29;NA;NA;NA;
1;16;0.38;ND;0.39;NA;ND;0.39;0.78;NA;0.3;NA;NA;NA;
1;17;0.61;ND;0.36;NA;ND;0.48;1.17;NA;0.31;NA;NA;NA;
1;18;0.68;ND;0.56;NA;ND;0.59;0.75;NA;0.31;NA;NA;NA;
1;19;0.69;ND;0.53;NA;ND;0.59;0.67;NA;0.32;NA;NA;NA;
1;20;0.61;ND;0.5;NA;ND;0.55;0.64;NA;0.32;NA;NA;NA;
1;21;0.62;ND;0.38;NA;ND;0.49;0.66;NA;0.31;NA;NA;NA;
1;22;0.51;ND;0.34;NA;ND;0.39;0.52;NA;0.28;NA;NA;NA;
1;23;0.42;ND;0.31;NA;ND;0.33;0.43;NA;0.37;NA;NA;NA;
2;0;ND;ND;0.25;NA;ND;0.29;0.39;NA;0.38;NA;NA;NA;
2;1;0.45;ND;0.21;NA;ND;0.33;0.38;NA;0.42;NA;NA;NA;
2;2;0.4;ND;0.22;NA;ND;0.37;0.35;NA;0.35;NA;NA;NA;
2;3;0.39;ND;0.23;NA;ND;0.31;0.41;NA;0.34;NA;NA;NA;
2;4;0.41;ND;0.22;NA;ND;0.35;0.61;NA;0.39;NA;NA;NA;
2;5;0.49;ND;0.27;NA;ND;0.43;0.98;NA;0.43;NA;NA;NA;
2;6;0.84;ND;0.36;NA;ND;0.69;1.05;NA;0.47;NA;NA;NA;
2;7;0.52;0.33;0.44;NA;ND;0.83;0.68;NA;0.47;NA;NA;NA;
2;8;0.59;0.37;0.54;NA;ND;0.73;0.52;NA;0.49;NA;NA;NA;
2;9;0.53;0.32;0.46;NA;ND;0.59;0.55;NA;0.38;NA;NA;NA;
2;10;0.42;0.25;0.55;NA;ND;0.53;0.57;NA;0.34;NA;NA;NA;
2;11;0.36;0.22;0.45;NA;ND;0.57;0.51;NA;0.35;NA;NA;NA;
2;12;0.35;0.2;0.38;NA;ND;0.54;0.51;NA;0.28;NA;NA;NA;
2;13;0.32;0.22;0.47;NA;ND;0.45;0.55;NA;0.25;NA;NA;NA;
2;14;0.32;0.22;0.4;NA;ND;0.51;0.52;NA;0.24;NA;NA;NA;
2;15;0.31;0.2;0.42;NA;ND;0.46;0.5;NA;0.25;NA;NA;NA;
2;16;0.32;0.25;0.32;NA;ND;0.48;0.81;NA;0.27;NA;NA;NA;
2;17;0.39;0.29;0.43;NA;ND;0.49;0.67;NA;0.29;NA;NA;NA;
2;18;0.49;0.26;0.43;NA;ND;0.5;0.62;NA;0.3;NA;NA;NA;
2;19;0.5;0.31;0.46;NA;ND;0.52;0.76;NA;0.3;NA;NA;NA;
2;20;0.71;0.31;0.49;NA;ND;0.51;0.67;NA;0.3;NA;NA;NA;
2;21;0.54;0.23;0.47;NA;ND;0.54;0.57;NA;0.29;NA;NA;NA;
2;22;0.44;0.2;0.38;NA;ND;0.49;0.48;NA;0.26;NA;NA;NA;
2;23;0.48;0.22;0.33;NA;ND;0.36;0.46;NA;0.25;NA;NA;NA;
3;0;0.44;0.23;0.28;NA;ND;ND;0.45;NA;0.31;NA;NA;NA;
3;1;0.49;0.19;0.3;NA;ND;0.36;0.42;NA;0.27;NA;NA;NA;
3;2;0.46;0.19;0.27;NA;ND;0.34;0.39;NA;0.28;NA;NA;NA;
3;3;0.39;0.22;0.28;NA;ND;0.4;0.51;NA;0.29;NA;NA;NA;
3;4;0.4;0.27;0.28;NA;ND;0.45;0.84;NA;0.28;NA;NA;NA;
3;5;0.52;0.62;0.35;NA;ND;0.71;1.41;NA;0.42;NA;NA;NA;
3;6;0.59;0.4;0.59;NA;ND;1.12;1.08;NA;0.42;NA;NA;NA;
3;7;0.8;0.41;0.69;NA;ND;0.97;0.56;NA;0.43;NA;NA;NA;
3;8;0.66;0.33;0.37;NA;ND;0.73;0.41;NA;0.37;NA;NA;NA;
3;9;0.51;0.3;0.28;NA;ND;0.41;0.44;NA;0.31;NA;NA;NA;
3;10;0.37;0.27;0.33;NA;ND;0.41;0.44;NA;0.29;NA;NA;NA;
3;11;0.27;0.25;0.39;NA;ND;0.5;0.56;NA;0.33;NA;NA;NA;
3;12;0.28;0.23;0.34;NA;ND;0.52;0.45;NA;0.32;NA;NA;NA;
3;13;0.28;0.21;0.37;NA;ND;0.39;0.56;NA;0.22;NA;NA;NA;
3;14;0.29;0.19;0.29;NA;ND;0.37;0.57;NA;0.22;NA;NA;NA;
3;15;0.29;0.23;0.3;NA;ND;0.4;0.66;NA;0.25;NA;NA;NA;
3;16;0.31;0.25;0.32;NA;ND;0.41;0.78;NA;0.28;NA;NA;NA;
3;17;0.47;0.32;0.44;NA;ND;0.52;0.86;NA;0.31;NA;NA;NA;
3;18;0.71;0.33;0.43;NA;ND;0.57;1.21;NA;0.31;NA;NA;NA;
3;19;0.77;0.35;0.62;NA;ND;0.55;0.8;NA;0.3;NA;NA;NA;
3;20;0.66;0.44;0.54;NA;ND;0.66;0.74;NA;0.3;NA;NA;NA;
3;21;1.06;0.7;0.64;NA;ND;0.6;0.57;NA;0.5;NA;NA;NA;
3;22;0.97;0.5;0.62;NA;ND;0.59;0.55;NA;0.48;NA;NA;NA;
3;23;0.76;0.29;0.56;NA;ND;0.66;0.44;NA;ND;NA;NA;NA;
4;0;0.57;0.16;0.32;NA;ND;0.45;0.49;NA;0.34;NA;NA;NA;
4;1;0.5;0.16;0.44;NA;ND;0.42;0.55;NA;0.31;NA;NA;NA;
4;2;0.44;0.21;0.37;NA;ND;0.43;0.54;NA;0.34;NA;NA;NA;
4;3;0.45;0.21;0.31;NA;ND;0.41;0.6;NA;0.37;NA;NA;NA;
4;4;0.45;0.31;0.32;NA;ND;0.49;1.02;NA;0.47;NA;NA;NA;
4;5;0.59;0.69;0.39;NA;ND;0.64;1.86;NA;0.79;NA;NA;NA;
4;6;1.14;1.09;1.21;NA;ND;1.52;1.08;NA;1.2;NA;NA;NA;
4;7;1.18;0.78;1.67;NA;ND;2.09;0.95;NA;1.07;NA;NA;NA;
4;8;1.22;0.62;1.93;NA;ND;1.6;0.63;NA;0.58;NA;NA;NA;
4;9;1.09;0.55;1.35;NA;ND;1.19;0.54;NA;0.49;NA;NA;NA;
4;10;0.64;0.34;1.06;NA;ND;ND;0.56;NA;0.42;NA;NA;NA;
4;11;0.41;0.31;0.72;NA;ND;ND;0.84;NA;0.45;NA;NA;NA;
4;12;0.35;0.29;0.42;NA;ND;0.66;0.88;NA;0.46;NA;NA;NA;
4;13;0.31;0.57;0.78;NA;ND;ND;1.02;NA;0.49;NA;NA;NA;
4;14;0.59;0.59;0.87;NA;ND;0.95;1.04;NA;0.44;NA;NA;NA;
4;15;0.86;0.86;0.89;NA;ND;0.98;1.33;NA;0.51;NA;NA;NA;
4;16;0.69;0.7;1.88;NA;ND;1.05;1.38;NA;0.52;NA;NA;NA;
4;17;0.74;0.57;1.27;NA;ND;1.37;3.02;NA;0.55;NA;NA;NA;
4;18;0.69;0.37;0.93;NA;ND;1.9;2.6;NA;0.66;NA;NA;NA;
4;19;1.02;0.99;1.32;NA;ND;1.33;2.94;NA;1.28;NA;NA;NA;
4;20;1.16;0.79;1;NA;ND;1.1;2.44;NA;1.29;NA;NA;NA;
4;21;1.2;1.21;1.28;NA;ND;1.72;2.15;NA;1.07;NA;NA;NA;
4;22;1.05;0.76;1.28;NA;ND;1.29;0.95;NA;0.85;NA;NA;NA;
4;23;0.93;0.55;1.01;NA;ND;1.32;0.75;NA;0.55;NA;NA;NA;
5;0;0.82;0.38;ND;NA;ND;1.35;0.71;NA;0.54;NA;NA;NA;
5;1;0.7;0.31;0.85;NA;ND;1.34;0.66;NA;0.56;NA;NA;NA;
5;2;0.6;0.4;0.45;NA;ND;1.43;0.83;NA;0.44;NA;NA;NA;
5;3;0.61;0.56;0.71;NA;ND;1.33;0.95;NA;0.51;NA;NA;NA;
5;4;0.69;0.75;0.88;NA;ND;1.48;1.44;NA;0.6;NA;NA;NA;
5;5;0.99;1.14;1.07;NA;ND;1.68;3.35;NA;0.87;NA;NA;NA;
5;6;2.14;1.89;1.51;NA;ND;2.87;0.91;NA;1.15;NA;NA;NA;
5;7;2.67;1.47;2.42;NA;ND;3.26;0.63;NA;0.87;NA;NA;NA;
5;8;1.29;0.88;2.23;NA;ND;1.93;0.68;NA;0.63;NA;NA;NA;
5;9;1.17;0.67;1.26;NA;ND;1.22;0.58;NA;0.37;NA;NA;NA;
5;10;0.82;0.3;0.81;NA;ND;0.81;0.58;NA;0.32;NA;NA;NA;
5;11;0.38;0.46;0.76;NA;ND;0.9;0.78;NA;0.44;NA;NA;NA;
5;12;0.39;0.33;0.57;NA;ND;1.08;0.86;NA;0.44;NA;NA;NA;
5;13;0.38;0.27;0.58;NA;ND;1.09;0.81;NA;0.46;NA;NA;NA;
5;14;0.37;0.26;0.65;NA;ND;1.01;0.85;NA;0.53;NA;NA;NA;
5;15;0.41;0.29;0.9;NA;ND;1.03;0.91;NA;0.74;NA;NA;NA;
5;16;0.41;0.31;1.12;NA;ND;1.15;0.92;NA;0.93;NA;NA;NA;
5;17;0.48;0.34;1.01;NA;ND;1.2;1.14;NA;0.85;NA;NA;NA;
5;18;0.51;0.49;1.09;NA;ND;1.03;0.83;NA;0.8;NA;NA;NA;
5;19;0.69;0.55;0.91;NA;ND;0.92;0.65;NA;0.75;NA;NA;NA;
5;20;0.72;0.51;0.73;NA;ND;1.04;0.67;NA;0.66;NA;NA;NA;
5;21;0.73;0.34;0.63;NA;ND;0.97;0.6;NA;0.73;NA;NA;NA;
5;22;0.69;0.24;0.54;NA;ND;0.95;0.56;NA;0.58;NA;NA;NA;
5;23;0.57;ND;0.53;NA;ND;0.86;ND;NA;0.41;NA;NA;NA;
6;0;ND;0.18;0.41;NA;ND;ND;0.56;NA;0.33;NA;NA;NA;
6;1;0.45;0.2;0.32;NA;ND;0.77;0.54;NA;0.29;NA;NA;NA;
6;2;0.45;0.21;0.32;NA;ND;0.71;0.59;NA;0.3;NA;NA;NA;
6;3;0.45;0.26;0.3;NA;ND;0.79;0.68;NA;0.32;NA;NA;NA;
6;4;0.44;0.41;0.34;NA;ND;0.83;0.89;NA;0.43;NA;NA;NA;
6;5;0.55;0.84;0.43;NA;ND;1.19;2.25;NA;0.91;NA;NA;NA;
6;6;0.9;0.98;1.09;NA;ND;2.57;1.9;NA;0.89;NA;NA;NA;
6;7;1.33;0.99;1.6;NA;ND;2.62;1.82;NA;0.88;NA;NA;NA;
6;8;0.96;0.73;1.5;NA;ND;1.66;1.76;NA;0.86;NA;NA;NA;
6;9;0.7;0.52;1.37;NA;ND;1.12;0.77;NA;0.6;NA;NA;NA;
6;10;0.37;0.34;0.88;NA;ND;1.05;0.67;NA;0.4;NA;NA;NA;
6;11;0.29;0.25;0.65;NA;ND;0.98;0.57;NA;0.31;NA;NA;NA;
6;12;0.35;0.39;0.8;NA;ND;0.93;0.82;NA;0.43;NA;NA;NA;
6;13;0.38;0.39;0.74;NA;ND;ND;0.97;NA;0.39;NA;NA;NA;
6;14;0.38;0.28;1.16;NA;ND;ND;0.89;NA;0.45;NA;NA;NA;
6;15;0.42;0.28;1.72;NA;ND;0.67;0.91;NA;0.46;NA;NA;NA;
6;16;0.45;0.28;1.39;NA;ND;0.44;1.03;NA;0.58;NA;NA;NA;
6;17;0.54;0.27;1.45;NA;ND;0.68;0.81;NA;0.82;NA;NA;NA;
6;18;0.76;0.34;2.05;NA;ND;0.91;0.9;NA;0.98;NA;NA;NA;
6;19;0.81;0.37;1.31;NA;ND;0.81;0.8;NA;0.98;NA;NA;NA;
6;20;0.89;0.44;1.05;NA;ND;0.84;0.8;NA;0.44;NA;NA;NA;
6;21;1;0.38;0.98;NA;ND;0.8;0.72;NA;0.33;NA;NA;NA;
6;22;1;0.57;0.8;NA;ND;0.77;0.68;NA;0.37;NA;NA;NA;
6;23;0.86;0.56;0.8;NA;ND;0.64;0.71;NA;0.36;NA;NA;NA;
7;0;0.7;0.26;0.72;NA;ND;0.7;0.8;NA;ND;NA;NA;NA;
7;1;0.49;0.2;0.61;NA;ND;0.66;0.77;NA;0.29;NA;NA;NA;
7;2;0.49;0.22;0.63;NA;ND;0.39;0.62;NA;0.29;NA;NA;NA;
7;3;0.43;0.24;0.45;NA;ND;0.41;0.54;NA;0.31;NA;NA;NA;
7;4;0.5;0.2;0.3;NA;ND;0.25;0.57;NA;0.36;NA;NA;NA;
7;5;0.49;0.28;0.36;NA;ND;0.29;0.73;NA;0.39;NA;NA;NA;
7;6;0.74;0.45;0.53;NA;ND;0.44;0.8;NA;0.52;NA;NA;NA;
7;7;0.86;0.92;0.79;NA;ND;0.84;0.71;NA;0.74;NA;NA;NA;
7;8;0.87;1.05;1.31;NA;ND;1.01;0.77;NA;0.66;NA;NA;NA;
7;9;0.96;0.79;1.1;NA;ND;0.86;0.7;NA;0.52;NA;NA;NA;
7;10;1.15;0.84;0.96;NA;ND;0.6;0.64;NA;0.4;NA;NA;NA;
7;11;1.02;1.01;1.13;NA;ND;0.84;0.64;NA;0.47;NA;NA;NA;
7;12;1.3;0.8;1.29;NA;ND;0.87;0.6;NA;0.73;NA;NA;NA;
7;13;1.03;0.9;0.98;NA;ND;0.65;0.87;NA;0.8;NA;NA;NA;
7;14;1.1;0.97;1.12;NA;ND;0.79;1.22;NA;0.76;NA;NA;NA;
7;15;1.22;1.29;1.38;NA;ND;0.89;0.87;NA;0.91;NA;NA;NA;
7;16;1.25;1.21;1.17;NA;ND;0.71;0.89;NA;0.87;NA;NA;NA;
7;17;1.57;1.08;1.27;NA;ND;1.05;1.06;NA;0.89;NA;NA;NA;
7;18;1.8;1.37;1.61;NA;ND;2.14;1.22;NA;0.83;NA;NA;NA;
7;19;1.63;1.46;1.72;NA;ND;2.72;1.41;NA;0.86;NA;NA;NA;
7;20;1.53;1.62;1.93;NA;ND;2.51;2.49;NA;1.04;NA;NA;NA;
7;21;1.4;2.54;2.01;NA;ND;3.18;1.63;NA;1.24;NA;NA;NA;
7;22;1.55;2.45;2.17;NA;ND;2.21;1.65;NA;1.64;NA;NA;NA;
7;23;1.3;2.39;1.8;NA;ND;2.2;1.88;NA;1.64;NA;NA;NA;
8;0;0.98;2.92;1.16;NA;ND;1.27;1;NA;1.36;NA;NA;NA;
8;1;1.08;2.57;1.11;NA;ND;1.44;0.44;NA;0.91;NA;NA;NA;
8;2;1.54;1.12;0.54;NA;ND;0.53;0.44;NA;1.49;NA;NA;NA;
8;3;0.85;0.75;0.51;NA;ND;0.3;0.47;NA;0.89;NA;NA;NA;
8;4;0.76;0.72;0.99;NA;ND;0.33;0.5;NA;0.85;NA;NA;NA;
8;5;0.79;0.69;0.88;NA;ND;0.7;0.52;NA;0.62;NA;NA;NA;
8;6;1.25;0.87;1.03;NA;ND;0.82;0.7;NA;0.64;NA;NA;NA;
8;7;0.97;0.86;0.94;NA;ND;0.57;0.74;NA;0.72;NA;NA;NA;
8;8;0.88;0.73;0.54;NA;ND;0.47;0.76;NA;0.79;NA;NA;NA;
8;9;0.75;0.55;0.6;NA;ND;0.38;0.66;NA;0.65;NA;NA;NA;
8;10;0.44;0.49;0.56;NA;ND;0.39;0.78;NA;0.49;NA;NA;NA;
8;11;0.46;0.33;0.51;NA;ND;0.35;0.65;NA;0.3;NA;NA;NA;
8;12;0.36;0.35;0.46;NA;ND;0.33;0.57;NA;0.33;NA;NA;NA;
8;13;0.43;0.28;0.42;NA;ND;0.48;0.89;NA;0.28;NA;NA;NA;
8;14;0.45;0.32;0.63;NA;ND;0.63;1.23;NA;0.47;NA;NA;NA;
8;15;0.5;0.41;0.78;NA;ND;0.58;1.46;NA;0.48;NA;NA;NA;
8;16;0.55;0.61;0.7;NA;ND;0.61;1.53;NA;0.46;NA;NA;NA;
8;17;0.58;0.4;0.76;NA;ND;0.63;1.11;NA;0.44;NA;NA;NA;
8;18;0.83;0.71;1.2;NA;ND;1.24;0.9;NA;0.8;NA;NA;NA;
8;19;1.02;0.81;0.93;NA;ND;0.82;2.16;NA;0.73;NA;NA;NA;
8;20;1.5;1.36;0.94;NA;ND;1.34;2.64;NA;1.68;NA;NA;NA;
8;21;1.26;1.24;1.25;NA;ND;1.19;1.77;NA;0.83;NA;NA;NA;
8;22;1.36;1.58;1.13;NA;ND;1.24;1.04;NA;0.66;NA;NA;NA;
8;23;0.94;1.17;0.95;NA;ND;0.98;1.17;NA;0.58;NA;NA;NA;
9;0;0.82;ND;ND;NA;ND;1.01;0.89;NA;0.52;NA;NA;NA;
9;1;0.6;0.91;0.8;NA;ND;1.02;0.48;NA;0.34;NA;NA;NA;
9;2;0.55;0.75;0.57;NA;ND;0.86;0.44;NA;0.29;NA;NA;NA;
9;3;0.5;0.73;0.46;NA;ND;0.76;0.52;NA;0.35;NA;NA;NA;
9;4;0.55;0.78;0.38;NA;ND;0.71;0.54;NA;0.35;NA;NA;NA;
9;5;0.84;1.57;0.59;NA;ND;1.2;0.78;NA;0.63;NA;NA;NA;
9;6;3.14;4.38;1.56;NA;ND;2.02;0.96;NA;1.46;NA;NA;NA;
9;7;1.54;1.8;2.26;NA;ND;3.35;0.91;NA;1.13;NA;NA;NA;
9;8;0.9;0.9;2.1;NA;ND;1.93;0.62;NA;0.71;NA;NA;NA;
9;9;0.53;0.44;1.84;NA;ND;0.97;0.61;NA;0.63;NA;NA;NA;
9;10;0.38;0.29;1.03;NA;ND;0.82;0.62;NA;0.53;NA;NA;NA;
9;11;0.41;0.23;0.69;NA;ND;0.69;0.63;NA;0.37;NA;NA;NA;
9;12;0.48;0.38;0.55;NA;ND;0.56;0.68;NA;0.48;NA;NA;NA;
9;13;ND;0.32;ND;NA;ND;0.59;0.69;NA;0.5;NA;NA;NA;
9;14;ND;0.27;ND;NA;ND;0.63;0.65;NA;0.48;NA;NA;NA;
9;15;0.75;0.31;0.62;NA;ND;0.73;0.69;NA;0.38;NA;NA;NA;
9;16;0.76;0.4;1.03;NA;ND;1.11;0.77;NA;0.44;NA;NA;NA;
9;17;0.76;0.36;1.65;NA;ND;0.99;0.93;NA;0.45;NA;NA;NA;
9;18;0.99;0.42;2.28;NA;ND;1.45;1.21;NA;0.47;NA;NA;NA;
9;19;0.9;0.42;1.59;NA;ND;1.78;0.93;NA;0.44;NA;NA;NA;
9;20;0.83;0.39;0.93;NA;ND;0.93;0.74;NA;0.45;NA;NA;NA;
9;21;0.84;0.56;0.75;NA;ND;0.63;0.74;NA;0.38;NA;NA;NA;
9;22;0.81;0.43;0.8;NA;ND;0.81;0.74;NA;0.35;NA;NA;NA;
9;23;0.8;0.31;0.49;NA;ND;0.56;0.58;NA;0.33;NA;NA;NA;
10;0;ND;0.36;0.53;NA;ND;ND;ND;NA;0.34;NA;NA;NA;
10;1;0.69;0.35;0.46;NA;ND;0.59;0.53;NA;0.35;NA;NA;NA;
10;2;0.6;0.44;0.52;NA;ND;0.52;0.51;NA;0.34;NA;NA;NA;
10;3;0.62;0.39;0.51;NA;ND;0.46;0.62;NA;0.37;NA;NA;NA;
10;4;0.51;0.51;0.46;NA;ND;0.51;0.76;NA;0.39;NA;NA;NA;
10;5;0.88;1.16;0.65;NA;ND;1.01;1.5;NA;0.61;NA;NA;NA;
10;6;2.68;2.91;1.29;NA;ND;2.15;1.51;NA;0.93;NA;NA;NA;
10;7;1.2;1.45;1.85;NA;ND;1.5;1.08;NA;0.98;NA;NA;NA;
10;8;0.76;0.69;1.25;NA;ND;1.38;0.86;NA;0.68;NA;NA;NA;
10;9;0.61;0.35;0.78;NA;ND;0.73;0.81;NA;0.65;NA;NA;NA;
10;10;0.59;0.33;0.56;NA;ND;0.49;0.54;NA;0.42;NA;NA;NA;
10;11;0.47;0.36;0.62;NA;ND;0.5;0.53;NA;0.37;NA;NA;NA;
10;12;0.43;ND;0.63;NA;ND;0.55;0.63;NA;0.37;NA;NA;NA;
10;13;0.4;ND;0.45;NA;ND;0.52;0.5;NA;0.38;NA;NA;NA;
10;14;0.41;0.3;0.54;NA;ND;0.57;0.59;NA;0.36;NA;NA;NA;
10;15;0.45;0.26;0.55;NA;ND;0.55;0.7;NA;0.41;NA;NA;NA;
10;16;0.43;0.28;0.38;NA;ND;0.51;0.83;NA;0.32;NA;NA;NA;
10;17;0.53;0.3;0.48;NA;ND;0.77;0.97;NA;0.36;NA;NA;NA;
10;18;0.63;0.45;0.49;NA;ND;0.93;1.19;NA;0.42;NA;NA;NA;
10;19;1.08;0.56;0.51;NA;ND;0.94;1.43;NA;0.51;NA;NA;NA;
10;20;1.51;0.59;0.68;NA;ND;1.01;1.31;NA;0.53;NA;NA;NA;
10;21;0.9;0.47;0.59;NA;ND;1.05;1.16;NA;0.76;NA;NA;NA;
10;22;0.54;0.68;0.47;NA;ND;0.75;0.96;NA;0.74;NA;NA;NA;
10;23;0.43;0.35;0.59;NA;ND;0.73;1.03;NA;0.6;NA;NA;NA;
11;0;0.33;0.3;0.39;NA;ND;0.46;0.55;NA;ND;NA;NA;NA;
11;1;0.32;0.27;0.47;NA;ND;0.57;0.43;NA;0.37;NA;NA;NA;
11;2;0.28;0.3;0.33;NA;ND;0.4;0.42;NA;0.38;NA;NA;NA;
11;3;0.29;0.33;0.24;NA;ND;0.37;0.43;NA;0.36;NA;NA;NA;
11;4;0.4;0.5;0.29;NA;ND;0.43;0.45;NA;0.38;NA;NA;NA;
11;5;0.71;1.26;0.38;NA;ND;0.54;0.55;NA;0.5;NA;NA;NA;
11;6;2.57;3.56;0.6;NA;ND;1.15;0.72;NA;1.16;NA;NA;NA;
11;7;1.47;1.64;0.67;NA;ND;1.06;0.69;NA;1.17;NA;NA;NA;
11;8;1.18;0.78;0.69;NA;ND;0.65;0.66;NA;0.68;NA;NA;NA;
11;9;0.73;0.6;0.54;NA;ND;0.54;0.84;NA;0.43;NA;NA;NA;
11;10;0.5;0.41;0.56;NA;ND;0.51;0.73;NA;0.34;NA;NA;NA;
11;11;0.4;0.35;0.56;NA;ND;0.54;0.59;NA;0.34;NA;NA;NA;
11;12;0.44;0.41;0.55;NA;ND;0.48;0.58;NA;0.37;NA;NA;NA;
11;13;0.42;0.44;0.63;NA;ND;ND;ND;NA;0.45;NA;NA;NA;
11;14;0.44;0.32;0.58;NA;ND;0.38;0.42;NA;0.46;NA;NA;NA;
11;15;0.54;0.27;0.81;NA;ND;0.42;0.49;NA;0.44;NA;NA;NA;
11;16;0.59;0.32;0.82;NA;ND;0.45;0.55;NA;0.51;NA;NA;NA;
11;17;0.55;0.4;1.06;NA;ND;0.79;0.71;NA;0.5;NA;NA;NA;
11;18;0.63;0.49;1.44;NA;ND;1.16;0.69;NA;0.44;NA;NA;NA;
11;19;1.03;0.44;1.5;NA;ND;1.56;0.71;NA;0.45;NA;NA;NA;
11;20;1.06;0.45;1.5;NA;ND;1.62;0.76;NA;0.45;NA;NA;NA;
11;21;1.14;0.73;1.37;NA;ND;1.4;3.06;NA;0.49;NA;NA;NA;
11;22;0.9;0.67;1.13;NA;ND;1.4;1.05;NA;0.46;NA;NA;NA;
11;23;0.83;0.49;0.82;NA;ND;0.84;0.71;NA;0.44;NA;NA;NA;
12;0;0.77;0.31;0.68;NA;ND;ND;ND;NA;0.41;NA;NA;NA;
12;1;0.74;0.36;0.62;NA;ND;0.67;0.62;NA;0.41;NA;NA;NA;
12;2;0.75;0.38;0.57;NA;ND;0.66;0.41;NA;0.48;NA;NA;NA;
12;3;0.74;0.31;0.56;NA;ND;0.66;0.34;NA;0.5;NA;NA;NA;
12;4;0.74;0.39;0.65;NA;ND;0.78;0.68;NA;0.5;NA;NA;NA;
12;5;0.89;0.55;0.58;NA;ND;0.95;0.49;NA;0.66;NA;NA;NA;
12;6;2.26;1.18;1.11;NA;ND;1.89;0.78;NA;1.17;NA;NA;NA;
12;7;1.63;1.35;1.44;NA;ND;1.98;0.73;NA;1.24;NA;NA;NA;
12;8;0.83;0.41;1.18;NA;ND;1.19;0.37;NA;0.74;NA;NA;NA;
12;9;0.67;0.32;0.64;NA;ND;0.51;0.36;NA;0.65;NA;NA;NA;
12;10;0.53;0.43;0.54;NA;ND;0.51;0.37;NA;0.47;NA;NA;NA;
12;11;0.43;0.35;0.6;NA;ND;0.49;0.39;NA;ND;NA;NA;NA;
12;12;0.48;0.44;0.57;NA;ND;0.51;0.39;NA;ND;NA;NA;NA;
12;13;0.51;0.38;0.77;NA;ND;0.5;0.39;NA;0.36;NA;NA;NA;
12;14;0.48;0.29;0.44;NA;ND;0.56;0.44;NA;0.42;NA;NA;NA;
12;15;0.5;0.3;0.58;NA;ND;0.69;0.54;NA;0.44;NA;NA;NA;
12;16;0.48;0.28;0.44;NA;ND;0.68;0.5;NA;0.47;NA;NA;NA;
12;17;0.48;0.29;1.01;NA;ND;0.62;0.78;NA;0.46;NA;NA;NA;
12;18;0.72;0.45;1.33;NA;ND;0.99;0.98;NA;0.54;NA;NA;NA;
12;19;0.78;0.45;1.18;NA;ND;1.28;0.78;NA;0.39;NA;NA;NA;
12;20;0.82;0.43;1.16;NA;ND;1.15;0.66;NA;0.41;NA;NA;NA;
12;21;0.97;0.41;1.25;NA;ND;1.28;0.67;NA;0.44;NA;NA;NA;
12;22;1.25;0.44;1.52;NA;ND;1.39;0.67;NA;0.43;NA;NA;NA;
12;23;0.85;0.51;1.4;NA;ND;1.55;0.42;NA;0.42;NA;NA;NA;
13;0;0.86;ND;ND;NA;ND;1.26;0.36;NA;0.43;NA;NA;NA;
13;1;0.84;0.51;1.02;NA;ND;1.16;0.34;NA;0.36;NA;NA;NA;
13;2;0.68;0.45;0.96;NA;ND;0.64;0.31;NA;0.34;NA;NA;NA;
13;3;0.72;0.49;0.77;NA;ND;0.53;0.31;NA;0.36;NA;NA;NA;
13;4;0.65;0.37;0.69;NA;ND;0.45;0.32;NA;0.38;NA;NA;NA;
13;5;0.66;0.48;0.7;NA;ND;0.73;0.44;NA;0.59;NA;NA;NA;
13;6;1.19;1.04;1.18;NA;ND;1.85;0.65;NA;0.8;NA;NA;NA;
13;7;1.23;1.08;1.97;NA;ND;0.98;0.57;NA;0.79;NA;NA;NA;
13;8;0.91;0.72;1.74;NA;ND;0.66;0.49;NA;0.63;NA;NA;NA;
13;9;0.72;0.46;0.84;NA;ND;0.76;0.6;NA;0.57;NA;NA;NA;
13;10;0.58;0.39;0.6;NA;ND;0.6;0.48;NA;0.42;NA;NA;NA;
13;11;0.47;0.35;0.5;NA;ND;0.61;0.42;NA;0.31;NA;NA;NA;
13;12;0.46;0.42;0.52;NA;ND;0.54;0.4;NA;0.32;NA;NA;NA;
13;13;0.51;0.36;0.63;NA;ND;0.48;0.42;NA;0.34;NA;NA;NA;
13;14;0.48;0.34;0.38;NA;ND;0.57;0.64;NA;0.37;NA;NA;NA;
13;15;0.49;0.33;0.45;NA;ND;0.62;0.76;NA;0.29;NA;NA;NA;
13;16;0.51;0.3;0.56;NA;ND;0.58;0.98;NA;0.64;NA;NA;NA;
13;17;0.55;0.3;0.61;NA;ND;1;1.17;NA;0.78;NA;NA;NA;
13;18;0.67;0.47;1.24;NA;ND;1.43;1.2;NA;0.49;NA;NA;NA;
13;19;0.9;0.53;1.22;NA;ND;1.35;0.92;NA;0.39;NA;NA;NA;
13;20;0.97;0.49;0.9;NA;ND;1.08;0.69;NA;0.42;NA;NA;NA;
13;21;0.79;0.58;1.15;NA;ND;1.3;0.71;NA;0.55;NA;NA;NA;
13;22;0.89;0.64;1.34;NA;ND;1.22;0.59;NA;0.84;NA;NA;NA;
13;23;0.8;0.73;0.6;NA;ND;0.66;0.39;NA;0.72;NA;NA;NA;
14;0;ND;1.23;0.39;NA;ND;ND;ND;NA;0.68;NA;NA;NA;
14;1;0.94;1.22;0.35;NA;ND;0.47;0.33;NA;0.52;NA;NA;NA;
14;2;0.83;1.1;0.33;NA;ND;0.46;0.32;NA;0.61;NA;NA;NA;
14;3;0.65;0.8;0.31;NA;ND;0.47;0.34;NA;0.55;NA;NA;NA;
14;4;0.73;1.15;0.29;NA;ND;0.47;0.38;NA;0.54;NA;NA;NA;
14;5;1;1.37;0.33;NA;ND;0.65;0.45;NA;0.55;NA;NA;NA;
14;6;1.17;1.91;0.41;NA;ND;0.8;0.73;NA;0.67;NA;NA;NA;
14;7;0.89;0.88;0.58;NA;ND;0.83;0.75;NA;0.59;NA;NA;NA;
14;8;0.91;0.68;0.67;NA;ND;0.65;0.69;NA;0.56;NA;NA;NA;
14;9;0.62;0.59;0.66;NA;ND;0.63;0.66;NA;0.45;NA;NA;NA;
14;10;0.53;0.42;0.58;NA;ND;0.52;0.66;NA;0.31;NA;NA;NA;
14;11;0.47;0.42;0.55;NA;ND;0.55;0.62;NA;0.33;NA;NA;NA;
14;12;0.46;0.45;0.56;NA;ND;0.58;0.51;NA;0.37;NA;NA;NA;
14;13;0.48;0.41;0.52;NA;ND;0.49;0.41;NA;0.32;NA;NA;NA;
14;14;0.53;0.32;0.51;NA;ND;0.54;0.38;NA;0.32;NA;NA;NA;
14;15;0.49;0.36;0.47;NA;ND;0.62;0.74;NA;0.37;NA;NA;NA;
14;16;0.49;0.34;0.46;NA;ND;0.92;0.85;NA;0.31;NA;NA;NA;
14;17;0.52;0.37;0.58;NA;ND;0.93;0.95;NA;0.43;NA;NA;NA;
14;18;0.57;0.43;0.73;NA;ND;1;0.86;NA;0.46;NA;NA;NA;
14;19;0.69;0.42;0.82;NA;ND;0.88;0.87;NA;0.35;NA;NA;NA;
14;20;0.92;0.42;0.89;NA;ND;0.82;0.72;NA;0.39;NA;NA;NA;
14;21;0.9;0.51;0.89;NA;ND;0.91;0.79;NA;0.4;NA;NA;NA;
14;22;0.78;0.43;0.73;NA;ND;1.13;0.54;NA;0.38;NA;NA;NA;
14;23;0.72;0.27;0.72;NA;ND;0.88;0.43;NA;0.39;NA;NA;NA;
15;0;0.62;0.25;0.71;NA;ND;0.67;0.39;NA;ND;NA;NA;NA;
15;1;0.57;0.26;0.65;NA;ND;0.84;0.37;NA;0.4;NA;NA;NA;
15;2;0.6;0.37;0.56;NA;ND;0.92;0.36;NA;0.55;NA;NA;NA;
15;3;0.6;0.36;0.68;NA;ND;0.78;0.36;NA;0.47;NA;NA;NA;
15;4;0.59;0.33;0.6;NA;ND;0.7;0.38;NA;0.46;NA;NA;NA;
15;5;0.64;0.36;0.56;NA;ND;0.63;0.41;NA;0.51;NA;NA;NA;
15;6;0.63;0.44;0.73;NA;ND;0.75;0.53;NA;0.68;NA;NA;NA;
15;7;0.69;0.5;0.59;NA;ND;0.7;0.68;NA;0.57;NA;NA;NA;
15;8;0.79;0.51;0.52;NA;ND;0.56;0.93;NA;0.53;NA;NA;NA;
15;9;0.69;0.53;0.58;NA;ND;0.56;0.69;NA;0.39;NA;NA;NA;
15;10;0.52;0.38;0.47;NA;ND;0.52;0.6;NA;0.3;NA;NA;NA;
15;11;0.46;0.35;0.52;NA;ND;0.45;0.58;NA;0.28;NA;NA;NA;
15;12;0.55;0.39;0.55;NA;ND;0.48;0.7;NA;0.34;NA;NA;NA;
15;13;0.65;0.36;0.72;NA;ND;0.62;0.83;NA;0.37;NA;NA;NA;
15;14;0.8;0.55;0.58;NA;ND;0.64;0.49;NA;0.34;NA;NA;NA;
15;15;0.67;0.37;0.68;NA;ND;0.9;0.89;NA;0.43;NA;NA;NA;
15;16;0.63;0.36;0.61;NA;ND;0.81;0.79;NA;0.44;NA;NA;NA;
15;17;0.62;0.39;0.7;NA;ND;0.86;0.8;NA;0.58;NA;NA;NA;
15;18;0.63;0.47;0.86;NA;ND;0.81;0.98;NA;0.69;NA;NA;NA;
15;19;0.69;0.44;0.88;NA;ND;0.74;1.15;NA;0.49;NA;NA;NA;
15;20;0.8;0.39;0.82;NA;ND;0.68;0.92;NA;0.35;NA;NA;NA;
15;21;0.77;0.27;0.69;NA;ND;0.7;0.68;NA;0.32;NA;NA;NA;
15;22;0.65;0.27;0.63;NA;ND;0.65;0.61;NA;0.29;NA;NA;NA;
15;23;0.64;0.29;0.47;NA;ND;0.49;0.49;NA;0.25;NA;NA;NA;
16;0;0.74;0.36;0.43;NA;ND;0.52;ND;NA;0.28;NA;NA;NA;
16;1;0.65;0.29;0.4;NA;ND;0.55;0.68;NA;0.28;NA;NA;NA;
16;2;0.62;0.34;0.39;NA;ND;0.54;0.35;NA;0.29;NA;NA;NA;
16;3;0.61;0.28;0.37;NA;ND;0.51;0.32;NA;0.28;NA;NA;NA;
16;4;0.6;0.33;0.39;NA;ND;0.49;0.36;NA;0.29;NA;NA;NA;
16;5;0.68;0.69;0.47;NA;ND;0.74;0.47;NA;0.43;NA;NA;NA;
16;6;1.49;1.4;0.81;NA;ND;1.23;0.63;NA;0.81;NA;NA;NA;
16;7;1.3;0.99;0.78;NA;ND;0.86;0.6;NA;0.82;NA;NA;NA;
16;8;1.13;0.66;0.76;NA;ND;0.87;0.54;NA;0.61;NA;NA;NA;
16;9;1.01;0.58;0.77;NA;ND;0.7;0.49;NA;0.49;NA;NA;NA;
16;10;0.75;0.48;0.71;NA;ND;0.65;0.45;NA;0.37;NA;NA;NA;
16;11;0.54;0.42;0.66;NA;ND;0.65;0.42;NA;0.31;NA;NA;NA;
16;12;0.53;0.41;0.63;NA;ND;0.61;0.42;NA;0.28;NA;NA;NA;
16;13;0.57;0.34;0.63;NA;ND;0.65;0.6;NA;0.29;NA;NA;NA;
16;14;0.54;0.3;0.52;NA;ND;0.62;0.68;NA;0.4;NA;NA;NA;
16;15;0.52;0.31;0.54;NA;ND;0.88;0.66;NA;0.53;NA;NA;NA;
16;16;0.55;0.3;1.16;NA;ND;0.68;0.85;NA;0.72;NA;NA;NA;
16;17;0.64;0.44;1.22;NA;ND;0.91;0.79;NA;0.73;NA;NA;NA;
16;18;0.77;0.78;1.55;NA;ND;1.23;1.32;NA;0.79;NA;NA;NA;
16;19;0.96;0.7;1.83;NA;ND;1.55;1.94;NA;1.15;NA;NA;NA;
16;20;0.91;0.74;1.19;NA;ND;1.81;1.39;NA;0.71;NA;NA;NA;
16;21;0.89;0.61;1.06;NA;ND;1.14;1.16;NA;0.91;NA;NA;NA;
16;22;0.8;0.42;0.91;NA;ND;0.88;0.82;NA;0.63;NA;NA;NA;
16;23;0.76;0.41;0.76;NA;ND;0.72;0.63;NA;0.49;NA;NA;NA;
17;0;0.72;ND;ND;NA;ND;0.68;0.49;NA;0.35;NA;NA;NA;
17;1;0.58;0.43;0.52;NA;ND;0.73;0.48;NA;0.31;NA;NA;NA;
17;2;0.58;0.43;0.45;NA;ND;0.61;0.44;NA;0.25;NA;NA;NA;
17;3;0.59;0.44;0.39;NA;ND;0.59;0.59;NA;0.26;NA;NA;NA;
17;4;0.61;0.31;0.41;NA;ND;0.67;0.63;NA;0.35;NA;NA;NA;
17;5;0.67;0.53;0.49;NA;ND;0.71;1.12;NA;0.47;NA;NA;NA;
17;6;1.17;1.15;1.03;NA;ND;1.95;2.46;NA;1.01;NA;NA;NA;
17;7;1.12;0.94;1.56;NA;ND;1.94;2.07;NA;0.98;NA;NA;NA;
17;8;1.18;0.8;1.5;NA;ND;2.41;0.82;NA;0.82;NA;NA;NA;
17;9;0.88;0.65;1.68;NA;ND;1.56;0.65;NA;0.48;NA;NA;NA;
17;10;0.82;0.59;1.5;NA;ND;1.33;0.63;NA;0.6;NA;NA;NA;
17;11;0.79;0.58;1.31;NA;ND;1.09;0.7;NA;0.54;NA;NA;NA;
17;12;1.02;0.71;0.81;NA;ND;0.81;0.48;NA;0.53;NA;NA;NA;
17;13;0.81;0.68;0.97;NA;ND;0.79;0.46;NA;0.61;NA;NA;NA;
17;14;0.65;0.47;1.05;NA;ND;0.9;0.64;NA;0.52;NA;NA;NA;
17;15;0.68;0.36;1.35;NA;ND;0.95;1.17;NA;0.61;NA;NA;NA;
17;16;0.78;0.44;1.12;NA;ND;0.88;0.7;NA;0.6;NA;NA;NA;
17;17;0.65;0.38;1.04;NA;ND;0.95;0.66;NA;0.61;NA;NA;NA;
17;18;0.73;0.55;1.12;NA;ND;1.06;0.86;NA;0.63;NA;NA;NA;
17;19;0.68;0.59;1.09;NA;ND;1.08;1.07;NA;0.41;NA;NA;NA;
17;20;0.7;0.51;1.12;NA;ND;1;0.92;NA;0.37;NA;NA;NA;
17;21;0.77;0.43;0.88;NA;ND;1;1.03;NA;0.33;NA;NA;NA;
17;22;0.84;0.38;0.88;NA;ND;0.95;0.9;NA;0.29;NA;NA;NA;
17;23;0.74;0.43;0.7;NA;ND;0.81;0.54;NA;0.27;NA;NA;NA;
18;0;ND;0.38;0.47;NA;ND;ND;ND;NA;0.3;NA;NA;NA;
18;1;0.71;0.37;0.39;NA;ND;0.6;0.5;NA;0.34;NA;NA;NA;
18;2;0.69;0.28;0.39;NA;ND;0.52;0.49;NA;0.34;NA;NA;NA;
18;3;0.65;0.26;0.39;NA;ND;0.58;0.47;NA;0.39;NA;NA;NA;
18;4;0.67;0.32;0.37;NA;ND;0.61;0.46;NA;0.41;NA;NA;NA;
18;5;0.77;0.65;0.5;NA;ND;0.94;0.73;NA;0.46;NA;NA;NA;
18;6;1.43;1.53;1.15;NA;ND;1.78;1.53;NA;0.93;NA;NA;NA;
18;7;1.44;1.17;1.66;NA;ND;3.29;0.72;NA;1.03;NA;NA;NA;
18;8;1.06;0.99;1.76;NA;ND;2.11;0.69;NA;0.63;NA;NA;NA;
18;9;0.9;0.61;1.39;NA;ND;ND;0.61;NA;0.37;NA;NA;NA;
18;10;0.71;0.53;1.28;NA;ND;ND;0.54;NA;0.49;NA;NA;NA;
18;11;0.52;0.36;0.81;NA;ND;0.79;0.48;NA;0.36;NA;NA;NA;
18;12;0.53;0.38;0.74;NA;ND;0.55;0.71;NA;0.48;NA;NA;NA;
18;13;0.52;0.31;0.74;NA;ND;0.61;0.7;NA;0.38;NA;NA;NA;
18;14;0.52;0.28;0.78;NA;ND;0.53;0.65;NA;0.49;NA;NA;NA;
18;15;0.51;0.31;1.29;NA;ND;0.74;1.01;NA;0.44;NA;NA;NA;
18;16;0.61;0.34;1.07;NA;ND;0.95;1.17;NA;0.63;NA;NA;NA;
18;17;0.75;0.36;1.64;NA;ND;1.31;1.04;NA;0.6;NA;NA;NA;
18;18;1.24;0.69;1.8;NA;ND;1.52;0.93;NA;0.63;NA;NA;NA;
18;19;1.15;0.59;1.47;NA;ND;1.3;1;NA;0.6;NA;NA;NA;
18;20;1;0.51;1.36;NA;ND;1.57;0.74;NA;0.58;NA;NA;NA;
18;21;0.79;0.39;1.01;NA;ND;1.34;1.36;NA;0.41;NA;NA;NA;
18;22;0.63;0.3;0.81;NA;ND;1.06;1.08;NA;0.35;NA;NA;NA;
18;23;0.53;0.22;0.68;NA;ND;1.04;0.86;NA;0.29;NA;NA;NA;
19;0;0.52;0.22;0.53;NA;ND;0.59;0.54;NA;ND;NA;NA;NA;
19;1;0.49;0.22;0.4;NA;ND;0.42;0.56;NA;0.26;NA;NA;NA;
19;2;0.47;0.2;0.36;NA;ND;0.37;0.52;NA;0.35;NA;NA;NA;
19;3;0.47;0.2;0.39;NA;ND;0.34;0.46;NA;0.23;NA;NA;NA;
19;4;0.51;0.21;0.38;NA;ND;0.37;0.45;NA;0.23;NA;NA;NA;
19;5;0.62;0.28;0.41;NA;ND;0.36;0.57;NA;0.28;NA;NA;NA;
19;6;1.06;0.88;1.06;NA;ND;0.75;0.8;NA;0.67;NA;NA;NA;
19;7;1.34;0.95;1.38;NA;ND;1.01;0.82;NA;1.32;NA;NA;NA;
19;8;0.81;0.63;0.94;NA;ND;0.71;0.54;NA;0.71;NA;NA;NA;
19;9;0.96;0.65;0.76;NA;ND;0.72;0.46;NA;0.33;NA;NA;NA;
19;10;0.77;0.57;1.04;NA;ND;0.92;0.64;NA;0.36;NA;NA;NA;
19;11;0.59;0.42;0.88;NA;ND;0.73;0.65;NA;0.37;NA;NA;NA;
19;12;0.53;0.35;0.88;NA;ND;0.61;0.67;NA;0.33;NA;NA;NA;
19;13;0.52;0.32;0.68;NA;ND;0.62;0.88;NA;0.29;NA;NA;NA;
19;14;0.49;0.34;0.61;NA;ND;0.63;0.79;NA;0.29;NA;NA;NA;
19;15;0.5;0.32;0.67;NA;ND;0.69;0.79;NA;0.56;NA;NA;NA;
19;16;0.51;0.32;0.57;NA;ND;0.6;0.82;NA;0.42;NA;NA;NA;
19;17;0.59;0.35;0.98;NA;ND;0.92;0.98;NA;0.63;NA;NA;NA;
19;18;0.74;0.47;1.23;NA;ND;1.01;1.26;NA;0.72;NA;NA;NA;
19;19;0.8;0.5;1.43;NA;ND;0.88;1.01;NA;0.48;NA;NA;NA;
19;20;0.82;0.41;1.24;NA;ND;0.87;0.85;NA;0.34;NA;NA;NA;
19;21;0.93;0.41;1.08;NA;ND;0.72;0.7;NA;0.39;NA;NA;NA;
19;22;0.74;0.3;0.74;NA;ND;0.63;0.64;NA;0.33;NA;NA;NA;
19;23;0.55;0.28;0.62;NA;ND;0.49;0.68;NA;0.28;NA;NA;NA;
20;0;0.54;0.23;0.46;NA;ND;0.43;0.58;NA;0.27;NA;NA;NA;
20;1;0.54;0.23;0.39;NA;ND;0.37;0.49;NA;0.23;NA;NA;NA;
20;2;0.51;0.21;0.37;NA;ND;0.35;0.42;NA;0.21;NA;NA;NA;
20;3;0.49;0.22;0.35;NA;ND;0.31;0.49;NA;0.24;NA;NA;NA;
20;4;0.51;0.21;0.36;NA;ND;0.32;0.6;NA;0.29;NA;NA;NA;
20;5;0.61;0.28;0.45;NA;ND;0.4;0.7;NA;0.42;NA;NA;NA;
20;6;1.29;0.47;1.01;NA;ND;0.82;1.31;NA;0.7;NA;NA;NA;
20;7;1.21;0.7;1.25;NA;ND;1;1.03;NA;1.03;NA;NA;NA;
20;8;0.94;0.63;1.1;NA;ND;0.96;0.69;NA;0.92;NA;NA;NA;
20;9;0.75;0.56;0.93;NA;ND;0.61;0.56;NA;0.37;NA;NA;NA;
20;10;ND;0.38;0.82;NA;ND;0.74;0.64;NA;0.32;NA;NA;NA;
20;11;0.41;0.34;0.79;NA;ND;0.65;0.7;NA;0.29;NA;NA;NA;
20;12;0.41;0.41;0.76;NA;ND;0.65;0.85;NA;0.26;NA;NA;NA;
20;13;0.42;0.41;0.67;NA;ND;0.7;0.67;NA;0.26;NA;NA;NA;
20;14;0.38;0.32;0.58;NA;ND;0.69;0.81;NA;0.29;NA;NA;NA;
20;15;0.42;0.3;0.76;NA;ND;0.72;0.77;NA;0.36;NA;NA;NA;
20;16;0.42;0.37;0.93;NA;ND;0.73;0.99;NA;0.49;NA;NA;NA;
20;17;0.51;0.34;1.37;NA;ND;0.67;1.12;NA;0.53;NA;NA;NA;
20;18;0.57;0.45;1.41;NA;ND;1.13;1.34;NA;0.61;NA;NA;NA;
20;19;0.73;0.43;1.35;NA;ND;1.16;1.27;NA;0.37;NA;NA;NA;
20;20;0.65;0.45;0.99;NA;ND;0.93;1.18;NA;0.41;NA;NA;NA;
20;21;0.59;0.44;0.74;NA;ND;0.71;0.94;NA;0.34;NA;NA;NA;
20;22;0.58;0.32;0.76;NA;ND;0.68;0.74;NA;0.32;NA;NA;NA;
20;23;0.59;0.34;0.77;NA;ND;0.56;0.63;NA;0.29;NA;NA;NA;
21;0;0.57;ND;ND;NA;ND;0.57;0.52;NA;0.27;NA;NA;NA;
21;1;0.65;0.38;0.59;NA;ND;0.59;0.5;NA;0.3;NA;NA;NA;
21;2;0.56;0.32;0.47;NA;ND;0.49;0.56;NA;0.29;NA;NA;NA;
21;3;0.54;0.28;0.45;NA;ND;0.64;0.53;NA;0.3;NA;NA;NA;
21;4;0.5;0.28;0.47;NA;ND;0.58;0.59;NA;0.28;NA;NA;NA;
21;5;0.51;0.28;0.47;NA;ND;0.57;0.95;NA;0.31;NA;NA;NA;
21;6;0.6;0.48;0.55;NA;ND;0.53;0.99;NA;0.48;NA;NA;NA;
21;7;0.78;0.46;0.67;NA;ND;0.58;0.72;NA;0.57;NA;NA;NA;
21;8;0.9;0.65;1.22;NA;ND;0.85;0.93;NA;0.44;NA;NA;NA;
21;9;0.93;0.66;1.17;NA;ND;0.85;1.07;NA;0.32;NA;NA;NA;
21;10;0.54;0.47;0.85;NA;ND;0.97;0.92;NA;0.34;NA;NA;NA;
21;11;0.46;0.42;0.64;NA;ND;0.74;0.81;NA;0.39;NA;NA;NA;
21;12;0.5;0.4;0.65;NA;ND;0.66;0.8;NA;0.31;NA;NA;NA;
21;13;0.56;0.42;0.76;NA;ND;0.73;0.89;NA;0.28;NA;NA;NA;
21;14;0.43;0.38;0.72;NA;ND;0.72;0.83;NA;0.27;NA;NA;NA;
21;15;0.43;0.45;0.62;NA;ND;0.75;0.89;NA;0.27;NA;NA;NA;
21;16;0.45;0.56;0.88;NA;ND;0.65;0.77;NA;0.37;NA;NA;NA;
21;17;0.89;0.5;0.9;NA;ND;0.88;0.88;NA;0.44;NA;NA;NA;
21;18;1.03;0.59;0.97;NA;ND;1.09;1.41;NA;0.65;NA;NA;NA;
21;19;0.88;0.8;0.93;NA;ND;1.4;1.31;NA;0.88;NA;NA;NA;
21;20;1.38;1.21;1.05;NA;ND;0.91;1.92;NA;0.85;NA;NA;NA;
21;21;1.73;1.74;1.03;NA;ND;1.99;1.99;NA;0.98;NA;NA;NA;
21;22;1.54;1.47;0.94;NA;ND;1.3;0.86;NA;0.92;NA;NA;NA;
21;23;1.49;0.97;1.22;NA;ND;1.16;1.41;NA;0.79;NA;NA;NA;
22;0;ND;0.8;0.91;NA;ND;ND;ND;NA;0.68;NA;NA;NA;
22;1;1;0.94;0.76;NA;ND;1.33;1.28;NA;0.59;NA;NA;NA;
22;2;0.92;0.88;0.85;NA;ND;1.12;0.6;NA;0.59;NA;NA;NA;
22;3;0.7;0.61;0.88;NA;ND;0.88;0.69;NA;0.49;NA;NA;NA;
22;4;0.72;0.53;0.66;NA;ND;0.68;0.82;NA;0.49;NA;NA;NA;
22;5;0.8;0.57;0.57;NA;ND;0.73;1;NA;0.5;NA;NA;NA;
22;6;0.93;0.93;0.75;NA;ND;0.76;1.24;NA;0.71;NA;NA;NA;
22;7;0.81;0.83;0.85;NA;ND;0.64;1.09;NA;0.67;NA;NA;NA;
22;8;0.66;0.69;0.84;NA;ND;0.9;0.93;NA;0.56;NA;NA;NA;
22;9;0.7;0.53;0.9;NA;ND;0.67;1.02;NA;0.51;NA;NA;NA;
22;10;0.63;0.63;0.73;NA;ND;0.59;0.77;NA;0.45;NA;NA;NA;
22;11;0.58;0.47;0.73;NA;ND;0.64;0.62;NA;0.41;NA;NA;NA;
22;12;0.5;0.49;0.65;NA;ND;0.58;0.51;NA;0.39;NA;NA;NA;
22;13;0.5;0.41;0.59;NA;ND;0.58;0.49;NA;0.36;NA;NA;NA;
22;14;0.43;0.39;0.6;NA;ND;0.69;0.68;NA;0.33;NA;NA;NA;
22;15;0.41;0.3;0.73;NA;ND;0.56;0.73;NA;0.31;NA;NA;NA;
22;16;0.43;0.3;0.69;NA;ND;0.64;0.91;NA;0.42;NA;NA;NA;
22;17;0.48;0.42;0.7;NA;ND;0.65;0.78;NA;0.67;NA;NA;NA;
22;18;0.53;0.61;0.76;NA;ND;0.93;0.79;NA;0.6;NA;NA;NA;
22;19;0.81;0.54;1.13;NA;ND;1.27;0.85;NA;0.55;NA;NA;NA;
22;20;0.92;0.53;1.17;NA;ND;1.26;0.8;NA;0.82;NA;NA;NA;
22;21;0.79;0.75;0.76;NA;ND;0.91;0.8;NA;0.77;NA;NA;NA;
22;22;0.8;0.99;0.78;NA;ND;0.91;1.23;NA;0.77;NA;NA;NA;
22;23;0.88;0.76;0.71;NA;ND;0.79;1.18;NA;0.54;NA;NA;NA;
23;0;0.84;0.58;0.47;NA;ND;0.82;1.17;NA;ND;NA;NA;NA;
23;1;0.64;0.51;0.47;NA;ND;0.93;0.85;NA;0.4;NA;NA;NA;
23;2;0.56;0.52;0.51;NA;ND;0.79;0.87;NA;0.32;NA;NA;NA;
23;3;0.55;0.54;0.45;NA;ND;0.77;0.8;NA;0.34;NA;NA;NA;
23;4;0.58;0.53;0.47;NA;ND;0.76;1.12;NA;0.38;NA;NA;NA;
23;5;0.74;0.78;0.64;NA;ND;0.93;1.29;NA;0.41;NA;NA;NA;
23;6;1.91;1.74;1.51;NA;ND;1.77;1.64;NA;0.91;NA;NA;NA;
23;7;2.05;2.67;2.46;NA;ND;2.54;1.68;NA;0.99;NA;NA;NA;
23;8;1.67;1.25;2.15;NA;ND;2.32;1.07;NA;0.83;NA;NA;NA;
23;9;0.91;0.91;1.58;NA;ND;1.09;1.44;NA;0.75;NA;NA;NA;
23;10;0.59;0.63;ND;NA;ND;0.95;0.57;NA;0.65;NA;NA;NA;
23;11;0.56;0.54;1.35;NA;ND;1.07;0.83;NA;0.33;NA;NA;NA;
23;12;0.49;0.4;0.95;NA;ND;1;0.77;NA;0.3;NA;NA;NA;
23;13;0.44;0.41;ND;NA;ND;0.72;0.84;NA;0.4;NA;NA;NA;
23;14;0.47;0.3;ND;NA;ND;0.93;0.96;NA;0.52;NA;NA;NA;
23;15;0.42;0.31;1.42;NA;ND;1.03;0.83;NA;0.47;NA;NA;NA;
23;16;0.53;0.36;1.23;NA;ND;1.03;0.9;NA;0.49;NA;NA;NA;
23;17;0.72;0.39;1.19;NA;ND;1.02;1.27;NA;0.35;NA;NA;NA;
23;18;0.85;0.47;1.46;NA;ND;0.96;1.36;NA;0.33;NA;NA;NA;
23;19;0.81;0.43;1.81;NA;ND;1.33;1.03;NA;0.32;NA;NA;NA;
23;20;0.64;0.41;0.98;NA;ND;0.77;0.88;NA;0.29;NA;NA;NA;
23;21;0.69;0.33;0.89;NA;ND;0.71;0.87;NA;0.5;NA;NA;NA;
23;22;0.57;0.29;0.55;NA;ND;0.6;0.69;NA;0.38;NA;NA;NA;
23;23;0.49;0.23;0.46;NA;ND;0.47;0.62;NA;0.28;NA;NA;NA;
24;0;0.41;0.22;0.4;NA;ND;0.45;0.59;NA;0.3;NA;NA;NA;
24;1;0.38;0.21;0.31;NA;ND;0.44;0.58;NA;0.32;NA;NA;NA;
24;2;0.37;0.22;0.29;NA;ND;0.41;0.59;NA;0.46;NA;NA;NA;
24;3;0.38;0.24;0.29;NA;ND;0.38;0.51;NA;0.33;NA;NA;NA;
24;4;0.38;0.21;0.3;NA;ND;0.39;0.6;NA;0.42;NA;NA;NA;
24;5;0.46;0.27;0.35;NA;ND;0.44;0.6;NA;0.41;NA;NA;NA;
24;6;1.17;0.86;0.86;NA;ND;0.92;0.77;NA;0.73;NA;NA;NA;
24;7;1.04;0.72;1.32;NA;ND;1.1;0.93;NA;0.86;NA;NA;NA;
24;8;0.68;0.49;1.51;NA;ND;1.27;0.67;NA;0.5;NA;NA;NA;
24;9;0.75;0.45;1.3;NA;ND;1.06;0.6;NA;0.33;NA;NA;NA;
24;10;0.65;0.65;1.37;NA;ND;1.12;0.63;NA;0.25;NA;NA;NA;
24;11;0.64;0.74;1.3;NA;ND;1.27;0.67;NA;0.25;NA;NA;NA;
24;12;0.55;0.41;1;NA;ND;1.2;0.79;NA;0.23;NA;NA;NA;
24;13;0.49;0.34;0.78;NA;ND;ND;0.88;NA;0.28;NA;NA;NA;
24;14;0.46;0.29;0.75;NA;ND;ND;0.72;NA;0.24;NA;NA;NA;
24;15;0.45;0.32;0.83;NA;ND;0.68;0.8;NA;0.23;NA;NA;NA;
24;16;0.48;0.35;1.08;NA;ND;0.85;0.99;NA;0.44;NA;NA;NA;
24;17;0.62;0.41;1.4;NA;ND;1.07;0.93;NA;0.61;NA;NA;NA;
24;18;0.91;0.68;1.36;NA;ND;1.39;1.36;NA;0.6;NA;NA;NA;
24;19;0.72;0.85;1.26;NA;ND;1.12;1.08;NA;0.7;NA;NA;NA;
24;20;0.96;0.8;0.9;NA;ND;0.77;0.98;NA;0.62;NA;NA;NA;
24;21;1.2;0.72;0.68;NA;ND;0.69;1.17;NA;0.72;NA;NA;NA;
24;22;0.88;0.43;0.72;NA;ND;0.73;1;NA;0.49;NA;NA;NA;
24;23;0.56;0.27;0.51;NA;ND;0.43;0.68;NA;0.27;NA;NA;NA;
25;0;0.46;ND;ND;NA;ND;0.39;0.67;NA;0.23;NA;NA;NA;
25;1;0.43;0.23;0.36;NA;ND;0.39;0.62;NA;0.24;NA;NA;NA;
25;2;0.44;0.24;0.35;NA;ND;0.33;0.58;NA;0.22;NA;NA;NA;
25;3;0.46;0.32;0.4;NA;ND;0.35;0.57;NA;0.21;NA;NA;NA;
25;4;0.56;0.28;0.45;NA;ND;0.42;0.72;NA;0.2;NA;NA;NA;
25;5;0.74;0.52;0.75;NA;ND;0.87;1.04;NA;0.2;NA;NA;NA;
25;6;1.63;1.47;1.07;NA;ND;1.58;2.22;NA;0.23;NA;NA;NA;
25;7;1.69;2.11;2.2;NA;ND;2.34;2.88;NA;0.25;NA;NA;NA;
25;8;1.66;1.67;2;NA;ND;1.95;1.63;NA;0.27;NA;NA;NA;
25;9;1.58;1.1;1.51;NA;ND;0.94;1.7;NA;0.38;NA;NA;NA;
25;10;ND;0.74;1.09;NA;ND;0.73;0.53;NA;0.35;NA;NA;NA;
25;11;ND;0.53;0.72;NA;ND;0.59;0.55;NA;0.34;NA;NA;NA;
25;12;0.34;0.43;0.7;NA;ND;0.47;0.64;NA;0.31;NA;NA;NA;
25;13;0.33;0.33;0.64;NA;ND;0.5;0.84;NA;0.32;NA;NA;NA;
25;14;0.46;0.33;0.72;NA;ND;0.66;0.73;NA;0.37;NA;NA;NA;
25;15;0.47;0.35;0.59;NA;ND;0.66;0.76;NA;0.32;NA;NA;NA;
25;16;0.44;0.4;1.23;NA;ND;0.79;1.07;NA;0.37;NA;NA;NA;
25;17;0.48;0.47;2.1;NA;ND;1.04;1.07;NA;0.61;NA;NA;NA;
25;18;0.76;0.49;2.13;NA;ND;1.52;1.36;NA;0.65;NA;NA;NA;
25;19;0.86;0.45;1.26;NA;ND;1.26;1.17;NA;0.84;NA;NA;NA;
25;20;0.97;0.58;1.08;NA;ND;0.87;1.15;NA;0.66;NA;NA;NA;
25;21;0.79;0.59;1.16;NA;ND;0.9;0.98;NA;0.76;NA;NA;NA;
25;22;0.92;0.81;1.03;NA;ND;1;1.46;NA;0.62;NA;NA;NA;
25;23;0.81;0.67;0.93;NA;ND;1.1;1.42;NA;0.58;NA;NA;NA;
26;0;ND;0.61;1.01;NA;ND;ND;ND;NA;0.48;NA;NA;NA;
26;1;0.87;0.58;0.72;NA;ND;0.76;1;NA;0.46;NA;NA;NA;
26;2;0.75;0.51;0.69;NA;ND;0.56;0.65;NA;0.4;NA;NA;NA;
26;3;0.53;0.66;0.58;NA;ND;0.54;0.44;NA;0.37;NA;NA;NA;
26;4;0.59;0.7;0.42;NA;ND;0.42;0.47;NA;0.36;NA;NA;NA;
26;5;1.07;0.66;0.39;NA;ND;0.9;0.56;NA;0.66;NA;NA;NA;
26;6;1.22;1.46;1.66;NA;ND;1.48;0.82;NA;1.45;NA;NA;NA;
26;7;1.17;1.75;2.14;NA;ND;1.39;0.85;NA;1.2;NA;NA;NA;
26;8;0.62;0.44;1.92;NA;ND;1.18;0.64;NA;0.78;NA;NA;NA;
26;9;ND;0.31;1.9;NA;ND;0.97;0.49;NA;0.47;NA;NA;NA;
26;10;ND;0.34;0.82;NA;ND;0.73;0.5;NA;0.32;NA;NA;NA;
26;11;ND;0.39;0.72;NA;ND;0.46;0.55;NA;0.29;NA;NA;NA;
26;12;ND;0.42;0.66;NA;ND;0.46;0.55;NA;0.3;NA;NA;NA;
26;13;ND;0.38;0.63;NA;ND;0.38;0.55;NA;0.27;NA;NA;NA;
26;14;0.48;0.35;0.65;NA;ND;0.46;0.67;NA;0.28;NA;NA;NA;
26;15;0.48;0.31;0.61;NA;ND;0.58;0.68;NA;0.41;NA;NA;NA;
26;16;0.47;0.39;0.58;NA;ND;0.55;0.76;NA;0.51;NA;NA;NA;
26;17;0.5;0.39;0.66;NA;ND;0.81;1.15;NA;0.89;NA;NA;NA;
26;18;0.57;0.6;1.02;NA;ND;1.11;1.22;NA;0.77;NA;NA;NA;
26;19;0.67;0.48;1.22;NA;ND;1.05;1.06;NA;1.27;NA;NA;NA;
26;20;0.7;0.54;1.08;NA;ND;1.11;0.97;NA;1.05;NA;NA;NA;
26;21;0.79;0.43;0.97;NA;ND;0.93;0.91;NA;0.94;NA;NA;NA;
26;22;0.61;0.35;0.71;NA;ND;0.67;0.76;NA;1.08;NA;NA;NA;
26;23;0.61;0.36;0.64;NA;ND;0.49;0.67;NA;0.78;NA;NA;NA;
27;0;ND;0.29;0.51;NA;ND;0.5;0.6;NA;ND;NA;NA;NA;
27;1;0.51;0.29;0.45;NA;ND;0.44;0.59;NA;0.51;NA;NA;NA;
27;2;0.45;0.32;0.4;NA;ND;0.38;0.54;NA;0.5;NA;NA;NA;
27;3;0.45;0.29;0.43;NA;ND;0.51;0.7;NA;0.44;NA;NA;NA;
27;4;0.49;0.3;0.47;NA;ND;0.71;0.59;NA;0.45;NA;NA;NA;
27;5;0.64;0.45;0.85;NA;ND;0.7;0.58;NA;0.53;NA;NA;NA;
27;6;1.11;0.71;2;NA;ND;1.04;0.76;NA;1.09;NA;NA;NA;
27;7;1.02;0.92;1.19;NA;ND;1.01;0.79;NA;1.35;NA;NA;NA;
27;8;1.02;0.74;1.15;NA;ND;0.72;0.67;NA;1.07;NA;NA;NA;
27;9;0.83;0.6;0.91;NA;ND;0.61;0.79;NA;0.72;NA;NA;NA;
27;10;0.66;0.42;0.7;NA;ND;0.59;0.66;NA;0.55;NA;NA;NA;
27;11;0.48;0.35;0.65;NA;ND;0.54;0.61;NA;0.42;NA;NA;NA;
27;12;0.39;0.39;0.59;NA;ND;0.5;0.58;NA;0.35;NA;NA;NA;
27;13;0.54;0.35;0.73;NA;ND;0.43;0.5;NA;0.39;NA;NA;NA;
27;14;0.48;0.34;0.57;NA;ND;0.63;0.78;NA;0.34;NA;NA;NA;
27;15;0.49;0.35;0.75;NA;ND;0.64;0.88;NA;0.45;NA;NA;NA;
27;16;0.52;0.37;1.1;NA;ND;0.73;0.83;NA;0.65;NA;NA;NA;
27;17;0.56;0.39;1.15;NA;ND;0.78;1.17;NA;1.06;NA;NA;NA;
27;18;0.67;0.48;1.51;NA;ND;0.78;1.38;NA;1.06;NA;NA;NA;
27;19;0.85;0.47;1.59;NA;ND;1.04;1.26;NA;0.75;NA;NA;NA;
27;20;0.96;0.41;1.31;NA;ND;1.12;0.91;NA;0.43;NA;NA;NA;
27;21;0.81;0.73;1;NA;ND;0.9;0.77;NA;0.5;NA;NA;NA;
27;22;0.83;0.72;0.94;NA;ND;0.86;0.85;NA;0.83;NA;NA;NA;
27;23;0.84;0.63;0.74;NA;ND;1.14;0.84;NA;0.56;NA;NA;NA;
28;0;0.76;0.55;0.59;NA;ND;0.76;0.67;NA;0.47;NA;NA;NA;
28;1;0.7;0.44;0.59;NA;ND;0.67;0.85;NA;0.48;NA;NA;NA;
28;2;0.63;0.35;0.51;NA;ND;0.6;0.92;NA;0.4;NA;NA;NA;
28;3;0.54;0.37;0.58;NA;ND;0.56;0.63;NA;0.37;NA;NA;NA;
28;4;0.63;0.47;0.6;NA;ND;0.66;0.57;NA;0.38;NA;NA;NA;
28;5;0.95;0.46;0.49;NA;ND;0.78;0.7;NA;0.49;NA;NA;NA;
28;6;1.1;0.75;0.96;NA;ND;1.78;1.11;NA;0.86;NA;NA;NA;
28;7;1.31;1.06;1.13;NA;ND;1.39;0.98;NA;1.22;NA;NA;NA;
28;8;1.25;0.8;1.28;NA;ND;1.03;0.66;NA;0.91;NA;NA;NA;
28;9;1.04;0.76;0.94;NA;ND;0.98;0.6;NA;0.74;NA;NA;NA;
28;10;0.77;0.61;1.03;NA;ND;0.86;0.67;NA;0.46;NA;NA;NA;
28;11;0.63;0.5;0.85;NA;ND;0.88;0.8;NA;0.41;NA;NA;NA;
28;12;0.59;0.46;0.75;NA;ND;0.73;0.95;NA;0.37;NA;NA;NA;
28;13;0.55;0.42;0.81;NA;ND;0.68;1.18;NA;0.31;NA;NA;NA;
28;14;0.55;0.43;1.04;NA;ND;0.82;0.87;NA;0.35;NA;NA;NA;
28;15;0.73;0.52;1.35;NA;ND;1.02;1.12;NA;0.42;NA;NA;NA;
28;16;0.84;0.92;1.55;NA;ND;1.5;1.44;NA;0.4;NA;NA;NA;
28;17;0.86;0.92;1.29;NA;ND;1.54;1.24;NA;0.57;NA;NA;NA;
28;18;0.8;1.19;1.28;NA;ND;1.41;1.19;NA;0.81;NA;NA;NA;
28;19;1.12;1.17;1.19;NA;ND;2.06;1.33;NA;0.59;NA;NA;NA;
28;20;1.18;0.87;1.13;NA;ND;2.23;1.8;NA;0.64;NA;NA;NA;
28;21;1.21;0.9;1.34;NA;ND;1.84;2.25;NA;0.67;NA;NA;NA;
28;22;1.04;0.85;0.98;NA;ND;1.43;0.9;NA;0.4;NA;NA;NA;
28;23;1.09;0.8;1.09;NA;ND;1.26;0.9;NA;0.31;NA;NA;NA;
29;0;0.98;ND;ND;NA;ND;1.37;0.73;NA;0.39;NA;NA;NA;
29;1;0.88;0.62;1.21;NA;ND;1.34;1.08;NA;0.4;NA;NA;NA;
29;2;0.92;0.72;1.02;NA;ND;1.56;1.38;NA;0.38;NA;NA;NA;
29;3;0.94;0.79;0.86;NA;ND;1.1;0.8;NA;0.41;NA;NA;NA;
29;4;0.95;0.72;0.96;NA;ND;1.27;1.1;NA;0.41;NA;NA;NA;
29;5;0.89;0.67;1.03;NA;ND;1.2;1.35;NA;0.44;NA;NA;NA;
29;6;0.87;0.8;1.07;NA;ND;1.52;1.45;NA;0.7;NA;NA;NA;
29;7;0.92;0.89;1.25;NA;ND;1.36;0.72;NA;0.65;NA;NA;NA;
29;8;0.73;0.59;1.11;NA;ND;1.05;1.11;NA;0.53;NA;NA;NA;
29;9;0.73;0.63;0.93;NA;ND;0.83;1.04;NA;0.45;NA;NA;NA;
29;10;0.69;0.54;0.52;NA;ND;0.67;0.66;NA;0.32;NA;NA;NA;
29;11;0.5;0.44;0.5;NA;ND;0.48;0.59;NA;0.26;NA;NA;NA;
29;12;0.46;0.42;0.48;NA;ND;0.49;0.59;NA;0.28;NA;NA;NA;
29;13;0.57;0.44;0.48;NA;ND;0.51;0.62;NA;0.28;NA;NA;NA;
29;14;0.55;0.36;0.45;NA;ND;0.6;0.79;NA;0.35;NA;NA;NA;
29;15;0.55;0.36;0.47;NA;ND;0.59;0.88;NA;0.48;NA;NA;NA;
29;16;0.57;0.36;0.41;NA;ND;0.68;1.03;NA;0.56;NA;NA;NA;
29;17;0.58;0.38;0.46;NA;ND;0.98;1.13;NA;0.82;NA;NA;NA;
29;18;0.65;0.45;0.69;NA;ND;1.05;1.02;NA;0.89;NA;NA;NA;
29;19;0.71;0.57;0.89;NA;ND;0.91;1.18;NA;0.69;NA;NA;NA;
29;20;0.79;0.49;0.69;NA;ND;0.79;0.83;NA;0.6;NA;NA;NA;
29;21;0.65;0.35;0.73;NA;ND;0.74;0.7;NA;0.89;NA;NA;NA;
29;22;0.87;0.4;0.78;NA;ND;0.82;0.68;NA;0.71;NA;NA;NA;
29;23;0.75;0.54;0.55;NA;ND;0.87;0.56;NA;0.56;NA;NA;NA;
30;0;0.66;0.53;0.56;NA;ND;ND;ND;NA;0.38;NA;NA;NA;
30;1;0.69;0.43;0.52;NA;ND;0.51;0.51;NA;0.3;NA;NA;NA;
30;2;0.64;0.4;0.44;NA;ND;0.45;0.51;NA;0.34;NA;NA;NA;
30;3;0.55;0.39;0.39;NA;ND;0.54;0.5;NA;0.33;NA;NA;NA;
30;4;0.53;0.39;0.47;NA;ND;0.7;0.53;NA;0.42;NA;NA;NA;
30;5;0.7;0.51;0.59;NA;ND;0.83;0.61;NA;0.51;NA;NA;NA;
30;6;1.23;1.6;1.39;NA;ND;1.96;1.05;NA;0.88;NA;NA;NA;
30;7;1.15;1.77;1.86;NA;ND;1.56;1.12;NA;0.85;NA;NA;NA;
30;8;1.07;0.84;1.35;NA;ND;1.15;0.86;NA;0.66;NA;NA;NA;
30;9;0.78;0.66;1.22;NA;ND;ND;0.72;NA;0.58;NA;NA;NA;
30;10;0.53;0.61;0.89;NA;ND;ND;0.69;NA;0.6;NA;NA;NA;
30;11;0.52;0.53;0.86;NA;ND;0.36;0.62;NA;0.42;NA;NA;NA;
30;12;0.49;0.44;0.74;NA;ND;0.44;0.61;NA;0.36;NA;NA;NA;
30;13;0.48;0.47;0.65;NA;ND;0.43;0.56;NA;0.4;NA;NA;NA;
30;14;0.45;0.4;0.69;NA;ND;0.42;0.56;NA;0.38;NA;NA;NA;
30;15;0.52;0.44;0.76;NA;ND;0.48;0.68;NA;0.44;NA;NA;NA;
30;16;0.53;0.4;0.79;NA;ND;0.47;0.7;NA;0.47;NA;NA;NA;
30;17;0.65;0.41;0.73;NA;ND;0.58;0.73;NA;0.57;NA;NA;NA;
30;18;0.92;0.54;0.85;NA;ND;0.8;0.85;NA;0.5;NA;NA;NA;
30;19;1.01;0.58;1.26;NA;ND;1.33;0.87;NA;0.48;NA;NA;NA;
30;20;1.42;0.63;0.82;NA;ND;0.79;0.99;NA;0.58;NA;NA;NA;
30;21;1.26;0.99;0.91;NA;ND;0.77;1.55;NA;0.64;NA;NA;NA;
30;22;1.18;0.9;0.55;NA;ND;0.95;1.34;NA;0.84;NA;NA;NA;
30;23;0.76;0.62;0.74;NA;ND;0.7;0.71;NA;0.73;NA;NA;NA;
