DIA;HORA;Cotocollao;Carapungo;Belisario;Jipijapa;El Camal;Centro;Guamaní;Tumbaco;Los Chillos;El Condado;Turubamba;Chillogallo;
1;0;2.29;12.26;23.04;NA;ND;7.4;NA;NA;36.11;NA;NA;NA;
1;1;10.57;26.32;18.88;NA;ND;21.17;NA;NA;18.38;NA;NA;NA;
1;2;12.44;9.98;16.58;NA;ND;7.46;NA;NA;9.87;NA;NA;NA;
1;3;5.95;16.53;12.73;NA;ND;5.27;NA;NA;26.07;NA;NA;NA;
1;4;8.05;17.77;7.66;NA;ND;5.52;NA;NA;21.01;NA;NA;NA;
1;5;12.35;32.21;7.67;NA;ND;7.83;NA;NA;15.87;NA;NA;NA;
1;6;42.08;80.18;16.11;NA;ND;15.88;NA;NA;23.66;NA;NA;NA;
1;7;30.49;33.47;26.79;NA;ND;9.44;NA;NA;18.16;NA;NA;NA;
1;8;17.68;13.57;23.26;NA;ND;4.11;NA;NA;30.84;NA;NA;NA;
1;9;17.65;7.32;14.35;NA;ND;1.84;NA;NA;40.48;NA;NA;NA;
1;10;19.51;6.18;1.69;NA;ND;1.89;NA;NA;38.38;NA;NA;NA;
1;11;10.16;13.2;8.77;NA;ND;10.13;NA;NA;26.8;NA;NA;NA;
1;12;20.48;10.31;12.69;NA;ND;7.94;NA;NA;0.76;NA;NA;NA;
1;13;9.93;11.83;3.88;NA;ND;6.06;NA;NA;1.11;NA;NA;NA;
1;14;11.84;12.04;13.36;NA;ND;6.36;NA;NA;10.52;NA;NA;NA;
1;15;7.57;13.97;9.62;NA;ND;11.11;NA;NA;7.84;NA;NA;NA;
1;16;12.21;11.67;11.04;NA;ND;21.12;NA;NA;9.32;NA;NA;NA;
1;17;ND;11.41;9.4;NA;ND;6.86;NA;NA;12.51;NA;NA;NA;
1;18;8.6;19.37;7.2;NA;ND;12.51;NA;NA;20.18;NA;NA;NA;
1;19;12.43;11.27;8.61;NA;ND;13.33;NA;NA;11.56;NA;NA;NA;
1;20;6.12;8.64;13.27;NA;ND;9.71;NA;NA;8.9;NA;NA;NA;
1;21;6.07;6.82;1.8;NA;ND;4.86;NA;NA;12.05;NA;NA;NA;
1;22;9;6.9;6.9;NA;ND;7.24;NA;NA;8.44;NA;NA;NA;
1;23;2.73;1.84;2.54;NA;ND;3.83;NA;NA;ND;NA;NA;NA;
2;0;4.68;10.38;4.11;NA;ND;2.31;NA;NA;10.66;NA;NA;NA;
2;1;2.94;5.28;5.46;NA;ND;9.74;NA;NA;9.63;NA;NA;NA;
2;2;2.34;2.98;6.18;NA;ND;2.82;NA;NA;11.18;NA;NA;NA;
2;3;7.56;6.29;2.96;NA;ND;5.59;NA;NA;9.37;NA;NA;NA;
2;4;8.34;9.3;4.36;NA;ND;8.53;NA;NA;3.67;NA;NA;NA;
2;5;6.49;8.42;0.93;NA;ND;8.88;NA;NA;17.23;NA;NA;NA;
2;6;14.76;16.11;14.91;NA;ND;19.88;NA;NA;5.02;NA;NA;NA;
2;7;9.57;8.47;16.14;NA;ND;24.3;NA;NA;22.67;NA;NA;NA;
2;8;13.04;10.89;17.7;NA;ND;12.14;NA;NA;15.89;NA;NA;NA;
2;9;15.81;2.41;6.69;NA;ND;3.64;NA;NA;12.78;NA;NA;NA;
2;10;7.22;11.07;7.44;NA;ND;3.4;NA;NA;6.81;NA;NA;NA;
2;11;3.53;14.9;3.18;NA;ND;0.79;NA;NA;0.67;NA;NA;NA;
2;12;14.23;12.46;3.92;NA;ND;4.92;NA;NA;9.21;NA;NA;NA;
2;13;12.77;11.51;10.43;NA;ND;7.28;NA;NA;5.99;NA;NA;NA;
2;14;8.18;8.64;8.56;NA;ND;13.26;NA;NA;2.67;NA;NA;NA;
2;15;9.89;7.92;6.9;NA;ND;1.72;NA;NA;10.96;NA;NA;NA;
2;16;10.35;20.65;15.92;NA;ND;4.48;NA;NA;7.99;NA;NA;NA;
2;17;19.24;17.65;14.22;NA;ND;18.97;NA;NA;21.27;NA;NA;NA;
2;18;15.86;25.76;17.66;NA;ND;19.97;NA;NA;10.72;NA;NA;NA;
2;19;12.77;13.78;12.9;NA;ND;18.94;NA;NA;7.95;NA;NA;NA;
2;20;15.99;18.26;12.18;NA;ND;14.29;NA;NA;8.88;NA;NA;NA;
2;21;17.36;13.7;8.37;NA;ND;15.54;NA;NA;15.48;NA;NA;NA;
2;22;23.56;22.07;16.56;NA;ND;12.39;NA;NA;1.93;NA;NA;NA;
2;23;17.46;19.66;8.03;NA;ND;7.68;NA;NA;ND;NA;NA;NA;
3;0;6.91;24.29;3.04;NA;ND;7.22;NA;NA;11.58;NA;NA;NA;
3;1;9.94;24.5;3.75;NA;ND;7.27;NA;NA;5;NA;NA;NA;
3;2;13.2;20.95;11.41;NA;ND;10.14;NA;NA;15.62;NA;NA;NA;
3;3;15.06;25.4;9.17;NA;ND;6.36;NA;NA;8.51;NA;NA;NA;
3;4;8.34;24.39;5.42;NA;ND;7.25;NA;NA;9.04;NA;NA;NA;
3;5;18.67;38.78;12.76;NA;ND;10.02;NA;NA;21.05;NA;NA;NA;
3;6;26.1;120.23;13.46;NA;ND;24.3;NA;NA;11.9;NA;NA;NA;
3;7;62.21;73.83;29.25;NA;ND;15.08;NA;NA;34.73;NA;NA;NA;
3;8;ND;27.65;28.16;NA;ND;6.42;NA;NA;14.3;NA;NA;NA;
3;9;39.93;20.26;22.6;NA;ND;9.78;NA;NA;23.13;NA;NA;NA;
3;10;22.77;9.55;18.64;NA;ND;6.87;NA;NA;12.25;NA;NA;NA;
3;11;19.43;8.25;8.77;NA;ND;1.68;NA;NA;28.46;NA;NA;NA;
3;12;16.93;7.17;8.15;NA;ND;7.65;NA;NA;11.6;NA;NA;NA;
3;13;19.58;12.67;4.04;NA;ND;8.3;NA;NA;38.69;NA;NA;NA;
3;14;13;22.88;12.53;NA;ND;12.25;NA;NA;7.78;NA;NA;NA;
3;15;19.46;14.77;16.84;NA;ND;20.23;NA;NA;6.97;NA;NA;NA;
3;16;9.54;15.79;16.2;NA;ND;15.48;NA;NA;22.27;NA;NA;NA;
3;17;14.2;20.83;14.68;NA;ND;13.76;NA;NA;11.98;NA;NA;NA;
3;18;18.46;23.93;16.95;NA;ND;15.18;NA;NA;15.6;NA;NA;NA;
3;19;19.19;19.99;21.62;NA;ND;16.48;NA;NA;50.59;NA;NA;NA;
3;20;19.72;25.69;10.17;NA;ND;14.35;NA;NA;9.88;NA;NA;NA;
3;21;23.13;24.28;14.8;NA;ND;9.56;NA;NA;53.36;NA;NA;NA;
3;22;16.52;22.25;13.33;NA;ND;15.24;NA;NA;20.93;NA;NA;NA;
3;23;14.06;21.12;20.62;NA;ND;24.25;NA;NA;ND;NA;NA;NA;
4;0;25.57;25.49;31.25;NA;ND;31.39;NA;NA;20.12;NA;NA;NA;
4;1;24.31;22.12;20.08;NA;ND;25.03;NA;NA;17.76;NA;NA;NA;
4;2;19.6;23.09;15.28;NA;ND;19.79;NA;NA;7.02;NA;NA;NA;
4;3;21.72;24.75;22.69;NA;ND;17.8;NA;NA;27.13;NA;NA;NA;
4;4;27.06;23.92;11.64;NA;ND;14.86;NA;NA;12.46;NA;NA;NA;
4;5;24.81;31.93;14.41;NA;ND;13.61;NA;NA;31.23;NA;NA;NA;
4;6;40.27;42.95;19.98;NA;ND;24.79;NA;NA;33.71;NA;NA;NA;
4;7;52.24;43.94;31.98;NA;ND;39.86;NA;NA;29.43;NA;NA;NA;
4;8;39.46;24.7;31.07;NA;ND;16.83;NA;NA;12.49;NA;NA;NA;
4;9;37.74;23.76;28.53;NA;ND;7.81;NA;NA;31.46;NA;NA;NA;
4;10;33.52;39.25;8.15;NA;ND;9.39;NA;NA;27.56;NA;NA;NA;
4;11;26.03;26.02;7.24;NA;ND;2.23;NA;NA;9.66;NA;NA;NA;
4;12;21.08;22.12;6.48;NA;ND;6.86;NA;NA;18.7;NA;NA;NA;
4;13;22.12;31.24;10.07;NA;ND;14.7;NA;NA;1.31;NA;NA;NA;
4;14;19.21;28.6;21.69;NA;ND;26.16;NA;NA;21.51;NA;NA;NA;
4;15;22.4;22.81;17.34;NA;ND;12.91;NA;NA;1.79;NA;NA;NA;
4;16;14.4;22.45;22.83;NA;ND;21.76;NA;NA;36.32;NA;NA;NA;
4;17;29.28;26.26;22.93;NA;ND;18.04;NA;NA;37.22;NA;NA;NA;
4;18;10.35;22.22;18.47;NA;ND;24.06;NA;NA;20.45;NA;NA;NA;
4;19;29.54;19.44;25.56;NA;ND;26.65;NA;NA;23.42;NA;NA;NA;
4;20;24.04;21.16;29.62;NA;ND;32.68;NA;NA;21.22;NA;NA;NA;
4;21;28.38;21.3;24.69;NA;ND;33.27;NA;NA;20.2;NA;NA;NA;
4;22;16.16;21.68;14.5;NA;ND;10.51;NA;NA;24.59;NA;NA;NA;
4;23;22.43;24.5;15.54;NA;ND;20.33;NA;NA;ND;NA;NA;NA;
5;0;21.24;27.98;22.36;NA;ND;16.66;NA;NA;32.64;NA;NA;NA;
5;1;26.67;21.63;24.38;NA;ND;21.77;NA;NA;16.33;NA;NA;NA;
5;2;19.68;11.55;18.16;NA;ND;26.31;NA;NA;3.78;NA;NA;NA;
5;3;13.01;15.84;19.89;NA;ND;17;NA;NA;28.52;NA;NA;NA;
5;4;14.11;16.62;13.54;NA;ND;18;NA;NA;9.24;NA;NA;NA;
5;5;18.47;11.15;15.38;NA;ND;13.77;NA;NA;8.64;NA;NA;NA;
5;6;24.95;21.95;11.35;NA;ND;23.42;NA;NA;32.26;NA;NA;NA;
5;7;15.22;24.09;24.03;NA;ND;21.11;NA;NA;5.34;NA;NA;NA;
5;8;23.64;13.4;18;NA;ND;2.62;NA;NA;15.52;NA;NA;NA;
5;9;20.11;19.85;20.77;NA;ND;10.31;NA;NA;9.83;NA;NA;NA;
5;10;24.3;14.16;7.61;NA;ND;5.25;NA;NA;42.6;NA;NA;NA;
5;11;18.37;14.48;6.52;NA;ND;9.41;NA;NA;9.79;NA;NA;NA;
5;12;7.95;9.72;3.63;NA;ND;8.29;NA;NA;8.22;NA;NA;NA;
5;13;9.5;20.01;5.64;NA;ND;1.77;NA;NA;23.1;NA;NA;NA;
5;14;18.72;12.8;7.64;NA;ND;7.58;NA;NA;15.21;NA;NA;NA;
5;15;8.91;16.4;7.6;NA;ND;10.83;NA;NA;23.43;NA;NA;NA;
5;16;17.52;15.21;9.08;NA;ND;14.04;NA;NA;3.39;NA;NA;NA;
5;17;17.43;21.7;16.72;NA;ND;16.01;NA;NA;20.62;NA;NA;NA;
5;18;7.52;14.96;14.63;NA;ND;17.44;NA;NA;10.04;NA;NA;NA;
5;19;17.75;18.86;11.18;NA;ND;14.77;NA;NA;11.32;NA;NA;NA;
5;20;20.44;19.07;12.27;NA;ND;17.01;NA;NA;29.74;NA;NA;NA;
5;21;15.6;20.72;19.5;NA;ND;27.21;NA;NA;4.32;NA;NA;NA;
5;22;19.33;17.65;13.2;NA;ND;19.86;NA;NA;33.99;NA;NA;NA;
5;23;14.42;30.88;4.08;NA;ND;21.02;NA;NA;ND;NA;NA;NA;
6;0;16.86;17.79;17.47;NA;ND;30.03;NA;NA;7.23;NA;NA;NA;
6;1;16.15;23.82;18.03;NA;ND;17.91;NA;NA;19.86;NA;NA;NA;
6;2;20.48;27.83;13.09;NA;ND;17.41;NA;NA;10.14;NA;NA;NA;
6;3;20.86;19.78;4.55;NA;ND;17.02;NA;NA;24.65;NA;NA;NA;
6;4;20.12;18.38;15.9;NA;ND;8.88;NA;NA;19.64;NA;NA;NA;
6;5;17.85;30.55;10.83;NA;ND;5.83;NA;NA;16.65;NA;NA;NA;
6;6;21.77;44.08;9.76;NA;ND;13.05;NA;NA;9.77;NA;NA;NA;
6;7;11.68;28.24;1.17;NA;ND;3.43;NA;NA;12.77;NA;NA;NA;
6;8;24.86;4.72;5.69;NA;ND;1.87;NA;NA;9.57;NA;NA;NA;
6;9;5.6;11.07;6.9;NA;ND;0.61;NA;NA;4.21;NA;NA;NA;
6;10;9.7;5.36;1.99;NA;ND;0.44;NA;NA;10.78;NA;NA;NA;
6;11;12.4;6.07;5.14;NA;ND;0.94;NA;NA;13.34;NA;NA;NA;
6;12;11.27;7.36;1.99;NA;ND;7.42;NA;NA;6.5;NA;NA;NA;
6;13;23.77;30.37;7.05;NA;ND;2.6;NA;NA;6.34;NA;NA;NA;
6;14;9.62;18.57;9.75;NA;ND;16.33;NA;NA;15.14;NA;NA;NA;
6;15;15.31;11.25;19.41;NA;ND;17.49;NA;NA;19.18;NA;NA;NA;
6;16;13.8;20.89;10.44;NA;ND;17.63;NA;NA;17.23;NA;NA;NA;
6;17;13.22;23.03;8.53;NA;ND;19.11;NA;NA;13.81;NA;NA;NA;
6;18;3.36;18.96;13.99;NA;ND;16.91;NA;NA;18.98;NA;NA;NA;
6;19;12.27;21.22;14.23;NA;ND;9.76;NA;NA;7.93;NA;NA;NA;
6;20;12.09;17.83;11.3;NA;ND;14.95;NA;NA;9.66;NA;NA;NA;
6;21;14.61;16.83;15.05;NA;ND;15.05;NA;NA;8.76;NA;NA;NA;
6;22;11.69;28.08;16.96;NA;ND;15.05;NA;NA;41.07;NA;NA;NA;
6;23;19.84;17.01;15.22;NA;ND;15.23;NA;NA;ND;NA;NA;NA;
7;0;16.03;24.02;14.06;NA;ND;13.77;NA;NA;16.32;NA;NA;NA;
7;1;22.77;29.47;14.77;NA;ND;17.12;NA;NA;12.31;NA;NA;NA;
7;2;28.28;30.06;16.9;NA;ND;8.15;NA;NA;6.96;NA;NA;NA;
7;3;21.39;50.96;2.9;NA;ND;9.13;NA;NA;22.91;NA;NA;NA;
7;4;25.35;20.02;8.15;NA;ND;5.94;NA;NA;10.56;NA;NA;NA;
7;5;30.81;28.94;5.41;NA;ND;8.16;NA;NA;13.04;NA;NA;NA;
7;6;40.23;65.8;1.86;NA;ND;13.91;NA;NA;18.66;NA;NA;NA;
7;7;31.3;60.1;17.39;NA;ND;11;NA;NA;35.31;NA;NA;NA;
7;8;33.66;21.92;14.55;NA;ND;9.47;NA;NA;20.25;NA;NA;NA;
7;9;8.77;16.49;7.64;NA;ND;5.11;NA;NA;15.88;NA;NA;NA;
7;10;10.51;12.23;1.66;NA;ND;4.01;NA;NA;2.33;NA;NA;NA;
7;11;6.38;6.21;10.32;NA;ND;1.45;NA;NA;38.29;NA;NA;NA;
7;12;9.35;10.65;5.35;NA;ND;16.33;NA;NA;2.75;NA;NA;NA;
7;13;22.67;19.63;3.24;NA;ND;3.5;NA;NA;20.84;NA;NA;NA;
7;14;10.85;37.87;14.37;NA;ND;ND;NA;NA;7.44;NA;NA;NA;
7;15;14.72;46.71;13.39;NA;ND;17.84;NA;NA;16.89;NA;NA;NA;
7;16;15.8;14.98;15.41;NA;ND;19.45;NA;NA;8.77;NA;NA;NA;
7;17;7.37;16.86;20.84;NA;ND;8.29;NA;NA;18.6;NA;NA;NA;
7;18;12.58;15.64;14.21;NA;ND;13.45;NA;NA;14.56;NA;NA;NA;
7;19;9.74;16.5;20.26;NA;ND;16.58;NA;NA;23.38;NA;NA;NA;
7;20;9.51;12.72;19.11;NA;ND;21.13;NA;NA;16.24;NA;NA;NA;
7;21;14.17;10.33;20.54;NA;ND;16.89;NA;NA;19.78;NA;NA;NA;
7;22;10.74;11.63;16.27;NA;ND;16.65;NA;NA;11.28;NA;NA;NA;
7;23;15.9;9.84;15.94;NA;ND;15.38;NA;NA;ND;NA;NA;NA;
8;0;18.4;18.23;18.42;NA;ND;35.28;NA;NA;45.17;NA;NA;NA;
8;1;14.8;20.8;21.24;NA;ND;23.42;NA;NA;10.99;NA;NA;NA;
8;2;18.28;15.21;24.89;NA;ND;23.16;NA;NA;6.06;NA;NA;NA;
8;3;17.02;13.62;15.53;NA;ND;14.38;NA;NA;4.2;NA;NA;NA;
8;4;16.94;19.38;13.64;NA;ND;17.28;NA;NA;11.3;NA;NA;NA;
8;5;24.24;22.93;23.32;NA;ND;19.71;NA;NA;25.13;NA;NA;NA;
8;6;32.16;36.43;23.65;NA;ND;30.14;NA;NA;26.75;NA;NA;NA;
8;7;36.34;45.59;31.64;NA;ND;26.37;NA;NA;37.4;NA;NA;NA;
8;8;49.66;33.73;44.31;NA;ND;39.23;NA;NA;24.93;NA;NA;NA;
8;9;41.88;25.83;22.97;NA;ND;8.95;NA;NA;15.87;NA;NA;NA;
8;10;19.51;16.02;8.39;NA;ND;11.13;NA;NA;11.2;NA;NA;NA;
8;11;26.49;12;5.03;NA;ND;4.67;NA;NA;32.36;NA;NA;NA;
8;12;16.82;19.88;8.62;NA;ND;11.65;NA;NA;17.83;NA;NA;NA;
8;13;9.66;20.79;18.94;NA;ND;24.76;NA;NA;9.04;NA;NA;NA;
8;14;13.28;14.67;10.61;NA;ND;11.67;NA;NA;9.26;NA;NA;NA;
8;15;15.53;20.42;17.47;NA;ND;16.2;NA;NA;38.22;NA;NA;NA;
8;16;15.73;22.11;20.55;NA;ND;28.44;NA;NA;40.28;NA;NA;NA;
8;17;8.43;18.23;18.01;NA;ND;22.16;NA;NA;5.71;NA;NA;NA;
8;18;7.09;19.03;14.44;NA;ND;21.63;NA;NA;23.17;NA;NA;NA;
8;19;16.73;17.04;25.54;NA;ND;27.03;NA;NA;15.23;NA;NA;NA;
8;20;ND;13.6;19.91;NA;ND;23.36;NA;NA;12.01;NA;NA;NA;
8;21;21.65;12.72;17.1;NA;ND;21.84;NA;NA;32.65;NA;NA;NA;
8;22;24.17;21.28;20.61;NA;ND;22.44;NA;NA;22.8;NA;NA;NA;
8;23;17.2;16.74;12.78;NA;ND;11.81;NA;NA;ND;NA;NA;NA;
9;0;9.57;11.96;25.36;NA;ND;9.3;NA;NA;25.64;NA;NA;NA;
9;1;12.57;15.95;11.06;NA;ND;26.51;NA;NA;16.63;NA;NA;NA;
9;2;13.05;22.04;25.79;NA;ND;19.4;NA;NA;30.56;NA;NA;NA;
9;3;15.71;20.43;23.11;NA;ND;20.49;NA;NA;15.16;NA;NA;NA;
9;4;18.37;19.41;21.02;NA;ND;20.15;NA;NA;14.83;NA;NA;NA;
9;5;21.46;30.2;20.9;NA;ND;24.49;NA;NA;4.85;NA;NA;NA;
9;6;45.17;44.03;15.62;NA;ND;27.87;NA;NA;44.35;NA;NA;NA;
9;7;40.48;42.69;44.85;NA;ND;36.19;NA;NA;20.81;NA;NA;NA;
9;8;43.65;36.68;43.78;NA;ND;35.01;NA;NA;20.62;NA;NA;NA;
9;9;25.64;22.13;39.22;NA;ND;16.16;NA;NA;32.87;NA;NA;NA;
9;10;24.72;8.05;19.99;NA;ND;5.53;NA;NA;26.39;NA;NA;NA;
9;11;11.98;17.11;10.62;NA;ND;14.7;NA;NA;10.33;NA;NA;NA;
9;12;10.65;7.49;11.64;NA;ND;8.35;NA;NA;6.16;NA;NA;NA;
9;13;13.4;9.92;4.44;NA;ND;2.27;NA;NA;0.08;NA;NA;NA;
9;14;7.62;16.67;13.19;NA;ND;10.4;NA;NA;33.3;NA;NA;NA;
9;15;11.3;12.68;12.91;NA;ND;11.98;NA;NA;21.28;NA;NA;NA;
9;16;19.17;16.85;15.76;NA;ND;14.74;NA;NA;22.66;NA;NA;NA;
9;17;20.11;23.28;12.79;NA;ND;13.59;NA;NA;16.52;NA;NA;NA;
9;18;9.2;23.83;16.7;NA;ND;24.5;NA;NA;2.93;NA;NA;NA;
9;19;10;12.46;11.23;NA;ND;19.05;NA;NA;34.33;NA;NA;NA;
9;20;13.22;21.08;16.55;NA;ND;25.1;NA;NA;11.41;NA;NA;NA;
9;21;15.01;13.32;16.21;NA;ND;20.55;NA;NA;18.97;NA;NA;NA;
9;22;24.62;10.36;15.52;NA;ND;19.25;NA;NA;17.3;NA;NA;NA;
9;23;12.93;15.65;13.67;NA;ND;13.27;NA;NA;ND;NA;NA;NA;
10;0;23.68;21.87;18.73;NA;ND;16.31;NA;NA;21.05;NA;NA;NA;
10;1;15.49;14.78;11.88;NA;ND;14.4;NA;NA;17.08;NA;NA;NA;
10;2;11.23;13.94;7.34;NA;ND;15.49;NA;NA;4.3;NA;NA;NA;
10;3;6.28;16.23;7.86;NA;ND;12.48;NA;NA;36.6;NA;NA;NA;
10;4;8.81;15.61;11.52;NA;ND;12.03;NA;NA;6.78;NA;NA;NA;
10;5;11.13;19.15;6.52;NA;ND;17.76;NA;NA;11.43;NA;NA;NA;
10;6;27.19;79.42;18.55;NA;ND;32.42;NA;NA;31.96;NA;NA;NA;
10;7;34.66;98.63;35.1;NA;ND;41.7;NA;NA;23.81;NA;NA;NA;
10;8;26.89;50.34;37.06;NA;ND;37.43;NA;NA;40.06;NA;NA;NA;
10;9;20.2;14.9;26.67;NA;ND;16.04;NA;NA;27.89;NA;NA;NA;
10;10;17.03;22.28;4.48;NA;ND;0.53;NA;NA;17.02;NA;NA;NA;
10;11;19.95;8.07;16.56;NA;ND;6.89;NA;NA;25.72;NA;NA;NA;
10;12;16.23;11.81;6.5;NA;ND;9.3;NA;NA;12.59;NA;NA;NA;
10;13;19.14;9.23;9.31;NA;ND;2.79;NA;NA;5.46;NA;NA;NA;
10;14;11.14;7.14;4.39;NA;ND;7.42;NA;NA;6.19;NA;NA;NA;
10;15;4.73;14.29;12.56;NA;ND;3.39;NA;NA;15.03;NA;NA;NA;
10;16;13.25;21.4;8.18;NA;ND;10.85;NA;NA;1.44;NA;NA;NA;
10;17;16.16;13.76;11.36;NA;ND;17.31;NA;NA;13.48;NA;NA;NA;
10;18;8.8;14.72;7.86;NA;ND;8.83;NA;NA;11.9;NA;NA;NA;
10;19;3.88;12.27;11.42;NA;ND;13.47;NA;NA;7.63;NA;NA;NA;
10;20;9.58;14.44;8.01;NA;ND;16.16;NA;NA;21.58;NA;NA;NA;
10;21;17.12;7.99;10.44;NA;ND;13.05;NA;NA;20.24;NA;NA;NA;
10;22;18.52;15.58;12.57;NA;ND;15.14;NA;NA;23.16;NA;NA;NA;
10;23;9.89;13.32;10.86;NA;ND;10.71;NA;NA;ND;NA;NA;NA;
11;0;16.94;2.81;10.43;NA;ND;15.52;NA;NA;9.75;NA;NA;NA;
11;1;12.38;10.43;5.3;NA;ND;8.18;NA;NA;22.5;NA;NA;NA;
11;2;10.79;10.72;10.37;NA;ND;7.56;NA;NA;6.45;NA;NA;NA;
11;3;8.67;13.29;5.77;NA;ND;6.95;NA;NA;34.72;NA;NA;NA;
11;4;8.52;19.12;4.35;NA;ND;8.89;NA;NA;2.78;NA;NA;NA;
11;5;16.05;35.78;11.17;NA;ND;11.08;NA;NA;9.44;NA;NA;NA;
11;6;22.94;95.27;14.64;NA;ND;14.7;NA;NA;11.11;NA;NA;NA;
11;7;52.94;80.36;19.63;NA;ND;16.37;NA;NA;18.03;NA;NA;NA;
11;8;42.31;17.7;20.23;NA;ND;18.42;NA;NA;8.18;NA;NA;NA;
11;9;31.82;17.7;11.48;NA;ND;2.31;NA;NA;28.97;NA;NA;NA;
11;10;21.82;13.07;11.11;NA;ND;8.32;NA;NA;7.93;NA;NA;NA;
11;11;13.3;10.16;8.61;NA;ND;4.25;NA;NA;2.09;NA;NA;NA;
11;12;13.33;10.17;3.22;NA;ND;3.49;NA;NA;4.63;NA;NA;NA;
11;13;16.82;18.87;3.92;NA;ND;6.51;NA;NA;1.16;NA;NA;NA;
11;14;14.67;11.38;7;NA;ND;6.29;NA;NA;0.99;NA;NA;NA;
11;15;18.17;18.68;17.19;NA;ND;15.85;NA;NA;11.43;NA;NA;NA;
11;16;7.17;11.89;13.47;NA;ND;15.53;NA;NA;26.73;NA;NA;NA;
11;17;21.31;20.31;26.12;NA;ND;13.32;NA;NA;17.07;NA;NA;NA;
11;18;12.32;16.64;15.71;NA;ND;17.33;NA;NA;5.38;NA;NA;NA;
11;19;13.89;20.6;19.34;NA;ND;15.53;NA;NA;41.42;NA;NA;NA;
11;20;26.51;14.85;20.9;NA;ND;24.34;NA;NA;7.7;NA;NA;NA;
11;21;24.7;21.37;16.48;NA;ND;23.06;NA;NA;31.63;NA;NA;NA;
11;22;22.53;14.47;15.75;NA;ND;16.06;NA;NA;20.49;NA;NA;NA;
11;23;16.93;21.31;7.57;NA;ND;15.41;NA;NA;ND;NA;NA;NA;
12;0;12.5;20.57;22.22;NA;ND;20.6;NA;NA;6.07;NA;NA;NA;
12;1;14.67;35.23;14.33;NA;ND;17.97;NA;NA;41.78;NA;NA;NA;
12;2;17.14;32.36;10.11;NA;ND;10.12;NA;NA;7.42;NA;NA;NA;
12;3;20.29;39.2;6.59;NA;ND;8.98;NA;NA;13.98;NA;NA;NA;
12;4;23.48;29.87;7.99;NA;ND;10.34;NA;NA;20.04;NA;NA;NA;
12;5;20.18;39.09;5.95;NA;ND;7.9;NA;NA;7.89;NA;NA;NA;
12;6;22.72;49.47;11.92;NA;ND;9.97;NA;NA;15.79;NA;NA;NA;
12;7;25.17;35.37;6.42;NA;ND;4.44;NA;NA;8.14;NA;NA;NA;
12;8;23.93;24.83;8.3;NA;ND;12.22;NA;NA;9.59;NA;NA;NA;
12;9;23.71;14.92;5.55;NA;ND;2.37;NA;NA;23.73;NA;NA;NA;
12;10;13.64;13.79;8.54;NA;ND;2.93;NA;NA;5.35;NA;NA;NA;
12;11;8.01;12.64;6.1;NA;ND;9;NA;NA;5.41;NA;NA;NA;
12;12;20.27;5.19;10.31;NA;ND;0.49;NA;NA;6.4;NA;NA;NA;
12;13;17.85;10.85;5.02;NA;ND;1.52;NA;NA;0.2;NA;NA;NA;
12;14;12.56;18.55;4.62;NA;ND;18.19;NA;NA;3.02;NA;NA;NA;
12;15;16.09;6.48;4;NA;ND;10.85;NA;NA;0.55;NA;NA;NA;
12;16;10.03;14.77;12.55;NA;ND;6.7;NA;NA;20.18;NA;NA;NA;
12;17;13.69;24.88;11.3;NA;ND;12.39;NA;NA;5.35;NA;NA;NA;
12;18;9.04;21.37;16.09;NA;ND;19.29;NA;NA;15.66;NA;NA;NA;
12;19;15.81;21.89;18.58;NA;ND;17.39;NA;NA;13.27;NA;NA;NA;
12;20;19.78;26.97;20.15;NA;ND;21.51;NA;NA;24.92;NA;NA;NA;
12;21;17.92;29.53;17.22;NA;ND;21;NA;NA;17.34;NA;NA;NA;
12;22;17.88;23.94;11.43;NA;ND;20.72;NA;NA;19.38;NA;NA;NA;
12;23;14.93;30.38;14.98;NA;ND;13.07;NA;NA;ND;NA;NA;NA;
13;0;21.57;35.97;15.14;NA;ND;13.29;NA;NA;22.59;NA;NA;NA;
13;1;20.15;46.14;8.93;NA;ND;16.54;NA;NA;24.28;NA;NA;NA;
13;2;15.6;36.99;7.74;NA;ND;15.98;NA;NA;21.96;NA;NA;NA;
13;3;13.32;38.18;7.04;NA;ND;10.16;NA;NA;7.9;NA;NA;NA;
13;4;16.61;36.84;7.57;NA;ND;4.71;NA;NA;17.71;NA;NA;NA;
13;5;20;33.93;8.55;NA;ND;7.98;NA;NA;10.4;NA;NA;NA;
13;6;29.69;31.01;6.75;NA;ND;10.27;NA;NA;20.38;NA;NA;NA;
13;7;16.02;17.1;2.52;NA;ND;4.08;NA;NA;9.2;NA;NA;NA;
13;8;23.01;9.33;13.86;NA;ND;11.71;NA;NA;1.37;NA;NA;NA;
13;9;17.77;14.09;5.97;NA;ND;2.11;NA;NA;2.21;NA;NA;NA;
13;10;23.81;11.27;6.02;NA;ND;4.28;NA;NA;5.67;NA;NA;NA;
13;11;21.92;14.24;8.53;NA;ND;4.12;NA;NA;11.43;NA;NA;NA;
13;12;15.48;20.26;8.79;NA;ND;10.55;NA;NA;1.03;NA;NA;NA;
13;13;7.57;20.32;8.9;NA;ND;16.19;NA;NA;11.87;NA;NA;NA;
13;14;17.82;11.23;7.29;NA;ND;18.84;NA;NA;13.82;NA;NA;NA;
13;15;15.62;22.98;14.45;NA;ND;2.75;NA;NA;5.13;NA;NA;NA;
13;16;9.94;12.01;19.09;NA;ND;17.43;NA;NA;29.95;NA;NA;NA;
13;17;7.71;26.38;12.22;NA;ND;13.69;NA;NA;13.18;NA;NA;NA;
13;18;8.5;14.05;13.91;NA;ND;19.13;NA;NA;16.91;NA;NA;NA;
13;19;12.2;14.4;19.32;NA;ND;14.87;NA;NA;16.85;NA;NA;NA;
13;20;3.93;21.23;17.19;NA;ND;17.19;NA;NA;10.9;NA;NA;NA;
13;21;12.12;12.23;20.19;NA;ND;19.03;NA;NA;11.78;NA;NA;NA;
13;22;14.45;9.05;8.79;NA;ND;12.67;NA;NA;4.81;NA;NA;NA;
13;23;11.13;13.33;9.66;NA;ND;17.51;NA;NA;ND;NA;NA;NA;
14;0;14.05;4.25;8.91;NA;ND;17.2;NA;NA;9.19;NA;NA;NA;
14;1;10.9;8.52;22.6;NA;ND;24.27;NA;NA;17.86;NA;NA;NA;
14;2;10.77;9.37;14.25;NA;ND;19.65;NA;NA;15.41;NA;NA;NA;
14;3;11.94;4.68;14.45;NA;ND;24.96;NA;NA;22.13;NA;NA;NA;
14;4;5.65;8.13;17.09;NA;ND;17.68;NA;NA;15.07;NA;NA;NA;
14;5;10.23;5.6;16.72;NA;ND;12.31;NA;NA;14.22;NA;NA;NA;
14;6;17.98;19.17;20.56;NA;ND;22.6;NA;NA;11.59;NA;NA;NA;
14;7;21.14;36.53;34.3;NA;ND;25.46;NA;NA;14.19;NA;NA;NA;
14;8;27.7;25.91;32.71;NA;ND;21.19;NA;NA;17.06;NA;NA;NA;
14;9;35.83;22.44;24.22;NA;ND;13.75;NA;NA;20.26;NA;NA;NA;
14;10;28.91;15.96;13.03;NA;ND;12.8;NA;NA;16.41;NA;NA;NA;
14;11;20.64;18.04;12.48;NA;ND;16.71;NA;NA;12.48;NA;NA;NA;
14;12;13.94;10.16;18.6;NA;ND;ND;NA;NA;10.25;NA;NA;NA;
14;13;16.63;26.18;17.31;NA;ND;ND;NA;NA;30.31;NA;NA;NA;
14;14;8.16;22.92;5.71;NA;ND;ND;NA;NA;1.11;NA;NA;NA;
14;15;6.49;21.52;20.68;NA;ND;19.33;NA;NA;24.35;NA;NA;NA;
14;16;10.09;10.55;9.4;NA;ND;12.82;NA;NA;8.34;NA;NA;NA;
14;17;14.24;10.19;24.68;NA;ND;16.32;NA;NA;10.95;NA;NA;NA;
14;18;8.63;20.13;28.62;NA;ND;26.08;NA;NA;19.12;NA;NA;NA;
14;19;14.04;11.71;25;NA;ND;22.08;NA;NA;15.59;NA;NA;NA;
14;20;11.72;17.06;25.64;NA;ND;24.94;NA;NA;8.38;NA;NA;NA;
14;21;17.88;17.34;16.19;NA;ND;17.89;NA;NA;6.28;NA;NA;NA;
14;22;13.86;14.65;17.26;NA;ND;13.96;NA;NA;11.72;NA;NA;NA;
14;23;12.14;12.5;13.41;NA;ND;15.68;NA;NA;ND;NA;NA;NA;
15;0;15.46;25.82;10.65;NA;ND;18.09;NA;NA;16.89;NA;NA;NA;
15;1;22.24;13.09;12.05;NA;ND;17.59;NA;NA;4.64;NA;NA;NA;
15;2;9.38;11.76;20.26;NA;ND;20.88;NA;NA;40.71;NA;NA;NA;
15;3;9.62;6.73;14.95;NA;ND;18.16;NA;NA;10.37;NA;NA;NA;
15;4;10.02;10.59;13.39;NA;ND;18.9;NA;NA;10.7;NA;NA;NA;
15;5;11.32;7.33;14.83;NA;ND;19.36;NA;NA;14.98;NA;NA;NA;
15;6;17.72;18.74;18.61;NA;ND;22.23;NA;NA;27.4;NA;NA;NA;
15;7;33.51;39.64;32.57;NA;ND;38.96;NA;NA;22.9;NA;NA;NA;
15;8;24.71;26.28;38.53;NA;ND;32.92;NA;NA;24.89;NA;NA;NA;
15;9;24.14;24.03;36.74;NA;ND;18.68;NA;NA;26.39;NA;NA;NA;
15;10;35.53;37.27;36.12;NA;ND;35.55;NA;NA;34.94;NA;NA;NA;
15;11;20.75;29.9;28.36;NA;ND;21.98;NA;NA;11.36;NA;NA;NA;
15;12;9.5;1.11;7.38;NA;ND;0.52;NA;NA;3.27;NA;NA;NA;
15;13;10.64;9.57;1.84;NA;ND;3.86;NA;NA;5.84;NA;NA;NA;
15;14;7.6;9.01;3.1;NA;ND;0.98;NA;NA;3.13;NA;NA;NA;
15;15;18.79;17.61;13.93;NA;ND;9.63;NA;NA;13.82;NA;NA;NA;
15;16;17.84;20.82;4.96;NA;ND;2.09;NA;NA;0;NA;NA;NA;
15;17;16.48;10.02;12.71;NA;ND;26.41;NA;NA;13.29;NA;NA;NA;
15;18;21.78;42.58;20.2;NA;ND;23.93;NA;NA;5.3;NA;NA;NA;
15;19;23.61;19.41;15.41;NA;ND;21.11;NA;NA;40.63;NA;NA;NA;
15;20;ND;21.24;26.51;NA;ND;33.88;NA;NA;7.78;NA;NA;NA;
15;21;16.69;19.98;14.76;NA;ND;14.95;NA;NA;38.29;NA;NA;NA;
15;22;22.68;17.88;12.03;NA;ND;14.07;NA;NA;30.59;NA;NA;NA;
15;23;17.58;14.75;11.12;NA;ND;25.75;NA;NA;ND;NA;NA;NA;
16;0;8.14;27.84;16.71;NA;ND;19.48;NA;NA;24.85;NA;NA;NA;
16;1;11.44;20.33;11.79;NA;ND;14.12;NA;NA;25.19;NA;NA;NA;
16;2;12.64;17.61;11.5;NA;ND;24.57;NA;NA;10.47;NA;NA;NA;
16;3;13.82;20.43;12.67;NA;ND;12.84;NA;NA;22.3;NA;NA;NA;
16;4;15.78;23.02;9.08;NA;ND;11.33;NA;NA;7.61;NA;NA;NA;
16;5;17.14;19.01;15.1;NA;ND;16.08;NA;NA;28.64;NA;NA;NA;
16;6;44.63;39.97;17.98;NA;ND;22.9;NA;NA;19.12;NA;NA;NA;
16;7;56.54;34.34;28.43;NA;ND;23.05;NA;NA;41.31;NA;NA;NA;
16;8;26.17;27.59;19.26;NA;ND;14.49;NA;NA;15.35;NA;NA;NA;
16;9;27.59;21.53;18.63;NA;ND;11.25;NA;NA;7.13;NA;NA;NA;
16;10;19.89;18.69;11.09;NA;ND;5.19;NA;NA;13.09;NA;NA;NA;
16;11;9.84;18.62;7.76;NA;ND;0.15;NA;NA;1.51;NA;NA;NA;
16;12;18.01;15.29;4.23;NA;ND;7.44;NA;NA;3.13;NA;NA;NA;
16;13;12.12;16.59;7.99;NA;ND;5.42;NA;NA;9.27;NA;NA;NA;
16;14;9.35;2.27;9.95;NA;ND;9.18;NA;NA;12.93;NA;NA;NA;
16;15;14.28;13.2;14.09;NA;ND;16.14;NA;NA;4.85;NA;NA;NA;
16;16;11.73;17.77;14.93;NA;ND;13.43;NA;NA;8.05;NA;NA;NA;
16;17;21.62;15.59;15.16;NA;ND;10.86;NA;NA;13.34;NA;NA;NA;
16;18;11.75;20.83;13.78;NA;ND;35.45;NA;NA;28.29;NA;NA;NA;
16;19;11.25;13.55;21.13;NA;ND;19.65;NA;NA;8.73;NA;NA;NA;
16;20;10.73;17.77;15.68;NA;ND;19.51;NA;NA;15.78;NA;NA;NA;
16;21;16.33;20.73;20.06;NA;ND;23.42;NA;NA;8.97;NA;NA;NA;
16;22;12.99;18.38;14.76;NA;ND;16.63;NA;NA;17.76;NA;NA;NA;
16;23;18.62;14.94;17.64;NA;ND;25.07;NA;NA;ND;NA;NA;NA;
17;0;19.38;11.77;6.45;NA;ND;11.94;NA;NA;1.87;NA;NA;NA;
17;1;16.8;19.62;14.61;NA;ND;15.18;NA;NA;27.4;NA;NA;NA;
17;2;25.46;15.59;22.29;NA;ND;10.19;NA;NA;14.66;NA;NA;NA;
17;3;13.43;11.49;15.61;NA;ND;13.4;NA;NA;38.86;NA;NA;NA;
17;4;20.92;18.42;15.11;NA;ND;7.97;NA;NA;14.18;NA;NA;NA;
17;5;19.36;30.78;7.17;NA;ND;10.26;NA;NA;27.7;NA;NA;NA;
17;6;31.74;43.05;16.37;NA;ND;17.06;NA;NA;26.25;NA;NA;NA;
17;7;37.49;37.66;35.15;NA;ND;13.52;NA;NA;27.25;NA;NA;NA;
17;8;41.43;39.74;15.39;NA;ND;9.41;NA;NA;29.27;NA;NA;NA;
17;9;23.05;25.7;15.81;NA;ND;7.36;NA;NA;17.55;NA;NA;NA;
17;10;19.58;ND;7.19;NA;ND;4.24;NA;NA;8.01;NA;NA;NA;
17;11;9.68;ND;3.63;NA;ND;11.24;NA;NA;5.44;NA;NA;NA;
17;12;11.28;ND;13.06;NA;ND;1.92;NA;NA;9.5;NA;NA;NA;
17;13;12.22;23.05;9.36;NA;ND;7.68;NA;NA;3.73;NA;NA;NA;
17;14;10.14;23.23;10.46;NA;ND;13.3;NA;NA;9.01;NA;NA;NA;
17;15;17.05;30.45;8.07;NA;ND;12.1;NA;NA;23.79;NA;NA;NA;
17;16;10.39;8.82;17.72;NA;ND;15.29;NA;NA;14.48;NA;NA;NA;
17;17;21.72;14.54;13.02;NA;ND;20.18;NA;NA;3.71;NA;NA;NA;
17;18;13.83;18.82;18.36;NA;ND;18.85;NA;NA;16.49;NA;NA;NA;
17;19;14.96;21.53;19.55;NA;ND;27.97;NA;NA;32.25;NA;NA;NA;
17;20;16.17;21.51;28.14;NA;ND;31.94;NA;NA;13.43;NA;NA;NA;
17;21;ND;15.65;11.84;NA;ND;16.64;NA;NA;26.31;NA;NA;NA;
17;22;29.4;25.95;6.63;NA;ND;19.75;NA;NA;16.5;NA;NA;NA;
17;23;15.49;21.18;19.92;NA;ND;18.9;NA;NA;ND;NA;NA;NA;
18;0;9.62;33.17;13.28;NA;ND;18.84;NA;NA;31.81;NA;NA;NA;
18;1;14.97;31.08;19.52;NA;ND;11.21;NA;NA;37.51;NA;NA;NA;
18;2;14.24;27.35;7.11;NA;ND;11.85;NA;NA;33.96;NA;NA;NA;
18;3;21.65;28.14;13.02;NA;ND;11.17;NA;NA;21.18;NA;NA;NA;
18;4;20.62;22.32;9.37;NA;ND;11.15;NA;NA;12.28;NA;NA;NA;
18;5;18.82;32.15;7.45;NA;ND;20.26;NA;NA;39.06;NA;NA;NA;
18;6;41.14;51.53;22.01;NA;ND;27.82;NA;NA;45.65;NA;NA;NA;
18;7;48.29;81.82;22.15;NA;ND;32.95;NA;NA;47.72;NA;NA;NA;
18;8;36.77;37.98;47.84;NA;ND;12.08;NA;NA;32.6;NA;NA;NA;
18;9;39.58;22.72;33.19;NA;ND;18.77;NA;NA;44.36;NA;NA;NA;
18;10;30.26;19.75;ND;NA;ND;13.9;NA;NA;22.75;NA;NA;NA;
18;11;24.13;23.43;11.65;NA;ND;7.44;NA;NA;9.1;NA;NA;NA;
18;12;17.74;21.27;12.44;NA;ND;19.22;NA;NA;11.24;NA;NA;NA;
18;13;19.73;21.65;10.36;NA;ND;21.74;NA;NA;29.57;NA;NA;NA;
18;14;17.29;21.3;18.45;NA;ND;14.95;NA;NA;3.85;NA;NA;NA;
18;15;32.54;27.44;18.38;NA;ND;8.1;NA;NA;29.79;NA;NA;NA;
18;16;2.13;5.45;12.48;NA;ND;10.08;NA;NA;5.6;NA;NA;NA;
18;17;12.19;12.18;16.61;NA;ND;21.22;NA;NA;22.96;NA;NA;NA;
18;18;15.52;12.98;26.48;NA;ND;22.91;NA;NA;15.55;NA;NA;NA;
18;19;15.29;10.34;27.06;NA;ND;26.7;NA;NA;22.88;NA;NA;NA;
18;20;17.1;9.6;16.39;NA;ND;24.36;NA;NA;14.28;NA;NA;NA;
18;21;18.41;6.75;19.13;NA;ND;18.36;NA;NA;6.35;NA;NA;NA;
18;22;12.83;6.42;17.29;NA;ND;18.66;NA;NA;5.91;NA;NA;NA;
18;23;13.27;3.22;16.64;NA;ND;12.28;NA;NA;ND;NA;NA;NA;
19;0;2.21;14.71;23.69;NA;ND;22.87;NA;NA;10.25;NA;NA;NA;
19;1;16.33;9.66;17.95;NA;ND;16.57;NA;NA;11.45;NA;NA;NA;
19;2;19.95;15.82;8.49;NA;ND;16.76;NA;NA;6.21;NA;NA;NA;
19;3;21.72;19.02;12.91;NA;ND;7.66;NA;NA;9.48;NA;NA;NA;
19;4;10;13.66;12.56;NA;ND;7.88;NA;NA;11.92;NA;NA;NA;
19;5;18.19;10.21;10.54;NA;ND;13.81;NA;NA;7.11;NA;NA;NA;
19;6;16.35;16.58;17.53;NA;ND;11.45;NA;NA;15.76;NA;NA;NA;
19;7;14;27.18;15.23;NA;ND;25.35;NA;NA;8.33;NA;NA;NA;
19;8;29.04;18.47;23.66;NA;ND;7.21;NA;NA;25.58;NA;NA;NA;
19;9;38.14;19.47;9.64;NA;ND;2.92;NA;NA;8.2;NA;NA;NA;
19;10;11.55;19.29;10.61;NA;ND;2.61;NA;NA;18.21;NA;NA;NA;
19;11;16.22;16.55;12.51;NA;ND;10.74;NA;NA;13.47;NA;NA;NA;
19;12;11.51;14.83;5.54;NA;ND;10.71;NA;NA;14.4;NA;NA;NA;
19;13;14.47;14.49;8.34;NA;ND;2.33;NA;NA;1.51;NA;NA;NA;
19;14;8.48;8.68;17.05;NA;ND;18.52;NA;NA;0.81;NA;NA;NA;
19;15;12.46;8.57;3.34;NA;ND;13.05;NA;NA;17.28;NA;NA;NA;
19;16;4.79;15.81;3.56;NA;ND;6.06;NA;NA;13.25;NA;NA;NA;
19;17;14.89;11.98;18.79;NA;ND;15.87;NA;NA;12.12;NA;NA;NA;
19;18;4.67;11.46;4.14;NA;ND;12.55;NA;NA;19.15;NA;NA;NA;
19;19;6.05;12.75;3.4;NA;ND;9.9;NA;NA;4.24;NA;NA;NA;
19;20;14.26;12.25;12.66;NA;ND;14.02;NA;NA;22.87;NA;NA;NA;
19;21;10.06;16.81;12.83;NA;ND;15.27;NA;NA;13.44;NA;NA;NA;
19;22;11.04;12.59;7.65;NA;ND;15.78;NA;NA;18.75;NA;NA;NA;
19;23;8.16;11.31;9.04;NA;ND;10.23;NA;NA;7.2;NA;NA;NA;
20;0;15.63;15.25;13.55;NA;ND;22;NA;NA;30.37;NA;NA;NA;
20;1;12.35;21.54;9.11;NA;ND;10.45;NA;NA;27.31;NA;NA;NA;
20;2;9.65;17.59;5.35;NA;ND;9.93;NA;NA;25.06;NA;NA;NA;
20;3;9.7;20.62;9.86;NA;ND;11.14;NA;NA;24.65;NA;NA;NA;
20;4;3.32;21.24;8.35;NA;ND;4.37;NA;NA;23.6;NA;NA;NA;
20;5;12.92;20.55;4.84;NA;ND;11.41;NA;NA;19.36;NA;NA;NA;
20;6;13.4;24.67;4.38;NA;ND;16.93;NA;NA;15.13;NA;NA;NA;
20;7;8.53;41.32;5.94;NA;ND;19.24;NA;NA;8.81;NA;NA;NA;
20;8;8.58;13.9;20.34;NA;ND;2.36;NA;NA;5.99;NA;NA;NA;
20;9;21.33;16.11;1.33;NA;ND;5;NA;NA;16.62;NA;NA;NA;
20;10;12.53;12.12;5.59;NA;ND;3.83;NA;NA;9.17;NA;NA;NA;
20;11;10.27;15.66;7.09;NA;ND;0.64;NA;NA;2.59;NA;NA;NA;
20;12;14.17;14.16;0.73;NA;ND;8.34;NA;NA;6.69;NA;NA;NA;
20;13;4.02;13.95;6.03;NA;ND;9.47;NA;NA;9.68;NA;NA;NA;
20;14;11.45;17.47;10.47;NA;ND;4.29;NA;NA;3.7;NA;NA;NA;
20;15;8.12;20.05;7.08;NA;ND;9.7;NA;NA;14.57;NA;NA;NA;
20;16;12.05;20.86;8.67;NA;ND;10.57;NA;NA;4.12;NA;NA;NA;
20;17;10.18;13.95;13.27;NA;ND;10.61;NA;NA;7.32;NA;NA;NA;
20;18;17.34;26.7;20.42;NA;ND;13.66;NA;NA;20.36;NA;NA;NA;
20;19;19.83;23.53;14.56;NA;ND;14.46;NA;NA;12.53;NA;NA;NA;
20;20;23.39;17.62;17.95;NA;ND;18.46;NA;NA;14.83;NA;NA;NA;
20;21;19.61;14.74;11.63;NA;ND;16.32;NA;NA;28.48;NA;NA;NA;
20;22;9.54;14.93;7.16;NA;ND;11.84;NA;NA;8.77;NA;NA;NA;
20;23;16.37;15.66;10.6;NA;ND;12.28;NA;NA;0.15;NA;NA;NA;
21;0;10.91;13.16;8.48;NA;ND;20.81;NA;NA;28.33;NA;NA;NA;
21;1;6.9;12.54;11.93;NA;ND;9.65;NA;NA;3.88;NA;NA;NA;
21;2;10.16;14.59;8.7;NA;ND;13.54;NA;NA;11.27;NA;NA;NA;
21;3;7.81;15.81;9.59;NA;ND;6.49;NA;NA;12.39;NA;NA;NA;
21;4;12.22;17.1;7.57;NA;ND;10.03;NA;NA;7.34;NA;NA;NA;
21;5;9.92;32.16;10.1;NA;ND;10.47;NA;NA;12.04;NA;NA;NA;
21;6;35.07;97.81;10.31;NA;ND;14.63;NA;NA;23.2;NA;NA;NA;
21;7;33.23;115.92;16;NA;ND;9.73;NA;NA;25.47;NA;NA;NA;
21;8;41.57;29.31;18.43;NA;ND;11.61;NA;NA;22.26;NA;NA;NA;
21;9;22.28;20.67;12.71;NA;ND;6.08;NA;NA;11.08;NA;NA;NA;
21;10;ND;19.97;11.1;NA;ND;10.07;NA;NA;11.5;NA;NA;NA;
21;11;ND;11.03;11.57;NA;ND;5.15;NA;NA;ND;NA;NA;NA;
21;12;ND;ND;2.5;NA;ND;10.02;NA;NA;ND;NA;NA;NA;
21;13;ND;ND;7.57;NA;ND;3.42;NA;NA;ND;NA;NA;NA;
21;14;ND;ND;14.44;NA;ND;14.3;NA;NA;19.47;NA;NA;NA;
21;15;17.32;ND;10.43;NA;ND;15.38;NA;NA;6.65;NA;NA;NA;
21;16;19.21;31.16;9.05;NA;ND;7.66;NA;NA;13.6;NA;NA;NA;
21;17;12.01;27.44;15.09;NA;ND;15.37;NA;NA;5.75;NA;NA;NA;
21;18;15.99;27.58;19.64;NA;ND;13.47;NA;NA;11.04;NA;NA;NA;
21;19;17.54;20.47;15.55;NA;ND;18.75;NA;NA;0.98;NA;NA;NA;
21;20;17.14;12.88;12.92;NA;ND;15;NA;NA;14.57;NA;NA;NA;
21;21;16.5;22.35;8.18;NA;ND;17.07;NA;NA;21.88;NA;NA;NA;
21;22;21.07;20.05;7.62;NA;ND;7.03;NA;NA;20.65;NA;NA;NA;
21;23;14.23;21.05;10.84;NA;ND;14.87;NA;NA;ND;NA;NA;NA;
22;0;6.69;27.61;8.45;NA;ND;2.35;NA;NA;23.64;NA;NA;NA;
22;1;13.57;14.74;8.01;NA;ND;9.84;NA;NA;16.3;NA;NA;NA;
22;2;15.44;17.7;7.44;NA;ND;6.67;NA;NA;10.43;NA;NA;NA;
22;3;10.91;13.18;4.98;NA;ND;11.62;NA;NA;14.77;NA;NA;NA;
22;4;8.77;15.38;5.78;NA;ND;7.11;NA;NA;4.51;NA;NA;NA;
22;5;16.29;30.89;10.83;NA;ND;6.68;NA;NA;38.04;NA;NA;NA;
22;6;46.45;84.39;17;NA;ND;21;NA;NA;33.42;NA;NA;NA;
22;7;49.1;94.83;37.21;NA;ND;13.11;NA;NA;19.97;NA;NA;NA;
22;8;29.94;23.46;12.05;NA;ND;14.65;NA;NA;18.88;NA;NA;NA;
22;9;22.43;23.63;15.43;NA;ND;6.49;NA;NA;19.75;NA;NA;NA;
22;10;13.39;16.69;ND;NA;ND;6.09;NA;NA;9.79;NA;NA;NA;
22;11;11.46;14.64;ND;NA;ND;8.48;NA;NA;12.33;NA;NA;NA;
22;12;10.32;14.2;ND;NA;ND;6.78;NA;NA;5.93;NA;NA;NA;
22;13;16.66;23.85;ND;NA;ND;6.74;NA;NA;6.23;NA;NA;NA;
22;14;ND;18.82;32.7;NA;ND;16.11;NA;NA;3.65;NA;NA;NA;
22;15;9.02;17.84;20.53;NA;ND;26.53;NA;NA;10.31;NA;NA;NA;
22;16;25.68;17.39;8.4;NA;ND;12.64;NA;NA;23.95;NA;NA;NA;
22;17;17.49;22.41;7.97;NA;ND;15.12;NA;NA;13.95;NA;NA;NA;
22;18;16.35;18.5;4.51;NA;ND;23.21;NA;NA;27.14;NA;NA;NA;
22;19;7.11;14.47;9.01;NA;ND;16.23;NA;NA;10.15;NA;NA;NA;
22;20;13.23;8.75;10.47;NA;ND;15.13;NA;NA;6.48;NA;NA;NA;
22;21;9.62;16.79;14.72;NA;ND;20.81;NA;NA;23.44;NA;NA;NA;
22;22;14.42;12.11;11.66;NA;ND;15.12;NA;NA;19.01;NA;NA;NA;
22;23;21.11;13.91;11.04;NA;ND;6.26;NA;NA;ND;NA;NA;NA;
23;0;3;17.28;12.59;NA;ND;21.84;NA;NA;10.18;NA;NA;NA;
23;1;13.43;16.21;11.47;NA;ND;14.6;NA;NA;14.79;NA;NA;NA;
23;2;7.75;21.8;11.29;NA;ND;14.85;NA;NA;29.48;NA;NA;NA;
23;3;9.68;21.66;6.62;NA;ND;12.63;NA;NA;34.72;NA;NA;NA;
23;4;6.87;31.97;15.79;NA;ND;18.85;NA;NA;27.99;NA;NA;NA;
23;5;10.23;39.15;11.09;NA;ND;16.86;NA;NA;20.13;NA;NA;NA;
23;6;35.61;87.96;21.44;NA;ND;18.21;NA;NA;28.3;NA;NA;NA;
23;7;36.64;72;43.36;NA;ND;33.67;NA;NA;23.88;NA;NA;NA;
23;8;28.7;15.06;34.83;NA;ND;32.97;NA;NA;17.85;NA;NA;NA;
23;9;27.5;25.69;11.45;NA;ND;9.34;NA;NA;20.66;NA;NA;NA;
23;10;10.37;17.59;4.59;NA;ND;6.29;NA;NA;23.5;NA;NA;NA;
23;11;12.07;13.5;9.3;NA;ND;5.51;NA;NA;10;NA;NA;NA;
23;12;18.55;22.35;15.79;NA;ND;13.71;NA;NA;9.12;NA;NA;NA;
23;13;12.39;15.28;22.05;NA;ND;16.01;NA;NA;1.06;NA;NA;NA;
23;14;6.62;14.74;7.63;NA;ND;18.66;NA;NA;20.28;NA;NA;NA;
23;15;9.48;15.69;11.61;NA;ND;7.76;NA;NA;36.84;NA;NA;NA;
23;16;14.14;16.7;14.12;NA;ND;19.85;NA;NA;7.79;NA;NA;NA;
23;17;11.46;22.62;7.33;NA;ND;6.86;NA;NA;20.88;NA;NA;NA;
23;18;18.43;20.77;13.15;NA;ND;10.32;NA;NA;11.53;NA;NA;NA;
23;19;13.34;8.47;16.74;NA;ND;13.55;NA;NA;25.57;NA;NA;NA;
23;20;15.17;9.85;12;NA;ND;9.28;NA;NA;26.85;NA;NA;NA;
23;21;11.48;11.8;18.57;NA;ND;18.41;NA;NA;33.98;NA;NA;NA;
23;22;16.21;8.06;9.94;NA;ND;20.19;NA;NA;34.14;NA;NA;NA;
23;23;14.37;13.47;8.67;NA;ND;13.92;NA;NA;ND;NA;NA;NA;
24;0;19.72;9.9;3.1;NA;ND;9.79;NA;NA;28.17;NA;NA;NA;
24;1;13.43;7.74;6.95;NA;ND;9.12;NA;NA;20.77;NA;NA;NA;
24;2;5.97;7.09;5.47;NA;ND;12.47;NA;NA;17.04;NA;NA;NA;
24;3;11.6;8.66;14.27;NA;ND;11.82;NA;NA;7.8;NA;NA;NA;
24;4;9.3;15.76;5.39;NA;ND;14.07;NA;NA;25.77;NA;NA;NA;
24;5;11.76;20.43;10.94;NA;ND;14.87;NA;NA;15.89;NA;NA;NA;
24;6;17.91;71.5;16.94;NA;ND;29.3;NA;NA;29.66;NA;NA;NA;
24;7;15.99;59.16;35.63;NA;ND;39.38;NA;NA;8.79;NA;NA;NA;
24;8;35.18;17.07;14.51;NA;ND;35.47;NA;NA;19.96;NA;NA;NA;
24;9;14.04;23.48;11.06;NA;ND;12.84;NA;NA;11.07;NA;NA;NA;
24;10;14.37;14.4;4.9;NA;ND;4.73;NA;NA;21.66;NA;NA;NA;
24;11;11.13;10.46;6.86;NA;ND;0.8;NA;NA;7.82;NA;NA;NA;
24;12;16.71;16.1;10.42;NA;ND;4.61;NA;NA;5.97;NA;NA;NA;
24;13;8.16;16.13;10.22;NA;ND;16.29;NA;NA;32.63;NA;NA;NA;
24;14;7.01;19.57;11.65;NA;ND;7.75;NA;NA;9.45;NA;NA;NA;
24;15;13.51;10.72;11.49;NA;ND;7.56;NA;NA;18.73;NA;NA;NA;
24;16;15.98;14.69;21.8;NA;ND;6.96;NA;NA;15.06;NA;NA;NA;
24;17;14.04;25.28;7.8;NA;ND;17.08;NA;NA;15.27;NA;NA;NA;
24;18;14.27;20.08;18.17;NA;ND;18.48;NA;NA;11.67;NA;NA;NA;
24;19;17.64;19.01;17.72;NA;ND;13.74;NA;NA;15.51;NA;NA;NA;
24;20;21.32;21.57;12.47;NA;ND;16.38;NA;NA;8.4;NA;NA;NA;
24;21;15.55;29.99;11.34;NA;ND;13.28;NA;NA;20.21;NA;NA;NA;
24;22;33.91;32.17;16.14;NA;ND;14.72;NA;NA;20.28;NA;NA;NA;
24;23;14.06;34.6;6.28;NA;ND;15.48;NA;NA;ND;NA;NA;NA;
25;0;ND;31.89;4.4;NA;ND;2.73;NA;NA;13.37;NA;NA;NA;
25;1;8.2;36.36;9.59;NA;ND;15.55;NA;NA;22.22;NA;NA;NA;
25;2;12.32;26.72;3.06;NA;ND;6.19;NA;NA;33.9;NA;NA;NA;
25;3;2.28;30.49;5.53;NA;ND;9.61;NA;NA;18.73;NA;NA;NA;
25;4;3.33;23.86;10.28;NA;ND;4.09;NA;NA;9.52;NA;NA;NA;
25;5;6.99;22.03;0.94;NA;ND;2.9;NA;NA;7.75;NA;NA;NA;
25;6;2.5;23.47;4.82;NA;ND;2.65;NA;NA;14.34;NA;NA;NA;
25;7;5.96;19.27;0.11;NA;ND;4.48;NA;NA;3.3;NA;NA;NA;
25;8;2.59;10.95;3;NA;ND;0.69;NA;NA;0;NA;NA;NA;
25;9;8.8;8.18;5.42;NA;ND;3.16;NA;NA;7.09;NA;NA;NA;
25;10;2.89;7.13;5.54;NA;ND;0.33;NA;NA;5.02;NA;NA;NA;
25;11;11.72;9.61;5.02;NA;ND;1.75;NA;NA;5.57;NA;NA;NA;
25;12;5.91;15.13;4.1;NA;ND;7.33;NA;NA;0.28;NA;NA;NA;
25;13;10.32;7.65;4.62;NA;ND;7.67;NA;NA;16.8;NA;NA;NA;
25;14;10.97;14.9;6;NA;ND;7.61;NA;NA;6.36;NA;NA;NA;
25;15;5.69;8.17;4.61;NA;ND;8.73;NA;NA;3.93;NA;NA;NA;
25;16;10.5;13.3;8.22;NA;ND;10.32;NA;NA;14.19;NA;NA;NA;
25;17;13.99;17.57;9.91;NA;ND;9.08;NA;NA;13.11;NA;NA;NA;
25;18;7.26;19.89;7.48;NA;ND;9.25;NA;NA;2.89;NA;NA;NA;
25;19;15.19;17.46;6.21;NA;ND;11.44;NA;NA;19.02;NA;NA;NA;
25;20;14.13;12.56;13.88;NA;ND;4.78;NA;NA;12.3;NA;NA;NA;
25;21;17.06;11.72;10.26;NA;ND;12.99;NA;NA;4.43;NA;NA;NA;
25;22;9.99;16.87;11.76;NA;ND;7.39;NA;NA;24.19;NA;NA;NA;
25;23;12.3;6.82;4.74;NA;ND;2.78;NA;NA;ND;NA;NA;NA;
26;0;15.65;15.41;15.81;NA;ND;4.83;NA;NA;14.91;NA;NA;NA;
26;1;15.86;13.57;8.25;NA;ND;6.84;NA;NA;10.84;NA;NA;NA;
26;2;17.01;13.36;9.36;NA;ND;7.13;NA;NA;12.39;NA;NA;NA;
26;3;10.11;11.32;3.65;NA;ND;5.46;NA;NA;8.88;NA;NA;NA;
26;4;16.31;15.83;4.5;NA;ND;3.54;NA;NA;13;NA;NA;NA;
26;5;13.56;19.92;3.54;NA;ND;7.85;NA;NA;6.08;NA;NA;NA;
26;6;24.35;38.87;6.88;NA;ND;8.92;NA;NA;16.15;NA;NA;NA;
26;7;31.76;40.57;7.18;NA;ND;8.98;NA;NA;13.38;NA;NA;NA;
26;8;20.2;25.43;17.82;NA;ND;2.95;NA;NA;0.04;NA;NA;NA;
26;9;17.23;13.52;10.56;NA;ND;3.99;NA;NA;30.03;NA;NA;NA;
26;10;20.09;8.01;11.05;NA;ND;5.91;NA;NA;3.69;NA;NA;NA;
26;11;6.14;8.85;5.63;NA;ND;12.21;NA;NA;7.84;NA;NA;NA;
26;12;8.86;14.77;8.07;NA;ND;4.71;NA;NA;2.67;NA;NA;NA;
26;13;18.12;18.59;9.59;NA;ND;7.13;NA;NA;18.15;NA;NA;NA;
26;14;7.02;8.71;5.74;NA;ND;12.06;NA;NA;11.07;NA;NA;NA;
26;15;12.3;12.89;11.9;NA;ND;8.96;NA;NA;1.65;NA;NA;NA;
26;16;20.15;19.3;12.49;NA;ND;13.3;NA;NA;7.76;NA;NA;NA;
26;17;5.93;12.68;10.8;NA;ND;10.75;NA;NA;26.65;NA;NA;NA;
26;18;12.1;11.18;7.76;NA;ND;4.69;NA;NA;21.03;NA;NA;NA;
26;19;6.31;6.71;13.65;NA;ND;14.49;NA;NA;9.39;NA;NA;NA;
26;20;5.97;5.73;9.26;NA;ND;10.24;NA;NA;10.56;NA;NA;NA;
26;21;8.57;12.82;5.57;NA;ND;16.49;NA;NA;30.47;NA;NA;NA;
26;22;14.31;12.87;12.14;NA;ND;8.54;NA;NA;29.94;NA;NA;NA;
26;23;13.14;5;7.55;NA;ND;15.36;NA;NA;ND;NA;NA;NA;
27;0;2.16;11.91;9.84;NA;ND;8.64;NA;NA;20.02;NA;NA;NA;
27;1;8.35;7.65;5.45;NA;ND;9.53;NA;NA;10.32;NA;NA;NA;
27;2;8.65;13.84;5.14;NA;ND;8.21;NA;NA;15.12;NA;NA;NA;
27;3;9.06;14.99;5.49;NA;ND;4.18;NA;NA;19.07;NA;NA;NA;
27;4;10.1;20.55;9.76;NA;ND;6.85;NA;NA;6.88;NA;NA;NA;
27;5;7.42;14.65;6.8;NA;ND;9.03;NA;NA;12.66;NA;NA;NA;
27;6;10.02;38.36;4.7;NA;ND;4.05;NA;NA;20.38;NA;NA;NA;
27;7;10.71;23.82;7.04;NA;ND;8.2;NA;NA;12.23;NA;NA;NA;
27;8;11.03;10.97;10.84;NA;ND;0.42;NA;NA;8.04;NA;NA;NA;
27;9;22.93;19.56;13.01;NA;ND;0.61;NA;NA;28.26;NA;NA;NA;
27;10;11.58;16.97;10.12;NA;ND;5.36;NA;NA;11.52;NA;NA;NA;
27;11;8.73;17.6;6.54;NA;ND;4.87;NA;NA;14.49;NA;NA;NA;
27;12;4.73;3.43;2.48;NA;ND;14.03;NA;NA;4.27;NA;NA;NA;
27;13;3.6;10.66;5.54;NA;ND;1.4;NA;NA;0.8;NA;NA;NA;
27;14;10.34;11.35;1.36;NA;ND;10.51;NA;NA;8.09;NA;NA;NA;
27;15;12.44;22.33;13.03;NA;ND;3.67;NA;NA;1.41;NA;NA;NA;
27;16;9.94;12.87;15.02;NA;ND;6.91;NA;NA;10.28;NA;NA;NA;
27;17;15.22;20.38;14.54;NA;ND;10.53;NA;NA;5.07;NA;NA;NA;
27;18;10.96;13.49;8.19;NA;ND;12.54;NA;NA;16.87;NA;NA;NA;
27;19;13.21;3.14;14.57;NA;ND;10.36;NA;NA;3.05;NA;NA;NA;
27;20;11.29;10.74;11.19;NA;ND;10.39;NA;NA;7.4;NA;NA;NA;
27;21;15.73;9.69;6.08;NA;ND;6.97;NA;NA;19.97;NA;NA;NA;
27;22;14.1;12.18;9.01;NA;ND;5.42;NA;NA;7.72;NA;NA;NA;
27;23;15.68;10.31;6.03;NA;ND;11.68;NA;NA;ND;NA;NA;NA;
28;0;2;11.69;9.73;NA;ND;6.63;NA;NA;4.61;NA;NA;NA;
28;1;10.33;18.17;9.23;NA;ND;8.35;NA;NA;15.65;NA;NA;NA;
28;2;12.15;14.8;9.78;NA;ND;10.1;NA;NA;28.38;NA;NA;NA;
28;3;4.82;9.94;8.85;NA;ND;4.54;NA;NA;7.36;NA;NA;NA;
28;4;9.77;14.63;6.1;NA;ND;8.6;NA;NA;12.62;NA;NA;NA;
28;5;19.85;10.29;6.78;NA;ND;7.54;NA;NA;20.94;NA;NA;NA;
28;6;29.72;34.23;12.7;NA;ND;23.11;NA;NA;19.51;NA;NA;NA;
28;7;42.27;65.94;11.38;NA;ND;32.91;NA;NA;26.48;NA;NA;NA;
28;8;28.72;39.89;19.63;NA;ND;14;NA;NA;25.84;NA;NA;NA;
28;9;12.87;5.87;ND;NA;ND;0.39;NA;NA;22.61;NA;NA;NA;
28;10;8.61;9.43;5.83;NA;ND;1.5;NA;NA;15.74;NA;NA;NA;
28;11;8.95;12.51;9.18;NA;ND;5.95;NA;NA;0.2;NA;NA;NA;
28;12;4.84;5.92;12.67;NA;ND;5.37;NA;NA;6.02;NA;NA;NA;
28;13;9.47;11.81;6.71;NA;ND;5.5;NA;NA;0.18;NA;NA;NA;
28;14;16.45;29.5;13.14;NA;ND;5.79;NA;NA;15.46;NA;NA;NA;
28;15;10.63;12.74;9.64;NA;ND;22.53;NA;NA;8.08;NA;NA;NA;
28;16;11.52;10.8;7.75;NA;ND;14.41;NA;NA;15.44;NA;NA;NA;
28;17;14.05;15.18;10.92;NA;ND;9.91;NA;NA;7.53;NA;NA;NA;
28;18;16.38;17.26;14.6;NA;ND;8.19;NA;NA;8.26;NA;NA;NA;
28;19;15.42;16.11;14.07;NA;ND;9.77;NA;NA;5.65;NA;NA;NA;
28;20;14.1;17.25;20.25;NA;ND;10.09;NA;NA;13.87;NA;NA;NA;
28;21;11.43;20.69;13.85;NA;ND;16.04;NA;NA;10.35;NA;NA;NA;
28;22;19.39;10.78;7.04;NA;ND;3.19;NA;NA;13.92;NA;NA;NA;
28;23;17.23;12.34;8.08;NA;ND;9.01;NA;NA;ND;NA;NA;NA;
29;0;25.79;12.64;1.96;NA;ND;6.96;NA;NA;16.9;NA;NA;NA;
29;1;12.07;15.89;6.92;NA;ND;8.89;NA;NA;13.98;NA;NA;NA;
29;2;17.84;18.88;5.93;NA;ND;9.6;NA;NA;10.68;NA;NA;NA;
29;3;18.31;13.87;11.07;NA;ND;8.16;NA;NA;28.08;NA;NA;NA;
29;4;4.72;12.63;10.64;NA;ND;7.28;NA;NA;39.91;NA;NA;NA;
29;5;12.69;29.92;9.82;NA;ND;6.93;NA;NA;36.12;NA;NA;NA;
29;6;24.61;48.11;7.06;NA;ND;17.26;NA;NA;32.4;NA;NA;NA;
29;7;9.66;60.01;21.33;NA;ND;10.17;NA;NA;25.86;NA;NA;NA;
29;8;22.35;24.51;23.8;NA;ND;15.54;NA;NA;21.06;NA;NA;NA;
29;9;20.95;9.54;11.91;NA;ND;4.62;NA;NA;21.35;NA;NA;NA;
29;10;12.79;15.61;9.52;NA;ND;2.58;NA;NA;5.68;NA;NA;NA;
29;11;17.35;19.47;5.85;NA;ND;10.67;NA;NA;12.38;NA;NA;NA;
29;12;9.95;16.14;3.51;NA;ND;2.83;NA;NA;3.92;NA;NA;NA;
29;13;7.45;15.8;5.93;NA;ND;6.55;NA;NA;0.24;NA;NA;NA;
29;14;7.24;11.54;12.84;NA;ND;12.45;NA;NA;6.1;NA;NA;NA;
29;15;12.7;14.9;6.75;NA;ND;6.62;NA;NA;11.58;NA;NA;NA;
29;16;10.72;11.71;4.94;NA;ND;10.1;NA;NA;7.75;NA;NA;NA;
29;17;13.28;16.89;14.64;NA;ND;8.37;NA;NA;1.29;NA;NA;NA;
29;18;12.11;17.93;11.13;NA;ND;16.33;NA;NA;10.94;NA;NA;NA;
29;19;7.88;22.31;15.07;NA;ND;4.19;NA;NA;12.04;NA;NA;NA;
29;20;20.74;22.34;14.69;NA;ND;7.67;NA;NA;14.01;NA;NA;NA;
29;21;17.29;29.91;14.5;NA;ND;11.27;NA;NA;12.76;NA;NA;NA;
29;22;12.98;27.12;5.22;NA;ND;3.66;NA;NA;22.8;NA;NA;NA;
29;23;15.54;12.2;6.96;NA;ND;4.58;NA;NA;ND;NA;NA;NA;
30;0;17.01;23.66;16.73;NA;ND;4.7;NA;NA;29.84;NA;NA;NA;
30;1;7.59;8.79;8.43;NA;ND;8.32;NA;NA;20.77;NA;NA;NA;
30;2;9.73;5.18;7.06;NA;ND;1.9;NA;NA;20.39;NA;NA;NA;
30;3;11.85;11.75;4.1;NA;ND;7.4;NA;NA;1.68;NA;NA;NA;
30;4;9.04;5.72;7.96;NA;ND;5.91;NA;NA;21.31;NA;NA;NA;
30;5;9.04;9.68;3.89;NA;ND;4.78;NA;NA;15.29;NA;NA;NA;
30;6;18.49;29.54;3.25;NA;ND;19.64;NA;NA;18.92;NA;NA;NA;
30;7;13.29;18.94;4.63;NA;ND;11.35;NA;NA;16.91;NA;NA;NA;
30;8;11.74;21.19;13.12;NA;ND;8.38;NA;NA;18.92;NA;NA;NA;
30;9;13.78;14.66;5.71;NA;ND;5.07;NA;NA;9.17;NA;NA;NA;
30;10;13.42;20.79;5.05;NA;ND;1.98;NA;NA;9.36;NA;NA;NA;
30;11;25.51;35.04;8.71;NA;ND;3.38;NA;NA;3.33;NA;NA;NA;
30;12;23.97;29.47;5.7;NA;ND;7.84;NA;NA;10.38;NA;NA;NA;
30;13;23.27;33.29;10.69;NA;ND;5.03;NA;NA;6.42;NA;NA;NA;
30;14;35.99;21.91;2.27;NA;ND;11.84;NA;NA;7.1;NA;NA;NA;
30;15;42.57;27.5;13.55;NA;ND;8.47;NA;NA;2.32;NA;NA;NA;
30;16;12.48;19.87;8.66;NA;ND;8.22;NA;NA;23.26;NA;NA;NA;
30;17;17.06;24.5;10.46;NA;ND;12.01;NA;NA;7.15;NA;NA;NA;
30;18;15.63;30.91;20.93;NA;ND;16.3;NA;NA;3.01;NA;NA;NA;
30;19;15.89;21.84;16.75;NA;ND;4.77;NA;NA;5.82;NA;NA;NA;
30;20;11.6;7.19;12.08;NA;ND;6.33;NA;NA;9.14;NA;NA;NA;
30;21;7.71;11.86;9.47;NA;ND;15.58;NA;NA;10.82;NA;NA;NA;
30;22;5.09;3.39;11.8;NA;ND;10.88;NA;NA;8.38;NA;NA;NA;
30;23;8.02;8.92;2.88;NA;ND;8.27;NA;NA;ND;NA;NA;NA;
31;0;13.84;0.52;6.6;NA;ND;8.57;NA;NA;16.67;NA;NA;NA;
31;1;11.65;7.31;4.49;NA;ND;11.88;NA;NA;27.91;NA;NA;NA;
31;2;6.79;3.66;6.75;NA;ND;6.37;NA;NA;21.29;NA;NA;NA;
31;3;2.32;2.87;5.23;NA;ND;8.31;NA;NA;5.45;NA;NA;NA;
31;4;7.39;4.04;5.37;NA;ND;7.03;NA;NA;34.15;NA;NA;NA;
31;5;5.46;9.17;3.86;NA;ND;15.55;NA;NA;25.19;NA;NA;NA;
31;6;13.68;29.17;19.98;NA;ND;19.22;NA;NA;13.41;NA;NA;NA;
31;7;6.45;14.22;15.5;NA;ND;7.28;NA;NA;6.27;NA;NA;NA;
31;8;17.67;7.99;10.83;NA;ND;12.1;NA;NA;18.45;NA;NA;NA;
31;9;15.41;9.8;8.62;NA;ND;0;NA;NA;18.78;NA;NA;NA;
31;10;4.97;11.89;3.18;NA;ND;8.57;NA;NA;0.94;NA;NA;NA;
31;11;6;14.77;7.73;NA;ND;3.68;NA;NA;4.04;NA;NA;NA;
31;12;19.96;15.97;3.14;NA;ND;6.82;NA;NA;9.18;NA;NA;NA;
31;13;17.55;16.56;10.87;NA;ND;8.2;NA;NA;3.36;NA;NA;NA;
31;14;6.79;9.79;10.8;NA;ND;19.3;NA;NA;13.04;NA;NA;NA;
31;15;18.39;18.91;14.4;NA;ND;18.9;NA;NA;12.87;NA;NA;NA;
31;16;9.04;26.72;11.21;NA;ND;14.4;NA;NA;17.64;NA;NA;NA;
31;17;23.18;42.28;7.17;NA;ND;14.85;NA;NA;12.07;NA;NA;NA;
31;18;13.86;18.36;14.58;NA;ND;8.91;NA;NA;0.76;NA;NA;NA;
31;19;9.76;9.16;14.31;NA;ND;7.37;NA;NA;13.11;NA;NA;NA;
31;20;12.49;15.16;15.9;NA;ND;11.18;NA;NA;9.03;NA;NA;NA;
31;21;11.87;22.52;15.98;NA;ND;16.46;NA;NA;32.07;NA;NA;NA;
31;22;26.12;29.28;11.62;NA;ND;33.33;NA;NA;25.83;NA;NA;NA;
31;23;39.54;40.15;14.71;NA;ND;26.87;NA;NA;ND;NA;NA;NA;
