DIA;HORA;Cotocollao;Carapungo;Belisario;Jipijapa;El Camal;Centro;Guamaní;Tumbaco;Los Chillos;El Condado;Turubamba;Chillogallo;
1;0;3.81;0.15;ND;NA;ND;1.72;1.11;1.18;0.5;NA;NA;NA;
1;1;1.2;ND;2.08;NA;ND;2.2;0.68;0.85;ND;NA;NA;NA;
1;2;0.94;0.16;1.77;NA;ND;1.46;0.59;0.78;1.09;NA;NA;NA;
1;3;0.7;0.32;1.53;NA;ND;1.19;1.04;0.6;0.32;NA;NA;NA;
1;4;1.46;0.31;1.57;NA;ND;0.89;1.26;0.67;0.23;NA;NA;NA;
1;5;2.7;4.76;1.4;NA;ND;0.94;1.38;0.71;0.49;NA;NA;NA;
1;6;3.43;2;2.31;NA;ND;1.9;1.23;0.58;0.52;NA;NA;NA;
1;7;5.81;2.06;2.56;NA;ND;3.1;2.25;0.99;0.38;NA;NA;NA;
1;8;3.8;2.19;3.39;NA;ND;2.7;1.34;0.52;1.89;NA;NA;NA;
1;9;3.36;1.89;3.57;NA;ND;3.77;1.14;0.63;3.72;NA;NA;NA;
1;10;2.88;2.26;4.12;NA;ND;4.52;0.93;1.57;5.27;NA;NA;NA;
1;11;2.41;2.53;3.26;NA;ND;3.41;1.77;2.11;26.63;NA;NA;NA;
1;12;4.92;4.7;3.83;NA;ND;3.22;3.98;3.55;20.17;NA;NA;NA;
1;13;6.34;7.41;4.71;NA;ND;3.44;1.99;3.91;10.96;NA;NA;NA;
1;14;6.4;6;6.15;NA;ND;4.93;3.58;4.91;5.34;NA;NA;NA;
1;15;4.42;3.31;4.82;NA;ND;3.74;3.32;4.42;23.33;NA;NA;NA;
1;16;2.66;2.21;3.89;NA;ND;3.05;2.84;3.36;24.41;NA;NA;NA;
1;17;2.64;1.48;3.4;NA;ND;2.24;2.72;2.36;21.11;NA;NA;NA;
1;18;2.67;1.37;11.02;NA;ND;1.9;2.7;2.15;7.36;NA;NA;NA;
1;19;2.63;1.49;6.13;NA;ND;3.69;3.9;1.98;4.6;NA;NA;NA;
1;20;2.22;1.57;3.58;NA;ND;3.89;5.48;1.67;3.22;NA;NA;NA;
1;21;2.28;1.02;8.13;NA;ND;2.59;6.58;1.38;2.43;NA;NA;NA;
1;22;2.45;1.46;5.41;NA;ND;3.62;3.61;1.3;2.3;NA;NA;NA;
1;23;2.02;0.59;6.51;NA;ND;4.09;3.11;0.97;2.06;NA;NA;NA;
2;0;1.26;3.7;6.16;NA;ND;3.37;2.03;ND;2.5;NA;NA;NA;
2;1;ND;8.52;7.66;NA;ND;ND;ND;1.09;0.49;NA;NA;NA;
2;2;2.19;4.71;6.29;NA;ND;2.54;0.99;7.86;1.81;NA;NA;NA;
2;3;2.28;12.51;4.02;NA;ND;3.21;0.74;7.05;4.86;NA;NA;NA;
2;4;3.18;11.96;3.21;NA;ND;4.87;0.73;2.7;3.21;NA;NA;NA;
2;5;3.15;12.19;4.09;NA;ND;4.82;3.47;4.32;8.24;NA;NA;NA;
2;6;2.82;9.14;5.16;NA;ND;5.05;4.41;3.37;5.13;NA;NA;NA;
2;7;7.02;12.38;8.77;NA;ND;10.76;2.92;3.03;20.42;NA;NA;NA;
2;8;5.18;8.57;8.1;NA;ND;8.75;1.22;5.43;13.98;NA;NA;NA;
2;9;6.34;7.09;6.01;NA;ND;5.91;0.71;4.37;7.22;NA;NA;NA;
2;10;8.08;7.02;5.37;NA;ND;4.24;1.31;2;5.02;NA;NA;NA;
2;11;4.43;7.36;5.7;NA;ND;4.33;1.95;2.79;19.26;NA;NA;NA;
2;12;7.16;5.9;5.73;NA;ND;3.49;2.02;5.29;12.2;NA;NA;NA;
2;13;2.04;1.68;5.52;NA;ND;5.1;1.86;5.85;6.34;NA;NA;NA;
2;14;0.82;0.9;4.29;NA;ND;3.08;1.33;3.37;3.49;NA;NA;NA;
2;15;0.6;1.19;2.65;NA;ND;2.12;1.12;1.93;1.98;NA;NA;NA;
2;16;0.64;0.87;1.99;NA;ND;1.61;1.11;1.54;1.39;NA;NA;NA;
2;17;0.4;0.87;1.8;NA;ND;1.34;1.5;1.32;1.38;NA;NA;NA;
2;18;0.52;0.64;1.79;NA;ND;1.14;1.06;1.11;4.45;NA;NA;NA;
2;19;0.58;0.79;1.75;NA;ND;0.8;1.03;1.19;2.83;NA;NA;NA;
2;20;0.62;0.56;1.79;NA;ND;0.6;1.18;0.88;5.22;NA;NA;NA;
2;21;0.68;0.41;1.64;NA;ND;0.73;0.7;0.96;4.39;NA;NA;NA;
2;22;0.6;0.3;1.47;NA;ND;0.51;0.93;0.89;2.16;NA;NA;NA;
2;23;0.59;0.44;1.11;NA;ND;0.43;0.51;0.84;1.83;NA;NA;NA;
3;0;0.83;0.1;ND;NA;ND;0.29;0.63;0.92;3.34;NA;NA;NA;
3;1;1.71;ND;1.45;NA;ND;0.26;0.98;0.79;ND;NA;NA;NA;
3;2;0.96;0.24;1.14;NA;ND;0.68;0.76;1.08;5.43;NA;NA;NA;
3;3;0.97;0.2;4.52;NA;ND;2.36;0.48;1.69;2.41;NA;NA;NA;
3;4;1.21;0.17;4.74;NA;ND;2.24;0.7;1.43;0.77;NA;NA;NA;
3;5;0.85;0.36;1.84;NA;ND;1.5;1.17;1.35;0.54;NA;NA;NA;
3;6;0.63;0.28;2.05;NA;ND;1.14;2.05;1.04;0.86;NA;NA;NA;
3;7;1.59;1.24;2.24;NA;ND;1.51;1.64;1.76;4.16;NA;NA;NA;
3;8;1.8;0.98;3.73;NA;ND;1.88;1.02;2.29;7.54;NA;NA;NA;
3;9;2.15;1.31;5.31;NA;ND;1.56;0.93;0.76;15.59;NA;NA;NA;
3;10;4.17;2.42;4.72;NA;ND;3.59;1.76;0.46;50.99;NA;NA;NA;
3;11;2.42;4.66;5.02;NA;ND;3.81;2.09;0.75;56.34;NA;NA;NA;
3;12;1.21;2.81;3.61;NA;ND;3.06;1.81;5.6;10.22;NA;NA;NA;
3;13;0.81;1.03;2.45;NA;ND;1.29;0.77;3.27;1.31;NA;NA;NA;
3;14;0.61;0.73;1.9;NA;ND;0.68;1.09;3.44;0.95;NA;NA;NA;
3;15;0.89;1.12;3.83;NA;ND;0.59;1.36;1.5;0.75;NA;NA;NA;
3;16;1.34;3.15;3.38;NA;ND;0.77;0.8;1.58;0.63;NA;NA;NA;
3;17;1.17;1.32;3.61;NA;ND;0.92;1.36;1.73;9.21;NA;NA;NA;
3;18;0.75;0.41;2.54;NA;ND;1.74;3.61;1.39;13.63;NA;NA;NA;
3;19;0.67;0.36;2.31;NA;ND;2.2;2.43;1.79;12.87;NA;NA;NA;
3;20;1.37;0.47;2.51;NA;ND;1.3;2.08;2.01;4.36;NA;NA;NA;
3;21;1.19;0.57;2.15;NA;ND;1.49;2.09;2.03;5.35;NA;NA;NA;
3;22;1.27;0.67;3.1;NA;ND;3.77;1.58;1.72;5.5;NA;NA;NA;
3;23;1.84;0.62;3.47;NA;ND;3.34;2.14;1.71;5.13;NA;NA;NA;
4;0;2.07;0.32;4.28;NA;ND;3.76;3.62;ND;6.45;NA;NA;NA;
4;1;ND;0.3;4.89;NA;ND;ND;ND;1.85;5.22;NA;NA;NA;
4;2;1.58;0.61;3.95;NA;ND;2.95;1.37;1.35;2.38;NA;NA;NA;
4;3;1.25;0.52;1.5;NA;ND;1.71;1.57;0.71;2.21;NA;NA;NA;
4;4;1.42;1.61;2.56;NA;ND;3.71;2.32;1.77;2.32;NA;NA;NA;
4;5;3.35;2.25;3.17;NA;ND;5.59;3.23;0.87;4.78;NA;NA;NA;
4;6;4.98;4.96;6.67;NA;ND;7.76;3.04;1.43;5.38;NA;NA;NA;
4;7;8.22;9.29;11.5;NA;ND;9.06;2.13;1.97;12.56;NA;NA;NA;
4;8;9.94;8.06;9.34;NA;ND;8.14;1.9;1;11.8;NA;NA;NA;
4;9;8.91;5.28;6.31;NA;ND;5.82;1.5;2.62;7.43;NA;NA;NA;
4;10;6.51;4.78;8.12;NA;ND;2.94;1.81;3.93;14.57;NA;NA;NA;
4;11;ND;10.29;7.33;NA;ND;7.46;2.66;ND;64.45;NA;NA;NA;
4;12;ND;12.21;ND;NA;ND;11.41;7.81;ND;63.37;NA;NA;NA;
4;13;5.53;3.75;12.13;NA;ND;13.59;1.63;ND;29.15;NA;NA;NA;
4;14;ND;3.12;ND;NA;ND;5.46;2.36;ND;4.45;NA;NA;NA;
4;15;1.4;2.69;ND;NA;ND;2.39;2.54;2.36;3.43;NA;NA;NA;
4;16;1.01;1.63;4.26;NA;ND;2.29;3.01;2.22;9.97;NA;NA;NA;
4;17;0.93;1.22;3.57;NA;ND;2.46;10.23;5.88;20.32;NA;NA;NA;
4;18;3.01;1.22;5.14;NA;ND;2.57;3.4;23.79;9.99;NA;NA;NA;
4;19;4.99;9.42;15.06;NA;ND;3.55;5.25;5.5;2.29;NA;NA;NA;
4;20;2.69;4.39;7.88;NA;ND;3.81;4.07;25.23;5.05;NA;NA;NA;
4;21;1.42;2.36;5.52;NA;ND;5.97;1.99;32;5.29;NA;NA;NA;
4;22;1.75;1.39;6.52;NA;ND;5.05;3.69;16.53;6.94;NA;NA;NA;
4;23;2.12;1.18;4.79;NA;ND;4.67;2.97;14.73;7.17;NA;NA;NA;
5;0;1.03;0.51;ND;NA;ND;3.2;3.95;14.93;10.27;NA;NA;NA;
5;1;1.69;ND;66.57;NA;ND;5;2.06;11.56;ND;NA;NA;NA;
5;2;1.36;0.93;6.81;NA;ND;38.15;2.96;5.27;10.79;NA;NA;NA;
5;3;1.27;0.7;5.08;NA;ND;5.64;4.49;3.36;4.3;NA;NA;NA;
5;4;1.85;0.87;4.1;NA;ND;3.69;1.38;2.29;1.89;NA;NA;NA;
5;5;2.1;1.11;6.75;NA;ND;3.26;1.73;2.18;1.33;NA;NA;NA;
5;6;2.92;1.55;4.32;NA;ND;5.39;12.57;1.91;1.34;NA;NA;NA;
5;7;3.56;2.71;6.42;NA;ND;5.06;9.02;2.15;3.33;NA;NA;NA;
5;8;7.13;4.1;5.75;NA;ND;4.67;3.2;2.33;8.85;NA;NA;NA;
5;9;6.97;3.37;6.11;NA;ND;3.9;1.9;2.33;7.96;NA;NA;NA;
5;10;4.86;2.96;ND;NA;ND;2.57;1.32;2.13;7.12;NA;NA;NA;
5;11;3.1;4.03;4.35;NA;ND;4.71;1.8;1.93;51.72;NA;NA;NA;
5;12;2.11;2.31;3.22;NA;ND;ND;3.55;2.41;17.98;NA;NA;NA;
5;13;2.32;1.09;2.24;NA;ND;ND;1.19;2.33;19.75;NA;NA;NA;
5;14;3.01;1.49;2.34;NA;ND;ND;1.04;1.63;2.18;NA;NA;NA;
5;15;1.34;1.27;1.57;NA;ND;ND;1.16;7.84;1.9;NA;NA;NA;
5;16;1.12;1.42;2.38;NA;ND;3.44;1.36;4.28;11.43;NA;NA;NA;
5;17;2.79;2.51;4.82;NA;ND;1.84;1.05;2.78;3.74;NA;NA;NA;
5;18;3.75;4.26;8.26;NA;ND;1.78;1.33;2.84;5.25;NA;NA;NA;
5;19;2.68;3.03;9.16;NA;ND;1.93;1.33;2.89;7.56;NA;NA;NA;
5;20;3.01;2.25;9.13;NA;ND;2.53;1.54;2.74;5.98;NA;NA;NA;
5;21;3.61;1.8;10.84;NA;ND;2.58;1.32;1.71;5.05;NA;NA;NA;
5;22;ND;1.01;6.23;NA;ND;2.85;1.05;1.22;13.45;NA;NA;NA;
5;23;1.44;3.8;4.88;NA;ND;4.53;1;3.86;3.78;NA;NA;NA;
6;0;2.12;1.27;4.12;NA;ND;3.09;0.8;ND;1.64;NA;NA;NA;
6;1;ND;1.51;3.22;NA;ND;ND;ND;6.56;3.06;NA;NA;NA;
6;2;1.93;2.51;7.65;NA;ND;2.85;0.68;1.46;4.54;NA;NA;NA;
6;3;1.85;3.89;5.39;NA;ND;5;0.79;3.35;3.92;NA;NA;NA;
6;4;3.34;5.02;2.3;NA;ND;3.19;0.67;2.74;2.81;NA;NA;NA;
6;5;5.08;5.96;1.29;NA;ND;2.47;0.92;2.22;3.98;NA;NA;NA;
6;6;7.11;8.29;4.15;NA;ND;4.04;1.1;3.36;3.52;NA;NA;NA;
6;7;7.72;9.22;2.62;NA;ND;3.92;1.21;5.68;4.65;NA;NA;NA;
6;8;7.98;8.44;2.25;NA;ND;4.19;0.71;3.03;5.12;NA;NA;NA;
6;9;9.35;7.4;2.05;NA;ND;3.42;0.96;2;26.38;NA;NA;NA;
6;10;6.52;4.13;4.69;NA;ND;2.64;1.34;5.93;32.4;NA;NA;NA;
6;11;5.81;3.33;3.34;NA;ND;3.84;1.14;3.5;35.12;NA;NA;NA;
6;12;3.45;2.67;2.38;NA;ND;2.42;2.05;2.42;26.77;NA;NA;NA;
6;13;3.5;2.25;3.24;NA;ND;2.01;5.14;1.89;16.63;NA;NA;NA;
6;14;2.18;1.36;2.79;NA;ND;2.48;5.41;2.2;17.12;NA;NA;NA;
6;15;ND;2.6;6.54;NA;ND;5.44;8.87;6.38;6.14;NA;NA;NA;
6;16;3.22;2.82;4.1;NA;ND;4.42;5.01;1.47;0.88;NA;NA;NA;
6;17;4.86;3.77;2.55;NA;ND;1.06;1.65;1.28;0.78;NA;NA;NA;
6;18;5.69;3.27;4.41;NA;ND;2.85;1.82;1.6;1.65;NA;NA;NA;
6;19;4.76;2.93;4.8;NA;ND;4.68;1.84;2.43;1.91;NA;NA;NA;
6;20;3.53;3.3;3.99;NA;ND;3.48;0.9;2.34;1.61;NA;NA;NA;
6;21;3.92;3.76;2.35;NA;ND;3.9;0.73;2.16;6.25;NA;NA;NA;
6;22;3.44;4.38;4.34;NA;ND;4.16;0.64;2.05;5.18;NA;NA;NA;
6;23;7.11;5.36;2.54;NA;ND;2.93;0.66;2.31;4.77;NA;NA;NA;
7;0;5.86;7.16;ND;NA;ND;2.31;0.49;5.65;2.9;NA;NA;NA;
7;1;4.48;ND;1.38;NA;ND;2.21;0.7;4.05;ND;NA;NA;NA;
7;2;5.68;14.5;1.26;NA;ND;2.98;0.89;1.07;4.61;NA;NA;NA;
7;3;5.52;6.54;1.33;NA;ND;2.3;0.71;2.9;2.67;NA;NA;NA;
7;4;7.07;4.95;0.9;NA;ND;2.65;0.66;2.87;6.26;NA;NA;NA;
7;5;6.16;5.41;1.03;NA;ND;3.03;0.77;2.36;4.44;NA;NA;NA;
7;6;10.1;11.17;2.56;NA;ND;3.98;1.24;3.18;5.18;NA;NA;NA;
7;7;12.37;8.92;2.67;NA;ND;5.15;1.07;3.62;9.26;NA;NA;NA;
7;8;5.25;6.05;2.99;NA;ND;3.86;1.07;2.45;10.79;NA;NA;NA;
7;9;2.07;3.61;2.31;NA;ND;1.15;0.93;1.46;10.79;NA;NA;NA;
7;10;1.71;2.72;2.03;NA;ND;1.94;0.97;2.89;17.28;NA;NA;NA;
7;11;1.46;2.09;2.01;NA;ND;1.55;0.88;2.25;21.96;NA;NA;NA;
7;12;1.63;2.28;1.86;NA;ND;1.17;1.61;1.66;5.18;NA;NA;NA;
7;13;2.05;2.62;1.92;NA;ND;1.07;2.29;1.41;1.35;NA;NA;NA;
7;14;1.89;2.17;1.7;NA;ND;0.93;1.97;1.36;0.23;NA;NA;NA;
7;15;2.53;2.21;2.29;NA;ND;0.73;1.26;1.15;0.3;NA;NA;NA;
7;16;1.39;2.05;2.37;NA;ND;1.1;1.25;1.87;0.64;NA;NA;NA;
7;17;1.55;2.22;2.12;NA;ND;2.01;0.91;1.83;0.64;NA;NA;NA;
7;18;1.57;2.45;2.42;NA;ND;3.08;1.24;1.45;1.15;NA;NA;NA;
7;19;1.43;2.26;1.81;NA;ND;1.7;1.09;1.83;17.36;NA;NA;NA;
7;20;2.38;2.41;1.71;NA;ND;1.68;11.23;1.91;3.78;NA;NA;NA;
7;21;2.22;2.76;2.34;NA;ND;1.86;15.87;2.23;2.7;NA;NA;NA;
7;22;1.96;2.98;ND;NA;ND;2.24;1.9;2.02;2.48;NA;NA;NA;
7;23;1.94;2.57;ND;NA;ND;2.29;1.06;1.5;5.46;NA;NA;NA;
8;0;1.78;2.34;3.59;NA;ND;3.39;0.96;ND;2.36;NA;NA;NA;
8;1;ND;4.73;1.49;NA;ND;ND;ND;2.25;1.49;NA;NA;NA;
8;2;2.31;5.35;1.13;NA;ND;2.16;0.76;1.9;2.97;NA;NA;NA;
8;3;1.96;3.8;5;NA;ND;2.84;0.51;2.21;2.82;NA;NA;NA;
8;4;1.69;4.75;4.48;NA;ND;1.98;0.61;2.47;2.51;NA;NA;NA;
8;5;6.31;8.05;2.84;NA;ND;2.11;1.06;2.21;4.68;NA;NA;NA;
8;6;8.02;10.6;7.32;NA;ND;4.22;1.13;2.87;5.25;NA;NA;NA;
8;7;9.72;11.93;7.76;NA;ND;4.33;1.24;4.73;12.06;NA;NA;NA;
8;8;8.96;6.46;3.57;NA;ND;3.04;0.91;2.67;10.01;NA;NA;NA;
8;9;5.3;4.11;ND;NA;ND;1.19;1.11;2.37;6.81;NA;NA;NA;
8;10;1.86;1.95;ND;NA;ND;2.22;0.91;5.13;4.05;NA;NA;NA;
8;11;1.39;2.03;2;NA;ND;2.54;1.72;2.72;20.26;NA;NA;NA;
8;12;1.26;1.65;1.05;NA;ND;0.97;1.29;1.31;0.84;NA;NA;NA;
8;13;1.62;1.76;1.14;NA;ND;0.56;1.16;1.13;0.29;NA;NA;NA;
8;14;1.43;2.12;1.14;NA;ND;1.94;1.03;1.2;0.42;NA;NA;NA;
8;15;1.27;2;1.45;NA;ND;0.69;1.29;1.34;0.28;NA;NA;NA;
8;16;1.08;1.71;1.13;NA;ND;1.27;0.99;1.15;0.33;NA;NA;NA;
8;17;1.17;1.86;1.01;NA;ND;1.56;2.22;1.66;1.09;NA;NA;NA;
8;18;1.25;2.25;1.54;NA;ND;1.79;5.85;1.79;2.49;NA;NA;NA;
8;19;1.81;1.85;1.17;NA;ND;1.67;2.52;2.27;4.74;NA;NA;NA;
8;20;2.71;1.96;2.82;NA;ND;2.05;9.46;2.67;4.65;NA;NA;NA;
8;21;3.24;2.17;4.95;NA;ND;2.23;6.71;2.51;4.85;NA;NA;NA;
8;22;2.04;1.78;5.23;NA;ND;ND;1.6;3.04;8.19;NA;NA;NA;
8;23;1.49;1.43;7.9;NA;ND;ND;0.82;2.65;7.53;NA;NA;NA;
9;0;2.34;1.29;ND;NA;ND;2.71;1.09;1.39;7.01;NA;NA;NA;
9;1;3.1;ND;3.98;NA;ND;0.69;0.73;2.59;ND;NA;NA;NA;
9;2;2.48;2.45;1.37;NA;ND;2.93;0.74;2.48;6.67;NA;NA;NA;
9;3;3.03;2.92;1.31;NA;ND;3.81;0.43;2.25;4.9;NA;NA;NA;
9;4;5.14;3.34;0.93;NA;ND;2.28;0.46;2.57;4.06;NA;NA;NA;
9;5;5.12;3.04;1;NA;ND;1.88;0.65;2.55;2.75;NA;NA;NA;
9;6;6.96;3.96;2.67;NA;ND;2.43;0.94;2.7;3.82;NA;NA;NA;
9;7;6.28;4.51;3.58;NA;ND;2.02;0.97;5.08;5.87;NA;NA;NA;
9;8;4.86;4.49;1.53;NA;ND;1.33;1.02;3.63;11.41;NA;NA;NA;
9;9;1.47;2.25;1.52;NA;ND;0.69;0.71;1.63;4.3;NA;NA;NA;
9;10;1.21;1.91;2.25;NA;ND;1.44;0.89;1.86;1.07;NA;NA;NA;
9;11;1.55;2.17;3.39;NA;ND;3.17;1.4;1.74;0.38;NA;NA;NA;
9;12;1.62;1.53;1.11;NA;ND;0.48;1.03;1.93;0.19;NA;NA;NA;
9;13;1.83;2.01;1.17;NA;ND;0.4;0.65;1.5;0.11;NA;NA;NA;
9;14;1.63;1.99;1.14;NA;ND;0.4;0.88;1;0.27;NA;NA;NA;
9;15;1.25;1.6;0.85;NA;ND;0.5;0.99;0.92;0.24;NA;NA;NA;
9;16;1.28;1.64;1.06;NA;ND;0.79;1.32;0.87;0.4;NA;NA;NA;
9;17;1.52;1.7;1.24;NA;ND;1.04;3.33;0.85;0.54;NA;NA;NA;
9;18;1.98;2.05;1.39;NA;ND;1.15;2.66;1.03;6.69;NA;NA;NA;
9;19;2.23;1.61;1.62;NA;ND;1.57;2.27;1.16;7.84;NA;NA;NA;
9;20;2.43;2.3;1.49;NA;ND;2.24;4.86;1.49;1.29;NA;NA;NA;
9;21;2.6;1.95;1.46;NA;ND;2.01;2.53;1.5;5.86;NA;NA;NA;
9;22;1.85;1.79;1.65;NA;ND;1.9;1.54;1.34;11.04;NA;NA;NA;
9;23;1.45;2;1.47;NA;ND;1.49;1.24;1.06;11.64;NA;NA;NA;
10;0;1.45;2.51;1.3;NA;ND;1.42;1;ND;9.3;NA;NA;NA;
10;1;ND;2.39;1.73;NA;ND;ND;ND;1.19;4.98;NA;NA;NA;
10;2;2.81;2.19;1.76;NA;ND;2.29;0.81;1.02;5.4;NA;NA;NA;
10;3;2.88;2.67;1.88;NA;ND;2.49;0.6;1.3;4.36;NA;NA;NA;
10;4;2.1;5.17;2.11;NA;ND;2.76;0.6;1.88;4.01;NA;NA;NA;
10;5;2.33;4.23;2.54;NA;ND;2.11;0.77;1.31;3.45;NA;NA;NA;
10;6;3.11;4.68;3.77;NA;ND;2.22;0.83;2.89;4.56;NA;NA;NA;
10;7;4.98;6.86;4.9;NA;ND;2.52;0.86;2.37;6.1;NA;NA;NA;
10;8;2.3;4.02;4.72;NA;ND;2.78;0.72;1.38;5.46;NA;NA;NA;
10;9;1.68;1.98;1.85;NA;ND;1.33;0.75;5.53;3.86;NA;NA;NA;
10;10;1.05;1.7;1.11;NA;ND;0.72;1.14;8.29;7.12;NA;NA;NA;
10;11;0.89;1.14;0.87;NA;ND;0.71;1.2;2.4;0.48;NA;NA;NA;
10;12;0.87;1.35;0.87;NA;ND;1.74;0.82;1.96;0.34;NA;NA;NA;
10;13;0.69;0.86;0.86;NA;ND;0.44;1.11;1.78;0.28;NA;NA;NA;
10;14;0.79;1.08;0.65;NA;ND;0.42;0.79;1.15;0.43;NA;NA;NA;
10;15;0.66;1.01;0.59;NA;ND;0.42;0.58;1.09;0.24;NA;NA;NA;
10;16;0.57;1.03;0.82;NA;ND;0.56;0.69;0.84;0.15;NA;NA;NA;
10;17;0.98;1.11;1.12;NA;ND;0.53;0.71;0.96;0.47;NA;NA;NA;
10;18;1.45;1.63;1.05;NA;ND;1.48;1.02;1.07;0.71;NA;NA;NA;
10;19;1.55;1.57;3.1;NA;ND;1.09;1.5;1.06;2.08;NA;NA;NA;
10;20;1.24;1.8;0.57;NA;ND;0.98;4.35;1.24;2.67;NA;NA;NA;
10;21;1.62;2.29;1.24;NA;ND;0.96;5.34;1.3;4.44;NA;NA;NA;
10;22;1.56;1.76;2.32;NA;ND;1.15;11.24;1.38;13.52;NA;NA;NA;
10;23;1.48;1.79;8.58;NA;ND;1.2;3.7;1.21;13.08;NA;NA;NA;
11;0;1.25;1.55;ND;NA;ND;1.74;4.17;1.19;4.88;NA;NA;NA;
11;1;1.38;ND;5.1;NA;ND;2.68;2.36;0.81;ND;NA;NA;NA;
11;2;1.53;1.36;1.57;NA;ND;1.35;1.78;1.33;5.68;NA;NA;NA;
11;3;1.49;1.43;1.27;NA;ND;0.52;1.4;1.02;6.92;NA;NA;NA;
11;4;1.95;1.41;3.99;NA;ND;0.56;1.68;0.97;3.34;NA;NA;NA;
11;5;2.42;2.64;5.55;NA;ND;2.4;2.12;2.58;2.54;NA;NA;NA;
11;6;4.76;6.31;5.3;NA;ND;5.4;3.63;3.12;3.66;NA;NA;NA;
11;7;7.38;2.8;3.15;NA;ND;5.64;2.14;1.95;9.49;NA;NA;NA;
11;8;3.5;1.89;1.56;NA;ND;1.91;1.25;2.43;17.56;NA;NA;NA;
11;9;2.09;2.16;1.59;NA;ND;0.61;1.29;4.26;18.84;NA;NA;NA;
11;10;1.53;1.98;1.34;NA;ND;3.75;1.76;1.41;4.15;NA;NA;NA;
11;11;1.43;2.73;1.08;NA;ND;ND;1.18;1.09;0.38;NA;NA;NA;
11;12;1.65;1.91;1.21;NA;ND;1.87;ND;0.92;0.73;NA;NA;NA;
11;13;1.05;1.27;1.15;NA;ND;0.64;ND;0.97;0.29;NA;NA;NA;
11;14;1.42;1.28;1.45;NA;ND;0.72;ND;0.88;0.45;NA;NA;NA;
11;15;1.06;1.28;1.04;NA;ND;0.68;ND;0.76;0.39;NA;NA;NA;
11;16;1.31;1.31;1.31;NA;ND;0.97;0.18;1.05;0.46;NA;NA;NA;
11;17;1.57;1.48;1.61;NA;ND;5.17;0.28;0.88;0.83;NA;NA;NA;
11;18;1.86;1.61;1.75;NA;ND;3.32;0.57;0.88;0.69;NA;NA;NA;
11;19;2.54;1.62;3.55;NA;ND;1.89;0.7;2.46;1.72;NA;NA;NA;
11;20;2.2;1.77;1.34;NA;ND;0.93;2.21;1.62;3.18;NA;NA;NA;
11;21;5.24;2.64;2.29;NA;ND;0.76;0.97;1.2;9.56;NA;NA;NA;
11;22;5.01;2.24;6.58;NA;ND;1.1;0.53;1.81;6.68;NA;NA;NA;
11;23;3.68;2.58;5.9;NA;ND;1.47;0.06;2.59;10.71;NA;NA;NA;
12;0;4.57;3.96;4.17;NA;ND;2.06;0.15;ND;6.97;NA;NA;NA;
12;1;ND;4.7;5.76;NA;ND;ND;ND;2.24;4.55;NA;NA;NA;
12;2;3.84;3.46;5.24;NA;ND;5.53;0.16;3.97;3.71;NA;NA;NA;
12;3;2.21;2.72;2.6;NA;ND;5.77;4.22;0.88;3.97;NA;NA;NA;
12;4;3.21;4.36;2.99;NA;ND;3.99;1.16;1.83;5.76;NA;NA;NA;
12;5;3.76;4.41;4.02;NA;ND;4.77;0.62;3.68;12.48;NA;NA;NA;
12;6;6.42;10.34;8.56;NA;ND;4.02;4.47;1.77;8.11;NA;NA;NA;
12;7;8.4;9.55;6.27;NA;ND;9.37;4.51;5.22;11.1;NA;NA;NA;
12;8;8.34;4.98;7.69;NA;ND;13.2;3.93;5.04;16.86;NA;NA;NA;
12;9;ND;3.89;16.04;NA;ND;16.61;2.82;1.48;42.23;NA;NA;NA;
12;10;5.19;ND;9.61;NA;ND;9.33;3.29;1.64;147.79;NA;NA;NA;
12;11;3.3;ND;3.26;NA;ND;3.28;10.29;6.09;40.54;NA;NA;NA;
12;12;1.67;ND;2.24;NA;ND;1.71;3.15;2.3;1.38;NA;NA;NA;
12;13;1.86;1.43;1.28;NA;ND;0.73;1.04;2.13;ND;NA;NA;NA;
12;14;1.35;1.19;0.93;NA;ND;0.83;0.58;1.76;ND;NA;NA;NA;
12;15;1.31;1.05;1;NA;ND;0.73;0.52;1.75;0.72;NA;NA;NA;
12;16;1.07;0.99;1;NA;ND;1.26;0.49;1.61;0.71;NA;NA;NA;
12;17;1.81;1.81;1.23;NA;ND;10.01;0.29;1.51;1.05;NA;NA;NA;
12;18;3.55;1.63;3.04;NA;ND;16.5;0.23;1.35;1.44;NA;NA;NA;
12;19;2.32;1.19;2.26;NA;ND;1.36;0.45;1.31;0.89;NA;NA;NA;
12;20;3.55;1.58;1.54;NA;ND;5.09;0.79;2.89;5.14;NA;NA;NA;
12;21;2.44;1.55;2.59;NA;ND;16.77;1.55;1.74;8.38;NA;NA;NA;
12;22;2.36;2.03;4.81;NA;ND;10.89;1.44;1.17;6.58;NA;NA;NA;
12;23;2.41;1.43;2.74;NA;ND;12.32;2.92;2.63;6.99;NA;NA;NA;
13;0;2.58;1.75;ND;NA;ND;2.25;0.73;2.4;7.39;NA;NA;NA;
13;1;2.39;ND;3.77;NA;ND;2.93;0.25;1.03;2.61;NA;NA;NA;
13;2;2.85;2.79;5.08;NA;ND;2.77;0.56;1.25;1.85;NA;NA;NA;
13;3;3.04;2.21;3.44;NA;ND;3.26;0.84;1.84;1.77;NA;NA;NA;
13;4;3.3;1.95;4.77;NA;ND;2.5;0.82;0.83;1.96;NA;NA;NA;
13;5;3.53;2.87;4.34;NA;ND;4.8;0.97;0.83;3.52;NA;NA;NA;
13;6;5.87;5;7.24;NA;ND;11.04;2.68;3.62;5.07;NA;NA;NA;
13;7;6.36;6.28;12.54;NA;ND;9;7.06;1.29;6.68;NA;NA;NA;
13;8;8.62;4.55;7.57;NA;ND;7.11;4.71;2.72;11.18;NA;NA;NA;
13;9;4.21;5.09;2.28;NA;ND;2.44;1.21;3.81;10;NA;NA;NA;
13;10;2.95;2.51;2.13;NA;ND;2.1;0.52;2.97;7.94;NA;NA;NA;
13;11;5.12;4.44;3.85;NA;ND;ND;1.79;3.08;34.66;NA;NA;NA;
13;12;4.71;2.01;5.71;NA;ND;ND;4.03;2.67;4.89;NA;NA;NA;
13;13;3.38;1.43;3.28;NA;ND;0.81;2.03;2.3;0.79;NA;NA;NA;
13;14;1.86;1.25;3.81;NA;ND;4.05;0.37;2.02;ND;NA;NA;NA;
13;15;1.68;1.23;2.59;NA;ND;1.41;1.75;1.5;4.76;NA;NA;NA;
13;16;2.61;1.41;3.36;NA;ND;1;1.59;1.7;3.86;NA;NA;NA;
13;17;2.65;1.08;3.77;NA;ND;0.86;4.91;1.66;6.65;NA;NA;NA;
13;18;2.05;1.05;3.07;NA;ND;1.81;2.37;1.55;2.59;NA;NA;NA;
13;19;2.56;1.32;2.32;NA;ND;1.71;3.47;1.19;3.95;NA;NA;NA;
13;20;3.07;1.81;1.99;NA;ND;1.08;1.79;1.59;4.12;NA;NA;NA;
13;21;3.03;1.15;2.64;NA;ND;1.97;3.55;1.16;8.28;NA;NA;NA;
13;22;2.76;0.86;2.62;NA;ND;2.77;1.34;0.89;6.29;NA;NA;NA;
13;23;2.65;0.68;3.04;NA;ND;2.03;0.62;0.8;1.88;NA;NA;NA;
14;0;3.55;0.98;5.43;NA;ND;1.7;0.45;ND;1.44;NA;NA;NA;
14;1;ND;0.77;3.29;NA;ND;ND;ND;1.44;1.11;NA;NA;NA;
14;2;4.02;0.95;3.17;NA;ND;2.17;0.73;0.81;1.48;NA;NA;NA;
14;3;2.92;1.95;3.42;NA;ND;1.65;0.78;0.69;1.36;NA;NA;NA;
14;4;4.09;1.67;2.1;NA;ND;1.99;1.19;0.58;1.66;NA;NA;NA;
14;5;4.39;3.77;5.98;NA;ND;2.64;2.12;0.77;2.45;NA;NA;NA;
14;6;7.49;3.32;6.85;NA;ND;4.96;4.64;1.7;6.61;NA;NA;NA;
14;7;8.05;3.11;9.47;NA;ND;7.85;1.32;0.98;11.75;NA;NA;NA;
14;8;8.38;3.37;10.35;NA;ND;7.52;0.67;1.88;14.79;NA;NA;NA;
14;9;6.95;3.61;9.42;NA;ND;6.16;0.85;3.11;8.89;NA;NA;NA;
14;10;4.2;3.07;ND;NA;ND;3.39;0.9;3.43;64.5;NA;NA;NA;
14;11;3.7;2.46;ND;NA;ND;1.64;2.18;3.57;ND;NA;NA;NA;
14;12;3.61;1.89;2.75;NA;ND;1.92;5.68;4.01;5.51;NA;NA;NA;
14;13;2.4;1.79;ND;NA;ND;3.68;3.28;3.94;2.74;NA;NA;NA;
14;14;1.57;1.25;ND;NA;ND;2.38;6.04;1.47;4.57;NA;NA;NA;
14;15;1.26;1.22;0.75;NA;ND;1.29;2.12;1.24;9.14;NA;NA;NA;
14;16;1.56;1.32;0.72;NA;ND;1.07;2.33;1.26;20.34;NA;NA;NA;
14;17;2.11;1.1;0.9;NA;ND;1.04;2.56;0.73;0.9;NA;NA;NA;
14;18;1.97;1.28;1.2;NA;ND;1.23;4.52;1.52;5.18;NA;NA;NA;
14;19;1.89;1.09;0.82;NA;ND;1.28;6.08;2.08;6.27;NA;NA;NA;
14;20;1.55;1.31;1.22;NA;ND;0.94;3.08;1.88;4.03;NA;NA;NA;
14;21;2.44;1.38;1.85;NA;ND;1.05;2.8;1.57;8.62;NA;NA;NA;
14;22;2.47;1.37;3.04;NA;ND;2.51;2.74;1.24;5.49;NA;NA;NA;
14;23;2.66;1.46;5;NA;ND;6.34;1.61;1.07;2.82;NA;NA;NA;
15;0;2.48;0.84;4.39;NA;ND;8.1;1;1.29;2.26;NA;NA;NA;
15;1;2.42;ND;3.78;NA;ND;4.57;4.63;0.7;ND;NA;NA;NA;
15;2;2.29;1.15;4.46;NA;ND;4.65;6.59;0.83;1.82;NA;NA;NA;
15;3;2.67;0.62;3.05;NA;ND;3.08;1.92;1.01;0.81;NA;NA;NA;
15;4;2.04;0.73;1.17;NA;ND;2.3;2.65;0.74;0.84;NA;NA;NA;
15;5;2.78;1.21;2.08;NA;ND;2.46;2.97;1.05;1.4;NA;NA;NA;
15;6;6.42;1.41;5.52;NA;ND;6.26;10.77;0.85;2.19;NA;NA;NA;
15;7;6.65;3.08;6.65;NA;ND;7.72;11.38;1.01;1.93;NA;NA;NA;
15;8;6.95;3.67;7.03;NA;ND;6.43;2.42;1.82;4.02;NA;NA;NA;
15;9;5.39;3.56;3.97;NA;ND;2.98;1.72;0.84;6.25;NA;NA;NA;
15;10;3.88;2.4;2.13;NA;ND;1.85;1.32;1.2;8.02;NA;NA;NA;
15;11;3.16;1.86;ND;NA;ND;1.86;1.82;2.64;24.29;NA;NA;NA;
15;12;2.57;1.79;2;NA;ND;1.22;2.82;1.79;5.61;NA;NA;NA;
15;13;1.63;1.48;2.19;NA;ND;1.29;2.8;1.53;4.28;NA;NA;NA;
15;14;1.29;0.99;2.59;NA;ND;1.93;3.66;1.57;10.43;NA;NA;NA;
15;15;1.11;0.82;2.2;NA;ND;2.46;3.79;1.36;7.38;NA;NA;NA;
15;16;1.19;1.13;2.07;NA;ND;2.26;2.7;1.37;5.68;NA;NA;NA;
15;17;0.92;1.28;2.29;NA;ND;2.52;2.06;1.35;3.5;NA;NA;NA;
15;18;1.34;0.9;2.85;NA;ND;2.1;3.12;1.35;1.27;NA;NA;NA;
15;19;2.71;0.88;2.33;NA;ND;2.32;3.53;1.24;6.25;NA;NA;NA;
15;20;1.95;0.72;2.56;NA;ND;2.53;2.57;0.77;3.68;NA;NA;NA;
15;21;2.12;0.89;5.94;NA;ND;2.96;2.91;1.22;1.72;NA;NA;NA;
15;22;2.95;1.79;3.73;NA;ND;3.52;1.56;1.68;7.98;NA;NA;NA;
15;23;3.03;2.45;8.14;NA;ND;6.61;1.4;1.33;3.4;NA;NA;NA;
16;0;2.77;1.06;15.45;NA;ND;5.38;1.15;ND;9.83;NA;NA;NA;
16;1;ND;0.68;9.69;NA;ND;ND;ND;1.48;3.63;NA;NA;NA;
16;2;2.33;0.79;6.67;NA;ND;4.28;1.22;1.11;3.36;NA;NA;NA;
16;3;3.18;2.88;4.74;NA;ND;3.39;1.21;0.86;5.72;NA;NA;NA;
16;4;3.57;3.46;3.87;NA;ND;3.03;1.51;1.43;4.31;NA;NA;NA;
16;5;3.47;2.42;6.47;NA;ND;3.24;2.83;0.76;4.6;NA;NA;NA;
16;6;5.56;1.94;5.97;NA;ND;4.89;7;0.98;7.06;NA;NA;NA;
16;7;7.5;8.14;6.41;NA;ND;6.47;12.89;1.82;12.3;NA;NA;NA;
16;8;6.63;6.74;4.6;NA;ND;5.28;9.25;0.95;21.08;NA;NA;NA;
16;9;7.46;5.44;4.55;NA;ND;5.48;3.23;1.05;10.36;NA;NA;NA;
16;10;6.3;5.15;3.27;NA;ND;2.66;3.41;2.67;51.24;NA;NA;NA;
16;11;7.79;5.7;2.24;NA;ND;3.66;1.59;3.84;67.35;NA;NA;NA;
16;12;4.84;3.74;2.34;NA;ND;1.86;4.85;3.89;21.3;NA;NA;NA;
16;13;2.07;3.2;2.93;NA;ND;2.35;3.46;3.45;9.9;NA;NA;NA;
16;14;2.4;2.65;2.54;NA;ND;2.01;3.13;2.63;33.26;NA;NA;NA;
16;15;2.53;1.24;2.93;NA;ND;2.18;4.59;2.64;25.81;NA;NA;NA;
16;16;2.43;0.62;2.52;NA;ND;2.57;3.52;2.2;20.26;NA;NA;NA;
16;17;1.72;1.18;2.35;NA;ND;1.95;3.6;1.55;9.06;NA;NA;NA;
16;18;1.97;1.07;2.13;NA;ND;2;6.73;1.82;17.78;NA;NA;NA;
16;19;1.96;1.26;1.58;NA;ND;3.33;3.35;1.56;6.59;NA;NA;NA;
16;20;1.99;0.37;2.87;NA;ND;2.69;6.46;1.53;3.39;NA;NA;NA;
16;21;2.61;0.83;2.43;NA;ND;2.89;7.81;1.16;25.07;NA;NA;NA;
16;22;1.96;0.64;3.56;NA;ND;6.13;3.14;1.64;15.37;NA;NA;NA;
16;23;2.12;0.47;2.72;NA;ND;6.94;2.99;1.87;10.4;NA;NA;NA;
17;0;2.57;0.59;ND;NA;ND;5.93;3.36;1.55;4.48;NA;NA;NA;
17;1;3.43;ND;2.72;NA;ND;2.51;2.07;1.57;ND;NA;NA;NA;
17;2;2.96;1.25;2.64;NA;ND;2.15;2.49;1.25;2.8;NA;NA;NA;
17;3;2.89;0.72;1.86;NA;ND;2.09;1.93;1.55;1.4;NA;NA;NA;
17;4;3.11;0.82;2.15;NA;ND;2.11;2.19;1.5;4.69;NA;NA;NA;
17;5;3.49;1.12;3.46;NA;ND;3.54;2.69;2;7.32;NA;NA;NA;
17;6;4.56;1.4;3.77;NA;ND;5.56;3.33;1.12;11.01;NA;NA;NA;
17;7;4.5;2.36;5.64;NA;ND;6.55;3.03;2.96;5.25;NA;NA;NA;
17;8;4.52;1.58;4.79;NA;ND;6.8;3.64;2.23;3.87;NA;NA;NA;
17;9;6.83;3.64;6.03;NA;ND;6.59;7.79;0.9;3.49;NA;NA;NA;
17;10;8.08;2.34;16.06;NA;ND;10.07;4.58;1.22;2.97;NA;NA;NA;
17;11;9.05;3.02;8.59;NA;ND;10.75;2.53;2.7;4.7;NA;NA;NA;
17;12;9.33;4.73;5.61;NA;ND;7.34;2.35;2.44;6.91;NA;NA;NA;
17;13;5.84;4.21;3.04;NA;ND;3.06;1.9;5.08;7.75;NA;NA;NA;
17;14;2.71;2.23;3.62;NA;ND;2.81;1.53;4.32;3.43;NA;NA;NA;
17;15;2.33;2.36;3.69;NA;ND;3.94;1.12;3.22;2.12;NA;NA;NA;
17;16;3.63;2.21;6.72;NA;ND;3.27;1.43;3.18;2.04;NA;NA;NA;
17;17;4;1.95;5.87;NA;ND;3.92;2.31;3.32;2.27;NA;NA;NA;
17;18;3.52;0.57;4.89;NA;ND;4.69;2.12;2.23;1.85;NA;NA;NA;
17;19;3.38;1.55;4.7;NA;ND;4.85;1.88;1.84;1.56;NA;NA;NA;
17;20;3.71;1.75;6.67;NA;ND;4.76;2.33;1.92;4.42;NA;NA;NA;
17;21;4.16;1.63;5.66;NA;ND;13.89;5.03;2.14;6.3;NA;NA;NA;
17;22;3.98;2.07;10.66;NA;ND;18.21;2.21;1.28;5.94;NA;NA;NA;
17;23;5.07;1.78;11.72;NA;ND;10.47;1.33;1.5;5.39;NA;NA;NA;
18;0;4.87;1.9;11.72;NA;ND;5.33;1.12;ND;2.43;NA;NA;NA;
18;1;ND;2.26;6.61;NA;ND;ND;ND;1.49;2.19;NA;NA;NA;
18;2;3.39;3.09;9.74;NA;ND;3.09;0.98;1.65;4.62;NA;NA;NA;
18;3;3.42;2.67;6.32;NA;ND;2.25;1.05;1.05;4.56;NA;NA;NA;
18;4;3.62;2.18;7.08;NA;ND;3.07;1.21;1.64;3.96;NA;NA;NA;
18;5;5.27;4.87;5.2;NA;ND;7.57;5.17;2.83;3.21;NA;NA;NA;
18;6;8.02;11.58;6.24;NA;ND;10.18;4.43;1.19;6.63;NA;NA;NA;
18;7;15.55;13.73;9.78;NA;ND;9.94;2.86;2.67;44.27;NA;NA;NA;
18;8;11.2;8.91;7.14;NA;ND;7.3;1.94;3.79;23.24;NA;NA;NA;
18;9;10.69;7.38;11.01;NA;ND;4.5;1.55;4.11;6.32;NA;NA;NA;
18;10;7.52;2.15;7.4;NA;ND;6.16;2.15;3.52;3.43;NA;NA;NA;
18;11;5.22;ND;7.49;NA;ND;6.95;2.65;3.09;1.92;NA;NA;NA;
18;12;2.68;ND;8.02;NA;ND;2.65;1.67;7.82;2.43;NA;NA;NA;
18;13;1.86;ND;4.07;NA;ND;1.84;1.21;7.04;1.78;NA;NA;NA;
18;14;2.29;ND;ND;NA;ND;ND;1.02;8.15;1.37;NA;NA;NA;
18;15;1.81;ND;ND;NA;ND;3.97;1;3.23;1.1;NA;NA;NA;
18;16;1.53;8.28;2.63;NA;ND;2.77;1.04;1.66;1.64;NA;NA;NA;
18;17;1.55;5.48;2.15;NA;ND;1.67;1.24;1.36;1.01;NA;NA;NA;
18;18;2.06;3.78;2.15;NA;ND;1.69;1.27;1.64;1.49;NA;NA;NA;
18;19;2.5;3.74;2.54;NA;ND;1.91;0.93;1.53;1.87;NA;NA;NA;
18;20;4.23;3.76;4.06;NA;ND;2;0.93;1.58;1.31;NA;NA;NA;
18;21;4.89;4.3;4.47;NA;ND;4.38;0.81;2.05;19.49;NA;NA;NA;
18;22;4.1;4.49;1.38;NA;ND;3.72;0.78;1.57;41.25;NA;NA;NA;
18;23;3.32;4.2;0.92;NA;ND;2.67;0.86;1.07;26.21;NA;NA;NA;
19;0;2.33;3.84;ND;NA;ND;2.54;0.91;1.32;12.91;NA;NA;NA;
19;1;2.73;3.32;0.96;NA;ND;2.04;1.01;1.55;ND;NA;NA;NA;
19;2;2.39;ND;2.41;NA;ND;2.78;1.03;0.73;3.25;NA;NA;NA;
19;3;1.78;5.45;3.61;NA;ND;1.84;0.96;1.49;2.35;NA;NA;NA;
19;4;3.15;4.01;4.84;NA;ND;3.08;1.28;0.86;2.29;NA;NA;NA;
19;5;4.36;3.5;3.17;NA;ND;5.12;1;1.41;2.44;NA;NA;NA;
19;6;8.45;5.52;2.9;NA;ND;3.92;1.05;1.39;2.2;NA;NA;NA;
19;7;11.3;10.39;2.44;NA;ND;5.38;1.4;1.55;2.21;NA;NA;NA;
19;8;5.61;12.56;2.15;NA;ND;3.53;1.53;2.73;24.78;NA;NA;NA;
19;9;2.15;4.79;1.84;NA;ND;0.85;1.42;2.77;61.73;NA;NA;NA;
19;10;ND;2.77;ND;NA;ND;1.29;1.65;2.04;14.87;NA;NA;NA;
19;11;ND;2.29;ND;NA;ND;3.04;1.44;1.79;19.79;NA;NA;NA;
19;12;0.97;1.92;1.72;NA;ND;1.73;1.67;1.4;7.75;NA;NA;NA;
19;13;1.66;1.59;1.47;NA;ND;0.92;3.26;1.16;0.85;NA;NA;NA;
19;14;ND;2.12;1.48;NA;ND;0.94;1.23;1.29;1.11;NA;NA;NA;
19;15;0.96;ND;1.47;NA;ND;0.93;1.79;1.05;0.94;NA;NA;NA;
19;16;1.32;ND;1.55;NA;ND;1.07;1.88;0.78;0.76;NA;NA;NA;
19;17;1.62;1.98;1.48;NA;ND;1.1;1.23;0.88;0.87;NA;NA;NA;
19;18;1.44;2.41;1.46;NA;ND;1.6;1.5;1.24;3.25;NA;NA;NA;
19;19;1.86;2.43;6.56;NA;ND;3.9;1.02;1.84;3.23;NA;NA;NA;
19;20;3.21;2.45;8.94;NA;ND;7.9;1.29;2;3.71;NA;NA;NA;
19;21;3.28;2.21;9.25;NA;ND;3.45;1.06;2.19;4.08;NA;NA;NA;
19;22;3;1.87;7.49;NA;ND;4.42;0.86;1.67;4.08;NA;NA;NA;
19;23;2.72;2.21;9.08;NA;ND;4.22;0.55;1.3;4.13;NA;NA;NA;
20;0;2.74;1.55;6.9;NA;ND;4.28;0.54;ND;4.9;NA;NA;NA;
20;1;ND;3.73;6.02;NA;ND;ND;ND;1.36;5.08;NA;NA;NA;
20;2;2.87;2.86;6.11;NA;ND;2.52;0.97;1.5;7.73;NA;NA;NA;
20;3;4.12;3.67;3.13;NA;ND;3.64;1.29;2.32;10.21;NA;NA;NA;
20;4;4.58;2.94;3.35;NA;ND;4.13;1.77;1.29;20.07;NA;NA;NA;
20;5;4.71;2.99;3.7;NA;ND;5.31;1.94;3.44;11.09;NA;NA;NA;
20;6;6.52;3.86;2.82;NA;ND;5.59;1.85;2.16;7.13;NA;NA;NA;
20;7;7.92;7.52;3.7;NA;ND;6.65;2.63;3.4;5.69;NA;NA;NA;
20;8;3.81;13.87;3;NA;ND;3.88;2.26;3.76;5.71;NA;NA;NA;
20;9;2.33;9.65;2.41;NA;ND;2.05;2.91;3.28;9.5;NA;NA;NA;
20;10;1.79;3.99;2.61;NA;ND;1.69;2.59;ND;29.53;NA;NA;NA;
20;11;1.42;2.93;2.38;NA;ND;3.66;2.94;ND;4.93;NA;NA;NA;
20;12;1.25;2.13;1.92;NA;ND;1.81;2.24;1.19;1.25;NA;NA;NA;
20;13;1.13;2.23;1.88;NA;ND;1.72;1.75;0.69;2.25;NA;NA;NA;
20;14;0.95;1.81;1.37;NA;ND;2.21;1.39;ND;3.64;NA;NA;NA;
20;15;0.9;1.68;2.22;NA;ND;2.08;0.95;1.42;1.86;NA;NA;NA;
20;16;1.01;1.66;2.36;NA;ND;2.41;1.21;0.97;1.67;NA;NA;NA;
20;17;0.88;1.67;1.88;NA;ND;2.13;2.57;1.3;1.64;NA;NA;NA;
20;18;1.2;1.51;3.22;NA;ND;4.07;4.23;0.96;4.49;NA;NA;NA;
20;19;1.33;1.8;4.67;NA;ND;5.41;8.89;0.99;4.22;NA;NA;NA;
20;20;1.97;1.38;5.98;NA;ND;5.07;7.78;1.19;2.94;NA;NA;NA;
20;21;1.42;1.86;11.99;NA;ND;7.56;8.39;1.18;2.26;NA;NA;NA;
20;22;1.47;1.05;9.13;NA;ND;8.95;2.61;0.91;3.6;NA;NA;NA;
20;23;1.22;0.88;6.85;NA;ND;6.12;1.73;0.99;3.06;NA;NA;NA;
21;0;2.77;0.91;5.61;NA;ND;4.77;1.31;0.7;1.52;NA;NA;NA;
21;1;3.04;1.01;ND;NA;ND;7;1.06;0.75;ND;NA;NA;NA;
21;2;1.74;ND;4.47;NA;ND;10.25;1.17;0.83;4.19;NA;NA;NA;
21;3;1.23;0.94;2.91;NA;ND;4.13;1.31;0.73;1.91;NA;NA;NA;
21;4;1.79;1;3.32;NA;ND;3.63;1.48;0.6;4.18;NA;NA;NA;
21;5;2.99;0.94;2.35;NA;ND;5.24;1.4;0.81;7.24;NA;NA;NA;
21;6;2.78;1.04;3.83;NA;ND;6.62;1.37;0.99;1.89;NA;NA;NA;
21;7;3.72;1.27;6.84;NA;ND;9.31;1.81;1.01;3.3;NA;NA;NA;
21;8;3.25;2.36;4.89;NA;ND;7.31;1.96;0.97;10.92;NA;NA;NA;
21;9;3.18;2.45;4;NA;ND;4.01;1.44;1.1;7.69;NA;NA;NA;
21;10;3.22;3.27;6.36;NA;ND;4.17;1.11;1.46;6.33;NA;NA;NA;
21;11;2.24;2.12;ND;NA;ND;6.14;ND;1.64;34.1;NA;NA;NA;
21;12;1.75;2.02;2.09;NA;ND;3.8;1.1;1.27;22.08;NA;NA;NA;
21;13;1.92;1.46;1.9;NA;ND;1.95;1.84;1.17;16.73;NA;NA;NA;
21;14;1.25;1.63;4.22;NA;ND;3.4;ND;1.34;2.9;NA;NA;NA;
21;15;1.01;1.6;3.87;NA;ND;2.75;0.48;1.02;1.66;NA;NA;NA;
21;16;1.17;1.25;2.49;NA;ND;3.33;1.01;0.85;12.15;NA;NA;NA;
21;17;1.18;1.77;2.88;NA;ND;3.4;1.27;0.81;25.32;NA;NA;NA;
21;18;1.33;1.3;4.41;NA;ND;3.48;1.3;0.83;7.22;NA;NA;NA;
21;19;1.76;1.45;4.52;NA;ND;3.97;2.6;0.9;2.9;NA;NA;NA;
21;20;2.34;1.09;2.37;NA;ND;2.55;6.06;0.95;6.03;NA;NA;NA;
21;21;1.53;0.94;2.36;NA;ND;2.08;2.16;0.65;3.23;NA;NA;NA;
21;22;1.29;0.7;2.42;NA;ND;2.82;1.68;0.85;1.94;NA;NA;NA;
21;23;1.63;0.07;3.56;NA;ND;3.36;2.53;0.78;14.72;NA;NA;NA;
22;0;1.65;0.44;2.87;NA;ND;3.71;2.17;ND;3.21;NA;NA;NA;
22;1;ND;0.62;1.98;NA;ND;ND;ND;1.1;3.66;NA;NA;NA;
22;2;1.96;0.66;1.67;NA;ND;2.3;2.2;0.78;7.03;NA;NA;NA;
22;3;1.53;0.73;2.29;NA;ND;2.48;1.21;0.91;4.55;NA;NA;NA;
22;4;2.31;0.94;7.68;NA;ND;10.58;3.04;1.2;3.56;NA;NA;NA;
22;5;3.27;0.89;8.97;NA;ND;21.74;1.77;1.03;2.58;NA;NA;NA;
22;6;5.13;1.96;9.45;NA;ND;17.72;4.94;2.16;5.54;NA;NA;NA;
22;7;6.51;8.67;11.2;NA;ND;18.94;4.12;3.44;9.39;NA;NA;NA;
22;8;9.72;7.21;11.75;NA;ND;14.02;1.85;1.63;20.6;NA;NA;NA;
22;9;5.41;3.29;9.31;NA;ND;9.01;1.42;2.86;11.2;NA;NA;NA;
22;10;2.88;3.84;3.69;NA;ND;6.44;1.82;4.13;3.59;NA;NA;NA;
22;11;1.81;3.02;2.25;NA;ND;2.76;3.87;ND;15.43;NA;NA;NA;
22;12;1.65;1.9;2.38;NA;ND;2.68;1.78;3.11;47.34;NA;NA;NA;
22;13;1.47;1.61;2.76;NA;ND;2.16;1.82;2.13;6.16;NA;NA;NA;
22;14;1.13;1.8;2.02;NA;ND;2.93;1.97;1.75;12.87;NA;NA;NA;
22;15;1.29;1.74;1.51;NA;ND;2.41;1.56;1.64;5.22;NA;NA;NA;
22;16;0.91;1.5;2.63;NA;ND;2.49;1.88;1.36;3.44;NA;NA;NA;
22;17;1.08;1.39;2.18;NA;ND;2.88;1.8;1.09;2.95;NA;NA;NA;
22;18;1.59;2.45;2.29;NA;ND;3.05;6.21;9.24;2.37;NA;NA;NA;
22;19;1.9;5.02;4.45;NA;ND;3.87;5.81;9.01;3.57;NA;NA;NA;
22;20;2.18;1.59;5.19;NA;ND;5.35;2.16;5.73;3.27;NA;NA;NA;
22;21;2.39;1.6;10.26;NA;ND;10.49;1.51;6.99;5.05;NA;NA;NA;
22;22;2.35;1.38;10.88;NA;ND;18.07;1.19;8.28;6.12;NA;NA;NA;
22;23;2.11;1.23;11.04;NA;ND;8.98;1.21;7.63;5.63;NA;NA;NA;
23;0;2.03;0.76;9.23;NA;ND;5.76;1.08;9.95;5.73;NA;NA;NA;
23;1;2.03;ND;ND;NA;ND;5.37;3.94;16.12;ND;NA;NA;NA;
23;2;1.43;1.35;4.75;NA;ND;4.81;3.17;16.89;9.24;NA;NA;NA;
23;3;2.68;5.45;5.55;NA;ND;4.53;3.26;11.72;8.62;NA;NA;NA;
23;4;4.03;8.28;5.28;NA;ND;3.95;4.15;9.3;8.13;NA;NA;NA;
23;5;3.19;8.99;6.2;NA;ND;11.19;8.04;8.1;9.48;NA;NA;NA;
23;6;4.37;10.17;6.86;NA;ND;6.22;3.56;4.73;8.92;NA;NA;NA;
23;7;7.59;8.48;7.72;NA;ND;16.53;7.33;2.04;18.16;NA;NA;NA;
23;8;5.94;6.17;10.52;NA;ND;9.51;2.22;9.96;14.27;NA;NA;NA;
23;9;6.89;5.34;4.22;NA;ND;4.61;1.48;7.24;20.89;NA;NA;NA;
23;10;3.39;3.15;3.71;NA;ND;2.91;1.21;4.79;7.86;NA;NA;NA;
23;11;2.52;2.27;3.33;NA;ND;4.04;1.16;3.86;5.69;NA;NA;NA;
23;12;1.89;1.97;1.54;NA;ND;3.16;2.08;2.94;13.84;NA;NA;NA;
23;13;2.04;1.85;1.33;NA;ND;2.03;2.65;1.99;8.91;NA;NA;NA;
23;14;2.03;2.12;2.03;NA;ND;3.79;2.02;2.06;2.11;NA;NA;NA;
23;15;2.1;2.49;2.36;NA;ND;2.56;1.77;2.66;2.23;NA;NA;NA;
23;16;2.15;2;1.9;NA;ND;2.16;1.63;16.17;3.18;NA;NA;NA;
23;17;2.33;2.29;1.93;NA;ND;2.44;1.79;15.25;2.16;NA;NA;NA;
23;18;2.56;2.74;1.95;NA;ND;3.7;1.38;10.08;1.94;NA;NA;NA;
23;19;1.9;3.31;1.49;NA;ND;3.92;1.29;6.15;2.3;NA;NA;NA;
23;20;2.46;2.25;1.29;NA;ND;2.91;1.38;5.68;4.67;NA;NA;NA;
23;21;2.75;2.68;1.7;NA;ND;3.84;1.69;2.9;4.05;NA;NA;NA;
23;22;3.36;5.37;3.49;NA;ND;4.77;1.74;1.77;8.43;NA;NA;NA;
23;23;4.41;6.63;3.02;NA;ND;3.62;1.27;4.43;4.11;NA;NA;NA;
24;0;6.68;2.61;2;NA;ND;4.45;1.03;ND;3.64;NA;NA;NA;
24;1;ND;1.71;1.94;NA;ND;ND;ND;3.01;2.83;NA;NA;NA;
24;2;5.49;4.04;3.97;NA;ND;3.91;0.8;5.56;2.66;NA;NA;NA;
24;3;3.26;6.2;2.51;NA;ND;3.75;0.92;3.49;5.62;NA;NA;NA;
24;4;4.26;2.28;2.15;NA;ND;4.28;1.96;2.27;5;NA;NA;NA;
24;5;3.64;3.08;2.62;NA;ND;3.72;1.88;3.93;4.22;NA;NA;NA;
24;6;3.48;1.91;2.22;NA;ND;5.63;6.63;2.68;4.93;NA;NA;NA;
24;7;5.38;3.07;7.76;NA;ND;10.64;5.2;3.57;12.46;NA;NA;NA;
24;8;6.4;5.52;6.87;NA;ND;6.81;1.27;7.02;10.57;NA;NA;NA;
24;9;3.34;3.45;5.74;NA;ND;6.34;1.08;4.68;4.62;NA;NA;NA;
24;10;1.64;1.67;3.35;NA;ND;4.17;2.34;3.86;3.77;NA;NA;NA;
24;11;1.31;1.2;2.19;NA;ND;2.31;2.12;3.12;2.89;NA;NA;NA;
24;12;1.21;1.27;1.97;NA;ND;1.99;2.28;2.63;2.49;NA;NA;NA;
24;13;1.13;1.64;1.55;NA;ND;2.31;2.02;2.24;1.76;NA;NA;NA;
24;14;0.88;1.55;1.21;NA;ND;1.81;1.71;2.15;1.28;NA;NA;NA;
24;15;0.96;1.45;1.13;NA;ND;1.63;1.13;1.68;1.47;NA;NA;NA;
24;16;0.63;1.47;1.28;NA;ND;1.52;1.73;1.66;0.83;NA;NA;NA;
24;17;0.64;1.39;1.77;NA;ND;1.94;0.89;1.49;1.32;NA;NA;NA;
24;18;0.85;1.14;1.64;NA;ND;1.93;1.84;1.19;3.89;NA;NA;NA;
24;19;0.9;1.1;1.78;NA;ND;1.97;6.23;1.32;2.94;NA;NA;NA;
24;20;0.96;0.86;1.12;NA;ND;1.77;2.48;1.52;6.12;NA;NA;NA;
24;21;1.15;0.6;1.08;NA;ND;1.95;1.84;1.46;3.45;NA;NA;NA;
24;22;1.3;0.43;0.87;NA;ND;1.36;3.07;1.3;16.06;NA;NA;NA;
24;23;1;0.59;1.84;NA;ND;1.25;7.21;1.41;13.77;NA;NA;NA;
25;0;0.99;0.11;2.47;NA;ND;1.46;3.32;1.51;3.07;NA;NA;NA;
25;1;1.01;ND;ND;NA;ND;2.54;3.46;2.89;ND;NA;NA;NA;
25;2;1.97;0.26;0.86;NA;ND;2.99;2.55;3.59;2.3;NA;NA;NA;
25;3;0.92;0.66;1.03;NA;ND;3.34;1.77;2.92;9.43;NA;NA;NA;
25;4;1.63;0.76;1.93;NA;ND;2.83;1.67;2.53;4.38;NA;NA;NA;
25;5;1.29;0.16;2.54;NA;ND;3.68;2.26;2.94;4.1;NA;NA;NA;
25;6;1.82;1.25;4.32;NA;ND;5.14;3.5;4.01;4.47;NA;NA;NA;
25;7;2.81;1.26;3.73;NA;ND;8.08;4.17;2.15;7.23;NA;NA;NA;
25;8;1.91;ND;3.25;NA;ND;7.39;4.69;4.64;6.11;NA;NA;NA;
25;9;2.08;ND;3.41;NA;ND;5.08;1.91;5.43;21.39;NA;NA;NA;
25;10;1.77;ND;3.05;NA;ND;4.57;2.13;1.65;28.21;NA;NA;NA;
25;11;1.35;ND;3.04;NA;ND;3.32;6;1.26;20.41;NA;NA;NA;
25;12;2.32;ND;3.49;NA;ND;3.57;2.78;1.35;9.67;NA;NA;NA;
25;13;3.12;ND;3.32;NA;ND;2.8;2.93;2.45;8.02;NA;NA;NA;
25;14;2.3;ND;2.66;NA;ND;3.09;9.54;2.05;20.42;NA;NA;NA;
25;15;2.48;0.17;3.32;NA;ND;3.53;5.54;1.88;40.01;NA;NA;NA;
25;16;2.16;0.67;2.94;NA;ND;2.73;4.09;1.78;9.33;NA;NA;NA;
25;17;1.27;0.59;4.9;NA;ND;4.16;3.97;1.87;9.05;NA;NA;NA;
25;18;2.99;0.89;4.37;NA;ND;7.22;4.14;2.87;6.19;NA;NA;NA;
25;19;3.45;0.74;9.53;NA;ND;6.54;4.37;12.1;5.67;NA;NA;NA;
25;20;4.07;0.54;8.99;NA;ND;4.05;3.78;7.02;5.23;NA;NA;NA;
25;21;4.78;0.94;13.34;NA;ND;6.15;2.57;2.43;4.71;NA;NA;NA;
25;22;2.18;1.77;6.25;NA;ND;5.61;6.67;2.62;3.77;NA;NA;NA;
25;23;2.34;3.1;7.32;NA;ND;4.87;3.14;10;5.29;NA;NA;NA;
26;0;2.28;2.16;3.74;NA;ND;4.06;6.44;ND;6.93;NA;NA;NA;
26;1;ND;2.13;5.01;NA;ND;ND;ND;14.15;6.95;NA;NA;NA;
26;2;1.97;7.38;3.75;NA;ND;8.46;3.45;14.82;5.86;NA;NA;NA;
26;3;1.63;7.27;5.67;NA;ND;8.88;3.76;4.85;7.58;NA;NA;NA;
26;4;3.47;10.01;8.65;NA;ND;11.33;6.48;9.81;8.16;NA;NA;NA;
26;5;7.08;6.31;9.56;NA;ND;12.01;1.42;10.58;5.04;NA;NA;NA;
26;6;8.14;10.53;10.96;NA;ND;18.47;1.99;6.49;5.9;NA;NA;NA;
26;7;13.45;13.72;10.91;NA;ND;12.4;2.14;8.2;14.33;NA;NA;NA;
26;8;15.03;11.67;9.8;NA;ND;8.12;2.19;7.77;20.91;NA;NA;NA;
26;9;11.3;7.92;5.3;NA;ND;4.55;1.84;2.52;8.08;NA;NA;NA;
26;10;5.9;4.62;4.67;NA;ND;4.02;1.96;6.27;7.51;NA;NA;NA;
26;11;3.55;3.4;2.51;NA;ND;4.78;2.85;5.32;117.23;NA;NA;NA;
26;12;3.7;3.07;2.75;NA;ND;4.34;12.39;3.55;20.11;NA;NA;NA;
26;13;1.85;2.28;2.98;NA;ND;ND;7.52;3.05;16.07;NA;NA;NA;
26;14;1.64;1.98;2.63;NA;ND;ND;4.76;2.62;8.39;NA;NA;NA;
26;15;1.12;1.87;1.79;NA;ND;2.15;3.05;2.23;11.06;NA;NA;NA;
26;16;1.17;1.44;1.56;NA;ND;2.05;3.38;2.1;2.51;NA;NA;NA;
26;17;1.33;1.86;1.34;NA;ND;2.58;3.91;1.95;7;NA;NA;NA;
26;18;1.51;1.69;2.17;NA;ND;3.2;5.76;2.16;3.09;NA;NA;NA;
26;19;1.46;1.7;3.11;NA;ND;3.78;3.27;1.79;3.01;NA;NA;NA;
26;20;2.42;1.76;2.81;NA;ND;3.44;3.27;1.75;4.73;NA;NA;NA;
26;21;2.73;1.42;3.69;NA;ND;3.29;3.79;1.67;15.84;NA;NA;NA;
26;22;2.75;1.09;1.51;NA;ND;2.26;9.18;1.81;3.46;NA;NA;NA;
26;23;2.73;1.37;4.29;NA;ND;2.71;10.03;1.45;2.53;NA;NA;NA;
27;0;2.45;1.21;1.64;NA;ND;9.82;7.71;1.47;2.92;NA;NA;NA;
27;1;2.63;ND;ND;NA;ND;3.23;7.88;1.21;ND;NA;NA;NA;
27;2;1.75;1.06;4.87;NA;ND;3.07;7.94;1.16;2.11;NA;NA;NA;
27;3;1.8;2.09;5.69;NA;ND;2.97;5.1;1;3.43;NA;NA;NA;
27;4;4.38;2.23;5.48;NA;ND;6.65;2.12;0.86;3.16;NA;NA;NA;
27;5;4.15;3.07;6.43;NA;ND;7.41;2.37;0.94;2.94;NA;NA;NA;
27;6;6.66;3.23;8.2;NA;ND;8.26;2.46;1.06;2.77;NA;NA;NA;
27;7;8.93;3.86;11.51;NA;ND;10.19;1.77;1.46;2.82;NA;NA;NA;
27;8;11.18;5.81;8.91;NA;ND;6.71;1.43;1.86;5.08;NA;NA;NA;
27;9;6.75;4.08;2.44;NA;ND;3.26;1.3;2.37;8.41;NA;NA;NA;
27;10;3.33;2.97;1.28;NA;ND;1.8;1.45;4.07;31.35;NA;NA;NA;
27;11;2.68;1.97;2.35;NA;ND;2.04;5.4;3.13;10.69;NA;NA;NA;
27;12;1.67;1.66;1.84;NA;ND;1.79;4.45;2.27;5;NA;NA;NA;
27;13;1.54;1.83;1.62;NA;ND;1.58;3.67;1.37;1.72;NA;NA;NA;
27;14;1.14;1.5;1.43;NA;ND;1.47;1.93;1.39;0.78;NA;NA;NA;
27;15;0.82;1.33;2.48;NA;ND;1.87;2.41;1.46;7.05;NA;NA;NA;
27;16;0.9;1.33;2.02;NA;ND;2.15;2;1.48;13.6;NA;NA;NA;
27;17;0.92;1.22;3.03;NA;ND;2.76;2.53;1.12;7.04;NA;NA;NA;
27;18;0.96;1.18;2.95;NA;ND;3.18;3.41;1.04;22.4;NA;NA;NA;
27;19;1.18;1.14;3.06;NA;ND;2.55;5.01;1.19;3.12;NA;NA;NA;
27;20;1.68;1.27;2.36;NA;ND;2.93;2.7;1.06;7.33;NA;NA;NA;
27;21;1.02;1.31;1.63;NA;ND;1.98;2.24;1.18;4.94;NA;NA;NA;
27;22;0.71;1.02;1.86;NA;ND;1.3;3.98;1.19;1.86;NA;NA;NA;
27;23;0.95;1.02;1.69;NA;ND;2.22;2.11;1.11;8.13;NA;NA;NA;
28;0;1.36;1.06;1.47;NA;ND;3.5;1.59;ND;5.37;NA;NA;NA;
28;1;ND;1.06;4.14;NA;ND;ND;ND;2.48;5.68;NA;NA;NA;
28;2;1.03;1.1;5.22;NA;ND;2.93;0.86;2.07;4.46;NA;NA;NA;
28;3;1.11;1.06;4.3;NA;ND;3.12;1.73;2.17;3.09;NA;NA;NA;
28;4;1.77;0.9;2.58;NA;ND;3;1.49;2.62;5.61;NA;NA;NA;
28;5;1.43;0.88;3.29;NA;ND;6.5;1.33;2.64;5.82;NA;NA;NA;
28;6;2.33;3.83;3.58;NA;ND;6.26;2.26;3.97;8.05;NA;NA;NA;
28;7;3.2;2.86;4.33;NA;ND;10.13;1.37;5.14;5.13;NA;NA;NA;
28;8;3.5;4.53;3.83;NA;ND;6.25;1.15;6.94;3.39;NA;NA;NA;
28;9;2.94;3.91;2.8;NA;ND;3.58;1.37;4.54;2.98;NA;NA;NA;
28;10;2.71;11.76;3.55;NA;ND;5.29;1.41;2.59;2.01;NA;NA;NA;
28;11;1.74;14.16;2.89;NA;ND;3.42;1.99;2.15;1.34;NA;NA;NA;
28;12;3.25;7.44;2.55;NA;ND;2.69;2.3;3.52;7.26;NA;NA;NA;
28;13;4.14;3.73;2.51;NA;ND;2.41;1.76;4.54;8.79;NA;NA;NA;
28;14;2.33;2.75;2.39;NA;ND;2.13;1.29;6.01;17.64;NA;NA;NA;
28;15;2.19;2.73;2.1;NA;ND;2.69;1.44;9.42;9.82;NA;NA;NA;
28;16;2.68;1.8;3.62;NA;ND;4.53;1.37;11.46;26.73;NA;NA;NA;
28;17;1.6;1.45;2.78;NA;ND;6.83;4.04;5.88;18.98;NA;NA;NA;
28;18;1.58;1.31;3.02;NA;ND;3.86;6.66;2.36;20.72;NA;NA;NA;
28;19;1.77;1.26;5.15;NA;ND;3.85;6.68;1.96;18.82;NA;NA;NA;
28;20;1.65;1.07;4.37;NA;ND;4.83;5.72;1.48;4.67;NA;NA;NA;
28;21;1.39;1.17;3.47;NA;ND;3.41;3.51;1.48;3.11;NA;NA;NA;
28;22;0.76;0.84;2.14;NA;ND;2.14;3.55;1.17;7.54;NA;NA;NA;
28;23;0.8;0.61;1.94;NA;ND;1.39;2.69;1.31;1.75;NA;NA;NA;
29;0;0.99;0.77;1.09;NA;ND;1.37;2.1;1.61;1.95;NA;NA;NA;
29;1;0.78;ND;ND;NA;ND;1.72;1.57;1.58;ND;NA;NA;NA;
29;2;0.94;0.93;2.9;NA;ND;2.15;1.69;1.41;5.62;NA;NA;NA;
29;3;1.02;1.09;2.9;NA;ND;4.31;1.55;1.26;5.28;NA;NA;NA;
29;4;1.6;2.09;4.68;NA;ND;4.82;1.73;1.41;5.93;NA;NA;NA;
29;5;1.79;1.41;4.04;NA;ND;4.88;2.56;1.44;4.14;NA;NA;NA;
29;6;2.36;1.44;5.4;NA;ND;6.73;4.3;1.71;8.61;NA;NA;NA;
29;7;2.24;1.81;4.79;NA;ND;5.3;7.21;1.65;8.22;NA;NA;NA;
29;8;4.35;2.8;5.88;NA;ND;6.04;8.32;3.55;28.83;NA;NA;NA;
29;9;3.91;2.17;5.05;NA;ND;8.43;3.98;28.97;31.84;NA;NA;NA;
29;10;2.28;1.44;5.26;NA;ND;11.01;3.56;5.41;25.37;NA;NA;NA;
29;11;1.7;1.39;3.59;NA;ND;5.36;13.13;ND;74.02;NA;NA;NA;
29;12;1.75;1.64;3.45;NA;ND;3.41;13.68;ND;41.37;NA;NA;NA;
29;13;1.06;1.52;2.78;NA;ND;2.92;3.8;2.07;17.55;NA;NA;NA;
29;14;1.25;1.55;3.2;NA;ND;2.46;5.64;1.62;6.08;NA;NA;NA;
29;15;1.09;1.24;3.25;NA;ND;2.29;4.09;1.46;4.85;NA;NA;NA;
29;16;1.04;1.19;3.45;NA;ND;2.71;2.49;0.9;10.02;NA;NA;NA;
29;17;1.17;1;3.6;NA;ND;2.48;2.64;1.08;7.96;NA;NA;NA;
29;18;1.26;0.76;2.48;NA;ND;1.74;2.27;0.95;2.2;NA;NA;NA;
29;19;1.17;1.06;2.53;NA;ND;2.02;2.07;0.84;9.2;NA;NA;NA;
29;20;1.69;1.06;2.41;NA;ND;1.58;2.68;0.96;2.9;NA;NA;NA;
29;21;1.18;1.5;2.03;NA;ND;1.49;1.53;0.73;2.72;NA;NA;NA;
29;22;1.62;1.43;1.68;NA;ND;1.56;2.54;0.67;1.85;NA;NA;NA;
29;23;1.76;1.68;1.5;NA;ND;2.05;1.96;1.43;2.78;NA;NA;NA;
30;0;0.75;1.08;15.57;NA;ND;20.52;1.58;ND;6.46;NA;NA;NA;
30;1;ND;1.07;5.64;NA;ND;ND;ND;1.42;11.7;NA;NA;NA;
30;2;2.03;0.94;6.11;NA;ND;29.88;2.84;1.18;4.75;NA;NA;NA;
30;3;1.48;1.64;7.48;NA;ND;13.14;2.61;1;3.87;NA;NA;NA;
30;4;2.54;1.23;2.4;NA;ND;3.98;3.07;1;2.22;NA;NA;NA;
30;5;2.41;1.02;3.2;NA;ND;2.8;1.89;0.64;1.67;NA;NA;NA;
30;6;1.99;1.71;6.15;NA;ND;2.94;1.5;0.94;2.08;NA;NA;NA;
30;7;2.62;1.91;4.71;NA;ND;4.08;1.51;1.67;4.1;NA;NA;NA;
30;8;3;1.52;3.4;NA;ND;2.83;1.67;1.03;16.21;NA;NA;NA;
30;9;3.07;1.51;3.03;NA;ND;3.12;1.75;0.65;19.18;NA;NA;NA;
30;10;2.76;1.8;2.93;NA;ND;3.23;2.67;0.56;19.7;NA;NA;NA;
30;11;2.83;1.87;3.54;NA;ND;2.93;3.87;0.75;8.08;NA;NA;NA;
30;12;2.26;1.95;3.42;NA;ND;3.14;4.4;0.8;41.01;NA;NA;NA;
30;13;1.54;1.51;3.07;NA;ND;2.9;2.64;0.9;43.21;NA;NA;NA;
30;14;1.1;1.42;2.54;NA;ND;2.86;2.91;1.1;25.22;NA;NA;NA;
30;15;1;1.21;1.98;NA;ND;2.41;2.42;1.2;3.39;NA;NA;NA;
30;16;0.98;0.99;2.44;NA;ND;2.58;1.88;1.25;6;NA;NA;NA;
30;17;0.97;0.99;2.89;NA;ND;2.97;1.85;0.82;11.84;NA;NA;NA;
30;18;1.61;1.05;2.08;NA;ND;3.56;2.14;1.08;5.15;NA;NA;NA;
30;19;1.9;0.82;2.48;NA;ND;2.63;4.39;1.1;1.96;NA;NA;NA;
30;20;1.56;0.81;2.25;NA;ND;3.09;14.37;0.92;2.08;NA;NA;NA;
30;21;1.86;1.05;2.63;NA;ND;2.97;8.3;0.99;16.81;NA;NA;NA;
30;22;3.2;1.1;2.2;NA;ND;2.36;8.21;0.76;3.87;NA;NA;NA;
30;23;4.04;1;2.69;NA;ND;4.79;4.21;0.66;4.08;NA;NA;NA;
31;0;3.25;1.11;2.63;NA;ND;7.25;6;3.55;25.91;NA;NA;NA;
31;1;3.29;ND;ND;NA;ND;4.79;3.89;2.84;ND;NA;NA;NA;
31;2;3.14;1.74;3.41;NA;ND;3.79;5.56;2.11;6.25;NA;NA;NA;
31;3;2.97;1.81;3.47;NA;ND;3.99;3.59;1.87;4.77;NA;NA;NA;
31;4;3.61;4.1;2.91;NA;ND;3.73;2.2;1.58;5.13;NA;NA;NA;
31;5;2.45;6.71;2.75;NA;ND;5.61;5.16;3;9.87;NA;NA;NA;
31;6;2.75;5.45;2.4;NA;ND;6.1;7.25;2.32;18.31;NA;NA;NA;
31;7;3.75;5.52;5.82;NA;ND;10.13;8.57;1.65;15.3;NA;NA;NA;
31;8;2.39;3.84;4.52;NA;ND;8.11;5.66;6.36;15.95;NA;NA;NA;
31;9;2.13;2.67;5.17;NA;ND;7.05;4.44;3.05;11.65;NA;NA;NA;
31;10;2.85;2.9;5.44;NA;ND;5.34;1.58;1.15;6.38;NA;NA;NA;
31;11;2.83;3.1;2.25;NA;ND;2.29;1.71;1.81;2.41;NA;NA;NA;
31;12;1.92;2.26;1.48;NA;ND;1.58;1.87;1.85;0.74;NA;NA;NA;
31;13;2.03;2.28;1.7;NA;ND;1.21;0.81;1.77;0.69;NA;NA;NA;
31;14;1.43;1.65;1.46;NA;ND;1.82;1.17;0.86;0.54;NA;NA;NA;
31;15;1.51;1.67;1.25;NA;ND;1.26;0.8;0.68;0.49;NA;NA;NA;
31;16;1.79;1.62;2.17;NA;ND;1.23;0.89;1.11;0.65;NA;NA;NA;
31;17;2.32;2.2;1.79;NA;ND;2.14;1.08;1.09;1.44;NA;NA;NA;
31;18;2.76;1.74;3.13;NA;ND;2.25;1.64;1.27;21.14;NA;NA;NA;
31;19;2.17;2.05;4.54;NA;ND;3.14;2.56;2.02;6.01;NA;NA;NA;
31;20;3.76;2.79;7.79;NA;ND;2.19;3.81;1.97;3.81;NA;NA;NA;
31;21;5.23;4.02;4.25;NA;ND;4.17;5.54;1.68;4.29;NA;NA;NA;
31;22;4.99;3.23;7.35;NA;ND;3.77;8.2;0.98;9.85;NA;NA;NA;
31;23;3.14;2.17;6.77;NA;ND;3.18;6.98;1.63;6.01;NA;NA;NA;
