DIA;HORA;Cotocollao;Carapungo;Belisario;Jipijapa;El Camal;Centro;Guamaní;Tumbaco;Los Chillos;El Condado;Turubamba;Chillogallo;
1;0;3.39;4.2;1.28;ND;22.64;27.26;NA;NA;ND;NA;NA;NA;
1;1;5.85;6.21;7.72;ND;10.67;9.52;NA;NA;ND;NA;NA;NA;
1;2;11.89;4.19;4.87;ND;8.75;8.95;NA;NA;ND;NA;NA;NA;
1;3;10.1;5.18;4.74;ND;9.95;23.8;NA;NA;ND;NA;NA;NA;
1;4;13.6;6.53;11.14;ND;12.85;17.28;NA;NA;ND;NA;NA;NA;
1;5;10.48;8.1;8.93;ND;18.55;14.6;NA;NA;ND;NA;NA;NA;
1;6;11.04;17.42;10.46;ND;40.03;26.51;NA;NA;ND;NA;NA;NA;
1;7;15.34;17.01;11.44;ND;59.48;9.11;NA;NA;ND;NA;NA;NA;
1;8;13.41;9.23;21.85;ND;39.02;4.11;NA;NA;ND;NA;NA;NA;
1;9;18.91;21.18;31.14;ND;24.62;39.96;NA;NA;ND;NA;NA;NA;
1;10;13.07;11.24;13.63;ND;19.71;40.28;NA;NA;ND;NA;NA;NA;
1;11;19.27;13.3;25.62;ND;ND;10.5;NA;NA;ND;NA;NA;NA;
1;12;18.57;14.78;28.55;ND;28.35;37.32;NA;NA;ND;NA;NA;NA;
1;13;10.75;15.72;14.65;ND;15.58;40.19;NA;NA;ND;NA;NA;NA;
1;14;7.83;16.61;5.23;ND;4.41;39.22;NA;NA;ND;NA;NA;NA;
1;15;1.13;7.06;13.94;ND;15.58;26.59;NA;NA;ND;NA;NA;NA;
1;16;7.43;10.59;19.41;ND;3.85;11.23;NA;NA;ND;NA;NA;NA;
1;17;18.1;7.56;19.9;ND;17.14;12.25;NA;NA;ND;NA;NA;NA;
1;18;18.08;6.64;24.7;ND;24.35;4.11;NA;NA;ND;NA;NA;NA;
1;19;10.59;11.41;18.13;ND;28.34;23.76;NA;NA;ND;NA;NA;NA;
1;20;6.05;8.96;20.25;ND;30.52;24.45;NA;NA;ND;NA;NA;NA;
1;21;13.68;10.92;6.03;ND;7.88;11.8;NA;NA;ND;NA;NA;NA;
1;22;9.95;6.34;3.22;ND;6.99;8.54;NA;NA;ND;NA;NA;NA;
1;23;6.76;7.4;5.63;ND;3.1;4.76;NA;NA;ND;NA;NA;NA;
2;0;2.48;6.89;15.13;ND;5.07;20.75;NA;NA;ND;NA;NA;NA;
2;1;2.4;6.61;8.97;ND;7.51;11.93;NA;NA;ND;NA;NA;NA;
2;2;14.69;7.09;6.91;ND;4.46;5.74;NA;NA;ND;NA;NA;NA;
2;3;4.82;3.26;10.51;ND;12.79;4.56;NA;NA;ND;NA;NA;NA;
2;4;4.98;9.7;21.29;ND;15.92;5.92;NA;NA;ND;NA;NA;NA;
2;5;10.45;13.54;8.95;ND;15.14;9.82;NA;NA;ND;NA;NA;NA;
2;6;13.07;22.55;20.49;ND;22.81;20.64;NA;NA;ND;NA;NA;NA;
2;7;19.36;23.21;17.49;ND;30.38;25.26;NA;NA;ND;NA;NA;NA;
2;8;14.88;11.65;24.73;ND;20.84;26.06;NA;NA;ND;NA;NA;NA;
2;9;11.39;5.39;18.11;ND;25.03;30.21;NA;NA;ND;NA;NA;NA;
2;10;13.54;17.98;8.68;ND;17.51;8.56;NA;NA;ND;NA;NA;NA;
2;11;13.69;17.25;12.25;ND;13.32;19.9;NA;NA;ND;NA;NA;NA;
2;12;5.98;3.37;24.73;ND;9.8;20.99;NA;NA;ND;NA;NA;NA;
2;13;5.06;5.82;21.86;ND;10.97;10.98;NA;NA;ND;NA;NA;NA;
2;14;16.72;3.44;16.46;ND;5.93;14.46;NA;NA;ND;NA;NA;NA;
2;15;4.18;11.55;11.67;ND;10.21;37.03;NA;NA;ND;NA;NA;NA;
2;16;12.84;15.04;12.1;ND;6.46;5.25;NA;NA;ND;NA;NA;NA;
2;17;11.62;2.15;30.89;ND;10.37;62.48;NA;NA;ND;NA;NA;NA;
2;18;3.17;10.12;14.09;ND;15.87;32.88;NA;NA;ND;NA;NA;NA;
2;19;16.41;7.12;18.6;ND;23.46;31.59;NA;NA;ND;NA;NA;NA;
2;20;11.22;5.05;16.83;ND;19.36;23.95;NA;NA;ND;NA;NA;NA;
2;21;4.39;6.17;9.56;ND;9.03;9.03;NA;NA;ND;NA;NA;NA;
2;22;3.7;5.08;3.79;ND;12.92;0;NA;NA;ND;NA;NA;NA;
2;23;5.58;5.8;2.95;ND;10.1;30.92;NA;NA;ND;NA;NA;NA;
3;0;0.08;10.49;5.6;ND;19.54;7.3;NA;NA;ND;NA;NA;NA;
3;1;6.57;2.03;3.25;ND;4.5;13.55;NA;NA;ND;NA;NA;NA;
3;2;1.01;2.99;2.53;ND;9.7;0;NA;NA;ND;NA;NA;NA;
3;3;0.57;4.78;0.97;ND;1.46;6.62;NA;NA;ND;NA;NA;NA;
3;4;4.66;3.6;4.05;ND;4.71;7.98;NA;NA;ND;NA;NA;NA;
3;5;14.18;6.66;10.19;ND;9.91;0.89;NA;NA;ND;NA;NA;NA;
3;6;17.35;19.64;5.64;ND;24.75;13.58;NA;NA;ND;NA;NA;NA;
3;7;14.67;34.2;31.73;ND;29.13;30.93;NA;NA;ND;NA;NA;NA;
3;8;17.78;24.27;15.59;ND;20.94;41.91;NA;NA;ND;NA;NA;NA;
3;9;18.89;5.78;13.29;ND;22.02;41.89;NA;NA;ND;NA;NA;NA;
3;10;15.52;15.03;15.52;ND;11.07;4.79;NA;NA;ND;NA;NA;NA;
3;11;16.85;16.29;17.38;ND;8.02;24.09;NA;NA;ND;NA;NA;NA;
3;12;14.7;8.3;16.46;ND;16.16;50.05;NA;NA;ND;NA;NA;NA;
3;13;14.69;8.78;14.53;ND;20.37;19.01;NA;NA;ND;NA;NA;NA;
3;14;7.26;12.48;8.28;ND;25.01;1.76;NA;NA;ND;NA;NA;NA;
3;15;6.2;7.25;7.24;ND;22.15;6.63;NA;NA;ND;NA;NA;NA;
3;16;0.53;3.82;18.28;ND;11.01;30.1;NA;NA;ND;NA;NA;NA;
3;17;16.46;15.41;20.06;ND;6.74;15.87;NA;NA;ND;NA;NA;NA;
3;18;14.85;10.41;16.23;ND;12.22;28.27;NA;NA;ND;NA;NA;NA;
3;19;16.03;6.58;25.79;ND;15.24;44.27;NA;NA;ND;NA;NA;NA;
3;20;11.83;20.52;26.9;ND;36.8;1.98;NA;NA;ND;NA;NA;NA;
3;21;16.16;18.71;16.71;ND;42.91;20.98;NA;NA;ND;NA;NA;NA;
3;22;11.3;13.99;12.45;ND;18.63;39.28;NA;NA;ND;NA;NA;NA;
3;23;13.51;14.72;9.19;ND;4.7;12.42;NA;NA;ND;NA;NA;NA;
4;0;22.55;22.65;30.17;ND;18.07;9.96;NA;NA;ND;NA;NA;NA;
4;1;30.13;13.31;9.92;ND;18.43;4.85;NA;NA;ND;NA;NA;NA;
4;2;5.39;6.64;10.33;ND;18.49;20.7;NA;NA;ND;NA;NA;NA;
4;3;7.01;7.12;7.98;ND;13.25;17.02;NA;NA;ND;NA;NA;NA;
4;4;13.63;13.61;8.39;ND;11.52;22.87;NA;NA;ND;NA;NA;NA;
4;5;11.16;15.99;8.62;ND;22.98;18.88;NA;NA;ND;NA;NA;NA;
4;6;23.35;44.75;12.38;ND;33.86;9.37;NA;NA;ND;NA;NA;NA;
4;7;34.06;68.71;32.01;ND;43.3;40.66;NA;NA;ND;NA;NA;NA;
4;8;39.54;17.62;48.31;ND;26.3;45.2;NA;NA;ND;NA;NA;NA;
4;9;29.82;9.66;20.26;ND;13.37;33.63;NA;NA;ND;NA;NA;NA;
4;10;19.75;23.03;21.07;ND;14.65;8.52;NA;NA;ND;NA;NA;NA;
4;11;7.08;10.33;13.72;ND;15.26;26.92;NA;NA;ND;NA;NA;NA;
4;12;9.64;13.4;16.29;ND;21.49;16.3;NA;NA;ND;NA;NA;NA;
4;13;3.53;19.43;1.31;ND;12.1;13.61;NA;NA;ND;NA;NA;NA;
4;14;7.33;3.86;5.89;ND;25.65;13.55;NA;NA;ND;NA;NA;NA;
4;15;10.16;9.31;11.25;ND;16.89;13.78;NA;NA;ND;NA;NA;NA;
4;16;2.65;9.81;20.56;ND;9.38;3.01;NA;NA;ND;NA;NA;NA;
4;17;10.48;5.66;21.89;ND;0.49;16.2;NA;NA;ND;NA;NA;NA;
4;18;3.57;8.9;17.31;ND;14.32;38;NA;NA;ND;NA;NA;NA;
4;19;9.62;10.81;24.32;ND;11.3;9.31;NA;NA;ND;NA;NA;NA;
4;20;9.06;7.7;13.27;ND;17.07;28.07;NA;NA;ND;NA;NA;NA;
4;21;8.7;10.18;16.12;ND;19.92;20.49;NA;NA;ND;NA;NA;NA;
4;22;1.66;8.96;13.22;ND;17.99;1.63;NA;NA;ND;NA;NA;NA;
4;23;11.02;11.87;12.76;ND;17.5;23.61;NA;NA;ND;NA;NA;NA;
5;0;5.4;26.04;11.73;ND;34.37;20.3;NA;NA;ND;NA;NA;NA;
5;1;15.05;13.73;14.96;ND;33.49;36.35;NA;NA;ND;NA;NA;NA;
5;2;15.94;16.99;19.22;ND;22.72;26.89;NA;NA;ND;NA;NA;NA;
5;3;17.72;16.73;24.19;ND;22.66;8.91;NA;NA;ND;NA;NA;NA;
5;4;19.13;12.65;17.95;ND;24.15;13;NA;NA;ND;NA;NA;NA;
5;5;16.85;18.81;14.79;ND;29.87;13.48;NA;NA;ND;NA;NA;NA;
5;6;17.39;25.15;18.01;ND;33.77;23.01;NA;NA;ND;NA;NA;NA;
5;7;18.62;37.53;22.12;ND;66.83;56.3;NA;NA;ND;NA;NA;NA;
5;8;27.05;19.38;39.69;ND;33.21;26.84;NA;NA;ND;NA;NA;NA;
5;9;38.98;23.14;19.98;ND;18.14;12.75;NA;NA;ND;NA;NA;NA;
5;10;27.55;17.49;22.54;ND;8.16;22.92;NA;NA;ND;NA;NA;NA;
5;11;13.31;8.86;16.05;ND;16.13;34.98;NA;NA;ND;NA;NA;NA;
5;12;10.29;14.83;11.51;ND;25.01;13.61;NA;NA;ND;NA;NA;NA;
5;13;7.64;14.76;6.83;ND;16.85;18.04;NA;NA;ND;NA;NA;NA;
5;14;1.35;10.51;9.69;ND;5.48;17.08;NA;NA;ND;NA;NA;NA;
5;15;5.07;8.96;14.25;ND;20.6;0;NA;NA;ND;NA;NA;NA;
5;16;4.29;8.88;10.16;ND;3.82;15.45;NA;NA;ND;NA;NA;NA;
5;17;2.98;12.11;21.16;ND;18.75;21.99;NA;NA;ND;NA;NA;NA;
5;18;20.32;8.26;21.12;ND;8.77;17.5;NA;NA;ND;NA;NA;NA;
5;19;20.92;13.94;8.37;ND;20.95;1.06;NA;NA;ND;NA;NA;NA;
5;20;27.04;14.83;15.81;ND;23.56;21.39;NA;NA;ND;NA;NA;NA;
5;21;16.82;14.52;10.28;ND;11.25;34.73;NA;NA;ND;NA;NA;NA;
5;22;19.22;14.07;13.43;ND;15.14;3.06;NA;NA;ND;NA;NA;NA;
5;23;14.62;20.21;5.75;ND;16.92;10.9;NA;NA;ND;NA;NA;NA;
6;0;13.36;37.44;5.87;ND;25.95;22.79;NA;NA;ND;NA;NA;NA;
6;1;12.37;37.5;13.3;ND;20.99;48.04;NA;NA;ND;NA;NA;NA;
6;2;9.92;16.79;15.79;ND;15.28;33.07;NA;NA;ND;NA;NA;NA;
6;3;16.59;15.13;9.95;ND;20.55;3.29;NA;NA;ND;NA;NA;NA;
6;4;15.31;23.11;13.07;ND;20.49;12.78;NA;NA;ND;NA;NA;NA;
6;5;6.82;11.72;11.12;ND;21.86;24.33;NA;NA;ND;NA;NA;NA;
6;6;16.05;16.52;6.42;ND;32.16;1.45;NA;NA;ND;NA;NA;NA;
6;7;11.81;21.66;15.36;ND;33.68;35.07;NA;NA;ND;NA;NA;NA;
6;8;14.03;18.42;25.51;ND;23.15;33.06;NA;NA;ND;NA;NA;NA;
6;9;23.48;24.37;20.75;ND;26.98;4.72;NA;NA;ND;NA;NA;NA;
6;10;14.43;13.42;21.19;ND;10.43;20.37;NA;NA;ND;NA;NA;NA;
6;11;17.28;16.74;12.52;ND;25.41;21.04;NA;NA;ND;NA;NA;NA;
6;12;7.7;13.91;11.98;ND;22.82;29.27;NA;NA;ND;NA;NA;NA;
6;13;13.54;15.42;13.21;ND;20.82;12.86;NA;NA;ND;NA;NA;NA;
6;14;13;12.66;7.23;ND;18.32;6.99;NA;NA;ND;NA;NA;NA;
6;15;5.88;13.46;16.53;ND;12.37;8.03;NA;NA;ND;NA;NA;NA;
6;16;12.06;14.01;19.06;ND;8.38;25.92;NA;NA;ND;NA;NA;NA;
6;17;4.61;12.12;23.04;ND;9.46;20.24;NA;NA;ND;NA;NA;NA;
6;18;8.57;8.97;16.22;ND;13.26;24.42;NA;NA;ND;NA;NA;NA;
6;19;10.72;14.52;14.05;ND;13.25;15;NA;NA;ND;NA;NA;NA;
6;20;10.79;9.15;13.62;ND;22.24;21.05;NA;NA;ND;NA;NA;NA;
6;21;5.48;11.36;14.05;ND;4.22;1.43;NA;NA;ND;NA;NA;NA;
6;22;3.32;0.52;5.39;ND;5.57;1.53;NA;NA;ND;NA;NA;NA;
6;23;7.88;1.83;10.66;ND;1.22;21.76;NA;NA;ND;NA;NA;NA;
7;0;3.24;17.86;1.97;ND;14.36;18.86;NA;NA;ND;NA;NA;NA;
7;1;3.72;3.45;5.56;ND;6.34;1.71;NA;NA;ND;NA;NA;NA;
7;2;1.92;0.81;3.83;ND;0.52;1.23;NA;NA;ND;NA;NA;NA;
7;3;1.06;2.5;1.46;ND;5.34;0.45;NA;NA;ND;NA;NA;NA;
7;4;8.32;2.89;2.67;ND;4.81;11.02;NA;NA;ND;NA;NA;NA;
7;5;6.82;6.85;3.11;ND;8;5.73;NA;NA;ND;NA;NA;NA;
7;6;17.59;30.99;7.08;ND;23.7;30.46;NA;NA;ND;NA;NA;NA;
7;7;26.12;61.23;32.13;ND;32.69;16.3;NA;NA;ND;NA;NA;NA;
7;8;38.12;13.43;37.97;ND;34.87;37.96;NA;NA;ND;NA;NA;NA;
7;9;24.44;14.27;27.54;ND;11.48;10.96;NA;NA;ND;NA;NA;NA;
7;10;37.84;16.54;10.53;ND;21.85;14.71;NA;NA;ND;NA;NA;NA;
7;11;9.08;12.72;16.93;ND;16.71;6.32;NA;NA;ND;NA;NA;NA;
7;12;11.4;11.23;18.17;ND;15.85;30.11;NA;NA;ND;NA;NA;NA;
7;13;16.77;10.05;12.91;ND;21.39;18.91;NA;NA;ND;NA;NA;NA;
7;14;2.86;12.22;10.78;ND;13.81;10.75;NA;NA;ND;NA;NA;NA;
7;15;ND;4.14;12.63;ND;9.65;16.2;NA;NA;ND;NA;NA;NA;
7;16;ND;2.13;22.63;ND;10.68;43.7;NA;NA;ND;NA;NA;NA;
7;17;26.73;13.45;18.34;ND;13.79;13.83;NA;NA;ND;NA;NA;NA;
7;18;7.33;17.19;24.88;ND;13.07;13.28;NA;NA;ND;NA;NA;NA;
7;19;1.38;14.83;30.19;ND;19.77;39.53;NA;NA;ND;NA;NA;NA;
7;20;14.87;15.27;20.97;ND;26.45;45.34;NA;NA;ND;NA;NA;NA;
7;21;21.51;14.13;10.44;ND;33.25;24.03;NA;NA;ND;NA;NA;NA;
7;22;13.12;8.67;10.72;ND;13.12;15.2;NA;NA;ND;NA;NA;NA;
7;23;15.55;8.61;6.62;ND;19.63;18.26;NA;NA;ND;NA;NA;NA;
8;0;29.69;15.15;27;ND;0.29;9.96;NA;NA;ND;NA;NA;NA;
8;1;2.36;7.6;7.34;ND;8.32;36.52;NA;NA;ND;NA;NA;NA;
8;2;5.57;1.66;8.75;ND;3.6;18.35;NA;NA;ND;NA;NA;NA;
8;3;12.2;0.44;4.62;ND;2.89;5.61;NA;NA;ND;NA;NA;NA;
8;4;2.02;11.84;15.02;ND;2.94;7.27;NA;NA;ND;NA;NA;NA;
8;5;17.51;10.24;6.35;ND;17.2;31.98;NA;NA;ND;NA;NA;NA;
8;6;23.36;29.07;20.59;ND;46.45;18.91;NA;NA;ND;NA;NA;NA;
8;7;28.55;45.94;39.57;ND;62.91;46.9;NA;NA;ND;NA;NA;NA;
8;8;36.44;14.74;32.83;ND;25.76;56.47;NA;NA;ND;NA;NA;NA;
8;9;ND;14.48;34.29;ND;18.29;33.36;NA;NA;ND;NA;NA;NA;
8;10;ND;11.59;27.72;ND;15.82;12.12;NA;NA;ND;NA;NA;NA;
8;11;ND;22.18;20.76;ND;14.83;13.56;NA;NA;ND;NA;NA;NA;
8;12;10.2;ND;18.61;ND;11.22;18.2;NA;NA;ND;NA;NA;NA;
8;13;12.33;ND;20.04;ND;15.93;12.01;NA;NA;ND;NA;NA;NA;
8;14;6.5;8.62;20.39;ND;16.43;26.37;NA;NA;ND;NA;NA;NA;
8;15;13.02;7.18;23.54;ND;8.65;0.04;NA;NA;ND;NA;NA;NA;
8;16;17.02;11.18;21.31;ND;13.73;13.36;NA;NA;ND;NA;NA;NA;
8;17;6.06;9.91;14.69;ND;18.36;50.51;NA;NA;ND;NA;NA;NA;
8;18;19.87;17.31;19.17;ND;31.73;22.33;NA;NA;ND;NA;NA;NA;
8;19;23.76;18.63;28.83;ND;45.03;27.52;NA;NA;ND;NA;NA;NA;
8;20;25.27;14.99;17.16;ND;19.12;21.07;NA;NA;ND;NA;NA;NA;
8;21;18.5;12.98;21.17;ND;25.03;35.3;NA;NA;ND;NA;NA;NA;
8;22;14.34;6.92;17.01;ND;24.61;58.13;NA;NA;ND;NA;NA;NA;
8;23;16.4;11.96;16.66;ND;21.21;10.76;NA;NA;ND;NA;NA;NA;
9;0;20.8;10.89;9.35;ND;23.61;17.01;NA;NA;ND;NA;NA;NA;
9;1;19.75;13.61;24.83;ND;16.9;37.91;NA;NA;ND;NA;NA;NA;
9;2;14.09;14.97;16.82;ND;18.78;10.92;NA;NA;ND;NA;NA;NA;
9;3;19.99;11.5;16.99;ND;25;24.1;NA;NA;ND;NA;NA;NA;
9;4;19.08;14.04;13.19;ND;22.77;23.41;NA;NA;ND;NA;NA;NA;
9;5;19.02;16.91;23.06;ND;24.81;22.8;NA;NA;ND;NA;NA;NA;
9;6;22.23;37.66;19.27;ND;50.39;31.25;NA;NA;ND;NA;NA;NA;
9;7;30.74;31.36;34.33;ND;50.85;38.01;NA;NA;ND;NA;NA;NA;
9;8;24.54;26.91;45.2;ND;45.14;26.26;NA;NA;ND;NA;NA;NA;
9;9;13;6.79;38.34;ND;38.73;41.22;NA;NA;ND;NA;NA;NA;
9;10;3.25;13.03;19.39;ND;29.26;20.25;NA;NA;ND;NA;NA;NA;
9;11;9.09;23.19;23.42;ND;27.18;25.18;NA;NA;ND;NA;NA;NA;
9;12;7.41;4.99;23.74;ND;25.8;32.83;NA;NA;ND;NA;NA;NA;
9;13;12.53;11.31;13.03;ND;14.54;26.15;NA;NA;ND;NA;NA;NA;
9;14;2.56;0.18;6.98;ND;7.07;15.89;NA;NA;ND;NA;NA;NA;
9;15;6.54;0.48;11;ND;15.38;30.12;NA;NA;ND;NA;NA;NA;
9;16;10.82;12.36;23.39;ND;12.85;4.85;NA;NA;ND;NA;NA;NA;
9;17;11.41;8.05;10.36;ND;15.06;20.86;NA;NA;ND;NA;NA;NA;
9;18;9.35;9.97;20.02;ND;20.29;18.51;NA;NA;ND;NA;NA;NA;
9;19;11.23;5.4;8.28;ND;19.2;4.11;NA;NA;ND;NA;NA;NA;
9;20;12.14;7.4;16.34;ND;15.23;3.35;NA;NA;ND;NA;NA;NA;
9;21;9.22;7.51;14.55;ND;12.03;37.88;NA;NA;ND;NA;NA;NA;
9;22;9.28;6.61;18.61;ND;20.16;9.14;NA;NA;ND;NA;NA;NA;
9;23;12.09;5.98;5.34;ND;5.95;5.41;NA;NA;ND;NA;NA;NA;
10;0;6.24;15.42;2.31;ND;17.29;5.67;NA;NA;ND;NA;NA;NA;
10;1;13.67;5.07;5.22;ND;12.27;19.13;NA;NA;ND;NA;NA;NA;
10;2;9.17;8.59;13.47;ND;13.59;16.64;NA;NA;ND;NA;NA;NA;
10;3;2.56;4.28;6.52;ND;7.4;1.84;NA;NA;ND;NA;NA;NA;
10;4;9.91;6.97;3.4;ND;4.84;2.4;NA;NA;ND;NA;NA;NA;
10;5;5;0.76;8.81;ND;5.09;11.33;NA;NA;ND;NA;NA;NA;
10;6;15.93;9.5;7.22;ND;30.39;15.94;NA;NA;ND;NA;NA;NA;
10;7;9.93;19.64;23.21;ND;46.53;22.58;NA;NA;ND;NA;NA;NA;
10;8;21.88;10.26;25.96;ND;29.87;20.13;NA;NA;ND;NA;NA;NA;
10;9;18.68;5.84;26.29;ND;34.85;38.2;NA;NA;ND;NA;NA;NA;
10;10;29.2;21.89;16.83;ND;14.95;36.77;NA;NA;ND;NA;NA;NA;
10;11;15.75;20.01;22.09;ND;17.83;24.75;NA;NA;ND;NA;NA;NA;
10;12;14.52;12.09;18.34;ND;15.87;14.97;NA;NA;ND;NA;NA;NA;
10;13;15.86;15.12;15.05;ND;20.82;12.95;NA;NA;ND;NA;NA;NA;
10;14;4.8;7.41;15.99;ND;19.32;6.35;NA;NA;ND;NA;NA;NA;
10;15;9.4;11.72;11.39;ND;18.2;39.42;NA;NA;ND;NA;NA;NA;
10;16;13.08;9.65;18.95;ND;16.21;24.36;NA;NA;ND;NA;NA;NA;
10;17;5.02;10.57;24.7;ND;4.63;22.94;NA;NA;ND;NA;NA;NA;
10;18;9.26;3.94;27.33;ND;12.61;19.69;NA;NA;ND;NA;NA;NA;
10;19;9.52;12.37;23.67;ND;15.8;35.57;NA;NA;ND;NA;NA;NA;
10;20;7;15.58;20.94;ND;19.84;17.67;NA;NA;ND;NA;NA;NA;
10;21;7.38;9.66;9.68;ND;35.39;24.81;NA;NA;ND;NA;NA;NA;
10;22;11.16;1.87;7.17;ND;25.67;18.93;NA;NA;ND;NA;NA;NA;
10;23;8.37;4.57;11.53;ND;7.09;8.37;NA;NA;ND;NA;NA;NA;
11;0;14.39;5.45;18.87;ND;27.36;0;NA;NA;ND;NA;NA;NA;
11;1;2.87;4.49;14.66;ND;14.33;9.92;NA;NA;ND;NA;NA;NA;
11;2;14.36;6.06;2.4;ND;11.92;13.84;NA;NA;ND;NA;NA;NA;
11;3;14.05;7.39;8.82;ND;11.41;1.82;NA;NA;ND;NA;NA;NA;
11;4;9.41;3.2;11.6;ND;12.19;14.73;NA;NA;ND;NA;NA;NA;
11;5;9.69;7.99;10.92;ND;14.44;18.07;NA;NA;ND;NA;NA;NA;
11;6;18.52;14.67;12.89;ND;41.43;24.96;NA;NA;ND;NA;NA;NA;
11;7;26.7;10.89;24.38;ND;42.12;37.08;NA;NA;ND;NA;NA;NA;
11;8;27.63;12.96;21.14;ND;26.22;23.92;NA;NA;ND;NA;NA;NA;
11;9;22.98;18.93;29.46;ND;34.55;32.7;NA;NA;ND;NA;NA;NA;
11;10;32.54;5.61;44.76;ND;33.61;37.89;NA;NA;ND;NA;NA;NA;
11;11;16.93;17.17;30.04;ND;29.6;54.2;NA;NA;ND;NA;NA;NA;
11;12;3.08;10.97;ND;ND;30.12;16.21;NA;NA;ND;NA;NA;NA;
11;13;1.94;11.9;27.65;ND;46.19;26.35;NA;NA;ND;NA;NA;NA;
11;14;2.67;14.15;18.28;ND;35.08;40.07;NA;NA;ND;NA;NA;NA;
11;15;4.58;8.83;28.8;ND;5.88;10.6;NA;NA;ND;NA;NA;NA;
11;16;9.1;14.4;20.68;ND;26.52;19.14;NA;NA;ND;NA;NA;NA;
11;17;20.13;19.8;21.71;ND;7.41;24.63;NA;NA;ND;NA;NA;NA;
11;18;27.6;14.9;23.09;ND;17.48;27.82;NA;NA;ND;NA;NA;NA;
11;19;14.17;8.81;27.77;ND;35.07;6.79;NA;NA;ND;NA;NA;NA;
11;20;14.74;12.81;20.74;ND;24.5;24.88;NA;NA;ND;NA;NA;NA;
11;21;15.34;7.03;16.59;ND;30.3;27.5;NA;NA;ND;NA;NA;NA;
11;22;6.36;8.49;8.01;ND;12.13;4.09;NA;NA;ND;NA;NA;NA;
11;23;0.65;4.24;7.04;ND;7.68;13.84;NA;NA;ND;NA;NA;NA;
12;0;22.04;13.89;15.3;ND;0.12;14.52;NA;NA;ND;NA;NA;NA;
12;1;4.77;7.3;8.51;ND;10.42;19.42;NA;NA;ND;NA;NA;NA;
12;2;8.71;6.43;5.7;ND;10.95;15.7;NA;NA;ND;NA;NA;NA;
12;3;10.39;9.04;5.24;ND;0.24;8.03;NA;NA;ND;NA;NA;NA;
12;4;0.65;4.79;0.51;ND;3.86;2.26;NA;NA;ND;NA;NA;NA;
12;5;5.6;4.52;2.62;ND;8.66;9.97;NA;NA;ND;NA;NA;NA;
12;6;21.62;9.6;4.3;ND;10.73;7.06;NA;NA;ND;NA;NA;NA;
12;7;21.41;17.67;8.25;ND;11.43;1.1;NA;NA;ND;NA;NA;NA;
12;8;13.63;9.11;13.79;ND;24.26;20.14;NA;NA;ND;NA;NA;NA;
12;9;18.15;16.12;14.02;ND;29.47;4.83;NA;NA;ND;NA;NA;NA;
12;10;34.92;20.23;16.86;ND;21.35;17.95;NA;NA;ND;NA;NA;NA;
12;11;20.18;16;19.65;ND;29.7;26.78;NA;NA;ND;NA;NA;NA;
12;12;5.27;21.19;10.49;ND;23.2;7.35;NA;NA;ND;NA;NA;NA;
12;13;23.75;19.98;16.28;ND;39.42;41.1;NA;NA;ND;NA;NA;NA;
12;14;16.61;16.08;28.77;ND;12.96;20.77;NA;NA;ND;NA;NA;NA;
12;15;15.14;13.42;12.1;ND;22.26;36.87;NA;NA;ND;NA;NA;NA;
12;16;1.2;8.11;8.61;ND;24.69;31.54;NA;NA;ND;NA;NA;NA;
12;17;1.45;6.77;21.98;ND;17.83;36.51;NA;NA;ND;NA;NA;NA;
12;18;28.2;14.28;19.77;ND;31.65;20.31;NA;NA;ND;NA;NA;NA;
12;19;20.36;19.1;35.56;ND;27.22;67.27;NA;NA;ND;NA;NA;NA;
12;20;32.05;13.99;23.52;ND;51.7;44.89;NA;NA;ND;NA;NA;NA;
12;21;20.68;16.63;15.61;ND;33.55;14.2;NA;NA;ND;NA;NA;NA;
12;22;23.83;10.55;17.9;ND;21.5;16.2;NA;NA;ND;NA;NA;NA;
12;23;25.59;10.3;17.86;ND;29.72;13.67;NA;NA;ND;NA;NA;NA;
13;0;21.23;14.37;33.72;ND;35.15;7.41;NA;NA;ND;NA;NA;NA;
13;1;17.69;16.81;18.65;ND;37.3;18.47;NA;NA;ND;NA;NA;NA;
13;2;14.45;9.53;19.56;ND;25.9;49.61;NA;NA;ND;NA;NA;NA;
13;3;20.67;14.11;18.55;ND;32.97;35.4;NA;NA;ND;NA;NA;NA;
13;4;23.87;14.75;18.37;ND;25.02;35.47;NA;NA;ND;NA;NA;NA;
13;5;16.43;15.18;12.57;ND;24.79;8.26;NA;NA;ND;NA;NA;NA;
13;6;10.55;18.15;19.52;ND;18.38;0.83;NA;NA;ND;NA;NA;NA;
13;7;22.97;10.25;14.67;ND;34.53;50.86;NA;NA;ND;NA;NA;NA;
13;8;18.9;10.69;28.94;ND;23.35;43.04;NA;NA;ND;NA;NA;NA;
13;9;6.92;10.05;17.62;ND;28.64;23.06;NA;NA;ND;NA;NA;NA;
13;10;3.34;0.89;5.25;ND;15.85;1.39;NA;NA;ND;NA;NA;NA;
13;11;5.43;10.78;18.79;ND;12.29;25.89;NA;NA;ND;NA;NA;NA;
13;12;2.75;12.68;8.35;ND;13.71;8.77;NA;NA;ND;NA;NA;NA;
13;13;12.87;12.06;10.23;ND;13.68;20.33;NA;NA;ND;NA;NA;NA;
13;14;8.43;9.33;8.62;ND;9.06;2.82;NA;NA;ND;NA;NA;NA;
13;15;8.08;4.31;7.33;ND;14.3;7.37;NA;NA;ND;NA;NA;NA;
13;16;1.58;5.79;15.82;ND;7.53;34.2;NA;NA;ND;NA;NA;NA;
13;17;10.2;14.04;13.34;ND;5.98;11.68;NA;NA;ND;NA;NA;NA;
13;18;13.25;11.79;18.05;ND;17.49;16.09;NA;NA;ND;NA;NA;NA;
13;19;22.29;12.69;11.39;ND;17.48;16.25;NA;NA;ND;NA;NA;NA;
13;20;10.34;5.86;17.8;ND;33.35;22.62;NA;NA;ND;NA;NA;NA;
13;21;9.9;9.14;14.92;ND;16.42;6.29;NA;NA;ND;NA;NA;NA;
13;22;9.39;16.11;12.48;ND;12.43;15.36;NA;NA;ND;NA;NA;NA;
13;23;5.29;8.26;4.93;ND;13.6;7.5;NA;NA;ND;NA;NA;NA;
14;0;2.56;5.25;12.87;ND;21.92;27.97;NA;NA;ND;NA;NA;NA;
14;1;6.76;9.61;7.62;ND;7.12;17.07;NA;NA;ND;NA;NA;NA;
14;2;8.44;2.5;2.33;ND;7.59;2.79;NA;NA;ND;NA;NA;NA;
14;3;4.21;3.41;6.48;ND;13.62;3.24;NA;NA;ND;NA;NA;NA;
14;4;1.09;5.15;3.71;ND;7.04;1.59;NA;NA;ND;NA;NA;NA;
14;5;3.5;5.79;7.27;ND;3.96;2.73;NA;NA;ND;NA;NA;NA;
14;6;3.86;6.03;8.41;ND;12.11;30.19;NA;NA;ND;NA;NA;NA;
14;7;22.4;9.66;17.47;ND;22.08;27.81;NA;NA;ND;NA;NA;NA;
14;8;21.9;14.48;20.99;ND;25.61;14.44;NA;NA;ND;NA;NA;NA;
14;9;26.55;14.56;16.2;ND;7.1;1.92;NA;NA;ND;NA;NA;NA;
14;10;23.9;16.53;21.11;ND;16.45;24.36;NA;NA;ND;NA;NA;NA;
14;11;16.57;17.47;17.46;ND;16.62;2.35;NA;NA;ND;NA;NA;NA;
14;12;7.17;5.56;12.07;ND;36.49;34.8;NA;NA;ND;NA;NA;NA;
14;13;16.48;6.21;12.29;ND;39.32;13.34;NA;NA;ND;NA;NA;NA;
14;14;9.79;14.85;14.74;ND;ND;15.29;NA;NA;ND;NA;NA;NA;
14;15;8.37;7.28;8.12;ND;ND;23;NA;NA;ND;NA;NA;NA;
14;16;3.73;8;25.78;ND;ND;28.06;NA;NA;ND;NA;NA;NA;
14;17;9.08;5.11;26.01;ND;5.79;14.61;NA;NA;ND;NA;NA;NA;
14;18;7.75;13.36;29.09;ND;13.32;8.11;NA;NA;ND;NA;NA;NA;
14;19;10.3;8.29;28.41;ND;12.65;31.58;NA;NA;ND;NA;NA;NA;
14;20;10.32;14.53;19.96;ND;20.69;30.55;NA;NA;ND;NA;NA;NA;
14;21;12.56;6.47;13.66;ND;42.44;17.33;NA;NA;ND;NA;NA;NA;
14;22;7.83;5.86;10.32;ND;21.1;11.39;NA;NA;ND;NA;NA;NA;
14;23;2.63;2.91;14.49;ND;10.35;15.63;NA;NA;ND;NA;NA;NA;
15;0;7.81;0;0.26;ND;20.68;7.47;NA;NA;ND;NA;NA;NA;
15;1;8.86;6.13;9.36;ND;11.09;8.21;NA;NA;ND;NA;NA;NA;
15;2;8.14;5.08;12.42;ND;8.02;15.3;NA;NA;ND;NA;NA;NA;
15;3;5.53;2.65;6.94;ND;14.4;9.55;NA;NA;ND;NA;NA;NA;
15;4;4.78;2.1;3.38;ND;4.57;16.62;NA;NA;ND;NA;NA;NA;
15;5;6.84;9.02;6.48;ND;19.51;17.25;NA;NA;ND;NA;NA;NA;
15;6;11.88;17.38;16.38;ND;39.53;26.09;NA;NA;ND;NA;NA;NA;
15;7;20.68;25.49;27.65;ND;44.07;31.85;NA;NA;ND;NA;NA;NA;
15;8;11.92;10.39;36.52;ND;25.57;35.68;NA;NA;ND;NA;NA;NA;
15;9;16.8;19.98;34.54;ND;23.14;26.19;NA;NA;ND;NA;NA;NA;
15;10;3.57;15.6;21.71;ND;18.6;18.64;NA;NA;ND;NA;NA;NA;
15;11;15.09;13.17;15.7;ND;23.92;12.52;NA;NA;ND;NA;NA;NA;
15;12;7.34;3.77;19.87;ND;23.64;ND;NA;NA;ND;NA;NA;NA;
15;13;5.64;10.23;7.4;ND;28.89;16.36;NA;NA;ND;NA;NA;NA;
15;14;8.48;9.27;6.78;ND;23.8;ND;NA;NA;ND;NA;NA;NA;
15;15;8.82;7.37;9.17;ND;11.64;ND;NA;NA;ND;NA;NA;NA;
15;16;7.36;8.53;16.62;ND;11.74;26.01;NA;NA;ND;NA;NA;NA;
15;17;5.76;12.21;21.67;ND;3.37;20.11;NA;NA;ND;NA;NA;NA;
15;18;6.57;10.37;22.97;ND;7.5;8.57;NA;NA;ND;NA;NA;NA;
15;19;18.98;10.84;22.51;ND;36.65;18.67;NA;NA;ND;NA;NA;NA;
15;20;23.49;15.47;16.77;ND;34.69;28.66;NA;NA;ND;NA;NA;NA;
15;21;15.32;16.81;15.94;ND;31.55;29.42;NA;NA;ND;NA;NA;NA;
15;22;15.49;15.58;23.4;ND;38.63;26.32;NA;NA;ND;NA;NA;NA;
15;23;4.72;21.22;18.05;ND;31.76;9.55;NA;NA;ND;NA;NA;NA;
16;0;14.25;13.57;38.58;ND;48.89;51.06;NA;NA;ND;NA;NA;NA;
16;1;20.71;21.97;18.53;ND;49.19;43.8;NA;NA;ND;NA;NA;NA;
16;2;17.94;31.33;24.61;ND;37.86;48.56;NA;NA;ND;NA;NA;NA;
16;3;13.28;22.75;6.97;ND;31.25;38;NA;NA;ND;NA;NA;NA;
16;4;8.81;29.38;16.91;ND;33.59;34.96;NA;NA;ND;NA;NA;NA;
16;5;21.48;24.74;15.23;ND;33.64;43.48;NA;NA;ND;NA;NA;NA;
16;6;26.56;37.19;19.7;ND;103.82;44.24;NA;NA;ND;NA;NA;NA;
16;7;60.77;77.55;26.37;ND;154.34;76.71;NA;NA;ND;NA;NA;NA;
16;8;29.98;52.56;60.42;ND;60.21;94.89;NA;NA;ND;NA;NA;NA;
16;9;14.29;1.4;13.92;ND;28.85;42.32;NA;NA;ND;NA;NA;NA;
16;10;4.63;5.28;13.4;ND;25.12;22.35;NA;NA;ND;NA;NA;NA;
16;11;21.4;14.36;4.54;ND;18.98;7.58;NA;NA;ND;NA;NA;NA;
16;12;15.64;11.65;6.18;ND;6.98;22.83;NA;NA;ND;NA;NA;NA;
16;13;6.4;8.53;11.7;ND;8.91;15.3;NA;NA;ND;NA;NA;NA;
16;14;6.03;9.64;14.56;ND;15.69;0.92;NA;NA;ND;NA;NA;NA;
16;15;5.28;7.19;25.3;ND;2.63;13.21;NA;NA;ND;NA;NA;NA;
16;16;13.04;1.88;22.47;ND;4.09;1.32;NA;NA;ND;NA;NA;NA;
16;17;7.46;15.63;23.34;ND;ND;0;NA;NA;ND;NA;NA;NA;
16;18;16.04;8.74;27.29;ND;ND;27.77;NA;NA;ND;NA;NA;NA;
16;19;8.59;9.72;18.17;ND;20.12;31.52;NA;NA;ND;NA;NA;NA;
16;20;11.41;4.36;16.73;ND;ND;36.25;NA;NA;ND;NA;NA;NA;
16;21;5.27;13.3;16.18;ND;20.49;18.49;NA;NA;ND;NA;NA;NA;
16;22;8.52;8.17;8.34;ND;18.87;18.42;NA;NA;ND;NA;NA;NA;
16;23;14.87;6.19;2.07;ND;26.6;5.73;NA;NA;ND;NA;NA;NA;
17;0;1.98;1.28;7.1;ND;32.21;22.78;NA;NA;ND;NA;NA;NA;
17;1;7.05;8.74;9.48;ND;20.18;18.28;NA;NA;ND;NA;NA;NA;
17;2;8.31;6.49;2.52;ND;15.44;16.4;NA;NA;ND;NA;NA;NA;
17;3;8.28;5.43;4.21;ND;13.64;7.53;NA;NA;ND;NA;NA;NA;
17;4;4.2;7.76;3.01;ND;10.46;14.24;NA;NA;ND;NA;NA;NA;
17;5;14.43;12.42;2.78;ND;16.43;11.26;NA;NA;ND;NA;NA;NA;
17;6;20.21;46.01;6.78;ND;33.33;16.04;NA;NA;ND;NA;NA;NA;
17;7;30.46;62.67;33.39;ND;58.45;29.18;NA;NA;ND;NA;NA;NA;
17;8;11.85;15.69;27.79;ND;23.95;13.38;NA;NA;ND;NA;NA;NA;
17;9;9.44;9.03;20.53;ND;18.69;21.88;NA;NA;ND;NA;NA;NA;
17;10;4.67;10.92;20.58;ND;14.05;8.41;NA;NA;ND;NA;NA;NA;
17;11;7.18;10.71;21.43;ND;7.08;6.06;NA;NA;ND;NA;NA;NA;
17;12;8.25;14.87;24.27;ND;15.04;25.48;NA;NA;ND;NA;NA;NA;
17;13;6.66;7.6;14.32;ND;6.79;7.04;NA;NA;ND;NA;NA;NA;
17;14;7.6;15.65;21.69;ND;27.09;8.59;NA;NA;ND;NA;NA;NA;
17;15;1.37;10.44;21.83;ND;24.46;ND;NA;NA;ND;NA;NA;NA;
17;16;9.53;9.81;0.27;ND;4.44;ND;NA;NA;ND;NA;NA;NA;
17;17;10.62;11.52;0;ND;1.03;18.83;NA;NA;ND;NA;NA;NA;
17;18;13.6;12.15;0;ND;0.75;13.46;NA;NA;ND;NA;NA;NA;
17;19;16.65;15.41;0.88;ND;16.73;16.25;NA;NA;ND;NA;NA;NA;
17;20;13.8;12.85;5.41;ND;8.92;17.2;NA;NA;ND;NA;NA;NA;
17;21;3.43;6.15;7.75;ND;15.43;1.62;NA;NA;ND;NA;NA;NA;
17;22;6.27;11.14;3.99;ND;25.45;0;NA;NA;ND;NA;NA;NA;
17;23;9.36;15.47;13.65;ND;16.95;16.42;NA;NA;ND;NA;NA;NA;
18;0;4.1;1.14;9.49;ND;5.52;21.45;NA;NA;ND;NA;NA;NA;
18;1;13.51;17.56;1.57;ND;13.84;19.85;NA;NA;ND;NA;NA;NA;
18;2;14.19;13.18;4.68;ND;10.58;0;NA;NA;ND;NA;NA;NA;
18;3;1.99;11.82;1.56;ND;14.09;17.52;NA;NA;ND;NA;NA;NA;
18;4;8.66;6.37;1.78;ND;7.92;36.65;NA;NA;ND;NA;NA;NA;
18;5;0.09;9.37;4.14;ND;20.42;8.11;NA;NA;ND;NA;NA;NA;
18;6;16.58;51.77;12.55;ND;41.48;42.72;NA;NA;ND;NA;NA;NA;
18;7;31.9;46.13;23.65;ND;60.14;49.06;NA;NA;ND;NA;NA;NA;
18;8;18.17;8.54;9.7;ND;62.04;29.49;NA;NA;ND;NA;NA;NA;
18;9;11.18;6.68;5.11;ND;14.52;2.97;NA;NA;ND;NA;NA;NA;
18;10;6.44;6.3;3.42;ND;12.71;9.15;NA;NA;ND;NA;NA;NA;
18;11;7.79;10.44;3.99;ND;6.16;10.61;NA;NA;ND;NA;NA;NA;
18;12;7.3;11.99;2.98;ND;0.17;13.87;NA;NA;ND;NA;NA;NA;
18;13;2.67;10.09;2.03;ND;7.2;0;NA;NA;ND;NA;NA;NA;
18;14;8.33;7.72;6.99;ND;26.06;0;NA;NA;ND;NA;NA;NA;
18;15;1.73;13.29;6.62;ND;68.94;28.42;NA;NA;ND;NA;NA;NA;
18;16;13.34;11.86;13.16;ND;2.54;16.77;NA;NA;ND;NA;NA;NA;
18;17;15.81;12.78;15.34;ND;4.28;15.07;NA;NA;ND;NA;NA;NA;
18;18;5.7;17.18;13.45;ND;12.41;12.94;NA;NA;ND;NA;NA;NA;
18;19;25.58;15.42;15.13;ND;14.16;0.26;NA;NA;ND;NA;NA;NA;
18;20;21.35;15.12;26.94;ND;13.84;17.22;NA;NA;ND;NA;NA;NA;
18;21;16.76;8.77;19.95;ND;19.32;12.93;NA;NA;ND;NA;NA;NA;
18;22;14.79;10.8;48.07;ND;20.58;34.69;NA;NA;ND;NA;NA;NA;
18;23;13.92;9.58;11.05;ND;36.11;5.89;NA;NA;ND;NA;NA;NA;
19;0;5.71;7.22;27.6;ND;14.58;3.36;NA;NA;ND;NA;NA;NA;
19;1;11.01;14.2;19.07;ND;11.32;6.63;NA;NA;ND;NA;NA;NA;
19;2;8.87;12.67;21.55;ND;11.9;42.97;NA;NA;ND;NA;NA;NA;
19;3;13.18;12.65;25.73;ND;20.84;6.39;NA;NA;ND;NA;NA;NA;
19;4;15.81;9.96;22.98;ND;21.4;17.7;NA;NA;ND;NA;NA;NA;
19;5;11.98;14.12;17.3;ND;25.15;37.03;NA;NA;ND;NA;NA;NA;
19;6;21.55;18.73;16.19;ND;29.6;20.52;NA;NA;ND;NA;NA;NA;
19;7;17.08;21.95;57.82;ND;25.6;22.73;NA;NA;ND;NA;NA;NA;
19;8;23.29;16.37;32.09;ND;34.51;49.46;NA;NA;ND;NA;NA;NA;
19;9;20.03;18.53;33.37;ND;27.46;19.89;NA;NA;ND;NA;NA;NA;
19;10;13.74;7.32;23.38;ND;30.87;44.43;NA;NA;ND;NA;NA;NA;
19;11;3.12;4.56;22.66;ND;30.96;29.53;NA;NA;ND;NA;NA;NA;
19;12;9.96;9.46;11.86;ND;17.93;19.85;NA;NA;ND;NA;NA;NA;
19;13;10.6;8.22;5.54;ND;19.2;11.34;NA;NA;ND;NA;NA;NA;
19;14;6.97;5.53;3.6;ND;12.93;13.47;NA;NA;ND;NA;NA;NA;
19;15;8.1;6.24;7;ND;28.83;7.59;NA;NA;ND;NA;NA;NA;
19;16;0.05;11.64;17.85;ND;18.97;7.19;NA;NA;ND;NA;NA;NA;
19;17;10.44;14.42;14.32;ND;22.35;19.49;NA;NA;ND;NA;NA;NA;
19;18;15.51;8.21;13.59;ND;17.7;20.45;NA;NA;ND;NA;NA;NA;
19;19;9.35;8.23;20.78;ND;25.81;25.69;NA;NA;ND;NA;NA;NA;
19;20;17.34;6.61;16.44;ND;27.14;14.13;NA;NA;ND;NA;NA;NA;
19;21;10.37;3.89;11.88;ND;22.44;14.02;NA;NA;ND;NA;NA;NA;
19;22;7.99;6.11;4.67;ND;9.75;7.71;NA;NA;ND;NA;NA;NA;
19;23;7.28;5.08;10.89;ND;7.09;9.01;NA;NA;ND;NA;NA;NA;
20;0;19.7;8.49;13.85;ND;11.07;0.57;NA;NA;ND;NA;NA;NA;
20;1;4.09;5.43;13.75;ND;14.96;11.08;NA;NA;ND;NA;NA;NA;
20;2;4.98;9.1;11.37;ND;14.69;6.01;NA;NA;ND;NA;NA;NA;
20;3;21.7;5.91;12.01;ND;12.63;26.13;NA;NA;ND;NA;NA;NA;
20;4;2.54;8.48;14.01;ND;11.34;27.78;NA;NA;ND;NA;NA;NA;
20;5;10.61;5.97;11.94;ND;17.14;8.19;NA;NA;ND;NA;NA;NA;
20;6;6.66;12.52;11.8;ND;30.34;8.05;NA;NA;ND;NA;NA;NA;
20;7;12.06;18.24;15.11;ND;16.73;21.2;NA;NA;ND;NA;NA;NA;
20;8;10.4;10.18;16.18;ND;17.96;15.12;NA;NA;ND;NA;NA;NA;
20;9;10.15;10.55;12.54;ND;18.32;1.99;NA;NA;ND;NA;NA;NA;
20;10;17.43;13.3;6.95;ND;15.11;27.74;NA;NA;ND;NA;NA;NA;
20;11;14.45;11.89;7.49;ND;15.81;13.63;NA;NA;ND;NA;NA;NA;
20;12;2.71;9.45;2.72;ND;8.02;16.9;NA;NA;ND;NA;NA;NA;
20;13;12.01;12.86;2.73;ND;7.11;3.35;NA;NA;ND;NA;NA;NA;
20;14;4.69;17.54;12.9;ND;12.84;29.87;NA;NA;ND;NA;NA;NA;
20;15;14.62;6.37;25.79;ND;12.15;38.65;NA;NA;ND;NA;NA;NA;
20;16;18.98;18.02;19.79;ND;22.51;13.95;NA;NA;ND;NA;NA;NA;
20;17;1.98;9.42;19.32;ND;5.81;0.09;NA;NA;ND;NA;NA;NA;
20;18;6.59;6.3;20.42;ND;6.99;12.93;NA;NA;ND;NA;NA;NA;
20;19;9.68;5.95;20.41;ND;14.58;39.13;NA;NA;ND;NA;NA;NA;
20;20;7.42;2.86;22.74;ND;29.77;34.45;NA;NA;ND;NA;NA;NA;
20;21;4.45;7.1;6.37;ND;14.46;10.91;NA;NA;ND;NA;NA;NA;
20;22;14.22;2.86;10.33;ND;11.12;7.44;NA;NA;ND;NA;NA;NA;
20;23;8.95;7.48;3.36;ND;16.8;17.38;NA;NA;ND;NA;NA;NA;
21;0;16.56;7.55;11.4;ND;9.64;16.02;NA;NA;ND;NA;NA;NA;
21;1;3.29;9.53;8.24;ND;6.55;16.73;NA;NA;ND;NA;NA;NA;
21;2;8.25;3.68;13.3;ND;10.85;4.44;NA;NA;ND;NA;NA;NA;
21;3;3.79;2.39;11.74;ND;11.68;0.84;NA;NA;ND;NA;NA;NA;
21;4;5.53;5.84;2.14;ND;8.3;12.77;NA;NA;ND;NA;NA;NA;
21;5;13.09;5.94;16.92;ND;13.44;18.86;NA;NA;ND;NA;NA;NA;
21;6;13.01;26.37;9.16;ND;35.71;26.92;NA;NA;ND;NA;NA;NA;
21;7;17.6;50.77;21.86;ND;40.77;23.6;NA;NA;ND;NA;NA;NA;
21;8;15.65;ND;40.33;ND;18.78;39.44;NA;NA;ND;NA;NA;NA;
21;9;52.16;ND;40.6;ND;21.49;46.65;NA;NA;ND;NA;NA;NA;
21;10;24.23;ND;25.64;ND;26.42;29.87;NA;NA;ND;NA;NA;NA;
21;11;14.04;ND;15.65;ND;26.61;9;NA;NA;ND;NA;NA;NA;
21;12;6.89;ND;7.12;ND;9.59;10.14;NA;NA;ND;NA;NA;NA;
21;13;18.28;16.46;7.34;ND;19.06;29;NA;NA;ND;NA;NA;NA;
21;14;12.67;8.42;22.58;ND;14.93;8.59;NA;NA;ND;NA;NA;NA;
21;15;4.4;5.31;11.53;ND;7.92;24.43;NA;NA;ND;NA;NA;NA;
21;16;14.07;8.45;10.68;ND;24.01;16.69;NA;NA;ND;NA;NA;NA;
21;17;5.34;9.26;27.07;ND;11.99;26.54;NA;NA;ND;NA;NA;NA;
21;18;1.69;8.97;24.52;ND;5.5;34.89;NA;NA;ND;NA;NA;NA;
21;19;6.14;5.89;22.29;ND;24.1;29.52;NA;NA;ND;NA;NA;NA;
21;20;6.19;7.82;26.77;ND;23.9;23.74;NA;NA;ND;NA;NA;NA;
21;21;12.16;11.23;18.76;ND;16.96;17.27;NA;NA;ND;NA;NA;NA;
21;22;6.12;9.94;8.44;ND;6.61;14.54;NA;NA;ND;NA;NA;NA;
21;23;12.51;3.3;2.24;ND;3.09;5.45;NA;NA;ND;NA;NA;NA;
22;0;5.97;1.28;8.59;ND;8.17;19.62;NA;NA;ND;NA;NA;NA;
22;1;2.59;1.89;5.46;ND;9.97;8.12;NA;NA;ND;NA;NA;NA;
22;2;9.72;4.12;7.02;ND;7.73;0.28;NA;NA;ND;NA;NA;NA;
22;3;12.16;6.57;8.89;ND;11.33;0.94;NA;NA;ND;NA;NA;NA;
22;4;5.53;4.16;10.48;ND;10.76;44.41;NA;NA;ND;NA;NA;NA;
22;5;9.53;4.44;12.38;ND;10.34;12.97;NA;NA;ND;NA;NA;NA;
22;6;18.66;10.5;14.48;ND;46.72;27.94;NA;NA;ND;NA;NA;NA;
22;7;35.97;24.77;23.05;ND;31.25;47.73;NA;NA;ND;NA;NA;NA;
22;8;46.19;23.78;41.71;ND;20.5;36.57;NA;NA;ND;NA;NA;NA;
22;9;18.92;14.61;35.93;ND;31.21;29.41;NA;NA;ND;NA;NA;NA;
22;10;26.61;15.74;26.25;ND;30.83;44.11;NA;NA;ND;NA;NA;NA;
22;11;14.67;9.63;15.6;ND;21.49;9.73;NA;NA;ND;NA;NA;NA;
22;12;20.54;15.59;3.05;ND;5.8;19.89;NA;NA;ND;NA;NA;NA;
22;13;12.99;15.25;9.68;ND;12.45;3.95;NA;NA;ND;NA;NA;NA;
22;14;9.57;9.94;6.7;ND;12.42;21.04;NA;NA;ND;NA;NA;NA;
22;15;9.5;5.82;19.12;ND;12.27;46.33;NA;NA;ND;NA;NA;NA;
22;16;8.57;10.08;15.88;ND;21.23;4.93;NA;NA;ND;NA;NA;NA;
22;17;11.38;12.15;18.12;ND;20.35;23.43;NA;NA;ND;NA;NA;NA;
22;18;9.8;11.28;30.92;ND;16.21;14.75;NA;NA;ND;NA;NA;NA;
22;19;7.05;14.8;26.45;ND;16.59;33.18;NA;NA;ND;NA;NA;NA;
22;20;19.28;2.77;24.56;ND;36.78;35.25;NA;NA;ND;NA;NA;NA;
22;21;12.96;11.63;18.75;ND;26.92;15.82;NA;NA;ND;NA;NA;NA;
22;22;8.24;4.74;14.9;ND;20.24;4.2;NA;NA;ND;NA;NA;NA;
22;23;13.79;10.27;21.67;ND;10.17;31.5;NA;NA;ND;NA;NA;NA;
23;0;20.8;12.87;9.34;ND;6;15.94;NA;NA;ND;NA;NA;NA;
23;1;4.76;8.36;11.92;ND;18.26;2.12;NA;NA;ND;NA;NA;NA;
23;2;7.5;10.23;13.44;ND;14.74;14.84;NA;NA;ND;NA;NA;NA;
23;3;23.7;6.43;10.85;ND;21.01;8.49;NA;NA;ND;NA;NA;NA;
23;4;6.99;8.04;8.54;ND;18.97;22.23;NA;NA;ND;NA;NA;NA;
23;5;10.95;9.95;9.42;ND;22.06;7.21;NA;NA;ND;NA;NA;NA;
23;6;22.25;19.98;14.29;ND;39.27;33.46;NA;NA;ND;NA;NA;NA;
23;7;19.13;27.15;24.22;ND;45.84;36.76;NA;NA;ND;NA;NA;NA;
23;8;25.23;19.09;32.44;ND;34.55;47.24;NA;NA;ND;NA;NA;NA;
23;9;33.09;11.21;41.45;ND;29.52;11.1;NA;NA;ND;NA;NA;NA;
23;10;19.13;24.85;40.38;ND;32.5;39.12;NA;NA;ND;NA;NA;NA;
23;11;14.19;15.38;20.13;ND;29;44.91;NA;NA;ND;NA;NA;NA;
23;12;9.42;10.96;18.45;ND;24.87;19.21;NA;NA;ND;NA;NA;NA;
23;13;9.53;15.84;18.64;ND;15.47;22.32;NA;NA;ND;NA;NA;NA;
23;14;3.16;5.44;25.44;ND;8.7;38.07;NA;NA;ND;NA;NA;NA;
23;15;2.91;7.82;6.12;ND;24.53;41.15;NA;NA;ND;NA;NA;NA;
23;16;13.88;12.81;37.37;ND;26.35;34.73;NA;NA;ND;NA;NA;NA;
23;17;3.8;8.3;32.89;ND;31.33;26.1;NA;NA;ND;NA;NA;NA;
23;18;4.2;17.42;36.57;ND;2.89;3.87;NA;NA;ND;NA;NA;NA;
23;19;21.97;24.15;25.8;ND;24.77;28.18;NA;NA;ND;NA;NA;NA;
23;20;28.51;16.64;17.6;ND;20.28;2.75;NA;NA;ND;NA;NA;NA;
23;21;18.47;11.18;9.36;ND;16.09;5.31;NA;NA;ND;NA;NA;NA;
23;22;1.48;6.5;12.12;ND;15.16;2.79;NA;NA;ND;NA;NA;NA;
23;23;14.21;4.57;4.01;ND;14.03;40.08;NA;NA;ND;NA;NA;NA;
24;0;16.6;7.72;8.96;ND;12.83;10.37;NA;NA;ND;NA;NA;NA;
24;1;6.51;7.21;11.08;ND;10.93;21.35;NA;NA;ND;NA;NA;NA;
24;2;5.62;5.59;14.96;ND;4.38;17.24;NA;NA;ND;NA;NA;NA;
24;3;12.54;7.51;11.26;ND;8.67;9.3;NA;NA;ND;NA;NA;NA;
24;4;11.66;6.06;8.56;ND;17.74;10.37;NA;NA;ND;NA;NA;NA;
24;5;7.97;8.06;10.73;ND;14.11;30.99;NA;NA;ND;NA;NA;NA;
24;6;22.48;16.49;15.42;ND;53.69;23.23;NA;NA;ND;NA;NA;NA;
24;7;25.29;23.18;31.03;ND;49.56;67.18;NA;NA;ND;NA;NA;NA;
24;8;15.01;18.94;33.81;ND;62.76;57.66;NA;NA;ND;NA;NA;NA;
24;9;17.39;17.24;44.81;ND;56.29;58.04;NA;NA;ND;NA;NA;NA;
24;10;37.26;18.51;29.55;ND;33.62;45.82;NA;NA;ND;NA;NA;NA;
24;11;26.83;21.14;32.88;ND;23.68;31.1;NA;NA;ND;NA;NA;NA;
24;12;14.27;18.26;25.9;ND;30.13;46.98;NA;NA;ND;NA;NA;NA;
24;13;28.22;29.07;23.74;0;22.11;25.88;NA;NA;ND;NA;NA;NA;
24;14;10.75;6.47;26.69;0;5.5;10.97;NA;NA;ND;NA;NA;NA;
24;15;6.94;9.09;21.65;0;22.87;15.96;NA;NA;ND;NA;NA;NA;
24;16;4.15;1.86;28.93;0;17.44;33.29;NA;NA;ND;NA;NA;NA;
24;17;9.36;11.39;21.57;0;20.99;39.68;NA;NA;ND;NA;NA;NA;
24;18;15.99;17.76;13.41;0.05;25.51;30.42;NA;NA;ND;NA;NA;NA;
24;19;17.91;9.8;26.41;4.98;40.49;40.84;NA;NA;ND;NA;NA;NA;
24;20;10.38;6.03;9.48;24.92;27.28;ND;NA;NA;ND;NA;NA;NA;
24;21;18.62;3.91;29.75;21.7;15.78;29.23;NA;NA;ND;NA;NA;NA;
24;22;10.97;5.62;16.82;8.94;5.56;37.29;NA;NA;ND;NA;NA;NA;
24;23;13.34;2.53;6.36;7.27;16.77;32.4;NA;NA;ND;NA;NA;NA;
25;0;2.01;3.15;6.21;15.62;3.17;36.57;NA;NA;ND;NA;NA;NA;
25;1;8.43;0.71;11.08;2.27;2.19;3.51;NA;NA;ND;NA;NA;NA;
25;2;20.02;7.35;2.33;6.8;5.93;10.34;NA;NA;ND;NA;NA;NA;
25;3;1.45;3.71;4.64;2.35;2.71;6.28;NA;NA;ND;NA;NA;NA;
25;4;5.15;7.89;2.81;5.62;5;4.65;NA;NA;ND;NA;NA;NA;
25;5;4.2;5.51;5.83;7.14;12.04;8.44;NA;NA;ND;NA;NA;NA;
25;6;23.51;16.76;13.27;11.98;32.4;12.58;NA;NA;ND;NA;NA;NA;
25;7;36.96;24.93;45.05;40.54;46.54;30.94;NA;NA;ND;NA;NA;NA;
25;8;31.86;10.52;39.65;39.51;55.36;45.94;NA;NA;ND;NA;NA;NA;
25;9;39.56;13.65;36.73;37.6;20.55;22.65;NA;NA;ND;NA;NA;NA;
25;10;24.06;12.58;33.42;31.44;24.68;36.84;NA;NA;ND;NA;NA;NA;
25;11;11.09;20.2;29.58;16.5;25.02;19.09;NA;NA;ND;NA;NA;NA;
25;12;1.4;8.26;18.29;13.15;22.37;40.84;NA;NA;ND;NA;NA;NA;
25;13;25.74;11.33;18.86;23.88;26.02;8.98;NA;NA;ND;NA;NA;NA;
25;14;9.7;9.54;1.98;11;10.24;2.12;NA;NA;ND;NA;NA;NA;
25;15;ND;6.22;8.98;8.17;19.73;27.8;NA;NA;ND;NA;NA;NA;
25;16;ND;8.08;18.09;22.27;16.2;39.37;NA;NA;ND;NA;NA;NA;
25;17;ND;10.61;28.36;13.35;14.91;11.72;NA;NA;ND;NA;NA;NA;
25;18;ND;14.09;24.38;14.46;18.25;20.19;NA;NA;ND;NA;NA;NA;
25;19;ND;5.54;24.48;7.65;17.75;51.61;NA;NA;ND;NA;NA;NA;
25;20;ND;11.65;27.52;17.69;25.15;36.82;NA;NA;ND;NA;NA;NA;
25;21;ND;8.41;15.98;11.12;24.26;21.91;NA;NA;ND;NA;NA;NA;
25;22;ND;12;11.24;12.53;19.7;34.62;NA;NA;ND;NA;NA;NA;
25;23;ND;9.29;12.58;10.48;12.42;12.15;NA;NA;ND;NA;NA;NA;
26;0;ND;13.67;19.09;14.32;14.74;12.81;NA;NA;ND;NA;NA;NA;
26;1;ND;7.94;18.5;15.94;22.03;10.32;NA;NA;ND;NA;NA;NA;
26;2;ND;7.14;7.39;10.67;8.39;11.67;NA;NA;ND;NA;NA;NA;
26;3;ND;8.25;5.4;15.28;12.63;12.1;NA;NA;ND;NA;NA;NA;
26;4;10.89;9.77;12.66;9.01;16.07;22.53;NA;NA;ND;NA;NA;NA;
26;5;22.48;9.99;12.86;8;29.33;10.14;NA;NA;ND;NA;NA;NA;
26;6;8.69;16.06;10.31;15.18;21.45;9.23;NA;NA;ND;NA;NA;NA;
26;7;18.25;22.02;12.57;17.59;46.14;34.25;NA;NA;ND;NA;NA;NA;
26;8;30.92;21.7;27.46;32.45;48.84;5.73;NA;NA;ND;NA;NA;NA;
26;9;19.28;9.53;22.8;31.06;17.63;37.02;NA;NA;ND;NA;NA;NA;
26;10;8.24;12.66;30.69;20.65;18.85;11.98;NA;NA;ND;NA;NA;NA;
26;11;2.24;17.65;28.96;19.38;24.73;29.75;NA;NA;ND;NA;NA;NA;
26;12;ND;16.38;16.44;14.61;21.53;33.49;NA;NA;ND;NA;NA;NA;
26;13;ND;13.3;12.86;13.61;7.21;14.67;NA;NA;ND;NA;NA;NA;
26;14;ND;9.92;26.19;10.54;18.67;7.64;NA;NA;ND;NA;NA;NA;
26;15;ND;4.7;5.36;0.17;16;22.2;NA;NA;ND;NA;NA;NA;
26;16;ND;9.3;21.6;14.2;17.72;10.38;NA;NA;ND;NA;NA;NA;
26;17;ND;8.24;12.25;7.04;13.39;20.73;NA;NA;ND;NA;NA;NA;
26;18;ND;9.52;11.97;22.07;24.22;2.78;NA;NA;ND;NA;NA;NA;
26;19;ND;8.03;11.35;10.65;18.93;40.81;NA;NA;ND;NA;NA;NA;
26;20;ND;5.85;17.18;12.34;18.91;4.35;NA;NA;ND;NA;NA;NA;
26;21;10.87;2.63;9.39;9.21;10.91;11.16;NA;NA;ND;NA;NA;NA;
26;22;0;2.89;7.63;6.07;8.41;6.1;NA;NA;ND;NA;NA;NA;
26;23;0;3.21;4.91;7.44;2.9;20.63;NA;NA;ND;NA;NA;NA;
27;0;6.54;8.09;6.5;15.08;14.03;0.93;NA;NA;ND;NA;NA;NA;
27;1;7.87;6.12;4.82;10.22;11.14;10.03;NA;NA;ND;NA;NA;NA;
27;2;37.86;3.75;7.83;4.64;12.19;1.81;NA;NA;ND;NA;NA;NA;
27;3;18.89;4.23;11.01;12.01;8.75;19;NA;NA;ND;NA;NA;NA;
27;4;15.93;5.52;10.38;10.24;11.34;19.94;NA;NA;ND;NA;NA;NA;
27;5;9.48;15.1;17.34;14.18;23.7;11.98;NA;NA;ND;NA;NA;NA;
27;6;28;9.41;7.63;13.11;27.18;14.39;NA;NA;ND;NA;NA;NA;
27;7;33.72;16.88;20.73;15.81;45.66;41.61;NA;NA;ND;NA;NA;NA;
27;8;36.23;11.86;25.81;22.96;37.51;41.96;NA;NA;ND;NA;NA;NA;
27;9;40.03;12.5;21.68;14.8;31.62;26.89;NA;NA;ND;NA;NA;NA;
27;10;34.37;19.47;30.38;19.92;27.62;17.1;NA;NA;ND;NA;NA;NA;
27;11;25.22;16.43;23.47;19.97;27.28;9.63;NA;NA;ND;NA;NA;NA;
27;12;30.32;21.72;21.47;13.66;17.45;5.47;NA;NA;ND;NA;NA;NA;
27;13;0.18;4.29;17.15;14.03;14.29;52.84;NA;NA;ND;NA;NA;NA;
27;14;28.88;10.84;19.87;12.29;27.11;5.59;NA;NA;ND;NA;NA;NA;
27;15;15.69;5.83;10.21;9.16;21.07;24.1;NA;NA;ND;NA;NA;NA;
27;16;14.34;3.6;7.41;5.78;11.09;16.45;NA;NA;ND;NA;NA;NA;
27;17;10.35;11.12;10.97;12.46;10.55;9.16;NA;NA;ND;NA;NA;NA;
27;18;0.73;4.16;7.96;3.97;15.49;24.5;NA;NA;ND;NA;NA;NA;
27;19;20.49;5.32;8.09;9.95;19.51;19.45;NA;NA;ND;NA;NA;NA;
27;20;4.21;5.2;9.13;12.45;16.39;14.63;NA;NA;ND;NA;NA;NA;
27;21;21.27;5.8;9.42;6.06;5.03;16.19;NA;NA;ND;NA;NA;NA;
27;22;7.59;5.64;10.62;10.04;8.52;21.34;NA;NA;ND;NA;NA;NA;
27;23;2.07;4.04;14.58;5.87;6.08;2.96;NA;NA;ND;NA;NA;NA;
28;0;0.15;19.17;24.71;15.29;1.25;3.32;NA;NA;ND;NA;NA;NA;
28;1;7.56;5.11;13.16;8.58;11.4;29.67;NA;NA;ND;NA;NA;NA;
28;2;5.97;4.38;0.68;14.91;8.97;9.28;NA;NA;ND;NA;NA;NA;
28;3;14.28;5.33;17.04;3.77;5.05;5.81;NA;NA;ND;NA;NA;NA;
28;4;14.11;7.19;8.68;8.18;17.9;11.65;NA;NA;ND;NA;NA;NA;
28;5;16.17;5.17;10.4;11.56;17.38;27.44;NA;NA;ND;NA;NA;NA;
28;6;22.2;26.19;14.36;12.27;16.56;25.92;NA;NA;ND;NA;NA;NA;
28;7;9.46;9.27;17.54;22.89;39.08;15.3;NA;NA;ND;NA;NA;NA;
28;8;24.46;9.89;26.82;22.36;26.21;20.32;NA;NA;ND;NA;NA;NA;
28;9;15.47;12.4;24.96;20.42;10.97;26.45;NA;NA;ND;NA;NA;NA;
28;10;8.18;12.35;28.55;18.28;23.16;38.28;NA;NA;ND;NA;NA;NA;
28;11;7.92;10.86;12.63;14.21;18.78;15.11;NA;NA;ND;NA;NA;NA;
28;12;7.76;6.97;16.03;15.75;23.52;36.72;NA;NA;ND;NA;NA;NA;
28;13;7.59;11.36;7.28;2.03;13.87;33.33;NA;NA;ND;NA;NA;NA;
28;14;8.26;9;19.99;16.87;22.74;20.38;NA;NA;ND;NA;NA;NA;
28;15;4.95;12.18;19.15;10.06;12.7;0.06;NA;NA;ND;NA;NA;NA;
28;16;7.33;14.37;17.48;21.66;1.75;12.6;NA;NA;ND;NA;NA;NA;
28;17;4.41;19.89;20.62;19.07;25.55;21.39;NA;NA;ND;NA;NA;NA;
28;18;9.45;6.54;23.61;29.36;41.11;37.79;NA;NA;ND;NA;NA;NA;
28;19;22.22;10.03;27.46;26.55;35.95;29.43;NA;NA;ND;NA;NA;NA;
28;20;16.24;5.51;20.55;29.37;21.13;4.11;NA;NA;ND;NA;NA;NA;
28;21;26.37;12.52;14.36;14.02;21.64;6.22;NA;NA;ND;NA;NA;NA;
28;22;22.93;19.51;16.76;11.15;28.22;23.09;NA;NA;ND;NA;NA;NA;
28;23;14.78;11.25;5.85;14.11;31.05;35.32;NA;NA;ND;NA;NA;NA;
29;0;10.8;9.29;44.88;20.27;12.59;22.12;NA;NA;ND;NA;NA;NA;
29;1;22.24;5.97;16.98;15.58;28.42;18.03;NA;NA;ND;NA;NA;NA;
29;2;17.37;13.28;15.81;15.76;26.87;5.37;NA;NA;ND;NA;NA;NA;
29;3;8.69;15.64;18.81;18.98;32.37;38.42;NA;NA;ND;NA;NA;NA;
29;4;16.72;13.66;20.23;22.35;45.78;48.65;NA;NA;ND;NA;NA;NA;
29;5;19.91;15.88;20.54;16.69;41.68;39.67;NA;NA;ND;NA;NA;NA;
29;6;37.91;22.42;32.36;26.41;90.66;16.28;NA;NA;ND;NA;NA;NA;
29;7;30.7;43.07;32.05;52.02;124.62;91.73;NA;NA;ND;NA;NA;NA;
29;8;37.96;37.85;53.84;61.97;110.61;92.33;NA;NA;ND;NA;NA;NA;
29;9;25.23;21.71;55.56;58.79;51.38;52.21;NA;NA;ND;NA;NA;NA;
29;10;22.17;25.67;43.75;52.07;50.12;60.12;NA;NA;ND;NA;NA;NA;
29;11;19.06;18.4;46.51;33.08;41.62;37.89;NA;NA;ND;NA;NA;NA;
29;12;4.56;11.96;38.49;22.79;39.77;52.04;NA;NA;ND;NA;NA;NA;
29;13;10.67;12.3;27.04;15.42;30.53;48.21;NA;NA;ND;NA;NA;NA;
29;14;5.18;5.86;13.24;11.56;25.75;20.83;NA;NA;ND;NA;NA;NA;
29;15;10.3;8.39;10.06;11.57;6.54;5.91;NA;NA;ND;NA;NA;NA;
29;16;7.7;6.08;10.58;9.65;ND;ND;NA;NA;ND;NA;NA;NA;
29;17;7.86;10.26;16.88;17.83;ND;32.92;NA;NA;ND;NA;NA;NA;
29;18;3.6;14.8;21.5;11.48;28.75;31.12;NA;NA;ND;NA;NA;NA;
29;19;18.98;10.16;24.2;7.52;18.06;18.02;NA;NA;ND;NA;NA;NA;
29;20;18.81;7.45;24.65;20.42;40.21;0.45;NA;NA;ND;NA;NA;NA;
29;21;14.6;15.03;20.05;20.18;29.09;27.66;NA;NA;ND;NA;NA;NA;
29;22;5.91;6.51;14.69;12.72;20.39;16.02;NA;NA;ND;NA;NA;NA;
29;23;10.01;6.33;10.87;21.84;22.04;34.96;NA;NA;ND;NA;NA;NA;
30;0;2.34;22.34;70.32;28.88;28.56;14.58;NA;NA;ND;NA;NA;NA;
30;1;6.53;9.65;11.93;15.87;12.71;16.32;NA;NA;ND;NA;NA;NA;
30;2;2.58;2.75;6.94;12.99;6.68;16.17;NA;NA;ND;NA;NA;NA;
30;3;14.72;6;10.01;4.64;10.67;28.05;NA;NA;ND;NA;NA;NA;
30;4;15.73;4.28;2.48;10.45;14.81;13.19;NA;NA;ND;NA;NA;NA;
30;5;4.17;9.15;6.3;5.15;18.4;7.49;NA;NA;ND;NA;NA;NA;
30;6;12.76;10.53;18.9;23.52;31.41;18.91;NA;NA;ND;NA;NA;NA;
30;7;14.89;12.11;32.57;38.68;38.73;3.25;NA;NA;ND;NA;NA;NA;
30;8;20.3;14.7;43.78;32.53;35.59;24.13;NA;NA;ND;NA;NA;NA;
30;9;27.81;14.37;45.56;39.82;27.87;27.12;NA;NA;ND;NA;NA;NA;
30;10;29.94;15.58;40.9;31.88;15.63;27.35;NA;NA;ND;NA;NA;NA;
30;11;44.79;ND;36.86;32.72;14.26;40.13;NA;NA;ND;NA;NA;NA;
30;12;28.68;ND;31.09;27.65;33.31;43.75;NA;NA;ND;NA;NA;NA;
30;13;1.69;2.14;15.25;4;19.48;30.23;NA;NA;ND;NA;NA;NA;
30;14;11.32;9.39;6.51;8.4;14.75;13.41;NA;NA;ND;NA;NA;NA;
30;15;2.24;9.32;16.98;9.13;16.79;15.72;NA;NA;ND;NA;NA;NA;
30;16;12.44;11.06;13.82;11.19;12.24;6.39;NA;NA;ND;NA;NA;NA;
30;17;14.95;4.27;22.37;5.73;12.21;21.18;NA;NA;ND;NA;NA;NA;
30;18;6.4;8.82;26.08;25.88;24.25;2.3;NA;NA;ND;NA;NA;NA;
30;19;0.16;5.62;29.34;28.04;11.83;21.78;NA;NA;ND;NA;NA;NA;
30;20;13.79;9.11;22.56;19.14;11.79;35.43;NA;NA;ND;NA;NA;NA;
30;21;19.31;5.78;19.52;7.36;11.15;35.43;NA;NA;ND;NA;NA;NA;
30;22;0;4.28;11.96;15.1;8.46;19.5;NA;NA;ND;NA;NA;NA;
30;23;3.92;2.82;ND;5.61;9.36;18.24;NA;NA;ND;NA;NA;NA;
