DIA;HORA;Cotocollao;Carapungo;Belisario;Jipijapa;El Camal;Centro;Guamaní;Tumbaco;Los Chillos;El Condado;Turubamba;Chillogallo;
1;0;1.93;2.29;14.4;19.2;12.78;13.43;ND;ND;ND;NA;NA;NA;
1;1;1.01;ND;ND;16.38;ND;11.49;ND;ND;ND;NA;NA;NA;
1;2;0.79;1.81;6.32;19.6;5.11;7.24;ND;ND;ND;NA;NA;NA;
1;3;1.34;1.78;4.82;9.92;17.58;7.2;ND;ND;ND;NA;NA;NA;
1;4;3.15;2.23;6.04;15.36;47.69;13.96;ND;ND;ND;NA;NA;NA;
1;5;3.42;2.48;10.03;13.87;47.03;20.08;ND;ND;ND;NA;NA;NA;
1;6;4.24;2.37;21.4;22.95;51.1;26.38;ND;ND;ND;NA;NA;NA;
1;7;7.77;2.63;39.13;36.71;74.18;30.85;ND;ND;ND;NA;NA;NA;
1;8;10.83;4.33;38.19;32.78;39.2;21.84;ND;ND;ND;NA;NA;NA;
1;9;10.76;5.05;30.97;37.52;24.95;17.45;ND;ND;ND;NA;NA;NA;
1;10;4.9;3.53;23.98;22.18;21.48;23.83;ND;ND;ND;NA;NA;NA;
1;11;4.47;2.92;15.4;18.46;14.73;14.99;ND;ND;ND;NA;NA;NA;
1;12;3.4;2.74;11.19;11.03;9.61;9.35;ND;ND;ND;NA;NA;NA;
1;13;1.52;2.5;7.47;6.96;8.25;7.7;ND;ND;ND;NA;NA;NA;
1;14;2.03;2.4;6.47;4.7;6.98;6.66;ND;ND;ND;NA;NA;NA;
1;15;2.03;2.32;6.55;5.27;4.5;6.61;ND;ND;ND;NA;NA;NA;
1;16;2.22;2.47;10.26;11.88;5.9;6.21;ND;ND;ND;NA;NA;NA;
1;17;1.58;3.11;13.81;18.19;10.75;9.58;ND;ND;ND;NA;NA;NA;
1;18;1.93;2.75;20.3;7.63;11.46;10.65;ND;ND;ND;NA;NA;NA;
1;19;2.94;2.49;21.89;18.83;20.93;15.34;ND;ND;ND;NA;NA;NA;
1;20;4.38;2;14.73;24.81;19.59;12.37;ND;ND;ND;NA;NA;NA;
1;21;2.78;2;11.11;18.1;15.93;16.07;ND;ND;ND;NA;NA;NA;
1;22;3.12;1.93;11.36;14.5;12.38;13.93;ND;ND;ND;NA;NA;NA;
1;23;4.74;2.06;10.99;24.35;9.8;9.61;ND;ND;ND;NA;NA;NA;
2;0;5.55;2.3;9.87;13.4;55.43;7.56;ND;ND;ND;NA;NA;NA;
2;1;ND;2.54;9.81;12.31;21.23;ND;ND;ND;ND;NA;NA;NA;
2;2;3.8;2.43;8.37;16.85;57.37;9.08;ND;ND;ND;NA;NA;NA;
2;3;3.83;3.65;8.14;10.29;152.98;7.62;ND;ND;ND;NA;NA;NA;
2;4;5;3.76;9.05;10.41;110.36;15.05;ND;ND;ND;NA;NA;NA;
2;5;6.95;5.22;9.79;18.12;213.16;21.21;ND;ND;ND;NA;NA;NA;
2;6;13.96;9.25;14.39;24.32;145.64;43.52;ND;ND;ND;NA;NA;NA;
2;7;34.87;13.17;29.78;73.32;83.37;32.5;ND;ND;ND;NA;NA;NA;
2;8;18.41;10.64;30.86;42;36.35;24.79;ND;ND;ND;NA;NA;NA;
2;9;12.84;7.47;19.2;28.08;13.66;14.99;ND;ND;ND;NA;NA;NA;
2;10;8.41;4.89;10.34;18.58;15.13;7.18;ND;ND;ND;NA;NA;NA;
2;11;3.52;3.79;11.14;9.39;8.72;7.56;ND;ND;ND;NA;NA;NA;
2;12;2.94;3.26;7.31;6.43;6.26;6.64;ND;ND;ND;NA;NA;NA;
2;13;2.14;2.94;6.33;6.25;6.33;5.65;ND;ND;ND;NA;NA;NA;
2;14;2.16;2.67;5.9;5.36;4.42;5.3;ND;ND;ND;NA;NA;NA;
2;15;1.13;2.46;7.07;4.94;4.61;5.07;ND;ND;ND;NA;NA;NA;
2;16;1.18;2.3;11.16;4.36;4.55;6.04;ND;ND;ND;NA;NA;NA;
2;17;2.05;2.55;11.11;7.58;5.32;4.82;ND;ND;ND;NA;NA;NA;
2;18;2.26;2.85;11.18;6.9;5.51;7.4;ND;ND;ND;NA;NA;NA;
2;19;2.35;2.87;9.31;10.73;7.25;9.12;ND;ND;ND;NA;NA;NA;
2;20;2.06;2.46;8.43;14.22;8.72;7.32;ND;ND;ND;NA;NA;NA;
2;21;3.79;2.27;7;11.81;9.26;6.59;ND;ND;ND;NA;NA;NA;
2;22;3.8;2.3;5.66;14.51;4.39;5.2;ND;ND;ND;NA;NA;NA;
2;23;2.95;2.12;4.21;15;4.32;4.79;ND;ND;ND;NA;NA;NA;
3;0;2.71;1.83;4.48;15.72;15.83;4.93;ND;ND;ND;NA;NA;NA;
3;1;2.09;ND;ND;10.47;ND;4.54;ND;ND;ND;NA;NA;NA;
3;2;1.41;1.73;6.9;8.73;42.85;7.84;ND;ND;ND;NA;NA;NA;
3;3;1.27;1.78;14.87;29.52;36.87;17.62;ND;ND;ND;NA;NA;NA;
3;4;1.6;1.69;10.26;13.42;32.13;11.16;ND;ND;ND;NA;NA;NA;
3;5;2.41;3.98;7.52;35.36;28.98;6.64;ND;ND;ND;NA;NA;NA;
3;6;6.24;9.24;13.57;16.94;105.23;13.57;ND;ND;ND;NA;NA;NA;
3;7;12.89;7.41;26.01;22.11;43.21;25.28;ND;ND;ND;NA;NA;NA;
3;8;15.91;6.41;23.35;24.62;14.57;14.34;ND;ND;ND;NA;NA;NA;
3;9;10.53;6.57;23.25;22.68;11.41;16.49;ND;ND;ND;NA;NA;NA;
3;10;6.82;4.44;17.47;15.9;16.77;15.92;ND;ND;ND;NA;NA;NA;
3;11;2.39;2.59;8.53;7.81;10.53;10;ND;ND;ND;NA;NA;NA;
3;12;1.4;2.43;5.92;4.84;5.07;6.26;ND;ND;ND;NA;NA;NA;
3;13;1.1;2.04;5.4;4.86;4.1;5;ND;ND;ND;NA;NA;NA;
3;14;1.08;1.96;6.15;4.22;3.76;4.85;ND;ND;ND;NA;NA;NA;
3;15;1.51;2.11;5.52;4.59;3.69;4.55;ND;ND;ND;NA;NA;NA;
3;16;1.38;2.02;8.64;5.57;3.93;5.47;ND;ND;ND;NA;NA;NA;
3;17;1.51;2.41;9.21;12.15;4.86;6.28;ND;ND;ND;NA;NA;NA;
3;18;4.2;2.43;11.59;17.59;4.21;11.53;ND;ND;ND;NA;NA;NA;
3;19;5.31;2.79;13.71;13.91;6.42;11.91;ND;ND;ND;NA;NA;NA;
3;20;3.72;2.59;12.26;14.57;46.63;10.65;ND;ND;ND;NA;NA;NA;
3;21;4.35;3.03;14.03;12.87;44.02;8.77;ND;ND;ND;NA;NA;NA;
3;22;6.14;8.61;11.3;18.16;52.92;16.89;ND;ND;ND;NA;NA;NA;
3;23;5.58;10.08;23.03;28.7;140.31;22.36;ND;ND;ND;NA;NA;NA;
4;0;4.74;9.03;17.23;36.4;127.28;22.81;ND;ND;ND;NA;NA;NA;
4;1;ND;7.92;11.08;25.41;108.5;ND;ND;ND;ND;NA;NA;NA;
4;2;5.12;9.51;7.43;23.72;65.93;15.48;ND;ND;ND;NA;NA;NA;
4;3;3.85;10.53;7.63;21.18;96.66;12.32;ND;ND;ND;NA;NA;NA;
4;4;6.24;8.95;9.21;19.17;140.8;16.44;ND;ND;ND;NA;NA;NA;
4;5;6.82;7;8.34;18.05;164.18;20.97;ND;ND;ND;NA;NA;NA;
4;6;13.5;6.81;11.46;23.46;211.44;27.96;ND;ND;ND;NA;NA;NA;
4;7;17.91;8.62;17.61;26.15;109.76;30.07;ND;ND;ND;NA;NA;NA;
4;8;14.83;9.65;18.51;13.12;11.95;15.47;ND;ND;ND;NA;NA;NA;
4;9;9.72;6.8;10.53;12.21;10.54;10.21;ND;ND;ND;NA;NA;NA;
4;10;2.64;4.6;11.43;8;13.23;10.62;ND;ND;ND;NA;NA;NA;
4;11;2.63;2.86;5.18;6.88;7.82;6.53;ND;ND;ND;NA;NA;NA;
4;12;1.33;2.38;5.04;4.01;5.61;4.89;ND;ND;ND;NA;NA;NA;
4;13;0.83;2.15;4.06;3.43;5.06;4.3;ND;ND;ND;NA;NA;NA;
4;14;0.81;1.88;5.1;3.16;4.18;4.12;ND;ND;ND;NA;NA;NA;
4;15;0.44;2.05;7.8;3.56;3.9;4.49;ND;ND;ND;NA;NA;NA;
4;16;1.74;2.35;8.23;7.65;4.11;5.29;ND;ND;ND;NA;NA;NA;
4;17;3.16;2.96;5.56;4.18;4.49;6.61;ND;ND;ND;NA;NA;NA;
4;18;1.92;2.83;6.98;6.71;5.47;7.68;ND;ND;ND;NA;NA;NA;
4;19;1.39;3.28;7.25;6.37;3.87;8.47;ND;ND;ND;NA;NA;NA;
4;20;1.4;3.47;7.02;4.48;3.03;7.79;ND;ND;ND;NA;NA;NA;
4;21;1.22;2.9;6.85;4.67;2.35;9.88;ND;ND;ND;NA;NA;NA;
4;22;0.92;2.73;6.59;11.4;2.41;6.8;ND;ND;ND;NA;NA;NA;
4;23;0.41;2.34;6.54;14.49;6.28;7.11;ND;ND;ND;NA;NA;NA;
5;0;0.49;2.05;5.93;13.12;5.51;5.49;ND;ND;ND;NA;NA;NA;
5;1;0.48;ND;ND;5.86;ND;6.01;ND;ND;ND;NA;NA;NA;
5;2;0.4;1.97;7.93;8.23;6.88;6.32;ND;ND;ND;NA;NA;NA;
5;3;0.44;1.89;8.04;20.43;6.11;6.02;ND;ND;ND;NA;NA;NA;
5;4;0.71;2.46;8.1;38.78;7.06;6.53;ND;ND;ND;NA;NA;NA;
5;5;0.79;3.33;8.96;25.2;28.34;6.71;ND;ND;ND;NA;NA;NA;
5;6;1.56;2.77;8.69;25.8;13.96;11.35;ND;ND;ND;NA;NA;NA;
5;7;4.94;2.95;15.11;36.63;8.16;14.61;ND;ND;ND;NA;NA;NA;
5;8;6.25;3.8;14.41;13.04;6.79;14.28;ND;ND;ND;NA;NA;NA;
5;9;4.83;3.2;11.57;10.15;8.95;10;ND;ND;ND;NA;NA;NA;
5;10;3.46;3.08;13.72;7.92;16.29;13.6;ND;ND;ND;NA;NA;NA;
5;11;2.84;3;8.3;7.59;7.44;8.62;ND;ND;ND;NA;NA;NA;
5;12;1.22;2.4;6.12;5.17;6.57;5.81;ND;ND;ND;NA;NA;NA;
5;13;0.67;2.26;4.99;5.11;3.14;4.53;ND;ND;ND;NA;NA;NA;
5;14;0.38;1.76;5;2.97;2.56;4.05;ND;ND;ND;NA;NA;NA;
5;15;0.32;1.66;4.94;4.25;1.77;3.94;ND;ND;ND;NA;NA;NA;
5;16;0.61;1.55;7.31;4.58;1.35;3.97;ND;ND;ND;NA;NA;NA;
5;17;1.76;1.79;10.33;6.75;2.24;5.26;ND;ND;ND;NA;NA;NA;
5;18;4.43;2.42;8.56;9.6;2.32;6.07;ND;ND;ND;NA;NA;NA;
5;19;1.75;3.83;9.66;6.45;2.78;4.4;ND;ND;ND;NA;NA;NA;
5;20;1.31;3.45;5.77;4.16;2.13;6.01;ND;ND;ND;NA;NA;NA;
5;21;1.28;2.34;4.44;3.26;5.9;5.79;ND;ND;ND;NA;NA;NA;
5;22;0.73;2.01;3.75;2.93;5.97;3.57;ND;ND;ND;NA;NA;NA;
5;23;0.31;1.81;3.29;2.26;1.6;3.54;ND;ND;ND;NA;NA;NA;
6;0;0.07;1.65;3.2;2.01;2.67;2.73;ND;ND;ND;NA;NA;NA;
6;1;ND;1.68;2.77;3.19;1.87;ND;ND;ND;ND;NA;NA;NA;
6;2;0.56;1.8;2.25;2.28;1.79;2.77;ND;ND;ND;NA;NA;NA;
6;3;0.01;2.06;2.73;2.74;2.41;3.21;ND;ND;ND;NA;NA;NA;
6;4;0.41;2.27;4.53;3.9;4.02;13.67;ND;ND;ND;NA;NA;NA;
6;5;0.93;1.92;9.32;9.05;32.22;25.73;ND;ND;ND;NA;NA;NA;
6;6;4.03;3.27;9.63;16.31;90.67;24.03;ND;ND;ND;NA;NA;NA;
6;7;6.64;5.94;20.28;25.5;52.39;26.48;ND;ND;ND;NA;NA;NA;
6;8;9.22;7.72;ND;30.57;33.08;21.06;ND;ND;ND;NA;NA;NA;
6;9;9.92;12.39;18.33;21.05;21.24;8.62;ND;ND;ND;NA;NA;NA;
6;10;13.87;10.02;11.08;13.28;11.05;10.72;ND;ND;ND;NA;NA;NA;
6;11;7.64;5.03;ND;13.98;6.56;8.12;ND;ND;ND;NA;NA;NA;
6;12;1.66;4.28;ND;16.56;5.83;8.92;ND;ND;ND;NA;NA;NA;
6;13;2.41;2.58;10.61;12.39;4.96;6.08;ND;ND;ND;NA;NA;NA;
6;14;2.66;2.45;9.4;10.62;6.09;6.31;ND;ND;ND;NA;NA;NA;
6;15;4.32;2.41;ND;11.9;3.16;7.37;ND;ND;ND;NA;NA;NA;
6;16;3.53;2.58;ND;16.23;7.19;9.75;ND;ND;ND;NA;NA;NA;
6;17;9.19;5.56;ND;16.91;6.49;8.18;ND;ND;ND;NA;NA;NA;
6;18;6.11;3.54;12.3;14.57;10.33;8.04;ND;ND;ND;NA;NA;NA;
6;19;3.23;2.76;12.4;21.15;9.02;8.95;ND;ND;ND;NA;NA;NA;
6;20;10.9;5.17;8.19;12.38;13.69;8.26;ND;ND;ND;NA;NA;NA;
6;21;9.25;2.96;7.97;9.1;8.11;8.96;ND;ND;ND;NA;NA;NA;
6;22;4.7;3.04;7.37;15.5;10.84;9.52;ND;ND;ND;NA;NA;NA;
6;23;3.28;2.52;7.44;15.08;9.54;9.65;ND;ND;ND;NA;NA;NA;
7;0;2.68;2.04;5.56;13.62;7.15;6.24;ND;ND;ND;NA;NA;NA;
7;1;1.26;ND;ND;4.93;ND;4.25;ND;ND;ND;NA;NA;NA;
7;2;0.82;1.84;3.45;8.45;3.3;3.71;ND;ND;ND;NA;NA;NA;
7;3;0.81;1.72;3.51;6.39;2.12;3.12;ND;ND;ND;NA;NA;NA;
7;4;0.92;1.75;2.66;4.39;4.52;2.88;ND;ND;ND;NA;NA;NA;
7;5;1.31;1.57;3.31;3.94;5.57;2.63;ND;ND;ND;NA;NA;NA;
7;6;2.67;1.85;4.27;6.93;10.14;5.4;ND;ND;ND;NA;NA;NA;
7;7;6.49;3.18;6.51;10.61;9.61;8.39;ND;ND;ND;NA;NA;NA;
7;8;8.5;4.07;10.24;13.51;11.5;9.79;ND;ND;ND;NA;NA;NA;
7;9;9.5;4.57;10.82;15.11;15.05;6.45;ND;ND;ND;NA;NA;NA;
7;10;9.02;6.41;10.5;11.9;11.5;7.35;ND;ND;ND;NA;NA;NA;
7;11;8.55;ND;10.17;10;7.52;5.88;ND;ND;ND;NA;NA;NA;
7;12;9.59;3.21;10.03;11.52;7.3;4.97;ND;ND;ND;NA;NA;NA;
7;13;4.13;0.86;7.67;12.41;6.61;5.36;ND;ND;ND;NA;NA;NA;
7;14;2.39;ND;7.7;12.19;3.83;5.26;ND;ND;ND;NA;NA;NA;
7;15;1.66;ND;8.19;7.07;2.51;4.21;ND;ND;ND;NA;NA;NA;
7;16;2.84;ND;12.36;9.22;2.98;6.18;ND;ND;ND;NA;NA;NA;
7;17;3.13;2.64;13.38;10.07;5.3;7.81;ND;ND;ND;NA;NA;NA;
7;18;5.65;2.66;12.41;11.36;13.49;9.4;ND;ND;ND;NA;NA;NA;
7;19;5.39;2.55;12.94;23.83;23.88;14.16;ND;ND;ND;NA;NA;NA;
7;20;3.45;2.11;15.54;25.01;25.93;22.72;ND;ND;ND;NA;NA;NA;
7;21;4.29;3.81;23;29.15;20.24;23.71;ND;ND;ND;NA;NA;NA;
7;22;6.7;3.98;14.43;13.88;18.78;22.62;ND;ND;ND;NA;NA;NA;
7;23;7.91;4.06;13.87;8.76;52.25;20.48;ND;ND;ND;NA;NA;NA;
8;0;9.22;3.62;19.91;19.65;42.55;28.17;ND;ND;ND;NA;NA;NA;
8;1;ND;4.24;19.29;35.7;92.75;ND;ND;ND;ND;NA;NA;NA;
8;2;5.9;4.68;7.42;24.52;66.22;16;ND;ND;ND;NA;NA;NA;
8;3;5.89;14.12;4.51;13.83;32.26;11.14;ND;ND;ND;NA;NA;NA;
8;4;8.17;14.81;6.72;12.98;14.86;9.8;ND;ND;ND;NA;NA;NA;
8;5;11.03;10.82;4.9;20.29;15.1;11.19;ND;ND;ND;NA;NA;NA;
8;6;12.46;12.96;6.04;12.4;17.14;10.1;ND;ND;ND;NA;NA;NA;
8;7;20.72;11.81;12.01;15.39;18.8;10.51;ND;ND;ND;NA;NA;NA;
8;8;6.9;10.17;10.85;12.31;11.41;6.53;ND;ND;ND;NA;NA;NA;
8;9;4.79;7.95;7.01;11.02;4.07;5.61;ND;ND;ND;NA;NA;NA;
8;10;2.67;5.56;5.94;6.68;2.35;5.48;ND;ND;ND;NA;NA;NA;
8;11;2.64;3.37;5.25;5.76;2.92;ND;ND;ND;ND;NA;NA;NA;
8;12;2.26;3.27;4.84;8.42;2.46;ND;ND;ND;ND;NA;NA;NA;
8;13;0.95;3.14;5.01;7.28;2.98;ND;ND;ND;ND;NA;NA;NA;
8;14;0.91;2.46;4.31;7.38;2.13;2.27;ND;ND;ND;NA;NA;NA;
8;15;1.26;2.46;4.45;7.19;5.53;ND;ND;ND;ND;NA;NA;NA;
8;16;2.3;2.7;7.21;8.89;1.6;ND;ND;ND;ND;NA;NA;NA;
8;17;3.47;3.13;8.67;9.16;1.94;6.46;ND;ND;ND;NA;NA;NA;
8;18;6.11;3.99;9.26;13.08;1.97;9.17;ND;ND;ND;NA;NA;NA;
8;19;6.56;4.13;10.49;14.15;2.44;7.84;ND;ND;ND;NA;NA;NA;
8;20;8.05;3.89;8.69;11.35;2.21;10.46;ND;ND;ND;NA;NA;NA;
8;21;7.1;3.7;7.62;9.79;2.45;6.53;ND;ND;ND;NA;NA;NA;
8;22;5.87;3.11;6.49;8.68;1.61;6.28;ND;ND;ND;NA;NA;NA;
8;23;4.47;2.85;11.3;6.98;9.21;4.2;ND;ND;ND;NA;NA;NA;
9;0;7.03;2.81;5.83;9.7;15.23;7.73;ND;ND;ND;NA;NA;NA;
9;1;2.61;ND;ND;8.94;ND;6.36;ND;ND;ND;NA;NA;NA;
9;2;3.11;2.7;2.78;5.46;12.66;6.46;ND;ND;ND;NA;NA;NA;
9;3;1.98;2.68;3.89;5.84;7.45;4.25;ND;ND;ND;NA;NA;NA;
9;4;4.09;2.45;3.23;5.92;12.33;4.44;ND;ND;ND;NA;NA;NA;
9;5;7.38;3.04;3.62;6.41;16.63;8.96;ND;ND;ND;NA;NA;NA;
9;6;10.16;6.56;5.56;9.75;15.06;8.25;ND;ND;ND;NA;NA;NA;
9;7;7.93;8.08;6.12;10.36;5.18;8.34;ND;ND;ND;NA;NA;NA;
9;8;4.59;7;6.35;10.47;2.25;6.57;ND;ND;ND;NA;NA;NA;
9;9;1.87;4.9;7.88;9.08;1.97;3.17;ND;ND;ND;NA;NA;NA;
9;10;2.25;3.35;5.49;8.65;2.7;5.63;ND;ND;ND;NA;NA;NA;
9;11;0.96;3.59;5.53;6.87;3.45;3.57;ND;ND;ND;NA;NA;NA;
9;12;0.81;2.66;5;6.43;2.09;3.25;ND;ND;ND;NA;NA;NA;
9;13;0.95;2.61;6.36;7.66;2.98;3.38;ND;ND;ND;NA;NA;NA;
9;14;1.3;2.72;6.05;9.48;2.73;3.89;ND;ND;ND;NA;NA;NA;
9;15;1.39;2.39;5.29;7.48;4.06;3.77;ND;ND;ND;NA;NA;NA;
9;16;1.19;2.4;4.16;4.6;3.97;4.17;ND;ND;ND;NA;NA;NA;
9;17;1.32;2.55;5.79;4.24;3.37;6.3;ND;ND;ND;NA;NA;NA;
9;18;1.3;3;8.12;10.21;4.59;10.03;ND;ND;ND;NA;NA;NA;
9;19;1.75;3.05;11.31;14.77;4.09;10.56;ND;ND;ND;NA;NA;NA;
9;20;3.41;2.77;9.81;7.23;3.99;7.17;ND;ND;ND;NA;NA;NA;
9;21;4.16;2.61;9.62;9.21;4.76;6.5;ND;ND;ND;NA;NA;NA;
9;22;3.24;2.51;9.66;11.84;5.39;6.24;ND;ND;ND;NA;NA;NA;
9;23;3.27;2.26;5.08;30.75;4.92;5.17;ND;ND;ND;NA;NA;NA;
10;0;2.39;2.38;5.05;14.05;5.85;5.29;ND;ND;ND;NA;NA;NA;
10;1;ND;2.24;4.21;27.86;5.12;ND;ND;ND;ND;NA;NA;NA;
10;2;1.38;2.1;3.33;24.06;3.68;3.24;ND;ND;ND;NA;NA;NA;
10;3;1.82;2.24;3.26;49.16;4.61;3.64;ND;ND;ND;NA;NA;NA;
10;4;2.15;2.25;3.5;12.55;3.67;4.24;ND;ND;ND;NA;NA;NA;
10;5;3.29;2.23;3.86;7.48;6.28;4.9;ND;ND;ND;NA;NA;NA;
10;6;2.63;2.23;4.7;16.68;10.31;9.88;ND;ND;ND;NA;NA;NA;
10;7;3.8;2.51;7.03;12.7;4.43;9.05;ND;ND;ND;NA;NA;NA;
10;8;5.82;2.82;8.34;8.65;6.04;8.15;ND;ND;ND;NA;NA;NA;
10;9;4.37;3.27;7.73;6.55;4.62;7.73;ND;ND;ND;NA;NA;NA;
10;10;2.72;3.01;6.22;6.76;3.77;6.02;ND;ND;ND;NA;NA;NA;
10;11;1.45;2.65;4.53;5.31;3.83;4.11;ND;ND;ND;NA;NA;NA;
10;12;0.62;2.48;4.04;3.78;3.84;3.51;ND;ND;ND;NA;NA;NA;
10;13;0.78;2.24;4.58;3.74;2.5;4.17;ND;ND;ND;NA;NA;NA;
10;14;0.52;2.25;4.1;2.99;1.59;4.06;ND;ND;ND;NA;NA;NA;
10;15;0.5;2.15;5.7;3.91;1.8;5.69;ND;ND;ND;NA;NA;NA;
10;16;0.84;2.28;5.29;4.89;1.29;4.86;ND;ND;ND;NA;NA;NA;
10;17;0.69;2.1;5.47;6.75;1.49;4.49;ND;ND;ND;NA;NA;NA;
10;18;1.32;1.94;5.18;4.48;1.27;4.51;ND;ND;ND;NA;NA;NA;
10;19;3.93;2.28;3.83;3.8;2.52;5.32;ND;ND;ND;NA;NA;NA;
10;20;2.75;2.83;3.8;3.19;2.09;6.33;ND;ND;ND;NA;NA;NA;
10;21;2.12;2.52;4;3;4.53;3.84;ND;ND;ND;NA;NA;NA;
10;22;2.42;2.68;4.45;3.4;5.12;4.4;ND;ND;ND;NA;NA;NA;
10;23;4.08;2.63;4.84;3.96;6.04;8.7;ND;ND;ND;NA;NA;NA;
11;0;4.21;2.8;6.51;3.82;14.99;15.43;ND;ND;ND;NA;NA;NA;
11;1;3.66;ND;ND;5.68;ND;16.84;ND;ND;ND;NA;NA;NA;
11;2;3.24;3.29;13.9;9.32;10.69;10.31;ND;ND;ND;NA;NA;NA;
11;3;4.26;4.37;9.22;15.21;12.57;8.01;ND;ND;ND;NA;NA;NA;
11;4;4.31;3.64;7.15;20.29;24.42;9.54;ND;ND;ND;NA;NA;NA;
11;5;3.54;5.78;5.27;13.59;26.84;7.99;ND;ND;ND;NA;NA;NA;
11;6;5.07;9.97;7.43;14.86;29.22;15.15;ND;ND;ND;NA;NA;NA;
11;7;8.57;12.06;16.76;18.97;42.39;24.38;ND;ND;ND;NA;NA;NA;
11;8;10.72;9.38;13.21;15.36;12.68;10.31;ND;ND;ND;NA;NA;NA;
11;9;7.22;6.48;8.74;10.61;6.53;8.31;ND;ND;ND;NA;NA;NA;
11;10;4.49;4.48;8.8;10.67;6.92;9;ND;ND;ND;NA;NA;NA;
11;11;1.22;3.71;5.82;6.69;4.8;6.15;ND;ND;ND;NA;NA;NA;
11;12;0.74;3.19;5.36;6.48;3.59;5.14;ND;ND;ND;NA;NA;NA;
11;13;0.35;2.54;6.16;7.5;2.73;4.05;ND;ND;ND;NA;NA;NA;
11;14;1.78;3.2;6.17;6.46;2.05;4.25;ND;ND;ND;NA;NA;NA;
11;15;2.85;3.42;5.54;5.65;3.13;4.79;ND;ND;ND;NA;NA;NA;
11;16;3.48;3.59;4.99;3.98;3.43;5.92;ND;ND;ND;NA;NA;NA;
11;17;3.98;3.51;4.94;5.03;7.89;7.02;ND;ND;ND;NA;NA;NA;
11;18;3.12;3.17;6.45;6.55;9.48;7.63;ND;ND;ND;NA;NA;NA;
11;19;2.64;2.93;6.5;8.01;8.55;7.7;ND;ND;ND;NA;NA;NA;
11;20;3.34;3.09;5.53;11.66;5.07;6.99;ND;ND;ND;NA;NA;NA;
11;21;3.56;3.2;6.41;13.71;4.27;7.59;ND;ND;ND;NA;NA;NA;
11;22;2.7;2.95;8.18;6.91;4.73;6.33;ND;ND;ND;NA;NA;NA;
11;23;2.82;2.84;7.09;7.03;6.68;7.46;ND;ND;ND;NA;NA;NA;
12;0;2.27;2.76;5.91;19.05;21.29;9;ND;ND;ND;NA;NA;NA;
12;1;ND;2.55;4.87;8.22;14.07;ND;ND;ND;ND;NA;NA;NA;
12;2;1.46;2.58;4.96;14.36;12.31;8.75;ND;ND;ND;NA;NA;NA;
12;3;1.43;2.52;4.89;10.97;50.58;14.88;ND;ND;ND;NA;NA;NA;
12;4;1.14;3.86;6.42;12.23;26.63;13.82;ND;ND;ND;NA;NA;NA;
12;5;1.72;5;8.59;10.98;14.42;15.56;ND;ND;ND;NA;NA;NA;
12;6;2.34;6.96;10.09;21.42;12.9;16.18;ND;ND;ND;NA;NA;NA;
12;7;4.37;7.78;11.26;16.94;23.21;18.46;ND;ND;ND;NA;NA;NA;
12;8;6.08;6.74;13.71;21.02;19.97;14.44;ND;ND;ND;NA;NA;NA;
12;9;6.3;6.58;21.55;19.35;12.54;11.67;ND;ND;ND;NA;NA;NA;
12;10;3.56;5.02;11.88;11.23;8.82;9.12;ND;ND;ND;NA;NA;NA;
12;11;2.32;4.08;8.67;10.49;10.83;8.04;ND;ND;ND;NA;NA;NA;
12;12;0.87;3.27;5.82;7.42;6.07;5.73;ND;ND;ND;NA;NA;NA;
12;13;0.98;2.81;4.13;3.7;2.81;4.45;ND;ND;ND;NA;NA;NA;
12;14;0.88;2.38;4.14;3.46;2.32;3.88;ND;ND;ND;NA;NA;NA;
12;15;0.95;2.22;3.75;4.6;2.04;5.31;ND;ND;ND;NA;NA;NA;
12;16;1.58;2.7;4.75;5.23;2.17;5.04;ND;ND;ND;NA;NA;NA;
12;17;1.93;2.99;5.32;4.81;2.44;5.89;ND;ND;ND;NA;NA;NA;
12;18;2.57;3.95;4.57;4.52;4.72;6.79;ND;ND;ND;NA;NA;NA;
12;19;3.43;3.72;7.71;7.89;5.83;16.13;ND;ND;ND;NA;NA;NA;
12;20;4.94;4.05;8.14;7.73;13.36;14.86;ND;ND;ND;NA;NA;NA;
12;21;4.21;4.73;8.17;8.79;43.91;16.87;ND;ND;ND;NA;NA;NA;
12;22;3.72;5.44;9.78;13.13;25.72;8.41;ND;ND;ND;NA;NA;NA;
12;23;2.41;ND;7.01;10.82;25.86;11.63;ND;ND;ND;NA;NA;NA;
13;0;1.24;ND;7.35;8.54;11.51;6.42;ND;ND;ND;NA;NA;NA;
13;1;0.9;ND;ND;13.61;ND;8.4;ND;ND;ND;NA;NA;NA;
13;2;1.06;ND;5.3;9.61;7.72;10.9;ND;ND;ND;NA;NA;NA;
13;3;1.36;ND;4.98;7.62;29.83;15.44;ND;ND;ND;NA;NA;NA;
13;4;2.22;ND;9.23;6.7;82.25;14.38;ND;ND;ND;NA;NA;NA;
13;5;2.23;ND;11;7.02;35.79;21.18;ND;ND;ND;NA;NA;NA;
13;6;3.42;ND;12.71;13.78;82.03;25.27;ND;ND;ND;NA;NA;NA;
13;7;7.02;ND;21.62;22.83;61.29;33.43;ND;ND;ND;NA;NA;NA;
13;8;7.66;ND;32.35;27.72;25.93;23.52;ND;ND;ND;NA;NA;NA;
13;9;5.76;ND;35.31;23.38;8.85;19.14;ND;ND;ND;NA;NA;NA;
13;10;1.91;ND;17.53;17.32;12.54;16.77;ND;ND;ND;NA;NA;NA;
13;11;1.31;2.53;10.6;7.92;7.08;9.81;ND;ND;ND;NA;NA;NA;
13;12;0.77;ND;8.45;6.36;6.3;7.02;ND;ND;ND;NA;NA;NA;
13;13;0.68;0.87;7.13;5.17;5.17;6.3;ND;ND;ND;NA;NA;NA;
13;14;0.73;1.69;6.64;4.45;3.97;6.07;ND;ND;ND;NA;NA;NA;
13;15;0.9;1.76;6.7;5.93;3.42;6;ND;ND;ND;NA;NA;NA;
13;16;1.56;2.26;7.63;7.37;7.68;7.66;ND;ND;ND;NA;NA;NA;
13;17;1.89;2.55;9.76;10.26;6.97;9.18;ND;ND;ND;NA;NA;NA;
13;18;3.91;2.03;14.48;16.44;6.22;11.97;ND;ND;ND;NA;NA;NA;
13;19;6.62;2.44;11.64;13.24;6.77;9.94;ND;ND;ND;NA;NA;NA;
13;20;6.99;2.5;9.47;10.99;5.21;14.42;ND;ND;ND;NA;NA;NA;
13;21;4.74;2.5;7.72;12.65;5.38;11.05;ND;ND;ND;NA;NA;NA;
13;22;4.48;2.16;8.03;10.15;7.2;9.37;ND;ND;ND;NA;NA;NA;
13;23;3.51;2.25;5.97;7.89;4.42;7.89;ND;ND;ND;NA;NA;NA;
14;0;3.86;2.67;5.69;10.37;2.87;6.05;ND;ND;ND;NA;NA;NA;
14;1;ND;2.17;5.66;5.79;2.19;ND;ND;ND;ND;NA;NA;NA;
14;2;2.94;2.04;4.09;15.33;1.68;4.3;ND;ND;ND;NA;NA;NA;
14;3;1.67;1.64;4.03;6.38;1.3;4.02;ND;ND;ND;NA;NA;NA;
14;4;1.67;1.63;5.42;13.33;1.04;3.55;ND;ND;ND;NA;NA;NA;
14;5;1.82;1.58;3.91;4.92;2.58;3.98;ND;ND;ND;NA;NA;NA;
14;6;3.39;1.95;5.22;21.93;3.97;4.53;ND;ND;ND;NA;NA;NA;
14;7;3.36;2.13;10.61;28.41;4.51;7.27;ND;ND;ND;NA;NA;NA;
14;8;6.36;2.83;13.33;15.9;7.42;8.79;ND;ND;ND;NA;NA;NA;
14;9;5.15;2.68;17.28;15.31;10.72;9.42;ND;ND;ND;NA;NA;NA;
14;10;3.59;2.38;18.28;14.53;8.76;11.24;ND;ND;ND;NA;NA;NA;
14;11;1.54;1.87;8.23;13.9;7.91;ND;ND;ND;ND;NA;NA;NA;
14;12;1.49;1.61;7.82;9.93;4.43;4.66;ND;ND;ND;NA;NA;NA;
14;13;1.66;2.09;8.68;11.4;4.55;4.16;ND;ND;ND;NA;NA;NA;
14;14;1.43;2.04;5.87;8.11;4.5;3.43;ND;ND;ND;NA;NA;NA;
14;15;1.86;2.2;5.5;7.66;3.16;3.98;ND;ND;ND;NA;NA;NA;
14;16;1.3;2.02;8.25;15.14;2.33;4.26;ND;ND;ND;NA;NA;NA;
14;17;1.8;2.88;8.56;13.32;2.22;4.62;ND;ND;ND;NA;NA;NA;
14;18;3.15;2.94;9.97;14.6;4.94;7.25;ND;ND;ND;NA;NA;NA;
14;19;6.18;2.83;12.8;17.77;29.03;9.54;ND;ND;ND;NA;NA;NA;
14;20;8.62;4.92;12.87;16.7;23.66;8.88;ND;ND;ND;NA;NA;NA;
14;21;4.86;5.82;10.86;17.21;32.13;9.82;ND;ND;ND;NA;NA;NA;
14;22;4.33;3.47;11.09;18.73;23.13;9.42;ND;ND;ND;NA;NA;NA;
14;23;3.87;3.09;8.51;14.2;20.14;11.1;ND;ND;ND;NA;NA;NA;
15;0;2.25;3.86;7.44;12.08;18.49;5.05;ND;ND;ND;NA;NA;NA;
15;1;1.74;ND;ND;10.26;ND;8.69;ND;ND;ND;NA;NA;NA;
15;2;2.17;4.39;6.46;9.3;143.9;10.86;ND;ND;ND;NA;NA;NA;
15;3;1.97;5.11;4.64;10.25;124.77;15.42;ND;ND;ND;NA;NA;NA;
15;4;9.25;6.57;4.13;11.57;179.39;13.68;ND;ND;ND;NA;NA;NA;
15;5;15.93;7.99;6.96;15.18;164.89;26.07;ND;ND;ND;NA;NA;NA;
15;6;17.7;13.06;11.13;21.41;70.83;27.11;ND;ND;ND;NA;NA;NA;
15;7;22.91;13.23;24.96;27.37;50.74;27.29;ND;ND;ND;NA;NA;NA;
15;8;22.38;8.68;22.52;27.46;23.54;22.27;ND;ND;ND;NA;NA;NA;
15;9;18.26;5.22;20.24;22.33;9.07;10.72;ND;ND;ND;NA;NA;NA;
15;10;10.75;4.53;16.64;16.78;8.55;10.8;ND;ND;ND;NA;NA;NA;
15;11;6.92;5.71;11.39;12.76;13.88;11.6;ND;ND;ND;NA;NA;NA;
15;12;3.94;3.87;9.19;10.77;8.89;6.95;ND;ND;ND;NA;NA;NA;
15;13;2.18;3.41;8.63;8.15;6.49;6.14;ND;ND;ND;NA;NA;NA;
15;14;1.74;2.73;12.46;7.12;5.51;5.84;ND;ND;ND;NA;NA;NA;
15;15;1.73;2.02;14.22;16.58;4.91;7.65;ND;ND;ND;NA;NA;NA;
15;16;4.04;2.97;13.27;19.01;7.31;9.03;ND;ND;ND;NA;NA;NA;
15;17;ND;3.77;11.6;15.77;12.92;10.06;ND;ND;ND;NA;NA;NA;
15;18;ND;3.34;10.63;13.08;16.21;11.22;ND;ND;ND;NA;NA;NA;
15;19;6.19;3.34;13.93;18.68;17.25;14.63;ND;ND;ND;NA;NA;NA;
15;20;ND;3.98;10.61;14.86;12.66;26.34;ND;ND;ND;NA;NA;NA;
15;21;5.01;3.89;11.98;10.12;17.71;17.59;ND;ND;ND;NA;NA;NA;
15;22;5.09;3.55;11.1;31.53;15.56;13.15;ND;ND;ND;NA;NA;NA;
15;23;6.14;3.31;8.93;14.82;12.22;11.16;ND;ND;ND;NA;NA;NA;
16;0;5.12;3.71;7.37;7.64;11.91;12.11;ND;ND;ND;NA;NA;NA;
16;1;4.66;5.08;10.69;24.98;51.69;ND;ND;ND;ND;NA;NA;NA;
16;2;5.71;10.67;13.09;25;25.23;21.08;ND;ND;ND;NA;NA;NA;
16;3;6.79;9.7;13.32;34.8;14.54;20.79;ND;ND;ND;NA;NA;NA;
16;4;12.8;10.7;13.42;20.49;17.07;18.63;ND;ND;ND;NA;NA;NA;
16;5;22.69;8.38;12.83;15.63;18.19;12.98;ND;ND;ND;NA;NA;NA;
16;6;22.8;7.78;16.98;28.42;19.51;16.44;ND;ND;ND;NA;NA;NA;
16;7;21.67;14.23;27.3;45.17;20.87;17.23;ND;ND;ND;NA;NA;NA;
16;8;24.49;10.68;22.59;29.83;19.76;17.93;ND;ND;ND;NA;NA;NA;
16;9;16.55;7.34;26.26;23.32;18.6;16.67;ND;ND;ND;NA;NA;NA;
16;10;13.87;7.64;23.55;23.19;11.57;15.93;ND;ND;ND;NA;NA;NA;
16;11;7.94;5.33;17.9;ND;9.99;14.08;ND;ND;ND;NA;NA;NA;
16;12;4.72;3.6;11.69;ND;11.11;16.11;ND;ND;ND;NA;NA;NA;
16;13;1.94;2.81;9.66;17.12;5.69;8.54;ND;ND;ND;NA;NA;NA;
16;14;2.52;3.03;7.96;7.56;5.18;6.88;ND;ND;ND;NA;NA;NA;
16;15;1.95;3.41;7.22;6.35;7.18;8.01;ND;ND;ND;NA;NA;NA;
16;16;2.03;2.79;12.36;7.52;6.39;9.12;ND;ND;ND;NA;NA;NA;
16;17;1.4;2.54;10.92;6;8.35;10.39;ND;ND;ND;NA;NA;NA;
16;18;5.55;2.53;13.32;8.29;11.45;11.77;ND;ND;ND;NA;NA;NA;
16;19;4.71;2.55;17.24;17.04;17.63;15.41;ND;ND;ND;NA;NA;NA;
16;20;5.52;2.56;12.91;15.73;13.52;17.79;ND;ND;ND;NA;NA;NA;
16;21;5.32;3.17;18.49;17.2;17.56;13.25;ND;ND;ND;NA;NA;NA;
16;22;7.82;3.96;14.03;29.05;20.64;16.14;ND;ND;ND;NA;NA;NA;
16;23;9.44;4.19;15.29;23.53;23.5;16.33;ND;ND;ND;NA;NA;NA;
17;0;10.51;6.25;9.93;21.59;17.27;10.6;ND;ND;ND;NA;NA;NA;
17;1;ND;ND;ND;17.69;ND;8.6;ND;ND;ND;NA;NA;NA;
17;2;5.03;9.09;3.89;12.41;8.9;7.36;ND;ND;ND;NA;NA;NA;
17;3;5.64;9.27;3.34;12.9;6.32;6.78;ND;ND;ND;NA;NA;NA;
17;4;7.4;9.53;6.71;16.07;9.34;9.27;ND;ND;ND;NA;NA;NA;
17;5;8.62;8.14;7.01;14.33;10.58;10.25;ND;ND;ND;NA;NA;NA;
17;6;13.01;8.78;6.86;11.57;17.38;10.64;ND;ND;ND;NA;NA;NA;
17;7;14.36;6.78;10.57;12.54;5.78;10.7;ND;ND;ND;NA;NA;NA;
17;8;10.98;5.02;9.43;10.83;4.91;7.61;ND;ND;ND;NA;NA;NA;
17;9;4.83;5.13;7.9;11.18;5.83;6.76;ND;ND;ND;NA;NA;NA;
17;10;3.35;3.59;7.48;7.57;6.3;5.88;ND;ND;ND;NA;NA;NA;
17;11;1.87;2.68;6.86;ND;2.43;6.48;ND;ND;ND;NA;NA;NA;
17;12;2.15;2.81;6.54;15.81;4.07;6.03;ND;ND;ND;NA;NA;NA;
17;13;1.6;2.34;5.66;5.95;6.53;4.93;ND;ND;ND;NA;NA;NA;
17;14;1.47;2.24;7.89;9.79;5.46;5.18;ND;ND;ND;NA;NA;NA;
17;15;1.29;3.03;4.07;5.68;5.51;ND;ND;ND;ND;NA;NA;NA;
17;16;3.15;3.11;6.69;12.36;7.63;ND;ND;ND;ND;NA;NA;NA;
17;17;3.37;3;8.04;22.81;6.91;4.51;ND;ND;ND;NA;NA;NA;
17;18;5.83;3.28;9.52;17.53;12.46;5.88;ND;ND;ND;NA;NA;NA;
17;19;6.02;3.21;10.79;19.97;17.21;7.11;ND;ND;ND;NA;NA;NA;
17;20;5.31;3.6;16.98;28.51;12.97;12.31;ND;ND;ND;NA;NA;NA;
17;21;3.79;2.98;15.24;25.33;10.69;7.23;ND;ND;ND;NA;NA;NA;
17;22;5.15;ND;13.39;23.23;23.57;5.99;ND;ND;ND;NA;NA;NA;
17;23;4.07;ND;16.14;26.32;14.61;5.05;ND;ND;ND;NA;NA;NA;
18;0;3.99;2.31;13.2;27.19;16.84;5.4;ND;ND;ND;NA;NA;NA;
18;1;ND;3.25;10.65;24.06;18.91;ND;ND;ND;ND;NA;NA;NA;
18;2;2.52;4.01;10.61;15.68;25.35;11.06;ND;ND;ND;NA;NA;NA;
18;3;2.12;3.76;9.89;10.48;13.66;8.94;ND;ND;ND;NA;NA;NA;
18;4;3.05;4.5;8.58;14.07;9.99;7.53;ND;ND;ND;NA;NA;NA;
18;5;6.19;4.82;6.44;13.96;18.5;7.8;ND;ND;ND;NA;NA;NA;
18;6;8.78;9.05;5.89;18.56;20.52;9.51;ND;ND;ND;NA;NA;NA;
18;7;11.89;6.76;8.42;15.74;10.24;7.23;ND;ND;ND;NA;NA;NA;
18;8;7.26;4.56;7.04;12.11;4.07;3.99;ND;ND;ND;NA;NA;NA;
18;9;2.88;3.43;6.58;9.76;3.33;2.68;ND;ND;ND;NA;NA;NA;
18;10;2.45;2.49;3.94;ND;2.09;2.49;ND;ND;ND;NA;NA;NA;
18;11;2.45;2.06;3.11;6.41;1.79;2.05;ND;ND;ND;NA;NA;NA;
18;12;1;2.36;3.82;4.49;2.34;2.14;ND;ND;ND;NA;NA;NA;
18;13;0.9;3.53;3.91;7.09;3.08;2.52;ND;ND;ND;NA;NA;NA;
18;14;0.95;2.38;3.04;5.71;3.84;2.38;ND;ND;ND;NA;NA;NA;
18;15;0.86;2.02;4.05;5.62;3.52;3.11;ND;ND;ND;NA;NA;NA;
18;16;1.39;2.59;7.06;7.21;6.26;4.58;ND;ND;ND;NA;NA;NA;
18;17;2.74;2.7;7.47;7.22;3.64;5;ND;ND;ND;NA;NA;NA;
18;18;3.43;2.98;10.72;9.82;27.38;6.45;ND;ND;ND;NA;NA;NA;
18;19;4.42;3.17;13.23;10.52;13.32;9.69;ND;ND;ND;NA;NA;NA;
18;20;5.23;3.34;12.12;9.97;14.14;19.57;ND;ND;ND;NA;NA;NA;
18;21;6.95;3.94;22.16;10.74;80.52;17.95;ND;ND;ND;NA;NA;NA;
18;22;9.03;3.63;14.53;16.91;189.95;17.42;ND;ND;ND;NA;NA;NA;
18;23;5.91;2.94;10.5;8.18;104.13;22.52;ND;ND;ND;NA;NA;NA;
19;0;6.13;2.49;10.26;18.7;76.82;24.38;ND;ND;ND;NA;NA;NA;
19;1;7.08;ND;ND;14.38;ND;20.74;ND;ND;ND;NA;NA;NA;
19;2;4.16;2.52;11.69;17.04;82.88;19.04;ND;ND;ND;NA;NA;NA;
19;3;4.11;2.43;12.28;23.26;151.21;19.04;ND;ND;ND;NA;NA;NA;
19;4;4.39;2.67;12.39;22.01;130.89;20.59;ND;ND;ND;NA;NA;NA;
19;5;4.63;3.1;18.08;22.36;140.43;24.55;ND;ND;ND;NA;NA;NA;
19;6;7.95;4.97;22.73;29.39;91.1;26.41;ND;ND;ND;NA;NA;NA;
19;7;11.63;7.37;23.85;23.05;139.54;21.76;ND;ND;ND;NA;NA;NA;
19;8;11.62;5.08;13.4;22.78;20.56;9.27;ND;ND;ND;NA;NA;NA;
19;9;5.36;4;12.18;15.65;5.14;7.65;ND;ND;ND;NA;NA;NA;
19;10;4.66;3.28;8.93;9.63;6.72;6.31;ND;ND;ND;NA;NA;NA;
19;11;4.35;4.3;6.67;ND;5.55;4.95;ND;ND;ND;NA;NA;NA;
19;12;4.59;3.81;6.97;9.14;5.04;4.13;ND;ND;ND;NA;NA;NA;
19;13;2.68;3.58;6.82;9.32;5.02;3.65;ND;ND;ND;NA;NA;NA;
19;14;1.71;2.97;7.6;6.14;4.73;3.16;ND;ND;ND;NA;NA;NA;
19;15;1.16;2.59;6.34;4.83;4.76;4.34;ND;ND;ND;NA;NA;NA;
19;16;1.48;2.6;6.44;6.3;4.3;4;ND;ND;ND;NA;NA;NA;
19;17;1.92;2.56;6.41;5.34;3.97;4.53;ND;ND;ND;NA;NA;NA;
19;18;1.96;2.62;4.85;4.35;3.78;4.48;ND;ND;ND;NA;NA;NA;
19;19;2.17;2.52;4.23;4.43;4.33;4.05;ND;ND;ND;NA;NA;NA;
19;20;3.27;2.54;4.78;5.35;3.95;3.82;ND;ND;ND;NA;NA;NA;
19;21;3.22;2.37;5.13;6.47;8.51;3.95;ND;ND;ND;NA;NA;NA;
19;22;2.38;2.51;6.51;6.94;40.2;5.56;ND;ND;ND;NA;NA;NA;
19;23;2.47;2.29;6.72;6.52;35.47;4.41;ND;ND;ND;NA;NA;NA;
20;0;0.8;2.19;6.59;6.64;24.13;6.84;ND;ND;ND;NA;NA;NA;
20;1;ND;2.07;8;9.43;10.39;ND;ND;ND;ND;NA;NA;NA;
20;2;0.22;3.29;8.49;9.6;29.71;7.01;ND;ND;ND;NA;NA;NA;
20;3;0.17;3;6.92;7.93;9.51;6.59;ND;ND;ND;NA;NA;NA;
20;4;0.44;3.03;6.44;7.09;5.07;8.39;ND;ND;ND;NA;NA;NA;
20;5;1.9;3.5;6.88;8.87;19.85;16.42;ND;ND;ND;NA;NA;NA;
20;6;7.15;5.36;13.43;21.2;30.99;22.56;ND;ND;ND;NA;NA;NA;
20;7;16.7;7.67;26.86;39.89;67.21;30.33;ND;ND;ND;NA;NA;NA;
20;8;23.27;9.17;27.43;26.54;47.84;19.47;ND;ND;ND;NA;NA;NA;
20;9;17.04;9;18.98;19.39;28.21;13.19;ND;ND;ND;NA;NA;NA;
20;10;8.6;6.17;16.83;ND;13.45;9.98;ND;ND;ND;NA;NA;NA;
20;11;9.84;7.88;13.46;21.24;15.75;9.3;ND;ND;ND;NA;NA;NA;
20;12;7.35;6.14;ND;19.7;13.27;10.96;ND;ND;ND;NA;NA;NA;
20;13;3.34;3.79;12.52;13.69;11.53;8.9;ND;ND;ND;NA;NA;NA;
20;14;1.86;3.13;6.35;7.56;7.24;6.69;ND;ND;ND;NA;NA;NA;
20;15;0.98;2.39;8.84;8.93;5.64;6.15;ND;ND;ND;NA;NA;NA;
20;16;2.49;2.53;6.92;7.67;6.3;6.9;ND;ND;ND;NA;NA;NA;
20;17;5.01;2.79;11.58;11.95;5.3;7.39;ND;ND;ND;NA;NA;NA;
20;18;6;2.76;8.41;13.31;9.44;11.37;ND;ND;ND;NA;NA;NA;
20;19;2.3;2;9.25;34.86;14.12;6.91;ND;ND;ND;NA;NA;NA;
20;20;2.95;2.21;8.45;12.37;10.21;5.72;ND;ND;ND;NA;NA;NA;
20;21;4.53;2.28;6.62;10.55;6.73;5.06;ND;ND;ND;NA;NA;NA;
20;22;2.72;2.07;6.97;10.38;5.84;4.58;ND;ND;ND;NA;NA;NA;
20;23;3;2.06;5.9;22.32;6.61;5.55;ND;ND;ND;NA;NA;NA;
21;0;5.22;2.72;5.47;14.46;5.32;4.06;ND;ND;ND;NA;NA;NA;
21;1;4.62;ND;ND;10.41;ND;4.87;ND;ND;ND;NA;NA;NA;
21;2;2.97;3.51;7.23;8.62;10.96;6.26;ND;ND;ND;NA;NA;NA;
21;3;2.98;2.98;6.92;8.48;19.32;8.9;ND;ND;ND;NA;NA;NA;
21;4;3.93;2.19;8.26;12.25;22.35;7.29;ND;ND;ND;NA;NA;NA;
21;5;10.18;2.91;9.01;11.97;22.36;12.09;ND;ND;ND;NA;NA;NA;
21;6;13.42;5.13;14.79;19.72;56.75;26.04;ND;ND;ND;NA;NA;NA;
21;7;24.08;7.84;36.13;36.21;60.31;34.69;ND;ND;ND;NA;NA;NA;
21;8;17.24;11.22;21.76;22.08;28.54;24.48;ND;ND;ND;NA;NA;NA;
21;9;9.67;7.53;16.04;14.95;12.37;13.04;ND;ND;ND;NA;NA;NA;
21;10;7.17;5.37;13.66;14.8;11.11;12.62;ND;ND;ND;NA;NA;NA;
21;11;4.59;4.5;10.63;ND;11.15;9.4;ND;ND;ND;NA;NA;NA;
21;12;ND;4.04;9.34;8.51;7.21;6.83;ND;ND;ND;NA;NA;NA;
21;13;2.18;3.6;5.08;8.23;3.82;4.13;ND;ND;ND;NA;NA;NA;
21;14;1.3;3.3;5.63;6.72;3.83;3.57;ND;ND;ND;NA;NA;NA;
21;15;1.14;3.82;6.69;6.92;5.49;5.5;ND;ND;ND;NA;NA;NA;
21;16;ND;3.81;4.79;6.14;5.41;4.56;ND;ND;ND;NA;NA;NA;
21;17;ND;3.57;9.7;5.71;5.52;3.75;ND;ND;ND;NA;NA;NA;
21;18;3.15;3.86;10.83;6.27;6.54;6.09;ND;ND;ND;NA;NA;NA;
21;19;4.46;3.46;10.19;21.63;7.26;8.75;ND;ND;ND;NA;NA;NA;
21;20;4.9;3.2;14.01;16.41;12.44;11.52;ND;ND;ND;NA;NA;NA;
21;21;3.82;3.21;10.78;9.3;12.97;11.8;ND;ND;ND;NA;NA;NA;
21;22;3.95;3.34;6.55;26.32;10.97;9.18;ND;ND;ND;NA;NA;NA;
21;23;4.2;2.92;6.13;29.84;6.24;7.59;ND;ND;ND;NA;NA;NA;
22;0;7.27;2.74;5.47;24.24;5.04;5.9;ND;ND;ND;NA;NA;NA;
22;1;ND;2.76;5.35;31.45;4.84;ND;ND;ND;ND;NA;NA;NA;
22;2;4.4;2.64;8.48;19.4;3.9;5.1;ND;ND;ND;NA;NA;NA;
22;3;3.77;2.64;4.83;13.16;3.72;4.54;ND;ND;ND;NA;NA;NA;
22;4;3.84;2.43;5.56;15.58;4.87;4.3;ND;ND;ND;NA;NA;NA;
22;5;5.06;2.76;4.89;8.77;5.77;6.91;ND;ND;ND;NA;NA;NA;
22;6;10.07;2.86;6.68;15.33;13.8;15.28;ND;ND;ND;NA;NA;NA;
22;7;19.16;4.08;15.2;26.85;13.77;21.24;ND;ND;ND;NA;NA;NA;
22;8;15.46;5.07;16.06;15.23;10.29;13.27;ND;ND;ND;NA;NA;NA;
22;9;8.54;4.57;14.06;19;8.66;11.9;ND;ND;ND;NA;NA;NA;
22;10;6.45;4.02;10.41;ND;5.13;5.94;ND;ND;ND;NA;NA;NA;
22;11;5.36;3.66;5.94;8.9;5;4.15;ND;ND;ND;NA;NA;NA;
22;12;5.47;3.08;5.75;8.51;2.92;3.17;ND;ND;ND;NA;NA;NA;
22;13;4.86;2.84;7.59;9.07;4.49;5.07;ND;ND;ND;NA;NA;NA;
22;14;4.02;2.55;5.62;9.1;4.65;4.55;ND;ND;ND;NA;NA;NA;
22;15;3.87;2.38;5.04;7.94;4.79;3.98;ND;ND;ND;NA;NA;NA;
22;16;2.71;2.22;6.53;ND;4.57;4.01;ND;ND;ND;NA;NA;NA;
22;17;2.96;2.37;8.76;4.51;5.28;4.36;ND;ND;ND;NA;NA;NA;
22;18;3.08;2.6;12.63;7.32;7.81;5.28;ND;ND;ND;NA;NA;NA;
22;19;3.63;2.65;10.26;13.56;9.79;6.98;ND;ND;ND;NA;NA;NA;
22;20;4.14;2.66;8.15;9.27;11.34;6.57;ND;ND;ND;NA;NA;NA;
22;21;5.07;2.36;13.61;8.38;8.91;8.52;ND;ND;ND;NA;NA;NA;
22;22;5.19;2.25;5.96;6.87;4.2;6.06;ND;ND;ND;NA;NA;NA;
22;23;4.28;2.08;5.79;9.58;3.63;4.47;ND;ND;ND;NA;NA;NA;
23;0;2.59;2.05;5.89;6.12;3.8;4.31;ND;ND;ND;NA;NA;NA;
23;1;2.67;ND;ND;7.08;ND;3.84;ND;ND;ND;NA;NA;NA;
23;2;2.64;2.05;5.96;7.37;2.77;3.74;ND;ND;ND;NA;NA;NA;
23;3;2.4;1.93;7.55;5.31;2.55;3.52;ND;ND;ND;NA;NA;NA;
23;4;3.62;1.8;4.4;4.29;2.63;3.01;ND;ND;ND;NA;NA;NA;
23;5;3.98;1.62;3.24;5.59;4.18;2.75;ND;ND;ND;NA;NA;NA;
23;6;5.43;1.81;6.63;17.26;4.24;5.92;ND;ND;ND;NA;NA;NA;
23;7;13.53;2.24;12.04;20.51;5.38;6.35;ND;ND;ND;NA;NA;NA;
23;8;13.78;2.89;14.51;20.41;4.75;6.28;ND;ND;ND;NA;NA;NA;
23;9;8.06;3.4;14.39;ND;6.03;6.22;ND;ND;ND;NA;NA;NA;
23;10;5.32;2.49;7.72;ND;6.78;4.67;ND;ND;ND;NA;NA;NA;
23;11;4.1;2.13;5.88;ND;3.69;3.31;ND;ND;ND;NA;NA;NA;
23;12;5.36;2.15;5.98;6.45;3.61;3.23;ND;ND;ND;NA;NA;NA;
23;13;3.85;2.11;5.99;3.43;2.9;3.32;ND;ND;ND;NA;NA;NA;
23;14;2.77;1.85;5.34;3.48;3.02;3.27;ND;ND;ND;NA;NA;NA;
23;15;3.05;1.65;5.23;8.99;2.73;2.9;ND;ND;ND;NA;NA;NA;
23;16;2.2;1.74;4.94;5.09;2.74;2.81;ND;ND;ND;NA;NA;NA;
23;17;3.17;1.95;5.84;5.28;3.91;4.04;ND;ND;ND;NA;NA;NA;
23;18;2.9;2.34;8.11;5.09;5.61;6.19;ND;ND;ND;NA;NA;NA;
23;19;3.3;2.23;10.16;5.22;4.79;8.35;ND;ND;ND;NA;NA;NA;
23;20;7.15;2.28;10.76;14.42;9.18;9.75;ND;ND;ND;NA;NA;NA;
23;21;7.03;2.07;11.11;10.92;7.02;12.09;ND;ND;ND;NA;NA;NA;
23;22;7.39;2.2;7.59;9.03;16.55;13.77;ND;ND;ND;NA;NA;NA;
23;23;7.98;2.05;9.42;17.71;17.95;13.91;ND;ND;ND;NA;NA;NA;
24;0;11.01;2.26;9.3;ND;10.83;10.17;ND;ND;ND;NA;NA;NA;
24;1;ND;2;5.81;16.4;7.41;ND;ND;ND;ND;NA;NA;NA;
24;2;7.23;2.51;7.5;11.08;3.4;4.69;ND;ND;ND;NA;NA;NA;
24;3;9.55;2.37;9.52;12.6;4.06;5.48;ND;ND;ND;NA;NA;NA;
24;4;9.48;2.65;8.9;11.22;19.06;11.7;ND;ND;ND;NA;NA;NA;
24;5;7.71;2.56;9.91;7.55;41.78;20.2;ND;ND;ND;NA;NA;NA;
24;6;9.12;3.49;12.51;22.08;13.4;14.04;ND;ND;ND;NA;NA;NA;
24;7;10.9;4.41;15.4;22.53;14.91;15.23;ND;ND;ND;NA;NA;NA;
24;8;12.75;5.78;20.12;33.56;13.54;16.73;ND;ND;ND;NA;NA;NA;
24;9;11.3;5.75;18.96;18.45;11.05;11.45;ND;ND;ND;NA;NA;NA;
24;10;6.1;3.77;11.02;6.46;8.38;7.42;ND;ND;ND;NA;NA;NA;
24;11;3.05;2.52;7.95;7.12;5.85;5.66;ND;ND;ND;NA;NA;NA;
24;12;2.52;2.36;6.09;5.87;ND;4.09;ND;ND;ND;NA;NA;NA;
24;13;2.79;2.51;4.55;4.29;ND;3.55;ND;ND;ND;NA;NA;NA;
24;14;2.35;2.25;4.84;5.29;3.63;3.61;ND;ND;ND;NA;NA;NA;
24;15;2.01;1.78;4.48;4.9;3.42;3.17;ND;ND;ND;NA;NA;NA;
24;16;2.32;2.11;9.05;7.4;3.55;4.24;ND;ND;ND;NA;NA;NA;
24;17;2.84;2.32;11.88;6.59;4.54;6.37;ND;ND;ND;NA;NA;NA;
24;18;3.29;2.47;13.68;6.27;5.81;7.32;ND;ND;ND;NA;NA;NA;
24;19;2.58;2.29;15.21;8.7;5.15;8.87;ND;ND;ND;NA;NA;NA;
24;20;3.39;2.19;10.49;13.28;4.2;6.71;ND;ND;ND;NA;NA;NA;
24;21;4.92;2.23;9.29;11.52;3.36;5.23;ND;ND;ND;NA;NA;NA;
24;22;4.16;2.17;7.58;8.8;3.85;4.25;ND;ND;ND;NA;NA;NA;
24;23;4.01;1.9;8.39;11.57;3.65;3.84;ND;ND;ND;NA;NA;NA;
25;0;2.87;2.02;6.6;ND;3.18;4.2;ND;ND;ND;NA;NA;NA;
25;1;4.22;ND;ND;10.4;ND;4.61;ND;ND;ND;NA;NA;NA;
25;2;5.69;2.75;8.66;9.56;5.82;5.37;ND;ND;ND;NA;NA;NA;
25;3;4.27;2.06;7.45;9.98;6.33;4.48;ND;ND;ND;NA;NA;NA;
25;4;2.76;2.1;6.75;9.45;4.91;3.29;ND;ND;ND;NA;NA;NA;
25;5;6.45;3.2;8.12;11.37;4.76;4.42;ND;ND;ND;NA;NA;NA;
25;6;10.55;3.83;8.56;12.12;56.35;7.47;ND;ND;ND;NA;NA;NA;
25;7;12.59;4.12;20.33;19.18;50.03;17.1;ND;ND;ND;NA;NA;NA;
25;8;10.7;4.1;13.28;16.87;26.1;14.26;ND;ND;ND;NA;NA;NA;
25;9;7.5;4.16;5.17;6.95;7.05;4.32;ND;ND;ND;NA;NA;NA;
25;10;3.26;2.82;4.55;5.25;3.28;2.71;ND;ND;ND;NA;NA;NA;
25;11;2.14;2.57;3.31;2.86;2.93;2.37;ND;ND;ND;NA;NA;NA;
25;12;2.2;2.45;4.12;4.33;3.23;2.33;ND;ND;ND;NA;NA;NA;
25;13;2.51;3.58;4.6;4.92;3.61;2.64;ND;ND;ND;NA;NA;NA;
25;14;2.2;2.56;4.35;4.18;4.73;2.99;ND;ND;ND;NA;NA;NA;
25;15;2.11;2.25;4.46;3.03;4.25;3.59;ND;ND;ND;NA;NA;NA;
25;16;2.29;2.22;4.58;2.78;3.93;3.99;ND;ND;ND;NA;NA;NA;
25;17;2.37;2.25;4.56;4.2;3.5;4.88;ND;ND;ND;NA;NA;NA;
25;18;3.03;2.5;7;3.85;3.26;5.47;ND;ND;ND;NA;NA;NA;
25;19;5.1;2.27;7.23;7.06;6.93;9.45;ND;ND;ND;NA;NA;NA;
25;20;5.27;1.89;7.08;6.08;6.3;8.8;ND;ND;ND;NA;NA;NA;
25;21;5.29;2.01;6.75;3.46;5.4;6;ND;ND;ND;NA;NA;NA;
25;22;6.16;1.95;7.33;4.49;4.65;4.84;ND;ND;ND;NA;NA;NA;
25;23;5.7;1.94;4.59;5.91;3.51;4.31;ND;ND;ND;NA;NA;NA;
26;0;4.31;1.71;4.03;ND;4.13;3.43;ND;ND;ND;NA;NA;NA;
26;1;ND;1.75;3.18;16.41;4.01;ND;ND;ND;ND;NA;NA;NA;
26;2;4.07;1.88;3.1;8.81;3.86;4.06;ND;ND;ND;NA;NA;NA;
26;3;3.79;1.66;3.89;8.48;5.23;4.31;ND;ND;ND;NA;NA;NA;
26;4;3.06;1.67;5.73;6.18;8;4.59;ND;ND;ND;NA;NA;NA;
26;5;5.23;1.89;7.18;8.58;56.41;13.63;ND;ND;ND;NA;NA;NA;
26;6;5.48;4.02;11.47;13.72;47.28;11.73;ND;ND;ND;NA;NA;NA;
26;7;8.51;7.45;10.48;13.44;11.39;8.97;ND;ND;ND;NA;NA;NA;
26;8;10.69;8.66;10.47;11.05;5.27;7.04;ND;ND;ND;NA;NA;NA;
26;9;8.25;6.96;12.27;11.32;8;6.47;ND;ND;ND;NA;NA;NA;
26;10;4.8;3.73;7.63;7.29;9.53;8.19;ND;ND;ND;NA;NA;NA;
26;11;4.09;3.46;4.48;3.14;4.75;3.22;ND;ND;ND;NA;NA;NA;
26;12;4;4.28;4.61;7.42;3.63;2.34;ND;ND;ND;NA;NA;NA;
26;13;2.91;3.41;4.67;4.63;4.15;3.62;ND;ND;ND;NA;NA;NA;
26;14;2.44;2.37;4.43;3.76;3.37;3.11;ND;ND;ND;NA;NA;NA;
26;15;1.77;1.83;4.16;2.34;3.17;2.65;ND;ND;ND;NA;NA;NA;
26;16;2.33;1.72;5.29;3.51;2.57;2.92;ND;ND;ND;NA;NA;NA;
26;17;3.03;2.72;4.84;2.8;2.01;3.19;ND;ND;ND;NA;NA;NA;
26;18;2.66;2.33;4.13;2.73;2.67;3.22;ND;ND;ND;NA;NA;NA;
26;19;2.71;2.32;4.95;3.94;3.1;3.7;ND;ND;ND;NA;NA;NA;
26;20;4.48;2.51;4.79;5.27;3.93;4.09;ND;ND;ND;NA;NA;NA;
26;21;2.92;2.49;4.58;2.24;4.36;4.75;ND;ND;ND;NA;NA;NA;
26;22;2.57;2.19;3.4;4.11;2.73;3.39;ND;ND;ND;NA;NA;NA;
26;23;2.32;2.37;3.34;6.57;2.96;3.9;ND;ND;ND;NA;NA;NA;
27;0;2.59;2.27;3.46;ND;2.9;3.83;ND;ND;ND;NA;NA;NA;
27;1;2.35;ND;ND;3.49;ND;4.77;ND;ND;ND;NA;NA;NA;
27;2;1.95;2.27;4.97;7;45.31;11.16;ND;ND;ND;NA;NA;NA;
27;3;1.87;2.55;3.93;18.15;21.76;8.3;ND;ND;ND;NA;NA;NA;
27;4;1.95;3.79;4.24;5.97;24.3;6.85;ND;ND;ND;NA;NA;NA;
27;5;4.29;3.8;6.04;6.56;25.46;11.56;ND;ND;ND;NA;NA;NA;
27;6;8.74;7.62;10.29;21.8;38.52;17.61;ND;ND;ND;NA;NA;NA;
27;7;14.44;9.84;17.01;27.01;77.97;13.16;ND;ND;ND;NA;NA;NA;
27;8;13.95;10.97;16.21;19.8;12.5;10.82;ND;ND;ND;NA;NA;NA;
27;9;8.63;6.28;14.79;24.25;9.71;6.37;ND;ND;ND;NA;NA;NA;
27;10;5.99;4.22;6.92;11.28;7.28;6.61;ND;ND;ND;NA;NA;NA;
27;11;3.82;3.08;7.12;6.2;4.88;4.13;ND;ND;ND;NA;NA;NA;
27;12;2.4;2.59;6.83;6.5;ND;3.74;ND;ND;ND;NA;NA;NA;
27;13;2.33;2.21;7.27;5.02;ND;3.44;ND;ND;ND;NA;NA;NA;
27;14;3.52;2.92;7.14;5.45;ND;5.7;ND;ND;ND;NA;NA;NA;
27;15;4.74;2.76;7.23;8.3;ND;7.5;ND;ND;ND;NA;NA;NA;
27;16;3.4;2.44;8.53;12.88;ND;8.06;ND;ND;ND;NA;NA;NA;
27;17;4.07;2.4;8.73;6.52;5.67;6.88;ND;ND;ND;NA;NA;NA;
27;18;4.44;2.16;8.04;9.25;7.51;6.09;ND;ND;ND;NA;NA;NA;
27;19;4.73;2.15;9.44;10.94;7.79;6.98;ND;ND;ND;NA;NA;NA;
27;20;5.17;2.16;8.13;11.21;7.08;9;ND;ND;ND;NA;NA;NA;
27;21;4.44;3.05;9.55;8.63;3.51;8.08;ND;ND;ND;NA;NA;NA;
27;22;6.55;3.49;6.68;8.5;6.7;6.5;ND;ND;ND;NA;NA;NA;
27;23;5.22;2.86;4.94;8.79;9.98;7.26;ND;ND;ND;NA;NA;NA;
28;0;3.66;2.48;5.18;ND;9.4;5.71;ND;ND;ND;NA;NA;NA;
28;1;ND;2.24;4.61;12.93;21.83;ND;ND;ND;ND;NA;NA;NA;
28;2;2.56;2.18;4.66;15.51;40.01;4.32;ND;ND;ND;NA;NA;NA;
28;3;2.59;2.16;4.79;7.41;25.44;4.6;ND;ND;ND;NA;NA;NA;
28;4;2.81;2.23;6.25;15.7;10.99;4.35;ND;ND;ND;NA;NA;NA;
28;5;3.5;2.72;8.93;10.08;8.55;6.38;ND;ND;ND;NA;NA;NA;
28;6;5.23;4.8;15.11;12.55;13.53;14.29;ND;ND;ND;NA;NA;NA;
28;7;10.11;6.46;22.35;22.42;31.66;17.92;ND;ND;ND;NA;NA;NA;
28;8;15.14;8.92;23.3;24.02;49.06;21.52;ND;ND;ND;NA;NA;NA;
28;9;18.37;9.52;20.22;21.33;35.22;19.76;ND;ND;ND;NA;NA;NA;
28;10;15.58;8.12;19.24;20.11;23.81;16.37;ND;ND;ND;NA;NA;NA;
28;11;15.1;5.8;18.05;18.46;14.95;10.34;ND;ND;ND;NA;NA;NA;
28;12;6.7;4.93;16.12;13.57;12.62;10.05;ND;ND;ND;NA;NA;NA;
28;13;4.1;3.49;9.01;7.44;4.95;7.56;ND;ND;ND;NA;NA;NA;
28;14;3.51;3;8.35;7.98;5.28;5.13;ND;ND;ND;NA;NA;NA;
28;15;3.08;2.43;7.72;6.94;4.45;4.69;ND;ND;ND;NA;NA;NA;
28;16;2.98;2.28;9.05;7.62;3.06;5.18;ND;ND;ND;NA;NA;NA;
28;17;3.71;2.34;7.23;7.85;2.92;5.18;ND;ND;ND;NA;NA;NA;
28;18;6.25;2.07;8.68;12.58;3.57;4.89;ND;ND;ND;NA;NA;NA;
28;19;8.62;2.33;9.51;8.5;10.37;7.39;ND;ND;ND;NA;NA;NA;
28;20;7.04;2.54;8.42;13.09;8;10.22;ND;ND;ND;NA;NA;NA;
28;21;6.17;2.88;7.58;6.86;9.41;7.34;ND;ND;ND;NA;NA;NA;
28;22;6.34;2.4;5.57;14.22;4.34;5.98;ND;ND;ND;NA;NA;NA;
28;23;6.1;2.23;5.44;13.71;3.97;3.96;ND;ND;ND;NA;NA;NA;
29;0;4.49;2.12;4.98;ND;1.7;2.64;ND;ND;ND;NA;NA;NA;
29;1;3.38;ND;ND;4.64;ND;2.11;ND;ND;ND;NA;NA;NA;
29;2;3.06;1.7;3.24;3.89;1;1.87;ND;ND;ND;NA;NA;NA;
29;3;2.57;1.59;2.95;3.87;0.9;1.56;ND;ND;ND;NA;NA;NA;
29;4;2.27;2.82;2.4;2.8;1.36;1.49;ND;ND;ND;NA;NA;NA;
29;5;2.66;3.63;2.37;3.75;3.13;3.71;ND;ND;ND;NA;NA;NA;
29;6;6.76;3.56;8.56;8.19;23.35;5.96;ND;ND;ND;NA;NA;NA;
29;7;14.12;3.51;14.68;18.56;42.34;8.72;ND;ND;ND;NA;NA;NA;
29;8;12.45;4.23;19.75;27.97;29.85;9.01;ND;ND;ND;NA;NA;NA;
29;9;16.31;4.18;20.92;ND;16.79;14.08;ND;ND;ND;NA;NA;NA;
29;10;9.84;3.44;21;18.9;10.07;12.7;ND;ND;ND;NA;NA;NA;
29;11;3.87;3.84;13.47;13.03;7.12;8.19;ND;ND;ND;NA;NA;NA;
29;12;3.21;2.16;8.3;6.95;5.66;5.83;ND;ND;ND;NA;NA;NA;
29;13;2.81;1.83;5.62;6.32;3.92;4.06;ND;ND;ND;NA;NA;NA;
29;14;2.45;1.85;5.26;2.92;3.71;4.35;ND;ND;ND;NA;NA;NA;
29;15;5.59;5.45;6.82;7.01;4.77;4.2;ND;ND;ND;NA;NA;NA;
29;16;8.31;3.99;9.37;7.13;7.73;7.54;ND;ND;ND;NA;NA;NA;
29;17;6.78;4.42;11.21;ND;8.33;9.42;ND;ND;ND;NA;NA;NA;
29;18;6.92;3.3;15.93;10.32;6.09;12.88;ND;ND;ND;NA;NA;NA;
29;19;6.56;2.94;11.05;17.27;8.32;11.68;ND;ND;ND;NA;NA;NA;
29;20;7.02;2.74;15.33;12.89;12.27;10.36;ND;ND;ND;NA;NA;NA;
29;21;7.18;3.17;17.83;26.59;16.55;14.18;ND;ND;ND;NA;NA;NA;
29;22;4.35;2.44;14.39;11.52;7.24;14.41;ND;ND;ND;NA;NA;NA;
29;23;4.5;2.41;11.81;15.3;10.82;9.77;ND;ND;ND;NA;NA;NA;
30;0;4.99;2.46;8.27;ND;6.2;7.65;ND;ND;ND;NA;NA;NA;
30;1;ND;2.27;6.58;11.47;5.52;ND;ND;ND;ND;NA;NA;NA;
30;2;4.45;1.92;5.95;6.81;4.02;4.72;ND;ND;ND;NA;NA;NA;
30;3;7.09;2.15;6.95;6.43;2.57;4.52;ND;ND;ND;NA;NA;NA;
30;4;5.09;2.11;6.29;10.9;4.7;4.73;ND;ND;ND;NA;NA;NA;
30;5;6.32;2.28;6.13;15.43;5.2;5.92;ND;ND;ND;NA;NA;NA;
30;6;11.51;3.13;8.08;17.76;12.14;10.47;ND;ND;ND;NA;NA;NA;
30;7;23.25;4.14;15.38;26.76;11.38;14.94;ND;ND;ND;NA;NA;NA;
30;8;16.65;4.19;15.34;15.89;11.39;11.98;ND;ND;ND;NA;NA;NA;
30;9;6.91;2.66;13.44;12.88;5.88;10.22;ND;ND;ND;NA;NA;NA;
30;10;3.45;2.16;8.13;6.71;6.58;7.38;ND;ND;ND;NA;NA;NA;
30;11;2.41;1.91;5.37;ND;4;3.39;ND;ND;ND;NA;NA;NA;
30;12;2.44;2.27;4.82;ND;3.41;3.2;ND;ND;ND;NA;NA;NA;
30;13;2.21;2.18;4.86;5.68;3.25;4.03;ND;ND;ND;NA;NA;NA;
30;14;2.3;1.8;4.04;4.61;3.16;2.9;ND;ND;ND;NA;NA;NA;
30;15;2.03;1.74;2.97;ND;2.75;3.26;ND;ND;ND;NA;NA;NA;
30;16;1.8;1.85;4.56;ND;3.45;3.87;ND;ND;ND;NA;NA;NA;
30;17;2.29;1.97;9.39;ND;5.56;4.7;ND;ND;ND;NA;NA;NA;
30;18;3.35;2.07;10.27;5.56;3.31;4.92;ND;ND;ND;NA;NA;NA;
30;19;4.4;1.81;6.88;10.96;4.47;4.85;ND;ND;ND;NA;NA;NA;
30;20;3.51;1.76;6.35;10.32;5.04;3.78;ND;ND;ND;NA;NA;NA;
30;21;3.59;1.67;6.25;5.78;4.11;3.78;ND;ND;ND;NA;NA;NA;
30;22;2.74;1.86;6.19;10.63;5.01;3.77;ND;ND;ND;NA;NA;NA;
30;23;3.47;1.59;4.89;16.28;4.21;3.41;ND;ND;ND;NA;NA;NA;
31;0;1.85;1.44;3.37;ND;2.09;2.3;ND;ND;ND;NA;NA;NA;
31;1;2.34;ND;ND;13.12;ND;1.98;ND;ND;ND;NA;NA;NA;
31;2;2.11;1.47;2.65;13.75;1.35;1.81;ND;ND;ND;NA;NA;NA;
31;3;3.14;1.49;3.63;13.91;1.24;1.4;ND;ND;ND;NA;NA;NA;
31;4;3.98;1.52;2.75;14.7;0.88;1.52;ND;ND;ND;NA;NA;NA;
31;5;5.1;1.76;3.1;7.34;2.87;2.04;ND;ND;ND;NA;NA;NA;
31;6;5.85;2.22;5.23;20.59;6.43;3.86;ND;ND;ND;NA;NA;NA;
31;7;7.18;2.6;10.74;19.56;6.47;7.13;ND;ND;ND;NA;NA;NA;
31;8;5.64;3.18;10.05;11.01;4.8;5.07;ND;ND;ND;NA;NA;NA;
31;9;6.12;2.76;12.77;10.61;4.62;5.17;ND;ND;ND;NA;NA;NA;
31;10;3.4;2.58;9.21;7.32;4.5;4.31;ND;ND;ND;NA;NA;NA;
31;11;3.27;1.98;7.45;6.94;4.91;4.61;ND;ND;ND;NA;NA;NA;
31;12;2.05;1.83;7.07;6.82;5.37;3.87;ND;ND;ND;NA;NA;NA;
31;13;1.85;1.77;5.59;4.57;3.47;3.47;ND;ND;ND;NA;NA;NA;
31;14;1.57;1.79;5.15;3.62;2.25;2.71;ND;ND;ND;NA;NA;NA;
31;15;1.7;1.73;6.51;6.64;2.13;3.08;ND;ND;ND;NA;NA;NA;
31;16;2.14;1.65;7.98;6.39;2.36;3.29;ND;ND;ND;NA;NA;NA;
31;17;1.99;1.5;4.94;5.95;1.66;4.13;ND;ND;ND;NA;NA;NA;
31;18;3.01;1.72;5.31;3.94;2.96;4.15;ND;ND;ND;NA;NA;NA;
31;19;2.44;1.58;7.07;4.49;2.66;5.72;ND;ND;ND;NA;NA;NA;
31;20;2.5;1.58;5.97;4.25;4.16;3.51;ND;ND;ND;NA;NA;NA;
31;21;2.3;1.43;4.29;10.85;1.83;3.7;ND;ND;ND;NA;NA;NA;
31;22;2.06;1.44;3.41;4.75;4.04;3.35;ND;ND;ND;NA;NA;NA;
31;23;2.33;1.33;2.88;3.05;5.72;3.07;ND;ND;ND;NA;NA;NA;
