DIA;HORA;Cotocollao;Carapungo;Belisario;Jipijapa;El Camal;Centro;Guamaní;Tumbaco;Los Chillos;El Condado;Turubamba;Chillogallo;
1;0;21.38;29.36;26.65;NA;20.57;25.28;18.42;19.21;29.64;NA;NA;NA;
1;1;15.44;27.3;32.38;NA;12.62;19.42;14.6;19.35;33.74;NA;NA;NA;
1;2;15.28;28.3;35.96;NA;6.64;13.37;10.01;15.42;5.6;NA;NA;NA;
1;3;16.24;31.68;28.34;NA;18.01;15.62;5.37;16.51;1.22;NA;NA;NA;
1;4;20.95;25.89;18.5;NA;5.31;16.12;2.62;19.37;7.66;NA;NA;NA;
1;5;9.43;22.19;10.96;NA;2.32;6.9;0.23;14.52;9.13;NA;NA;NA;
1;6;1.68;6.06;10.67;NA;5.34;9.38;4.74;9.85;2.86;NA;NA;NA;
1;7;9.32;15.76;11.09;NA;8.15;17.81;12.44;8.15;5.56;NA;NA;NA;
1;8;20.06;26.78;15.3;NA;21.42;21.9;24.63;27.08;22.07;NA;NA;NA;
1;9;23.95;28.71;12.89;NA;28.36;32.38;26.84;40.99;26.98;NA;NA;NA;
1;10;27.24;36.06;27.78;NA;33.68;38.47;48.32;54.35;38.62;NA;NA;NA;
1;11;38.73;40.37;25.22;NA;ND;59.61;64.11;70.12;67.72;NA;NA;NA;
1;12;53.89;46.53;53.33;NA;46.72;ND;57.91;66.83;87.25;NA;NA;NA;
1;13;39.15;35.12;40.55;NA;35.76;62.64;49.53;65.73;89.84;NA;NA;NA;
1;14;41.46;27.77;21.27;NA;35.76;35.36;43.91;43.61;55.89;NA;NA;NA;
1;15;38.59;30.62;21.08;NA;33.95;26.77;40.43;45.95;38.75;NA;NA;NA;
1;16;25.3;ND;14.29;NA;32.87;26.23;34.21;30.74;30.73;NA;NA;NA;
1;17;8.3;ND;8.79;NA;20.73;17.96;24.06;28.25;23.3;NA;NA;NA;
1;18;8.84;21.28;2.96;NA;5.62;16.76;10.59;27.73;11.58;NA;NA;NA;
1;19;20.17;18.73;1.55;NA;3.9;13.75;5.04;33.61;16.11;NA;NA;NA;
1;20;20.49;13.52;1.91;NA;12.88;8.38;19.72;16.15;20.36;NA;NA;NA;
1;21;4.25;9.16;6.76;NA;22.7;17.01;36.36;18.46;11.33;NA;NA;NA;
1;22;8.59;13.33;6.85;NA;37.7;15.43;33.45;19.81;14.53;NA;NA;NA;
1;23;8.38;12.94;2.12;NA;45.33;16.52;23.97;21.83;23.56;NA;NA;NA;
2;0;1.81;7.44;2.96;NA;29.78;14.32;27.85;23.69;14.46;NA;NA;NA;
2;1;3.11;1.74;25.73;NA;25.32;32.97;33.43;9.5;13;NA;NA;NA;
2;2;0.83;3.58;17.98;NA;16.53;19.29;31.17;11.7;13.78;NA;NA;NA;
2;3;6.28;2.82;11.83;NA;8.43;12.96;26.94;7.37;13.99;NA;NA;NA;
2;4;1.61;4.77;4.07;NA;7.64;8;24.45;5.45;11.89;NA;NA;NA;
2;5;4.83;5.98;2.14;NA;4.34;7.01;18.62;2.43;7.49;NA;NA;NA;
2;6;1.2;2.08;1.03;NA;5.68;8.78;6.86;1.09;5.11;NA;NA;NA;
2;7;7.1;6.69;4.92;NA;11.77;15.87;21.49;4.82;4.8;NA;NA;NA;
2;8;22.3;25.4;9.89;NA;21.18;23.69;27.51;27.75;19.35;NA;NA;NA;
2;9;24.36;33.31;15.16;NA;32.43;30.21;36.25;42.01;32.49;NA;NA;NA;
2;10;31.53;36.36;25.12;NA;37.38;42.22;41.7;63.2;56.35;NA;NA;NA;
2;11;36.98;42.71;35.83;NA;31.66;47.97;40.33;64.31;68.53;NA;NA;NA;
2;12;34.09;36.04;26.37;NA;30.31;48.16;35.21;54.3;72.1;NA;NA;NA;
2;13;34.77;33.14;23.35;NA;29.55;35.23;36.33;51.28;53.07;NA;NA;NA;
2;14;36.43;32.54;23.45;NA;33.19;36.26;36.75;51.27;50.32;NA;NA;NA;
2;15;42.38;31.47;26.09;NA;31.27;33.78;ND;46.02;31.94;NA;NA;NA;
2;16;ND;28.48;20.56;NA;30.95;28.7;ND;37.4;27.93;NA;NA;NA;
2;17;21.63;20.56;8.88;NA;26.61;17.01;25.55;30.64;30.21;NA;NA;NA;
2;18;13.31;16.99;4.69;NA;17.7;8.48;18.43;28.25;27.1;NA;NA;NA;
2;19;21;16.85;1.98;NA;3.33;9;13.49;26.93;21.93;NA;NA;NA;
2;20;13.28;19.67;1.47;NA;9.67;6.91;12.62;24.69;19.98;NA;NA;NA;
2;21;11.62;15.65;2.53;NA;18.27;11;16.38;18.14;10.79;NA;NA;NA;
2;22;11.05;20.43;10.3;NA;4.41;19.74;22.46;23.36;30.03;NA;NA;NA;
2;23;26.76;29.03;16.49;NA;23.31;25.5;29.07;33.83;30.56;NA;NA;NA;
3;0;28.46;29.34;33.34;NA;26.43;33.7;34.48;31.32;34.19;NA;NA;NA;
3;1;29.5;29.93;37.22;NA;31.68;36.57;35.52;26.9;30.33;NA;NA;NA;
3;2;31.63;30.44;34.5;NA;36.36;38.32;37.23;28.87;31.99;NA;NA;NA;
3;3;27.8;30.21;40.35;NA;34.31;38.76;35.51;20.4;33.34;NA;NA;NA;
3;4;23.56;30.72;34.77;NA;30.27;35.53;28.05;15.72;28.43;NA;NA;NA;
3;5;11.55;21.29;33.96;NA;22.37;31.62;24.49;11.25;19.75;NA;NA;NA;
3;6;5.3;3.06;8.46;NA;4.62;20.01;24.3;2.52;5.55;NA;NA;NA;
3;7;5.68;4.79;8.11;NA;11.3;20.12;21.64;4.4;4.75;NA;NA;NA;
3;8;17.42;19.05;19.86;NA;28.05;29;38.66;17.35;19.56;NA;NA;NA;
3;9;21.06;32.19;24.49;NA;42.87;34.23;44.24;42.66;50.59;NA;NA;NA;
3;10;37.21;40.24;35.2;NA;51.34;47.01;57.76;53.67;56.37;NA;NA;NA;
3;11;46.78;47.95;51.68;NA;46.25;61.79;55.24;67.92;71.43;NA;NA;NA;
3;12;53.06;50.47;59.09;NA;57.14;63.18;49.55;86.46;82.61;NA;NA;NA;
3;13;38.69;42.05;44.32;NA;57.59;58.19;61.77;86.16;90.81;NA;NA;NA;
3;14;32.26;36.6;35.66;NA;37.9;51.48;54.92;56.54;75.78;NA;NA;NA;
3;15;29.13;33.15;31.53;NA;34.06;39.95;43.16;48.28;54.49;NA;NA;NA;
3;16;29.01;33.13;17.7;NA;27.74;30.61;37.5;43.31;38.89;NA;NA;NA;
3;17;13.5;26.76;6.96;NA;24.03;22.45;24.42;35.87;34.03;NA;NA;NA;
3;18;7.75;21.24;2.71;NA;16.06;10.64;7.47;35.29;24.09;NA;NA;NA;
3;19;3.7;17.98;1.49;NA;4.98;10.45;5.52;29.37;31.37;NA;NA;NA;
3;20;1.87;2.74;1.51;NA;3.91;8.5;11.52;29;18.84;NA;NA;NA;
3;21;1.16;3.54;3.56;NA;3.59;6.86;19.71;13.34;1.21;NA;NA;NA;
3;22;2.3;3.17;5.57;NA;16.53;9.71;16.96;14.26;5;NA;NA;NA;
3;23;0.31;1.14;8.79;NA;23.19;13.73;19.17;6.26;1.94;NA;NA;NA;
4;0;2.17;12.52;13.44;NA;7.22;12.06;18.11;4.95;0.02;NA;NA;NA;
4;1;2.43;20.86;11.21;NA;9.51;6.23;17.87;6.13;0.91;NA;NA;NA;
4;2;2.22;14.64;2.56;NA;11.96;7.69;23.1;6.77;0.36;NA;NA;NA;
4;3;1.28;3.88;8.99;NA;10.82;5.97;18.91;6.46;0.01;NA;NA;NA;
4;4;2.6;5.73;5.14;NA;8.36;9.13;8.26;6.43;0.27;NA;NA;NA;
4;5;0.52;0.8;0.74;NA;4.69;10.91;3.95;4.69;0.1;NA;NA;NA;
4;6;1.92;2.35;2.12;NA;3.58;13.17;4.57;2.29;2.4;NA;NA;NA;
4;7;6.39;8.46;6.71;NA;12.98;23.92;15.98;7.24;5.08;NA;NA;NA;
4;8;15.45;22.27;17.2;NA;34.62;32.94;29.31;16.27;18.72;NA;NA;NA;
4;9;37.73;37.62;31.28;NA;44.7;46.05;51.43;43.44;45.31;NA;NA;NA;
4;10;57.77;47.35;37.88;NA;50.19;51.69;66.46;66.8;51.45;NA;NA;NA;
4;11;67.88;63.13;66.23;NA;69.54;70.42;73.65;65.97;59.73;NA;NA;NA;
4;12;46.79;60.79;76.41;NA;77.42;87.17;57.38;78.95;88.75;NA;NA;NA;
4;13;37.15;37.53;40.84;NA;41.01;69.93;42.56;78.73;100.57;NA;NA;NA;
4;14;34.01;38.28;38.92;NA;38.39;41.2;46.77;51.49;58.42;NA;NA;NA;
4;15;33.67;36.47;23.19;NA;38.36;43.68;48.09;45.38;46.83;NA;NA;NA;
4;16;35.68;34.82;24.8;NA;37.16;40.63;46.02;44.64;47.12;NA;NA;NA;
4;17;31.12;33.15;15.84;NA;33.83;28.5;42.11;41.92;34.77;NA;NA;NA;
4;18;22.92;27.22;9.03;NA;28.74;20.07;36.32;37.83;28.44;NA;NA;NA;
4;19;17.5;20.9;5.52;NA;22.16;13.3;11.72;31.38;9.18;NA;NA;NA;
4;20;10.55;17.63;5.61;NA;9.19;16.6;17;27.74;21.82;NA;NA;NA;
4;21;11.26;16.08;7.91;NA;6.63;13.39;7.8;19.95;16.72;NA;NA;NA;
4;22;12.93;14.94;3.56;NA;3.71;17.6;1.77;4.53;3.38;NA;NA;NA;
4;23;5.48;12.89;1.81;NA;1.8;12.73;3.9;5.36;3.04;NA;NA;NA;
5;0;1.48;10.58;3.08;NA;1.59;8.67;7.36;4.69;1.72;NA;NA;NA;
5;1;0.57;12.75;1.38;NA;4.07;8.62;15.47;5.01;1.16;NA;NA;NA;
5;2;1.42;2.29;1.1;NA;1.77;6.67;16.43;1.14;0.89;NA;NA;NA;
5;3;0.29;4.21;1.13;NA;3.35;7.74;22.23;1.74;1.22;NA;NA;NA;
5;4;1.64;7.62;1.94;NA;7.01;9.64;9.71;2.53;1.9;NA;NA;NA;
5;5;1.1;1.01;2.07;NA;3.83;11.66;12.31;0.97;0.66;NA;NA;NA;
5;6;2.01;1.54;1.92;NA;4.98;13.42;7.58;1.58;1.68;NA;NA;NA;
5;7;4.31;4.25;6.96;NA;9.42;21.7;18.56;4.83;7.04;NA;NA;NA;
5;8;14.32;10.53;21.12;NA;29.67;32.74;40.43;12.6;19.37;NA;NA;NA;
5;9;29.72;29.48;26.19;NA;43.32;38.93;52.92;34.78;20.73;NA;NA;NA;
5;10;55.52;52.79;43.64;NA;48.43;52.97;66.07;55.94;24.26;NA;NA;NA;
5;11;62.04;56.77;64.08;NA;66.08;63.52;70.3;77.12;38.47;NA;NA;NA;
5;12;56.93;58.27;66.14;NA;56.99;69.97;67.18;80.73;69.49;NA;NA;NA;
5;13;45.03;45.2;54.17;NA;45.27;54.55;44.58;79.37;89.21;NA;NA;NA;
5;14;39.29;38.98;52.33;NA;41.69;51.36;45.92;58.71;78.98;NA;NA;NA;
5;15;42.01;39.94;41.08;NA;35.52;42.67;48.02;50.05;48.38;NA;NA;NA;
5;16;37.19;36.12;34.04;NA;34.48;34.76;46.88;46.79;46.93;NA;NA;NA;
5;17;28.4;30.04;23.65;NA;30.25;28.49;33.69;38.39;39.94;NA;NA;NA;
5;18;14.06;23.8;11.92;NA;18.28;20.73;18.9;30.57;13.06;NA;NA;NA;
5;19;1.6;14.52;7;NA;6.74;14.78;13.08;26.4;27.37;NA;NA;NA;
5;20;3.1;13.98;7.08;NA;11.49;13.81;23.91;23.65;20.18;NA;NA;NA;
5;21;2.41;5.77;4.11;NA;8.15;16.27;26.97;5.88;24.49;NA;NA;NA;
5;22;0.91;13.03;4.78;NA;5.69;13.49;27.32;2.32;4.91;NA;NA;NA;
5;23;0.51;3.14;5.35;NA;3.08;11.3;21.59;2.73;7.72;NA;NA;NA;
6;0;2.69;0.96;0.81;NA;2.21;7.28;30.31;1;7.76;NA;NA;NA;
6;1;7.04;0.31;0.81;NA;3.49;6.56;18.94;0.84;0.07;NA;NA;NA;
6;2;6.39;4.44;1.16;NA;2.78;6.96;8.04;0.4;2.1;NA;NA;NA;
6;3;4.57;3.37;4.77;NA;2.82;7.48;9.68;0.72;1.96;NA;NA;NA;
6;4;8.87;0.68;3.85;NA;4.78;6.16;16.63;2.35;0.07;NA;NA;NA;
6;5;0.9;0.48;7.97;NA;4.44;6.86;4.52;6.41;0.01;NA;NA;NA;
6;6;2.13;0.93;4.71;NA;3.01;9.07;3.29;3.34;0.25;NA;NA;NA;
6;7;9.97;6.73;8.64;NA;11.14;11.46;18.78;8.29;0.88;NA;NA;NA;
6;8;27.73;17.78;21.62;NA;22.03;27.59;35.41;13.61;2.67;NA;NA;NA;
6;9;41.51;31.37;38.39;NA;32.71;48.56;40.72;31.22;6.75;NA;NA;NA;
6;10;61.27;56.14;63.39;NA;48.32;70.59;51.23;64.43;18.13;NA;NA;NA;
6;11;61.46;60.23;78.25;NA;50.25;72.57;58.02;80.24;36.24;NA;NA;NA;
6;12;55.21;59.21;72.59;NA;47.28;79.89;68.3;72.66;64.2;NA;NA;NA;
6;13;41.45;55.31;51.58;NA;44.99;69.43;74.2;71.27;68.39;NA;NA;NA;
6;14;42.59;47.85;55.26;NA;51.47;63.94;75.2;71.27;64.65;NA;NA;NA;
6;15;40.06;41.87;52.23;NA;34.16;52.44;62.99;53.07;54.3;NA;NA;NA;
6;16;31.24;37.16;24.86;NA;36.12;35.76;47.2;43.79;45.28;NA;NA;NA;
6;17;27.56;32.49;23.27;NA;28.05;26.21;37.32;41.92;34.05;NA;NA;NA;
6;18;10.65;26.29;16.06;NA;13.46;18.89;38.52;35.75;27.08;NA;NA;NA;
6;19;13.09;23.83;8.48;NA;12.14;14.7;23.38;41.75;17.58;NA;NA;NA;
6;20;24.55;21.27;9.44;NA;20.45;24.62;21.33;36.69;31.89;NA;NA;NA;
6;21;34.93;26.81;10.11;NA;35.18;21.56;17.41;33.61;32.47;NA;NA;NA;
6;22;32.8;39.69;18.39;NA;53.25;37.76;20.68;33.71;28.49;NA;NA;NA;
6;23;45.04;41.24;31.76;NA;55.33;39.86;37.67;36.73;12.55;NA;NA;NA;
7;0;54.77;45.46;43.74;NA;54.45;36.87;49.2;37.49;34.43;NA;NA;NA;
7;1;44.44;46.22;46.74;NA;53.67;43.43;44.03;42.18;39.5;NA;NA;NA;
7;2;47.67;38.97;47.85;NA;44.33;46.89;42.6;37.47;43.81;NA;NA;NA;
7;3;43.68;42.66;50.2;NA;49.12;40.35;47.5;29.97;46.8;NA;NA;NA;
7;4;45.73;41.47;49.93;NA;35.76;31.3;44.18;25.57;35.06;NA;NA;NA;
7;5;12.71;13.52;34.13;NA;18.15;17.09;32.08;11.49;13.09;NA;NA;NA;
7;6;1.32;1.03;8.4;NA;5.24;14.2;32.21;2.67;4.26;NA;NA;NA;
7;7;5.81;4.49;8.48;NA;16.07;23.71;18.08;7.29;7.14;NA;NA;NA;
7;8;11.07;18.08;13.71;NA;33.98;33.04;37.02;16.45;13.81;NA;NA;NA;
7;9;31.48;25.26;28.83;NA;48.53;43.4;53.27;23.48;31.17;NA;NA;NA;
7;10;60.49;51.84;45.05;NA;48.2;39.51;58.11;48.04;36.18;NA;NA;NA;
7;11;76.93;60.52;55.21;NA;63.56;75.82;84.07;67.92;57.35;NA;NA;NA;
7;12;69.38;64.33;60.98;NA;76.11;82.25;79.57;87.19;56.94;NA;NA;NA;
7;13;ND;45.23;ND;NA;42.68;66.74;41.99;74.85;86.91;NA;NA;NA;
7;14;43.3;42.04;ND;NA;30.8;36.94;41.6;57.68;56.38;NA;NA;NA;
7;15;ND;42.45;27.64;NA;39.31;32.36;35.94;50.52;33.11;NA;NA;NA;
7;16;ND;40.11;15.67;NA;27.2;29.59;41.85;41.26;30.27;NA;NA;NA;
7;17;11.04;28.19;8.66;NA;23.97;14.61;23.49;8.33;14.48;NA;NA;NA;
7;18;24.08;20.58;3.03;NA;12.1;12.13;27.68;1.77;12.13;NA;NA;NA;
7;19;17.85;20.57;3.4;NA;6.11;13.52;14.5;1.53;0.63;NA;NA;NA;
7;20;8.68;5.05;1.77;NA;3.4;8.87;14.02;1.79;0;NA;NA;NA;
7;21;3.42;7.34;2.58;NA;18.09;7.97;20.74;14.99;0.04;NA;NA;NA;
7;22;3.43;21.03;3.28;NA;3.39;10.89;30.39;30.84;0.1;NA;NA;NA;
7;23;10.38;30.15;4.16;NA;8.86;6.14;20.83;27.88;0.01;NA;NA;NA;
8;0;31.83;26.81;12.67;NA;13.11;15.17;23.59;22.09;0.43;NA;NA;NA;
8;1;36.39;45.56;30.38;NA;36.4;22.41;28.42;18.22;0.22;NA;NA;NA;
8;2;37.77;39.85;33.05;NA;42.47;15.69;32.73;20.78;0.51;NA;NA;NA;
8;3;27.68;30.08;30.31;NA;39.58;12.67;26;30.15;10.78;NA;NA;NA;
8;4;18.15;23.52;18.1;NA;18.94;10.21;21.13;22.45;24.83;NA;NA;NA;
8;5;4.96;17;4.56;NA;3.83;8.92;2.93;6;15.4;NA;NA;NA;
8;6;1.91;2.04;2.68;NA;5.11;18.84;6.31;2.18;0.85;NA;NA;NA;
8;7;6.94;7.17;8.32;NA;11.14;28.57;24.63;5.58;4.7;NA;NA;NA;
8;8;22.29;21.84;17.6;NA;30.77;37.31;46.48;14.06;20.98;NA;NA;NA;
8;9;33.69;37.74;27.07;NA;40.11;45.75;55.19;29.55;36.19;NA;NA;NA;
8;10;58.78;53.94;42.65;NA;46.37;57.3;64.78;58.52;45.22;NA;NA;NA;
8;11;66.92;58.51;67.17;NA;62.76;74.65;59.02;77.19;26.24;NA;NA;NA;
8;12;63.12;ND;69.61;NA;63.92;80.47;69.9;81.12;31.67;NA;NA;NA;
8;13;48.2;ND;48.68;NA;43.07;66.8;48.66;72.37;60.36;NA;NA;NA;
8;14;53.57;54.21;ND;NA;50.55;53.03;54.14;52.12;59.12;NA;NA;NA;
8;15;ND;50.91;ND;NA;31.34;32.01;52.78;42.51;44.03;NA;NA;NA;
8;16;31.67;40.14;14.2;NA;41.85;27.98;33.32;31.69;33.25;NA;NA;NA;
8;17;29.69;35.3;9.56;NA;24.53;18.18;35.94;37.43;22.05;NA;NA;NA;
8;18;11.64;26.18;3.19;NA;3.59;11.45;20.02;19.84;21.3;NA;NA;NA;
8;19;4.93;23.29;2.92;NA;6.27;12.13;19.1;3.88;15.25;NA;NA;NA;
8;20;5.12;23.03;3.58;NA;5.1;8.54;23.04;1.82;5.93;NA;NA;NA;
8;21;7.03;22.86;1.58;NA;2.03;10.19;31.97;1.66;9.51;NA;NA;NA;
8;22;16.01;23.38;0.91;NA;3.62;12.84;10.38;1.54;0.07;NA;NA;NA;
8;23;12.41;28.33;4.84;NA;5.7;5.63;11.39;4.36;0.03;NA;NA;NA;
9;0;14.59;27.92;2.63;NA;2.84;6.99;5.78;3.53;0.3;NA;NA;NA;
9;1;13.52;25;2.96;NA;9.01;7.84;11.68;5.1;1.14;NA;NA;NA;
9;2;11.39;23.16;1.76;NA;12.84;8.32;17.48;1.3;4.86;NA;NA;NA;
9;3;14.78;21.08;2.71;NA;3.78;8.55;12.93;0.46;1.88;NA;NA;NA;
9;4;9.73;20.29;2.38;NA;3.35;7.68;3.07;1.62;1.39;NA;NA;NA;
9;5;3.48;13.68;0.91;NA;2.69;7.97;5.22;0.51;0.39;NA;NA;NA;
9;6;2.29;4.18;1.69;NA;3.48;11.68;3.73;1.13;1.24;NA;NA;NA;
9;7;9.38;10.79;5.37;NA;6.84;22.15;15.95;4.3;4.62;NA;NA;NA;
9;8;19;22.55;8.93;NA;19.12;23.04;28.11;13.06;11.92;NA;NA;NA;
9;9;33.62;40.5;19.87;NA;23.42;23.14;32.9;26.44;21.11;NA;NA;NA;
9;10;45.35;48.47;33.79;NA;45.88;45.27;45.72;52.33;22.88;NA;NA;NA;
9;11;45.58;ND;29.44;NA;52.48;55.78;55.23;57.45;47.48;NA;NA;NA;
9;12;45.88;ND;26.37;NA;37.99;46.98;62.81;52.83;55.58;NA;NA;NA;
9;13;44.63;47.93;39.59;NA;39.05;50.44;61.5;51.96;54.45;NA;NA;NA;
9;14;44.79;52.33;ND;NA;47.33;48.76;60.18;55.37;57.44;NA;NA;NA;
9;15;46.95;56.34;ND;NA;35.89;43.33;43.85;51.22;49.23;NA;NA;NA;
9;16;42.45;ND;22.77;NA;33.45;31.16;48.35;55.5;39.09;NA;NA;NA;
9;17;34.67;39.11;14.1;NA;21.11;29.79;40.7;43.57;29.71;NA;NA;NA;
9;18;24.04;32.17;8.02;NA;17.74;12.1;23.84;36.25;19.91;NA;NA;NA;
9;19;13.44;27.48;6.96;NA;9.51;12.3;28.76;36.54;33.53;NA;NA;NA;
9;20;14.37;28.28;1.71;NA;10.04;13.46;41.77;30.28;17.85;NA;NA;NA;
9;21;10.53;25.41;1.8;NA;7.36;7.88;30.51;22.78;18.69;NA;NA;NA;
9;22;21.1;27.49;17;NA;11.32;17.93;26.64;33.72;9.17;NA;NA;NA;
9;23;20.22;32.33;20.93;NA;27.78;26.23;25.93;34.71;30.09;NA;NA;NA;
10;0;24.73;32.76;19.27;NA;26.03;25.96;33.95;34.88;22.21;NA;NA;NA;
10;1;25.26;32.25;22.04;NA;30.06;30.41;40.42;32.68;23.33;NA;NA;NA;
10;2;27.86;30.77;23.29;NA;26.91;31.82;44.41;32.05;32.66;NA;NA;NA;
10;3;26.67;32.8;35.92;NA;32.11;38.87;45.3;33.21;36.52;NA;NA;NA;
10;4;27.23;33.7;40.33;NA;30.82;36.05;45.2;31.53;30.38;NA;NA;NA;
10;5;14.8;33.47;28.22;NA;10.72;20.71;32.85;21.15;22.92;NA;NA;NA;
10;6;8.58;15.53;11.27;NA;2.98;13.86;38.57;8.96;6.5;NA;NA;NA;
10;7;12.06;17.51;8.6;NA;9.14;19.85;39.79;9.48;8.87;NA;NA;NA;
10;8;14.47;30.58;15.94;NA;20.5;28.25;42.15;27.24;17.41;NA;NA;NA;
10;9;33.31;41.22;24.95;NA;34.49;38.45;50.4;39.91;28.48;NA;NA;NA;
10;10;50.18;48.35;28.26;NA;42.19;38.4;54.44;43.63;41.94;NA;NA;NA;
10;11;62.17;55.04;34.51;NA;47.34;54.55;ND;54.39;58.34;NA;NA;NA;
10;12;60.52;63.6;49.91;NA;58.85;64.83;40.52;66.53;84.78;NA;NA;NA;
10;13;45.94;51.37;ND;NA;63.01;65.28;52.47;88.05;97.37;NA;NA;NA;
10;14;39.06;44.69;ND;NA;39;65.88;46.88;67.52;75.4;NA;NA;NA;
10;15;38.38;44.56;ND;NA;28.55;40.3;ND;49.46;37.66;NA;NA;NA;
10;16;34.6;36.13;ND;NA;18.36;23.63;ND;41.35;33.68;NA;NA;NA;
10;17;26.99;32.64;6.86;NA;24.44;14.32;19.64;34.08;33.79;NA;NA;NA;
10;18;10.11;28.78;3.08;NA;17.55;11.2;14.53;32.21;27.68;NA;NA;NA;
10;19;21.25;19.95;1.91;NA;18.32;9.05;12.77;31.41;27.92;NA;NA;NA;
10;20;19.23;29;2.75;NA;3.16;6.94;9.37;35.35;27.63;NA;NA;NA;
10;21;21.6;35.75;8.52;NA;5.27;9.77;8.6;40.79;31.09;NA;NA;NA;
10;22;15.84;31.25;11.25;NA;9.09;12.62;17.96;40.76;34.74;NA;NA;NA;
10;23;18.98;35.34;19.47;NA;7.9;9.54;22.7;38.03;34.96;NA;NA;NA;
11;0;27.2;35.92;27.7;NA;16.23;21.88;22.81;40.45;28.98;NA;NA;NA;
11;1;27.48;35.19;30.07;NA;22.77;28.27;24.89;39.07;32.99;NA;NA;NA;
11;2;24.03;36.75;33.98;NA;21.79;26.84;19.42;39.12;35.36;NA;NA;NA;
11;3;24.34;34.75;32.14;NA;21.84;29.08;22.41;38.59;30.84;NA;NA;NA;
11;4;19.03;36.49;23.98;NA;17;23.15;20.58;32.15;25.74;NA;NA;NA;
11;5;5.3;16.76;21.61;NA;13.78;15.35;10.13;13.87;24.21;NA;NA;NA;
11;6;2.55;13.15;6.96;NA;8.02;12.1;3.62;4.05;5.57;NA;NA;NA;
11;7;3.36;23.53;7.18;NA;13.96;17.27;8.07;12.1;10.57;NA;NA;NA;
11;8;13.76;32.52;15.48;NA;25.32;25.27;25.4;25.99;25.67;NA;NA;NA;
11;9;36.73;44.43;28.39;NA;47.85;42.4;45.86;48.56;43.62;NA;NA;NA;
11;10;54.7;62.2;ND;NA;49;56.43;64.86;64.88;47.34;NA;NA;NA;
11;11;54.96;68.86;ND;NA;75.63;73.45;60.74;73.49;67.52;NA;NA;NA;
11;12;47.62;55.81;ND;NA;45.23;69.76;56.55;72.92;77.92;NA;NA;NA;
11;13;39.94;48.2;24;NA;31.5;40.12;47.81;61.02;56.2;NA;NA;NA;
11;14;35.79;45.45;13;NA;23.88;29.36;29.89;56.97;30.07;NA;NA;NA;
11;15;30.89;45.68;8.54;NA;20.1;21.01;27.63;35.93;23.43;NA;NA;NA;
11;16;27.95;39.41;12.64;NA;15.35;22.02;40.43;34.32;35.9;NA;NA;NA;
11;17;21.52;24.65;8.29;NA;16.21;18.13;39.1;26.79;33.06;NA;NA;NA;
11;18;11.92;27.48;2.7;NA;6.73;10.5;17.04;16.64;11.27;NA;NA;NA;
11;19;8.37;23.38;1.26;NA;9.9;10.45;14.29;19.58;15.04;NA;NA;NA;
11;20;9.12;25.37;4.27;NA;3.11;8.55;21.77;16.66;22.37;NA;NA;NA;
11;21;24.28;28.81;8.33;NA;5.31;10.61;23.05;29.05;27.99;NA;NA;NA;
11;22;28.23;32.6;8.86;NA;23.95;9.99;17.02;34.78;30.69;NA;NA;NA;
11;23;26.07;40.98;2.65;NA;37.86;16.33;15.5;39.73;13.47;NA;NA;NA;
12;0;30.9;41.54;16.44;NA;32.2;6.92;22.65;40.57;19.36;NA;NA;NA;
12;1;25.56;35.22;5.69;NA;24.91;9.13;26.2;35.5;17.45;NA;NA;NA;
12;2;24.8;31.74;22.69;NA;31.97;18.75;27.63;37.97;24.15;NA;NA;NA;
12;3;31.7;30.42;25.84;NA;30.26;21.89;34.96;37.28;37.89;NA;NA;NA;
12;4;22.04;36.58;30.45;NA;6.64;14.64;40.28;28.67;39.09;NA;NA;NA;
12;5;4.33;20;24.76;NA;10.33;23.36;26.27;21.98;32.17;NA;NA;NA;
12;6;8.8;17.64;17.55;NA;13.53;13.61;17.16;15.16;24.12;NA;NA;NA;
12;7;8.38;9.17;11.32;NA;13.53;21.15;16.55;14.78;27.48;NA;NA;NA;
12;8;8.6;14.5;19.69;NA;18.39;29.08;44.22;33.47;34.46;NA;NA;NA;
12;9;13.01;24.53;34.34;NA;34.47;42.1;45.98;46.76;48.13;NA;NA;NA;
12;10;21.48;46.34;36.42;NA;47.15;45.27;55.15;59.22;60.52;NA;NA;NA;
12;11;59.26;66.33;55.53;NA;67.44;60.53;66.81;68.19;68.07;NA;NA;NA;
12;12;87.86;99.73;82.74;NA;91.54;84.31;75.44;76.29;53.4;NA;NA;NA;
12;13;69.91;86.11;71.67;NA;64.94;63.97;64.31;68.46;76.91;NA;NA;NA;
12;14;32.62;60.07;31.71;NA;34.88;41.99;39.6;58.42;58.59;NA;NA;NA;
12;15;40.19;43.11;35.63;NA;23.99;22.83;41.91;40.72;45.07;NA;NA;NA;
12;16;29.31;36.52;17.66;NA;30.01;19.9;45.65;23.34;36.41;NA;NA;NA;
12;17;11.01;35.84;9.86;NA;20.74;24.6;35.54;29.43;32.03;NA;NA;NA;
12;18;3.08;23.63;4.3;NA;13.95;18.09;10.55;24.99;27.22;NA;NA;NA;
12;19;2.05;18.65;1.12;NA;4.98;15.85;26.11;14.5;6.9;NA;NA;NA;
12;20;1.54;19.25;0.63;NA;3.46;11.27;6.59;6.14;3.61;NA;NA;NA;
12;21;1.25;18.26;1.62;NA;3.61;7.9;16.78;3.3;11.19;NA;NA;NA;
12;22;0.72;21.42;5.24;NA;0.22;8.53;10.39;8.16;0.6;NA;NA;NA;
12;23;0.61;21.1;0.25;NA;2.05;8.2;11.37;10.55;0.21;NA;NA;NA;
13;0;0.63;23.86;3.4;NA;0.46;8.4;10.78;3.23;7.48;NA;NA;NA;
13;1;0.48;25.58;2.11;NA;0.6;10.47;0.56;1.3;0.44;NA;NA;NA;
13;2;1.13;24.91;0.55;NA;0.79;7.94;5.68;2.9;0.24;NA;NA;NA;
13;3;1.3;16.72;1.1;NA;2.13;10.34;4.83;2.64;0.45;NA;NA;NA;
13;4;2.94;18;5.93;NA;5.23;7.99;12.92;1.51;0.88;NA;NA;NA;
13;5;1.58;15.12;9.38;NA;8.47;7.99;1.23;0.43;2.12;NA;NA;NA;
13;6;3.63;7.33;5.65;NA;3.27;9.28;2.81;1.09;1.19;NA;NA;NA;
13;7;9.55;24.66;4.66;NA;6.76;15.93;3.84;3.79;3.8;NA;NA;NA;
13;8;17.16;19.07;5.03;NA;14.15;17.48;20.88;7.77;9.4;NA;NA;NA;
13;9;19.11;20.84;17.25;NA;23.77;29.16;33.9;14.02;21.26;NA;NA;NA;
13;10;31.67;40.77;33.59;NA;32.22;39.56;43.78;33.42;36.43;NA;NA;NA;
13;11;40.47;44.35;33.17;NA;40.3;45.74;54.68;47.06;49.44;NA;NA;NA;
13;12;42.91;41.94;33.27;NA;49.1;57.14;62.23;54.15;57.3;NA;NA;NA;
13;13;41.34;47.12;41.53;NA;56.75;57.27;67.64;52.54;63.99;NA;NA;NA;
13;14;46.23;50.53;40.77;NA;46.62;48.03;54.1;52.66;52.86;NA;NA;NA;
13;15;41.91;49.95;38.14;NA;36.91;45.38;46.83;56.38;53.93;NA;NA;NA;
13;16;46.03;45.71;35.47;NA;31.03;39.89;45.54;52.48;54.52;NA;NA;NA;
13;17;35.48;38.93;30.07;NA;30.38;26.42;38.25;40.42;48.29;NA;NA;NA;
13;18;19.5;29.07;17.45;NA;8.54;14.48;13.06;34;22.37;NA;NA;NA;
13;19;5.75;23.28;7.82;NA;5.1;10.3;2.61;30.9;15.64;NA;NA;NA;
13;20;13.47;20.75;1.49;NA;5.58;7.52;4.38;31.55;19.43;NA;NA;NA;
13;21;18.04;12.99;4.38;NA;11.1;7.16;8.82;30.27;18.52;NA;NA;NA;
13;22;20.34;22.72;12.18;NA;9.06;13.85;25.38;29.37;16.7;NA;NA;NA;
13;23;20.38;25.2;18.62;NA;3.66;15.59;27.1;29.49;26.22;NA;NA;NA;
14;0;22.05;28.33;21.92;NA;21.76;15.77;24.82;29.88;26.91;NA;NA;NA;
14;1;22.19;28.71;29.03;NA;22.08;27.61;26.58;31.1;27.19;NA;NA;NA;
14;2;28.2;30.6;30.69;NA;20.84;23.65;35.03;32.58;29.39;NA;NA;NA;
14;3;31.09;29.51;29.21;NA;22.97;27.12;30.36;31.77;29.67;NA;NA;NA;
14;4;26.92;31.69;27.12;NA;21.71;28.34;28.78;29.13;29.63;NA;NA;NA;
14;5;16.39;28.11;23.26;NA;18.48;11.17;18.8;26.38;28.58;NA;NA;NA;
14;6;1.88;15.46;12.21;NA;6.91;9.09;16.02;18.84;28.61;NA;NA;NA;
14;7;4.65;12.17;4.11;NA;6.5;11.38;18.53;24.35;25.67;NA;NA;NA;
14;8;10.89;20.52;7.4;NA;15.96;20.25;17.35;30.06;19.37;NA;NA;NA;
14;9;27.68;39.59;22.9;NA;29.64;31.95;39.59;39.18;30.81;NA;NA;NA;
14;10;49.33;50.55;35.17;NA;46.37;49.84;58.88;55.01;53.06;NA;NA;NA;
14;11;53.84;49.58;47;NA;ND;48.41;58.95;64.58;59.56;NA;NA;NA;
14;12;60.23;52.02;56.17;NA;ND;61.6;76.86;67.89;58.23;NA;NA;NA;
14;13;47.03;53.8;55.09;NA;ND;70.82;71.48;66.35;61.08;NA;NA;NA;
14;14;31.13;45.74;43.22;NA;ND;49.76;62.2;59.22;64.78;NA;NA;NA;
14;15;32.3;44.15;37.6;NA;ND;39.98;42.97;55.24;51.51;NA;NA;NA;
14;16;28.84;40.73;14.83;NA;ND;23.18;47.26;48.23;36.25;NA;NA;NA;
14;17;20.59;34.47;4.97;NA;20.24;17.14;16.1;30.54;25.01;NA;NA;NA;
14;18;10.66;21.49;1.69;NA;14.06;12.49;8.42;27.7;19.1;NA;NA;NA;
14;19;6.16;18.82;1.62;NA;16.58;12.33;8.32;19.53;10.25;NA;NA;NA;
14;20;6.21;17.44;4.3;NA;10.89;8.66;11.8;24.51;1.8;NA;NA;NA;
14;21;10.11;21.02;13.66;NA;9.88;6.96;4.67;21.67;0.06;NA;NA;NA;
14;22;15.03;22.12;5.37;NA;6.95;9.79;18.08;26.06;0;NA;NA;NA;
14;23;15.53;22.77;12.04;NA;7.82;15.25;8.26;29.1;0;NA;NA;NA;
15;0;14.23;23.14;13.04;NA;14.94;8.36;19.2;29.19;13.1;NA;NA;NA;
15;1;17.26;25.56;12.37;NA;22.06;22.88;14.34;30.16;25.73;NA;NA;NA;
15;2;15.65;24.37;17.5;NA;20.86;19.42;14.37;30.66;28.47;NA;NA;NA;
15;3;16.58;24.95;14.22;NA;23.35;18.54;30.5;32.78;30.39;NA;NA;NA;
15;4;14.67;21.37;31.74;NA;19.69;12.29;26.53;28.83;31.06;NA;NA;NA;
15;5;1.63;13.26;18.11;NA;8.09;13.2;14.18;23.59;27.99;NA;NA;NA;
15;6;2.14;10.33;2.93;NA;13.99;10.42;4.82;22.41;21.77;NA;NA;NA;
15;7;4.77;11.69;3.97;NA;16.53;16.57;23.64;13.85;19.39;NA;NA;NA;
15;8;18.33;27.17;7.99;NA;25.94;20.63;37.67;21.39;22.35;NA;NA;NA;
15;9;28.75;25.36;17.04;NA;34.32;29.91;38.09;32.38;31.85;NA;NA;NA;
15;10;41.96;43.14;33.15;NA;46.09;ND;57.07;42.8;17.22;NA;NA;NA;
15;11;51.85;55.53;46.11;NA;58.33;58.21;70.69;55.61;36.75;NA;NA;NA;
15;12;55.92;55.64;58.67;NA;70.78;ND;70.14;61.36;55.4;NA;NA;NA;
15;13;46.46;54;57.63;NA;72.22;ND;77.01;64.25;60.36;NA;NA;NA;
15;14;40.57;52.67;46.37;NA;48.17;ND;60.47;58.67;59.95;NA;NA;NA;
15;15;36.95;48.1;31.45;NA;37.3;25.29;50.41;53.33;57.58;NA;NA;NA;
15;16;31.48;38.67;22.96;NA;32.02;22.6;37.3;47.8;42.65;NA;NA;NA;
15;17;23.04;32.69;7.47;NA;41.3;ND;24.8;39.18;28.71;NA;NA;NA;
15;18;10.77;23.03;3.85;NA;18.62;8.31;19.85;28.87;22.67;NA;NA;NA;
15;19;3.81;17.73;2.96;NA;10.43;6.83;19.79;25.38;4.96;NA;NA;NA;
15;20;1.19;14.6;5.86;NA;13.58;4.99;6.06;11.44;2.65;NA;NA;NA;
15;21;1.48;12.99;1.22;NA;10.52;6.38;6.5;5.09;6.11;NA;NA;NA;
15;22;2.55;6.98;0.99;NA;10.2;10.99;9.55;3.32;0.64;NA;NA;NA;
15;23;5.84;9.62;0.63;NA;12.93;7.54;4.18;0.81;0.7;NA;NA;NA;
16;0;9.67;6.12;0.99;NA;15.59;7.97;34.44;0.46;0.48;NA;NA;NA;
16;1;4.3;0.55;1.3;NA;9.39;7.43;32.06;3.89;1.48;NA;NA;NA;
16;2;4.67;0.39;0.49;NA;8.44;6.95;31.91;1.56;2.02;NA;NA;NA;
16;3;6.28;0.43;3.34;NA;7.84;6.58;32.02;2.02;2.01;NA;NA;NA;
16;4;2.84;0.52;0.74;NA;8.6;8.27;28.39;4.93;3.36;NA;NA;NA;
16;5;0.81;0.77;1.18;NA;10.11;10.48;24.82;6.83;4.16;NA;NA;NA;
16;6;1.75;2.8;0.99;NA;46.23;12.88;22.26;5.49;6.56;NA;NA;NA;
16;7;3.82;4.93;4.13;NA;34.75;24.72;23.59;7.81;4.88;NA;NA;NA;
16;8;19.15;20.74;11.95;NA;24.44;21.53;27.6;14.68;10.13;NA;NA;NA;
16;9;34.42;35.62;27.84;NA;35.42;30.3;33.51;28.08;21.58;NA;NA;NA;
16;10;46.91;46.11;35.96;NA;40.7;42.93;37.38;ND;40.76;NA;NA;NA;
16;11;52.63;52.23;39.05;NA;42.92;37.49;44.21;ND;52.02;NA;NA;NA;
16;12;45.89;44.44;44.05;NA;46.86;44.93;45.99;ND;45.16;NA;NA;NA;
16;13;45.02;47;46.37;NA;45.87;44.57;37.74;53.97;36.35;NA;NA;NA;
16;14;42.34;40.24;33.12;NA;36.57;34.46;37.77;28.37;ND;NA;NA;NA;
16;15;34.07;41.84;22.52;NA;31.05;29.37;35.59;30.67;ND;NA;NA;NA;
16;16;35.28;44.15;26.13;NA;32.21;32.13;34.76;40.62;ND;NA;NA;NA;
16;17;29.63;38.55;25.92;NA;32.71;23.17;33.28;32.27;ND;NA;NA;NA;
16;18;12.96;27.71;8.53;NA;16.74;9.52;19.98;24.46;27.12;NA;NA;NA;
16;19;11.36;25.82;6.34;NA;8.93;6.68;10.28;6.43;18.08;NA;NA;NA;
16;20;15.95;20.61;7.9;NA;9.67;9.24;11.82;4;1.45;NA;NA;NA;
16;21;7.57;15.48;5.63;NA;7.92;15.92;18.28;3.18;1.07;NA;NA;NA;
16;22;7.93;20.39;21.16;NA;9.91;19.08;19.73;1.78;1.12;NA;NA;NA;
16;23;15.79;22.83;22.32;NA;10.43;8.23;30.63;3.04;0.14;NA;NA;NA;
17;0;20.56;26.29;26.27;NA;7.71;7.35;38.07;1.33;0.26;NA;NA;NA;
17;1;24.03;33.73;33.19;NA;6.62;5.46;42.96;0.95;0.02;NA;NA;NA;
17;2;30.7;34.65;38.24;NA;7.85;10.2;41.88;0.39;0.27;NA;NA;NA;
17;3;19.74;30.5;36.06;NA;11.4;14.27;44.29;0.47;0.92;NA;NA;NA;
17;4;29.82;31.18;42.59;NA;14.14;25.21;45.34;1.38;0.77;NA;NA;NA;
17;5;8.01;10.42;41.41;NA;13.72;24.23;46.3;1.04;0.57;NA;NA;NA;
17;6;2.55;4.86;17.31;NA;18.8;14.38;45.17;2.63;1.67;NA;NA;NA;
17;7;13.16;19.83;24.74;NA;21.94;26.17;44.35;7.89;4.85;NA;NA;NA;
17;8;35.18;39.27;30.56;NA;32.8;38.77;45.69;25.89;24.9;NA;NA;NA;
17;9;43.43;43.16;40.18;NA;41.53;43.34;48.18;48.28;46.54;NA;NA;NA;
17;10;47.8;55.44;ND;NA;57.62;53.59;50.57;42.76;56.83;NA;NA;NA;
17;11;46.96;55.72;ND;NA;55.36;48.33;52.18;42.2;56.24;NA;NA;NA;
17;12;46.74;53.25;ND;NA;49.62;44.3;43.81;43.75;47.17;NA;NA;NA;
17;13;48.84;54.5;ND;NA;47.27;42.74;45.76;43.06;43.2;NA;NA;NA;
17;14;47.07;49.75;ND;NA;45.68;40.26;42.54;41.45;42.26;NA;NA;NA;
17;15;38.91;43.21;ND;NA;41.05;ND;42.92;41.67;41.23;NA;NA;NA;
17;16;31.24;39.14;25.96;NA;34.11;ND;36.15;39.25;37.27;NA;NA;NA;
17;17;24.22;32.68;20.02;NA;25.42;21.32;30.66;35.93;30.26;NA;NA;NA;
17;18;11.34;25.08;16.45;NA;15.76;19.23;26.08;32.36;24.45;NA;NA;NA;
17;19;20.11;19.6;10.33;NA;14;11.96;26.3;32.19;11.82;NA;NA;NA;
17;20;7.69;22.35;7.61;NA;18.35;10.21;31.64;11.34;5.3;NA;NA;NA;
17;21;2.24;20.8;12.71;NA;7.33;7.86;31.97;4.11;1.81;NA;NA;NA;
17;22;14.92;19.11;10.55;NA;4.79;10.66;30.97;2.62;0.11;NA;NA;NA;
17;23;17.03;17.83;7.81;NA;9.87;16.11;30.88;2;0.31;NA;NA;NA;
18;0;10.55;12.84;15.33;NA;14.93;20.36;30.14;0.3;1.01;NA;NA;NA;
18;1;0.98;3.31;16.75;NA;14.9;14.39;31.45;0.34;1.16;NA;NA;NA;
18;2;6.62;8.72;23.08;NA;9.73;12.09;34.08;0.45;0.78;NA;NA;NA;
18;3;17.71;10.17;23.02;NA;13.4;12.97;33.66;0.49;0.45;NA;NA;NA;
18;4;11.81;20.59;26.37;NA;8.79;19.84;34.04;0.35;0.05;NA;NA;NA;
18;5;1.36;10.17;17.17;NA;9.95;7.54;33.69;0.64;0.12;NA;NA;NA;
18;6;2;3.73;4.36;NA;19.81;11.77;31.23;1.66;0.65;NA;NA;NA;
18;7;15.07;14.96;16.44;NA;24.43;16.52;31.91;5.89;4.71;NA;NA;NA;
18;8;28.91;30.6;26.69;NA;32.11;29.26;35.22;19.15;21.01;NA;NA;NA;
18;9;34.28;43.27;31.43;NA;42.27;35.12;37.71;41.31;39.27;NA;NA;NA;
18;10;38.71;49.1;31.57;NA;41.92;37.41;39.35;35.96;37.13;NA;NA;NA;
18;11;38.61;49.81;30.72;NA;39.29;35.19;34.15;34.71;36.9;NA;NA;NA;
18;12;38.59;42.79;29.29;NA;39.23;37.38;35.11;34.54;35.23;NA;NA;NA;
18;13;35.61;38.21;28.31;NA;40.57;33.99;34.12;32.93;31.37;NA;NA;NA;
18;14;30.51;35.11;26.9;NA;36.65;32.22;32.42;30.49;30.56;NA;NA;NA;
18;15;29.83;38.41;21.87;NA;31.57;28.09;30.97;28.11;27.23;NA;NA;NA;
18;16;30.61;37.65;18.04;NA;26.51;23.04;25.04;26.77;22.48;NA;NA;NA;
18;17;23.02;28.49;12.6;NA;19.31;15.23;21.76;26.01;19.63;NA;NA;NA;
18;18;10.09;22.49;11.25;NA;13.96;11.95;13.87;16.83;15.4;NA;NA;NA;
18;19;3.42;16.19;6.41;NA;11.11;12.16;10.52;11.2;10.32;NA;NA;NA;
18;20;2.18;13.89;5.59;NA;10.49;10.04;12.4;10.38;11.39;NA;NA;NA;
18;21;2.47;13.78;4.17;NA;10.58;9.72;18.88;4.21;5.72;NA;NA;NA;
18;22;1.63;10.04;3.65;NA;9.05;7.43;20.81;14.99;0.52;NA;NA;NA;
18;23;0.75;4.37;1.35;NA;5.67;6.92;22.64;16.14;1.81;NA;NA;NA;
19;0;3.33;11.72;2.51;NA;5.02;7.89;23.06;16.21;3.59;NA;NA;NA;
19;1;5.3;9.06;1.28;NA;5.25;6.75;23.58;15.88;4.34;NA;NA;NA;
19;2;6.95;15.53;0.14;NA;10.5;ND;21.93;19.55;0.85;NA;NA;NA;
19;3;2.2;5.17;0.51;NA;7.47;2.83;14.92;16.39;0.31;NA;NA;NA;
19;4;3.22;10.84;1.22;NA;7.75;2.8;4.06;14.84;0.23;NA;NA;NA;
19;5;1.07;4.13;0.87;NA;7.77;3.06;0.34;13.72;0.03;NA;NA;NA;
19;6;1.14;4.01;1.62;NA;6.12;4.05;1.43;5.77;0;NA;NA;NA;
19;7;4.08;6.85;5.97;NA;10.17;8.24;3.25;8.84;4.22;NA;NA;NA;
19;8;10.47;15.56;5.86;NA;18.93;14.72;15.59;14.19;9.44;NA;NA;NA;
19;9;22.07;21.47;13.84;NA;32.62;23.12;42.27;19.94;20.64;NA;NA;NA;
19;10;26.45;26.73;26.18;NA;27.2;25.15;39.18;30.12;26.98;NA;NA;NA;
19;11;30.81;31.46;33.62;NA;45.04;37.84;43.95;37.48;43.58;NA;NA;NA;
19;12;35.73;33.02;36.41;NA;50.21;45.12;48.72;46.03;41.09;NA;NA;NA;
19;13;34.54;35.98;37.52;NA;38.05;42.39;45.63;32.97;36.89;NA;NA;NA;
19;14;35.52;37.17;36.24;NA;40.25;40.02;46.77;38.79;44.75;NA;NA;NA;
19;15;31.36;33.7;32.57;NA;35.72;39.7;49.35;40.12;43.04;NA;NA;NA;
19;16;24.89;27.28;18.98;NA;28.45;25.51;33.62;32.52;28.16;NA;NA;NA;
19;17;18.27;24.31;14.46;NA;10.87;9.01;22.15;26.34;9.67;NA;NA;NA;
19;18;8.57;17.13;3.55;NA;7.28;7.36;11.18;20.07;2.49;NA;NA;NA;
19;19;5.89;17.64;1.72;NA;7.44;5.12;9.45;20.46;8.51;NA;NA;NA;
19;20;1.94;15.95;1.1;NA;5.8;4.22;4.01;20.75;7.88;NA;NA;NA;
19;21;4.44;19.19;5.33;NA;6.31;4.73;7.38;18.58;8.25;NA;NA;NA;
19;22;7.59;16.77;1.43;NA;7.92;5.81;8.31;20.7;14.65;NA;NA;NA;
19;23;1.7;17.8;0.5;NA;6.12;3.82;11.68;21.81;17.63;NA;NA;NA;
20;0;6.59;23.22;1.17;NA;8.18;4.48;11.32;24.38;13.73;NA;NA;NA;
20;1;11.15;22.01;5.63;NA;4.92;4.98;11.05;23.14;16.52;NA;NA;NA;
20;2;10.66;19.75;1.45;NA;7.43;3.27;5.79;20.18;16.05;NA;NA;NA;
20;3;14.87;19.35;6.55;NA;8.36;4.46;5.47;16.09;7.54;NA;NA;NA;
20;4;20.02;26.24;8.22;NA;4.43;4.3;5;22.03;7.44;NA;NA;NA;
20;5;12.15;14.88;2.79;NA;4;4.42;5.53;19.92;0;NA;NA;NA;
20;6;3.99;6.47;2.3;NA;7;6.4;3.86;8.53;0.19;NA;NA;NA;
20;7;9.58;10.61;5.5;NA;15.47;8.8;11.72;8.9;5.3;NA;NA;NA;
20;8;18.46;18.43;14.66;NA;27.07;20.97;20.94;20.72;14.78;NA;NA;NA;
20;9;30.58;32.91;29.77;NA;40.67;34.28;27.09;33.51;29.15;NA;NA;NA;
20;10;46.02;47.19;38.15;NA;52.38;43.81;35.52;48.92;44.9;NA;NA;NA;
20;11;44.95;37.25;48;NA;47.23;43.22;45.87;49.4;60.71;NA;NA;NA;
20;12;41.02;44.01;34.78;NA;36.03;36.22;47.13;39.84;51.86;NA;NA;NA;
20;13;34.1;43.29;31.98;NA;36.4;32.76;43.61;41.66;41.55;NA;NA;NA;
20;14;31.14;42.14;34.32;NA;34.83;35.85;34.96;44.47;33.97;NA;NA;NA;
20;15;30.48;35.07;21.25;NA;30.38;28.27;30.6;35.87;39.63;NA;NA;NA;
20;16;26.48;28.99;6.71;NA;22.97;16.3;24.18;23.79;26.86;NA;NA;NA;
20;17;21.44;29.55;4.07;NA;23.32;9.31;19.82;15.59;10.44;NA;NA;NA;
20;18;16.71;23.17;3.72;NA;16.96;9.75;14.4;23.74;0.56;NA;NA;NA;
20;19;7.88;24.83;2.47;NA;8.23;6.15;8.64;24.1;4.29;NA;NA;NA;
20;20;6.09;21.45;1.84;NA;7.99;5.88;10.39;25.84;10.77;NA;NA;NA;
20;21;10.95;22.19;9.31;NA;16.15;12.17;3.73;29.7;1.5;NA;NA;NA;
20;22;14.98;24.29;14.04;NA;13.71;18.64;11.32;28.8;22.45;NA;NA;NA;
20;23;13.87;25.01;14.27;NA;23.45;18.22;14.61;31.48;23.7;NA;NA;NA;
21;0;11.84;21.17;14.64;NA;20.99;16.02;12.64;26.89;15.67;NA;NA;NA;
21;1;18.05;23.93;21.98;NA;24.2;17.98;16.73;28.09;24.68;NA;NA;NA;
21;2;21.51;26.92;21.3;NA;19.48;ND;15.66;25.58;18.18;NA;NA;NA;
21;3;20.2;27.06;14.9;NA;10.73;8.26;11.19;16.53;10.43;NA;NA;NA;
21;4;17.17;23.8;14.04;NA;18.15;13.75;6.17;8.88;5.19;NA;NA;NA;
21;5;3.39;12.24;12.76;NA;9.27;11.63;2.08;6.54;0.38;NA;NA;NA;
21;6;1.53;2.15;4.06;NA;11.8;8.11;5.52;1.3;0.3;NA;NA;NA;
21;7;6.96;9.23;6.01;NA;17.44;14.41;23.64;7.26;1.68;NA;NA;NA;
21;8;14.57;ND;10.54;NA;30.84;26.29;33.62;21.65;11.17;NA;NA;NA;
21;9;26.86;ND;16.89;NA;39.57;29.98;31.02;30.87;18.33;NA;NA;NA;
21;10;35.12;ND;20.9;NA;ND;24.03;37.05;44.56;17.74;NA;NA;NA;
21;11;52.07;ND;46.31;NA;43.61;39.98;43.42;51.44;33.04;NA;NA;NA;
21;12;47.14;ND;46.87;NA;ND;46.32;53.48;50.42;40.86;NA;NA;NA;
21;13;40.51;41.63;46.81;NA;ND;52.51;65.16;50.7;54.76;NA;NA;NA;
21;14;34.46;38.93;ND;NA;51.31;47.89;51.51;44.74;53.1;NA;NA;NA;
21;15;32.41;37.32;ND;NA;42.15;37.51;44.15;43.14;46.35;NA;NA;NA;
21;16;30.86;33.49;ND;NA;27.05;29.56;29.96;36.68;24.26;NA;NA;NA;
21;17;24.02;27.22;7.84;NA;26.29;13.05;20.08;32.83;28.52;NA;NA;NA;
21;18;19.66;24.12;7.64;NA;16.76;7.33;11.05;23;5.42;NA;NA;NA;
21;19;11.39;18.12;1.08;NA;9.1;6.91;13.07;24.36;8.52;NA;NA;NA;
21;20;6.63;16.37;0.66;NA;7.89;7.49;5.35;18.65;2.59;NA;NA;NA;
21;21;8.29;14.63;1.81;NA;5.02;3.35;2.42;21.57;5.91;NA;NA;NA;
21;22;16.17;17.49;10.78;NA;8.41;9.75;0.85;25.55;13.81;NA;NA;NA;
21;23;16.59;21.58;17.97;NA;20.08;20.55;10.67;26.36;17.42;NA;NA;NA;
22;0;11.19;21.36;13.26;NA;25.99;20.28;14.08;25.19;14.42;NA;NA;NA;
22;1;16.56;21.84;14.66;NA;19.3;19.29;13.63;23.04;21.27;NA;NA;NA;
22;2;17.08;21.68;16.76;NA;18.24;16.57;10.05;22.59;20.59;NA;NA;NA;
22;3;12.62;21.01;15.59;NA;13.4;12.29;12.87;17.83;19.18;NA;NA;NA;
22;4;6.49;17.63;13.35;NA;8.37;8.3;5.37;15.14;18.01;NA;NA;NA;
22;5;0.89;13.98;11.76;NA;10.39;5.43;8.31;10.6;15.18;NA;NA;NA;
22;6;0.85;6.32;4.8;NA;15.4;7.82;11.95;4.54;10.13;NA;NA;NA;
22;7;2.81;7.43;4.4;NA;17.69;13.18;23.36;7.21;2.91;NA;NA;NA;
22;8;4.89;10.02;4.84;NA;22.01;16.2;25.75;15.1;8.08;NA;NA;NA;
22;9;17.67;26.05;14.76;NA;32.13;23.95;30.3;25.87;21.81;NA;NA;NA;
22;10;38.36;39.57;35.55;NA;53.26;47.78;40.51;48.43;41.35;NA;NA;NA;
22;11;58.43;57.92;49.6;NA;56.56;57.59;55.35;ND;68.11;NA;NA;NA;
22;12;59.8;56.87;47.25;NA;53.9;48.66;63.22;58.2;69.4;NA;NA;NA;
22;13;ND;51.85;37.82;NA;59.13;48.04;66.87;55.69;ND;NA;NA;NA;
22;14;ND;50.11;39.05;NA;48.86;40.01;64.05;54.5;ND;NA;NA;NA;
22;15;ND;46.25;38.37;NA;39.29;40.96;52.8;50.44;63.48;NA;NA;NA;
22;16;33.09;43.56;36.55;NA;21.94;ND;37.94;40.76;29.74;NA;NA;NA;
22;17;27.56;33.84;13.57;NA;14.83;11.9;28.13;31.09;15.29;NA;NA;NA;
22;18;17.49;22.89;3.52;NA;12.13;7.56;4.82;25.41;2.19;NA;NA;NA;
22;19;9.24;19.65;0.97;NA;12.35;5.88;2.1;23.29;4.88;NA;NA;NA;
22;20;1.62;17.76;0.93;NA;11.33;8.12;8.12;24.87;12.31;NA;NA;NA;
22;21;7.56;18.17;1.42;NA;10.79;6.34;21.19;19.71;11.16;NA;NA;NA;
22;22;10.85;20.56;1.81;NA;10.44;7.42;21.07;19.36;6.83;NA;NA;NA;
22;23;11.82;21.51;7.59;NA;12.15;5.43;14.24;23.96;13.45;NA;NA;NA;
23;0;6.34;21.41;5.63;NA;15.73;7.86;12.54;17.76;14.47;NA;NA;NA;
23;1;11.47;21.74;11.72;NA;11.12;4.8;19.24;11.72;12.89;NA;NA;NA;
23;2;13.13;20.5;5.7;NA;10.45;ND;17.67;5.91;2.65;NA;NA;NA;
23;3;11.02;16.85;5.47;NA;5.7;4.4;15.55;4.82;1.25;NA;NA;NA;
23;4;7.4;18.43;7.14;NA;8.98;6.39;14.12;14.63;0.79;NA;NA;NA;
23;5;2.92;14.61;9.45;NA;15.34;8.58;4.36;13.44;0.61;NA;NA;NA;
23;6;2.93;3.73;2.34;NA;12.27;7.43;2.12;12.79;3.12;NA;NA;NA;
23;7;5.61;7.3;3.68;NA;19.04;14.03;14.89;12.24;5.13;NA;NA;NA;
23;8;10.3;21.22;7.66;NA;23.15;16.09;21.32;17.77;15.87;NA;NA;NA;
23;9;31.62;34.09;11.83;NA;32.41;24.41;26.13;28.12;19.73;NA;NA;NA;
23;10;46.25;41.27;26.52;NA;37.3;46.92;54.71;42.62;35.85;NA;NA;NA;
23;11;47.04;44.59;43.79;NA;27.94;44.1;ND;60.19;42.98;NA;NA;NA;
23;12;41.52;47.19;39.99;NA;43.32;47.74;ND;61.18;43.23;NA;NA;NA;
23;13;32.26;46.38;43.25;NA;52.49;55.11;52.8;49.06;61.6;NA;NA;NA;
23;14;35.11;38.9;24.43;NA;48.32;48.75;48.52;55.13;56.47;NA;NA;NA;
23;15;37.17;ND;25.49;NA;35.08;32.69;42.81;43.32;34.16;NA;NA;NA;
23;16;33.54;ND;8.65;NA;29.31;16.43;30.75;23.54;22.91;NA;NA;NA;
23;17;24.3;32.39;3.04;NA;21.96;12.79;18.8;32.89;21.28;NA;NA;NA;
23;18;19.87;10.1;1.82;NA;12.56;8.96;4.65;25.59;17.74;NA;NA;NA;
23;19;6.26;5.06;2.83;NA;12;5.33;10.33;15.31;5.56;NA;NA;NA;
23;20;1.77;16.32;3.86;NA;10.56;10.95;24.18;12.21;3.61;NA;NA;NA;
23;21;7.1;20.83;5.55;NA;10.79;7.19;14.36;10.65;4.14;NA;NA;NA;
23;22;12.76;21.25;7.29;NA;4.78;5.9;12.49;11.24;0;NA;NA;NA;
23;23;19.51;28.04;10.18;NA;13.18;8.96;6.79;5.71;0.13;NA;NA;NA;
24;0;25.87;28.12;18.27;NA;26.66;19.21;13.58;2.28;1.39;NA;NA;NA;
24;1;18.63;25.14;16.3;NA;19.94;18.37;17.33;3.96;1.24;NA;NA;NA;
24;2;16.93;23.8;8.08;NA;22.35;12.14;9.96;13.11;3.56;NA;NA;NA;
24;3;7.89;24.43;10.83;NA;21.63;10.67;11.56;10.87;1.96;NA;NA;NA;
24;4;1.98;24.31;5;NA;10.02;6.85;6.78;1.76;0.84;NA;NA;NA;
24;5;0.39;13.01;1.24;NA;11.05;5;3.07;1.21;0.06;NA;NA;NA;
24;6;0.99;14.04;1.27;NA;14.81;13.58;4.9;0.88;0.61;NA;NA;NA;
24;7;5.52;13.67;2.8;NA;20.91;13.77;6.5;3;2.13;NA;NA;NA;
24;8;12.46;17.63;6.22;NA;23.77;19.19;23.27;8.55;6.35;NA;NA;NA;
24;9;21.13;32.1;12.05;NA;27.37;23.3;26.31;20.46;17.3;NA;NA;NA;
24;10;35.66;42.09;25.02;NA;39.8;33.55;34.41;33.29;38.75;NA;NA;NA;
24;11;67.6;55.46;38.3;NA;60.78;38.71;49.34;53.53;54.25;NA;NA;NA;
24;12;60.1;56.5;43.09;NA;78.54;46.49;35.74;62.68;56.03;NA;NA;NA;
24;13;40.24;38.44;47.24;NA;46.18;50.12;38.97;68.41;39.47;NA;NA;NA;
24;14;32.31;33.75;25.31;NA;55.71;48.86;47.58;66.63;ND;NA;NA;NA;
24;15;26.12;30.53;14.56;NA;32.36;26.35;37.33;27.94;53.33;NA;NA;NA;
24;16;21.58;30.59;7.24;NA;13.52;9.18;26.33;ND;17.18;NA;NA;NA;
24;17;12.95;26.03;4.69;NA;14.19;9.16;14.3;15.16;5.95;NA;NA;NA;
24;18;0.8;12.35;2.15;NA;13.91;10.25;8.3;21.53;0.65;NA;NA;NA;
24;19;1.21;18.22;0.79;NA;8.67;7.06;4.88;18.51;0;NA;NA;NA;
24;20;0.6;18.25;0.97;NA;10.59;5.35;17.03;20.13;1.26;NA;NA;NA;
24;21;0.67;18.75;0.36;NA;13.46;6.03;4.22;16.76;12.7;NA;NA;NA;
24;22;1.77;19.09;0.59;NA;11.01;5.51;6.23;21.64;2.68;NA;NA;NA;
24;23;23.71;24.6;0.98;NA;16.39;4.59;22.32;22.49;7.4;NA;NA;NA;
25;0;19.07;29.63;1.5;NA;31.92;5.02;19.07;23.14;0;NA;NA;NA;
25;1;13.6;24.31;13.13;NA;29.69;14.69;15.89;23.06;9.5;NA;NA;NA;
25;2;12.35;21.82;13.48;NA;16.54;ND;17.93;19.69;22.34;NA;NA;NA;
25;3;8.87;18.75;13.94;NA;14.58;9.6;17.23;15.11;22.24;NA;NA;NA;
25;4;3.47;20.04;5.82;NA;8.37;6.03;9.06;12.04;18.18;NA;NA;NA;
25;5;1.2;12.95;0.82;NA;6.04;4.61;4.18;5.39;10.6;NA;NA;NA;
25;6;1.15;3.44;1.64;NA;12.3;10.02;2.95;1.78;2.12;NA;NA;NA;
25;7;3.89;8.41;3.74;NA;20.14;15.86;23.46;5.44;3.84;NA;NA;NA;
25;8;11.89;19.45;9.14;NA;27.98;23.92;32.53;17.41;15.25;NA;NA;NA;
25;9;29.52;34.9;18.55;NA;37.76;31.11;31.53;30.89;31.8;NA;NA;NA;
25;10;55.92;47.15;26.23;NA;43.62;37.59;38.3;50.11;44.62;NA;NA;NA;
25;11;45.34;53.05;52.89;NA;70.19;62.37;51.3;56.94;61.92;NA;NA;NA;
25;12;38.56;42.16;40.65;NA;67.92;57.87;42.64;57.61;80.95;NA;NA;NA;
25;13;29.54;34.63;22.18;NA;45.6;35.35;30.24;40.98;54.4;NA;NA;NA;
25;14;21.41;38.04;29.61;NA;38.52;38.48;34.34;47.12;47.01;NA;NA;NA;
25;15;28.96;35.49;25.17;NA;34.14;26.15;31.63;47.77;37.18;NA;NA;NA;
25;16;29.15;35.83;21.78;NA;27.46;24.28;29.03;38.16;33.97;NA;NA;NA;
25;17;18.03;28.18;10.62;NA;24.14;24.7;25.73;35.67;30.99;NA;NA;NA;
25;18;9.34;24.04;1.97;NA;8.48;8.4;8.55;23.81;8.47;NA;NA;NA;
25;19;11.99;25.27;1.19;NA;10.68;7.17;8.26;26.02;15.29;NA;NA;NA;
25;20;15.85;20.93;0.47;NA;9.89;5.12;9.23;24.22;7.39;NA;NA;NA;
25;21;6.68;22.52;0.61;NA;7.41;4.48;9.24;24.18;13.35;NA;NA;NA;
25;22;1.44;11.24;2.52;NA;11.6;7.96;11.35;24.16;18.45;NA;NA;NA;
25;23;4.68;15.31;5.22;NA;10.68;5.13;15.49;18.43;10.47;NA;NA;NA;
26;0;1.99;16.17;2.4;NA;7.45;5.62;17.52;ND;ND;NA;NA;NA;
26;1;0.44;19.03;0.7;NA;5.18;8.09;12.93;4.12;5.53;NA;NA;NA;
26;2;0.65;9.55;2.59;NA;ND;8.17;5.46;2.15;1.06;NA;NA;NA;
26;3;0.98;5.98;4.68;NA;3.43;6.85;20.4;0;0.64;NA;NA;NA;
26;4;0.8;0.51;5.24;NA;4.85;5.21;11.65;0.47;0;NA;NA;NA;
26;5;0.15;0.28;1.1;NA;7.42;10.2;8.58;0.07;0;NA;NA;NA;
26;6;0.54;1.39;2.16;NA;8.37;6.24;3.37;1.1;0.2;NA;NA;NA;
26;7;1.82;2.95;2.42;NA;14.46;9.3;5.82;4.04;1.21;NA;NA;NA;
26;8;6.77;15.65;5.33;NA;16.03;12.86;20.09;8.45;8.05;NA;NA;NA;
26;9;16.92;19.87;14.46;NA;29.92;24.89;28.66;15.18;18.8;NA;NA;NA;
26;10;33.04;30.55;16.49;NA;29.75;21.7;31.43;24.3;13.86;NA;NA;NA;
26;11;42.04;42.05;32.61;NA;37.75;33.52;27;40.4;26.43;NA;NA;NA;
26;12;49.1;47.49;31.45;NA;51.16;39.72;58.53;44.36;37.07;NA;NA;NA;
26;13;38.66;40.96;36.61;NA;48.17;42.17;58.13;46.94;33.73;NA;NA;NA;
26;14;33.44;39.37;27.88;NA;40.01;34.89;43.67;45.54;31.15;NA;NA;NA;
26;15;34.91;39.85;30.04;NA;28.95;35.87;45.47;48.35;40.72;NA;NA;NA;
26;16;31.44;37.97;18.88;NA;21.42;28;38.86;45.31;44.87;NA;NA;NA;
26;17;22.04;31.29;18.35;NA;24.65;23.4;22.47;37.69;28.38;NA;NA;NA;
26;18;14.01;27.67;6.65;NA;12;17.49;31.8;28.42;15.97;NA;NA;NA;
26;19;7.53;20.9;2.39;NA;15.17;13.09;17.34;25.9;7.21;NA;NA;NA;
26;20;11.54;22.62;2.4;NA;12.13;6.85;19.49;21.02;11.19;NA;NA;NA;
26;21;18.19;19.11;2.3;NA;7.1;9.35;23.83;23.52;24.92;NA;NA;NA;
26;22;15.43;27.22;4.67;NA;15.86;14.37;18.48;19.25;28;NA;NA;NA;
26;23;13.88;27.51;7.62;NA;9.58;14.79;7.86;20.79;16.23;NA;NA;NA;
27;0;18.72;28.67;11.23;NA;9.93;14.49;8.83;21.42;21.62;NA;NA;NA;
27;1;17.44;26.15;12.13;NA;11.29;13.15;12.14;27.21;25.1;NA;NA;NA;
27;2;15.7;22.55;4.04;NA;8.02;ND;11.06;25;25.42;NA;NA;NA;
27;3;7.66;19.63;1;NA;3.04;4.68;11.42;19.6;21.45;NA;NA;NA;
27;4;4.19;11.31;4.07;NA;4.76;5.11;10.05;9.23;11.18;NA;NA;NA;
27;5;3.1;1.5;2.65;NA;6.71;6.01;9.68;4.11;1.31;NA;NA;NA;
27;6;1.68;1.59;1.39;NA;9.86;6.25;3.36;1.91;0.54;NA;NA;NA;
27;7;4.71;3.3;3.69;NA;13.26;11.37;11.87;4.28;3.45;NA;NA;NA;
27;8;9.96;7.85;8.38;NA;16.82;14.61;18.18;6.27;8.26;NA;NA;NA;
27;9;17.47;12.26;16.91;NA;29.93;28.76;23.32;13.01;18.23;NA;NA;NA;
27;10;13.31;13.97;12.95;NA;29.48;20.39;39.62;11.24;15.46;NA;NA;NA;
27;11;29.98;30.45;10.6;NA;22.74;21.31;34.36;21.69;10.25;NA;NA;NA;
27;12;34.45;41.91;16.7;NA;32.74;30.59;43.76;35.63;22;NA;NA;NA;
27;13;44.11;44.23;42.44;NA;56.57;61.98;57.92;52.18;37.87;NA;NA;NA;
27;14;34.2;38.18;38.1;NA;51.58;44.01;46.7;43.9;50.31;NA;NA;NA;
27;15;33.18;33.53;28.43;NA;35.83;29.65;33.91;41.59;26.5;NA;NA;NA;
27;16;32.08;32.63;21.27;NA;24.89;30.13;31.88;39.23;33.34;NA;NA;NA;
27;17;24.89;27.86;17.81;NA;23.97;27.31;24.27;32.79;24.13;NA;NA;NA;
27;18;10.37;23.67;14.73;NA;16.81;18.37;16.84;23.09;17.24;NA;NA;NA;
27;19;1.82;18.74;9.2;NA;6.36;11.91;14.86;22.64;19.72;NA;NA;NA;
27;20;6.09;18.03;5.39;NA;8.53;12.24;2.24;23.2;2.53;NA;NA;NA;
27;21;8.83;19.53;9.19;NA;14.16;15.82;19.19;26.25;13.13;NA;NA;NA;
27;22;11.26;18.97;7.13;NA;21.29;16.26;9.9;26.88;5.46;NA;NA;NA;
27;23;8.91;16.28;10.74;NA;26.16;17.05;5.84;24.52;8.64;NA;NA;NA;
28;0;7.82;16.18;7.29;NA;21.82;10.45;7.06;ND;ND;NA;NA;NA;
28;1;13.74;15.22;11.33;NA;12.11;9.58;7.42;23.11;15.99;NA;NA;NA;
28;2;15.09;17.87;7.65;NA;ND;4.71;11.87;20.5;14.78;NA;NA;NA;
28;3;14.54;14.94;0.88;NA;7.94;1.92;13.28;17.46;13.9;NA;NA;NA;
28;4;10.48;12.14;1;NA;4.36;1.11;1.65;17;21.46;NA;NA;NA;
28;5;4.38;7.03;9.04;NA;5.55;1.79;1.28;10.4;13.79;NA;NA;NA;
28;6;1.85;5.09;2.12;NA;11.99;6.2;2.44;3.33;1.52;NA;NA;NA;
28;7;9.41;17.73;5.85;NA;16.5;14.03;13.14;8.35;10.4;NA;NA;NA;
28;8;24.16;28.36;13.23;NA;24.1;20.43;19.88;23.48;16.99;NA;NA;NA;
28;9;43.4;38.91;21.06;NA;30.46;26.34;31.35;37.31;31.34;NA;NA;NA;
28;10;56.69;49.4;34.18;NA;38.85;39.06;40.15;49.44;39.2;NA;NA;NA;
28;11;55.07;52.77;62.04;NA;55.58;68.91;62.5;61.53;55.26;NA;NA;NA;
28;12;34.94;49.22;47.6;NA;82.97;72.38;67.07;60.19;72.5;NA;NA;NA;
28;13;31.51;37.6;30.08;NA;ND;44.07;47.13;54.45;66.25;NA;NA;NA;
28;14;21.95;28.51;ND;NA;ND;22.04;31.82;31.8;29.32;NA;NA;NA;
28;15;9.94;15.08;ND;NA;ND;19.84;30.36;29.81;14.63;NA;NA;NA;
28;16;17.73;20.63;10.11;NA;28.11;19.05;23.83;29.47;20.68;NA;NA;NA;
28;17;8.57;18.92;4.69;NA;15.51;8.11;18.18;27.77;14.64;NA;NA;NA;
28;18;5.32;15.38;1.33;NA;9.77;5.73;1.93;12.22;7.53;NA;NA;NA;
28;19;3.19;15.04;0.82;NA;7.09;6.07;3.48;16.59;17.48;NA;NA;NA;
28;20;2.36;13.92;0.62;NA;7.54;6.55;5.09;16.7;13.88;NA;NA;NA;
28;21;1.34;11.97;0.88;NA;8.51;4.42;1.5;16.53;6.35;NA;NA;NA;
28;22;0.99;8.26;1.35;NA;4.96;4.3;1.28;15.07;0.24;NA;NA;NA;
28;23;0.69;12.86;0.19;NA;7.38;4.49;4.06;12.78;0;NA;NA;NA;
29;0;4.9;16.31;0.25;NA;4.12;4.67;6.07;13.21;0;NA;NA;NA;
29;1;1.36;13.81;0.23;NA;6.35;4.93;3.57;6.83;0.44;NA;NA;NA;
29;2;3.3;10.72;0.24;NA;6;ND;9.02;9.91;0;NA;NA;NA;
29;3;1.52;6.45;0.25;NA;6.47;6.48;7.55;13.7;0.08;NA;NA;NA;
29;4;0.83;3.64;0.59;NA;8.5;6.84;5.62;3.35;3.11;NA;NA;NA;
29;5;0.53;3.18;0.56;NA;14.09;7.13;9.95;1.21;0.25;NA;NA;NA;
29;6;1.33;2.23;1.06;NA;34.09;12.64;5.4;1.89;2.22;NA;NA;NA;
29;7;2.81;4.49;3;NA;34.49;23.63;11.56;3.75;2.78;NA;NA;NA;
29;8;12.03;7.45;6.24;NA;24.38;22.43;26.29;5.97;3.97;NA;NA;NA;
29;9;19.98;24.72;10.92;NA;24.24;21.06;31.18;11.91;8.71;NA;NA;NA;
29;10;44.07;35.74;28.09;NA;31.55;25.26;41.14;ND;19.6;NA;NA;NA;
29;11;46.25;43.23;22.98;NA;58.36;59.63;42.72;55.58;ND;NA;NA;NA;
29;12;52.1;45.95;35.98;NA;77.72;ND;63.34;73.1;ND;NA;NA;NA;
29;13;40.37;40.37;40.58;NA;66.57;52.3;93.04;62.19;78.92;NA;NA;NA;
29;14;37.62;36.62;26.24;NA;52.28;44.3;89.32;43.17;52.77;NA;NA;NA;
29;15;34.37;36.21;29.36;NA;42.93;34.99;68.84;39.7;41.67;NA;NA;NA;
29;16;35.87;35.6;27.85;NA;37.91;29.73;53.4;37.78;41.38;NA;NA;NA;
29;17;28.76;28.94;17.95;NA;21.14;17.4;41.92;33.64;33.42;NA;NA;NA;
29;18;19.8;19.72;2.64;NA;10.97;9.97;16.71;24.78;27.97;NA;NA;NA;
29;19;14.33;15.58;1.15;NA;9.44;5.59;25.9;22.21;21.36;NA;NA;NA;
29;20;5.06;14.38;1.03;NA;8.14;5.1;8.6;24.15;13.74;NA;NA;NA;
29;21;8.93;15.15;2.45;NA;7.42;5.53;3.73;23.98;21.44;NA;NA;NA;
29;22;8.3;17.88;0.41;NA;6.22;3.82;2;25.1;15.49;NA;NA;NA;
29;23;13.29;22.59;2.63;NA;5.62;6;2.19;25.44;17.04;NA;NA;NA;
30;0;18.22;24.6;9.6;NA;11.47;16.98;7.86;ND;ND;NA;NA;NA;
30;1;18.65;26.05;12.83;NA;21.54;19.95;20.56;23.26;22.01;NA;NA;NA;
30;2;17.74;25.72;18.63;NA;ND;22.76;20.52;22.43;17.84;NA;NA;NA;
30;3;15.32;22.44;15.98;NA;18.71;19.52;20.33;20.75;22.24;NA;NA;NA;
30;4;11.52;19.14;20.88;NA;12.27;14.39;13.63;16.02;17.68;NA;NA;NA;
30;5;7.14;15.7;9.23;NA;8.3;8.39;10.31;8.34;1.94;NA;NA;NA;
30;6;2.11;5.38;2.58;NA;10.74;11.89;9.61;1.2;0.19;NA;NA;NA;
30;7;5.47;8.56;2.92;NA;13.52;12.12;19.61;2.72;1.52;NA;NA;NA;
30;8;7.06;12.06;4.64;NA;18.49;16.76;27.93;7.62;6.17;NA;NA;NA;
30;9;11.11;16.95;5.67;NA;24.05;23.02;31.73;14.65;14.47;NA;NA;NA;
30;10;21.51;27.93;10.28;NA;36.62;29.55;36.46;27.04;22.87;NA;NA;NA;
30;11;37;ND;19.21;NA;45.6;35.85;48.48;36.69;37.04;NA;NA;NA;
30;12;51.97;ND;28.19;NA;45.65;32.28;40.74;42.01;43.11;NA;NA;NA;
30;13;49.99;47.31;46.47;NA;55.99;49.71;58;56.44;61.15;NA;NA;NA;
30;14;42.04;50.02;45.22;NA;54.24;50.3;51.76;58.97;55.58;NA;NA;NA;
30;15;36.49;42.57;25.07;NA;21.89;36.94;52.76;57.94;51.76;NA;NA;NA;
30;16;ND;ND;15.08;NA;17.42;21.42;48.44;41.26;42.8;NA;NA;NA;
30;17;ND;ND;4.8;NA;16.1;10.32;39.46;30.07;17.62;NA;NA;NA;
30;18;22.99;24.22;2.5;NA;9.78;8.47;8.4;22.18;2.45;NA;NA;NA;
30;19;8.92;24.74;1.76;NA;8.84;5.86;10.75;21.77;7.89;NA;NA;NA;
30;20;8.44;20.78;0.91;NA;5.51;6.97;3.91;25.5;8.42;NA;NA;NA;
30;21;14.13;18.84;0.54;NA;9.31;5.97;9.56;24.16;21.74;NA;NA;NA;
30;22;19.96;22.83;0.65;NA;9.03;3.5;4.4;24.39;21.39;NA;NA;NA;
30;23;24.44;28.83;1.92;NA;6.62;5.23;5.77;28.93;17.63;NA;NA;NA;
