DIA;HORA;Cotocollao;Carapungo;Belisario;Jipijapa;El Camal;Centro;Guamaní;Tumbaco;Los Chillos;El Condado;Turubamba;Chillogallo;
1;0;21.02;8.64;ND;ND;24.65;4.63;NA;NA;ND;NA;NA;NA;
1;1;13.57;13.56;ND;ND;19.29;15.51;NA;NA;ND;NA;NA;NA;
1;2;12.09;5.31;ND;ND;22.87;20.07;NA;NA;ND;NA;NA;NA;
1;3;7.73;7.09;ND;ND;14.88;17.32;NA;NA;ND;NA;NA;NA;
1;4;9.77;10.66;ND;ND;18.69;21.25;NA;NA;ND;NA;NA;NA;
1;5;18.41;13.9;ND;ND;24.52;22.81;NA;NA;ND;NA;NA;NA;
1;6;18.73;20.64;ND;ND;37.75;32.8;NA;NA;ND;NA;NA;NA;
1;7;21.33;16.21;ND;ND;47.93;54.35;NA;NA;ND;NA;NA;NA;
1;8;27.76;27.41;ND;ND;33.42;44.59;NA;NA;ND;NA;NA;NA;
1;9;28.13;22.66;ND;ND;21.09;20.77;NA;NA;ND;NA;NA;NA;
1;10;21.12;14.96;ND;ND;7.62;7.48;NA;NA;ND;NA;NA;NA;
1;11;15.66;19.95;ND;ND;12.49;14.6;NA;NA;ND;NA;NA;NA;
1;12;23.42;22.15;ND;ND;10.89;12.92;NA;NA;ND;NA;NA;NA;
1;13;22.36;22.72;ND;ND;27.41;10.59;NA;NA;ND;NA;NA;NA;
1;14;5.86;7.31;ND;ND;28.01;14.32;NA;NA;ND;NA;NA;NA;
1;15;7.23;18.38;ND;ND;17.65;13.87;NA;NA;ND;NA;NA;NA;
1;16;21.68;19.2;9.49;ND;33.62;26.45;NA;NA;ND;NA;NA;NA;
1;17;23.81;17.61;38.62;ND;23.02;24.59;NA;NA;ND;NA;NA;NA;
1;18;29.1;26.14;33.34;ND;19.4;30.83;NA;NA;ND;NA;NA;NA;
1;19;20.07;28.31;28.5;ND;29.24;28.47;NA;NA;ND;NA;NA;NA;
1;20;22.29;19.39;25.64;ND;28.31;24.19;NA;NA;ND;NA;NA;NA;
1;21;24.66;39.06;10.22;ND;26.67;27.31;NA;NA;ND;NA;NA;NA;
1;22;25.91;39.64;21.16;ND;20.77;32.79;NA;NA;ND;NA;NA;NA;
1;23;20.09;35.64;ND;ND;22.18;23.13;NA;NA;ND;NA;NA;NA;
2;0;22.25;33.53;25.58;ND;33.04;20.82;NA;NA;ND;NA;NA;NA;
2;1;18.82;29.52;28.96;ND;34.88;27.08;NA;NA;ND;NA;NA;NA;
2;2;23.49;22.08;23.34;ND;21.33;20.17;NA;NA;ND;NA;NA;NA;
2;3;25.11;27.62;13.28;ND;17.29;22.32;NA;NA;ND;NA;NA;NA;
2;4;20.32;34.61;23.54;ND;25;19.06;NA;NA;ND;NA;NA;NA;
2;5;23.65;34.06;18.58;ND;28.61;21.4;NA;NA;ND;NA;NA;NA;
2;6;28.05;45.54;23.77;ND;46.75;19.78;NA;NA;ND;NA;NA;NA;
2;7;24.53;37.83;24.99;ND;49.9;12.45;NA;NA;ND;NA;NA;NA;
2;8;19.9;16.45;17.91;ND;18.48;6.61;NA;NA;ND;NA;NA;NA;
2;9;36.72;19.49;9.32;ND;11.06;10.63;NA;NA;ND;NA;NA;NA;
2;10;12.98;6.37;4.24;ND;1.53;1.55;NA;NA;ND;NA;NA;NA;
2;11;6.44;5.26;11.31;ND;5.66;8.13;NA;NA;ND;NA;NA;NA;
2;12;7.43;18.12;2.68;ND;5.74;0.83;NA;NA;ND;NA;NA;NA;
2;13;16.04;13.61;1.94;ND;14.54;16.34;NA;NA;ND;NA;NA;NA;
2;14;20.65;14.1;4.89;ND;7.06;9.83;NA;NA;ND;NA;NA;NA;
2;15;4.86;5.07;20.05;ND;15.81;7.52;NA;NA;ND;NA;NA;NA;
2;16;25.22;17.23;14.07;ND;10.37;16.08;NA;NA;ND;NA;NA;NA;
2;17;11.76;11.56;8.93;ND;12.37;13.8;NA;NA;ND;NA;NA;NA;
2;18;18.61;23.16;23.35;ND;21.73;26.69;NA;NA;ND;NA;NA;NA;
2;19;11.39;16.2;26.07;ND;22.53;23.25;NA;NA;ND;NA;NA;NA;
2;20;12.57;19.21;24.88;ND;22.47;20.23;NA;NA;ND;NA;NA;NA;
2;21;22.16;20.48;21.67;ND;28.77;31.56;NA;NA;ND;NA;NA;NA;
2;22;14.44;18.09;19.23;ND;22.11;27.09;NA;NA;ND;NA;NA;NA;
2;23;20.46;19.94;ND;ND;23.19;28.43;NA;NA;ND;NA;NA;NA;
3;0;8.9;27.42;20.3;ND;26.88;28.02;NA;NA;ND;NA;NA;NA;
3;1;26.14;25.51;30.08;ND;32.77;34.46;NA;NA;ND;NA;NA;NA;
3;2;28.21;29.36;33.73;ND;29.81;27.74;NA;NA;ND;NA;NA;NA;
3;3;23.42;25.39;35.67;ND;22.63;28.55;NA;NA;ND;NA;NA;NA;
3;4;27.84;22.09;26.21;ND;31.98;30.52;NA;NA;ND;NA;NA;NA;
3;5;30.65;26.19;26.82;ND;18.21;16.02;NA;NA;ND;NA;NA;NA;
3;6;28.39;26.77;22.33;ND;28.78;25.11;NA;NA;ND;NA;NA;NA;
3;7;28.68;20.59;23.48;ND;31.18;28.37;NA;NA;ND;NA;NA;NA;
3;8;27.44;21.53;23.05;ND;26.54;25.72;NA;NA;ND;NA;NA;NA;
3;9;31.95;8.21;24.13;ND;30.72;18.69;NA;NA;ND;NA;NA;NA;
3;10;15.42;11.06;13.63;ND;6.83;4.16;NA;NA;ND;NA;NA;NA;
3;11;9.63;15.92;5.44;ND;10.62;4.4;NA;NA;ND;NA;NA;NA;
3;12;0.48;9.08;2.55;ND;3.29;6.74;NA;NA;ND;NA;NA;NA;
3;13;3.52;4.47;0.68;ND;6.41;7.83;NA;NA;ND;NA;NA;NA;
3;14;19.78;20.43;6.56;ND;6.13;5.95;NA;NA;ND;NA;NA;NA;
3;15;11.35;25.6;13.57;ND;4.82;5.11;NA;NA;ND;NA;NA;NA;
3;16;15.03;7.89;10.87;ND;14.22;7.33;NA;NA;ND;NA;NA;NA;
3;17;13.4;15.51;17.23;ND;16.81;14.64;NA;NA;ND;NA;NA;NA;
3;18;11.83;9.99;11.74;ND;14.24;12.15;NA;NA;ND;NA;NA;NA;
3;19;11.43;10.63;14.8;ND;12.32;16.55;NA;NA;ND;NA;NA;NA;
3;20;12.66;9.55;18.72;ND;26.08;19.16;NA;NA;ND;NA;NA;NA;
3;21;18.95;21.08;12.92;ND;22;18.15;NA;NA;ND;NA;NA;NA;
3;22;13.18;8.68;12.84;ND;25.19;25.52;NA;NA;ND;NA;NA;NA;
3;23;8.31;22.55;ND;ND;31.12;30.68;NA;NA;ND;NA;NA;NA;
4;0;4.82;27.17;15.66;ND;29.1;23.74;NA;NA;ND;NA;NA;NA;
4;1;10.69;12.43;12.25;ND;36.8;36.65;NA;NA;ND;NA;NA;NA;
4;2;5.21;10.82;12.95;ND;24.37;24.05;NA;NA;ND;NA;NA;NA;
4;3;10.74;6.29;17.2;ND;19.67;17.64;NA;NA;ND;NA;NA;NA;
4;4;13.07;23.83;16.76;ND;17.64;18.94;NA;NA;ND;NA;NA;NA;
4;5;12.19;21.07;16.99;ND;17.2;13.45;NA;NA;ND;NA;NA;NA;
4;6;31.07;25.33;15.22;ND;27.61;3.41;NA;NA;ND;NA;NA;NA;
4;7;20.78;34.44;22.17;ND;29.72;17.44;NA;NA;ND;NA;NA;NA;
4;8;ND;26.61;23.84;ND;20.64;26.1;NA;NA;ND;NA;NA;NA;
4;9;ND;10.28;35.5;ND;15.86;25.96;NA;NA;ND;NA;NA;NA;
4;10;ND;13.25;ND;ND;11.56;10.19;NA;NA;ND;NA;NA;NA;
4;11;ND;18.69;ND;ND;8.37;3.06;NA;NA;ND;NA;NA;NA;
4;12;ND;7;ND;ND;6.24;1.78;NA;NA;ND;NA;NA;NA;
4;13;ND;2.21;4.92;ND;6.47;1.33;NA;NA;ND;NA;NA;NA;
4;14;ND;3.51;ND;ND;7.45;2.84;NA;NA;ND;NA;NA;NA;
4;15;ND;12.52;12.75;ND;9;5.53;NA;NA;ND;NA;NA;NA;
4;16;ND;14.25;18.22;ND;8.56;7.08;NA;NA;ND;NA;NA;NA;
4;17;ND;17.81;21.14;ND;9.81;10.37;NA;NA;ND;NA;NA;NA;
4;18;ND;19.95;10.2;ND;21.97;10.08;NA;NA;ND;NA;NA;NA;
4;19;ND;20.55;14.4;ND;24.51;15.75;NA;NA;ND;NA;NA;NA;
4;20;ND;20.32;17.12;ND;22.08;26.94;NA;NA;ND;NA;NA;NA;
4;21;ND;15.3;12.75;ND;24.47;15.58;NA;NA;ND;NA;NA;NA;
4;22;ND;22.59;7.46;ND;13.68;17.31;NA;NA;ND;NA;NA;NA;
4;23;ND;23.06;12.48;ND;15.84;17.48;NA;NA;ND;NA;NA;NA;
5;0;ND;17.33;10.82;ND;9.75;12.94;NA;NA;ND;NA;NA;NA;
5;1;ND;22.71;12.9;ND;17.84;22.55;NA;NA;ND;NA;NA;NA;
5;2;ND;19.42;12.57;ND;23.84;13.5;NA;NA;ND;NA;NA;NA;
5;3;ND;20.38;7.84;ND;30.92;14.03;NA;NA;ND;NA;NA;NA;
5;4;ND;22.67;6.93;ND;24.93;14.93;NA;NA;ND;NA;NA;NA;
5;5;ND;30.14;10.49;ND;38.43;21.79;NA;NA;ND;NA;NA;NA;
5;6;ND;45.69;13.59;ND;39.87;34.72;NA;NA;ND;NA;NA;NA;
5;7;ND;51.56;42.11;ND;48.85;40.45;NA;NA;ND;NA;NA;NA;
5;8;ND;19.81;46.45;ND;54.43;42.63;NA;NA;ND;NA;NA;NA;
5;9;ND;16.76;14.75;ND;15.76;7.24;NA;NA;ND;NA;NA;NA;
5;10;ND;7.37;14.27;ND;6.9;7.51;NA;NA;ND;NA;NA;NA;
5;11;ND;9.98;4.37;ND;9.03;0.15;NA;NA;ND;NA;NA;NA;
5;12;ND;10.82;3.58;ND;11.82;6.41;NA;NA;ND;NA;NA;NA;
5;13;ND;12.42;10.32;ND;8.35;13.12;NA;NA;ND;NA;NA;NA;
5;14;ND;23.28;5.2;ND;1.41;0.99;NA;NA;ND;NA;NA;NA;
5;15;ND;16.86;19.67;ND;13.05;10.17;NA;NA;ND;NA;NA;NA;
5;16;ND;21.69;23.92;ND;23.49;16.52;NA;NA;ND;NA;NA;NA;
5;17;ND;19.07;17.71;ND;19.78;5.64;NA;NA;ND;NA;NA;NA;
5;18;38.33;16.09;17.8;ND;21.95;8.06;NA;NA;ND;NA;NA;NA;
5;19;29.65;21.12;17.25;ND;26.42;12.85;NA;NA;ND;NA;NA;NA;
5;20;38.1;21.61;12.36;ND;22.31;23.37;NA;NA;ND;NA;NA;NA;
5;21;27.49;7.84;14.81;ND;28.49;28.14;NA;NA;ND;NA;NA;NA;
5;22;32.28;10.05;25.66;ND;16.9;28.95;NA;NA;ND;NA;NA;NA;
5;23;17.78;9.67;19.92;ND;ND;29.46;NA;NA;ND;NA;NA;NA;
6;0;12.79;48.9;28.72;ND;34.52;29.29;NA;NA;ND;NA;NA;NA;
6;1;19.44;28.71;33.14;ND;38.31;29.67;NA;NA;ND;NA;NA;NA;
6;2;13.97;35.77;20;ND;28.45;23.74;NA;NA;ND;NA;NA;NA;
6;3;9.42;21.73;17.49;ND;23.59;22.73;NA;NA;ND;NA;NA;NA;
6;4;20.3;32.65;24.75;ND;34.63;20.72;NA;NA;ND;NA;NA;NA;
6;5;15.23;24.49;15.44;ND;32.31;28.32;NA;NA;ND;NA;NA;NA;
6;6;42.87;44.75;25.87;ND;50.01;41.88;NA;NA;ND;NA;NA;NA;
6;7;29.58;62.99;33.02;ND;65.04;65.7;NA;NA;ND;NA;NA;NA;
6;8;23.42;26.65;20.85;ND;75.91;38;NA;NA;ND;NA;NA;NA;
6;9;19.24;ND;10.8;ND;10.78;8.31;NA;NA;ND;NA;NA;NA;
6;10;10.92;ND;10.81;ND;6.74;4;NA;NA;ND;NA;NA;NA;
6;11;26.93;ND;10.36;ND;8.39;5.15;NA;NA;ND;NA;NA;NA;
6;12;ND;ND;12.25;ND;4.88;4.36;NA;NA;ND;NA;NA;NA;
6;13;ND;ND;6.22;ND;3.82;2.49;NA;NA;ND;NA;NA;NA;
6;14;ND;ND;10.48;ND;3.67;7.5;NA;NA;ND;NA;NA;NA;
6;15;8.19;ND;13.85;ND;4.98;1.3;NA;NA;ND;NA;NA;NA;
6;16;16.28;ND;9.2;ND;12.52;7.01;NA;NA;ND;NA;NA;NA;
6;17;15.57;ND;19.3;ND;9.3;9.02;NA;NA;ND;NA;NA;NA;
6;18;9.21;ND;19.6;ND;16.29;10.36;NA;NA;ND;NA;NA;NA;
6;19;15.3;ND;5.87;ND;23.36;15.76;NA;NA;ND;NA;NA;NA;
6;20;13;ND;10.83;ND;14.79;28.64;NA;NA;ND;NA;NA;NA;
6;21;21.47;ND;11.93;ND;17.24;19.73;NA;NA;ND;NA;NA;NA;
6;22;11.31;ND;9.01;ND;11.89;15.69;NA;NA;ND;NA;NA;NA;
6;23;13.49;ND;12.01;ND;17.85;27.54;NA;NA;ND;NA;NA;NA;
7;0;3.67;ND;8.94;ND;10.29;16.64;NA;NA;ND;NA;NA;NA;
7;1;12.75;ND;18.64;ND;35.78;17.84;NA;NA;ND;NA;NA;NA;
7;2;9.99;ND;8.78;ND;25.72;20.68;NA;NA;ND;NA;NA;NA;
7;3;6.31;ND;10.77;ND;21.53;14.92;NA;NA;ND;NA;NA;NA;
7;4;5.56;ND;9.81;ND;20.09;18.21;NA;NA;ND;NA;NA;NA;
7;5;11.16;ND;18.71;ND;28.31;27.54;NA;NA;ND;NA;NA;NA;
7;6;16.08;ND;22.41;ND;43.31;27.48;NA;NA;ND;NA;NA;NA;
7;7;20.54;ND;28.2;ND;52.34;23.88;NA;NA;ND;NA;NA;NA;
7;8;24.34;ND;7.6;ND;40.21;16.53;NA;NA;ND;NA;NA;NA;
7;9;7.35;ND;14.26;ND;12.69;4.87;NA;NA;ND;NA;NA;NA;
7;10;4.98;ND;6.7;ND;11.34;3.02;NA;NA;ND;NA;NA;NA;
7;11;7.64;ND;7.52;ND;8.74;5.95;NA;NA;ND;NA;NA;NA;
7;12;8.54;ND;2.7;ND;6.06;1.47;NA;NA;ND;NA;NA;NA;
7;13;6.75;ND;2.15;ND;4.93;1.39;NA;NA;ND;NA;NA;NA;
7;14;10.88;ND;6.86;ND;2.32;7.66;NA;NA;ND;NA;NA;NA;
7;15;5.12;ND;5.13;ND;6.73;7.27;NA;NA;ND;NA;NA;NA;
7;16;7.39;ND;11.83;ND;3.28;4.03;NA;NA;ND;NA;NA;NA;
7;17;18.95;14.27;12.6;ND;13.02;7.08;NA;NA;ND;NA;NA;NA;
7;18;14.34;19.64;8.2;ND;14.41;6.14;NA;NA;ND;NA;NA;NA;
7;19;18.99;10.08;10.35;ND;12.03;9.45;NA;NA;ND;NA;NA;NA;
7;20;18.42;12.35;15.14;ND;13.19;6.15;NA;NA;ND;NA;NA;NA;
7;21;38.96;21;15.69;ND;9.45;11.03;NA;NA;ND;NA;NA;NA;
7;22;32.34;8.85;9.71;ND;29.63;17.6;NA;NA;ND;NA;NA;NA;
7;23;17.96;17.05;4.61;ND;24.96;11.02;NA;NA;ND;NA;NA;NA;
8;0;6.72;19.15;11.99;ND;31.19;12.02;NA;NA;ND;NA;NA;NA;
8;1;8.52;15.88;7.76;ND;27.12;11.92;NA;NA;ND;NA;NA;NA;
8;2;11.8;13.37;7.65;ND;22.05;3.87;NA;NA;ND;NA;NA;NA;
8;3;16.79;13.47;7.2;ND;13.95;4.91;NA;NA;ND;NA;NA;NA;
8;4;17.12;14.36;6.28;ND;8.86;8.7;NA;NA;ND;NA;NA;NA;
8;5;29.54;18.84;4.89;ND;6.94;4.2;NA;NA;ND;NA;NA;NA;
8;6;24.76;31.43;14.72;ND;20.32;21.04;NA;NA;ND;NA;NA;NA;
8;7;24.33;43.83;16.8;ND;39.91;28.44;NA;NA;ND;NA;NA;NA;
8;8;22.08;32.44;18.55;ND;39.67;27.91;NA;NA;ND;NA;NA;NA;
8;9;9.02;ND;12.26;ND;11.71;3.7;NA;NA;ND;NA;NA;NA;
8;10;5.36;ND;8.81;ND;9.04;9.25;NA;NA;ND;NA;NA;NA;
8;11;4.45;ND;6.69;ND;8.1;3.3;NA;NA;ND;NA;NA;NA;
8;12;9.19;ND;5.36;ND;5.94;4.99;NA;NA;ND;NA;NA;NA;
8;13;4.29;ND;4.03;ND;2.27;5.58;NA;NA;ND;NA;NA;NA;
8;14;14.72;ND;6.05;ND;14.62;5.4;NA;NA;ND;NA;NA;NA;
8;15;9.34;ND;5.41;ND;16.56;2.52;NA;NA;ND;NA;NA;NA;
8;16;13.9;13.64;9.25;ND;5.12;8.75;NA;NA;ND;NA;NA;NA;
8;17;15.09;34.69;16.18;ND;15.82;6.03;NA;NA;ND;NA;NA;NA;
8;18;19.7;21.37;15.74;ND;13.78;5.65;NA;NA;ND;NA;NA;NA;
8;19;22.79;18.32;19.06;ND;24.31;12.91;NA;NA;ND;NA;NA;NA;
8;20;22.04;21.56;18.58;ND;12.94;22.73;NA;NA;ND;NA;NA;NA;
8;21;24.94;15.84;13.72;ND;27.43;21.71;NA;NA;ND;NA;NA;NA;
8;22;22.66;21.38;19.27;ND;22.48;22.66;NA;NA;ND;NA;NA;NA;
8;23;23.59;14.07;19.53;ND;15.86;19.56;NA;NA;ND;NA;NA;NA;
9;0;21.18;1.51;7.97;ND;25.73;20.4;NA;NA;ND;NA;NA;NA;
9;1;11.6;16.05;9.44;ND;22.56;6.58;NA;NA;ND;NA;NA;NA;
9;2;12.58;22.77;4.51;ND;16.33;13.59;NA;NA;ND;NA;NA;NA;
9;3;14.29;19.93;0.92;ND;16.94;5.48;NA;NA;ND;NA;NA;NA;
9;4;10.68;13.18;3.92;ND;19.63;11.8;NA;NA;ND;NA;NA;NA;
9;5;15.27;15.34;7.14;ND;15.8;13.1;NA;NA;ND;NA;NA;NA;
9;6;18.17;33.66;16.75;ND;20.74;7.97;NA;NA;ND;NA;NA;NA;
9;7;16.42;23.24;14.75;ND;28.37;15.61;NA;NA;ND;NA;NA;NA;
9;8;14.11;9.84;18.76;ND;20.73;7.41;NA;NA;ND;NA;NA;NA;
9;9;15.31;11.57;10.36;ND;6.05;2.82;NA;NA;ND;NA;NA;NA;
9;10;4.12;4.76;9.57;ND;14.19;5.42;NA;NA;ND;NA;NA;NA;
9;11;10.07;12.21;5.77;ND;4.02;0.68;NA;NA;ND;NA;NA;NA;
9;12;9.84;22.84;6.75;ND;8.63;2.76;NA;NA;ND;NA;NA;NA;
9;13;5.46;8.49;13.58;ND;6.12;5.2;NA;NA;ND;NA;NA;NA;
9;14;5.04;11.08;2.88;ND;6.89;3.3;NA;NA;ND;NA;NA;NA;
9;15;5.37;3.31;3.94;ND;6.11;6.61;NA;NA;ND;NA;NA;NA;
9;16;2.17;10.32;2.82;ND;8.27;7.08;NA;NA;ND;NA;NA;NA;
9;17;16.98;17.8;19.01;ND;13.69;9.73;NA;NA;ND;NA;NA;NA;
9;18;11.59;20.07;11.74;ND;14.77;13.05;NA;NA;ND;NA;NA;NA;
9;19;19.31;15.63;18.8;ND;20.54;32.11;NA;NA;ND;NA;NA;NA;
9;20;24.16;13.36;20.75;ND;26.87;28.45;NA;NA;ND;NA;NA;NA;
9;21;14.42;9.61;7.86;ND;18.36;17.76;NA;NA;ND;NA;NA;NA;
9;22;28.21;12.84;13.88;ND;27.92;23.18;NA;NA;ND;NA;NA;NA;
9;23;24.44;21.88;19.31;ND;19.64;20.47;NA;NA;ND;NA;NA;NA;
10;0;17.8;27.64;24.9;ND;26.3;32.12;NA;NA;ND;NA;NA;NA;
10;1;25.92;21.88;16.32;ND;27.74;33.44;NA;NA;ND;NA;NA;NA;
10;2;16.63;15.88;21.47;ND;26.37;22.91;NA;NA;ND;NA;NA;NA;
10;3;20.63;24.32;24.49;ND;25.9;24.03;NA;NA;ND;NA;NA;NA;
10;4;26.68;21.31;26.45;ND;40.6;23.91;NA;NA;ND;NA;NA;NA;
10;5;36.79;26.93;25.06;ND;29.27;28.21;NA;NA;ND;NA;NA;NA;
10;6;31.86;22.69;27.73;ND;29.47;24.25;NA;NA;ND;NA;NA;NA;
10;7;31.36;25.96;20.95;ND;28.16;31.45;NA;NA;ND;NA;NA;NA;
10;8;29.21;24.29;32.8;ND;32.69;24.68;NA;NA;ND;NA;NA;NA;
10;9;34.7;30.4;33.18;ND;26.95;29.97;NA;NA;ND;NA;NA;NA;
10;10;29.68;24.73;34.79;ND;29.93;22.98;NA;NA;ND;NA;NA;NA;
10;11;23.05;29.16;25.82;ND;26.82;30.84;NA;NA;ND;NA;NA;NA;
10;12;20.74;11.62;12.33;ND;27.26;6.78;NA;NA;ND;NA;NA;NA;
10;13;11.03;11.26;7.5;ND;12.1;2.31;NA;NA;ND;NA;NA;NA;
10;14;14.56;17.72;16;ND;14.23;9.54;NA;NA;ND;NA;NA;NA;
10;15;20.56;16.9;15.42;ND;23.58;23.18;NA;NA;ND;NA;NA;NA;
10;16;15.28;10.94;17.62;ND;21.4;12.72;NA;NA;ND;NA;NA;NA;
10;17;22.86;11.76;18.55;ND;24.27;24.29;NA;NA;ND;NA;NA;NA;
10;18;5.71;15.29;23.98;ND;20.59;18.2;NA;NA;ND;NA;NA;NA;
10;19;23.32;8.36;11.58;ND;26.04;9.36;NA;NA;ND;NA;NA;NA;
10;20;12.2;13.33;23.45;ND;26.03;27.97;NA;NA;ND;NA;NA;NA;
10;21;15.61;19.47;16.49;ND;29.96;17.63;NA;NA;ND;NA;NA;NA;
10;22;14.9;17.27;24.39;ND;21.94;17.5;NA;NA;ND;NA;NA;NA;
10;23;18.93;14.08;9.23;ND;18.43;20.53;NA;NA;ND;NA;NA;NA;
11;0;12.7;6.33;34.17;ND;10.83;28.79;NA;NA;ND;NA;NA;NA;
11;1;21.63;17.73;22.28;ND;22.77;23.09;NA;NA;ND;NA;NA;NA;
11;2;19.11;10.66;25.3;ND;25.59;21.53;NA;NA;ND;NA;NA;NA;
11;3;18.73;12.85;21.48;ND;21.07;18.12;NA;NA;ND;NA;NA;NA;
11;4;21.35;14.27;14.77;ND;21.6;27.1;NA;NA;ND;NA;NA;NA;
11;5;21.93;8.53;13.61;ND;20.11;14.38;NA;NA;ND;NA;NA;NA;
11;6;27.78;17.87;19.96;ND;28.5;15.73;NA;NA;ND;NA;NA;NA;
11;7;21.24;21.67;34.69;ND;33.17;29.98;NA;NA;ND;NA;NA;NA;
11;8;17.12;15.87;28.78;ND;37.81;10.57;NA;NA;ND;NA;NA;NA;
11;9;17.45;14.47;15.17;ND;8.72;14.13;NA;NA;ND;NA;NA;NA;
11;10;7.62;7.91;10.07;ND;ND;5.64;NA;NA;ND;NA;NA;NA;
11;11;10.82;25.84;9.48;ND;ND;0.75;NA;NA;ND;NA;NA;NA;
11;12;7.04;ND;3.22;ND;ND;11.68;NA;NA;ND;NA;NA;NA;
11;13;19.07;ND;7;ND;ND;8.13;NA;NA;ND;NA;NA;NA;
11;14;14.44;13.87;2.97;ND;ND;5.76;NA;NA;ND;NA;NA;NA;
11;15;12.27;ND;11.93;ND;ND;13.41;NA;NA;ND;NA;NA;NA;
11;16;3.69;ND;7.44;ND;ND;7.4;NA;NA;ND;NA;NA;NA;
11;17;15;22.55;26.59;ND;ND;17.52;NA;NA;ND;NA;NA;NA;
11;18;8.21;15.36;20.56;ND;ND;27.72;NA;NA;ND;NA;NA;NA;
11;19;16.94;19.11;16.89;ND;ND;25.35;NA;NA;ND;NA;NA;NA;
11;20;13.6;18.45;28.33;ND;ND;32.85;NA;NA;ND;NA;NA;NA;
11;21;19.6;15.26;26.01;ND;ND;32.96;NA;NA;ND;NA;NA;NA;
11;22;17.08;24.99;29.18;ND;ND;27.14;NA;NA;ND;NA;NA;NA;
11;23;20.25;30.99;17.5;ND;ND;25.95;NA;NA;ND;NA;NA;NA;
12;0;13.6;33.98;35.64;ND;ND;24.47;NA;NA;ND;NA;NA;NA;
12;1;9.54;28.9;20.51;ND;ND;20.27;NA;NA;ND;NA;NA;NA;
12;2;13.53;24.31;19.63;ND;ND;14.84;NA;NA;ND;NA;NA;NA;
12;3;8.16;12.15;10.65;ND;ND;11.05;NA;NA;ND;NA;NA;NA;
12;4;10.48;12;9.7;ND;ND;10.64;NA;NA;ND;NA;NA;NA;
12;5;6.87;13.36;12.67;ND;ND;20.59;NA;NA;ND;NA;NA;NA;
12;6;15.39;17.21;12.97;ND;ND;30.75;NA;NA;ND;NA;NA;NA;
12;7;19.18;30.41;35.56;ND;ND;51.96;NA;NA;ND;NA;NA;NA;
12;8;40.22;15.23;54.11;ND;ND;61.5;NA;NA;ND;NA;NA;NA;
12;9;42.45;19.79;42.39;ND;ND;24.58;NA;NA;ND;NA;NA;NA;
12;10;24.65;10.08;22.15;ND;ND;12.36;NA;NA;ND;NA;NA;NA;
12;11;22.67;21.83;9.62;ND;ND;4.7;NA;NA;ND;NA;NA;NA;
12;12;14.8;18.25;9.41;ND;ND;5.63;NA;NA;ND;NA;NA;NA;
12;13;12.19;22.83;1.4;ND;ND;1.76;NA;NA;ND;NA;NA;NA;
12;14;23.7;21.44;17.09;ND;ND;3.82;NA;NA;ND;NA;NA;NA;
12;15;12.23;19.6;14.33;ND;ND;15.74;NA;NA;ND;NA;NA;NA;
12;16;24.05;19.95;31.53;ND;ND;26.69;NA;NA;ND;NA;NA;NA;
12;17;18.36;21.74;30.75;ND;ND;15.02;NA;NA;ND;NA;NA;NA;
12;18;25.07;22.34;20.15;ND;ND;18.91;NA;NA;ND;NA;NA;NA;
12;19;28.79;31.39;18.57;ND;ND;29.21;NA;NA;ND;NA;NA;NA;
12;20;25.61;20.23;17.15;ND;ND;26.15;NA;NA;ND;NA;NA;NA;
12;21;22.55;17.75;13.47;ND;ND;21.95;NA;NA;ND;NA;NA;NA;
12;22;19.23;14.24;8.63;ND;ND;12.05;NA;NA;ND;NA;NA;NA;
12;23;10.22;20.09;9.66;ND;ND;2.91;NA;NA;ND;NA;NA;NA;
13;0;20.2;28.56;5.1;ND;ND;13.57;NA;NA;ND;NA;NA;NA;
13;1;13.55;28.5;9.98;ND;ND;9.89;NA;NA;ND;NA;NA;NA;
13;2;10.54;15.84;6.49;ND;ND;11.95;NA;NA;ND;NA;NA;NA;
13;3;10.89;18.73;7.44;ND;ND;16.6;NA;NA;ND;NA;NA;NA;
13;4;14.61;12.9;0.01;ND;ND;10.96;NA;NA;ND;NA;NA;NA;
13;5;17.03;39.45;11.58;ND;ND;10.13;NA;NA;ND;NA;NA;NA;
13;6;25.73;35.17;13.73;ND;ND;31.54;NA;NA;ND;NA;NA;NA;
13;7;35.88;39.04;32.96;ND;ND;52.03;NA;NA;ND;NA;NA;NA;
13;8;18.56;26.35;46.15;ND;ND;38.31;NA;NA;ND;NA;NA;NA;
13;9;17.22;13.71;37.94;ND;ND;46.38;NA;NA;ND;NA;NA;NA;
13;10;10.36;6.45;22.26;ND;ND;14.49;NA;NA;ND;NA;NA;NA;
13;11;16.12;14.11;15.23;ND;ND;ND;NA;NA;ND;NA;NA;NA;
13;12;13.77;17.94;10.71;ND;0;ND;NA;NA;ND;NA;NA;NA;
13;13;10.27;20.32;11.35;ND;0;ND;NA;NA;ND;NA;NA;NA;
13;14;16.26;17.89;13.01;ND;ND;ND;NA;NA;ND;NA;NA;NA;
13;15;19.99;20.51;23.01;ND;0;ND;NA;NA;ND;NA;NA;NA;
13;16;20.48;20.14;19.02;ND;ND;ND;NA;NA;ND;NA;NA;NA;
13;17;14.93;14.49;22.43;ND;ND;ND;NA;NA;ND;NA;NA;NA;
13;18;17.55;22.57;27.31;ND;6.07;ND;NA;NA;ND;NA;NA;NA;
13;19;23.29;24.09;20.8;ND;8.25;ND;NA;NA;ND;NA;NA;NA;
13;20;25.1;26.03;9.16;ND;7.63;ND;NA;NA;ND;NA;NA;NA;
13;21;26.99;14.02;16.03;ND;28.39;ND;NA;NA;ND;NA;NA;NA;
13;22;17.36;22.01;12.46;ND;10.3;ND;NA;NA;ND;NA;NA;NA;
13;23;16.83;11.3;12.23;ND;20.56;ND;NA;NA;ND;NA;NA;NA;
14;0;29.1;31.26;7.43;ND;7.98;ND;NA;NA;ND;NA;NA;NA;
14;1;23.71;28.55;4.29;ND;11.08;ND;NA;NA;ND;NA;NA;NA;
14;2;7.74;20.47;6.61;ND;8.31;ND;NA;NA;ND;NA;NA;NA;
14;3;10.47;19.49;6.15;ND;7.06;ND;NA;NA;ND;NA;NA;NA;
14;4;9.38;25.06;6.14;ND;10.82;ND;NA;NA;ND;NA;NA;NA;
14;5;14.32;26.09;6.11;ND;15.83;ND;NA;NA;ND;NA;NA;NA;
14;6;20.73;36.52;10.64;ND;21.53;ND;NA;NA;ND;NA;NA;NA;
14;7;19.84;30.74;33.68;ND;22.11;ND;NA;NA;ND;NA;NA;NA;
14;8;7.43;13.35;41.4;ND;39.23;ND;NA;NA;ND;NA;NA;NA;
14;9;16.41;15.97;39.03;ND;23.26;ND;NA;NA;ND;NA;NA;NA;
14;10;13.68;11.45;11.82;ND;12.72;ND;NA;NA;ND;NA;NA;NA;
14;11;6.92;13.44;6.37;ND;12.52;ND;NA;NA;ND;NA;NA;NA;
14;12;6.69;18.81;2.33;ND;12.12;ND;NA;NA;ND;NA;NA;NA;
14;13;5.27;4.5;1.44;ND;9.21;ND;NA;NA;ND;NA;NA;NA;
14;14;8.98;9.95;8.56;ND;11.7;ND;NA;NA;ND;NA;NA;NA;
14;15;16.31;20.42;7.72;ND;6.22;ND;NA;NA;ND;NA;NA;NA;
14;16;7.7;11.81;3.65;ND;13.33;ND;NA;NA;ND;NA;NA;NA;
14;17;7.65;4.04;20.91;ND;27.84;ND;NA;NA;ND;NA;NA;NA;
14;18;20.64;19.66;24.59;ND;30.25;ND;NA;NA;ND;NA;NA;NA;
14;19;15.31;23.21;27.64;ND;27.28;ND;NA;NA;ND;NA;NA;NA;
14;20;16.67;13.2;24.93;ND;26.46;ND;NA;NA;ND;NA;NA;NA;
14;21;21.29;17.15;29.86;ND;31.3;ND;NA;NA;ND;NA;NA;NA;
14;22;17.73;12.47;19.87;ND;27.92;ND;NA;NA;ND;NA;NA;NA;
14;23;17.64;16.65;14.42;ND;18.26;ND;NA;NA;ND;NA;NA;NA;
15;0;16.22;34.47;26.47;ND;14.17;ND;NA;NA;ND;NA;NA;NA;
15;1;15.98;17.64;20.54;ND;12.98;ND;NA;NA;ND;NA;NA;NA;
15;2;7.61;24.2;15.89;ND;7.86;ND;NA;NA;ND;NA;NA;NA;
15;3;14.14;27.62;6.6;ND;10.76;ND;NA;NA;ND;NA;NA;NA;
15;4;15.95;23.74;8.51;ND;14.32;ND;NA;NA;ND;NA;NA;NA;
15;5;21.56;27.54;6.48;ND;11.2;ND;NA;NA;ND;NA;NA;NA;
15;6;31.41;44.86;20.32;ND;32.57;ND;NA;NA;ND;NA;NA;NA;
15;7;28.12;58.24;22.57;ND;54;ND;NA;NA;ND;NA;NA;NA;
15;8;16.82;35.7;14.98;ND;28.45;ND;NA;NA;ND;NA;NA;NA;
15;9;18.36;7.03;8.18;ND;6.74;ND;NA;NA;ND;NA;NA;NA;
15;10;6.92;17.05;9.43;ND;5.41;ND;NA;NA;ND;NA;NA;NA;
15;11;7.16;10.31;13.36;ND;6.34;ND;NA;NA;ND;NA;NA;NA;
15;12;10.11;11.17;17.22;ND;11.84;ND;NA;NA;ND;NA;NA;NA;
15;13;3.38;6.21;3.51;ND;7.5;ND;NA;NA;ND;NA;NA;NA;
15;14;18.91;17.49;3.15;ND;13.3;ND;NA;NA;ND;NA;NA;NA;
15;15;14.94;15.5;20.97;ND;6.9;ND;NA;NA;ND;NA;NA;NA;
15;16;8.49;17.36;17.69;ND;26.84;24.88;NA;NA;ND;NA;NA;NA;
15;17;20.22;15.99;10.49;ND;22.55;23.11;NA;NA;ND;NA;NA;NA;
15;18;11.89;18.27;8.33;ND;20.88;25.79;NA;NA;ND;NA;NA;NA;
15;19;17.52;14.08;28.99;ND;21.93;23.04;NA;NA;ND;NA;NA;NA;
15;20;17.16;15.95;30.19;ND;20.78;22.55;NA;NA;ND;NA;NA;NA;
15;21;18.18;13.09;29.14;ND;22.5;37.69;NA;NA;ND;NA;NA;NA;
15;22;14.97;13.99;19.55;ND;23.97;21.39;NA;NA;ND;NA;NA;NA;
15;23;13.68;8.57;12.49;ND;14.17;15.57;NA;NA;ND;NA;NA;NA;
16;0;17.37;15.74;20.96;ND;22.38;18.16;NA;NA;ND;NA;NA;NA;
16;1;14.17;13.01;9.91;ND;15.82;8.14;NA;NA;ND;NA;NA;NA;
16;2;11.72;15.52;11.01;ND;11.51;13;NA;NA;ND;NA;NA;NA;
16;3;17.41;12.1;11.99;ND;15.6;12.77;NA;NA;ND;NA;NA;NA;
16;4;12.49;14.6;15.17;ND;20.56;11.18;NA;NA;ND;NA;NA;NA;
16;5;16.11;10.41;12.89;ND;15.8;17.99;NA;NA;ND;NA;NA;NA;
16;6;13.78;12.96;16.38;ND;39.78;26.51;NA;NA;ND;NA;NA;NA;
16;7;15.14;14.22;22.54;ND;41.11;41.82;NA;NA;ND;NA;NA;NA;
16;8;15.09;10.22;27.22;ND;38.37;30.99;NA;NA;ND;NA;NA;NA;
16;9;12.61;11.73;28.93;ND;18.77;21.94;NA;NA;ND;NA;NA;NA;
16;10;18.83;16.31;27.11;ND;22.7;21.56;NA;NA;ND;NA;NA;NA;
16;11;10.48;14.45;27.21;ND;26.98;19.01;NA;NA;ND;NA;NA;NA;
16;12;6.7;6.55;24.96;ND;14.02;20.77;NA;NA;ND;NA;NA;NA;
16;13;15.47;9.2;2.27;ND;11.55;5.48;NA;NA;ND;NA;NA;NA;
16;14;12.4;16.49;19.71;ND;11.48;7.25;NA;NA;ND;NA;NA;NA;
16;15;13.48;21;18.02;ND;21.27;15.25;NA;NA;ND;NA;NA;NA;
16;16;21.57;28.07;20.55;ND;17.77;16.73;NA;NA;ND;NA;NA;NA;
16;17;16.15;16.43;23.76;ND;16.96;17.55;NA;NA;ND;NA;NA;NA;
16;18;25.36;21.79;32.41;ND;21.84;27.42;NA;NA;ND;NA;NA;NA;
16;19;21.7;17.61;17.86;ND;29.88;21.5;NA;NA;ND;NA;NA;NA;
16;20;20.65;9.7;28.8;ND;26.24;16.17;NA;NA;ND;NA;NA;NA;
16;21;14.57;9.4;17.28;ND;29.34;22.83;NA;NA;ND;NA;NA;NA;
16;22;20.16;13.09;14.03;ND;20.93;16.12;NA;NA;ND;NA;NA;NA;
16;23;10.95;15.3;19.47;ND;22.4;18.14;NA;NA;ND;NA;NA;NA;
17;0;19.8;33.27;9;ND;36.51;22.9;NA;NA;ND;NA;NA;NA;
17;1;17.58;15.33;18.56;ND;21.59;18.92;NA;NA;ND;NA;NA;NA;
17;2;12.87;8.85;18.79;ND;21.3;21.01;NA;NA;ND;NA;NA;NA;
17;3;18.2;18.19;13.22;ND;21.41;13.05;NA;NA;ND;NA;NA;NA;
17;4;12.5;16.44;18.44;ND;24.22;17.63;NA;NA;ND;NA;NA;NA;
17;5;16.82;8.23;13.34;ND;23.39;19.39;NA;NA;ND;NA;NA;NA;
17;6;17.66;25.02;14;ND;33.47;29.15;NA;NA;ND;NA;NA;NA;
17;7;15.72;14.32;15.74;ND;36.59;37.74;NA;NA;ND;NA;NA;NA;
17;8;13.48;19.38;22.54;ND;25.31;23.38;NA;NA;ND;NA;NA;NA;
17;9;14.23;12.17;32.54;ND;19.16;17.68;NA;NA;ND;NA;NA;NA;
17;10;23.35;14.24;27.25;ND;18.02;26.27;NA;NA;ND;NA;NA;NA;
17;11;7.83;13.58;9.24;ND;19;7.23;NA;NA;ND;NA;NA;NA;
17;12;13.31;19.69;13.13;ND;9.88;5.99;NA;NA;ND;NA;NA;NA;
17;13;15.4;12.86;4.79;ND;17.06;7.02;NA;NA;ND;NA;NA;NA;
17;14;19.05;26.28;18.98;ND;17.51;18.32;NA;NA;ND;NA;NA;NA;
17;15;5.69;31.74;17.36;ND;10.27;9.23;NA;NA;ND;NA;NA;NA;
17;16;14.73;10.84;24.76;ND;16.1;9.14;NA;NA;ND;NA;NA;NA;
17;17;18.5;21.17;10.44;ND;16.25;24.03;NA;NA;ND;NA;NA;NA;
17;18;19.29;19.38;25.22;ND;27.3;19.54;NA;NA;ND;NA;NA;NA;
17;19;15.49;16.19;21.1;ND;23.93;14.91;NA;NA;ND;NA;NA;NA;
17;20;12.17;11.01;21.7;ND;28.41;26.45;NA;NA;ND;NA;NA;NA;
17;21;21.23;11.92;20.28;ND;15.85;7.98;NA;NA;ND;NA;NA;NA;
17;22;12.64;14.39;20.49;ND;19.37;21.89;NA;NA;ND;NA;NA;NA;
17;23;14.36;8.89;15.44;ND;14.17;14.01;NA;NA;ND;NA;NA;NA;
18;0;6.08;5.49;14.81;ND;19.87;12.77;NA;NA;ND;NA;NA;NA;
18;1;10.77;8.74;19.2;ND;25.89;22.39;NA;NA;ND;NA;NA;NA;
18;2;16.92;7.93;20.71;ND;16.76;21.25;NA;NA;ND;NA;NA;NA;
18;3;13.49;14.72;28.2;ND;21.94;18.02;NA;NA;ND;NA;NA;NA;
18;4;12.68;5.11;22.89;ND;21.13;24.3;NA;NA;ND;NA;NA;NA;
18;5;11.37;11.49;11.81;ND;23.22;8.65;NA;NA;ND;NA;NA;NA;
18;6;14.57;11.63;24.87;ND;18.68;15.63;NA;NA;ND;NA;NA;NA;
18;7;27.72;28.77;34.05;ND;20.71;24.72;NA;NA;ND;NA;NA;NA;
18;8;26.3;20.5;31.47;ND;24.5;24.39;NA;NA;ND;NA;NA;NA;
18;9;9.16;25.21;9.14;ND;20.97;19.12;NA;NA;ND;NA;NA;NA;
18;10;17.69;19.83;17.72;ND;12.68;21.86;NA;NA;ND;NA;NA;NA;
18;11;3.46;7.26;7.71;ND;14.85;14.77;NA;NA;ND;NA;NA;NA;
18;12;7.1;4.28;3.06;ND;13.57;2.38;NA;NA;ND;NA;NA;NA;
18;13;4.37;0.78;6.63;ND;9.38;7.44;NA;NA;ND;NA;NA;NA;
18;14;4.04;12.17;10.3;ND;15.72;ND;NA;NA;ND;NA;NA;NA;
18;15;12.65;11.86;10.45;ND;8.83;ND;NA;NA;ND;NA;NA;NA;
18;16;15.76;15.82;27.35;ND;21.41;21.41;NA;NA;ND;NA;NA;NA;
18;17;12.18;13.07;22.24;ND;23.77;19.94;NA;NA;ND;NA;NA;NA;
18;18;15.26;24.87;24.89;ND;32.14;17.18;NA;NA;ND;NA;NA;NA;
18;19;13.96;17.31;28.55;ND;30.76;16.19;NA;NA;ND;NA;NA;NA;
18;20;14.2;17.16;28.96;ND;23.71;29.91;NA;NA;ND;NA;NA;NA;
18;21;10.75;25.61;30.31;ND;28.41;39.54;NA;NA;ND;NA;NA;NA;
18;22;21.79;20.87;21.92;ND;28.11;19.35;NA;NA;ND;NA;NA;NA;
18;23;20.17;10.18;26.6;ND;29.38;21.78;NA;NA;ND;NA;NA;NA;
19;0;16.14;34.5;26.74;ND;24.45;25.6;NA;NA;ND;NA;NA;NA;
19;1;22.7;23.87;19.39;ND;21.53;25.59;NA;NA;ND;NA;NA;NA;
19;2;21.22;17.18;16.99;ND;26.94;21.44;NA;NA;ND;NA;NA;NA;
19;3;22.14;11.72;13.98;ND;19.35;21.96;NA;NA;ND;NA;NA;NA;
19;4;18.78;14.41;21.89;ND;24.39;14.73;NA;NA;ND;NA;NA;NA;
19;5;21.22;14.63;23.73;ND;20.12;20.09;NA;NA;ND;NA;NA;NA;
19;6;22.49;20.83;27.14;ND;27.59;28.96;NA;NA;ND;NA;NA;NA;
19;7;20.93;31.54;25.83;ND;23.84;26.98;NA;NA;ND;NA;NA;NA;
19;8;21.68;20.83;40.55;ND;38.21;45.69;NA;NA;ND;NA;NA;NA;
19;9;35.43;26.63;47.79;ND;46.01;45.77;NA;NA;ND;NA;NA;NA;
19;10;41.38;14.25;30.43;ND;23.87;33.96;NA;NA;ND;NA;NA;NA;
19;11;9.55;16.4;18.17;ND;18.18;12.73;NA;NA;ND;NA;NA;NA;
19;12;16.4;15.29;8.66;ND;13.68;9.17;NA;NA;ND;NA;NA;NA;
19;13;19.4;20.61;16.98;ND;19;11.4;NA;NA;ND;NA;NA;NA;
19;14;10.26;11.95;7.61;ND;3.27;0.37;NA;NA;ND;NA;NA;NA;
19;15;10.9;16.38;6.69;ND;26.05;16.15;NA;NA;ND;NA;NA;NA;
19;16;18.33;19.59;22.56;ND;24.69;20.56;NA;NA;ND;NA;NA;NA;
19;17;15.58;28.08;16.77;ND;18.23;20.55;NA;NA;ND;NA;NA;NA;
19;18;10.82;33.79;19.53;ND;15.94;20.37;NA;NA;ND;NA;NA;NA;
19;19;11.83;20.48;20.61;ND;16.93;26.92;NA;NA;ND;NA;NA;NA;
19;20;16.26;19.29;18.82;ND;17.02;22.54;NA;NA;ND;NA;NA;NA;
19;21;11.97;8.78;26.57;ND;23.89;20.96;NA;NA;ND;NA;NA;NA;
19;22;15.43;25.58;16.59;ND;12.93;15.25;NA;NA;ND;NA;NA;NA;
19;23;19.8;7.44;ND;ND;22.31;11.05;NA;NA;ND;NA;NA;NA;
20;0;15.89;29.62;18.84;ND;16.08;5.67;NA;NA;ND;NA;NA;NA;
20;1;20.24;15.64;20.8;ND;24.07;12.58;NA;NA;ND;NA;NA;NA;
20;2;22.7;22.18;12.98;ND;19.71;14.47;NA;NA;ND;NA;NA;NA;
20;3;19.18;14.63;18.35;ND;29.64;13.62;NA;NA;ND;NA;NA;NA;
20;4;17.38;10.58;14.74;ND;22.37;20.48;NA;NA;ND;NA;NA;NA;
20;5;18.33;19.56;21.27;ND;32.06;27.81;NA;NA;ND;NA;NA;NA;
20;6;26.26;28.21;30.21;ND;46.95;26.12;NA;NA;ND;NA;NA;NA;
20;7;21.84;30.83;28.19;ND;38.91;38.58;NA;NA;ND;NA;NA;NA;
20;8;22.81;29.33;35.45;ND;50.09;39.91;NA;NA;ND;NA;NA;NA;
20;9;35.78;24.92;35.96;ND;40.75;31.6;NA;NA;ND;NA;NA;NA;
20;10;30.31;23.61;41.03;ND;43.32;41.33;NA;NA;ND;NA;NA;NA;
20;11;17.09;7.68;26.13;ND;30.65;28.71;NA;NA;ND;NA;NA;NA;
20;12;7.02;20.77;5.81;ND;8.74;0.96;NA;NA;ND;NA;NA;NA;
20;13;2.09;8.02;7.79;ND;6.31;11.6;NA;NA;ND;NA;NA;NA;
20;14;7.1;6.61;11.63;ND;13.38;0.92;NA;NA;ND;NA;NA;NA;
20;15;4.84;8.65;3.39;ND;3.06;3.48;NA;NA;ND;NA;NA;NA;
20;16;10.57;18.68;15.53;ND;19.91;9.27;NA;NA;ND;NA;NA;NA;
20;17;19.83;14.43;13.3;ND;11.01;13.14;NA;NA;ND;NA;NA;NA;
20;18;17.19;17.91;15.69;ND;24.24;17.2;NA;NA;ND;NA;NA;NA;
20;19;10.41;22.52;19.8;ND;21.4;28.75;NA;NA;ND;NA;NA;NA;
20;20;12.28;19.77;27.34;ND;28.35;21.97;NA;NA;ND;NA;NA;NA;
20;21;20.31;7.25;29.99;ND;37.97;20.5;NA;NA;ND;NA;NA;NA;
20;22;11.14;2.25;23.86;ND;30.87;27.36;NA;NA;ND;NA;NA;NA;
20;23;16.36;19.69;ND;ND;23.39;13.73;NA;NA;ND;NA;NA;NA;
21;0;8.16;14.57;19.95;ND;9.69;21.98;NA;NA;ND;NA;NA;NA;
21;1;13.32;11.5;27.66;ND;23.44;19.41;NA;NA;ND;NA;NA;NA;
21;2;16.54;13.85;16.76;ND;17.72;19.83;NA;NA;ND;NA;NA;NA;
21;3;9.77;14.46;13.85;ND;17.53;12.8;NA;NA;ND;NA;NA;NA;
21;4;15.93;14.93;13.15;ND;15.91;15.49;NA;NA;ND;NA;NA;NA;
21;5;12.82;8.58;8.46;ND;22.35;12.38;NA;NA;ND;NA;NA;NA;
21;6;19.15;17.6;18.33;ND;20.41;14.77;NA;NA;ND;NA;NA;NA;
21;7;21.04;13.89;28.24;ND;47.83;29.91;NA;NA;ND;NA;NA;NA;
21;8;23.12;23.34;26.61;ND;44.28;31.47;NA;NA;ND;NA;NA;NA;
21;9;21.55;23.32;25.75;ND;14.82;32.81;NA;NA;ND;NA;NA;NA;
21;10;32.59;21.12;29.7;ND;16.89;25.42;NA;NA;ND;NA;NA;NA;
21;11;7.27;6.65;7.84;ND;1.81;5.79;NA;NA;ND;NA;NA;NA;
21;12;2.03;3.83;7.37;ND;9.23;2.67;NA;NA;ND;NA;NA;NA;
21;13;12.28;14.54;2.67;ND;9.13;8.08;NA;NA;ND;NA;NA;NA;
21;14;12.83;11.25;7.09;ND;8.38;3.91;NA;NA;ND;NA;NA;NA;
21;15;14.83;18.4;7.85;ND;9.98;4.87;NA;NA;ND;NA;NA;NA;
21;16;9.26;10.2;15.84;ND;27.2;9.35;NA;NA;ND;NA;NA;NA;
21;17;20.15;24.61;19.91;ND;10.73;19.39;NA;NA;ND;NA;NA;NA;
21;18;8.27;14.09;29.04;ND;21.84;21.26;NA;NA;ND;NA;NA;NA;
21;19;13.72;18.02;27.14;ND;17.76;11.29;NA;NA;ND;NA;NA;NA;
21;20;12.03;14.14;21.6;ND;29.51;14.96;NA;NA;ND;NA;NA;NA;
21;21;14.21;1.66;25.86;ND;25.85;18.87;NA;NA;ND;NA;NA;NA;
21;22;10.04;6.37;22.32;ND;23.06;30.37;NA;NA;ND;NA;NA;NA;
21;23;8.48;2.64;11.77;ND;19.52;18.87;NA;NA;ND;NA;NA;NA;
22;0;28.23;2.26;21.6;ND;22.92;17.4;NA;NA;ND;NA;NA;NA;
22;1;7.17;8.22;13.66;ND;20.53;12.76;NA;NA;ND;NA;NA;NA;
22;2;6.72;5.03;11.87;ND;18.61;10.86;NA;NA;ND;NA;NA;NA;
22;3;6.74;17.22;14.5;ND;12.56;13.08;NA;NA;ND;NA;NA;NA;
22;4;9.62;6.05;10.96;ND;12.05;16.89;NA;NA;ND;NA;NA;NA;
22;5;4.3;11.84;15.76;ND;18.82;15.02;NA;NA;ND;NA;NA;NA;
22;6;12.26;7.69;18.81;ND;24.93;21.96;NA;NA;ND;NA;NA;NA;
22;7;14.86;18.91;25.55;ND;26.82;27.96;NA;NA;ND;NA;NA;NA;
22;8;16.47;21.19;22.51;ND;37.67;33.45;NA;NA;ND;NA;NA;NA;
22;9;28.16;17.62;35.28;ND;33.08;43.02;NA;NA;ND;NA;NA;NA;
22;10;40.35;21.43;40.29;ND;15.78;32.36;NA;NA;ND;NA;NA;NA;
22;11;26.64;22.99;25.25;ND;11.52;24.63;NA;NA;ND;NA;NA;NA;
22;12;18.05;22.81;14.59;ND;10.93;16.15;NA;NA;ND;NA;NA;NA;
22;13;23.47;16.05;16.37;ND;18.1;5.58;NA;NA;ND;NA;NA;NA;
22;14;ND;22.18;19.1;ND;14.95;12.05;NA;NA;ND;NA;NA;NA;
22;15;16.06;12.28;23.1;ND;25.92;17.85;NA;NA;ND;NA;NA;NA;
22;16;2.05;11.08;20.11;ND;15.18;16.99;NA;NA;ND;NA;NA;NA;
22;17;7.44;11.08;26.52;ND;12.5;20.14;NA;NA;ND;NA;NA;NA;
22;18;9.39;5.62;23.7;ND;27.39;20.99;NA;NA;ND;NA;NA;NA;
22;19;11.53;9.6;20.9;ND;24.81;27.4;NA;NA;ND;NA;NA;NA;
22;20;7.15;30.04;23.14;ND;13.75;20.98;NA;NA;ND;NA;NA;NA;
22;21;11.5;25.49;15.91;ND;8.53;19;NA;NA;ND;NA;NA;NA;
22;22;15.62;16.45;17.86;ND;14.78;12.01;NA;NA;ND;NA;NA;NA;
22;23;21.84;7.36;9.85;ND;16.22;19.58;NA;NA;ND;NA;NA;NA;
23;0;18.7;18.2;12.7;ND;7.09;15.55;NA;NA;ND;NA;NA;NA;
23;1;20.85;11.7;9.4;ND;20.56;24.68;NA;NA;ND;NA;NA;NA;
23;2;17.42;4.48;17.46;ND;16.75;18.95;NA;NA;ND;NA;NA;NA;
23;3;15.67;15.04;16.57;ND;10.03;11.57;NA;NA;ND;NA;NA;NA;
23;4;15.19;6.36;9.91;ND;4.42;7.75;NA;NA;ND;NA;NA;NA;
23;5;17.44;14.81;2.98;ND;4.07;2.86;NA;NA;ND;NA;NA;NA;
23;6;8.52;8.39;7.15;ND;20.31;6.51;NA;NA;ND;NA;NA;NA;
23;7;12.96;14.49;21.64;ND;23.28;28.92;NA;NA;ND;NA;NA;NA;
23;8;9.39;3.34;25.61;ND;28.92;25.64;NA;NA;ND;NA;NA;NA;
23;9;16.25;6.35;17.61;ND;15.48;4.6;NA;NA;ND;NA;NA;NA;
23;10;15.41;19.42;15.88;ND;12.43;18.01;NA;NA;ND;NA;NA;NA;
23;11;13.67;24.4;14.5;ND;9.36;8.36;NA;NA;ND;NA;NA;NA;
23;12;17.95;34.39;4.85;ND;7.02;10.59;NA;NA;ND;NA;NA;NA;
23;13;17.65;6.57;7.63;ND;13.69;8.28;NA;NA;ND;NA;NA;NA;
23;14;4.02;14.36;26.68;ND;16.95;18.6;NA;NA;ND;NA;NA;NA;
23;15;21.3;7.6;19.29;ND;22.22;10.01;NA;NA;ND;NA;NA;NA;
23;16;6.97;ND;17.07;ND;12.94;16.63;NA;NA;ND;NA;NA;NA;
23;17;7.27;2.62;14.85;ND;24.93;21.12;NA;NA;ND;NA;NA;NA;
23;18;12.72;7.95;24.09;ND;21.51;23.45;NA;NA;ND;NA;NA;NA;
23;19;12.15;15.45;23.42;ND;31.46;13.68;NA;NA;ND;NA;NA;NA;
23;20;8;6.83;12.98;ND;25.08;8.59;NA;NA;ND;NA;NA;NA;
23;21;13.02;20.47;17.74;ND;15.79;18.04;NA;NA;ND;NA;NA;NA;
23;22;10.89;19.31;9.97;ND;16.87;7.94;NA;NA;ND;NA;NA;NA;
23;23;3.42;3.07;7.43;ND;15.65;20.95;NA;NA;ND;NA;NA;NA;
24;0;12.02;9.59;16.03;ND;19.57;4.61;NA;NA;ND;NA;NA;NA;
24;1;6.91;17.53;6.92;ND;30.35;17.21;NA;NA;ND;NA;NA;NA;
24;2;9.23;8.55;15.26;ND;18.76;19.91;NA;NA;ND;NA;NA;NA;
24;3;12.23;25.03;9.01;ND;16.18;16.08;NA;NA;ND;NA;NA;NA;
24;4;10.14;20.97;14.35;ND;23.22;15.02;NA;NA;ND;NA;NA;NA;
24;5;13.67;24.12;21.47;ND;21.59;16.57;NA;NA;ND;NA;NA;NA;
24;6;11.68;13.86;10.57;ND;27.55;15.67;NA;NA;ND;NA;NA;NA;
24;7;14.25;17.6;17.35;ND;28.32;23.39;NA;NA;ND;NA;NA;NA;
24;8;26.23;27.07;28.39;ND;39.75;25.06;NA;NA;ND;NA;NA;NA;
24;9;13.83;20.43;11.67;ND;8.99;10.03;NA;NA;ND;NA;NA;NA;
24;10;19.82;18.78;17.39;ND;8;8.05;NA;NA;ND;NA;NA;NA;
24;11;13.1;5.86;15.72;ND;4.71;9.97;NA;NA;ND;NA;NA;NA;
24;12;14.76;12.17;17.32;ND;15.81;10.57;NA;NA;ND;NA;NA;NA;
24;13;12.84;8.8;14.98;ND;7.88;10.14;NA;NA;ND;NA;NA;NA;
24;14;12.44;15.35;11.99;ND;20.02;15.03;NA;NA;ND;NA;NA;NA;
24;15;7.97;12.02;10.55;ND;14.32;7.38;NA;NA;ND;NA;NA;NA;
24;16;3.4;11.85;10.96;ND;16.13;11.63;NA;NA;ND;NA;NA;NA;
24;17;10.71;10.56;19.47;ND;14.07;16.09;NA;NA;ND;NA;NA;NA;
24;18;17.67;23.4;18.63;ND;20.13;14.48;NA;NA;ND;NA;NA;NA;
24;19;20.08;19.29;21.14;ND;15.77;15.82;NA;NA;ND;NA;NA;NA;
24;20;24.31;14.03;20.98;ND;13.73;21.64;NA;NA;ND;NA;NA;NA;
24;21;23.94;17.03;23.88;ND;21.75;27.1;NA;NA;ND;NA;NA;NA;
24;22;23.26;20.18;22.03;ND;28.08;13.87;NA;NA;ND;NA;NA;NA;
24;23;18.84;12.23;16.93;ND;25.97;24.2;NA;NA;ND;NA;NA;NA;
25;0;24.18;17.65;22.21;ND;19.53;18.75;NA;NA;ND;NA;NA;NA;
25;1;18.49;21.27;19.39;ND;25.82;31.48;NA;NA;ND;NA;NA;NA;
25;2;11.77;21.53;8.11;ND;21.17;15.54;NA;NA;ND;NA;NA;NA;
25;3;16.08;17.41;13.39;ND;21.02;25.36;NA;NA;ND;NA;NA;NA;
25;4;17.52;15.45;18.78;ND;10.83;23.77;NA;NA;ND;NA;NA;NA;
25;5;15.67;13.22;15.09;ND;13.98;15.86;NA;NA;ND;NA;NA;NA;
25;6;17.47;31.16;18.14;ND;33.36;27.83;NA;NA;ND;NA;NA;NA;
25;7;25.76;40.06;21.51;ND;33.8;23.92;NA;NA;ND;NA;NA;NA;
25;8;22.51;21.89;30.1;ND;32.48;14.93;NA;NA;ND;NA;NA;NA;
25;9;23;10.92;14.38;ND;11.69;23.04;NA;NA;ND;NA;NA;NA;
25;10;14.44;11.67;23.24;ND;10.56;19.23;NA;NA;ND;NA;NA;NA;
25;11;12.99;11.56;12.06;ND;13.08;9.06;NA;NA;ND;NA;NA;NA;
25;12;14.96;ND;14.29;ND;10.44;6.44;NA;NA;ND;NA;NA;NA;
25;13;18.15;20.24;8.95;ND;4.15;5.44;NA;NA;ND;NA;NA;NA;
25;14;10.35;21.12;7.74;ND;10.11;13.68;NA;NA;ND;NA;NA;NA;
25;15;6.49;10.11;11.75;ND;7.97;10.45;NA;NA;ND;NA;NA;NA;
25;16;17.47;18.82;12.86;ND;12.46;8.83;NA;NA;ND;NA;NA;NA;
25;17;19.24;12.67;29.07;ND;25.86;19.62;NA;NA;ND;NA;NA;NA;
25;18;12.98;16.56;25.5;ND;17.75;21.21;NA;NA;ND;NA;NA;NA;
25;19;12.24;20;19.91;ND;24.08;20.57;NA;NA;ND;NA;NA;NA;
25;20;18.79;21.64;26.1;ND;25.6;20.19;NA;NA;ND;NA;NA;NA;
25;21;9.01;15.12;16.17;ND;18.24;13.22;NA;NA;ND;NA;NA;NA;
25;22;12.14;12.57;14.32;ND;13.09;18.88;NA;NA;ND;NA;NA;NA;
25;23;13.24;17.5;ND;ND;26.07;9.3;NA;NA;ND;NA;NA;NA;
26;0;9.52;14.24;17.6;ND;29.1;31.87;NA;NA;ND;NA;NA;NA;
26;1;18.86;11.5;22.22;ND;19.53;21.06;NA;NA;ND;NA;NA;NA;
26;2;21.39;15.42;15.02;ND;17.15;15.93;NA;NA;ND;NA;NA;NA;
26;3;19.71;12.99;11.29;ND;15.13;11.67;NA;NA;ND;NA;NA;NA;
26;4;23.57;20.3;10.16;ND;3.43;10.19;NA;NA;ND;NA;NA;NA;
26;5;15.88;17.96;8.12;ND;9.11;11.3;NA;NA;ND;NA;NA;NA;
26;6;25.34;26.75;12.26;ND;19.86;13.6;NA;NA;ND;NA;NA;NA;
26;7;23.82;22.01;19.88;ND;17.46;16.34;NA;NA;ND;NA;NA;NA;
26;8;15.33;13.27;21.39;ND;12.2;11.77;NA;NA;ND;NA;NA;NA;
26;9;11.57;10.47;8.67;ND;2.18;7.84;NA;NA;ND;NA;NA;NA;
26;10;17.64;9.46;10.76;ND;7.79;4.32;NA;NA;ND;NA;NA;NA;
26;11;5.27;17.71;15.15;ND;12.95;3.57;NA;NA;ND;NA;NA;NA;
26;12;2.72;23.62;9.16;ND;4.39;0.78;NA;NA;ND;NA;NA;NA;
26;13;20.15;9.76;6.17;ND;6.19;6.47;NA;NA;ND;NA;NA;NA;
26;14;9.64;15.93;8.78;ND;10.19;7.23;NA;NA;ND;NA;NA;NA;
26;15;15.25;ND;5.34;ND;6.89;3.45;NA;NA;ND;NA;NA;NA;
26;16;8.47;10.68;12.85;ND;8.99;ND;NA;NA;ND;NA;NA;NA;
26;17;9.35;15.28;12.64;ND;12.32;7.75;NA;NA;ND;NA;NA;NA;
26;18;16.16;21.12;21.41;ND;15.2;13.55;NA;NA;ND;NA;NA;NA;
26;19;7.9;26.3;19.38;ND;18.6;17.7;NA;NA;ND;NA;NA;NA;
26;20;15.07;19.88;16.45;ND;23.19;15.11;NA;NA;ND;NA;NA;NA;
26;21;17.11;11.76;13.55;ND;30.43;18.48;NA;NA;ND;NA;NA;NA;
26;22;23.48;26.12;17.05;ND;17.75;18.8;NA;NA;ND;NA;NA;NA;
26;23;14.32;31.31;ND;ND;16.22;24.81;NA;NA;ND;NA;NA;NA;
27;0;11.83;19.97;6.14;ND;31.66;27.86;NA;NA;ND;NA;NA;NA;
27;1;19.47;25.53;15.38;ND;24.02;20.68;NA;NA;ND;NA;NA;NA;
27;2;15.57;27.28;11.33;ND;32.9;9.09;NA;NA;ND;NA;NA;NA;
27;3;14.84;24.27;12.36;ND;22.65;23.17;NA;NA;ND;NA;NA;NA;
27;4;22.7;20.46;15.91;ND;23.54;12;NA;NA;ND;NA;NA;NA;
27;5;22.87;21.25;7.8;ND;24.79;25.02;NA;NA;ND;NA;NA;NA;
27;6;25.83;42.27;25.32;ND;55.14;38.22;NA;NA;ND;NA;NA;NA;
27;7;30.5;34.2;22.23;ND;59.34;51.36;NA;NA;ND;NA;NA;NA;
27;8;35.18;25.77;40.9;ND;53.18;44.42;NA;NA;ND;NA;NA;NA;
27;9;19.59;19.36;34.6;ND;36.67;30.06;NA;NA;ND;NA;NA;NA;
27;10;17.35;14.45;10.09;ND;12.31;2.13;NA;NA;ND;NA;NA;NA;
27;11;10.99;6.82;5.08;ND;4.18;16.27;NA;NA;ND;NA;NA;NA;
27;12;9.36;17.12;11.19;ND;11.08;2.33;NA;NA;ND;NA;NA;NA;
27;13;11.49;8.78;5.75;ND;8.02;14.92;NA;NA;ND;NA;NA;NA;
27;14;8.26;14.26;8.24;ND;9.17;9.43;NA;NA;ND;NA;NA;NA;
27;15;19.61;8.95;19.86;ND;19.94;5.05;NA;NA;ND;NA;NA;NA;
27;16;8.36;24.46;15.63;ND;6.24;6.62;NA;NA;ND;NA;NA;NA;
27;17;14.11;21.66;15.35;ND;24.4;12.55;NA;NA;ND;NA;NA;NA;
27;18;13.18;19.67;22.9;ND;21.94;16.35;NA;NA;ND;NA;NA;NA;
27;19;17.81;15;32.16;ND;20.27;23.81;NA;NA;ND;NA;NA;NA;
27;20;19.1;14.74;32.85;ND;19.27;39.83;NA;NA;ND;NA;NA;NA;
27;21;21.69;16.09;29.83;ND;ND;28.95;NA;NA;ND;NA;NA;NA;
27;22;17.47;37.18;19.78;ND;33.2;25.28;NA;NA;ND;NA;NA;NA;
27;23;17.09;14.79;ND;ND;27.1;22.28;NA;NA;ND;NA;NA;NA;
28;0;26.03;17.96;18.17;ND;21.57;23.5;NA;NA;ND;NA;NA;NA;
28;1;30.61;31.49;22.31;ND;24.86;16.79;NA;NA;ND;NA;NA;NA;
28;2;26.24;23.95;23.26;ND;21.51;25.72;NA;NA;ND;NA;NA;NA;
28;3;28.24;18.35;9.65;ND;15.72;18.16;NA;NA;ND;NA;NA;NA;
28;4;14.35;15.51;10.6;ND;28.9;17.59;NA;NA;ND;NA;NA;NA;
28;5;26.88;21.81;18.16;ND;33.67;14.92;NA;NA;ND;NA;NA;NA;
28;6;14.66;35.9;23.78;ND;47.27;28.37;NA;NA;ND;NA;NA;NA;
28;7;12.67;45.21;29.3;ND;48.72;31.2;NA;NA;ND;NA;NA;NA;
28;8;27.89;11.32;28.81;ND;39.82;34.1;NA;NA;ND;NA;NA;NA;
28;9;28.96;26.86;28.41;ND;24.32;20.59;NA;NA;ND;NA;NA;NA;
28;10;ND;24.43;24.92;ND;21.66;18.22;NA;NA;ND;NA;NA;NA;
28;11;ND;10.81;32.72;ND;30.76;26.1;NA;NA;ND;NA;NA;NA;
28;12;ND;7.39;25.35;ND;30.91;23.86;NA;NA;ND;NA;NA;NA;
28;13;ND;15.03;17.04;ND;19.66;16.2;NA;NA;ND;NA;NA;NA;
28;14;ND;18.04;11.91;ND;12.49;12.4;NA;NA;ND;NA;NA;NA;
28;15;ND;5.38;4.98;ND;21.89;6.71;NA;NA;ND;NA;NA;NA;
28;16;37.51;5.88;20.43;ND;19.25;27.51;NA;NA;ND;NA;NA;NA;
28;17;28.62;24.3;27.38;ND;15.62;11.65;NA;NA;ND;NA;NA;NA;
28;18;14.47;17.54;21.51;ND;21.78;18.66;NA;NA;ND;NA;NA;NA;
28;19;10.92;17.61;20.71;ND;16.89;16.27;NA;NA;ND;NA;NA;NA;
28;20;9.36;9.85;22.05;ND;16.02;24.88;NA;NA;ND;NA;NA;NA;
28;21;11.67;7.79;19.38;ND;24.3;17.64;NA;NA;ND;NA;NA;NA;
28;22;11.25;10.37;14.77;ND;13.42;13.1;NA;NA;ND;NA;NA;NA;
28;23;6.79;4.87;ND;ND;30.55;14.23;NA;NA;ND;NA;NA;NA;
29;0;6.73;30.64;14.47;ND;24.36;21.8;NA;NA;ND;NA;NA;NA;
29;1;8.43;7.39;8.61;ND;12.57;8.82;NA;NA;ND;NA;NA;NA;
29;2;5.45;11.06;22.14;ND;12.29;6.96;NA;NA;ND;NA;NA;NA;
29;3;14.2;7.62;14.66;ND;16.14;11.48;NA;NA;ND;NA;NA;NA;
29;4;11.46;12.68;8.78;ND;9.76;16.26;NA;NA;ND;NA;NA;NA;
29;5;19.87;8.32;13.23;ND;12.79;19.04;NA;NA;ND;NA;NA;NA;
29;6;17.09;26.06;21.63;ND;33.29;23.35;NA;NA;ND;NA;NA;NA;
29;7;22.06;24.17;34.33;ND;43.57;40.83;NA;NA;ND;NA;NA;NA;
29;8;30.52;26.84;45.58;ND;65.59;39.01;NA;NA;ND;NA;NA;NA;
29;9;26.04;30.3;ND;ND;47.16;57.55;NA;NA;ND;NA;NA;NA;
29;10;33.46;35.85;ND;ND;35.96;43.08;NA;NA;ND;NA;NA;NA;
29;11;26.43;29.28;ND;ND;36.71;25.89;NA;NA;ND;NA;NA;NA;
29;12;16.78;1.91;ND;ND;11.98;32.97;NA;NA;ND;NA;NA;NA;
29;13;30.83;18.47;ND;ND;26.82;21.93;NA;NA;ND;NA;NA;NA;
29;14;7.84;7.7;ND;ND;26.06;31.06;NA;NA;ND;NA;NA;NA;
29;15;5.99;7.5;ND;ND;29.22;12.28;NA;NA;ND;NA;NA;NA;
29;16;16.19;10.46;34.16;ND;21.02;28.32;NA;NA;ND;NA;NA;NA;
29;17;9.68;14.2;32.08;ND;26.42;18.14;NA;NA;ND;NA;NA;NA;
29;18;13.53;21.83;44.69;ND;25.64;18.22;NA;NA;ND;NA;NA;NA;
29;19;19.65;17.89;32.27;ND;31.08;32.2;NA;NA;ND;NA;NA;NA;
29;20;18.25;24.8;28.67;ND;22.85;24.59;NA;NA;ND;NA;NA;NA;
29;21;19.31;15.6;26;ND;30.13;25.24;NA;NA;ND;NA;NA;NA;
29;22;23.52;24.41;16.77;ND;29.25;20.18;NA;NA;ND;NA;NA;NA;
29;23;20.41;34.67;ND;ND;25.99;3.7;NA;NA;ND;NA;NA;NA;
30;0;27.15;38.25;30.33;ND;31.39;45.79;NA;NA;ND;NA;NA;NA;
30;1;17.21;17.78;28.53;ND;43.26;38.41;NA;NA;ND;NA;NA;NA;
30;2;21.82;23.26;22.13;ND;34.11;28.3;NA;NA;ND;NA;NA;NA;
30;3;18.22;20.08;28.02;ND;32.51;27.83;NA;NA;ND;NA;NA;NA;
30;4;20.03;22.44;17.01;ND;13.61;17.19;NA;NA;ND;NA;NA;NA;
30;5;25.18;21.86;17.07;ND;27.05;14.28;NA;NA;ND;NA;NA;NA;
30;6;32.17;51.59;25.67;ND;27.84;31.65;NA;NA;ND;NA;NA;NA;
30;7;22.38;63.87;27.51;ND;41.82;26.26;NA;NA;ND;NA;NA;NA;
30;8;26.1;27.99;28.66;ND;25.91;19.58;NA;NA;ND;NA;NA;NA;
30;9;36.96;32.89;25.51;ND;9.45;7.42;NA;NA;ND;NA;NA;NA;
30;10;36.98;8.15;14.1;ND;13.62;22;NA;NA;ND;NA;NA;NA;
30;11;22.34;8.04;4.73;ND;12.96;6.55;NA;NA;ND;NA;NA;NA;
30;12;8.41;6.54;3.89;ND;7.08;1.47;NA;NA;ND;NA;NA;NA;
30;13;9.9;19.63;8.88;ND;10.15;13.58;NA;NA;ND;NA;NA;NA;
30;14;17.14;9.18;11.28;ND;6.77;7.35;NA;NA;ND;NA;NA;NA;
30;15;6.38;14.58;12.16;ND;15.81;12.68;NA;NA;ND;NA;NA;NA;
30;16;14.18;13.65;12.93;ND;21.14;12.34;NA;NA;ND;NA;NA;NA;
30;17;12.65;14.06;19.57;ND;18.38;10.24;NA;NA;ND;NA;NA;NA;
30;18;21.75;19.4;18.29;ND;20.55;13.56;NA;NA;ND;NA;NA;NA;
30;19;16.73;19.83;23.61;ND;31.76;23.94;NA;NA;ND;NA;NA;NA;
30;20;24.03;19.98;24.12;ND;25.12;22.31;NA;NA;ND;NA;NA;NA;
30;21;23.84;21.31;24.98;ND;22.28;34.1;NA;NA;ND;NA;NA;NA;
30;22;25.54;29.79;10.67;ND;22.79;15.72;NA;NA;ND;NA;NA;NA;
30;23;17.63;30.43;ND;ND;10.09;17.01;NA;NA;ND;NA;NA;NA;
31;0;33.26;39.3;8.36;ND;19.77;9.1;NA;NA;ND;NA;NA;NA;
31;1;12.9;38.43;4.58;ND;27.74;12.72;NA;NA;ND;NA;NA;NA;
31;2;11.2;16.51;6.47;ND;31.45;20.49;NA;NA;ND;NA;NA;NA;
31;3;11.81;23.59;17.41;ND;24.95;18.73;NA;NA;ND;NA;NA;NA;
31;4;2.41;16.33;8.41;ND;16.08;21.94;NA;NA;ND;NA;NA;NA;
31;5;11.58;23.58;21.44;ND;23.85;25.12;NA;NA;ND;NA;NA;NA;
31;6;8.01;28.83;18.41;ND;19.48;22.79;NA;NA;ND;NA;NA;NA;
31;7;15.81;36.87;25.17;ND;35.92;31.47;NA;NA;ND;NA;NA;NA;
31;8;19.03;28.2;26.63;ND;30.77;25.25;NA;NA;ND;NA;NA;NA;
31;9;6.74;12.56;10.55;ND;27.49;13.97;NA;NA;ND;NA;NA;NA;
31;10;13.73;14.44;15.12;ND;13.72;18.56;NA;NA;ND;NA;NA;NA;
31;11;8.72;4.92;16;ND;22.03;16.63;NA;NA;ND;NA;NA;NA;
31;12;9.07;0.91;7.91;ND;9.27;5.59;NA;NA;ND;NA;NA;NA;
31;13;15.38;15.05;8.35;ND;15.06;9.58;NA;NA;ND;NA;NA;NA;
31;14;6.56;5.01;13.46;ND;5.5;2.06;NA;NA;ND;NA;NA;NA;
31;15;16.9;16.78;15.63;ND;10.14;15.05;NA;NA;ND;NA;NA;NA;
31;16;14.13;15.83;12.69;ND;17.4;23.7;NA;NA;ND;NA;NA;NA;
31;17;17.01;23.94;14.2;ND;13.29;5.34;NA;NA;ND;NA;NA;NA;
31;18;22.82;10.63;18.55;ND;16.38;11.42;NA;NA;ND;NA;NA;NA;
31;19;15.29;10.77;11.79;ND;16.36;18.92;NA;NA;ND;NA;NA;NA;
31;20;8.21;9.69;15.18;ND;8.87;18.99;NA;NA;ND;NA;NA;NA;
31;21;8.57;12.81;14.75;ND;8.27;17.21;NA;NA;ND;NA;NA;NA;
31;22;18.02;6.17;8.34;ND;6.65;11.86;NA;NA;ND;NA;NA;NA;
31;23;12.72;6.36;14.11;ND;14.75;7.19;NA;NA;ND;NA;NA;NA;
