DIA;HORA;Cotocollao;Carapungo;Belisario;Jipijapa;El Camal;Centro;Guamaní;Tumbaco;Los Chillos;El Condado;Turubamba;Chillogallo;
1;0;1.49;1.66;2.8;ND;4.48;2.72;ND;2.15;ND;NA;NA;NA;
1;1;ND;ND;3.37;ND;ND;2.78;ND;1.52;ND;NA;NA;NA;
1;2;1.36;1.47;1.77;ND;6.11;2.11;ND;1.79;ND;NA;NA;NA;
1;3;0.85;1.29;2.4;ND;6.14;3.73;ND;4.09;ND;NA;NA;NA;
1;4;2.93;1.5;5.3;ND;4.68;2.68;ND;3.3;ND;NA;NA;NA;
1;5;5.45;2.79;5.42;ND;6.97;5.02;ND;2.95;ND;NA;NA;NA;
1;6;7.76;6.6;10.22;ND;6.93;7.16;ND;5.07;ND;NA;NA;NA;
1;7;14.3;7.44;5.77;ND;4.46;3.86;ND;13.81;ND;NA;NA;NA;
1;8;8.1;6.02;4.89;ND;3.48;2.99;ND;18.85;ND;NA;NA;NA;
1;9;3.68;3.55;3.61;ND;3.39;2.44;ND;9.21;ND;NA;NA;NA;
1;10;5.1;2.72;5.16;ND;2.15;1.13;ND;5.63;ND;NA;NA;NA;
1;11;2.21;1.48;4.88;ND;3.36;2.73;ND;3.16;ND;NA;NA;NA;
1;12;1.97;1.41;2.25;ND;3.09;1.24;ND;0.97;ND;NA;NA;NA;
1;13;1.51;1.45;2.13;ND;2.18;0.87;ND;1.37;ND;NA;NA;NA;
1;14;0.89;1.36;1.67;ND;2.31;1.35;ND;4.41;ND;NA;NA;NA;
1;15;1.12;1.68;1.28;ND;1.64;1.55;ND;3.13;ND;NA;NA;NA;
1;16;0.85;1.17;1.91;ND;1.85;1.9;ND;2.78;ND;NA;NA;NA;
1;17;0.7;1.48;2.91;ND;2.29;1.66;ND;2.43;ND;NA;NA;NA;
1;18;1.14;1.56;5.48;ND;2.76;2.28;ND;2;ND;NA;NA;NA;
1;19;1.53;1.69;5.86;ND;3.98;2.6;ND;1.74;ND;NA;NA;NA;
1;20;1.75;1.51;6.49;ND;4.67;4.01;ND;1.54;ND;NA;NA;NA;
1;21;1.74;1.46;4.21;ND;3.26;2.67;ND;1.34;ND;NA;NA;NA;
1;22;1.27;1.44;3.64;ND;5.14;2.44;ND;1.42;ND;NA;NA;NA;
1;23;1.17;1.11;2.95;ND;3.83;2.74;ND;1.57;ND;NA;NA;NA;
2;0;0.78;1.18;4;ND;3.81;2.22;ND;3.08;ND;NA;NA;NA;
2;1;1.16;1.38;ND;ND;2.46;ND;ND;2.32;ND;NA;NA;NA;
2;2;1.5;1.33;4.35;ND;6.26;2.21;ND;1.76;ND;NA;NA;NA;
2;3;1.92;1.28;5.63;ND;7.81;6.9;ND;2.85;ND;NA;NA;NA;
2;4;2.51;1.37;5.52;ND;9.52;6.73;ND;2.5;ND;NA;NA;NA;
2;5;4.6;2.67;13.95;ND;25.61;5.8;ND;3.57;ND;NA;NA;NA;
2;6;6.22;3.71;13.83;ND;12.92;8.61;ND;6.63;ND;NA;NA;NA;
2;7;9.03;5.51;9.37;ND;15.14;14.08;ND;8.54;ND;NA;NA;NA;
2;8;11.38;5.65;11.86;ND;5.32;9.62;ND;12.69;ND;NA;NA;NA;
2;9;7.17;3.49;7.68;ND;4.68;4.92;ND;23.51;ND;NA;NA;NA;
2;10;11.52;6.81;12.77;ND;7.55;9.13;ND;11.79;ND;NA;NA;NA;
2;11;7.74;6.42;7.91;ND;9.28;11;ND;4.38;ND;NA;NA;NA;
2;12;3.98;3.32;4.64;ND;5.17;4.84;ND;2.09;ND;NA;NA;NA;
2;13;2.29;2.27;2.88;ND;4.01;2.47;ND;1.82;ND;NA;NA;NA;
2;14;2.22;2.49;1.95;ND;4.97;1.52;ND;1.66;ND;NA;NA;NA;
2;15;1.44;2.2;1.27;ND;2.95;1.88;ND;3.13;ND;NA;NA;NA;
2;16;1.27;1.96;1.81;ND;2.67;1.42;ND;2.86;ND;NA;NA;NA;
2;17;1.28;1.63;4.16;ND;3.23;1.48;ND;3.07;ND;NA;NA;NA;
2;18;1.39;1.81;5.33;ND;3.32;2.38;ND;2.2;ND;NA;NA;NA;
2;19;2.13;2.1;6.28;ND;4.34;4.36;ND;2.72;ND;NA;NA;NA;
2;20;2.61;1.93;6.67;ND;5.09;2.99;ND;2.17;ND;NA;NA;NA;
2;21;2.66;2.15;6.45;ND;5.52;4.31;ND;1.96;ND;NA;NA;NA;
2;22;2.87;3.09;6.45;ND;22.3;4.58;ND;2.97;ND;NA;NA;NA;
2;23;2.79;2.71;6.81;ND;16.18;6.23;ND;2.47;ND;NA;NA;NA;
3;0;3.52;3;3.86;ND;13.28;5.91;ND;2.78;ND;NA;NA;NA;
3;1;ND;ND;2.58;ND;ND;3.99;ND;2.92;ND;NA;NA;NA;
3;2;2.75;7.2;2.22;ND;6.24;2.8;ND;2.7;ND;NA;NA;NA;
3;3;3.71;6.85;1.83;ND;6.59;3.05;ND;2.31;ND;NA;NA;NA;
3;4;4.28;5.34;1.55;ND;2.76;2.74;ND;5.31;ND;NA;NA;NA;
3;5;5.19;6.74;1.76;ND;3.68;3.43;ND;4.55;ND;NA;NA;NA;
3;6;9.12;10.51;1.89;ND;5.68;3.65;ND;10.25;ND;NA;NA;NA;
3;7;3.2;8.01;3.07;ND;2.64;4.98;ND;19.17;ND;NA;NA;NA;
3;8;2.31;6.12;3.67;ND;3.68;3.25;ND;23.66;ND;NA;NA;NA;
3;9;2.52;3.53;3.47;ND;2.88;1.94;ND;8.66;ND;NA;NA;NA;
3;10;2.35;2.33;2.89;ND;1.73;1.16;ND;9.96;ND;NA;NA;NA;
3;11;2.08;2.27;2.34;ND;1.86;1.17;ND;23.06;ND;NA;NA;NA;
3;12;1.47;2.15;2.37;ND;2.65;1.84;ND;46.06;ND;NA;NA;NA;
3;13;1.34;2.61;1.81;ND;3.01;1.56;ND;9.29;ND;NA;NA;NA;
3;14;1.16;2.68;0.84;ND;2.88;1.02;ND;2.18;ND;NA;NA;NA;
3;15;0.99;2.18;2.35;ND;2.8;1.05;ND;4.14;ND;NA;NA;NA;
3;16;0.8;2.05;2.88;ND;2.38;0.93;ND;2.78;ND;NA;NA;NA;
3;17;1;2.42;3.66;ND;2.39;1.14;ND;3.09;ND;NA;NA;NA;
3;18;1.58;2.33;4.7;ND;3.75;1.57;ND;2.48;ND;NA;NA;NA;
3;19;2.42;2.41;5.68;ND;3.77;2.66;ND;3.11;ND;NA;NA;NA;
3;20;2.3;2.45;4.6;ND;4.27;3.22;ND;3.24;ND;NA;NA;NA;
3;21;1.84;2.2;4.58;ND;3.69;3.42;ND;3.02;ND;NA;NA;NA;
3;22;2.17;2.37;5.53;ND;2.33;2.82;ND;2.99;ND;NA;NA;NA;
3;23;1.58;2.47;4.19;ND;2.32;3.72;ND;2.77;ND;NA;NA;NA;
4;0;1.44;2.28;3.56;ND;1.72;3.86;ND;2.49;ND;NA;NA;NA;
4;1;1.62;2.58;ND;ND;2.47;ND;ND;2.33;ND;NA;NA;NA;
4;2;2;2.11;2.79;ND;2.49;3.78;ND;2.13;ND;NA;NA;NA;
4;3;2.02;1.98;2.28;ND;2.36;2.69;ND;2.34;ND;NA;NA;NA;
4;4;1.97;2.55;1.88;ND;4.23;2.58;ND;3.89;ND;NA;NA;NA;
4;5;2.65;3.19;2.17;ND;3.92;4.35;ND;5;ND;NA;NA;NA;
4;6;4.15;5;2.29;ND;1.83;3.93;ND;12.8;ND;NA;NA;NA;
4;7;6.69;7.19;2.75;ND;1.44;2.98;ND;15.57;ND;NA;NA;NA;
4;8;1.66;6.6;2.57;ND;2.06;1.71;ND;8.61;ND;NA;NA;NA;
4;9;1.44;2.65;1.73;ND;1.71;0.64;ND;4.36;ND;NA;NA;NA;
4;10;1.13;1.57;4.07;ND;1.51;1.65;ND;1.85;ND;NA;NA;NA;
4;11;1.11;0.97;2.64;ND;1.36;1.88;ND;1.61;ND;NA;NA;NA;
4;12;0.85;1.16;2.17;ND;2.22;1.47;ND;1.56;ND;NA;NA;NA;
4;13;0.47;0.93;1.39;ND;2.19;1.52;ND;1.45;ND;NA;NA;NA;
4;14;1.04;1.63;3.15;ND;2;1.22;ND;1.34;ND;NA;NA;NA;
4;15;0.82;1.34;3.01;ND;2.35;0.48;ND;1.3;ND;NA;NA;NA;
4;16;0.8;1.76;2.09;ND;2.38;1.55;ND;1.87;ND;NA;NA;NA;
4;17;0.87;2.05;1.25;ND;2.11;1.26;ND;2.86;ND;NA;NA;NA;
4;18;0.95;1.88;2.34;ND;1.7;1.23;ND;2.98;ND;NA;NA;NA;
4;19;1.47;1.83;2.81;ND;1.93;1.8;ND;2.55;ND;NA;NA;NA;
4;20;1.5;1.6;2.35;ND;1.93;2.2;ND;2.23;ND;NA;NA;NA;
4;21;1.34;1.67;2.1;ND;2.07;2.35;ND;1.82;ND;NA;NA;NA;
4;22;1.2;1.54;2.56;ND;2.48;1.94;ND;1.82;ND;NA;NA;NA;
4;23;1.09;1.78;2.5;ND;1.81;1.38;ND;1.66;ND;NA;NA;NA;
5;0;1.17;1.49;2.93;ND;2.32;1.54;ND;1.56;ND;NA;NA;NA;
5;1;ND;ND;3.16;ND;ND;1.91;ND;1.48;ND;NA;NA;NA;
5;2;1.25;1.51;2.61;ND;21.14;6.24;ND;1.77;ND;NA;NA;NA;
5;3;1.11;2.45;9.9;ND;24.81;16.39;ND;1.84;ND;NA;NA;NA;
5;4;1.77;2.68;3.7;ND;9.14;3.78;ND;2;ND;NA;NA;NA;
5;5;3.25;2.87;3.77;ND;13.86;5.13;ND;2.65;ND;NA;NA;NA;
5;6;7.42;4.92;13.07;ND;49.12;20.24;ND;5.06;ND;NA;NA;NA;
5;7;11.65;5.38;17.9;ND;23.95;17.19;ND;20.72;ND;NA;NA;NA;
5;8;9.71;4.79;6.74;ND;6.12;3.53;ND;14.03;ND;NA;NA;NA;
5;9;9.46;3.45;3.64;ND;2.97;1.96;ND;5.51;ND;NA;NA;NA;
5;10;2.74;2.15;3.89;ND;2.2;2.47;ND;3.17;ND;NA;NA;NA;
5;11;1.87;1.88;2.33;ND;2.22;2.2;ND;1.85;ND;NA;NA;NA;
5;12;1.68;2.78;2.44;ND;ND;ND;ND;1.87;ND;NA;NA;NA;
5;13;1.48;3.19;2.64;ND;2.3;2.85;ND;2.77;ND;NA;NA;NA;
5;14;0.73;2.52;2.37;ND;2.11;1.99;ND;3.67;ND;NA;NA;NA;
5;15;0.77;1.31;3.2;ND;1.82;ND;ND;2.53;ND;NA;NA;NA;
5;16;1.24;1.38;4.76;ND;ND;ND;ND;2.51;ND;NA;NA;NA;
5;17;1.1;1.54;4.59;ND;2.94;2.18;ND;1.97;ND;NA;NA;NA;
5;18;1.39;1.52;5.84;ND;3.09;3.76;ND;1.96;ND;NA;NA;NA;
5;19;2.23;1.72;9.8;ND;3.39;7.53;ND;2.19;ND;NA;NA;NA;
5;20;2.21;2.03;9.7;ND;5.12;8.33;ND;3.32;ND;NA;NA;NA;
5;21;2.31;1.75;7.94;ND;10.94;7.29;ND;2.65;ND;NA;NA;NA;
5;22;1.76;2.02;5.85;ND;4.26;5.71;ND;2.63;ND;NA;NA;NA;
5;23;2.03;2.4;6.15;ND;5.4;3.84;ND;2.22;ND;NA;NA;NA;
6;0;1.99;2.6;7.97;ND;19.98;7.35;ND;2.15;ND;NA;NA;NA;
6;1;2.28;2.43;ND;ND;35.12;ND;ND;1.77;ND;NA;NA;NA;
6;2;3.62;5.03;6.66;ND;18;4.12;ND;2.03;ND;NA;NA;NA;
6;3;3.45;3.74;6.93;ND;38.39;9.53;ND;6.65;ND;NA;NA;NA;
6;4;5.23;3.5;5.54;ND;15.86;4.86;ND;6.51;ND;NA;NA;NA;
6;5;6.04;5.39;5.22;ND;8.44;4.77;ND;8.8;ND;NA;NA;NA;
6;6;7.57;5.47;7.81;ND;41.45;7.38;ND;12.87;ND;NA;NA;NA;
6;7;10.27;6.2;14.59;ND;41.13;13.32;ND;18.47;ND;NA;NA;NA;
6;8;9.1;9.28;15.69;ND;20.97;12.03;ND;14.61;ND;NA;NA;NA;
6;9;8.76;5.37;10.03;ND;5.29;8.02;ND;8.35;ND;NA;NA;NA;
6;10;ND;3.32;10.89;ND;12.53;15.06;ND;6.66;ND;NA;NA;NA;
6;11;ND;2.45;14.24;ND;12.6;14.51;ND;12.73;ND;NA;NA;NA;
6;12;ND;1.42;7.5;ND;10.11;8.34;ND;5.59;ND;NA;NA;NA;
6;13;2.55;1.25;4.79;ND;3.59;2.95;ND;3.17;ND;NA;NA;NA;
6;14;2.23;1.49;3.37;ND;3.22;2.33;ND;3.09;ND;NA;NA;NA;
6;15;2.07;2.29;2.01;ND;3.7;2.83;ND;3.89;ND;NA;NA;NA;
6;16;1.99;1.7;2.33;ND;3.89;3.65;ND;2.74;ND;NA;NA;NA;
6;17;1.93;1.34;3.06;ND;3.66;4.35;ND;2.4;ND;NA;NA;NA;
6;18;2.18;1.68;6.68;ND;3.68;3.91;ND;2.32;ND;NA;NA;NA;
6;19;2.29;1.91;6.71;ND;4.17;3.45;ND;2.3;ND;NA;NA;NA;
6;20;3.46;1.93;6.3;ND;3.23;2.81;ND;1.86;ND;NA;NA;NA;
6;21;3.17;1.66;5.26;ND;3.18;2.56;ND;1.96;ND;NA;NA;NA;
6;22;2.53;1.72;5.28;ND;6.34;2.6;ND;2.02;ND;NA;NA;NA;
6;23;2.67;1.64;5.78;ND;7.03;4.36;ND;2.58;ND;NA;NA;NA;
7;0;3.39;1.79;5.14;ND;6.78;4.16;ND;1.89;ND;NA;NA;NA;
7;1;2.62;ND;5.07;ND;ND;3.5;ND;1.91;ND;NA;NA;NA;
7;2;2.33;1.1;5.03;ND;3.52;2.64;ND;1.61;ND;NA;NA;NA;
7;3;3.2;1.14;4.15;ND;2.62;2.29;ND;1.54;ND;NA;NA;NA;
7;4;4.78;1.7;4.55;ND;4.54;2.71;ND;1.81;ND;NA;NA;NA;
7;5;6.24;2.54;5.97;ND;50.19;5.45;ND;2.13;ND;NA;NA;NA;
7;6;13.13;3.7;9.78;ND;55.33;12.73;ND;3.31;ND;NA;NA;NA;
7;7;9.48;3.18;17.3;ND;20.87;20.61;ND;7.3;ND;NA;NA;NA;
7;8;7.24;2.64;14.02;ND;11.92;13.61;ND;7.27;ND;NA;NA;NA;
7;9;6.88;4.71;7.69;ND;6.42;6.38;ND;7.29;ND;NA;NA;NA;
7;10;9.71;5.76;7.29;ND;4.82;4.03;ND;5.78;ND;NA;NA;NA;
7;11;7.49;2.84;5.41;ND;2.86;2.55;ND;4.81;ND;NA;NA;NA;
7;12;5.33;2.36;7.48;ND;3.61;2.02;ND;3.43;ND;NA;NA;NA;
7;13;3.26;1.4;4.03;ND;2.88;1.98;ND;2.63;ND;NA;NA;NA;
7;14;2.34;0.79;4.15;ND;2.48;2.48;ND;2.65;ND;NA;NA;NA;
7;15;1.92;0.63;4.1;ND;2.79;2.35;ND;2.45;ND;NA;NA;NA;
7;16;2.03;0.9;3.3;ND;2.98;2.23;ND;2.22;ND;NA;NA;NA;
7;17;2.05;1.02;2.81;ND;3.82;2.4;ND;1.99;ND;NA;NA;NA;
7;18;2.02;1.14;3.68;ND;3.38;2.96;ND;2.06;ND;NA;NA;NA;
7;19;3.02;1.39;5.45;ND;4.5;3.95;ND;2.17;ND;NA;NA;NA;
7;20;4.09;1.56;5.66;ND;4.6;4.27;ND;3.12;ND;NA;NA;NA;
7;21;3.12;1.65;8.62;ND;5.06;5.81;ND;3.32;ND;NA;NA;NA;
7;22;2.62;1.5;6.27;ND;9.26;10.68;ND;2.3;ND;NA;NA;NA;
7;23;4.38;1.29;6.68;ND;6.37;5.07;ND;2.62;ND;NA;NA;NA;
8;0;5.58;1.84;5.85;ND;25.1;6.69;ND;3.13;ND;NA;NA;NA;
8;1;ND;1.96;6.43;ND;13.68;ND;ND;4;ND;NA;NA;NA;
8;2;4.2;1.98;4.59;ND;7.27;6.68;ND;4.1;ND;NA;NA;NA;
8;3;4.69;1.85;3.12;ND;6.43;3.94;ND;3.78;ND;NA;NA;NA;
8;4;7.25;2.34;3.03;ND;7.98;3.34;ND;5.58;ND;NA;NA;NA;
8;5;7.91;5.14;2.95;ND;7.83;4.36;ND;6.67;ND;NA;NA;NA;
8;6;10.28;7.75;5.97;ND;8.49;5.8;ND;9.99;ND;NA;NA;NA;
8;7;15.68;11.77;5.18;ND;7.81;5.18;ND;14.87;ND;NA;NA;NA;
8;8;6.14;5.09;4.83;ND;4.01;3.58;ND;14.1;ND;NA;NA;NA;
8;9;3.42;2.97;ND;ND;1.93;1.94;ND;10.93;ND;NA;NA;NA;
8;10;3.9;ND;ND;ND;3.22;2.58;ND;2.56;ND;NA;NA;NA;
8;11;2.16;1.43;ND;ND;2.62;ND;ND;1.67;ND;NA;NA;NA;
8;12;2.5;0.14;1.36;ND;2.95;1.11;ND;1.73;ND;NA;NA;NA;
8;13;3.68;1.04;2.01;ND;2.3;1.06;ND;1.53;ND;NA;NA;NA;
8;14;2.82;0.39;1.57;ND;3.05;0.7;ND;1.55;ND;NA;NA;NA;
8;15;2.34;0.32;2.3;ND;2.37;4.51;ND;1.9;ND;NA;NA;NA;
8;16;2.58;0.43;3.68;ND;4.01;1.86;ND;1.48;ND;NA;NA;NA;
8;17;2.42;0.17;2.66;ND;2.68;2.83;ND;1.98;ND;NA;NA;NA;
8;18;2.83;0.48;5.55;ND;3.43;3.76;ND;3.13;ND;NA;NA;NA;
8;19;3.65;0.48;4;ND;5.24;3.39;ND;3.66;ND;NA;NA;NA;
8;20;4.99;0.68;5.44;ND;ND;2.73;ND;3.73;ND;NA;NA;NA;
8;21;5.06;1.2;5.17;ND;ND;7.05;ND;3.38;ND;NA;NA;NA;
8;22;5.38;1.5;6.47;ND;ND;7.24;ND;2.74;ND;NA;NA;NA;
8;23;4.21;1.37;11.67;ND;ND;6.24;ND;2.15;ND;NA;NA;NA;
9;0;4.02;1.28;8.53;ND;5.16;6.81;ND;2.23;ND;NA;NA;NA;
9;1;3.84;1.45;6.67;ND;ND;4.88;ND;2.19;ND;NA;NA;NA;
9;2;3.71;1.58;5.82;ND;4.01;4.16;ND;1.85;ND;NA;NA;NA;
9;3;2.99;1.56;2.96;ND;5.16;3.4;ND;1.68;ND;NA;NA;NA;
9;4;4.06;1.76;0.95;ND;3.55;3.04;ND;2.55;ND;NA;NA;NA;
9;5;8.2;3.49;1.29;ND;5.05;4.5;ND;4.79;ND;NA;NA;NA;
9;6;8.95;4.06;1.17;ND;5.86;5.06;ND;11.06;ND;NA;NA;NA;
9;7;12.16;6.35;1.16;ND;4.85;5.11;ND;34.36;ND;NA;NA;NA;
9;8;3.51;3.14;1.67;ND;3.5;3.45;ND;23;ND;NA;NA;NA;
9;9;3.34;2.61;3.26;ND;2.49;ND;ND;9.89;ND;NA;NA;NA;
9;10;2.63;1.21;1.67;ND;2.2;ND;ND;2.13;ND;NA;NA;NA;
9;11;1.66;0.82;0.93;ND;3.12;ND;ND;1.8;ND;NA;NA;NA;
9;12;1.57;1.03;0.6;ND;2.32;ND;ND;1.67;ND;NA;NA;NA;
9;13;1.85;3.96;0.76;ND;1.84;ND;ND;1.43;ND;NA;NA;NA;
9;14;1.86;1.01;1.4;ND;2.03;1.58;ND;1.49;ND;NA;NA;NA;
9;15;1.8;1.19;1.73;ND;2.02;1.86;ND;1.3;ND;NA;NA;NA;
9;16;2.28;1.15;1.37;ND;2.84;2.16;ND;1.4;ND;NA;NA;NA;
9;17;2.23;1.35;2.14;ND;2.6;2.23;ND;1.51;ND;NA;NA;NA;
9;18;2.53;1.33;1.92;ND;2.57;2.18;ND;2.6;ND;NA;NA;NA;
9;19;2.6;1.25;1.43;ND;4.19;3.21;ND;2.82;ND;NA;NA;NA;
9;20;2.62;0.9;5.71;ND;5.16;5.16;ND;2.77;ND;NA;NA;NA;
9;21;2.85;0.85;3.7;ND;6.2;5.18;ND;3.09;ND;NA;NA;NA;
9;22;3.12;1.09;3.05;ND;4.26;5.06;ND;2.67;ND;NA;NA;NA;
9;23;3.67;1.09;3.51;ND;3.51;5.42;ND;2.63;ND;NA;NA;NA;
10;0;3.66;1.34;1.77;ND;4.97;4.16;ND;2.7;ND;NA;NA;NA;
10;1;ND;ND;ND;ND;4.8;4.89;ND;2.45;ND;NA;NA;NA;
10;2;6.83;1.16;0.99;ND;44.73;5.02;ND;2.19;ND;NA;NA;NA;
10;3;6.78;1.31;2.44;ND;21.97;6.8;ND;2.23;ND;NA;NA;NA;
10;4;7.19;1.33;2.46;ND;43.56;4.72;ND;2.15;ND;NA;NA;NA;
10;5;5.59;2.1;4.1;ND;48.88;7.35;ND;2.91;ND;NA;NA;NA;
10;6;9.88;4.05;8.37;ND;75.95;13.9;ND;3.43;ND;NA;NA;NA;
10;7;9.89;5.53;11.23;ND;53.01;19.58;ND;9.26;ND;NA;NA;NA;
10;8;9.04;4.74;11.93;ND;17.95;13.75;ND;10.65;ND;NA;NA;NA;
10;9;8.31;4.31;6.28;ND;8.33;10.28;ND;9.78;ND;NA;NA;NA;
10;10;7.52;3.23;5.75;ND;7.54;6.04;ND;7.17;ND;NA;NA;NA;
10;11;4.59;1.57;2.66;ND;4.78;3.65;ND;5.15;ND;NA;NA;NA;
10;12;3.26;1.35;3.88;ND;3.42;3.22;ND;3.47;ND;NA;NA;NA;
10;13;3.35;1.24;1.96;ND;3.08;2.1;ND;1.68;ND;NA;NA;NA;
10;14;2.72;0.58;2.54;ND;4.62;2.75;ND;1.93;ND;NA;NA;NA;
10;15;1.83;0.79;2.27;ND;3.95;3.49;ND;2.16;ND;NA;NA;NA;
10;16;1.81;0.57;1.57;ND;3.09;2.85;ND;2.51;ND;NA;NA;NA;
10;17;1.71;0.47;2.12;ND;2.55;3.12;ND;2.3;ND;NA;NA;NA;
10;18;1.65;0.68;2.32;ND;2.61;3.35;ND;2.03;ND;NA;NA;NA;
10;19;2.09;0.71;2.81;ND;2.89;3.64;ND;1.85;ND;NA;NA;NA;
10;20;2.92;0.57;3.74;ND;5.24;4.39;ND;1.86;ND;NA;NA;NA;
10;21;2.5;0.52;2.14;ND;5.41;4.12;ND;1.57;ND;NA;NA;NA;
10;22;1.94;0.41;1.65;ND;5.03;3.69;ND;1.42;ND;NA;NA;NA;
10;23;1.7;0.55;1.73;ND;4.01;3.78;ND;1.58;ND;NA;NA;NA;
11;0;2.19;0.43;1.14;ND;6.19;4.73;ND;1.64;ND;NA;NA;NA;
11;1;2.15;0.55;2.22;ND;ND;ND;ND;1.49;ND;NA;NA;NA;
11;2;2.68;0.52;4.59;ND;3.79;5.19;ND;1.76;ND;NA;NA;NA;
11;3;2.99;0.88;4.4;ND;12;5.41;ND;5.15;ND;NA;NA;NA;
11;4;3.29;1.5;2.88;ND;18.06;9.4;ND;2.05;ND;NA;NA;NA;
11;5;3.16;1.81;2.18;ND;40.61;9;ND;2.24;ND;NA;NA;NA;
11;6;3.81;1.85;6.7;ND;69.46;22.24;ND;9.53;ND;NA;NA;NA;
11;7;4.82;2.43;10.84;ND;17.21;17.3;ND;21.74;ND;NA;NA;NA;
11;8;6.93;2.59;10.76;ND;7.36;6.79;ND;22.5;ND;NA;NA;NA;
11;9;7.93;3.01;7.7;ND;5.72;7.88;ND;11.17;ND;NA;NA;NA;
11;10;4.56;2.6;6.26;ND;7.34;8.34;ND;6.19;ND;NA;NA;NA;
11;11;3.09;1.3;2.98;ND;5.42;3.78;ND;4.71;ND;NA;NA;NA;
11;12;2.28;0.81;2.26;ND;3.09;2.86;ND;3.17;ND;NA;NA;NA;
11;13;1.79;0.76;1.83;ND;2.5;3.41;ND;2.67;ND;NA;NA;NA;
11;14;1.77;0.82;1.97;ND;2.5;2.18;ND;2.43;ND;NA;NA;NA;
11;15;1.66;0.8;2.39;ND;2.25;2.46;ND;1.87;ND;NA;NA;NA;
11;16;1.79;0.82;2.63;ND;2.41;2.06;ND;1.85;ND;NA;NA;NA;
11;17;1.67;0.54;2.05;ND;2.09;2.2;ND;1.7;ND;NA;NA;NA;
11;18;2.22;0.75;1.85;ND;1.9;2.17;ND;1.79;ND;NA;NA;NA;
11;19;2.67;0.67;1.05;ND;1.63;2.9;ND;1.85;ND;NA;NA;NA;
11;20;2.63;0.79;0.76;ND;1.87;2.52;ND;1.65;ND;NA;NA;NA;
11;21;2.21;0.53;0.81;ND;1.88;2.12;ND;1.51;ND;NA;NA;NA;
11;22;1.62;0.44;1.4;ND;1.76;1.65;ND;1.46;ND;NA;NA;NA;
11;23;1.52;0.44;0.3;ND;1.58;1.54;ND;1.38;ND;NA;NA;NA;
12;0;1.32;0.39;0.36;ND;2.76;1.82;ND;1.28;ND;NA;NA;NA;
12;1;ND;ND;ND;ND;2.18;1.47;ND;1.23;ND;NA;NA;NA;
12;2;1.29;0.42;0.59;ND;1.54;1.3;ND;1.26;ND;NA;NA;NA;
12;3;1.35;0.53;1.05;ND;1.49;1.16;ND;1.37;ND;NA;NA;NA;
12;4;1.24;0.6;1.04;ND;2.24;1.17;ND;1.99;ND;NA;NA;NA;
12;5;1.79;0.65;0.42;ND;2.42;1.3;ND;1.66;ND;NA;NA;NA;
12;6;2.68;1.31;2.83;ND;4.55;4.25;ND;1.91;ND;NA;NA;NA;
12;7;4.12;1.6;3.65;ND;6.11;4.45;ND;2.25;ND;NA;NA;NA;
12;8;5.33;1.78;7.06;ND;7.2;6.44;ND;3.39;ND;NA;NA;NA;
12;9;5.96;1.57;9.97;ND;5.29;6.28;ND;13.94;ND;NA;NA;NA;
12;10;5.75;1.45;8.67;ND;9.69;7.95;ND;9.48;ND;NA;NA;NA;
12;11;3.92;0.89;4.71;ND;7.75;6.08;ND;5.08;ND;NA;NA;NA;
12;12;2.1;0.72;3.3;ND;3.07;3.2;ND;ND;ND;NA;NA;NA;
12;13;1.85;0.37;4.8;ND;2.71;2.94;ND;1.53;ND;NA;NA;NA;
12;14;1.85;0.36;3.45;ND;2.31;2.26;ND;ND;ND;NA;NA;NA;
12;15;1.94;0.8;3.68;ND;2.58;3.12;ND;1.59;ND;NA;NA;NA;
12;16;2.18;ND;2.55;ND;3.24;3.74;ND;1.82;ND;NA;NA;NA;
12;17;3.97;ND;2.97;ND;3.43;3.36;ND;2.07;ND;NA;NA;NA;
12;18;3.29;2.7;3.49;ND;4.05;4.87;ND;3.21;ND;NA;NA;NA;
12;19;3.06;3.26;4.82;ND;5.51;5.73;ND;3.5;ND;NA;NA;NA;
12;20;2.82;3.48;4.15;ND;4.77;5.73;ND;8.67;ND;NA;NA;NA;
12;21;2.91;3.2;3.8;ND;5.7;9.21;ND;4.59;ND;NA;NA;NA;
12;22;2.56;2.94;2.86;ND;5.22;8.38;ND;4.03;ND;NA;NA;NA;
12;23;2.08;2.68;3.36;ND;3.77;4.58;ND;4;ND;NA;NA;NA;
13;0;2.65;2.98;6.74;ND;6.3;3.87;ND;2.65;ND;NA;NA;NA;
13;1;2.75;5.8;2.43;ND;ND;ND;ND;2.93;ND;NA;NA;NA;
13;2;2.87;5.91;2.35;ND;7.01;3.46;ND;2.29;ND;NA;NA;NA;
13;3;3.15;5.78;2.51;ND;10.82;4.33;ND;2.14;ND;NA;NA;NA;
13;4;4.42;7.38;4.01;ND;5.46;3.92;ND;3.01;ND;NA;NA;NA;
13;5;8.08;15.82;5.48;ND;17.21;5.5;ND;4.27;ND;NA;NA;NA;
13;6;10.51;10.95;9.55;ND;65.43;10.34;ND;7.39;ND;NA;NA;NA;
13;7;12.5;10.74;10.04;ND;58.99;26.64;ND;8.6;ND;NA;NA;NA;
13;8;15.16;10.28;8.9;ND;10.85;11.4;ND;20.41;ND;NA;NA;NA;
13;9;10.78;8.6;10.4;ND;6.9;7.71;ND;11.42;ND;NA;NA;NA;
13;10;5.42;4.26;11.37;ND;5.23;12.19;ND;5.46;ND;NA;NA;NA;
13;11;3.17;3.64;5.72;ND;3.94;7.26;ND;3.89;ND;NA;NA;NA;
13;12;2.53;2.53;4.92;ND;2.96;3.47;ND;2.73;ND;NA;NA;NA;
13;13;2.04;2.41;4.63;ND;3.05;2.76;ND;2.32;ND;NA;NA;NA;
13;14;1.96;2.18;5.54;ND;3.9;4.01;ND;2.26;ND;NA;NA;NA;
13;15;1.99;1.78;6.28;ND;3.44;4.31;ND;1.89;ND;NA;NA;NA;
13;16;3.58;3.46;6.48;ND;2.53;2.65;ND;1.61;ND;NA;NA;NA;
13;17;4.79;3.67;7.08;ND;2.32;4.05;ND;1.84;ND;NA;NA;NA;
13;18;4.95;4.07;7.3;ND;6.04;9.36;ND;1.96;ND;NA;NA;NA;
13;19;4.56;3.19;5.73;ND;6.44;9.16;ND;1.56;ND;NA;NA;NA;
13;20;3.81;2.68;5.19;ND;4.32;4.68;ND;2.13;ND;NA;NA;NA;
13;21;3.49;2.85;2.6;ND;3.42;2.4;ND;2.66;ND;NA;NA;NA;
13;22;3.28;2.87;2.62;ND;4.05;2.23;ND;2.73;ND;NA;NA;NA;
13;23;3.32;3.94;2.53;ND;3.21;1.84;ND;1.91;ND;NA;NA;NA;
14;0;3.94;3.63;3.35;ND;2.7;2.46;ND;5.42;ND;NA;NA;NA;
14;1;ND;ND;ND;ND;2.49;2.86;ND;6.86;ND;NA;NA;NA;
14;2;2.88;3.06;4.16;ND;2.51;2.13;ND;4.12;ND;NA;NA;NA;
14;3;2.25;2.85;1.85;ND;3.6;2.96;ND;3.34;ND;NA;NA;NA;
14;4;2.37;3.18;1.33;ND;6.34;2.29;ND;2.8;ND;NA;NA;NA;
14;5;2.3;2.78;0.93;ND;2.45;1.82;ND;2.87;ND;NA;NA;NA;
14;6;3.13;2.76;1.98;ND;3.38;3.43;ND;4.61;ND;NA;NA;NA;
14;7;8.81;4.06;4.32;ND;4.94;6.13;ND;4.59;ND;NA;NA;NA;
14;8;8.05;3.3;6.03;ND;5.03;6.3;ND;3.86;ND;NA;NA;NA;
14;9;6.84;2.74;6.86;ND;7.36;9.82;ND;3.81;ND;NA;NA;NA;
14;10;6.98;2.94;4.87;ND;7.19;7.78;ND;11.69;ND;NA;NA;NA;
14;11;6.39;3.98;5.87;ND;5.36;6.18;ND;5.28;ND;NA;NA;NA;
14;12;5.07;3.54;4.79;ND;5.48;4.55;ND;4.9;ND;NA;NA;NA;
14;13;3.37;3.12;4.76;ND;4.38;3.76;ND;4.59;ND;NA;NA;NA;
14;14;2.49;2.95;5.37;ND;2.47;3.65;ND;6.19;ND;NA;NA;NA;
14;15;2.52;2.31;6.75;ND;2.14;4.33;ND;5.67;ND;NA;NA;NA;
14;16;2.62;6.61;9.53;ND;2.84;3.9;ND;2.87;ND;NA;NA;NA;
14;17;6.53;3.51;4.15;ND;3.8;5.57;ND;2.67;ND;NA;NA;NA;
14;18;8.5;3.42;2.48;ND;4.37;5.49;ND;4.84;ND;NA;NA;NA;
14;19;4.88;3.69;3.82;ND;4.42;5.2;ND;5.06;ND;NA;NA;NA;
14;20;3.83;2.83;4.69;ND;3.77;5.24;ND;3.51;ND;NA;NA;NA;
14;21;3.28;2.84;3.31;ND;4.91;6.2;ND;2.88;ND;NA;NA;NA;
14;22;2.97;2.57;3.98;ND;4.23;4.29;ND;1.93;ND;NA;NA;NA;
14;23;2.54;2.5;3.7;ND;2.99;4.46;ND;1.47;ND;NA;NA;NA;
15;0;2.21;2.4;2.64;ND;2.56;2.44;ND;1.38;ND;NA;NA;NA;
15;1;2.42;2.27;4.29;ND;ND;ND;ND;1.27;ND;NA;NA;NA;
15;2;2.17;2.28;3.91;ND;1.06;1.42;ND;1.25;ND;NA;NA;NA;
15;3;2.06;2.41;2.16;ND;1.29;1.48;ND;1.13;ND;NA;NA;NA;
15;4;3.37;2.9;2.1;ND;1.43;1.67;ND;1.27;ND;NA;NA;NA;
15;5;4.27;2.53;2.45;ND;3.8;2.71;ND;1.57;ND;NA;NA;NA;
15;6;7.17;2.95;5.5;ND;13.91;6.87;ND;2.77;ND;NA;NA;NA;
15;7;9.9;6.75;10.5;ND;35.52;16.33;ND;3.42;ND;NA;NA;NA;
15;8;8.61;10.71;10.87;ND;26.55;15.45;ND;7.41;ND;NA;NA;NA;
15;9;10.82;6.14;10.73;ND;16.83;4.64;ND;8.82;ND;NA;NA;NA;
15;10;9.19;4.81;8.49;ND;7.51;5.85;ND;6.14;ND;NA;NA;NA;
15;11;7.95;5.35;6.88;ND;3.49;4.65;ND;2.9;ND;NA;NA;NA;
15;12;4.75;3.61;7.33;ND;5.26;5.58;ND;4.75;ND;NA;NA;NA;
15;13;3.17;2.65;6.35;ND;5.69;7.44;ND;3.94;ND;NA;NA;NA;
15;14;3.06;2.71;4.69;ND;5.07;4.52;ND;2.1;ND;NA;NA;NA;
15;15;3.04;2.74;4.92;ND;3.51;4.35;ND;1.82;ND;NA;NA;NA;
15;16;2.77;8.64;5.89;ND;4.39;4.73;ND;1.86;ND;NA;NA;NA;
15;17;2.71;3.09;6.81;ND;4.36;3.82;ND;1.82;ND;NA;NA;NA;
15;18;2.51;2.62;10.7;ND;4.2;5.97;ND;1.93;ND;NA;NA;NA;
15;19;2.54;2.35;9.56;ND;3.32;6.12;ND;1.76;ND;NA;NA;NA;
15;20;3.27;2.41;6.85;ND;6.08;4.8;ND;2.97;ND;NA;NA;NA;
15;21;3.2;2.5;5.53;ND;5.25;4.48;ND;2.88;ND;NA;NA;NA;
15;22;4.36;2.58;4.95;ND;3.01;2.93;ND;3.35;ND;NA;NA;NA;
15;23;4.54;2.61;4.43;ND;3.46;4.09;ND;2.89;ND;NA;NA;NA;
16;0;3.08;3.13;4.57;ND;3.74;4.26;ND;3.12;ND;NA;NA;NA;
16;1;ND;ND;ND;ND;6.19;5.4;ND;2.72;ND;NA;NA;NA;
16;2;4.69;2.82;3.94;ND;8.58;4.54;ND;6.53;ND;NA;NA;NA;
16;3;4.32;3.45;4.34;ND;23.45;13.6;ND;3.55;ND;NA;NA;NA;
16;4;4.69;4.79;4.73;ND;23.53;21.79;ND;3.25;ND;NA;NA;NA;
16;5;5.66;5.19;4.94;ND;17.29;10.61;ND;3.86;ND;NA;NA;NA;
16;6;9.54;8.11;12.68;ND;26.45;11.44;ND;3.96;ND;NA;NA;NA;
16;7;21.02;10.14;14.46;ND;20.86;13.24;ND;6.8;ND;NA;NA;NA;
16;8;11.57;8.5;8.36;ND;3.46;5.75;ND;12.23;ND;NA;NA;NA;
16;9;9.08;8.94;7.75;ND;3.8;3.79;ND;4.59;ND;NA;NA;NA;
16;10;10.46;4.79;7.42;ND;3.66;5.23;ND;3.45;ND;NA;NA;NA;
16;11;5.53;2.82;6.13;ND;4.28;6.31;ND;2.4;ND;NA;NA;NA;
16;12;3.62;1.76;4.63;ND;5.05;5.21;ND;1.7;ND;NA;NA;NA;
16;13;2.05;2.08;2.28;ND;3.11;4.04;ND;1.9;ND;NA;NA;NA;
16;14;2.72;1.9;1.52;ND;2.85;3.46;ND;1.93;ND;NA;NA;NA;
16;15;2.64;2;2.52;ND;2.7;2.98;ND;1.94;ND;NA;NA;NA;
16;16;2.54;2.03;4.41;ND;2.76;3.89;ND;1.71;ND;NA;NA;NA;
16;17;2.58;1.39;4.65;ND;2.89;4.85;ND;1.72;ND;NA;NA;NA;
16;18;3.2;1.94;6.02;ND;4.01;5.69;ND;1.69;ND;NA;NA;NA;
16;19;3.47;ND;5.51;ND;4.47;6.41;ND;1.63;ND;NA;NA;NA;
16;20;3.69;2.26;5.68;ND;3.15;4.81;ND;1.62;ND;NA;NA;NA;
16;21;3.89;1.72;3.7;ND;3.52;3.66;ND;1.44;ND;NA;NA;NA;
16;22;4.19;2;5.15;ND;3.91;6.49;ND;1.83;ND;NA;NA;NA;
16;23;6.16;1.94;4.48;ND;3.33;6.98;ND;1.9;ND;NA;NA;NA;
17;0;5.01;2.48;4.46;ND;3.52;6.06;ND;3.27;ND;NA;NA;NA;
17;1;4.59;2.58;5.65;ND;ND;ND;ND;3.7;ND;NA;NA;NA;
17;2;3.87;2.46;4.64;ND;7.17;4.96;ND;3.1;ND;NA;NA;NA;
17;3;4.32;2.17;3.76;ND;12.91;8.15;ND;1.42;ND;NA;NA;NA;
17;4;4.1;2.16;3.67;ND;6.18;6.36;ND;1.33;ND;NA;NA;NA;
17;5;4.88;1.92;4.93;ND;6.62;7.05;ND;1.24;ND;NA;NA;NA;
17;6;6.37;2.34;6.44;ND;7.3;13.05;ND;1.3;ND;NA;NA;NA;
17;7;10.5;2.26;7.46;ND;7.19;10.68;ND;5.25;ND;NA;NA;NA;
17;8;10.13;3.04;8.41;ND;5.05;6.47;ND;11.5;ND;NA;NA;NA;
17;9;8.43;5.04;12.61;ND;5.57;7.01;ND;6.36;ND;NA;NA;NA;
17;10;11.25;8.63;11.46;ND;7.29;8.76;ND;6.82;ND;NA;NA;NA;
17;11;12.26;7.88;5.72;ND;6.74;5.83;ND;5.68;ND;NA;NA;NA;
17;12;12.52;8.63;5.12;ND;5.16;4.95;ND;5.26;ND;NA;NA;NA;
17;13;8.94;10.71;7.83;ND;4.37;4.88;ND;4.27;ND;NA;NA;NA;
17;14;5.95;7.96;5.71;ND;3.01;3.42;ND;12.17;ND;NA;NA;NA;
17;15;3.62;3.49;8.07;ND;3.15;7.45;ND;7.73;ND;NA;NA;NA;
17;16;4.84;2.59;6.04;ND;5.09;7.03;ND;4.35;ND;NA;NA;NA;
17;17;3.5;3.15;6.87;ND;6.5;6.51;ND;2.72;ND;NA;NA;NA;
17;18;3.72;2.39;7.22;ND;6.69;7.56;ND;2.6;ND;NA;NA;NA;
17;19;3.74;2.28;6.1;ND;6.9;8.29;ND;2.15;ND;NA;NA;NA;
17;20;3.35;1.93;6.43;ND;7.06;7.25;ND;1.61;ND;NA;NA;NA;
17;21;3.31;1.71;5.12;ND;5.72;6.96;ND;1.88;ND;NA;NA;NA;
17;22;3.18;1.9;2.66;ND;5.78;4.33;ND;1.51;ND;NA;NA;NA;
17;23;2.89;1.8;2.44;ND;6.44;6.75;ND;1.32;ND;NA;NA;NA;
18;0;2.7;1.72;3.34;ND;6.08;5.86;ND;1.16;ND;NA;NA;NA;
18;1;ND;ND;ND;ND;4.22;4.98;ND;1.16;ND;NA;NA;NA;
18;2;2.7;1.98;4.07;ND;3.76;5.14;ND;1.15;ND;NA;NA;NA;
18;3;3.48;1.99;4.96;ND;5.4;5.72;ND;0.92;ND;NA;NA;NA;
18;4;4.46;2.4;5.12;ND;14.59;6.55;ND;1.16;ND;NA;NA;NA;
18;5;4.43;2.37;4.44;ND;17.08;6.84;ND;1.38;ND;NA;NA;NA;
18;6;3.89;2.22;5.28;ND;8;6.23;ND;1.61;ND;NA;NA;NA;
18;7;4.53;2.48;6.15;ND;4.9;5.33;ND;1.91;ND;NA;NA;NA;
18;8;6.25;3.19;6.86;ND;3.06;5.14;ND;2.36;ND;NA;NA;NA;
18;9;6.63;4.24;7.95;ND;5.92;5.58;ND;2.61;ND;NA;NA;NA;
18;10;11.22;11.82;7.42;ND;7.43;8.01;ND;2.46;ND;NA;NA;NA;
18;11;25.5;9.84;21.23;ND;17.41;13.07;ND;7.56;ND;NA;NA;NA;
18;12;18.62;9.88;21.64;ND;22.48;22.06;ND;21.69;ND;NA;NA;NA;
18;13;6.23;6.22;11.56;ND;8.47;17.17;ND;17.87;ND;NA;NA;NA;
18;14;5.89;5.63;8.45;ND;4.06;10.74;ND;7.37;ND;NA;NA;NA;
18;15;7.57;6.21;14.59;ND;10.63;15.21;ND;15.05;ND;NA;NA;NA;
18;16;7.48;6.37;19.64;ND;17.85;20.69;ND;9.51;ND;NA;NA;NA;
18;17;17.86;6.84;16.77;ND;16.77;19.8;ND;5.54;ND;NA;NA;NA;
18;18;11.49;5.2;13.96;ND;10.52;15.37;ND;7.1;ND;NA;NA;NA;
18;19;7.23;2.79;11.95;ND;11.29;14.79;ND;6.3;ND;NA;NA;NA;
18;20;7.6;2.91;10.35;ND;16.57;13.28;ND;5.41;ND;NA;NA;NA;
18;21;5.17;3.25;9.42;ND;11.49;11.06;ND;4.75;ND;NA;NA;NA;
18;22;5.97;3.76;9.17;ND;14.99;10.14;ND;4.19;ND;NA;NA;NA;
18;23;6.15;3.52;8.95;ND;54.11;8.91;ND;3.95;ND;NA;NA;NA;
19;0;5.95;3.1;8.63;ND;15.21;8.85;ND;5.13;ND;NA;NA;NA;
19;1;6.46;3.36;24.33;ND;ND;ND;ND;5.7;ND;NA;NA;NA;
19;2;7.37;3.81;25.91;ND;8.6;8.95;ND;4.85;ND;NA;NA;NA;
19;3;6.04;7.49;14.58;ND;8.55;10.11;ND;4.3;ND;NA;NA;NA;
19;4;7.95;13.91;12.12;ND;10.48;10.01;ND;7.36;ND;NA;NA;NA;
19;5;12.71;11.96;11.72;ND;10.28;10.06;ND;10.05;ND;NA;NA;NA;
19;6;14.34;10.24;13.09;ND;12.95;14.95;ND;8.8;ND;NA;NA;NA;
19;7;16.01;12.67;19.14;ND;17.65;20.99;ND;21.86;ND;NA;NA;NA;
19;8;18.46;16.05;21.16;ND;30.1;17.38;ND;40.58;ND;NA;NA;NA;
19;9;16.69;9.84;16.44;ND;16.32;9.21;ND;18.88;ND;NA;NA;NA;
19;10;13.55;7.77;19.15;ND;12.32;14.09;ND;11.85;ND;NA;NA;NA;
19;11;8.52;8.2;ND;ND;7.92;12.57;ND;8.99;ND;NA;NA;NA;
19;12;ND;4.92;9.22;ND;4.54;10.76;ND;10.63;ND;NA;NA;NA;
19;13;ND;3.07;5.46;ND;3.49;5.43;ND;7.53;ND;NA;NA;NA;
19;14;2.29;2.55;6.1;ND;3.58;3.87;ND;3.54;ND;NA;NA;NA;
19;15;3.09;ND;6.59;ND;3.62;5.45;ND;3.95;ND;NA;NA;NA;
19;16;3.07;ND;6.56;ND;3.28;4.28;ND;4.78;ND;NA;NA;NA;
19;17;3.34;3.11;6.1;ND;4.24;5.9;ND;3.36;ND;NA;NA;NA;
19;18;2.79;2.69;7.23;ND;6.08;8.57;ND;2.91;ND;NA;NA;NA;
19;19;3.25;2.89;10.58;ND;5.93;13.99;ND;4.53;ND;NA;NA;NA;
19;20;3.2;3.06;10.15;ND;19.28;13.67;ND;3.8;ND;NA;NA;NA;
19;21;2.98;2.84;10.98;ND;10.75;16.75;ND;3.1;ND;NA;NA;NA;
19;22;2.27;2.41;ND;ND;ND;9.11;ND;3.49;ND;NA;NA;NA;
19;23;2.06;2.25;ND;ND;ND;10.22;ND;2.65;ND;NA;NA;NA;
20;0;2.44;2.63;19.3;ND;6.75;11;ND;4.97;ND;NA;NA;NA;
20;1;ND;ND;ND;ND;6.62;9.19;ND;4.35;ND;NA;NA;NA;
20;2;2.62;3.57;12.66;ND;8.95;12.64;ND;13.09;ND;NA;NA;NA;
20;3;3.73;2.54;7.19;ND;8.65;13.44;ND;34.56;ND;NA;NA;NA;
20;4;3.64;3.35;6.07;ND;10.46;12.9;ND;10.39;ND;NA;NA;NA;
20;5;3.49;4.03;5.89;ND;9.38;10.65;ND;13.2;ND;NA;NA;NA;
20;6;4.38;ND;9.89;ND;14.89;13.74;ND;11.23;ND;NA;NA;NA;
20;7;6.56;ND;13.36;ND;19.71;18.65;ND;19.02;ND;NA;NA;NA;
20;8;7.07;ND;17.01;ND;21.99;18.48;ND;21.49;ND;NA;NA;NA;
20;9;10.59;10.03;19.89;ND;8.04;11.27;ND;12.6;ND;NA;NA;NA;
20;10;10.77;ND;15.77;ND;4.38;9.4;ND;6.78;ND;NA;NA;NA;
20;11;3.99;3.7;12.09;ND;8.03;ND;ND;3.35;ND;NA;NA;NA;
20;12;2.43;2.56;7.03;ND;6.18;ND;ND;2.59;ND;NA;NA;NA;
20;13;2.42;2.33;ND;ND;4.32;3.92;ND;3.52;ND;NA;NA;NA;
20;14;5.21;3.83;ND;ND;ND;5.79;ND;3.41;ND;NA;NA;NA;
20;15;5.11;3.73;12.44;ND;9.18;6.68;ND;5.92;ND;NA;NA;NA;
20;16;3.31;2.84;8.76;ND;6.76;11.38;ND;14.32;ND;NA;NA;NA;
20;17;2.94;2.67;12.91;ND;5.51;10.24;ND;12.82;ND;NA;NA;NA;
20;18;3.16;2.43;17.67;ND;6.44;8.42;ND;9.19;ND;NA;NA;NA;
20;19;3.68;1.82;15.7;ND;6.25;8.3;ND;3.56;ND;NA;NA;NA;
20;20;2.61;1.87;13.58;ND;7.98;10.7;ND;2.59;ND;NA;NA;NA;
20;21;2.92;1.97;11.65;ND;10.56;11.87;ND;2.67;ND;NA;NA;NA;
20;22;2.62;2.21;8.96;ND;8.7;8.31;ND;2.87;ND;NA;NA;NA;
20;23;2.8;2.01;7.36;ND;11.02;5.55;ND;2.4;ND;NA;NA;NA;
21;0;2.47;2.07;7;ND;12.84;4.33;ND;2.33;ND;NA;NA;NA;
21;1;3.12;3.26;5.6;ND;ND;ND;ND;1.94;ND;NA;NA;NA;
21;2;3.33;5.31;4.55;ND;39.97;6.56;ND;1.8;ND;NA;NA;NA;
21;3;2.79;8.08;4.99;ND;18;7.65;ND;1.8;ND;NA;NA;NA;
21;4;3.23;5.57;4.69;ND;19.67;12.1;ND;3.95;ND;NA;NA;NA;
21;5;4.44;3.8;7.22;ND;24.79;9.85;ND;5.61;ND;NA;NA;NA;
21;6;7.71;4.35;11.69;ND;25.68;15.12;ND;9.46;ND;NA;NA;NA;
21;7;15.04;5.53;17.26;ND;36.07;18.89;ND;37.9;ND;NA;NA;NA;
21;8;14.82;5.89;21.69;ND;13.66;13.73;ND;56.47;ND;NA;NA;NA;
21;9;12.16;5.74;20.18;ND;10.91;10.36;ND;28.65;ND;NA;NA;NA;
21;10;7.93;4.7;15.83;ND;15.68;11.76;ND;16.3;ND;NA;NA;NA;
21;11;3.28;2.93;10.38;ND;11.66;6.8;ND;ND;ND;NA;NA;NA;
21;12;2.94;2.57;7.12;ND;7.3;5.04;ND;2.97;ND;NA;NA;NA;
21;13;2.08;2.4;5.21;ND;4.82;4.36;ND;2.12;ND;NA;NA;NA;
21;14;1.71;1.95;3.76;ND;3.66;3.86;ND;1.79;ND;NA;NA;NA;
21;15;1.61;1.91;6.27;ND;3.31;4.69;ND;2.31;ND;NA;NA;NA;
21;16;2.05;1.68;9.06;ND;4.47;6.22;ND;3.64;ND;NA;NA;NA;
21;17;3.42;2.08;10.05;ND;4.24;6.56;ND;4.09;ND;NA;NA;NA;
21;18;3.5;2.11;12.44;ND;5.2;5.69;ND;2.12;ND;NA;NA;NA;
21;19;3.35;2;9.57;ND;5.98;7.11;ND;1.77;ND;NA;NA;NA;
21;20;2.67;2.25;8.08;ND;5.49;5.36;ND;1.63;ND;NA;NA;NA;
21;21;3.26;2.32;9.3;ND;5.34;7.13;ND;1.87;ND;NA;NA;NA;
21;22;2.95;2.43;7.05;ND;4.43;7.08;ND;2.49;ND;NA;NA;NA;
21;23;2.54;2.7;6.59;ND;5.01;5.98;ND;4.58;ND;NA;NA;NA;
22;0;2.7;3.14;7.57;ND;5.76;5.7;ND;3.73;ND;NA;NA;NA;
22;1;ND;ND;ND;ND;3.22;4.83;ND;4.74;ND;NA;NA;NA;
22;2;2.57;3.07;6.06;ND;5.96;4.23;ND;2.3;ND;NA;NA;NA;
22;3;2.54;2.68;3.85;ND;3.15;3.28;ND;1.99;ND;NA;NA;NA;
22;4;3.33;2.44;4.22;ND;4.31;2.9;ND;1.4;ND;NA;NA;NA;
22;5;2.79;2.42;4.33;ND;10.91;3.66;ND;1.89;ND;NA;NA;NA;
22;6;3.52;2.7;8.47;ND;16.94;5.07;ND;2.5;ND;NA;NA;NA;
22;7;4.4;3.24;13.43;ND;21.44;13.84;ND;3.89;ND;NA;NA;NA;
22;8;7.5;4.74;18.91;ND;12.52;13.73;ND;4.91;ND;NA;NA;NA;
22;9;10.28;4.67;12.25;ND;5.53;8.55;ND;5.47;ND;NA;NA;NA;
22;10;8.94;4.2;9.5;ND;6.02;6.09;ND;6.42;ND;NA;NA;NA;
22;11;6.59;3.88;14.24;ND;4.74;6.28;ND;3.15;ND;NA;NA;NA;
22;12;3.03;2.57;8.82;ND;8.41;7.03;ND;2.63;ND;NA;NA;NA;
22;13;2.54;2.08;6.71;ND;5.48;5.32;ND;1.78;ND;NA;NA;NA;
22;14;2.13;2.17;4.56;ND;4.4;4.96;ND;1.51;ND;NA;NA;NA;
22;15;1.72;2.05;5.31;ND;3.34;3.86;ND;1.84;ND;NA;NA;NA;
22;16;1.66;1.87;6.55;ND;3.57;3.63;ND;1.85;ND;NA;NA;NA;
22;17;1.84;1.93;10.79;ND;5.55;4.91;ND;1.32;ND;NA;NA;NA;
22;18;2.05;1.89;12.39;ND;6.09;10.26;ND;1.51;ND;NA;NA;NA;
22;19;3.92;1.91;15.1;ND;9.76;9.92;ND;1.34;ND;NA;NA;NA;
22;20;4.04;2.1;9.38;ND;7.78;8.17;ND;1.59;ND;NA;NA;NA;
22;21;5.65;2.2;11.21;ND;6.13;9.09;ND;2.71;ND;NA;NA;NA;
22;22;7.17;2.96;11.03;ND;7.41;6.9;ND;2.83;ND;NA;NA;NA;
22;23;7.5;3.39;6.91;ND;8.19;7.52;ND;2.28;ND;NA;NA;NA;
23;0;7.2;3.56;7.07;ND;9.17;8;ND;1.71;ND;NA;NA;NA;
23;1;4.73;3.33;5.61;ND;ND;ND;ND;1.39;ND;NA;NA;NA;
23;2;4.31;3;5.1;ND;4.77;6.29;ND;1.61;ND;NA;NA;NA;
23;3;3.11;2.8;4.65;ND;5.4;4.78;ND;1.94;ND;NA;NA;NA;
23;4;2.96;4.21;4.25;ND;19.94;5.1;ND;1.74;ND;NA;NA;NA;
23;5;6.22;5.46;6.02;ND;75.9;4.28;ND;2.89;ND;NA;NA;NA;
23;6;12.66;7.2;9.16;ND;109.39;11.1;ND;9.18;ND;NA;NA;NA;
23;7;18.86;9.28;14.57;ND;56.5;29.25;ND;34.57;ND;NA;NA;NA;
23;8;16.24;6.53;18.26;ND;12.55;11.42;ND;21.54;ND;NA;NA;NA;
23;9;11.26;6.23;12.86;ND;6.09;7.13;ND;8.58;ND;NA;NA;NA;
23;10;5.03;5.16;12.27;ND;7;8.86;ND;4.71;ND;NA;NA;NA;
23;11;4.46;5.28;7.63;ND;6.01;6.64;ND;3.8;ND;NA;NA;NA;
23;12;5.56;6.23;6.6;ND;4.68;5.8;ND;3.8;ND;NA;NA;NA;
23;13;3.92;4.32;5.71;ND;4.75;5.72;ND;4.4;ND;NA;NA;NA;
23;14;3.44;3.51;5.23;ND;3.65;3.99;ND;4.88;ND;NA;NA;NA;
23;15;2.69;ND;6.35;ND;3.1;4.2;ND;3.94;ND;NA;NA;NA;
23;16;1.89;2.31;7.66;ND;2.97;3.95;ND;2.26;ND;NA;NA;NA;
23;17;1.78;1.9;8.38;ND;3.06;3.76;ND;1.25;ND;NA;NA;NA;
23;18;3.02;2.09;8.27;ND;4.21;3.72;ND;1.5;ND;NA;NA;NA;
23;19;2.94;2.47;9.09;ND;7.6;4.61;ND;1.82;ND;NA;NA;NA;
23;20;4.24;2.54;8.28;ND;5.26;6.09;ND;2.31;ND;NA;NA;NA;
23;21;7.1;2.79;8.67;ND;8.97;7.54;ND;3.62;ND;NA;NA;NA;
23;22;7.34;2.97;10.02;ND;28.51;6.5;ND;3.34;ND;NA;NA;NA;
23;23;6.56;3.89;7.78;ND;37.05;8.97;ND;2.65;ND;NA;NA;NA;
24;0;6.07;3.36;7.06;ND;37.31;8.88;ND;2.96;ND;NA;NA;NA;
24;1;ND;ND;ND;ND;44.67;5.64;ND;3.09;ND;NA;NA;NA;
24;2;4.21;3.51;4.12;ND;56.04;7.36;ND;4.34;ND;NA;NA;NA;
24;3;3.23;3.37;4.13;ND;37.33;8.49;ND;3.49;ND;NA;NA;NA;
24;4;4.31;3.09;4.31;ND;28.32;6.11;ND;3.05;ND;NA;NA;NA;
24;5;4.97;4.37;5.23;ND;68.86;8.61;ND;4.19;ND;NA;NA;NA;
24;6;8.56;6.67;10.41;ND;57.88;20.76;ND;10.19;ND;NA;NA;NA;
24;7;11.82;8.71;10.78;ND;39.37;18.36;ND;9.88;ND;NA;NA;NA;
24;8;9.65;7.34;11.72;ND;25.96;11.87;ND;15.39;ND;NA;NA;NA;
24;9;9.03;5.86;10.52;ND;13.8;7.01;ND;4.61;ND;NA;NA;NA;
24;10;5.78;4.9;13.13;ND;9.59;9.62;ND;2.96;ND;NA;NA;NA;
24;11;3.33;3.35;8.11;ND;7.98;8.33;ND;2.32;ND;NA;NA;NA;
24;12;2.93;2.36;4.47;ND;5.49;4.83;ND;1.76;ND;NA;NA;NA;
24;13;2.21;2.28;3.05;ND;4.07;4.54;ND;2.1;ND;NA;NA;NA;
24;14;1.72;2.36;2.34;ND;3.58;4.56;ND;2.02;ND;NA;NA;NA;
24;15;1.41;2.23;4.09;ND;3.42;3.91;ND;1.75;ND;NA;NA;NA;
24;16;1.46;1.66;5.14;ND;3.03;4.48;ND;1.27;ND;NA;NA;NA;
24;17;1.9;1.48;6.15;ND;2.76;3.68;ND;1.33;ND;NA;NA;NA;
24;18;3.38;5.02;6.91;ND;3.94;4.14;ND;1.63;ND;NA;NA;NA;
24;19;5.76;3.49;6.24;ND;5.6;4.97;ND;1.61;ND;NA;NA;NA;
24;20;5.36;3.15;5.91;ND;4.72;5.77;ND;4.44;ND;NA;NA;NA;
24;21;9.78;3.48;9.01;ND;6.2;6.9;ND;4.25;ND;NA;NA;NA;
24;22;8.58;3.04;8.07;ND;9.39;6.28;ND;3.02;ND;NA;NA;NA;
24;23;6.95;4.38;7.27;ND;14.56;6.84;ND;2.89;ND;NA;NA;NA;
25;0;5.7;4.17;8.81;ND;42.67;12.12;ND;2.42;ND;NA;NA;NA;
25;1;4.67;3.82;9.86;ND;ND;ND;ND;2.64;ND;NA;NA;NA;
25;2;5.4;4.1;4.9;ND;9.46;5.45;ND;2.66;ND;NA;NA;NA;
25;3;5.85;4.2;5.5;ND;9.64;7.9;ND;2.94;ND;NA;NA;NA;
25;4;4.65;4.1;5.86;ND;8.32;7.87;ND;2.64;ND;NA;NA;NA;
25;5;3.25;4.2;5.96;ND;27.41;7.61;ND;2.99;ND;NA;NA;NA;
25;6;3.84;5.56;6.86;ND;20.68;5.51;ND;3.76;ND;NA;NA;NA;
25;7;6.92;6.67;10.93;ND;19.12;9.23;ND;9.78;ND;NA;NA;NA;
25;8;7.69;5.19;10.11;ND;8.95;6.19;ND;26.56;ND;NA;NA;NA;
25;9;6.41;5.03;6.66;ND;5.63;3.65;ND;10.65;ND;NA;NA;NA;
25;10;5.95;4.86;8.41;ND;4.51;3.84;ND;4.36;ND;NA;NA;NA;
25;11;4.58;4.55;7.52;ND;6.36;4.36;ND;3.81;ND;NA;NA;NA;
25;12;5.61;5.06;4.75;ND;4.7;3.55;ND;2.56;ND;NA;NA;NA;
25;13;6.6;5.78;3.77;ND;3.56;2.22;ND;2.16;ND;NA;NA;NA;
25;14;3.92;4.34;4.42;ND;3.14;2.81;ND;3.49;ND;NA;NA;NA;
25;15;2.77;4.27;4.11;ND;3.29;3.79;ND;4.35;ND;NA;NA;NA;
25;16;2.09;3.63;3.67;ND;3.59;2.84;ND;5.01;ND;NA;NA;NA;
25;17;2.24;2.88;4.57;ND;3.65;2.02;ND;3.47;ND;NA;NA;NA;
25;18;3.22;2.79;6.3;ND;3.93;2.75;ND;2.74;ND;NA;NA;NA;
25;19;3.91;2.81;6.47;ND;3.86;4.28;ND;2.09;ND;NA;NA;NA;
25;20;3.9;2.63;9.63;ND;4.18;5.27;ND;1.84;ND;NA;NA;NA;
25;21;4.51;2.55;9.42;ND;5.72;5.93;ND;1.55;ND;NA;NA;NA;
25;22;5.06;2.32;7.32;ND;6.03;6.64;ND;1.71;ND;NA;NA;NA;
25;23;3.83;2.34;4.89;ND;5.66;6.12;ND;1.47;ND;NA;NA;NA;
26;0;3.23;2.52;4.78;ND;5.39;5.01;ND;1.4;ND;NA;NA;NA;
26;1;ND;ND;ND;ND;4.49;4.58;ND;1.09;ND;NA;NA;NA;
26;2;5;2.56;3.17;ND;3.7;4.2;ND;1.3;ND;NA;NA;NA;
26;3;7.3;3.04;3.45;ND;3.74;3.77;ND;3.02;ND;NA;NA;NA;
26;4;8.18;3.17;3.23;ND;3.81;3.87;ND;4.68;ND;NA;NA;NA;
26;5;7.28;3.81;5.75;ND;5.22;3.87;ND;12.26;ND;NA;NA;NA;
26;6;11.45;6.74;12.6;ND;10.33;8.78;ND;13.33;ND;NA;NA;NA;
26;7;16.34;6.46;8.4;ND;13.94;7.45;ND;24.57;ND;NA;NA;NA;
26;8;3.17;5.3;5.51;ND;9.66;3.77;ND;10.25;ND;NA;NA;NA;
26;9;4.12;4.13;5.05;ND;3.64;2.58;ND;8.54;ND;NA;NA;NA;
26;10;2.32;3.25;4.93;ND;2.19;1.84;ND;3.96;ND;NA;NA;NA;
26;11;1.81;3.06;4.05;ND;ND;2.72;ND;1.61;ND;NA;NA;NA;
26;12;2.36;2.96;3.71;ND;2.25;ND;ND;0.93;ND;NA;NA;NA;
26;13;3.07;3.44;ND;ND;3.48;ND;ND;1.03;ND;NA;NA;NA;
26;14;2.91;2.7;ND;ND;3.25;1.99;ND;1.08;ND;NA;NA;NA;
26;15;2.57;4.12;5.17;ND;2.87;2.5;ND;1.21;ND;NA;NA;NA;
26;16;2.55;3.05;3.78;ND;5.06;3.01;ND;1.82;ND;NA;NA;NA;
26;17;2.69;2.85;2.9;ND;4.22;2.79;ND;2.5;ND;NA;NA;NA;
26;18;2.96;3.31;4.18;ND;5.56;2.62;ND;2.36;ND;NA;NA;NA;
26;19;4.16;3.66;8.05;ND;5.81;3.86;ND;3.82;ND;NA;NA;NA;
26;20;5.38;3.44;8.22;ND;6.91;4.37;ND;2.86;ND;NA;NA;NA;
26;21;5.95;3.73;5.34;ND;8.02;4.42;ND;3.82;ND;NA;NA;NA;
26;22;5.75;3.81;11.28;ND;10.53;5.58;ND;3.1;ND;NA;NA;NA;
26;23;7.16;4.33;10.64;ND;8.4;7.66;ND;2.01;ND;NA;NA;NA;
27;0;6.46;3.94;8.46;ND;14.4;7.7;ND;1.83;ND;NA;NA;NA;
27;1;7.99;3.35;6.38;ND;ND;ND;ND;1.89;ND;NA;NA;NA;
27;2;7.92;3.43;6.27;ND;26.22;5.98;ND;2.03;ND;NA;NA;NA;
27;3;8.48;3.8;4.98;ND;13.63;5.15;ND;2.15;ND;NA;NA;NA;
27;4;7.57;3.33;6.97;ND;10.95;6.59;ND;2.27;ND;NA;NA;NA;
27;5;9.02;3.58;6.85;ND;30.87;7.68;ND;1.16;ND;NA;NA;NA;
27;6;14.25;6.23;12.28;ND;26.47;16.4;ND;4.32;ND;NA;NA;NA;
27;7;17.59;10;17.38;ND;36.23;16.04;ND;11.87;ND;NA;NA;NA;
27;8;16.24;10.14;14.47;ND;16.84;7.95;ND;20.41;ND;NA;NA;NA;
27;9;12.58;7.48;14.03;ND;8.3;4.33;ND;9.44;ND;NA;NA;NA;
27;10;ND;8.11;12.73;ND;12.75;8.21;ND;ND;ND;NA;NA;NA;
27;11;9;6.64;12.02;ND;10.29;8.99;ND;ND;ND;NA;NA;NA;
27;12;6;4.64;9.87;ND;7.91;8.34;ND;6.64;ND;NA;NA;NA;
27;13;4.13;3.73;7.82;ND;7.49;7.12;ND;6.18;ND;NA;NA;NA;
27;14;2.54;3.59;5.9;ND;5.08;6.62;ND;5.6;ND;NA;NA;NA;
27;15;3.86;3.21;8.45;ND;5.98;5.13;ND;4.49;ND;NA;NA;NA;
27;16;3.16;3;10.16;ND;6.68;6.44;ND;2.16;ND;NA;NA;NA;
27;17;2.62;2.82;9.85;ND;8.38;7.01;ND;1.67;ND;NA;NA;NA;
27;18;2.99;2.96;11.72;ND;6.41;5.92;ND;1.62;ND;NA;NA;NA;
27;19;3.74;2.88;11;ND;7.39;7.05;ND;1.61;ND;NA;NA;NA;
27;20;3.45;2.81;9.65;ND;6.99;7.2;ND;1.39;ND;NA;NA;NA;
27;21;4.25;2.44;7.74;ND;5.06;6.95;ND;1.37;ND;NA;NA;NA;
27;22;4.27;2.71;9.13;ND;6.42;6.58;ND;1.5;ND;NA;NA;NA;
27;23;5.02;3.13;5.38;ND;5.53;5.47;ND;1.88;ND;NA;NA;NA;
28;0;2.57;6.34;6.31;ND;4.77;5.15;ND;1.26;ND;NA;NA;NA;
28;1;4.56;ND;ND;ND;10.03;4.87;ND;1.34;ND;NA;NA;NA;
28;2;5.23;6.28;3.2;ND;15.3;4.18;ND;1.32;ND;NA;NA;NA;
28;3;5.14;6.07;2.58;ND;15.95;4.57;ND;1.13;ND;NA;NA;NA;
28;4;4.89;4.87;4.43;ND;18.7;6.11;ND;1.55;ND;NA;NA;NA;
28;5;5.37;4.96;6.19;ND;17.29;8;ND;3.62;ND;NA;NA;NA;
28;6;9.36;7.34;12.19;ND;21.59;8.99;ND;15.83;ND;NA;NA;NA;
28;7;16.83;8.51;15.44;ND;12.11;9.67;ND;37.18;ND;NA;NA;NA;
28;8;7.83;6.43;7.17;ND;7.67;5.31;ND;14.22;ND;NA;NA;NA;
28;9;5.41;5.44;7.04;ND;5.69;4.48;ND;5.25;ND;NA;NA;NA;
28;10;3.45;ND;6.34;ND;2.95;2.72;ND;3.5;ND;NA;NA;NA;
28;11;2.54;1.33;4.69;ND;3.34;3.06;ND;1.57;ND;NA;NA;NA;
28;12;2.09;0.68;4.69;ND;4.37;2.83;ND;1.1;ND;NA;NA;NA;
28;13;2.51;2.73;4.46;ND;3.75;1.92;ND;1.05;ND;NA;NA;NA;
28;14;2.5;1.58;3.6;ND;4.19;3.57;ND;3.46;ND;NA;NA;NA;
28;15;2.51;1;3.72;ND;3.99;3.03;ND;2.96;ND;NA;NA;NA;
28;16;2.47;1.31;7.96;ND;5.2;2.7;ND;2.57;ND;NA;NA;NA;
28;17;2.61;ND;10.61;ND;8.25;3.18;ND;2.24;ND;NA;NA;NA;
28;18;2.87;1.61;10.64;ND;5.01;4.15;ND;2.13;ND;NA;NA;NA;
28;19;3.21;1.75;11.03;ND;6.64;5.83;ND;1.55;ND;NA;NA;NA;
28;20;3;1.57;8.59;ND;6.68;5.64;ND;1.27;ND;NA;NA;NA;
28;21;3.32;1.32;6.56;ND;6.28;5.07;ND;1.3;ND;NA;NA;NA;
28;22;4.38;1.55;7.85;ND;4.97;4.94;ND;1.33;ND;NA;NA;NA;
28;23;3.88;1.99;6.24;ND;5.09;4.91;ND;1.83;ND;NA;NA;NA;
29;0;4.14;2.57;5.75;ND;6.57;5.86;ND;1.39;ND;NA;NA;NA;
29;1;ND;1.87;7.83;ND;ND;ND;ND;1.26;ND;NA;NA;NA;
29;2;3.86;1.35;25.2;ND;8.58;12.58;ND;2.43;ND;NA;NA;NA;
29;3;4.3;0.96;24.63;ND;9.33;10.29;ND;1.55;ND;NA;NA;NA;
29;4;4.07;1.63;9.38;ND;7.03;5.95;ND;1.44;ND;NA;NA;NA;
29;5;4.84;2.37;8.01;ND;6.21;6.86;ND;2.41;ND;NA;NA;NA;
29;6;8.77;5.28;8.95;ND;10.66;13.43;ND;5.52;ND;NA;NA;NA;
29;7;15.45;7.45;12.24;ND;12.3;12.4;ND;36.3;ND;NA;NA;NA;
29;8;17.57;3.99;12.79;ND;10.76;9.48;ND;20.15;ND;NA;NA;NA;
29;9;7.2;1.84;8.85;ND;6.89;5.63;ND;6.67;ND;NA;NA;NA;
29;10;4.94;1.63;7.17;ND;9.02;7.16;ND;4.3;ND;NA;NA;NA;
29;11;3.43;1.5;4.34;ND;5.02;4.62;ND;2.22;ND;NA;NA;NA;
29;12;2.63;2.21;4.88;ND;3.73;3.02;ND;1.43;ND;NA;NA;NA;
29;13;1.81;1.8;3.73;ND;3.92;3.94;ND;2.04;ND;NA;NA;NA;
29;14;1.72;1.39;3.4;ND;3.66;3.45;ND;2.31;ND;NA;NA;NA;
29;15;1.82;0.88;3.84;ND;3.65;3.55;ND;2.2;ND;NA;NA;NA;
29;16;1.98;0.81;6.02;ND;4.43;2.87;ND;4.87;ND;NA;NA;NA;
29;17;2;0.93;11.83;ND;5.42;4.39;ND;1.86;ND;NA;NA;NA;
29;18;2.44;0.86;11.36;ND;6.76;5.21;ND;1.62;ND;NA;NA;NA;
29;19;2.39;0.86;10.82;ND;7.53;5.59;ND;1.58;ND;NA;NA;NA;
29;20;3.22;0.85;10.97;ND;6.7;6.22;ND;1.47;ND;NA;NA;NA;
29;21;2.61;0.9;8.78;ND;6.88;5.96;ND;1;ND;NA;NA;NA;
29;22;3.37;0.96;6.83;ND;5.56;5.77;ND;2.42;ND;NA;NA;NA;
29;23;3.41;1.41;6.79;ND;5.08;5.73;ND;2.66;ND;NA;NA;NA;
30;0;3.97;2.2;7.7;ND;11.84;5.75;ND;2.56;ND;NA;NA;NA;
30;1;3.94;ND;ND;ND;16.68;5.67;ND;2.26;ND;NA;NA;NA;
30;2;5.18;4.12;6.49;ND;9.57;5.94;ND;2.38;ND;NA;NA;NA;
30;3;5.62;5.77;7.65;ND;53.71;7.74;ND;3.6;ND;NA;NA;NA;
30;4;5.21;6.63;6.23;ND;30.61;19.27;ND;13.51;ND;NA;NA;NA;
30;5;5.96;4.64;6.27;ND;35.89;13.15;ND;10.49;ND;NA;NA;NA;
30;6;10.68;6.08;10.88;ND;52.01;25;ND;10.62;ND;NA;NA;NA;
30;7;12.11;12.34;16.92;ND;92.93;26.33;ND;18.25;ND;NA;NA;NA;
30;8;16.03;9.43;19.63;ND;61.36;19.04;ND;13.46;ND;NA;NA;NA;
30;9;11.54;7.25;20.23;ND;11.36;11.34;ND;7.4;ND;NA;NA;NA;
30;10;9.27;5.06;9.6;ND;ND;8.26;ND;5.15;ND;NA;NA;NA;
30;11;6.41;2.79;7.94;ND;6.04;7.95;ND;4.03;ND;NA;NA;NA;
30;12;3.45;1.46;9.06;ND;6.37;6.73;ND;3.8;ND;NA;NA;NA;
30;13;2.15;1.02;5.72;ND;4.6;8.95;ND;3.46;ND;NA;NA;NA;
30;14;2.04;0.85;3.76;ND;3.96;5.93;ND;2.54;ND;NA;NA;NA;
30;15;1.76;0.47;5.63;ND;4.93;ND;ND;2.29;ND;NA;NA;NA;
30;16;1.59;0.49;8.82;ND;5.53;ND;ND;2.55;ND;NA;NA;NA;
30;17;1.99;0.33;9.69;ND;5.85;ND;ND;2.18;ND;NA;NA;NA;
30;18;2.89;0.38;9.45;ND;4.55;9.32;ND;1.7;ND;NA;NA;NA;
30;19;3.12;0.3;8.2;ND;4.15;ND;ND;1.77;ND;NA;NA;NA;
30;20;3.9;0.19;6.58;ND;3.13;7.8;ND;1.45;ND;NA;NA;NA;
30;21;3.48;0.28;6.33;ND;3.34;6.86;ND;1.27;ND;NA;NA;NA;
30;22;2.73;0.19;6.43;ND;4.52;6.73;ND;1.24;ND;NA;NA;NA;
30;23;2.87;0.26;5.65;ND;6.54;6.79;ND;1.63;ND;NA;NA;NA;
31;0;3.88;0.08;7.09;ND;6.07;6.36;ND;1.04;ND;NA;NA;NA;
31;1;ND;0.26;7.33;ND;ND;5.95;ND;0.94;ND;NA;NA;NA;
31;2;2.99;0.69;13.66;ND;5.29;6.7;ND;0.93;ND;NA;NA;NA;
31;3;2.77;0.62;11.39;ND;7.41;7.75;ND;0.93;ND;NA;NA;NA;
31;4;3.09;0.56;6.29;ND;2.98;6.61;ND;0.81;ND;NA;NA;NA;
31;5;3.31;0.67;4.5;ND;5.42;5.38;ND;0.79;ND;NA;NA;NA;
31;6;4.8;0.59;4.65;ND;5.83;6.06;ND;1.41;ND;NA;NA;NA;
31;7;5.23;0.79;6;ND;21.07;8.02;ND;1.31;ND;NA;NA;NA;
31;8;5.54;0.84;9.32;ND;11.81;8.47;ND;1.88;ND;NA;NA;NA;
31;9;5.14;0.54;8.58;ND;5.88;7.57;ND;2.28;ND;NA;NA;NA;
31;10;2.8;0.62;5.47;ND;ND;5.95;ND;1.44;ND;NA;NA;NA;
31;11;1.94;0.49;4.37;ND;ND;5.45;ND;1.31;ND;NA;NA;NA;
31;12;1.75;0.27;4.65;ND;ND;5.78;ND;1.51;ND;NA;NA;NA;
31;13;1.57;0.19;5.31;ND;1.93;4.66;ND;2.27;ND;NA;NA;NA;
31;14;1.76;0.41;4.57;ND;1.82;4.65;ND;1.39;ND;NA;NA;NA;
31;15;1.91;0.13;4.02;ND;2.5;4.44;ND;1.29;ND;NA;NA;NA;
31;16;2.55;0.2;4.43;ND;2.56;4.94;ND;3.39;ND;NA;NA;NA;
31;17;2.33;0.33;5.3;ND;3.56;5.92;ND;7.66;ND;NA;NA;NA;
31;18;1.85;0.09;6;ND;4.51;6.14;ND;4.91;ND;NA;NA;NA;
31;19;1.78;0.01;6.99;ND;5.63;5.66;ND;2.57;ND;NA;NA;NA;
31;20;1.76;0.21;6.65;ND;6.06;5.87;ND;2.69;ND;NA;NA;NA;
31;21;1.78;0.08;5.11;ND;4.74;6.08;ND;2.59;ND;NA;NA;NA;
31;22;1.6;0.01;3.99;ND;4.12;5.36;ND;1.43;ND;NA;NA;NA;
31;23;1.2;0;3.19;ND;2.48;6.41;ND;1.04;ND;NA;NA;NA;
