DIA;HORA;Cotocollao;Carapungo;Belisario;Jipijapa;El Camal;Centro;Guamaní;Tumbaco;Los Chillos;El Condado;Turubamba;Chillogallo;
1;0;6.1;5.72;10.87;ND;36.93;13.18;NA;NA;ND;NA;NA;NA;
1;1;5.57;3.64;12.73;16.04;25.72;19.64;NA;NA;ND;NA;NA;NA;
1;2;6.17;3.41;12.14;12.15;22.85;10.43;NA;NA;ND;NA;NA;NA;
1;3;4.02;5.31;11.45;14.5;8.77;15.49;NA;NA;ND;NA;NA;NA;
1;4;2.59;11.8;8.34;4.69;9.26;6.32;NA;NA;ND;NA;NA;NA;
1;5;6.53;8.8;9.54;9.41;19.69;8.08;NA;NA;ND;NA;NA;NA;
1;6;3.16;9.62;9.6;5.36;21.5;14.24;NA;NA;ND;NA;NA;NA;
1;7;9.19;5.1;12.48;12.48;21.06;6.07;NA;NA;ND;NA;NA;NA;
1;8;13.4;12.05;8.25;7.93;12;10.59;NA;NA;ND;NA;NA;NA;
1;9;6.7;1.71;12.61;8.68;23.38;8.5;NA;NA;ND;NA;NA;NA;
1;10;10.48;18.89;14.8;11.53;20.94;21.13;NA;NA;ND;NA;NA;NA;
1;11;20.44;1.26;13.89;12.61;14.13;9.65;NA;NA;ND;NA;NA;NA;
1;12;7.35;13.8;12.13;10.63;7.14;6.63;NA;NA;ND;NA;NA;NA;
1;13;12.79;3.57;10.57;8.87;14.66;9.31;NA;NA;ND;NA;NA;NA;
1;14;7.41;8.42;4.92;2.69;10.9;11.3;NA;NA;ND;NA;NA;NA;
1;15;12.28;12.75;12.42;11.83;15.15;10.6;NA;NA;ND;NA;NA;NA;
1;16;9.66;5.35;10.17;12.81;18.58;12.89;NA;NA;ND;NA;NA;NA;
1;17;12.61;19.64;17.8;6.73;17.84;9.27;NA;NA;ND;NA;NA;NA;
1;18;13.67;11.93;13.13;8.87;24.58;15.63;NA;NA;ND;NA;NA;NA;
1;19;7.94;8.54;12.07;6.66;17.77;16.57;NA;NA;ND;NA;NA;NA;
1;20;6.08;18;23.12;7.25;23.24;6.64;NA;NA;ND;NA;NA;NA;
1;21;6.02;10.12;8.35;11.42;17.23;13.67;NA;NA;ND;NA;NA;NA;
1;22;12.43;6.31;18.31;20.29;20.65;19.51;NA;NA;ND;NA;NA;NA;
1;23;8.94;11.43;ND;14.02;ND;20.6;NA;NA;ND;NA;NA;NA;
2;0;16.31;10.35;20.18;ND;24.35;14.39;NA;NA;ND;NA;NA;NA;
2;1;12.74;11.88;15.63;22.45;14.04;17.53;NA;NA;ND;NA;NA;NA;
2;2;9.69;9.92;19;17.43;13.17;17.58;NA;NA;ND;NA;NA;NA;
2;3;10.88;5.7;15.25;19.62;24.27;15.71;NA;NA;ND;NA;NA;NA;
2;4;9.65;11.52;15.94;14.1;24.36;20.39;NA;NA;ND;NA;NA;NA;
2;5;9.06;7.41;17.64;16.83;22.05;16.2;NA;NA;ND;NA;NA;NA;
2;6;20.22;19.28;13.08;25.54;42.82;39.56;NA;NA;ND;NA;NA;NA;
2;7;18.03;15.51;31.49;31.51;47.46;49.83;NA;NA;ND;NA;NA;NA;
2;8;10.26;9.56;31.33;17.95;45.34;26.5;NA;NA;ND;NA;NA;NA;
2;9;10.94;1.51;14.51;11.47;29.24;32.56;NA;NA;ND;NA;NA;NA;
2;10;15.67;11.88;10.63;24.67;13.39;11.62;NA;NA;ND;NA;NA;NA;
2;11;15.45;8.75;6.68;11.52;9.41;4.91;NA;NA;ND;NA;NA;NA;
2;12;8.02;16.82;1.62;7.3;2.02;2.41;NA;NA;ND;NA;NA;NA;
2;13;12.02;6.68;17.62;14.17;8.28;3.21;NA;NA;ND;NA;NA;NA;
2;14;11.63;9.19;32.16;8.16;18.77;8.32;NA;NA;ND;NA;NA;NA;
2;15;5.4;10.97;25.04;13.65;20.89;6.84;NA;NA;ND;NA;NA;NA;
2;16;11.46;12.29;22.78;9.74;20.12;9.94;NA;NA;ND;NA;NA;NA;
2;17;20.39;11.31;7.95;7.9;5.25;5.98;NA;NA;ND;NA;NA;NA;
2;18;6.48;18.25;5.3;14.17;19.77;22.59;NA;NA;ND;NA;NA;NA;
2;19;6.21;13;13.14;10.04;19.46;14.51;NA;NA;ND;NA;NA;NA;
2;20;6.92;8.48;15.42;8.62;8.84;18.54;NA;NA;ND;NA;NA;NA;
2;21;8.58;1.31;15;18.91;19.67;18.16;NA;NA;ND;NA;NA;NA;
2;22;6.68;8.55;9.15;10.14;18.43;9.65;NA;NA;ND;NA;NA;NA;
2;23;17.76;3.4;ND;24.85;ND;12.53;NA;NA;ND;NA;NA;NA;
3;0;7.2;16.42;23.39;ND;16.57;13.63;NA;NA;ND;NA;NA;NA;
3;1;13.77;9.97;16.23;19.37;12.94;14.06;NA;NA;ND;NA;NA;NA;
3;2;4.66;11.25;12.46;11.56;16.34;10.51;NA;NA;ND;NA;NA;NA;
3;3;15.35;8.99;11.52;12.1;10.48;13.62;NA;NA;ND;NA;NA;NA;
3;4;7.61;2.27;12.82;12.05;19.61;12.84;NA;NA;ND;NA;NA;NA;
3;5;11.28;6.8;12.47;15.56;15.99;15.09;NA;NA;ND;NA;NA;NA;
3;6;8.03;12.58;11.39;13.66;17.17;13.64;NA;NA;ND;NA;NA;NA;
3;7;23.23;8.96;22.5;29.46;18.85;26.52;NA;NA;ND;NA;NA;NA;
3;8;27.45;28.04;31.63;36.25;30.57;21.82;NA;NA;ND;NA;NA;NA;
3;9;30.04;12.29;16.72;29.53;34.49;27.26;NA;NA;ND;NA;NA;NA;
3;10;18.43;17.76;33.86;28.58;23.19;20.15;NA;NA;ND;NA;NA;NA;
3;11;14.01;7.27;26.31;24.1;24.04;34.51;NA;NA;ND;NA;NA;NA;
3;12;8.14;2.95;9.91;4.26;20.17;17.58;NA;NA;ND;NA;NA;NA;
3;13;10.63;14.82;18.4;16.65;16.15;21.58;NA;NA;ND;NA;NA;NA;
3;14;10.41;20.94;14.32;11.6;19.65;16.97;NA;NA;ND;NA;NA;NA;
3;15;5.23;5.16;6.21;5.41;10.23;3.97;NA;NA;ND;NA;NA;NA;
3;16;10.18;13.43;15.65;11.25;13.62;14.75;NA;NA;ND;NA;NA;NA;
3;17;6.97;12.55;12.61;6.12;7.55;9.38;NA;NA;ND;NA;NA;NA;
3;18;12.94;13.14;11.01;10.52;28.54;15.33;NA;NA;ND;NA;NA;NA;
3;19;6.03;4.03;19.29;11.35;29.92;21.95;NA;NA;ND;NA;NA;NA;
3;20;15.22;13.1;20.76;26.77;37.03;13.05;NA;NA;ND;NA;NA;NA;
3;21;6.29;11.24;19.47;16.73;17.65;14.62;NA;NA;ND;NA;NA;NA;
3;22;12.85;11.21;19.38;21.5;18.52;15.68;NA;NA;ND;NA;NA;NA;
3;23;16.45;8.89;ND;15.54;ND;16.13;NA;NA;ND;NA;NA;NA;
4;0;9.99;11.71;19.01;ND;33.49;15.99;NA;NA;ND;NA;NA;NA;
4;1;8.9;1.27;14.5;15.01;17.67;17.89;NA;NA;ND;NA;NA;NA;
4;2;10.11;7.29;11.58;16.73;11.52;12.76;NA;NA;ND;NA;NA;NA;
4;3;7.08;11.2;9.27;12.91;6.5;9.06;NA;NA;ND;NA;NA;NA;
4;4;10.25;5.08;13.19;8.07;10.53;8.19;NA;NA;ND;NA;NA;NA;
4;5;11.3;4.72;4.78;15.74;18.2;15.75;NA;NA;ND;NA;NA;NA;
4;6;12.12;8.05;14.37;15.19;27.96;9.76;NA;NA;ND;NA;NA;NA;
4;7;21.59;22.6;22.7;20.04;41.79;17.71;NA;NA;ND;NA;NA;NA;
4;8;10.19;5.28;24.09;16.86;28.32;22.2;NA;NA;ND;NA;NA;NA;
4;9;7.05;1.98;7.33;10.73;18.79;18.15;NA;NA;ND;NA;NA;NA;
4;10;9.17;14.94;10.83;8.92;11.68;5.36;NA;NA;ND;NA;NA;NA;
4;11;11.49;4.75;7.35;14.02;7.82;5.09;NA;NA;ND;NA;NA;NA;
4;12;8.06;12.05;0.38;2.31;0;4.64;NA;NA;ND;NA;NA;NA;
4;13;15.53;17.57;10.37;15.99;9.75;6.48;NA;NA;ND;NA;NA;NA;
4;14;9.87;12.73;14.05;14.88;9.88;3.81;NA;NA;ND;NA;NA;NA;
4;15;13.23;12.02;17.8;14.5;9.33;9.02;NA;NA;ND;NA;NA;NA;
4;16;13.16;8.81;5.58;12.66;12.06;6.51;NA;NA;ND;NA;NA;NA;
4;17;15.06;19.82;24.17;20.97;19.01;16.57;NA;NA;ND;NA;NA;NA;
4;18;7.68;10.64;17.36;7.29;25.51;17.87;NA;NA;ND;NA;NA;NA;
4;19;13.36;11.61;17.18;12;25.27;13.66;NA;NA;ND;NA;NA;NA;
4;20;12.81;10.6;24.9;17.61;23.68;26.54;NA;NA;ND;NA;NA;NA;
4;21;14.84;16.21;24.45;24.29;24.26;24.07;NA;NA;ND;NA;NA;NA;
4;22;20.02;9.03;20.93;18.94;30.08;17.62;NA;NA;ND;NA;NA;NA;
4;23;17.04;5.04;ND;22.56;ND;20.46;NA;NA;ND;NA;NA;NA;
5;0;27.51;8.66;24.1;ND;17.91;24.35;NA;NA;ND;NA;NA;NA;
5;1;14.74;12.79;15.82;18.07;15.07;18.14;NA;NA;ND;NA;NA;NA;
5;2;14.05;8.49;13.67;20.83;13.16;11.84;NA;NA;ND;NA;NA;NA;
5;3;13.42;9.07;16.06;18.98;18.87;17.87;NA;NA;ND;NA;NA;NA;
5;4;21;12.99;26.04;20.2;22.37;18.29;NA;NA;ND;NA;NA;NA;
5;5;16.61;15.99;15.73;20.55;23.41;19.14;NA;NA;ND;NA;NA;NA;
5;6;25.92;19.03;19;15.74;32.41;16.36;NA;NA;ND;NA;NA;NA;
5;7;28.14;27.7;24.47;22.42;35.92;33.55;NA;NA;ND;NA;NA;NA;
5;8;25.99;7.07;17.67;15.4;24.66;30.54;NA;NA;ND;NA;NA;NA;
5;9;16.38;10.1;12.42;7.01;12.18;14.27;NA;NA;ND;NA;NA;NA;
5;10;7.69;4.33;17.13;7.52;19.71;14.54;NA;NA;ND;NA;NA;NA;
5;11;13.46;19.89;ND;6.05;9.5;2.29;NA;NA;ND;NA;NA;NA;
5;12;16.24;15.82;ND;14.24;4.57;3.55;NA;NA;ND;NA;NA;NA;
5;13;11.81;12.14;ND;13.69;9.71;12.9;NA;NA;ND;NA;NA;NA;
5;14;9.46;15.03;ND;6.69;12.64;9.8;NA;NA;ND;NA;NA;NA;
5;15;8.64;4.91;16.05;8.95;11.39;2.51;NA;NA;ND;NA;NA;NA;
5;16;8.53;10.07;9.92;9.07;14.64;4.24;NA;NA;ND;NA;NA;NA;
5;17;11.93;12.37;9.35;11.91;12.52;19.64;NA;NA;ND;NA;NA;NA;
5;18;7.54;17.27;19.06;13.9;11.79;14.09;NA;NA;ND;NA;NA;NA;
5;19;11.19;14.8;12.83;9.06;21.33;14.89;NA;NA;ND;NA;NA;NA;
5;20;6.71;8.93;17.54;10.64;16.58;18.35;NA;NA;ND;NA;NA;NA;
5;21;8.01;7.61;14.14;7.34;21.56;15.66;NA;NA;ND;NA;NA;NA;
5;22;8.43;4.62;11.48;7.73;24.01;14.66;NA;NA;ND;NA;NA;NA;
5;23;10.39;13.02;ND;2.34;ND;17.76;NA;NA;ND;NA;NA;NA;
6;0;7.99;11.11;16.97;ND;14.36;12.42;NA;NA;ND;NA;NA;NA;
6;1;19.31;12.37;18.16;25.72;18.74;16.78;NA;NA;ND;NA;NA;NA;
6;2;15.83;15.81;18.24;19.02;15.44;16.43;NA;NA;ND;NA;NA;NA;
6;3;21.53;17.22;17.14;21.27;17.38;19.13;NA;NA;ND;NA;NA;NA;
6;4;24.66;8.1;13.73;18.44;12.24;13.61;NA;NA;ND;NA;NA;NA;
6;5;20.95;14.21;19.63;19.97;11.5;13.8;NA;NA;ND;NA;NA;NA;
6;6;45.51;21.5;18.72;18.95;8;21.91;NA;NA;ND;NA;NA;NA;
6;7;55.81;29.98;32.64;31.67;22.1;29.56;NA;NA;ND;NA;NA;NA;
6;8;66.18;13.57;37.77;39.52;41.05;29.67;NA;NA;ND;NA;NA;NA;
6;9;27.24;18.98;36;28.4;25.54;41.89;NA;NA;ND;NA;NA;NA;
6;10;6.6;4.46;12.89;15.54;14.93;15.86;NA;NA;ND;NA;NA;NA;
6;11;11.73;12.06;17.09;23;7.66;12.87;NA;NA;ND;NA;NA;NA;
6;12;15.47;18.02;18.04;25.12;25.9;16.85;NA;NA;ND;NA;NA;NA;
6;13;13.58;ND;13.23;5.75;14.06;13.75;NA;NA;ND;NA;NA;NA;
6;14;4;5.17;16.33;11.65;16.06;17.36;NA;NA;ND;NA;NA;NA;
6;15;9.34;17.78;10.88;1.91;23.97;14.42;NA;NA;ND;NA;NA;NA;
6;16;19.66;20.7;14.46;15.83;18.52;13.51;NA;NA;ND;NA;NA;NA;
6;17;9.82;19.84;19.51;11.54;14.52;15.81;NA;NA;ND;NA;NA;NA;
6;18;16.29;3.86;17.98;9.93;25.04;13.51;NA;NA;ND;NA;NA;NA;
6;19;18.42;21.84;15.91;13.36;27.2;23.07;NA;NA;ND;NA;NA;NA;
6;20;14.01;13.51;28.2;17.07;38.44;27.73;NA;NA;ND;NA;NA;NA;
6;21;19.35;2.95;21.29;23.22;29.24;22.28;NA;NA;ND;NA;NA;NA;
6;22;12.65;32.12;21.61;20.69;21.04;15.9;NA;NA;ND;NA;NA;NA;
6;23;20.77;6.65;ND;20.06;ND;18.52;NA;NA;ND;NA;NA;NA;
7;0;24.92;34.04;19.55;ND;19.65;23.79;NA;NA;ND;NA;NA;NA;
7;1;21.06;25.34;18.91;27.96;20.31;23.08;NA;NA;ND;NA;NA;NA;
7;2;20.7;17.1;18.69;20.1;16.98;15.92;NA;NA;ND;NA;NA;NA;
7;3;22.35;17.38;19.16;15.22;21.88;21.34;NA;NA;ND;NA;NA;NA;
7;4;24.42;10.6;13.16;16.86;17.76;18.95;NA;NA;ND;NA;NA;NA;
7;5;18.39;23.8;18.89;22.71;35.53;24.19;NA;NA;ND;NA;NA;NA;
7;6;22.34;35;24.03;23.98;41.88;22.01;NA;NA;ND;NA;NA;NA;
7;7;25.43;26.31;25.09;33.88;49.6;22.73;NA;NA;ND;NA;NA;NA;
7;8;19.1;18.66;27.32;33.85;24.24;29.09;NA;NA;ND;NA;NA;NA;
7;9;29.05;15.99;17.74;22.94;16.94;18.07;NA;NA;ND;NA;NA;NA;
7;10;15.74;30.89;7.95;14.16;3.32;7.77;NA;NA;ND;NA;NA;NA;
7;11;18.8;24.31;11.23;16.56;14.37;15.29;NA;NA;ND;NA;NA;NA;
7;12;23.13;11.99;15.99;15.4;17.84;8.15;NA;NA;ND;NA;NA;NA;
7;13;23.11;17.02;16.93;14.41;15.99;15.2;NA;NA;ND;NA;NA;NA;
7;14;13.69;13.25;17.28;18.82;33.28;23.84;NA;NA;ND;NA;NA;NA;
7;15;20.32;9.93;15.77;15.04;13.5;12.6;NA;NA;ND;NA;NA;NA;
7;16;14.66;7.31;16.48;10;11.76;17.08;NA;NA;ND;NA;NA;NA;
7;17;4.61;27.33;19.07;14.72;17.53;6.25;NA;NA;ND;NA;NA;NA;
7;18;15.47;16.65;23.68;8.15;7.34;16.31;NA;NA;ND;NA;NA;NA;
7;19;7.97;4.75;11.72;19.96;19.44;15.74;NA;NA;ND;NA;NA;NA;
7;20;10.17;3.57;16.18;20.18;27.07;15.99;NA;NA;ND;NA;NA;NA;
7;21;14.8;10.7;15.86;15.31;27.34;8.13;NA;NA;ND;NA;NA;NA;
7;22;10.9;12.54;13.49;15.34;14.68;9.12;NA;NA;ND;NA;NA;NA;
7;23;8.23;9.93;ND;19.87;ND;18.06;NA;NA;ND;NA;NA;NA;
8;0;15.09;10.82;6.38;ND;20.38;10.84;NA;NA;ND;NA;NA;NA;
8;1;12.68;15.04;18.24;14.54;18.88;19.58;NA;NA;ND;NA;NA;NA;
8;2;12.75;12.04;18.1;22.76;26.81;16.4;NA;NA;ND;NA;NA;NA;
8;3;11.6;8.85;10.66;17.22;15.92;16.48;NA;NA;ND;NA;NA;NA;
8;4;9.2;11.57;12.52;13.78;25.34;20.81;NA;NA;ND;NA;NA;NA;
8;5;15.83;13.96;16.67;21.31;24.32;17.08;NA;NA;ND;NA;NA;NA;
8;6;18.43;15.58;18.7;19.91;43.38;27.25;NA;NA;ND;NA;NA;NA;
8;7;11.34;9.21;12.24;15.92;38.13;39.46;NA;NA;ND;NA;NA;NA;
8;8;13.71;7.84;19.07;15.43;25.76;34.26;NA;NA;ND;NA;NA;NA;
8;9;18.71;20.09;19.2;19.2;16.22;9.94;NA;NA;ND;NA;NA;NA;
8;10;15.23;14.71;26.41;21.95;25.86;16.9;NA;NA;ND;NA;NA;NA;
8;11;12.1;20.63;13.78;19.97;24.48;12.64;NA;NA;ND;NA;NA;NA;
8;12;19.22;20.44;10.48;14.46;16.08;10.55;NA;NA;ND;NA;NA;NA;
8;13;15.74;14.06;6.06;9.54;9.1;11.18;NA;NA;ND;NA;NA;NA;
8;14;22.7;5.71;12.86;20.14;10.7;7.7;NA;NA;ND;NA;NA;NA;
8;15;14.29;31.53;14.09;22.58;19.17;21.84;NA;NA;ND;NA;NA;NA;
8;16;15.65;18.04;19.85;9.24;6.07;18.48;NA;NA;ND;NA;NA;NA;
8;17;12.17;8.31;18.19;13.57;20.25;15.76;NA;NA;ND;NA;NA;NA;
8;18;18.76;28.46;22.39;12.93;18.95;18.69;NA;NA;ND;NA;NA;NA;
8;19;14.66;12.4;23.6;14.15;17.13;22.16;NA;NA;ND;NA;NA;NA;
8;20;10.41;12.7;17.27;9.27;16.62;ND;NA;NA;ND;NA;NA;NA;
8;21;12.77;8.46;8.72;21.63;13.3;ND;NA;NA;ND;NA;NA;NA;
8;22;9.07;12.02;14.23;6.89;22.42;ND;NA;NA;ND;NA;NA;NA;
8;23;11.78;14.21;ND;14.45;ND;ND;NA;NA;ND;NA;NA;NA;
9;0;27.24;22.34;16.43;ND;27.79;12.39;NA;NA;ND;NA;NA;NA;
9;1;14.56;9.05;11.38;17.47;22.68;19.65;NA;NA;ND;NA;NA;NA;
9;2;11.83;17.12;15.02;15.51;11.64;13.48;NA;NA;ND;NA;NA;NA;
9;3;6.25;17.15;14.38;15.84;27.19;16.15;NA;NA;ND;NA;NA;NA;
9;4;12.44;17.32;21.65;18.74;25.17;22.2;NA;NA;ND;NA;NA;NA;
9;5;11.62;17.31;12.37;15.65;18.73;20.26;NA;NA;ND;NA;NA;NA;
9;6;25.21;25.81;25.89;21.99;39.06;28.56;NA;NA;ND;NA;NA;NA;
9;7;30.67;21.97;25.76;31.69;48.19;56.59;NA;NA;ND;NA;NA;NA;
9;8;31.25;16.62;40.29;45.1;50.45;52.67;NA;NA;ND;NA;NA;NA;
9;9;35.34;23.83;45.16;44.82;46.85;40.25;NA;NA;ND;NA;NA;NA;
9;10;35.85;23.06;38.22;40.09;21.02;8.74;NA;NA;ND;NA;NA;NA;
9;11;23.04;27.23;34.54;24.45;35.49;18.45;NA;NA;ND;NA;NA;NA;
9;12;21.58;24.65;18.05;23.43;25.04;27.64;NA;NA;ND;NA;NA;NA;
9;13;16.9;11.02;16.82;15.86;19.42;17.22;NA;NA;ND;NA;NA;NA;
9;14;10.96;11.53;13.22;14.22;24.82;15.86;NA;NA;ND;NA;NA;NA;
9;15;18.64;14.14;18.96;19.84;19.41;14.59;NA;NA;ND;NA;NA;NA;
9;16;16.23;14.98;14.88;8.29;12.54;29.56;NA;NA;ND;NA;NA;NA;
9;17;16.66;15.66;27.43;17.05;19.68;22.53;NA;NA;ND;NA;NA;NA;
9;18;11.37;16.16;23.94;13.99;18.63;12.21;NA;NA;ND;NA;NA;NA;
9;19;8.82;3.37;25.27;23.19;12.32;17.02;NA;NA;ND;NA;NA;NA;
9;20;11.55;11.11;16.64;17.09;21.31;18.25;NA;NA;ND;NA;NA;NA;
9;21;7.46;1.75;19.23;16.28;17.9;14.51;NA;NA;ND;NA;NA;NA;
9;22;8.05;7.18;13.15;15.85;16.5;11.58;NA;NA;ND;NA;NA;NA;
9;23;5.62;14.11;ND;9.62;ND;13.95;NA;NA;ND;NA;NA;NA;
10;0;17.16;4.28;19.18;ND;12.54;13.24;NA;NA;ND;NA;NA;NA;
10;1;16.73;12.62;12.55;19.31;21.7;15.03;NA;NA;ND;NA;NA;NA;
10;2;12.28;9.87;17.51;17.26;23.88;16.97;NA;NA;ND;NA;NA;NA;
10;3;12.4;9.44;19.09;23.54;17.53;22.46;NA;NA;ND;NA;NA;NA;
10;4;12.58;16.1;17.82;22.14;22.45;20.62;NA;NA;ND;NA;NA;NA;
10;5;21.47;24.25;24.1;23.46;37.56;21.78;NA;NA;ND;NA;NA;NA;
10;6;31.35;21.79;32.83;37.58;37.24;24.79;NA;NA;ND;NA;NA;NA;
10;7;42.3;26.04;31.45;54.83;44.54;31.54;NA;NA;ND;NA;NA;NA;
10;8;29.57;9.12;35.18;57.14;45.61;42.94;NA;NA;ND;NA;NA;NA;
10;9;52.15;31.88;39;43.52;43.55;39.47;NA;NA;ND;NA;NA;NA;
10;10;30.61;29.76;37.92;41.75;28.06;27.97;NA;NA;ND;NA;NA;NA;
10;11;28.66;33.38;28.59;19.82;31.05;20.22;NA;NA;ND;NA;NA;NA;
10;12;27.66;23.11;26;27.21;38.96;29.44;NA;NA;ND;NA;NA;NA;
10;13;20.5;11.98;16.09;24.19;23.74;6.72;NA;NA;ND;NA;NA;NA;
10;14;17.49;10.43;8.7;13.47;12.7;10.1;NA;NA;ND;NA;NA;NA;
10;15;25.29;25.56;14.83;19.64;10.97;11.99;NA;NA;ND;NA;NA;NA;
10;16;11.04;13.75;20.4;12.33;30.54;27.98;NA;NA;ND;NA;NA;NA;
10;17;13.36;10.72;11.86;5.07;14.99;5.24;NA;NA;ND;NA;NA;NA;
10;18;13.33;20.85;20.42;18.95;17.33;15.32;NA;NA;ND;NA;NA;NA;
10;19;8.68;15.19;21.37;12.65;20.25;13.67;NA;NA;ND;NA;NA;NA;
10;20;17.32;21.01;24.9;12.68;23.63;14.11;NA;NA;ND;NA;NA;NA;
10;21;13.87;16.24;19.2;16.61;29.43;29.64;NA;NA;ND;NA;NA;NA;
10;22;8.18;7.67;15.39;13.29;25.51;18.91;NA;NA;ND;NA;NA;NA;
10;23;9.04;4.43;ND;11.38;ND;19.74;NA;NA;ND;NA;NA;NA;
11;0;12.21;10.3;24.32;ND;9.83;12.06;NA;NA;ND;NA;NA;NA;
11;1;17.41;14.1;16.1;24.9;28.9;20.46;NA;NA;ND;NA;NA;NA;
11;2;20.76;24.95;20.03;13.7;13.5;19.29;NA;NA;ND;NA;NA;NA;
11;3;13.99;13.18;12.58;15.76;20.75;12.58;NA;NA;ND;NA;NA;NA;
11;4;9.39;20;6.03;13.05;16.95;19.34;NA;NA;ND;NA;NA;NA;
11;5;18.79;22.69;16.65;13.9;24.53;24.27;NA;NA;ND;NA;NA;NA;
11;6;27.72;27.23;22.94;23.24;31.49;22.13;NA;NA;ND;NA;NA;NA;
11;7;29.71;16.62;29.42;36.84;61.26;41.64;NA;NA;ND;NA;NA;NA;
11;8;39.01;32.08;40.89;53.11;43.77;52.27;NA;NA;ND;NA;NA;NA;
11;9;46.72;27.93;48.27;51.34;13.37;30.07;NA;NA;ND;NA;NA;NA;
11;10;22.59;25.38;29.49;27.12;36.86;35.49;NA;NA;ND;NA;NA;NA;
11;11;24.07;32.95;26.32;22.75;31.76;24.85;NA;NA;ND;NA;NA;NA;
11;12;8.69;9.53;10.27;29.44;18.31;12.06;NA;NA;ND;NA;NA;NA;
11;13;13.78;25.64;9.13;34.16;11.41;9.84;NA;NA;ND;NA;NA;NA;
11;14;21.31;22.24;28.08;14.18;34.55;24.4;NA;NA;ND;NA;NA;NA;
11;15;10.85;17.43;18.55;35.86;23.4;13.35;NA;NA;ND;NA;NA;NA;
11;16;13.08;13.76;30.83;24.57;26.32;22.52;NA;NA;ND;NA;NA;NA;
11;17;17.3;35.32;16.91;21.59;29.21;14.11;NA;NA;ND;NA;NA;NA;
11;18;24.21;25.5;28.92;33.95;12.07;22.42;NA;NA;ND;NA;NA;NA;
11;19;23.54;19.62;31.82;36.23;27.04;23.46;NA;NA;ND;NA;NA;NA;
11;20;17.73;36.58;12.99;34.88;ND;10.7;NA;NA;ND;NA;NA;NA;
11;21;22.1;50.15;17.72;26.13;21.03;14.76;NA;NA;ND;NA;NA;NA;
11;22;35.15;27.45;13.48;25.42;24.24;13.41;NA;NA;ND;NA;NA;NA;
11;23;26.87;26.72;ND;24.31;ND;12.57;NA;NA;ND;NA;NA;NA;
12;0;13.57;16.23;19.55;ND;28.08;12.86;NA;NA;ND;NA;NA;NA;
12;1;12.36;23.09;12.57;32.96;26.54;16.22;NA;NA;ND;NA;NA;NA;
12;2;10.1;29.91;20.11;28.06;26.67;15.81;NA;NA;ND;NA;NA;NA;
12;3;17.25;32.34;14.95;26.01;28.79;18.08;NA;NA;ND;NA;NA;NA;
12;4;25.69;22.69;14.05;24.36;25.95;18.83;NA;NA;ND;NA;NA;NA;
12;5;20.83;12.32;12.87;11.53;25.06;14.73;NA;NA;ND;NA;NA;NA;
12;6;28.43;17.55;22.99;38;44.2;33.11;NA;NA;ND;NA;NA;NA;
12;7;32.93;8.2;28.38;47.13;62.37;41.34;NA;NA;ND;NA;NA;NA;
12;8;28.05;24.29;35.33;32.41;60.5;52.08;NA;NA;ND;NA;NA;NA;
12;9;31.54;31.1;34.58;31.89;18.4;38.19;NA;NA;ND;NA;NA;NA;
12;10;19.82;28.81;12.7;35.61;5.72;9.61;NA;NA;ND;NA;NA;NA;
12;11;20.25;11.88;27.32;34.87;30.91;18.81;NA;NA;ND;NA;NA;NA;
12;12;29.96;7.25;18.51;21.46;7.72;12.38;NA;NA;ND;NA;NA;NA;
12;13;9.08;49.46;19.23;11.82;20.07;12.47;NA;NA;ND;NA;NA;NA;
12;14;7.44;5.68;13.62;12.71;16.41;15.4;NA;NA;ND;NA;NA;NA;
12;15;7.3;12.99;7.23;5.6;12.91;9.61;NA;NA;ND;NA;NA;NA;
12;16;9.33;10.79;16.73;10.05;21.52;19.68;NA;NA;ND;NA;NA;NA;
12;17;11.85;14.11;21.37;10.96;11.86;11.28;NA;NA;ND;NA;NA;NA;
12;18;4.36;7.84;24.03;17.31;2.5;17.92;NA;NA;ND;NA;NA;NA;
12;19;7.84;3.29;24.89;26.8;11.96;19.72;NA;NA;ND;NA;NA;NA;
12;20;8.18;1.33;22.59;21.97;31.56;20.71;NA;NA;ND;NA;NA;NA;
12;21;20.2;42.33;17.11;16.11;38.45;41.96;NA;NA;ND;NA;NA;NA;
12;22;16.76;19.27;15.86;20.89;33.59;29.39;NA;NA;ND;NA;NA;NA;
12;23;14.86;10.13;ND;15.59;ND;23.52;NA;NA;ND;NA;NA;NA;
13;0;13.18;36.51;10.44;ND;15.44;29.28;NA;NA;ND;NA;NA;NA;
13;1;9.52;7.4;14.32;20.65;28.55;23.05;NA;NA;ND;NA;NA;NA;
13;2;7.36;16.28;15.31;11.47;18.2;14.14;NA;NA;ND;NA;NA;NA;
13;3;4.62;1;13.21;17.53;21.73;13.6;NA;NA;ND;NA;NA;NA;
13;4;6.41;3.01;8.49;10.33;16.55;16.44;NA;NA;ND;NA;NA;NA;
13;5;5.94;4.02;7.14;13.2;12.03;19.33;NA;NA;ND;NA;NA;NA;
13;6;10.05;0.6;16.86;25.13;26.14;29.11;NA;NA;ND;NA;NA;NA;
13;7;12.66;12.2;28.85;16.8;50.6;38.16;NA;NA;ND;NA;NA;NA;
13;8;9.61;12.96;22.54;26.07;26.91;23.55;NA;NA;ND;NA;NA;NA;
13;9;17;22.87;24.22;19.51;32.3;24.34;NA;NA;ND;NA;NA;NA;
13;10;19.82;9.96;21.15;16.53;21.72;20.93;NA;NA;ND;NA;NA;NA;
13;11;14.71;5.44;21.89;17.05;16.96;15.01;NA;NA;ND;NA;NA;NA;
13;12;10.3;11.41;12.99;18.56;25.7;24.03;NA;NA;ND;NA;NA;NA;
13;13;2.98;8.74;5.61;2.86;14.05;16.41;NA;NA;ND;NA;NA;NA;
13;14;10.1;14.32;19.77;9.71;10.96;17.85;NA;NA;ND;NA;NA;NA;
13;15;8.59;5.19;23.88;16.2;7.35;9.31;NA;NA;ND;NA;NA;NA;
13;16;7.13;4.94;34.59;18.1;13.44;9.44;NA;NA;ND;NA;NA;NA;
13;17;14.91;19.68;26.1;22.8;8.18;7.39;NA;NA;ND;NA;NA;NA;
13;18;12.06;11.65;15.54;20.91;8.39;14.86;NA;NA;ND;NA;NA;NA;
13;19;13.21;30.29;14.85;18.66;11.97;20.02;NA;NA;ND;NA;NA;NA;
13;20;13.42;18.58;14.61;15.66;13.81;21.64;NA;NA;ND;NA;NA;NA;
13;21;5.97;4.73;11.92;16.21;11.75;17.33;NA;NA;ND;NA;NA;NA;
13;22;5.09;6.01;8.92;13.29;ND;6.93;NA;NA;ND;NA;NA;NA;
13;23;6.04;13.85;ND;9.06;ND;3.71;NA;NA;ND;NA;NA;NA;
14;0;3.41;14.4;12.05;ND;11.04;5.87;NA;NA;ND;NA;NA;NA;
14;1;5.58;2.2;3.05;9.17;10.06;6.16;NA;NA;ND;NA;NA;NA;
14;2;0.82;4.31;3.39;2.87;6.38;2.99;NA;NA;ND;NA;NA;NA;
14;3;2.21;1.86;2.07;7.67;9.25;11.59;NA;NA;ND;NA;NA;NA;
14;4;4.72;6.13;2.77;2.68;5.02;15.42;NA;NA;ND;NA;NA;NA;
14;5;2.24;4.84;4.04;4.3;1.95;17.96;NA;NA;ND;NA;NA;NA;
14;6;6.57;4.76;4.75;6.86;17.73;17.24;NA;NA;ND;NA;NA;NA;
14;7;7.05;12.2;8.52;7.66;25.12;20.17;NA;NA;ND;NA;NA;NA;
14;8;5.53;6.08;9.04;14.36;35.38;21.7;NA;NA;ND;NA;NA;NA;
14;9;8.86;16.01;9.11;8.03;18.06;26;NA;NA;ND;NA;NA;NA;
14;10;8.03;8.49;19.94;12.36;18.08;28.78;NA;NA;ND;NA;NA;NA;
14;11;17.81;3.48;18.33;22.1;34.35;10.13;NA;NA;ND;NA;NA;NA;
14;12;8.06;1.09;14.55;10.27;39.04;3.69;NA;NA;ND;NA;NA;NA;
14;13;7.76;12.22;10.52;10.62;17.41;0;NA;NA;ND;NA;NA;NA;
14;14;5.76;3.14;10.47;8.17;13.34;1.18;NA;NA;ND;NA;NA;NA;
14;15;7.71;5.17;16.12;19.23;9.05;4.19;NA;NA;ND;NA;NA;NA;
14;16;9.04;17.21;11.71;12.19;5.89;6.46;NA;NA;ND;NA;NA;NA;
14;17;11.72;13.08;17.67;14.37;8.91;11.42;NA;NA;ND;NA;NA;NA;
14;18;11.15;6.51;9.53;11.82;22.35;8.56;NA;NA;ND;NA;NA;NA;
14;19;7.68;12.04;16.88;9.11;26.42;10.01;NA;NA;ND;NA;NA;NA;
14;20;3.52;2.44;12.51;13.4;25.01;14.22;NA;NA;ND;NA;NA;NA;
14;21;3.53;5.35;8.96;4.02;21.1;6.62;NA;NA;ND;NA;NA;NA;
14;22;5.11;5.27;10.1;10.75;4.62;5.89;NA;NA;ND;NA;NA;NA;
14;23;2.91;13.9;ND;5.39;ND;4.63;NA;NA;ND;NA;NA;NA;
15;0;5.51;0.26;5.28;ND;13.98;8.17;NA;NA;ND;NA;NA;NA;
15;1;6.43;8.41;5.49;10.87;14.27;2.51;NA;NA;ND;NA;NA;NA;
15;2;7.56;10.28;6.3;2.35;7.39;4.84;NA;NA;ND;NA;NA;NA;
15;3;5.43;4;3.56;6.36;0.98;6.97;NA;NA;ND;NA;NA;NA;
15;4;7.6;1.58;2.01;3.76;22.06;3.79;NA;NA;ND;NA;NA;NA;
15;5;1.29;7.71;6.62;1.24;15.1;4.63;NA;NA;ND;NA;NA;NA;
15;6;6.31;4.03;4.3;7.04;15.18;5.69;NA;NA;ND;NA;NA;NA;
15;7;7.26;9.45;6.71;5.46;19.56;14.25;NA;NA;ND;NA;NA;NA;
15;8;4.68;13.84;15.74;14.28;7.86;15.95;NA;NA;ND;NA;NA;NA;
15;9;6.53;0.2;17.42;12.74;9.01;14.54;NA;NA;ND;NA;NA;NA;
15;10;12.46;17.32;20.24;16.37;5.19;23.49;NA;NA;ND;NA;NA;NA;
15;11;17.51;23.5;26.65;21.5;32.49;24.48;NA;NA;ND;NA;NA;NA;
15;12;10.12;16.41;25.01;16.77;26.62;27.61;NA;NA;ND;NA;NA;NA;
15;13;6.04;6.48;8.88;26.66;22.99;13.7;NA;NA;ND;NA;NA;NA;
15;14;7.87;14.26;11.4;21.19;13.6;10.53;NA;NA;ND;NA;NA;NA;
15;15;12.31;15.24;17.89;19.13;14.04;10.86;NA;NA;ND;NA;NA;NA;
15;16;12.34;8.17;14.93;12.05;19.21;17.36;NA;NA;ND;NA;NA;NA;
15;17;6.62;15.84;13.86;7.98;3.73;14.36;NA;NA;ND;NA;NA;NA;
15;18;2.32;9.84;17.43;10.33;22.89;16.72;NA;NA;ND;NA;NA;NA;
15;19;14.08;17.69;18.09;12.14;20.7;20.36;NA;NA;ND;NA;NA;NA;
15;20;11.75;9.81;12.42;13.11;22.33;13.27;NA;NA;ND;NA;NA;NA;
15;21;6.71;19.17;8.3;10.5;14.42;18.67;NA;NA;ND;NA;NA;NA;
15;22;10.9;16.42;15.01;12.33;4.6;10.28;NA;NA;ND;NA;NA;NA;
15;23;9.88;9.02;ND;16.21;ND;9.86;NA;NA;ND;NA;NA;NA;
16;0;5.73;5.09;11.95;ND;30.24;4.66;NA;NA;ND;NA;NA;NA;
16;1;8.04;3.95;14.43;15.54;10.67;13.87;NA;NA;ND;NA;NA;NA;
16;2;5.22;4.44;16.8;11.21;13.89;11.32;NA;NA;ND;NA;NA;NA;
16;3;2.28;8.02;12;18.26;7.53;12.69;NA;NA;ND;NA;NA;NA;
16;4;9.51;25.83;7.51;8.63;7.04;10.92;NA;NA;ND;NA;NA;NA;
16;5;9.98;18.05;8.81;3.9;5.32;5.51;NA;NA;ND;NA;NA;NA;
16;6;11.41;12.54;7.66;15.24;12.55;4.96;NA;NA;ND;NA;NA;NA;
16;7;13.64;16.06;13.74;23.82;41.53;15.67;NA;NA;ND;NA;NA;NA;
16;8;18.65;20.43;27.46;29.52;32.4;24.55;NA;NA;ND;NA;NA;NA;
16;9;4.72;20.12;20.26;23.26;18.84;16.21;NA;NA;ND;NA;NA;NA;
16;10;12.83;3.57;ND;12.95;32.99;8.94;NA;NA;ND;NA;NA;NA;
16;11;10.23;3.65;ND;17.81;35.19;19.12;NA;NA;ND;NA;NA;NA;
16;12;12;0.91;ND;33.27;19.67;15.29;NA;NA;ND;NA;NA;NA;
16;13;15.04;12.82;ND;18.06;ND;20.26;NA;NA;ND;NA;NA;NA;
16;14;16.69;14.12;22.05;19.94;ND;23.56;NA;NA;ND;NA;NA;NA;
16;15;11.8;4.91;26.83;10.79;24.38;18.84;NA;NA;ND;NA;NA;NA;
16;16;7.73;1.57;25.08;15.82;25.6;11.78;NA;NA;ND;NA;NA;NA;
16;17;10.04;0;13.47;8.71;20.95;12.93;NA;NA;ND;NA;NA;NA;
16;18;7.04;15.25;20.9;11.44;21.02;6.62;NA;NA;ND;NA;NA;NA;
16;19;4.49;13.21;16.11;18.95;17.59;6.85;NA;NA;ND;NA;NA;NA;
16;20;6.44;8.09;12.68;19.6;8.85;8.58;NA;NA;ND;NA;NA;NA;
16;21;6.54;10.97;5.3;ND;14.21;4.63;NA;NA;ND;NA;NA;NA;
16;22;5.4;17.38;4.59;11.71;21.47;ND;NA;NA;ND;NA;NA;NA;
16;23;3.88;5.37;ND;10.19;ND;ND;NA;NA;ND;NA;NA;NA;
17;0;2.73;18.34;7.41;ND;8.88;5.28;NA;NA;ND;NA;NA;NA;
17;1;9.23;15.64;7.26;9.89;7.59;4.46;NA;NA;ND;NA;NA;NA;
17;2;10.44;11.67;5.04;4.04;6.22;5.72;NA;NA;ND;NA;NA;NA;
17;3;12.65;6.27;3.95;8.81;9.58;10.08;NA;NA;ND;NA;NA;NA;
17;4;7.49;9.23;6.17;6.42;9.38;5.39;NA;NA;ND;NA;NA;NA;
17;5;7.21;7.06;6.52;12.5;23.07;12.56;NA;NA;ND;NA;NA;NA;
17;6;16.55;8.3;16.58;36.15;57.32;25.99;NA;NA;ND;NA;NA;NA;
17;7;42.16;33.87;19.74;42.51;64.46;46.04;NA;NA;ND;NA;NA;NA;
17;8;21.73;12.15;33.15;58.19;52.83;49.06;NA;NA;ND;NA;NA;NA;
17;9;26.95;31.01;32.81;30.26;68.26;32.84;NA;NA;ND;NA;NA;NA;
17;10;21.92;17.06;30.62;23.32;21.94;22.86;NA;NA;ND;NA;NA;NA;
17;11;31.49;ND;24.97;20.05;20.4;19.61;NA;NA;ND;NA;NA;NA;
17;12;ND;20.12;11.85;4.25;32.06;14.19;NA;NA;ND;NA;NA;NA;
17;13;ND;3.26;15.99;14.47;17.07;20.45;NA;NA;ND;NA;NA;NA;
17;14;ND;ND;10.78;7.24;7.3;13.28;NA;NA;ND;NA;NA;NA;
17;15;ND;ND;13.01;ND;19.12;7.02;NA;NA;ND;NA;NA;NA;
17;16;ND;21.09;13.3;8.9;8.74;12.67;NA;NA;ND;NA;NA;NA;
17;17;ND;23.06;22.05;12.67;2.24;11.71;NA;NA;ND;NA;NA;NA;
17;18;ND;6.69;20.31;15.08;15.13;19.17;NA;NA;ND;NA;NA;NA;
17;19;6.08;2.58;17.29;22.59;8.54;14;NA;NA;ND;NA;NA;NA;
17;20;24.8;11.5;13.68;15.78;25.18;12.75;NA;NA;ND;NA;NA;NA;
17;21;16.02;7.79;10.98;10.62;5.73;4;NA;NA;ND;NA;NA;NA;
17;22;12.87;6.72;12.76;13.44;5.65;12.73;NA;NA;ND;NA;NA;NA;
17;23;11.73;2.96;ND;10.54;ND;7.53;NA;NA;ND;NA;NA;NA;
18;0;7.34;5.75;5.11;ND;3.4;3.87;NA;NA;ND;NA;NA;NA;
18;1;7.26;6.64;8.15;9.89;20.22;6.35;NA;NA;ND;NA;NA;NA;
18;2;6.67;3.02;8.49;12.2;3.46;4.58;NA;NA;ND;NA;NA;NA;
18;3;4.18;4.91;8.39;3.64;4.91;4.05;NA;NA;ND;NA;NA;NA;
18;4;1.59;0.47;1.27;6.39;2.05;0.49;NA;NA;ND;NA;NA;NA;
18;5;6.46;13.79;2.67;4.53;8.95;3.82;NA;NA;ND;NA;NA;NA;
18;6;5.93;11.23;13.24;7.97;17.53;12.96;NA;NA;ND;NA;NA;NA;
18;7;9.18;7.69;9.81;11.53;26.23;14.06;NA;NA;ND;NA;NA;NA;
18;8;12.95;10.48;5.76;9.78;22.3;23.28;NA;NA;ND;NA;NA;NA;
18;9;9.37;21.89;10.3;13.39;13.74;18.87;NA;NA;ND;NA;NA;NA;
18;10;ND;4.93;9.87;19.45;33.05;15.17;NA;NA;ND;NA;NA;NA;
18;11;ND;11.68;12.09;9.48;15.1;6.45;NA;NA;ND;NA;NA;NA;
18;12;ND;8.57;9.77;14.07;2.99;7.5;NA;NA;ND;NA;NA;NA;
18;13;13.39;4.04;6.86;16.56;7.79;ND;NA;NA;ND;NA;NA;NA;
18;14;12.08;12.14;11.2;6.19;10.28;ND;NA;NA;ND;NA;NA;NA;
18;15;10.81;16.22;9.99;9.14;6.52;ND;NA;NA;ND;NA;NA;NA;
18;16;8.16;5.18;15.66;13.16;16.98;14.66;NA;NA;ND;NA;NA;NA;
18;17;10.43;4.47;15.76;7.77;25.84;23.37;NA;NA;ND;NA;NA;NA;
18;18;10.78;21.63;18.57;18.72;12.65;15.73;NA;NA;ND;NA;NA;NA;
18;19;8.98;6.34;28.3;25.47;32.61;17.6;NA;NA;ND;NA;NA;NA;
18;20;18.86;9.84;12.37;15.07;24.47;8.79;NA;NA;ND;NA;NA;NA;
18;21;21.66;20.58;22.86;21.17;17.27;19.29;NA;NA;ND;NA;NA;NA;
18;22;13.39;2.66;16.97;25.3;24.64;20.65;NA;NA;ND;NA;NA;NA;
18;23;8.54;18.55;ND;20.47;ND;20.38;NA;NA;ND;NA;NA;NA;
19;0;15.89;9.11;25.95;ND;26.13;22.74;NA;NA;ND;NA;NA;NA;
19;1;10.54;12.22;15.7;18.12;24.05;18.81;NA;NA;ND;NA;NA;NA;
19;2;15.46;16.17;13.65;20.74;27.45;21.78;NA;NA;ND;NA;NA;NA;
19;3;22.49;17.49;21.59;28.36;21.79;17.75;NA;NA;ND;NA;NA;NA;
19;4;20.49;23.09;15.57;27.94;19.15;19.56;NA;NA;ND;NA;NA;NA;
19;5;24.58;22.82;21.22;25.97;25.09;31;NA;NA;ND;NA;NA;NA;
19;6;28.63;35.92;25.57;39.53;58.47;36.39;NA;NA;ND;NA;NA;NA;
19;7;51.71;42.92;22.82;49.29;65.75;58.37;NA;NA;ND;NA;NA;NA;
19;8;35.84;31.75;52.67;55.1;78.46;77.27;NA;NA;ND;NA;NA;NA;
19;9;41.94;33.3;39.6;37.67;68.25;50.28;NA;NA;ND;NA;NA;NA;
19;10;32.58;19.27;50.59;34.68;51.2;41.33;NA;NA;ND;NA;NA;NA;
19;11;20.35;20.75;27.82;13.53;39.71;24.55;NA;NA;ND;NA;NA;NA;
19;12;15.9;13.27;14.44;27.54;29.93;28.38;NA;NA;ND;NA;NA;NA;
19;13;13.11;6.84;26.52;17.62;21.38;13.14;NA;NA;ND;NA;NA;NA;
19;14;23.06;ND;22.36;26.73;12.05;15.97;NA;NA;ND;NA;NA;NA;
19;15;21.55;28.17;21.17;9.87;17.42;23.58;NA;NA;ND;NA;NA;NA;
19;16;11;10.3;14.47;20.18;27.22;9.34;NA;NA;ND;NA;NA;NA;
19;17;13.73;5.35;25.61;13.49;26.33;19.68;NA;NA;ND;NA;NA;NA;
19;18;9.81;22.41;13.5;12.85;24.2;13.59;NA;NA;ND;NA;NA;NA;
19;19;11.51;17.35;23.97;11.32;25.71;19.93;NA;NA;ND;NA;NA;NA;
19;20;9.49;6.93;18.91;14.41;21.19;ND;NA;NA;ND;NA;NA;NA;
19;21;9.35;21.65;18.4;25.7;30.32;11.83;NA;NA;ND;NA;NA;NA;
19;22;13.47;20;13.92;21.46;15.43;18.5;NA;NA;ND;NA;NA;NA;
19;23;20.4;10.17;ND;23.11;ND;21.68;NA;NA;ND;NA;NA;NA;
20;0;5.86;16.57;22.75;ND;22.71;18.37;NA;NA;ND;NA;NA;NA;
20;1;14.73;26.69;10.36;25.69;22.48;14.26;NA;NA;ND;NA;NA;NA;
20;2;18.02;20.72;6.73;19.63;20.58;14.22;NA;NA;ND;NA;NA;NA;
20;3;18.54;41.33;16.18;26.29;19.19;14.85;NA;NA;ND;NA;NA;NA;
20;4;21.11;39.54;16.34;27.25;27.54;16.55;NA;NA;ND;NA;NA;NA;
20;5;21.19;23.24;23.76;18.65;20.62;14.46;NA;NA;ND;NA;NA;NA;
20;6;30.45;41.14;22.86;36.84;35.12;36.68;NA;NA;ND;NA;NA;NA;
20;7;40.23;37.61;28.79;43.78;58.56;54.03;NA;NA;ND;NA;NA;NA;
20;8;42.78;37.8;35.49;48.35;67.66;52.28;NA;NA;ND;NA;NA;NA;
20;9;18.67;30.98;17.77;29.5;24.52;32.2;NA;NA;ND;NA;NA;NA;
20;10;13.84;4.39;26.07;23.08;40.99;27.99;NA;NA;ND;NA;NA;NA;
20;11;20.52;14.34;19.31;17.84;31.29;18.14;NA;NA;ND;NA;NA;NA;
20;12;25.75;29.86;32.1;26.65;20.99;19.42;NA;NA;ND;NA;NA;NA;
20;13;26;10.43;26.17;27.34;35;20.81;NA;NA;ND;NA;NA;NA;
20;14;20.98;14.99;25.02;32.69;35.2;32.71;NA;NA;ND;NA;NA;NA;
20;15;13.11;16.96;29.53;8.11;17.53;22.82;NA;NA;ND;NA;NA;NA;
20;16;6.86;10.63;7.6;13.47;9.12;15.23;NA;NA;ND;NA;NA;NA;
20;17;12.48;8.15;18.05;20.32;22.09;22.39;NA;NA;ND;NA;NA;NA;
20;18;13.62;10.47;19.58;14.83;17.73;17.97;NA;NA;ND;NA;NA;NA;
20;19;7.92;11.84;20.11;13.76;ND;12.29;NA;NA;ND;NA;NA;NA;
20;20;7.99;11.77;26.38;22.59;20.3;15.57;NA;NA;ND;NA;NA;NA;
20;21;9.25;7.7;17.09;21.71;16.08;16.07;NA;NA;ND;NA;NA;NA;
20;22;10.06;13.74;9.7;16.16;26.16;8.22;NA;NA;ND;NA;NA;NA;
20;23;17.8;3.23;ND;15.42;ND;17.14;NA;NA;ND;NA;NA;NA;
21;0;17.77;7.56;11.37;ND;11.84;7.24;NA;NA;ND;NA;NA;NA;
21;1;9.51;11.8;17.09;14.75;19.36;18.25;NA;NA;ND;NA;NA;NA;
21;2;19.52;11.08;14.48;16.47;24.5;21.99;NA;NA;ND;NA;NA;NA;
21;3;8.54;11.4;13.92;14.08;18.39;14;NA;NA;ND;NA;NA;NA;
21;4;8.78;3.71;15.37;19;18.33;16.4;NA;NA;ND;NA;NA;NA;
21;5;7.86;11.22;18.8;16.55;18.13;17.62;NA;NA;ND;NA;NA;NA;
21;6;12.61;30.49;13.96;20.23;29.56;18.45;NA;NA;ND;NA;NA;NA;
21;7;20.68;26.07;23.75;26.06;33.39;16.17;NA;NA;ND;NA;NA;NA;
21;8;20.46;14.88;28.28;20.08;43.13;21.92;NA;NA;ND;NA;NA;NA;
21;9;23.63;6;18.03;16.45;26.03;25.46;NA;NA;ND;NA;NA;NA;
21;10;7.34;17.07;7.74;8.66;12.9;8.28;NA;NA;ND;NA;NA;NA;
21;11;7.15;13.54;8.75;12.9;6.7;11.96;NA;NA;ND;NA;NA;NA;
21;12;18.4;16.2;1.65;5.42;10.05;4.8;NA;NA;ND;NA;NA;NA;
21;13;16.75;25.12;9.78;18.9;11.16;4.48;NA;NA;ND;NA;NA;NA;
21;14;12.08;16.37;17.96;12.88;17.9;9.96;NA;NA;ND;NA;NA;NA;
21;15;4.53;1.9;11.25;5.75;8.12;17.93;NA;NA;ND;NA;NA;NA;
21;16;6.08;6;13.45;7.24;18.4;14.45;NA;NA;ND;NA;NA;NA;
21;17;9.92;16.2;13.3;8.17;14.88;9.39;NA;NA;ND;NA;NA;NA;
21;18;12.54;9.47;17.67;11.77;4.98;13.16;NA;NA;ND;NA;NA;NA;
21;19;12.41;8.49;23.44;11.71;22.09;17.6;NA;NA;ND;NA;NA;NA;
21;20;9.5;10.55;10.81;19.3;13.09;11.67;NA;NA;ND;NA;NA;NA;
21;21;13.69;16.04;16.79;15.33;31.11;14.76;NA;NA;ND;NA;NA;NA;
21;22;16.49;11.39;ND;13.32;10.14;13.51;NA;NA;ND;NA;NA;NA;
21;23;10.12;4.27;ND;10.37;ND;14.99;NA;NA;ND;NA;NA;NA;
22;0;14.05;6.5;11.41;ND;20.07;6.54;NA;NA;ND;NA;NA;NA;
22;1;8.56;5.62;15.5;15.99;17.9;13.36;NA;NA;ND;NA;NA;NA;
22;2;8.23;13.7;17.81;13.6;30.83;16.08;NA;NA;ND;NA;NA;NA;
22;3;9.49;6.93;11.65;16.77;19.99;17.29;NA;NA;ND;NA;NA;NA;
22;4;13.06;21.35;17.41;15.07;9.47;14.14;NA;NA;ND;NA;NA;NA;
22;5;13.04;13.84;18.1;14.81;26.89;16.31;NA;NA;ND;NA;NA;NA;
22;6;15.1;23.68;16.94;17.32;27.89;19.35;NA;NA;ND;NA;NA;NA;
22;7;20.37;14.96;21.04;21.53;18.63;22.39;NA;NA;ND;NA;NA;NA;
22;8;20.94;14.3;20.05;25.07;19.64;22.31;NA;NA;ND;NA;NA;NA;
22;9;15.9;18.3;15.76;16.11;17.85;9.66;NA;NA;ND;NA;NA;NA;
22;10;13.84;4.87;15.87;17.78;16.01;22.49;NA;NA;ND;NA;NA;NA;
22;11;11.02;15.63;17.71;17.32;23.29;19.12;NA;NA;ND;NA;NA;NA;
22;12;14.44;11.89;18.2;12.28;15.53;16.23;NA;NA;ND;NA;NA;NA;
22;13;12.29;10.46;9.45;13.57;18.91;10.8;NA;NA;ND;NA;NA;NA;
22;14;9.63;6.64;6.03;10.37;26.79;13.75;NA;NA;ND;NA;NA;NA;
22;15;21.84;21.1;13.62;16.82;17.92;18.22;NA;NA;ND;NA;NA;NA;
22;16;4.24;8.95;12.08;6.3;7.54;7.99;NA;NA;ND;NA;NA;NA;
22;17;10.21;13.8;18.41;12.09;7.65;16.2;NA;NA;ND;NA;NA;NA;
22;18;9.05;10.13;16.06;4.9;3.91;12.74;NA;NA;ND;NA;NA;NA;
22;19;5.9;10.19;14.99;11.61;10.59;12.7;NA;NA;ND;NA;NA;NA;
22;20;2.99;10.98;8.47;6.46;13.63;9.45;NA;NA;ND;NA;NA;NA;
22;21;3.45;3.75;7.82;11.63;12.65;2.73;NA;NA;ND;NA;NA;NA;
22;22;6.7;3.03;9.42;6.62;6.89;9.74;NA;NA;ND;NA;NA;NA;
22;23;10.06;3.53;ND;10.7;ND;5.44;NA;NA;ND;NA;NA;NA;
23;0;22.27;12.35;7.52;ND;9.57;12.44;NA;NA;ND;NA;NA;NA;
23;1;5.97;9.84;5.67;12.36;9.84;5.58;NA;NA;ND;NA;NA;NA;
23;2;7.22;4.06;7.34;2.32;10.63;11.22;NA;NA;ND;NA;NA;NA;
23;3;5.45;6.32;6.84;8.44;8.15;6.32;NA;NA;ND;NA;NA;NA;
23;4;4.24;5.78;9.44;10.29;8.32;6.68;NA;NA;ND;NA;NA;NA;
23;5;8.31;5.09;6.46;10.85;11.24;9.69;NA;NA;ND;NA;NA;NA;
23;6;8.03;5.83;11.03;6.28;8.32;6.83;NA;NA;ND;NA;NA;NA;
23;7;11.99;7.07;7.45;8.6;11.4;6.62;NA;NA;ND;NA;NA;NA;
23;8;8.99;11.46;10.08;8.82;16.05;12.15;NA;NA;ND;NA;NA;NA;
23;9;9.7;2.27;9.22;2.89;8.85;3.99;NA;NA;ND;NA;NA;NA;
23;10;7.59;0.17;9.19;9.01;9.29;10.5;NA;NA;ND;NA;NA;NA;
23;11;17.39;6;18.22;13.97;13.26;16.45;NA;NA;ND;NA;NA;NA;
23;12;11.95;14.24;8.34;9.41;18.44;13.56;NA;NA;ND;NA;NA;NA;
23;13;18.89;10.69;12.94;6.25;28.65;12.13;NA;NA;ND;NA;NA;NA;
23;14;33.25;5.95;10.98;14.32;2.15;8.5;NA;NA;ND;NA;NA;NA;
23;15;11.46;7.6;8.69;8.54;12.54;4.11;NA;NA;ND;NA;NA;NA;
23;16;12.26;12.48;13.53;9.63;19.14;22.38;NA;NA;ND;NA;NA;NA;
23;17;10.06;4.6;15.95;9.65;22.76;11.45;NA;NA;ND;NA;NA;NA;
23;18;10.59;12.59;14.03;6.51;8.36;11.31;NA;NA;ND;NA;NA;NA;
23;19;2.37;1.36;10.48;12.85;6.57;8.41;NA;NA;ND;NA;NA;NA;
23;20;5.55;10.43;16;6.09;15.6;15.95;NA;NA;ND;NA;NA;NA;
23;21;6.24;8.8;12;7.15;13.01;5.17;NA;NA;ND;NA;NA;NA;
23;22;2.92;2.42;7.83;8.21;11.53;10.66;NA;NA;ND;NA;NA;NA;
23;23;8.95;9.16;ND;9.63;ND;8.31;NA;NA;ND;NA;NA;NA;
24;0;7.59;6.28;2.24;ND;2.13;14.46;NA;NA;ND;NA;NA;NA;
24;1;3.85;8.03;12.92;15.74;8.69;9.26;NA;NA;ND;NA;NA;NA;
24;2;8.12;9.88;4.59;8.55;15.54;12.37;NA;NA;ND;NA;NA;NA;
24;3;9.31;11.97;14.39;14.72;21.9;11.61;NA;NA;ND;NA;NA;NA;
24;4;11.95;0.33;13.18;17.44;11.02;9.03;NA;NA;ND;NA;NA;NA;
24;5;9.51;11.32;14.34;15.8;14.18;17.42;NA;NA;ND;NA;NA;NA;
24;6;5.25;11.75;12.5;14.02;16.86;14.76;NA;NA;ND;NA;NA;NA;
24;7;10.02;4.04;16.62;20.32;15.29;10.62;NA;NA;ND;NA;NA;NA;
24;8;9.26;7.1;12.53;9.56;14.09;15.94;NA;NA;ND;NA;NA;NA;
24;9;7.85;4.84;8.58;7.74;4.49;9.42;NA;NA;ND;NA;NA;NA;
24;10;11.02;6.96;14.75;13.27;22.93;7.7;NA;NA;ND;NA;NA;NA;
24;11;12.2;5.84;15.39;11.26;10.26;18.3;NA;NA;ND;NA;NA;NA;
24;12;13.56;17.28;16.08;17.1;29.11;9.54;NA;NA;ND;NA;NA;NA;
24;13;10.41;11.15;5.8;4.02;9.01;13.32;NA;NA;ND;NA;NA;NA;
24;14;11.51;16.3;16.46;6.94;9.94;9.1;NA;NA;ND;NA;NA;NA;
24;15;2.27;4.97;6.48;8.73;15.55;12.97;NA;NA;ND;NA;NA;NA;
24;16;10.03;8.15;11.7;2.91;9.06;3.48;NA;NA;ND;NA;NA;NA;
24;17;9.67;13.59;18.95;11.32;18.18;12.12;NA;NA;ND;NA;NA;NA;
24;18;6.97;12.15;13.6;13.34;18.79;13.36;NA;NA;ND;NA;NA;NA;
24;19;11.58;10.32;10.14;8.47;22.12;17.39;NA;NA;ND;NA;NA;NA;
24;20;11.82;16.74;12.05;20.72;25.19;10.81;NA;NA;ND;NA;NA;NA;
24;21;3.89;4.54;16.43;17.33;24.46;14.73;NA;NA;ND;NA;NA;NA;
24;22;5.05;12.24;8.09;13.71;19.34;10.66;NA;NA;ND;NA;NA;NA;
24;23;4.87;1.11;ND;13.03;ND;3.38;NA;NA;ND;NA;NA;NA;
25;0;21.66;22.09;17.74;ND;7.75;8.06;NA;NA;ND;NA;NA;NA;
25;1;9.1;6.55;4.92;5.29;6.43;5.95;NA;NA;ND;NA;NA;NA;
25;2;13.15;4.05;9.19;9;16.01;9.76;NA;NA;ND;NA;NA;NA;
25;3;4.72;13.63;5.36;7.97;6.04;10.38;NA;NA;ND;NA;NA;NA;
25;4;8.72;4.29;9.4;8.28;12.12;11.39;NA;NA;ND;NA;NA;NA;
25;5;7.16;8.48;9.58;11.69;14.73;11.99;NA;NA;ND;NA;NA;NA;
25;6;18.49;16.1;13.5;19.21;25.94;11.54;NA;NA;ND;NA;NA;NA;
25;7;21.88;14.96;15.62;28.46;43.69;22.84;NA;NA;ND;NA;NA;NA;
25;8;23.22;20.64;24.68;25.18;25.69;22.29;NA;NA;ND;NA;NA;NA;
25;9;20.97;7.25;13.19;23.73;14.26;25.21;NA;NA;ND;NA;NA;NA;
25;10;19.09;18.07;27.64;24.24;23.2;22.32;NA;NA;ND;NA;NA;NA;
25;11;30.27;23.04;26.09;26.86;18.82;19.7;NA;NA;ND;NA;NA;NA;
25;12;23.15;26.02;26.46;23.95;41.4;30.05;NA;NA;ND;NA;NA;NA;
25;13;5.59;18.31;13.23;3.88;3.39;16.87;NA;NA;ND;NA;NA;NA;
25;14;7;12.32;16.6;11.86;7.96;12.94;NA;NA;ND;NA;NA;NA;
25;15;10.74;14.92;9.39;5.18;17.79;12.14;NA;NA;ND;NA;NA;NA;
25;16;6.15;4.76;20.4;7.07;22.52;9.69;NA;NA;ND;NA;NA;NA;
25;17;11.56;11.04;ND;28.16;10.45;11.95;NA;NA;ND;NA;NA;NA;
25;18;7.03;18.84;20.68;18.02;11.82;5.83;NA;NA;ND;NA;NA;NA;
25;19;8.44;7.48;18.34;10.86;28.43;19.82;NA;NA;ND;NA;NA;NA;
25;20;4.79;7.94;14.97;19.1;17.64;15.44;NA;NA;ND;NA;NA;NA;
25;21;2.55;4.46;6.59;14.27;9.2;9.22;NA;NA;ND;NA;NA;NA;
25;22;8.03;12.8;10.2;10.2;13.24;16.94;NA;NA;ND;NA;NA;NA;
25;23;7.9;11.29;ND;7.81;ND;7.88;NA;NA;ND;NA;NA;NA;
26;0;13.95;0;9.23;ND;31.07;9.63;NA;NA;ND;NA;NA;NA;
26;1;5.88;1.41;10.3;7.63;10.23;5.52;NA;NA;ND;NA;NA;NA;
26;2;2.97;7.65;5.3;10.55;13.24;1.6;NA;NA;ND;NA;NA;NA;
26;3;4.68;13.05;3.17;3.03;3.23;8.39;NA;NA;ND;NA;NA;NA;
26;4;2.82;0.24;4.33;0.52;8.18;3.42;NA;NA;ND;NA;NA;NA;
26;5;8.01;5.88;7.1;5.91;9.99;7.12;NA;NA;ND;NA;NA;NA;
26;6;3.23;11.89;11.84;15.47;8.05;12.62;NA;NA;ND;NA;NA;NA;
26;7;18.71;10.94;12.29;23.53;13.41;10.3;NA;NA;ND;NA;NA;NA;
26;8;14.92;6.6;12.34;14.34;27.39;16.09;NA;NA;ND;NA;NA;NA;
26;9;18.9;4.76;19.81;14.12;8.33;19.8;NA;NA;ND;NA;NA;NA;
26;10;12.05;11.85;21.2;18.65;33.91;25.02;NA;NA;ND;NA;NA;NA;
26;11;24.1;15.5;29.22;16.19;18.93;13.16;NA;NA;ND;NA;NA;NA;
26;12;13.26;15.51;23.26;24.6;20.75;35.73;NA;NA;ND;NA;NA;NA;
26;13;11.34;9.78;9.95;2.58;14.3;6.8;NA;NA;ND;NA;NA;NA;
26;14;6.62;13.46;10.37;10.9;4.85;8.35;NA;NA;ND;NA;NA;NA;
26;15;10.72;9.01;24.91;8.88;16.96;22.48;NA;NA;ND;NA;NA;NA;
26;16;9.55;8.21;20.62;17.04;7.15;7.76;NA;NA;ND;NA;NA;NA;
26;17;18.5;11.86;25.32;16.75;19.53;3.47;NA;NA;ND;NA;NA;NA;
26;18;11.27;13.98;11.44;20.81;14.25;16.75;NA;NA;ND;NA;NA;NA;
26;19;15.96;9.28;18.53;19.46;18.62;5.35;NA;NA;ND;NA;NA;NA;
26;20;8.69;4.63;13.71;19.81;7.63;16;NA;NA;ND;NA;NA;NA;
26;21;6.3;13.34;18.13;22.02;25.88;16.52;NA;NA;ND;NA;NA;NA;
26;22;11.78;9.51;18.55;19.22;19.15;16.92;NA;NA;ND;NA;NA;NA;
26;23;10.61;9.38;ND;15.56;ND;15.59;NA;NA;ND;NA;NA;NA;
27;0;23.14;10.51;8.28;ND;15.51;12.04;NA;NA;ND;NA;NA;NA;
27;1;9.74;10.02;18.67;18.71;16.38;15.76;NA;NA;ND;NA;NA;NA;
27;2;15.13;16.91;13.97;17.6;18.9;21.24;NA;NA;ND;NA;NA;NA;
27;3;6.11;22.4;13.95;19.27;30.91;27.59;NA;NA;ND;NA;NA;NA;
27;4;10.07;16.35;6.75;14.57;46.74;28.53;NA;NA;ND;NA;NA;NA;
27;5;11.01;30.98;16.62;19.58;41.32;25.28;NA;NA;ND;NA;NA;NA;
27;6;22.26;47.19;14.41;35.3;61.48;47.5;NA;NA;ND;NA;NA;NA;
27;7;26.73;56.28;28.4;51.96;124.67;61.05;NA;NA;ND;NA;NA;NA;
27;8;44.1;43.43;43.63;57.18;ND;69.3;NA;NA;ND;NA;NA;NA;
27;9;36.59;29.62;65.54;60.9;81.31;45.65;NA;NA;ND;NA;NA;NA;
27;10;24.61;23.95;70.42;43.15;62.15;54.57;NA;NA;ND;NA;NA;NA;
27;11;12.73;21.15;35.42;29.52;36.87;32.36;NA;NA;ND;NA;NA;NA;
27;12;22.62;18.45;20.46;24.29;10.04;14.25;NA;NA;ND;NA;NA;NA;
27;13;22.53;ND;19.32;26.57;29.41;18.55;NA;NA;ND;NA;NA;NA;
27;14;6.75;6.58;12.77;10.91;26.74;20.59;NA;NA;ND;NA;NA;NA;
27;15;17.73;19.26;12.35;10.6;20.64;16.36;NA;NA;ND;NA;NA;NA;
27;16;15.28;13.62;21.46;15.73;21.98;10.62;NA;NA;ND;NA;NA;NA;
27;17;29.78;12.16;19.94;20.84;29.63;20.84;NA;NA;ND;NA;NA;NA;
27;18;21.28;12.61;29.6;18.44;27.18;25.83;NA;NA;ND;NA;NA;NA;
27;19;16.97;17.88;25.36;27.19;26.73;ND;NA;NA;ND;NA;NA;NA;
27;20;17.79;16.08;23.95;27.31;41.06;20.18;NA;NA;ND;NA;NA;NA;
27;21;10.21;9.61;14.35;32.5;27.38;21.1;NA;NA;ND;NA;NA;NA;
27;22;18.37;17;15.25;29.85;14.38;19.03;NA;NA;ND;NA;NA;NA;
27;23;20.22;18.71;ND;17.71;ND;18.88;NA;NA;ND;NA;NA;NA;
28;0;29.52;25.55;27.05;ND;15.03;14.92;NA;NA;ND;NA;NA;NA;
28;1;25.07;30.29;20.45;23;22.09;20.44;NA;NA;ND;NA;NA;NA;
28;2;19.75;16.06;18.46;22.53;16.66;10.41;NA;NA;ND;NA;NA;NA;
28;3;18.59;17.17;21.81;22.66;27.8;24.78;NA;NA;ND;NA;NA;NA;
28;4;25.07;17.69;17.77;21.39;13.56;19.67;NA;NA;ND;NA;NA;NA;
28;5;18.62;18.23;17.91;20.15;26.83;22.46;NA;NA;ND;NA;NA;NA;
28;6;27.2;31.1;23.7;24.72;39.59;27.35;NA;NA;ND;NA;NA;NA;
28;7;23.64;28.37;27.39;25.97;31.05;29.28;NA;NA;ND;NA;NA;NA;
28;8;21.07;14.56;33.35;29.01;28.69;26.28;NA;NA;ND;NA;NA;NA;
28;9;29.3;26.73;21.39;26.58;18.54;22.41;NA;NA;ND;NA;NA;NA;
28;10;14.18;15.65;23.38;26.4;16.74;10.73;NA;NA;ND;NA;NA;NA;
28;11;26.69;22.82;14.68;27.6;21.51;18.13;NA;NA;ND;NA;NA;NA;
28;12;21.26;24.8;16.97;19.81;22.16;18.99;NA;NA;ND;NA;NA;NA;
28;13;32.71;25.71;22.45;21.6;16.16;24.96;NA;NA;ND;NA;NA;NA;
28;14;21.52;26.28;28.72;36.09;40.95;26.47;NA;NA;ND;NA;NA;NA;
28;15;ND;21.47;26.28;21.96;42.42;33.87;NA;NA;ND;NA;NA;NA;
28;16;14.31;28.26;27.97;24.35;34.12;21.81;NA;NA;ND;NA;NA;NA;
28;17;14.83;17.96;30.48;22.42;16.86;24.17;NA;NA;ND;NA;NA;NA;
28;18;15.05;18.99;33.03;21.33;20.2;25.9;NA;NA;ND;NA;NA;NA;
28;19;10.93;9.74;24.46;28.34;22.91;25.98;NA;NA;ND;NA;NA;NA;
28;20;15.88;16.44;23.32;28.99;39.98;ND;NA;NA;ND;NA;NA;NA;
28;21;21.8;13.33;27.4;22.56;28.97;ND;NA;NA;ND;NA;NA;NA;
28;22;16;5.97;23.05;24.6;31.79;ND;NA;NA;ND;NA;NA;NA;
28;23;5.58;16.6;ND;17.44;ND;ND;NA;NA;ND;NA;NA;NA;
