DIA;HORA;Cotocollao;Carapungo;Belisario;Jipijapa;El Camal;Centro;Guamaní;Tumbaco;Los Chillos;El Condado;Turubamba;Chillogallo;
1;0;2.32;7.86;5.93;NA;65.48;9.93;ND;2.74;ND;NA;NA;NA;
1;1;2.61;7.28;ND;NA;ND;7.66;ND;3.89;ND;NA;NA;NA;
1;2;4.82;6.77;3.45;NA;7.11;4.83;ND;5.27;ND;NA;NA;NA;
1;3;4.62;5.29;3.08;NA;4.64;4.12;ND;3.88;ND;NA;NA;NA;
1;4;4.25;5.25;3.83;NA;9.31;7.68;ND;5.15;ND;NA;NA;NA;
1;5;4.32;8.54;4.05;NA;47.82;13.09;ND;2.36;ND;NA;NA;NA;
1;6;7.79;12.11;8.12;NA;106.83;19;ND;11.4;ND;NA;NA;NA;
1;7;17.18;12.01;14.49;NA;66.16;19.14;ND;28.41;ND;NA;NA;NA;
1;8;8.87;6.11;8.62;NA;29.97;6.69;ND;18.56;ND;NA;NA;NA;
1;9;10.65;6.66;9.39;NA;17.06;7.74;ND;16.72;ND;NA;NA;NA;
1;10;9.73;6.6;ND;NA;5.93;6.3;ND;6.34;ND;NA;NA;NA;
1;11;5.53;3.73;ND;NA;6.98;7.29;ND;3.89;ND;NA;NA;NA;
1;12;3.63;2.7;3.42;NA;5.38;5.52;ND;3.51;ND;NA;NA;NA;
1;13;2.7;1.55;ND;NA;3.07;3.62;ND;2.53;ND;NA;NA;NA;
1;14;2.16;0.68;4.1;NA;3.03;2.57;ND;1.78;ND;NA;NA;NA;
1;15;2.01;1.08;2.89;NA;3.2;2.82;ND;1.48;ND;NA;NA;NA;
1;16;1.75;1.12;1.86;NA;3.61;2.06;ND;1.38;ND;NA;NA;NA;
1;17;1.84;1.4;1.5;NA;3.47;2.15;ND;1.32;ND;NA;NA;NA;
1;18;2.05;1.42;2.37;NA;4.15;2.94;ND;1.85;ND;NA;NA;NA;
1;19;2.41;1.54;2.53;NA;4.73;2.65;ND;1.72;ND;NA;NA;NA;
1;20;2.64;1.54;2.61;NA;4.15;2.72;ND;1.59;ND;NA;NA;NA;
1;21;3.16;6.54;1.87;NA;4.86;2.69;ND;2.08;ND;NA;NA;NA;
1;22;3.23;4.82;3.25;NA;6.34;4.18;ND;1.78;ND;NA;NA;NA;
1;23;3.73;3.24;16.95;NA;5.6;11.09;ND;1.59;ND;NA;NA;NA;
2;0;4.75;3.52;10.02;NA;13.63;12.58;ND;1.65;ND;NA;NA;NA;
2;1;ND;ND;5.38;NA;74.22;9.34;ND;1.43;ND;NA;NA;NA;
2;2;3.48;1.33;7.47;NA;32.11;11.25;ND;1.5;ND;NA;NA;NA;
2;3;3.88;3.45;6.29;NA;37.8;8.31;ND;1.56;ND;NA;NA;NA;
2;4;3.22;5.72;4.66;NA;75.47;7.21;ND;1.98;ND;NA;NA;NA;
2;5;3.56;12.34;3.61;NA;34.12;4.13;ND;2.47;ND;NA;NA;NA;
2;6;5.02;10.98;4.68;NA;109.81;5.13;ND;2.74;ND;NA;NA;NA;
2;7;6.26;12.97;13.75;NA;63.91;17.3;ND;11.08;ND;NA;NA;NA;
2;8;8.62;8.26;9.96;NA;14.75;12.16;ND;10.03;ND;NA;NA;NA;
2;9;6.9;9.66;8.66;NA;9.07;8.5;ND;5.46;ND;NA;NA;NA;
2;10;4.42;5.65;6.12;NA;8.37;8.22;ND;2.98;ND;NA;NA;NA;
2;11;4.4;3.21;4.75;NA;5.6;5.44;ND;3.03;ND;NA;NA;NA;
2;12;2.51;2.71;3.61;NA;4.02;4.59;ND;2.67;ND;NA;NA;NA;
2;13;1.84;1.61;2.42;NA;3.35;3.42;ND;2.39;ND;NA;NA;NA;
2;14;1.55;0.78;2.27;NA;3.08;2.39;ND;1.47;ND;NA;NA;NA;
2;15;1.43;0.96;1.79;NA;2.2;2.27;ND;1.07;ND;NA;NA;NA;
2;16;1.6;0.79;2.14;NA;2.39;2.1;ND;1.16;ND;NA;NA;NA;
2;17;2.25;0.75;2.34;NA;1.93;2.16;ND;1.08;ND;NA;NA;NA;
2;18;2.25;1.36;2.69;NA;1.72;2.29;ND;1.21;ND;NA;NA;NA;
2;19;2.48;1.67;2.26;NA;1.98;2.73;ND;1.26;ND;NA;NA;NA;
2;20;2.9;1.71;2.21;NA;3.14;2.54;ND;0.96;ND;NA;NA;NA;
2;21;2.54;1.56;2.01;NA;3.4;2.44;ND;0.97;ND;NA;NA;NA;
2;22;2.18;1.49;1.79;NA;2.79;1.89;ND;0.91;ND;NA;NA;NA;
2;23;2.11;1.26;1.66;NA;2.5;1.93;ND;0.84;ND;NA;NA;NA;
3;0;1.95;1;1.86;NA;2.08;2.23;ND;0.84;ND;NA;NA;NA;
3;1;2.16;1.2;ND;NA;ND;4.06;ND;1.11;ND;NA;NA;NA;
3;2;1.72;1.6;1.7;NA;2.83;3.11;ND;0.83;ND;NA;NA;NA;
3;3;1.86;1.37;1.68;NA;2.03;2.61;ND;0.8;ND;NA;NA;NA;
3;4;1.91;1.6;1.78;NA;2.27;2.3;ND;0.94;ND;NA;NA;NA;
3;5;1.89;1.32;2.5;NA;2.98;2.41;ND;1.01;ND;NA;NA;NA;
3;6;2.31;2.65;9.82;NA;7.09;5.45;ND;2.63;ND;NA;NA;NA;
3;7;2.86;11.76;8.84;NA;9.53;6.63;ND;7.54;ND;NA;NA;NA;
3;8;4.32;6.95;5.39;NA;19.26;5.17;ND;8.59;ND;NA;NA;NA;
3;9;4.34;5.55;4.34;NA;26.27;6.16;ND;8.88;ND;NA;NA;NA;
3;10;4.42;5.32;5.1;NA;10.58;7.3;ND;4.52;ND;NA;NA;NA;
3;11;3.54;3.56;5.03;NA;8.06;6.02;ND;4.23;ND;NA;NA;NA;
3;12;2.19;1.74;2.02;NA;3.85;3.6;ND;3.72;ND;NA;NA;NA;
3;13;1.69;0.88;1.37;NA;1.98;1.94;ND;1.53;ND;NA;NA;NA;
3;14;1.59;0.79;1.11;NA;1.87;1.69;ND;1.09;ND;NA;NA;NA;
3;15;1.55;1.02;1.76;NA;1.61;1.61;ND;1;ND;NA;NA;NA;
3;16;1.87;0.79;2.08;NA;1.91;1.91;ND;1.15;ND;NA;NA;NA;
3;17;2.02;1.07;2.09;NA;2.93;1.89;ND;1.05;ND;NA;NA;NA;
3;18;1.95;1.34;2.22;NA;2.99;2;ND;1.08;ND;NA;NA;NA;
3;19;2.29;1.43;2.13;NA;2.31;1.86;ND;1.04;ND;NA;NA;NA;
3;20;2.13;1.89;2.51;NA;5.69;2.21;ND;1.18;ND;NA;NA;NA;
3;21;1.88;1.76;5.51;NA;5.96;4.49;ND;1.21;ND;NA;NA;NA;
3;22;3.97;1.71;7.37;NA;5.94;6.39;ND;1.53;ND;NA;NA;NA;
3;23;5.67;1.05;6.12;NA;6.74;5.66;ND;1.32;ND;NA;NA;NA;
4;0;2.81;1.34;6.46;NA;1.84;3.48;ND;0.98;ND;NA;NA;NA;
4;1;ND;ND;2.88;NA;1.73;2.52;ND;0.86;ND;NA;NA;NA;
4;2;2.68;1.04;3.5;NA;1.46;1.73;ND;0.85;ND;NA;NA;NA;
4;3;1.92;1.2;11.58;NA;2.84;4.65;ND;0.77;ND;NA;NA;NA;
4;4;2.17;1.51;7.58;NA;10.56;12.26;ND;0.75;ND;NA;NA;NA;
4;5;2.34;1.1;4.69;NA;11.77;7.3;ND;0.84;ND;NA;NA;NA;
4;6;4.09;2.13;4.7;NA;9.94;6.23;ND;2.43;ND;NA;NA;NA;
4;7;4.73;2.43;6.57;NA;14.02;9.93;ND;2.71;ND;NA;NA;NA;
4;8;5.7;3.89;8.74;NA;24.47;12.48;ND;7.7;ND;NA;NA;NA;
4;9;8.15;6.59;10.56;NA;22.63;8.2;ND;5.24;ND;NA;NA;NA;
4;10;5.88;8.81;11.84;NA;10.81;ND;ND;4.47;ND;NA;NA;NA;
4;11;5.64;9.27;16.59;NA;7.47;ND;ND;4.21;ND;NA;NA;NA;
4;12;6.32;7.06;13.36;NA;13.47;12;ND;5.33;ND;NA;NA;NA;
4;13;2.89;ND;5.08;NA;11.87;7.8;ND;6.08;ND;NA;NA;NA;
4;14;2.06;ND;2.8;NA;3.43;3.89;ND;2.27;ND;NA;NA;NA;
4;15;1.77;1.16;3.18;NA;3.15;2.37;ND;1.51;ND;NA;NA;NA;
4;16;1.61;0.63;4.07;NA;2.19;1.9;ND;1.32;ND;NA;NA;NA;
4;17;1.87;0.51;5.38;NA;2.23;2.41;ND;1.17;ND;NA;NA;NA;
4;18;1.96;0.6;5.91;NA;3.5;2.55;ND;1.24;ND;NA;NA;NA;
4;19;2.14;0.64;5.92;NA;5.29;3;ND;1.18;ND;NA;NA;NA;
4;20;2.9;1.17;4.96;NA;4.45;3.07;ND;1.11;ND;NA;NA;NA;
4;21;2.78;1.14;5.13;NA;3.69;3.23;ND;1.05;ND;NA;NA;NA;
4;22;2.67;1.84;4.15;NA;4.69;2.83;ND;1.01;ND;NA;NA;NA;
4;23;2.64;2.01;3.6;NA;5.16;3.35;ND;1.23;ND;NA;NA;NA;
5;0;2.18;1.82;2.69;NA;3.49;2.83;ND;0.89;ND;NA;NA;NA;
5;1;2.23;1.8;ND;NA;ND;3.59;ND;0.83;ND;NA;NA;NA;
5;2;2.79;1.6;4.03;NA;4.48;5.1;ND;0.92;ND;NA;NA;NA;
5;3;3.27;1.09;3.1;NA;5.22;4.34;ND;0.91;ND;NA;NA;NA;
5;4;3.81;0.9;3.2;NA;7.99;4.05;ND;4.55;ND;NA;NA;NA;
5;5;3.75;1.91;3.41;NA;7.03;5.63;ND;7.13;ND;NA;NA;NA;
5;6;5.42;1.57;7.96;NA;7.04;6.22;ND;9.22;ND;NA;NA;NA;
5;7;6;2.8;4.73;NA;4.67;4.75;ND;10.96;ND;NA;NA;NA;
5;8;5.94;4.2;5.18;NA;5.26;4.17;ND;12.22;ND;NA;NA;NA;
5;9;6.9;3.46;ND;NA;5.53;3.04;ND;9.52;ND;NA;NA;NA;
5;10;4.55;1.56;ND;NA;ND;3.79;ND;3.79;ND;NA;NA;NA;
5;11;4.19;1.58;5.58;NA;ND;4.7;ND;3.1;ND;NA;NA;NA;
5;12;2.18;1;5.24;NA;5.08;4.78;ND;3.51;ND;NA;NA;NA;
5;13;1.85;0.44;4.3;NA;3.01;2.69;ND;2.52;ND;NA;NA;NA;
5;14;1.68;0.36;4.41;NA;2.59;1.64;ND;2.31;ND;NA;NA;NA;
5;15;2.22;0.23;3.41;NA;2.55;2.07;ND;36.18;ND;NA;NA;NA;
5;16;2.26;0.54;3.62;NA;2.37;2.33;ND;3.95;ND;NA;NA;NA;
5;17;2.51;0.39;4.68;NA;2.89;3.06;ND;3.37;ND;NA;NA;NA;
5;18;2.39;3.82;6.59;NA;4.08;5.54;ND;3.28;ND;NA;NA;NA;
5;19;2.5;2.09;7.36;NA;6.27;5.76;ND;10.23;ND;NA;NA;NA;
5;20;2.92;1.81;8.29;NA;20.48;6.34;ND;7.84;ND;NA;NA;NA;
5;21;2.42;0.94;6.19;NA;9.56;4.74;ND;2.65;ND;NA;NA;NA;
5;22;2.43;1.19;7.23;NA;6.75;4.09;ND;2.1;ND;NA;NA;NA;
5;23;2.46;1.89;7.14;NA;6.39;3.77;ND;7.76;ND;NA;NA;NA;
6;0;2.42;1.04;5.37;NA;15.06;3.56;ND;11.17;ND;NA;NA;NA;
6;1;ND;ND;5.42;NA;124.43;9.33;ND;6.04;ND;NA;NA;NA;
6;2;3.14;0.95;7.66;NA;68.79;16.08;ND;15.99;ND;NA;NA;NA;
6;3;7.98;1.56;15.77;NA;47.23;8.22;ND;19.23;ND;NA;NA;NA;
6;4;4.1;1.5;12.28;NA;23.12;10.04;ND;13.41;ND;NA;NA;NA;
6;5;3.43;4.38;9.08;NA;35.34;9.07;ND;5.88;ND;NA;NA;NA;
6;6;5.91;5.83;12.3;NA;75.35;11.71;ND;6.96;ND;NA;NA;NA;
6;7;8.78;10.61;22.12;NA;71.93;31.9;ND;18.49;ND;NA;NA;NA;
6;8;10.47;9.7;14.69;NA;10.56;12.16;ND;20.33;ND;NA;NA;NA;
6;9;11.93;6.24;13.65;NA;5.41;5.08;ND;9.3;ND;NA;NA;NA;
6;10;9.75;5.18;12.61;NA;6.72;5.57;ND;3.83;ND;NA;NA;NA;
6;11;4.9;3.32;7.75;NA;8.59;5.61;ND;2.62;ND;NA;NA;NA;
6;12;2.52;1.54;3.81;NA;4.76;3.61;ND;2.24;ND;NA;NA;NA;
6;13;2.15;1.04;3.14;NA;3.87;2.63;ND;1.77;ND;NA;NA;NA;
6;14;1.92;0.7;1.75;NA;3.91;2.31;ND;1.63;ND;NA;NA;NA;
6;15;1.83;0.57;3.75;NA;3.46;2.28;ND;2.8;ND;NA;NA;NA;
6;16;2.45;0.67;4.73;NA;4.45;2.86;ND;1.96;ND;NA;NA;NA;
6;17;2.13;0.7;3.54;NA;5.5;3.92;ND;1.93;ND;NA;NA;NA;
6;18;2.02;1.09;4.77;NA;4.35;3.46;ND;2.51;ND;NA;NA;NA;
6;19;3.41;3.78;4.11;NA;3.2;3.06;ND;2.29;ND;NA;NA;NA;
6;20;4.74;4.69;4.26;NA;4.35;3.23;ND;1.91;ND;NA;NA;NA;
6;21;4.7;4.72;3.13;NA;12.79;3.21;ND;2.55;ND;NA;NA;NA;
6;22;4.4;7.46;3.37;NA;22.26;3.57;ND;2.67;ND;NA;NA;NA;
6;23;3.71;6.39;3.31;NA;18.82;2.88;ND;1.96;ND;NA;NA;NA;
7;0;2.63;4.67;3.86;NA;14.51;2.55;ND;3.55;ND;NA;NA;NA;
7;1;3.03;4.95;ND;NA;ND;3.6;ND;4.47;ND;NA;NA;NA;
7;2;2.19;11.69;3.14;NA;95.12;4.64;ND;4.52;ND;NA;NA;NA;
7;3;2.47;6.63;6.18;NA;55.19;6.84;ND;3.06;ND;NA;NA;NA;
7;4;3.96;8.21;16.49;NA;37.03;8.69;ND;2.67;ND;NA;NA;NA;
7;5;5.76;6.73;6.9;NA;13.96;6.07;ND;3.49;ND;NA;NA;NA;
7;6;7.32;9.95;12.2;NA;20.43;14.26;ND;4.82;ND;NA;NA;NA;
7;7;12.76;21.4;19.42;NA;41.58;15.16;ND;12.05;ND;NA;NA;NA;
7;8;12.9;6.83;10.24;NA;11.18;6.3;ND;13.55;ND;NA;NA;NA;
7;9;8.44;5.7;9.97;NA;3.89;4.08;ND;4.92;ND;NA;NA;NA;
7;10;9.19;4.64;16.88;NA;4.3;4.64;ND;2.42;ND;NA;NA;NA;
7;11;3.23;2.36;10.05;NA;10.44;6.76;ND;2.21;ND;NA;NA;NA;
7;12;2.94;1.51;5.19;NA;5.24;3.65;ND;2.3;ND;NA;NA;NA;
7;13;2.81;1.81;3.81;NA;3.24;2.07;ND;1.73;ND;NA;NA;NA;
7;14;2.5;1.94;3.48;NA;3.38;2.07;ND;1.52;ND;NA;NA;NA;
7;15;2.03;1.77;2.95;NA;3.99;1.89;ND;2.53;ND;NA;NA;NA;
7;16;2.16;1.36;3.12;NA;3.7;1.33;ND;2.17;ND;NA;NA;NA;
7;17;1.98;1.37;5.51;NA;3.46;1.62;ND;1.43;ND;NA;NA;NA;
7;18;2.33;1.64;6.81;NA;4.54;2.45;ND;1.57;ND;NA;NA;NA;
7;19;2.3;1.48;6.83;NA;4.26;3.43;ND;1.37;ND;NA;NA;NA;
7;20;2.78;1.41;5.7;NA;5;3.53;ND;1.4;ND;NA;NA;NA;
7;21;2.69;1.49;4.79;NA;7.87;3.89;ND;1.96;ND;NA;NA;NA;
7;22;1.94;1.33;3.7;NA;8.54;3.95;ND;1.36;ND;NA;NA;NA;
7;23;2.53;4.54;5.31;NA;5.3;4.88;ND;1.47;ND;NA;NA;NA;
8;0;2.5;4.32;6.78;NA;5.7;3.97;ND;1.49;ND;NA;NA;NA;
8;1;ND;ND;8.06;NA;4.63;3.99;ND;1.3;ND;NA;NA;NA;
8;2;2.2;2.46;8.3;NA;5.83;3.91;ND;1.42;ND;NA;NA;NA;
8;3;2.01;2.92;6.84;NA;16.77;3.54;ND;1.52;ND;NA;NA;NA;
8;4;2.56;2.79;5.63;NA;26.59;3.49;ND;1.63;ND;NA;NA;NA;
8;5;3.48;2.31;5.09;NA;23.24;4.24;ND;2.96;ND;NA;NA;NA;
8;6;5.11;5.86;7.75;NA;24.64;5.84;ND;3.59;ND;NA;NA;NA;
8;7;6.73;9.87;10.72;NA;21.19;11.61;ND;13.71;ND;NA;NA;NA;
8;8;8.3;7.31;11.35;NA;17.61;11.95;ND;18.13;ND;NA;NA;NA;
8;9;9.08;5.8;9.97;NA;12.58;8.35;ND;16.27;ND;NA;NA;NA;
8;10;8.03;13.08;4.54;NA;3.38;3.97;ND;6.88;ND;NA;NA;NA;
8;11;6.17;6.01;3.43;NA;3.03;2.7;ND;5.05;ND;NA;NA;NA;
8;12;5.2;3.24;5.08;NA;5.39;3.78;ND;3.32;ND;NA;NA;NA;
8;13;3.54;1.42;3.67;NA;3.98;2.89;ND;2.04;ND;NA;NA;NA;
8;14;2.68;1.47;3.15;NA;2.77;2.08;ND;1.41;ND;NA;NA;NA;
8;15;2.36;0.87;3.32;NA;2.57;1.44;ND;1.12;ND;NA;NA;NA;
8;16;2.54;1.64;3.88;NA;7.8;1.9;ND;1.24;ND;NA;NA;NA;
8;17;3.26;1.2;4.71;NA;5.08;2.34;ND;1.63;ND;NA;NA;NA;
8;18;3.34;1.15;5.18;NA;3.15;2.05;ND;2.21;ND;NA;NA;NA;
8;19;3.11;2.03;5.39;NA;4.57;3.33;ND;3.37;ND;NA;NA;NA;
8;20;3.06;1.93;4.63;NA;3.72;3.25;ND;2.79;ND;NA;NA;NA;
8;21;4.16;1.32;5.16;NA;5.14;3.21;ND;3.13;ND;NA;NA;NA;
8;22;5.58;1.49;4.84;NA;5.03;2.64;ND;4.19;ND;NA;NA;NA;
8;23;5.21;1.16;5.29;NA;3.91;1.6;ND;11.09;ND;NA;NA;NA;
9;0;5.35;1.04;4.42;NA;2.25;1.37;ND;5.71;ND;NA;NA;NA;
9;1;3.74;1.19;ND;NA;ND;1.86;ND;5.71;ND;NA;NA;NA;
9;2;3.74;1;3.28;NA;4.88;1.15;ND;3.27;ND;NA;NA;NA;
9;3;4.79;1;4.37;NA;4.09;1.13;ND;3.96;ND;NA;NA;NA;
9;4;4.59;0.71;4.65;NA;4.49;2.12;ND;9.91;ND;NA;NA;NA;
9;5;4.17;2.27;5.26;NA;12.03;1.96;ND;7.96;ND;NA;NA;NA;
9;6;10.71;3.71;3.57;NA;39.62;6.31;ND;17.45;ND;NA;NA;NA;
9;7;6.46;1.89;2.7;NA;32.91;25.53;ND;24.39;ND;NA;NA;NA;
9;8;3.31;1.65;3.06;NA;4.57;4.49;ND;24.29;ND;NA;NA;NA;
9;9;3.36;3.66;2.97;NA;4.68;2.09;ND;5.43;ND;NA;NA;NA;
9;10;3.17;1.41;2.33;NA;7.17;2.41;ND;1.63;ND;NA;NA;NA;
9;11;2.63;0.51;2.21;NA;2.37;1.21;ND;0.74;ND;NA;NA;NA;
9;12;2.47;0.91;1.83;NA;3.97;1.02;ND;1.07;ND;NA;NA;NA;
9;13;2.19;0.54;2.16;NA;2.76;3.18;ND;1.02;ND;NA;NA;NA;
9;14;1.87;0.79;2.03;NA;4.12;2.6;ND;1.04;ND;NA;NA;NA;
9;15;2.18;0.44;2.25;NA;2.1;0.93;ND;0.95;ND;NA;NA;NA;
9;16;2.13;0.81;2.91;NA;2.25;1.11;ND;0.99;ND;NA;NA;NA;
9;17;3.2;1.26;3.99;NA;2.26;1.51;ND;1.13;ND;NA;NA;NA;
9;18;3.07;1.13;3.26;NA;4.28;1.27;ND;1.26;ND;NA;NA;NA;
9;19;3.06;1.35;2.55;NA;5.31;5.56;ND;1.51;ND;NA;NA;NA;
9;20;2.36;1.04;3.87;NA;6.6;3.89;ND;2.25;ND;NA;NA;NA;
9;21;2.18;0.66;4.41;NA;3.47;1.61;ND;2.54;ND;NA;NA;NA;
9;22;2.41;0.21;3.95;NA;2.64;2.39;ND;2.83;ND;NA;NA;NA;
9;23;3.13;0.54;2.65;NA;2.36;3.89;ND;0.97;ND;NA;NA;NA;
10;0;3.15;0.42;3.63;NA;1.49;5.34;ND;2.96;ND;NA;NA;NA;
10;1;ND;ND;3.47;NA;2.44;7.23;ND;10.18;ND;NA;NA;NA;
10;2;1.85;0.5;2.66;NA;2.38;4.97;ND;5;ND;NA;NA;NA;
10;3;2.44;2.11;3.08;NA;1.98;5.72;ND;3.46;ND;NA;NA;NA;
10;4;2.33;5.14;2.56;NA;1.42;5.65;ND;2.59;ND;NA;NA;NA;
10;5;5.79;7.31;2.71;NA;2.2;5.28;ND;2.43;ND;NA;NA;NA;
10;6;5.54;8.25;3.52;NA;1.7;5.85;ND;3.24;ND;NA;NA;NA;
10;7;3.61;8.01;3.88;NA;2.27;4.62;ND;3.85;ND;NA;NA;NA;
10;8;2.42;4.89;3.11;NA;3.19;2.44;ND;6.36;ND;NA;NA;NA;
10;9;2.29;2.97;2.5;NA;1.96;1.03;ND;7.03;ND;NA;NA;NA;
10;10;2.23;0.99;2.38;NA;3.28;1.86;ND;0.68;ND;NA;NA;NA;
10;11;1.86;0.63;1.75;NA;4.24;1.24;ND;0.31;ND;NA;NA;NA;
10;12;1.76;0.44;1.76;NA;3.34;0.85;ND;0.48;ND;NA;NA;NA;
10;13;1.55;0.58;1.7;NA;3.36;0.99;ND;0.37;ND;NA;NA;NA;
10;14;1.59;0.56;1.74;NA;2.62;0.61;ND;0.29;ND;NA;NA;NA;
10;15;1.92;0.3;1.86;NA;3.31;0.64;ND;0.5;ND;NA;NA;NA;
10;16;1.85;0.43;1.9;NA;3.71;0.66;ND;0.53;ND;NA;NA;NA;
10;17;1.93;0.31;2.01;NA;3.56;0.93;ND;0.48;ND;NA;NA;NA;
10;18;2.13;0.32;2.37;NA;2.53;5.09;ND;0.82;ND;NA;NA;NA;
10;19;2.45;0.53;3.57;NA;2.81;5.17;ND;0.4;ND;NA;NA;NA;
10;20;3.07;0.53;3.85;NA;2.36;2.02;ND;0.43;ND;NA;NA;NA;
10;21;2.46;2.3;2.64;NA;1.48;2.96;ND;3.74;ND;NA;NA;NA;
10;22;1.77;0.93;2.41;NA;2.37;4.39;ND;6.01;ND;NA;NA;NA;
10;23;1.54;1.91;1.99;NA;1.5;3.29;ND;3.26;ND;NA;NA;NA;
11;0;1.41;1.67;2.06;NA;1.33;2.98;ND;1.56;ND;NA;NA;NA;
11;1;1.63;1.39;ND;NA;ND;1.78;ND;0.88;ND;NA;NA;NA;
11;2;1.74;1.47;1.74;NA;1.4;1.97;ND;0.79;ND;NA;NA;NA;
11;3;1.75;1.59;1.67;NA;1.21;2.24;ND;0.82;ND;NA;NA;NA;
11;4;1.44;0.68;1.36;NA;1.29;2.59;ND;1.5;ND;NA;NA;NA;
11;5;2.14;4.78;1.65;NA;3.95;3.37;ND;2.52;ND;NA;NA;NA;
11;6;2.38;2.76;2.37;NA;3.13;4.64;ND;8.09;ND;NA;NA;NA;
11;7;2.71;2.08;3.07;NA;1.56;6.18;ND;9.41;ND;NA;NA;NA;
11;8;3.03;2.84;3.15;NA;0.92;1.69;ND;9.4;ND;NA;NA;NA;
11;9;2.95;2.61;3.03;NA;1.17;1.04;ND;8.95;ND;NA;NA;NA;
11;10;2.52;1.16;3.09;NA;1.09;1.14;ND;28.72;ND;NA;NA;NA;
11;11;2.27;0.73;2.8;NA;1.06;2.43;ND;0.93;ND;NA;NA;NA;
11;12;1.83;0.58;2.15;NA;3.02;1.1;ND;0.77;ND;NA;NA;NA;
11;13;1.98;1.52;2.22;NA;1.44;1.06;ND;0.73;ND;NA;NA;NA;
11;14;1.97;1.16;2;NA;1.44;1.17;ND;0.74;ND;NA;NA;NA;
11;15;2.11;1.15;2.34;NA;5.65;1.05;ND;0.72;ND;NA;NA;NA;
11;16;2.32;2.46;2.73;NA;1.77;1.3;ND;0.87;ND;NA;NA;NA;
11;17;3.09;0.89;3.45;NA;2.44;2.22;ND;1.07;ND;NA;NA;NA;
11;18;3.77;0.72;3.9;NA;1.87;3.54;ND;1.3;ND;NA;NA;NA;
11;19;4.53;0.75;5.38;NA;1.65;3.24;ND;2.01;ND;NA;NA;NA;
11;20;4.63;0.99;3.45;NA;2.37;3.8;ND;4.21;ND;NA;NA;NA;
11;21;3.15;1.23;2.9;NA;2.26;4.73;ND;2.21;ND;NA;NA;NA;
11;22;2.62;0.89;2.49;NA;2.9;6.28;ND;4.99;ND;NA;NA;NA;
11;23;5.67;0.99;2.25;NA;7.76;6.36;ND;1.58;ND;NA;NA;NA;
12;0;6.48;1.17;2.31;NA;13.2;5.96;ND;1.44;ND;NA;NA;NA;
12;1;ND;ND;2.66;NA;3.77;8.83;ND;2.51;ND;NA;NA;NA;
12;2;3.23;1.78;2.64;NA;2.01;4.68;ND;2.21;ND;NA;NA;NA;
12;3;3.22;2.58;2.66;NA;1.3;4.14;ND;1.92;ND;NA;NA;NA;
12;4;3.26;4.46;2.91;NA;2.08;4.44;ND;1.92;ND;NA;NA;NA;
12;5;2.16;3.47;2.46;NA;2.74;3.77;ND;3.87;ND;NA;NA;NA;
12;6;3.09;9.25;3.71;NA;2.63;4.88;ND;10.52;ND;NA;NA;NA;
12;7;2.65;9.47;3.64;NA;2.61;5.16;ND;13.95;ND;NA;NA;NA;
12;8;3.99;10.1;4.58;NA;3.03;4.49;ND;7.67;ND;NA;NA;NA;
12;9;3.94;3.2;3.24;NA;2.41;1.99;ND;4.89;ND;NA;NA;NA;
12;10;3.12;2.07;3.42;NA;ND;1.38;ND;1.1;ND;NA;NA;NA;
12;11;2.03;1.22;1.95;NA;ND;2.73;ND;2.31;ND;NA;NA;NA;
12;12;ND;0.71;2.11;NA;ND;1.58;ND;1.41;ND;NA;NA;NA;
12;13;ND;0.66;3.22;NA;ND;2.1;ND;1.05;ND;NA;NA;NA;
12;14;1.02;1.24;3.55;NA;2.45;2.23;ND;1.01;ND;NA;NA;NA;
12;15;ND;0.59;2.65;NA;1.73;3.55;ND;0.93;ND;NA;NA;NA;
12;16;ND;0.91;2.61;NA;5.89;1.39;ND;1.03;ND;NA;NA;NA;
12;17;1.85;0.62;2.76;NA;2.37;2.02;ND;1.11;ND;NA;NA;NA;
12;18;3.98;0.9;2.79;NA;3.73;4.31;ND;1.05;ND;NA;NA;NA;
12;19;3.33;1.02;2.88;NA;3.61;1.47;ND;1.97;ND;NA;NA;NA;
12;20;3.26;0.79;4.18;NA;3.13;3.84;ND;1.63;ND;NA;NA;NA;
12;21;3.99;0.94;4.45;NA;2.74;6.03;ND;0.57;ND;NA;NA;NA;
12;22;2.9;1.06;3.74;NA;2.46;5.47;ND;0;ND;NA;NA;NA;
12;23;2.77;1.17;4.46;NA;1.87;6.57;ND;0;ND;NA;NA;NA;
13;0;2.36;9.38;3.29;NA;2.06;5.49;ND;0.52;ND;NA;NA;NA;
13;1;ND;14.39;ND;NA;ND;5.28;ND;1.35;ND;NA;NA;NA;
13;2;3.92;13.4;3.66;NA;2.64;5.39;ND;1.39;ND;NA;NA;NA;
13;3;5.67;10.24;3.83;NA;2.16;6.2;ND;1.72;ND;NA;NA;NA;
13;4;7.34;11.05;3.53;NA;2.56;5.56;ND;2.44;ND;NA;NA;NA;
13;5;6.87;9.05;2.88;NA;2.02;4.62;ND;2.87;ND;NA;NA;NA;
13;6;6.49;12.47;3.31;NA;2.35;6.16;ND;9.36;ND;NA;NA;NA;
13;7;2.95;17.96;3.35;NA;2.52;5.63;ND;15.33;ND;NA;NA;NA;
13;8;2.96;8.01;4.58;NA;4.92;6.2;ND;9.71;ND;NA;NA;NA;
13;9;2.99;5.5;3.68;NA;3.75;3.32;ND;ND;ND;NA;NA;NA;
13;10;2.25;2.77;2.66;NA;1.46;1.38;ND;ND;ND;NA;NA;NA;
13;11;2.14;1.48;4.06;NA;2.03;1.45;ND;1.36;ND;NA;NA;NA;
13;12;1.35;0.6;2.78;NA;3.27;2.36;ND;1.07;ND;NA;NA;NA;
13;13;1.4;0.46;2.79;NA;2.25;1.06;ND;1.37;ND;NA;NA;NA;
13;14;0.97;0.67;2.34;NA;2.34;0.82;ND;1.53;ND;NA;NA;NA;
13;15;0.97;0.95;2.98;NA;2.25;1.46;ND;1.71;ND;NA;NA;NA;
13;16;1.05;0.77;2.18;NA;2.17;1.33;ND;2.26;ND;NA;NA;NA;
13;17;0.96;0.57;2.04;NA;2.26;1.24;ND;2.02;ND;NA;NA;NA;
13;18;0.99;0.87;3.96;NA;4.32;1.91;ND;1.93;ND;NA;NA;NA;
13;19;1.91;0.99;6.24;NA;4.71;2.46;ND;1.12;ND;NA;NA;NA;
13;20;2.64;0.75;5.91;NA;3.58;3.25;ND;0;ND;NA;NA;NA;
13;21;2.85;0.57;5.73;NA;6.73;4.08;ND;0;ND;NA;NA;NA;
13;22;3.73;ND;7.59;NA;3.3;4.43;ND;0;ND;NA;NA;NA;
13;23;2.03;ND;6.88;NA;4.41;4.12;ND;1.24;ND;NA;NA;NA;
14;0;1.11;0.23;5.71;NA;3.74;2.43;ND;1.15;ND;NA;NA;NA;
14;1;1.36;ND;6.08;NA;4.02;1.74;ND;1.26;ND;NA;NA;NA;
14;2;0.88;2.1;5.06;NA;4.05;1.42;ND;1.37;ND;NA;NA;NA;
14;3;0.49;2.05;4.32;NA;5.71;2.01;ND;2.71;ND;NA;NA;NA;
14;4;1.1;1.72;4.04;NA;7.38;3.84;ND;4.52;ND;NA;NA;NA;
14;5;2.82;1.74;5.28;NA;11.84;7.99;ND;4.62;ND;NA;NA;NA;
14;6;5.86;3.15;5.12;NA;9.95;7.26;ND;4.62;ND;NA;NA;NA;
14;7;6.57;5.41;7.09;NA;3.42;8.78;ND;16.18;ND;NA;NA;NA;
14;8;8.1;4.88;6.96;NA;2.84;5.51;ND;17.28;ND;NA;NA;NA;
14;9;6.33;5.16;5.27;NA;3.38;4.39;ND;7.11;ND;NA;NA;NA;
14;10;3.68;2.64;4.16;NA;2.68;2.06;ND;5.01;ND;NA;NA;NA;
14;11;2.15;1.48;3.62;NA;2.84;1.47;ND;4.68;ND;NA;NA;NA;
14;12;1.91;1.03;4.12;NA;4.23;3;ND;2.1;ND;NA;NA;NA;
14;13;1.27;1.31;3.04;NA;2.52;2.05;ND;2.05;ND;NA;NA;NA;
14;14;0.92;1.29;2.79;NA;2.21;1.49;ND;ND;ND;NA;NA;NA;
14;15;0.76;0.58;2.45;NA;2.17;0.96;ND;ND;ND;NA;NA;NA;
14;16;0.7;0.29;3;NA;1.99;1.13;ND;ND;ND;NA;NA;NA;
14;17;1.02;0.27;4.21;NA;2.42;1.06;ND;1.42;ND;NA;NA;NA;
14;18;1.4;0.41;4.02;NA;2.86;1.57;ND;1.69;ND;NA;NA;NA;
14;19;2.21;0.5;4.61;NA;2.9;1.85;ND;1.61;ND;NA;NA;NA;
14;20;1.55;0.56;6.81;NA;3.42;2.04;ND;1.13;ND;NA;NA;NA;
14;21;1.39;0.55;5.44;NA;5.97;2.14;ND;1.54;ND;NA;NA;NA;
14;22;1.53;0.62;6.72;NA;45.23;4.14;ND;2.61;ND;NA;NA;NA;
14;23;1.33;0.5;7.18;NA;18.34;13.21;ND;3.27;ND;NA;NA;NA;
15;0;1.58;2.76;6.42;NA;11.68;7.42;ND;2.84;ND;NA;NA;NA;
15;1;ND;2.54;ND;NA;ND;4.56;ND;4.39;ND;NA;NA;NA;
15;2;3.32;4.45;4.99;NA;72.82;6.42;ND;5.79;ND;NA;NA;NA;
15;3;3.85;5.43;7.28;NA;38.69;13.13;ND;10.1;ND;NA;NA;NA;
15;4;4.98;6.48;10.09;NA;15.26;8.11;ND;6.57;ND;NA;NA;NA;
15;5;5.43;11.66;8.24;NA;7.88;9.04;ND;6.79;ND;NA;NA;NA;
15;6;7.36;17.96;11.08;NA;16.28;12.58;ND;16.75;ND;NA;NA;NA;
15;7;9.01;14.3;14.22;NA;13.88;10.4;ND;12.1;ND;NA;NA;NA;
15;8;12.08;12.84;8.78;NA;5.06;5.93;ND;8.69;ND;NA;NA;NA;
15;9;8.77;8.69;6.56;NA;4.45;3.18;ND;5.48;ND;NA;NA;NA;
15;10;3.54;3.94;5.54;NA;4.59;3.13;ND;3.94;ND;NA;NA;NA;
15;11;1.76;1.73;4.43;NA;5.84;4.65;ND;ND;ND;NA;NA;NA;
15;12;1.38;ND;3.75;NA;6.09;4.04;ND;ND;ND;NA;NA;NA;
15;13;1.57;ND;3.65;NA;3.61;2.17;ND;ND;ND;NA;NA;NA;
15;14;1.28;ND;3.41;NA;3.12;1.72;ND;ND;ND;NA;NA;NA;
15;15;0.98;ND;4.2;NA;2.85;1.53;ND;ND;ND;NA;NA;NA;
15;16;1.19;ND;5;NA;2.68;1.86;ND;0;ND;NA;NA;NA;
15;17;1.17;1.46;5.57;NA;3.09;2.23;ND;0;ND;NA;NA;NA;
15;18;1.19;1.61;6.03;NA;3.62;2.58;ND;0;ND;NA;NA;NA;
15;19;1.33;1.64;4.2;NA;2.99;2.98;ND;0;ND;NA;NA;NA;
15;20;1.26;1.38;4.03;NA;4.72;3.21;ND;0;ND;NA;NA;NA;
15;21;1.07;1.2;3.39;NA;4.07;2.6;ND;0;ND;NA;NA;NA;
15;22;0.99;1.04;3.26;NA;2.39;2.08;ND;0;ND;NA;NA;NA;
15;23;1.3;1.04;3.27;NA;2.32;1.71;ND;0;ND;NA;NA;NA;
16;0;0.99;1.37;2.94;NA;3.15;1.78;ND;0;ND;NA;NA;NA;
16;1;0.74;ND;2.42;NA;6.31;1.54;ND;0;ND;NA;NA;NA;
16;2;1.16;1.13;2.85;NA;5.26;1.41;ND;0;ND;NA;NA;NA;
16;3;0.9;1.41;2.38;NA;4.41;1.52;ND;0;ND;NA;NA;NA;
16;4;0.89;1.02;2.32;NA;4.09;1.37;ND;0;ND;NA;NA;NA;
16;5;0.95;1.15;2.64;NA;4.26;1.76;ND;0;ND;NA;NA;NA;
16;6;1.56;1.47;3.69;NA;4.82;2.72;ND;0;ND;NA;NA;NA;
16;7;1.87;1.41;4.27;NA;7.26;3.8;ND;0;ND;NA;NA;NA;
16;8;3.01;1.91;5.97;NA;5.34;4.07;ND;1;ND;NA;NA;NA;
16;9;2.98;2.24;6.41;NA;4.96;3.64;ND;9;ND;NA;NA;NA;
16;10;2.35;1.85;5.68;NA;5.25;5.34;ND;3.55;ND;NA;NA;NA;
16;11;1.81;1.77;5.57;NA;9.43;4.44;ND;1.14;ND;NA;NA;NA;
16;12;1;1.45;3.03;NA;3.28;1.9;ND;0;ND;NA;NA;NA;
16;13;0.78;1.04;3.14;NA;2.62;1.64;ND;0;ND;NA;NA;NA;
16;14;0.75;1.33;2.6;NA;2.07;1.19;ND;0;ND;NA;NA;NA;
16;15;0.63;0.94;3.05;NA;2.18;1.27;ND;2.98;ND;NA;NA;NA;
16;16;0.59;0.75;2.72;NA;2.66;1.78;ND;1.63;ND;NA;NA;NA;
16;17;0.8;0.83;3.59;NA;2.4;2.77;ND;0.81;ND;NA;NA;NA;
16;18;0.93;1.09;3.52;NA;2.41;2.24;ND;0.03;ND;NA;NA;NA;
16;19;0.99;1.09;2.81;NA;2.89;1.87;ND;0.05;ND;NA;NA;NA;
16;20;1.13;1.21;2.36;NA;3.1;1.43;ND;0;ND;NA;NA;NA;
16;21;1.21;1.1;2.21;NA;3.91;1.27;ND;0.01;ND;NA;NA;NA;
16;22;0.96;0.93;2.2;NA;4.11;1.24;ND;0;ND;NA;NA;NA;
16;23;0.93;0.99;2.2;NA;5.71;1.2;ND;0;ND;NA;NA;NA;
17;0;0.77;0.84;2.19;NA;3.61;0.92;ND;0;ND;NA;NA;NA;
17;1;ND;0.96;ND;NA;ND;1.24;ND;0;ND;NA;NA;NA;
17;2;0.66;0.8;2.35;NA;4.99;1.37;ND;0;ND;NA;NA;NA;
17;3;0.66;0.7;2.26;NA;4.26;1;ND;0;ND;NA;NA;NA;
17;4;0.62;0.69;2.05;NA;3.48;1.13;ND;0;ND;NA;NA;NA;
17;5;0.68;0.88;2.33;NA;4.69;1.73;ND;0;ND;NA;NA;NA;
17;6;0.71;0.85;3.57;NA;5.87;3.27;ND;0;ND;NA;NA;NA;
17;7;0.9;0.8;4.72;NA;9.31;4.33;ND;0;ND;NA;NA;NA;
17;8;0.92;1.19;5.5;NA;8.08;5.01;ND;0;ND;NA;NA;NA;
17;9;1.38;1.13;4.79;NA;6.5;5.04;ND;0;ND;NA;NA;NA;
17;10;1.67;1.32;4.43;NA;5.24;3.57;ND;1.6;ND;NA;NA;NA;
17;11;1.47;1.6;3.66;NA;3.95;3.44;ND;4.17;ND;NA;NA;NA;
17;12;1.54;1.33;4.31;NA;8.65;2.2;ND;9.95;ND;NA;NA;NA;
17;13;0.72;1.19;6.54;NA;6.25;2.69;ND;11.91;ND;NA;NA;NA;
17;14;0.51;1.03;2.96;NA;2.97;2.06;ND;2.02;ND;NA;NA;NA;
17;15;0.48;0.86;2.98;NA;2.18;1.73;ND;0;ND;NA;NA;NA;
17;16;0.55;0.83;4.89;NA;2.02;1.36;ND;0;ND;NA;NA;NA;
17;17;0.55;0.8;3.65;NA;1.77;1.61;ND;0;ND;NA;NA;NA;
17;18;0.86;0.85;2.68;NA;2.1;1.55;ND;0;ND;NA;NA;NA;
17;19;1.06;0.95;2.48;NA;1.7;1.6;ND;0;ND;NA;NA;NA;
17;20;1.27;0.99;2.3;NA;2.11;1.38;ND;0;ND;NA;NA;NA;
17;21;1.11;0.94;2.38;NA;3.35;1.52;ND;0;ND;NA;NA;NA;
17;22;1.11;0.97;2.17;NA;5.59;1.83;ND;0;ND;NA;NA;NA;
17;23;0.85;1;2.09;NA;4.09;3.34;ND;0;ND;NA;NA;NA;
18;0;0.79;1.29;1.97;NA;3.58;3.71;ND;0;ND;NA;NA;NA;
18;1;0.48;ND;2.58;NA;7.38;8.48;ND;0;ND;NA;NA;NA;
18;2;0.48;0.83;4.86;NA;6.7;5.17;ND;0;ND;NA;NA;NA;
18;3;0.54;0.76;2.66;NA;2.53;2.73;ND;0;ND;NA;NA;NA;
18;4;0.45;0.84;2.26;NA;2.45;1.8;ND;0;ND;NA;NA;NA;
18;5;0.64;0.63;2.4;NA;3.87;1.71;ND;0;ND;NA;NA;NA;
18;6;1.3;0.8;3.64;NA;12.35;2.51;ND;0;ND;NA;NA;NA;
18;7;1.72;0.96;4.23;NA;6.4;3.94;ND;0;ND;NA;NA;NA;
18;8;2.29;1.56;4.53;NA;3.84;3.85;ND;0;ND;NA;NA;NA;
18;9;2.83;2.11;4.16;NA;3.26;2.29;ND;0;ND;NA;NA;NA;
18;10;1.76;ND;4.15;NA;6.86;2.21;ND;0;ND;NA;NA;NA;
18;11;1.19;ND;3.22;NA;2.66;1.68;ND;ND;ND;NA;NA;NA;
18;12;0.71;1.08;2.91;NA;2.27;1.56;ND;ND;ND;NA;NA;NA;
18;13;0.48;0.92;2.66;NA;1.97;1.42;ND;ND;ND;NA;NA;NA;
18;14;0.66;0.91;ND;NA;2.06;1.09;ND;ND;ND;NA;NA;NA;
18;15;0.68;0.81;ND;NA;1.42;1.04;ND;ND;ND;NA;NA;NA;
18;16;0.49;0.8;ND;NA;1.46;0.91;ND;0.97;ND;NA;NA;NA;
18;17;0.5;0.86;4.19;NA;1.73;1.32;ND;0.8;ND;NA;NA;NA;
18;18;0.46;0.78;3.21;NA;1.67;1.08;ND;0.94;ND;NA;NA;NA;
18;19;0.88;0.96;2.52;NA;1.88;1.43;ND;0.83;ND;NA;NA;NA;
18;20;1.2;0.72;1.92;NA;2.01;1.35;ND;0.73;ND;NA;NA;NA;
18;21;0.74;1.62;1.63;NA;2.16;0.94;ND;0.59;ND;NA;NA;NA;
18;22;0.94;1.03;1.8;NA;2.62;0.84;ND;0.55;ND;NA;NA;NA;
18;23;1.03;1.09;1.56;NA;1.8;0.9;ND;0.43;ND;NA;NA;NA;
19;0;0.82;0.81;1.21;NA;2.12;1.06;ND;0.67;ND;NA;NA;NA;
19;1;ND;0.63;ND;NA;ND;1.61;ND;0.68;ND;NA;NA;NA;
19;2;0.6;0.7;1.05;NA;1.74;1.29;ND;0.63;ND;NA;NA;NA;
19;3;0.28;0.62;1.32;NA;1.45;0.74;ND;0.62;ND;NA;NA;NA;
19;4;0.44;0.46;0.87;NA;2.08;0.7;ND;0.67;ND;NA;NA;NA;
19;5;0.7;0.58;0.89;NA;1.57;0.72;ND;0.72;ND;NA;NA;NA;
19;6;1.34;0.74;1.45;NA;2.61;0.97;ND;1.3;ND;NA;NA;NA;
19;7;1.04;0.67;1.88;NA;3.96;1.64;ND;0.99;ND;NA;NA;NA;
19;8;1.57;0.77;2.13;NA;2.21;0.88;ND;1.03;ND;NA;NA;NA;
19;9;1.05;0.84;1.82;NA;2.97;1.25;ND;1.41;ND;NA;NA;NA;
19;10;1.16;0.49;2.42;NA;2.22;1.66;ND;5.94;ND;NA;NA;NA;
19;11;2;0.67;2.4;NA;3.13;1.92;ND;3.96;ND;NA;NA;NA;
19;12;1.41;0.84;3.96;NA;3.17;1.89;ND;5.49;ND;NA;NA;NA;
19;13;1.07;1;5.74;NA;3.89;2.77;ND;5.17;ND;NA;NA;NA;
19;14;1.46;ND;4.1;NA;6.22;3.49;ND;2.65;ND;NA;NA;NA;
19;15;0.91;ND;2.17;NA;3.11;1.67;ND;1.25;ND;NA;NA;NA;
19;16;0.59;ND;2.82;NA;2.41;1.42;ND;0.92;ND;NA;NA;NA;
19;17;0.9;0.36;2.75;NA;2.71;1.44;ND;0.75;ND;NA;NA;NA;
19;18;1.06;0.46;3.35;NA;2.25;1.99;ND;0.88;ND;NA;NA;NA;
19;19;0.72;0.39;2.15;NA;1.98;1.87;ND;1.09;ND;NA;NA;NA;
19;20;0.89;0.39;3.42;NA;1.6;1.94;ND;1.18;ND;NA;NA;NA;
19;21;1.13;0.41;2.77;NA;1.73;1.89;ND;0.84;ND;NA;NA;NA;
19;22;0.87;0.2;1.18;NA;1.96;1.65;ND;0.63;ND;NA;NA;NA;
19;23;0.81;0.1;0.64;NA;1.97;1;ND;0.68;ND;NA;NA;NA;
20;0;0.87;0.2;1.04;NA;1.6;0.77;ND;0.65;ND;NA;NA;NA;
20;1;0.52;ND;0.95;NA;1.64;0.85;ND;0.76;ND;NA;NA;NA;
20;2;0.59;0.03;0.34;NA;1.72;0.52;ND;0.7;ND;NA;NA;NA;
20;3;0.43;0.23;0.33;NA;1.03;0.57;ND;0.71;ND;NA;NA;NA;
20;4;0.65;0.32;0.45;NA;1.64;0.65;ND;0.81;ND;NA;NA;NA;
20;5;0.67;0.42;0.51;NA;2.23;0.48;ND;0.73;ND;NA;NA;NA;
20;6;0.77;0.69;1.07;NA;4.05;1.28;ND;0.99;ND;NA;NA;NA;
20;7;2.46;1.21;2.4;NA;4.49;2.61;ND;1.25;ND;NA;NA;NA;
20;8;3.64;1.83;5.57;NA;4.21;4.22;ND;1.35;ND;NA;NA;NA;
20;9;3.33;3.04;8.52;NA;3.08;2.67;ND;1.48;ND;NA;NA;NA;
20;10;3.12;1.76;5.97;NA;5.57;4.19;ND;1.79;ND;NA;NA;NA;
20;11;1.29;0.71;3.39;NA;4.82;3.86;ND;3.09;ND;NA;NA;NA;
20;12;0.77;0.59;2.54;NA;3.17;2.32;ND;4.92;ND;NA;NA;NA;
20;13;0.82;0.49;1.5;NA;1.95;1.21;ND;1.15;ND;NA;NA;NA;
20;14;0.57;0.62;1.26;NA;2;1.17;ND;1.11;ND;NA;NA;NA;
20;15;0.74;0.33;2.16;NA;ND;1.13;ND;0.91;ND;NA;NA;NA;
20;16;0.6;0.2;2.69;NA;ND;1.14;ND;0.73;ND;NA;NA;NA;
20;17;0.74;0.39;2.61;NA;0.42;1.14;ND;0.72;ND;NA;NA;NA;
20;18;0.6;0.62;2.27;NA;0.39;1.4;ND;0.92;ND;NA;NA;NA;
20;19;0.67;0.76;2.1;NA;1.26;1.51;ND;0.67;ND;NA;NA;NA;
20;20;0.97;1.27;2.67;NA;0.82;1.35;ND;0.88;ND;NA;NA;NA;
20;21;0.8;0.53;1.72;NA;1.17;1.39;ND;0.62;ND;NA;NA;NA;
20;22;1.02;0.93;2.01;NA;1.63;1.57;ND;0.87;ND;NA;NA;NA;
20;23;0.94;0.85;1.74;NA;7.88;1.45;ND;0.74;ND;NA;NA;NA;
21;0;0.94;0.9;1.57;NA;6.78;2.39;ND;0.56;ND;NA;NA;NA;
21;1;ND;4.1;ND;NA;ND;ND;ND;0.64;ND;NA;NA;NA;
21;2;1.04;1.34;1.64;NA;6.02;4.61;ND;0.67;ND;NA;NA;NA;
21;3;1.1;1.01;5.2;NA;5.64;6.09;ND;2.6;ND;NA;NA;NA;
21;4;1.14;0.77;9.62;NA;7.69;5.93;ND;2.42;ND;NA;NA;NA;
21;5;1.53;1.79;25.68;NA;8.45;4.68;ND;1.35;ND;NA;NA;NA;
21;6;1.94;1.73;17.46;NA;29.46;11.88;ND;2;ND;NA;NA;NA;
21;7;3.34;1.93;9.7;NA;21.13;11.11;ND;6.7;ND;NA;NA;NA;
21;8;3.57;2.88;9.35;NA;5.62;8.41;ND;13.67;ND;NA;NA;NA;
21;9;4.14;2.9;5.09;NA;4.66;ND;ND;6.5;ND;NA;NA;NA;
21;10;2.17;1.29;5.68;NA;6.42;9.54;ND;5.12;ND;NA;NA;NA;
21;11;0.9;ND;2.11;NA;3.76;3.91;ND;2.33;ND;NA;NA;NA;
21;12;0.9;ND;1.33;NA;1.67;3;ND;1.35;ND;NA;NA;NA;
21;13;0.78;ND;1.76;NA;0.76;ND;ND;1.43;ND;NA;NA;NA;
21;14;0.8;ND;1.22;NA;0.45;ND;ND;1.17;ND;NA;NA;NA;
21;15;0.77;1.31;1.45;NA;0.32;1.27;ND;1.14;ND;NA;NA;NA;
21;16;0.61;1.38;2.69;NA;0.39;1.17;ND;0.81;ND;NA;NA;NA;
21;17;0.54;1.52;2.7;NA;0.25;1.14;ND;0.9;ND;NA;NA;NA;
21;18;0.78;1.51;2.43;NA;0.19;1.52;ND;0.74;ND;NA;NA;NA;
21;19;0.84;1.69;2.43;NA;0.28;1.68;ND;0.88;ND;NA;NA;NA;
21;20;1.09;1.83;1.87;NA;0.12;1.5;ND;0.88;ND;NA;NA;NA;
21;21;3.12;1.91;1.65;NA;0.02;1.31;ND;0.73;ND;NA;NA;NA;
21;22;1.99;1.92;1.54;NA;0.06;1.06;ND;1.03;ND;NA;NA;NA;
21;23;2.04;2.1;1.15;NA;0.1;1.04;ND;1.79;ND;NA;NA;NA;
22;0;1.48;2.85;0.87;NA;0.1;0.81;ND;2.06;ND;NA;NA;NA;
22;1;1.19;ND;0.9;NA;0;0.83;ND;0.97;ND;NA;NA;NA;
22;2;1.24;2.29;0.8;NA;0.1;0.6;ND;0.65;ND;NA;NA;NA;
22;3;1.06;2.25;0.73;NA;0.74;0.57;ND;0.68;ND;NA;NA;NA;
22;4;2.6;1.89;0.71;NA;0.66;0.7;ND;1.03;ND;NA;NA;NA;
22;5;3.22;2.08;1.06;NA;1.7;1.01;ND;4.87;ND;NA;NA;NA;
22;6;2.21;2.61;2.29;NA;8.07;2.99;ND;4.68;ND;NA;NA;NA;
22;7;2.29;2.51;5.87;NA;20.68;13.86;ND;6.25;ND;NA;NA;NA;
22;8;3.37;2.51;7.05;NA;9.09;9.08;ND;13.38;ND;NA;NA;NA;
22;9;1.95;2.24;10.48;NA;2.62;9.41;ND;6.35;ND;NA;NA;NA;
22;10;0.96;2.31;2.88;NA;6.64;4.64;ND;3.77;ND;NA;NA;NA;
22;11;0.86;ND;2.66;NA;3.01;3;ND;1.73;ND;NA;NA;NA;
22;12;0.74;ND;2.1;NA;0.8;2.3;ND;1.12;ND;NA;NA;NA;
22;13;0.75;0.96;2;NA;0.66;1.45;ND;1.07;ND;NA;NA;NA;
22;14;0.6;0.68;2.6;NA;0.36;1.47;ND;1.01;ND;NA;NA;NA;
22;15;0.53;0.49;2.45;NA;0.61;1.49;ND;2.32;ND;NA;NA;NA;
22;16;0.87;0.91;2.21;NA;0.34;1.43;ND;1.21;ND;NA;NA;NA;
22;17;1.71;1.89;3.53;NA;0.89;2.2;ND;1.13;ND;NA;NA;NA;
22;18;2.14;1.66;2.28;NA;0.78;1.57;ND;1.79;ND;NA;NA;NA;
22;19;1.92;3.86;2.49;NA;0.67;1.58;ND;1.53;ND;NA;NA;NA;
22;20;2.43;2.66;2.11;NA;0.8;1.14;ND;4.32;ND;NA;NA;NA;
22;21;2.42;2.22;2.1;NA;2.53;2.8;ND;1.98;ND;NA;NA;NA;
22;22;2.4;1.74;2.39;NA;1.54;3.45;ND;1.96;ND;NA;NA;NA;
22;23;2.39;2.25;2.84;NA;1.85;3.48;ND;2.05;ND;NA;NA;NA;
23;0;2.72;6.2;3.33;NA;2.71;4.05;ND;3.53;ND;NA;NA;NA;
23;1;ND;5.85;2.26;NA;ND;ND;ND;2.43;ND;NA;NA;NA;
23;2;2.98;5.7;2.76;NA;2.1;2.72;ND;3.9;ND;NA;NA;NA;
23;3;3.25;17.75;2.32;NA;1.74;1.86;ND;2.78;ND;NA;NA;NA;
23;4;4.43;27.87;2.58;NA;1.31;2.15;ND;3.13;ND;NA;NA;NA;
23;5;3.39;10.36;3.28;NA;1.3;3.07;ND;3.96;ND;NA;NA;NA;
23;6;3.6;4.82;6.78;NA;2.68;4.44;ND;3.15;ND;NA;NA;NA;
23;7;3.31;4.42;11.97;NA;3.83;7.62;ND;5.44;ND;NA;NA;NA;
23;8;2.85;4.66;7.38;NA;10.78;7.11;ND;21.85;ND;NA;NA;NA;
23;9;4.77;4.49;5.32;NA;7.3;5.81;ND;7.71;ND;NA;NA;NA;
23;10;4.01;3.87;5.5;NA;11.88;5.33;ND;0.74;ND;NA;NA;NA;
23;11;2.02;2.26;3.6;NA;3.86;3.61;ND;0;ND;NA;NA;NA;
23;12;1.05;1.6;2.11;NA;1.65;2.23;ND;0;ND;NA;NA;NA;
23;13;0.95;1.54;1.66;NA;0.73;1.62;ND;0;ND;NA;NA;NA;
23;14;0.82;1.31;1.72;NA;0.57;1.32;ND;0;ND;NA;NA;NA;
23;15;0.81;1.25;1.87;NA;0.42;1.38;ND;0;ND;NA;NA;NA;
23;16;0.93;1.04;2.18;NA;0.01;1.4;ND;0;ND;NA;NA;NA;
23;17;1.47;1.27;2.64;NA;0.13;1.71;ND;0;ND;NA;NA;NA;
23;18;1.38;1.4;3.09;NA;0.78;2.21;ND;0.86;ND;NA;NA;NA;
23;19;1.59;1.52;2.52;NA;0.88;2.75;ND;1.18;ND;NA;NA;NA;
23;20;1.51;1.75;1.77;NA;1.73;1.75;ND;1.11;ND;NA;NA;NA;
23;21;1.09;1.85;1.89;NA;2.48;1.87;ND;1.41;ND;NA;NA;NA;
23;22;1.43;1.72;1.92;NA;0.92;1.54;ND;0.84;ND;NA;NA;NA;
23;23;1.35;1.27;3.25;NA;7.36;7.66;ND;0.79;ND;NA;NA;NA;
24;0;1.31;1.23;6.81;NA;13.66;14.06;ND;0.68;ND;NA;NA;NA;
24;1;1.12;ND;5.32;NA;7.96;13.08;ND;0.45;ND;NA;NA;NA;
24;2;1.05;1.56;1.95;NA;10.77;8.24;ND;0.45;ND;NA;NA;NA;
24;3;1.07;1.07;1.78;NA;6.4;4.92;ND;0.56;ND;NA;NA;NA;
24;4;1.14;1.17;1.68;NA;1.5;2.62;ND;0.59;ND;NA;NA;NA;
24;5;1;1.27;1.67;NA;2.65;2.4;ND;0.68;ND;NA;NA;NA;
24;6;1.14;1.69;4.75;NA;3.5;3.43;ND;1.13;ND;NA;NA;NA;
24;7;1.69;3.43;16.01;NA;12.45;7.89;ND;10.54;ND;NA;NA;NA;
24;8;2.47;12.1;13.34;NA;12.65;9.09;ND;20.04;ND;NA;NA;NA;
24;9;9.58;7.42;10.89;NA;10.91;9.36;ND;4.39;ND;NA;NA;NA;
24;10;4.18;3.41;9.05;NA;10.24;7.86;ND;0;ND;NA;NA;NA;
24;11;1.42;1.73;3.22;NA;5.11;5.51;ND;ND;ND;NA;NA;NA;
24;12;1.01;1.2;1.73;NA;2.16;2.89;ND;ND;ND;NA;NA;NA;
24;13;0.79;1.05;1.66;NA;0.54;1.9;ND;ND;ND;NA;NA;NA;
24;14;0.7;0.87;1.49;NA;0.49;1.39;ND;ND;ND;NA;NA;NA;
24;15;0.73;0.69;2.53;NA;0.27;1.32;ND;ND;ND;NA;NA;NA;
24;16;0.83;0.81;2.55;NA;0.54;1.49;ND;ND;ND;NA;NA;NA;
24;17;0.73;0.88;2.36;NA;0.18;1.7;ND;ND;ND;NA;NA;NA;
24;18;0.78;1;2.04;NA;0.43;1.74;ND;ND;ND;NA;NA;NA;
24;19;0.87;1.17;1.86;NA;0.38;1.3;ND;ND;ND;NA;NA;NA;
24;20;0.92;1.08;1.54;NA;0.22;1.54;ND;ND;ND;NA;NA;NA;
24;21;1.19;1.13;1.27;NA;0.43;3.82;ND;ND;ND;NA;NA;NA;
24;22;0.97;1.28;1.7;NA;0.63;2.58;ND;ND;ND;NA;NA;NA;
24;23;0.66;1.92;10.44;NA;3.09;8.21;ND;ND;ND;NA;NA;NA;
25;0;1.72;2.19;8.96;NA;6.02;8.99;ND;ND;ND;NA;NA;NA;
25;1;ND;2.23;7.06;NA;ND;ND;ND;ND;ND;NA;NA;NA;
25;2;3.04;3.21;4.35;NA;3.14;3.36;ND;ND;ND;NA;NA;NA;
25;3;5.31;5.38;4.01;NA;34.78;3.31;ND;ND;ND;NA;NA;NA;
25;4;1.56;3.94;3.49;NA;14.05;7.48;ND;ND;ND;NA;NA;NA;
25;5;2.01;3.4;3.7;NA;6.35;6.19;ND;ND;ND;NA;NA;NA;
25;6;3.54;3.36;5.52;NA;10.53;8.06;ND;ND;ND;NA;NA;NA;
25;7;3.49;2.77;18.59;NA;9.41;12.33;ND;ND;ND;NA;NA;NA;
25;8;6.37;3.85;19.55;NA;7.66;12.38;ND;ND;ND;NA;NA;NA;
25;9;9.44;3.48;11.76;NA;13.54;8.31;ND;ND;ND;NA;NA;NA;
25;10;10.71;5.58;19.87;NA;14.87;6.97;ND;ND;ND;NA;NA;NA;
25;11;8.85;5.22;14.84;NA;7.34;7.58;ND;ND;ND;NA;NA;NA;
25;12;3.35;ND;10.1;NA;6.35;7.98;ND;ND;ND;NA;NA;NA;
25;13;1.69;ND;4.24;NA;5.09;5.65;ND;ND;ND;NA;NA;NA;
25;14;1.5;ND;3.8;NA;2.15;3.86;ND;ND;ND;NA;NA;NA;
25;15;1.27;1.63;3.88;NA;1.78;2.8;ND;ND;ND;NA;NA;NA;
25;16;1.19;2.03;3.65;NA;1.73;2.92;ND;ND;ND;NA;NA;NA;
25;17;1.01;1.45;3.62;NA;1.63;3.23;ND;ND;ND;NA;NA;NA;
25;18;1.04;1.65;4.34;NA;2.28;3.53;ND;ND;ND;NA;NA;NA;
25;19;1.74;2.04;3.77;NA;4.19;3.34;ND;ND;ND;NA;NA;NA;
25;20;1.92;2.16;3.97;NA;3.53;3.68;ND;ND;ND;NA;NA;NA;
25;21;3.89;2.49;3.75;NA;3.31;4.21;ND;ND;ND;NA;NA;NA;
25;22;4.58;2.37;4.63;NA;10.61;4.24;ND;ND;ND;NA;NA;NA;
25;23;4.29;5.95;4.77;NA;10.39;3.03;ND;ND;ND;NA;NA;NA;
26;0;4.59;5.85;4.75;NA;6.5;3.23;ND;ND;ND;NA;NA;NA;
26;1;6.53;3.51;7.71;NA;6.37;5.78;ND;ND;ND;NA;NA;NA;
26;2;6.05;3.41;10.21;NA;6.97;6.73;ND;ND;ND;NA;NA;NA;
26;3;5.51;3.52;36.67;NA;12.28;16.16;ND;ND;ND;NA;NA;NA;
26;4;5;5.25;41.53;NA;10.64;20.71;ND;ND;ND;NA;NA;NA;
26;5;7.02;8.59;22.63;NA;11.9;9.88;ND;ND;ND;NA;NA;NA;
26;6;8.22;5.28;12.25;NA;14.35;9.8;ND;ND;ND;NA;NA;NA;
26;7;10.47;4.31;16.93;NA;21.75;18.5;ND;ND;ND;NA;NA;NA;
26;8;11.93;4.88;17.85;NA;18.5;18.1;ND;ND;ND;NA;NA;NA;
26;9;9.09;6.39;15.15;NA;10.08;9.83;ND;ND;ND;NA;NA;NA;
26;10;6.16;4.82;15.66;NA;6.02;9.08;ND;ND;ND;NA;NA;NA;
26;11;4.15;3.02;10.15;NA;ND;11.15;ND;ND;ND;NA;NA;NA;
26;12;1.93;2.33;6.61;NA;ND;7.09;ND;ND;ND;NA;NA;NA;
26;13;1.37;1.48;4.56;NA;1.41;3.95;ND;ND;ND;NA;NA;NA;
26;14;1.29;1.24;4.2;NA;1.05;2.58;ND;ND;ND;NA;NA;NA;
26;15;1.22;1.38;4.05;NA;1.63;2.97;ND;ND;ND;NA;NA;NA;
26;16;1.04;1.45;5.19;NA;2.08;4;ND;ND;ND;NA;NA;NA;
26;17;1.14;1.48;5.66;NA;2.1;3.95;ND;ND;ND;NA;NA;NA;
26;18;1.65;1.9;4.8;NA;4.17;4.13;ND;ND;ND;NA;NA;NA;
26;19;3.22;1.67;5.23;NA;4.12;3.96;ND;ND;ND;NA;NA;NA;
26;20;2;1.56;5.85;NA;7.8;4.36;ND;ND;ND;NA;NA;NA;
26;21;2.08;1.61;5.75;NA;9.49;4.01;ND;ND;ND;NA;NA;NA;
26;22;3.53;1.82;4.82;NA;28.57;5.57;ND;ND;ND;NA;NA;NA;
26;23;2.78;2.25;4.37;NA;5.57;4.06;ND;ND;ND;NA;NA;NA;
27;0;2.06;2.83;7.23;NA;4.49;4.17;ND;ND;ND;NA;NA;NA;
27;1;ND;2.18;6.21;NA;ND;ND;ND;ND;ND;NA;NA;NA;
27;2;2.08;1.95;7.26;NA;12.67;8.14;ND;ND;ND;NA;NA;NA;
27;3;1.53;2.11;6.89;NA;7.14;9.45;ND;ND;ND;NA;NA;NA;
27;4;2.18;3.79;12.55;NA;4.49;3.81;ND;ND;ND;NA;NA;NA;
27;5;3.65;3.33;7.98;NA;4.54;4.79;ND;ND;ND;NA;NA;NA;
27;6;5.29;4.24;9.39;NA;8.8;6.06;ND;ND;ND;NA;NA;NA;
27;7;5.79;4.68;11.78;NA;7.57;9.19;ND;ND;ND;NA;NA;NA;
27;8;5.29;4.28;8.85;NA;6.34;7.24;ND;ND;ND;NA;NA;NA;
27;9;5.18;3.41;7.69;NA;8.61;5.77;ND;ND;ND;NA;NA;NA;
27;10;3.97;2.2;6.53;NA;7.88;4.59;ND;ND;ND;NA;NA;NA;
27;11;1.72;1.65;ND;NA;7.31;3.74;ND;ND;ND;NA;NA;NA;
27;12;1.28;1.38;3.84;NA;2.66;2.97;ND;ND;ND;NA;NA;NA;
27;13;1.11;0.94;4.43;NA;1.68;1.96;ND;0.97;ND;NA;NA;NA;
27;14;1.06;0.62;4.5;NA;1.19;2.25;ND;1.3;ND;NA;NA;NA;
27;15;1.03;1.05;4.13;NA;1.02;1.57;ND;0.92;ND;NA;NA;NA;
27;16;1.09;0.68;5.55;NA;0.93;1.33;ND;1.08;ND;NA;NA;NA;
27;17;1.74;0.96;5.51;NA;0.47;1.7;ND;1.82;ND;NA;NA;NA;
27;18;2.39;0.88;3.77;NA;1.01;2.29;ND;0.67;ND;NA;NA;NA;
27;19;3.44;1.13;3.16;NA;2.69;1.95;ND;0.85;ND;NA;NA;NA;
27;20;2.48;1.15;3.24;NA;3.78;2.08;ND;0.34;ND;NA;NA;NA;
27;21;2.13;1.53;3.3;NA;4.16;2.27;ND;0.32;ND;NA;NA;NA;
27;22;3.7;1.24;3.13;NA;3.48;2.04;ND;0.29;ND;NA;NA;NA;
27;23;2.56;2.09;3.28;NA;2.58;2.53;ND;0.28;ND;NA;NA;NA;
28;0;2.9;2.03;3.3;NA;1.27;2.14;ND;0.49;ND;NA;NA;NA;
28;1;2.19;1.88;ND;NA;1.23;2.05;ND;0.4;ND;NA;NA;NA;
28;2;2.58;2.01;14.52;NA;2.25;7.76;ND;0.4;ND;NA;NA;NA;
28;3;2.74;4.59;14.49;NA;3.71;10.49;ND;0.56;ND;NA;NA;NA;
28;4;4.47;8.19;13.93;NA;5.93;7.25;ND;0.81;ND;NA;NA;NA;
28;5;7.93;4.34;11.3;NA;7.56;8.82;ND;1.03;ND;NA;NA;NA;
28;6;10.25;6.71;12.43;NA;11.61;10.74;ND;1.26;ND;NA;NA;NA;
28;7;10.02;19.04;14.09;NA;13.68;13.33;ND;10.1;ND;NA;NA;NA;
28;8;14.73;7.57;9.83;NA;5.33;8.95;ND;21.86;ND;NA;NA;NA;
28;9;9.9;4.24;8.41;NA;3.18;5.11;ND;10.56;ND;NA;NA;NA;
28;10;2.46;3.44;11.48;NA;5.47;7.7;ND;5.46;ND;NA;NA;NA;
28;11;ND;2.37;5.71;NA;4.74;ND;ND;3.32;ND;NA;NA;NA;
28;12;0.98;1.45;2.36;NA;1.42;ND;ND;1.65;ND;NA;NA;NA;
28;13;1.11;1.36;2.67;NA;0.95;2.57;ND;1.07;ND;NA;NA;NA;
28;14;0.91;0.93;3.94;NA;0.44;1.74;ND;0.92;ND;NA;NA;NA;
28;15;0.88;0.99;3.27;NA;0.32;1.56;ND;0.92;ND;NA;NA;NA;
28;16;0.8;1.01;2.82;NA;0.4;1.63;ND;0.56;ND;NA;NA;NA;
28;17;1.02;1.02;3.77;NA;0.61;1.69;ND;0.67;ND;NA;NA;NA;
28;18;1.29;1.26;4.03;NA;0.57;2.01;ND;0.74;ND;NA;NA;NA;
28;19;1.66;1.12;3.66;NA;1.49;2.63;ND;0.68;ND;NA;NA;NA;
28;20;1.71;1.25;3.27;NA;3.23;2.26;ND;0.46;ND;NA;NA;NA;
28;21;1.44;1.2;2.97;NA;2.5;2.19;ND;0.57;ND;NA;NA;NA;
28;22;1.94;1.43;3.66;NA;1.96;2.43;ND;0.71;ND;NA;NA;NA;
28;23;1.92;1.86;3.42;NA;8.75;3.42;ND;0.52;ND;NA;NA;NA;
29;0;2;1.97;2.78;NA;5.07;3.22;ND;0.59;ND;NA;NA;NA;
29;1;ND;2.48;ND;NA;ND;ND;ND;0.78;ND;NA;NA;NA;
29;2;1.81;2.15;8.66;NA;3.31;4.34;ND;0.71;ND;NA;NA;NA;
29;3;2.15;3.8;6.94;NA;2.84;4.35;ND;0.72;ND;NA;NA;NA;
29;4;2.34;4.02;10.85;NA;2.83;3.39;ND;0.68;ND;NA;NA;NA;
29;5;2.09;11.43;10.64;NA;13.22;4.86;ND;0.99;ND;NA;NA;NA;
29;6;2.82;15.13;9.4;NA;23.05;6.92;ND;1.87;ND;NA;NA;NA;
29;7;4.68;11.3;7.71;NA;3.94;7.83;ND;8.49;ND;NA;NA;NA;
29;8;7.69;8.66;9.98;NA;3.74;5.76;ND;6.52;ND;NA;NA;NA;
29;9;7.81;6.49;13.54;NA;3.93;5.64;ND;3.59;ND;NA;NA;NA;
29;10;6.17;4.4;10.73;NA;8;6.36;ND;2.23;ND;NA;NA;NA;
29;11;3.31;3.03;6.82;NA;6.42;6.15;ND;2.25;ND;NA;NA;NA;
29;12;2.48;1.9;4.51;NA;1.06;3.01;ND;1.25;ND;NA;NA;NA;
29;13;2.24;1.64;4.59;NA;0.9;1.62;ND;1.03;ND;NA;NA;NA;
29;14;1.94;1.23;3.01;NA;0.68;1.37;ND;1.06;ND;NA;NA;NA;
29;15;1.72;0.96;3.15;NA;0.29;1.38;ND;0.97;ND;NA;NA;NA;
29;16;1.98;1.16;3.24;NA;0.29;1.39;ND;0.63;ND;NA;NA;NA;
29;17;2.65;1.13;5;NA;0.72;1.27;ND;0.59;ND;NA;NA;NA;
29;18;3.61;1.15;4.04;NA;1;2.13;ND;0.6;ND;NA;NA;NA;
29;19;2.63;1.16;4.06;NA;1.59;2.16;ND;0.68;ND;NA;NA;NA;
29;20;3.2;2.64;4.78;NA;2.42;2.48;ND;0.83;ND;NA;NA;NA;
29;21;3.01;3.19;4.54;NA;2.42;3.25;ND;0.55;ND;NA;NA;NA;
29;22;3.28;2.13;6.2;NA;6.18;7.67;ND;0.48;ND;NA;NA;NA;
29;23;4.1;2.56;4.9;NA;10.57;12.89;ND;0.5;ND;NA;NA;NA;
30;0;3.11;1.61;5.24;NA;12.01;8.75;ND;0.41;ND;NA;NA;NA;
30;1;2.55;1.73;3.32;NA;4.14;3.33;ND;0.64;ND;NA;NA;NA;
30;2;2.5;1.57;3.07;NA;2.31;2.38;ND;0.5;ND;NA;NA;NA;
30;3;2.61;4.34;7;NA;2.45;3.57;ND;0.76;ND;NA;NA;NA;
30;4;4.65;8.7;7.28;NA;12.79;4.18;ND;0.92;ND;NA;NA;NA;
30;5;5.86;28.64;6.14;NA;38.77;7.92;ND;1.16;ND;NA;NA;NA;
30;6;5.54;25.14;6.75;NA;68.81;13.06;ND;2.2;ND;NA;NA;NA;
30;7;8.06;13.71;9.74;NA;51.57;13.61;ND;8.72;ND;NA;NA;NA;
30;8;15.11;13.72;14.13;NA;26.88;19.04;ND;15.13;ND;NA;NA;NA;
30;9;14.43;9.15;14.26;NA;17.98;17.55;ND;11.56;ND;NA;NA;NA;
30;10;9.03;8.11;13.67;NA;7.55;11.1;ND;7.28;ND;NA;NA;NA;
30;11;5.18;3.76;8.24;NA;6.33;8.24;ND;2.9;ND;NA;NA;NA;
30;12;2.68;2.55;4.58;NA;4.87;5.2;ND;2.39;ND;NA;NA;NA;
30;13;2.63;1.86;4.37;NA;2.24;4.18;ND;2.29;ND;NA;NA;NA;
30;14;2.5;1.72;4.97;NA;1.1;2.05;ND;7.42;ND;NA;NA;NA;
30;15;2.27;1.33;3.95;NA;0.84;2.05;ND;2.27;ND;NA;NA;NA;
30;16;2.33;1.24;3.48;NA;0.68;2.14;ND;0.88;ND;NA;NA;NA;
30;17;2.58;1.36;5.14;NA;0.98;2.31;ND;0.57;ND;NA;NA;NA;
30;18;2.61;1.27;3.89;NA;1.17;2.54;ND;0.75;ND;NA;NA;NA;
30;19;2.77;1.49;3.49;NA;0.99;3.02;ND;0.81;ND;NA;NA;NA;
30;20;2.79;1.71;3.03;NA;1.68;2.68;ND;0.54;ND;NA;NA;NA;
30;21;2.56;1.68;2.67;NA;2.16;1.91;ND;0.28;ND;NA;NA;NA;
30;22;ND;1.63;3.42;NA;1.94;2.15;ND;0.81;ND;NA;NA;NA;
30;23;3.02;1.32;4.12;NA;1.84;3.05;ND;1.02;ND;NA;NA;NA;
31;0;2.94;1.56;8.33;NA;3.76;3.08;ND;1.08;ND;NA;NA;NA;
31;1;3.14;2.42;ND;NA;ND;3.25;ND;1.08;ND;NA;NA;NA;
31;2;2.98;2.97;6.71;NA;27.6;11.44;ND;1.04;ND;NA;NA;NA;
31;3;2.8;6.14;8.02;NA;49.22;12.8;ND;1.27;ND;NA;NA;NA;
31;4;2.77;25.95;7.45;NA;38.92;7.95;ND;1.26;ND;NA;NA;NA;
31;5;2.78;15.87;6.78;NA;33.8;6.95;ND;1.52;ND;NA;NA;NA;
31;6;3.73;10.34;8.38;NA;33.87;5.8;ND;2.28;ND;NA;NA;NA;
31;7;7.14;8.12;17.55;NA;45.81;24.98;ND;6.69;ND;NA;NA;NA;
31;8;8.4;6.23;21.16;NA;18.17;16.52;ND;19.45;ND;NA;NA;NA;
31;9;5.25;6.44;7.1;NA;8.88;7.89;ND;8.03;ND;NA;NA;NA;
31;10;4.25;3.83;4.76;NA;3.81;4.34;ND;2.79;ND;NA;NA;NA;
31;11;2.91;3.3;4.95;NA;2.5;3.07;ND;2.19;ND;NA;NA;NA;
31;12;2.33;1.89;4.02;NA;1.91;3.23;ND;1.69;ND;NA;NA;NA;
31;13;2.17;1.47;3.27;NA;1.52;3.15;ND;0.89;ND;NA;NA;NA;
31;14;2.14;1.46;3.39;NA;1.42;3.05;ND;0.85;ND;NA;NA;NA;
31;15;1.93;1.3;3.16;NA;0.76;2.69;ND;0.71;ND;NA;NA;NA;
31;16;2.26;1.24;2.83;NA;1.02;2.56;ND;0.81;ND;NA;NA;NA;
31;17;2.14;1.21;3.32;NA;0.75;2.53;ND;0.58;ND;NA;NA;NA;
31;18;2.19;1.23;3.07;NA;1.24;2.58;ND;0.72;ND;NA;NA;NA;
31;19;2.27;1.26;3.65;NA;1.84;2.65;ND;0.56;ND;NA;NA;NA;
31;20;2.55;1.37;2.46;NA;2.01;3.02;ND;0.52;ND;NA;NA;NA;
31;21;2.53;1.18;3.22;NA;5.55;6.74;ND;0.51;ND;NA;NA;NA;
31;22;2.79;1.77;4.17;NA;6.28;7.01;ND;0.33;ND;NA;NA;NA;
31;23;2.47;2.04;4.39;NA;4.96;8.26;ND;0.62;ND;NA;NA;NA;
