DIA;HORA;Cotocollao;Carapungo;Belisario;Jipijapa;El Camal;Centro;Guamaní;Tumbaco;Los Chillos;El Condado;Turubamba;Chillogallo;
1;0;0.38;0.21;0.47;NA;0.44;0.42;ND;NA;ND;NA;NA;NA;
1;1;0.31;0.13;0.49;NA;0.33;0.31;0.31;NA;ND;NA;NA;NA;
1;2;0.29;0.13;0.49;NA;0.24;0.28;0.24;NA;ND;NA;NA;NA;
1;3;0.31;0.16;0.47;NA;0.23;0.28;0.24;NA;ND;NA;NA;NA;
1;4;0.31;0.16;0.48;NA;0.26;0.29;0.3;NA;ND;NA;NA;NA;
1;5;0.36;0.18;0.61;NA;0.32;0.39;0.44;NA;ND;NA;NA;NA;
1;6;0.52;0.23;0.61;NA;0.63;0.48;0.42;NA;ND;NA;NA;NA;
1;7;0.54;0.59;0.88;NA;0.66;0.68;0.62;NA;ND;NA;NA;NA;
1;8;0.73;0.44;1.06;NA;0.84;0.83;0.54;NA;ND;NA;NA;NA;
1;9;0.51;0.39;0.9;NA;1.03;0.96;0.59;NA;ND;NA;NA;NA;
1;10;0.57;0.45;0.87;NA;0.72;0.79;0.87;NA;ND;NA;NA;NA;
1;11;0.62;0.48;0.81;NA;0.75;0.69;0.59;NA;ND;NA;NA;NA;
1;12;0.63;0.37;1.22;NA;0.92;0.74;0.71;NA;ND;NA;NA;NA;
1;13;0.5;0.43;1;NA;0.85;0.72;0.44;NA;ND;NA;NA;NA;
1;14;0.34;0.28;0.68;NA;0.71;0.68;0.5;NA;ND;NA;NA;NA;
1;15;0.36;0.24;0.69;NA;0.64;0.62;0.57;NA;ND;NA;NA;NA;
1;16;0.49;0.28;0.9;NA;0.68;0.6;0.52;NA;ND;NA;NA;NA;
1;17;0.63;0.29;0.93;NA;0.68;0.58;0.49;NA;ND;NA;NA;NA;
1;18;0.7;0.32;0.99;NA;0.93;0.74;0.54;NA;ND;NA;NA;NA;
1;19;0.79;0.49;1.01;NA;1;0.77;0.56;NA;ND;NA;NA;NA;
1;20;0.65;0.5;1.31;NA;1.13;0.68;0.58;NA;ND;NA;NA;NA;
1;21;0.61;0.4;1.27;NA;0.89;0.85;0.86;NA;ND;NA;NA;NA;
1;22;0.56;0.51;0.88;NA;0.51;0.71;0.5;NA;ND;NA;NA;NA;
1;23;0.52;0.47;0.66;NA;0.44;0.73;0.34;NA;ND;NA;NA;NA;
2;0;ND;0.4;ND;NA;ND;ND;0.29;NA;ND;NA;NA;NA;
2;1;0.69;0.41;0.51;NA;0.33;0.34;0.27;NA;ND;NA;NA;NA;
2;2;0.69;0.26;0.55;NA;0.3;0.38;0.29;NA;ND;NA;NA;NA;
2;3;0.68;0.19;0.58;NA;0.33;0.35;0.35;NA;ND;NA;NA;NA;
2;4;0.55;0.23;0.64;NA;0.39;0.4;0.35;NA;ND;NA;NA;NA;
2;5;0.52;0.3;0.65;NA;0.54;0.61;0.47;NA;ND;NA;NA;NA;
2;6;0.56;0.57;0.83;NA;0.86;0.9;0.89;NA;ND;NA;NA;NA;
2;7;0.73;0.54;1.01;NA;0.92;0.96;0.58;NA;ND;NA;NA;NA;
2;8;0.62;0.46;0.92;NA;0.7;0.73;0.49;NA;ND;NA;NA;NA;
2;9;0.59;0.38;0.85;NA;0.49;0.56;0.35;NA;ND;NA;NA;NA;
2;10;0.51;0.39;0.87;NA;0.53;0.42;0.28;NA;ND;NA;NA;NA;
2;11;0.47;0.37;0.79;NA;0.76;0.64;0.44;NA;ND;NA;NA;NA;
2;12;0.39;0.32;0.61;NA;0.71;0.54;0.57;NA;ND;NA;NA;NA;
2;13;0.38;0.33;0.65;NA;0.57;0.47;0.46;NA;ND;NA;NA;NA;
2;14;0.39;0.29;0.61;NA;0.56;0.56;0.4;NA;ND;NA;NA;NA;
2;15;0.38;0.29;0.7;NA;0.58;0.69;0.44;NA;ND;NA;NA;NA;
2;16;0.42;0.35;0.8;NA;0.57;0.51;0.46;NA;ND;NA;NA;NA;
2;17;0.55;0.27;0.81;NA;0.52;0.62;0.61;NA;ND;NA;NA;NA;
2;18;0.63;0.43;0.78;NA;0.7;0.57;0.61;NA;ND;NA;NA;NA;
2;19;0.73;0.36;0.81;NA;0.97;0.49;0.59;NA;ND;NA;NA;NA;
2;20;0.77;0.43;0.76;NA;0.75;0.48;0.57;NA;ND;NA;NA;NA;
2;21;0.91;0.45;0.67;NA;0.64;0.55;0.4;NA;ND;NA;NA;NA;
2;22;0.86;0.38;0.59;NA;0.7;0.78;0.43;NA;ND;NA;NA;NA;
2;23;0.42;0.35;0.6;NA;0.67;0.66;0.37;NA;ND;NA;NA;NA;
3;0;0.47;0.34;0.64;NA;0.52;0.56;ND;NA;ND;NA;NA;NA;
3;1;0.68;0.28;0.7;NA;0.38;0.46;0.55;NA;ND;NA;NA;NA;
3;2;0.59;0.22;0.59;NA;0.21;0.46;0.56;NA;ND;NA;NA;NA;
3;3;0.49;0.19;0.53;NA;0.27;0.4;0.59;NA;ND;NA;NA;NA;
3;4;0.47;0.2;0.56;NA;0.2;0.4;0.43;NA;ND;NA;NA;NA;
3;5;0.44;0.22;0.57;NA;0.38;0.49;0.6;NA;ND;NA;NA;NA;
3;6;0.5;0.28;0.58;NA;0.7;0.94;0.81;NA;ND;NA;NA;NA;
3;7;0.74;0.47;0.68;NA;0.75;1.01;0.82;NA;ND;NA;NA;NA;
3;8;0.88;0.43;0.95;NA;0.82;0.7;0.53;NA;ND;NA;NA;NA;
3;9;0.86;0.42;0.86;NA;0.86;0.59;0.4;NA;ND;NA;NA;NA;
3;10;0.62;0.35;0.89;NA;0.64;0.52;0.44;NA;ND;NA;NA;NA;
3;11;0.5;0.37;0.85;NA;0.65;0.56;0.59;NA;ND;NA;NA;NA;
3;12;0.4;0.31;0.87;NA;0.8;0.57;0.41;NA;ND;NA;NA;NA;
3;13;0.38;0.31;0.62;NA;0.58;0.53;0.4;NA;ND;NA;NA;NA;
3;14;0.39;0.28;0.8;NA;0.63;0.52;0.45;NA;ND;NA;NA;NA;
3;15;0.39;0.28;0.95;NA;0.5;0.58;0.45;NA;ND;NA;NA;NA;
3;16;0.39;0.25;0.81;NA;0.47;0.61;0.55;NA;ND;NA;NA;NA;
3;17;0.46;0.27;0.85;NA;0.58;0.57;0.59;NA;ND;NA;NA;NA;
3;18;0.58;0.3;0.96;NA;0.79;0.58;0.53;NA;ND;NA;NA;NA;
3;19;0.74;0.36;0.76;NA;0.63;0.54;0.43;NA;ND;NA;NA;NA;
3;20;0.64;0.23;0.73;NA;0.65;0.54;0.39;NA;ND;NA;NA;NA;
3;21;0.63;0.32;0.8;NA;0.48;0.51;0.36;NA;ND;NA;NA;NA;
3;22;0.55;0.39;0.71;NA;0.46;0.46;0.37;NA;ND;NA;NA;NA;
3;23;0.6;0.28;0.63;NA;0.33;0.55;0.31;NA;ND;NA;NA;NA;
4;0;ND;0.26;ND;NA;ND;ND;0.24;NA;ND;NA;NA;NA;
4;1;0.42;0.23;0.61;NA;0.23;0.52;0.23;NA;ND;NA;NA;NA;
4;2;0.36;0.14;0.52;NA;0.19;0.31;0.23;NA;ND;NA;NA;NA;
4;3;0.38;0.16;0.55;NA;0.23;0.32;0.33;NA;ND;NA;NA;NA;
4;4;0.44;0.26;0.57;NA;0.38;0.33;0.3;NA;ND;NA;NA;NA;
4;5;0.69;0.46;0.73;NA;0.72;0.44;0.88;NA;ND;NA;NA;NA;
4;6;1.24;1.17;1;NA;1.74;1.24;1.69;NA;ND;NA;NA;NA;
4;7;1.23;0.91;1.56;NA;1.56;1.73;0.64;NA;ND;NA;NA;NA;
4;8;0.81;0.42;1.17;NA;0.75;1.45;0.28;NA;ND;NA;NA;NA;
4;9;0.81;0.39;1.1;NA;0.65;0.82;0.3;NA;ND;NA;NA;NA;
4;10;0.65;0.33;1.07;NA;0.56;0.65;0.35;NA;ND;NA;NA;NA;
4;11;0.42;0.28;ND;NA;0.51;0.82;0.36;NA;ND;NA;NA;NA;
4;12;0.38;ND;ND;NA;0.53;0.64;0.39;NA;ND;NA;NA;NA;
4;13;0.36;ND;0.71;NA;0.6;0.45;0.36;NA;ND;NA;NA;NA;
4;14;0.37;0.36;0.77;NA;0.56;0.41;0.38;NA;ND;NA;NA;NA;
4;15;0.35;0.34;1.03;NA;0.52;0.41;0.43;NA;ND;NA;NA;NA;
4;16;0.35;0.36;0.93;NA;0.54;0.53;0.43;NA;ND;NA;NA;NA;
4;17;0.59;0.4;1.03;NA;0.55;0.62;0.39;NA;ND;NA;NA;NA;
4;18;0.79;0.47;1.06;NA;0.85;0.62;0.56;NA;ND;NA;NA;NA;
4;19;0.7;0.41;0.96;NA;0.89;0.7;0.45;NA;ND;NA;NA;NA;
4;20;0.68;0.49;0.87;NA;0.75;0.68;0.3;NA;ND;NA;NA;NA;
4;21;0.57;0.47;0.78;NA;0.5;0.58;0.29;NA;ND;NA;NA;NA;
4;22;0.54;0.4;0.87;NA;0.37;0.45;0.31;NA;ND;NA;NA;NA;
4;23;0.56;0.47;0.6;NA;0.24;0.51;0.3;NA;ND;NA;NA;NA;
5;0;0.47;0.45;0.5;NA;0.27;0.63;ND;NA;ND;NA;NA;NA;
5;1;0.59;0.37;0.37;NA;0.22;0.48;0.15;NA;ND;NA;NA;NA;
5;2;0.48;0.35;0.34;NA;0.21;0.33;0.19;NA;ND;NA;NA;NA;
5;3;0.55;0.39;0.37;NA;0.2;0.35;0.24;NA;ND;NA;NA;NA;
5;4;0.37;0.44;0.43;NA;0.27;0.46;0.22;NA;ND;NA;NA;NA;
5;5;0.65;0.68;0.56;NA;0.78;0.76;0.54;NA;ND;NA;NA;NA;
5;6;1.42;2.45;1.17;NA;1.69;1.79;1.49;NA;ND;NA;NA;NA;
5;7;1.1;1.04;1.51;NA;0.99;1.83;0.71;NA;ND;NA;NA;NA;
5;8;0.97;0.74;1.18;NA;0.63;1.29;0.24;NA;ND;NA;NA;NA;
5;9;0.65;0.52;1.16;NA;0.7;0.87;0.27;NA;ND;NA;NA;NA;
5;10;0.49;0.5;0.89;NA;0.8;0.99;0.3;NA;ND;NA;NA;NA;
5;11;0.47;0.39;0.78;NA;0.5;0.72;ND;NA;ND;NA;NA;NA;
5;12;ND;0.44;0.72;NA;0.61;ND;ND;NA;ND;NA;NA;NA;
5;13;ND;0.46;0.64;NA;0.58;0.62;0.6;NA;ND;NA;NA;NA;
5;14;ND;0.45;0.67;NA;0.59;0.56;0.61;NA;ND;NA;NA;NA;
5;15;0.3;0.48;1.04;NA;0.63;0.57;0.54;NA;ND;NA;NA;NA;
5;16;0.34;0.44;1.1;NA;0.54;0.65;0.62;NA;ND;NA;NA;NA;
5;17;0.32;0.45;1.23;NA;0.58;0.74;0.78;NA;ND;NA;NA;NA;
5;18;0.5;0.55;1.19;NA;0.67;0.75;1.01;NA;ND;NA;NA;NA;
5;19;0.67;0.46;1.13;NA;1.06;0.81;0.66;NA;ND;NA;NA;NA;
5;20;1.22;0.63;1.41;NA;1.05;1.22;0.54;NA;ND;NA;NA;NA;
5;21;0.81;0.79;1.25;NA;1.02;1.71;0.57;NA;ND;NA;NA;NA;
5;22;0.7;0.51;1.01;NA;0.86;1.55;0.5;NA;ND;NA;NA;NA;
5;23;0.88;0.49;1.07;NA;0.45;1.48;0.49;NA;ND;NA;NA;NA;
6;0;ND;0.41;ND;NA;ND;ND;0.49;NA;ND;NA;NA;NA;
6;1;0.84;0.45;1.04;NA;0.47;0.97;0.33;NA;ND;NA;NA;NA;
6;2;0.78;0.58;0.86;NA;0.65;0.64;0.66;NA;ND;NA;NA;NA;
6;3;0.85;0.57;0.97;NA;0.58;0.74;0.68;NA;ND;NA;NA;NA;
6;4;0.86;0.63;0.58;NA;0.64;0.79;1.08;NA;ND;NA;NA;NA;
6;5;1.06;1.04;0.89;NA;1.18;1.1;1.34;NA;ND;NA;NA;NA;
6;6;1.47;1.62;1.14;NA;1.92;1.95;1.46;NA;ND;NA;NA;NA;
6;7;ND;1.1;1.55;NA;1.59;1.46;1.02;NA;ND;NA;NA;NA;
6;8;ND;0.78;1.48;NA;1.01;1.31;0.59;NA;ND;NA;NA;NA;
6;9;ND;0.87;1.24;NA;0.65;1.07;0.36;NA;ND;NA;NA;NA;
6;10;ND;0.53;ND;NA;0.79;0.96;0.45;NA;ND;NA;NA;NA;
6;11;0.43;0.42;ND;NA;0.65;0.91;0.44;NA;ND;NA;NA;NA;
6;12;0.36;0.43;ND;NA;0.57;0.74;0.53;NA;ND;NA;NA;NA;
6;13;0.34;0.42;ND;NA;0.49;0.56;0.6;NA;ND;NA;NA;NA;
6;14;0.31;0.45;ND;NA;0.73;0.52;0.62;NA;ND;NA;NA;NA;
6;15;0.31;0.46;ND;NA;0.81;0.54;0.78;NA;ND;NA;NA;NA;
6;16;ND;0.49;ND;NA;0.79;0.6;0.67;NA;ND;NA;NA;NA;
6;17;ND;0.51;ND;NA;0.86;0.66;0.72;NA;ND;NA;NA;NA;
6;18;ND;0.48;ND;NA;0.88;0.99;0.76;NA;ND;NA;NA;NA;
6;19;ND;0.5;ND;NA;1.01;0.94;0.74;NA;ND;NA;NA;NA;
6;20;ND;0.54;ND;NA;0.86;0.64;0.5;NA;ND;NA;NA;NA;
6;21;ND;0.43;ND;NA;0.72;0.66;0.44;NA;ND;NA;NA;NA;
6;22;ND;0.56;ND;NA;0.56;0.76;0.43;NA;ND;NA;NA;NA;
6;23;0.74;0.52;ND;NA;0.78;0.92;0.39;NA;ND;NA;NA;NA;
7;0;0.56;0.38;ND;NA;0.64;1.03;ND;NA;ND;NA;NA;NA;
7;1;0.41;0.32;ND;NA;0.47;0.74;0.35;NA;ND;NA;NA;NA;
7;2;0.42;0.32;ND;NA;0.44;0.51;0.41;NA;ND;NA;NA;NA;
7;3;0.46;0.34;ND;NA;0.35;0.48;0.41;NA;ND;NA;NA;NA;
7;4;0.43;0.37;ND;NA;0.34;0.45;0.43;NA;ND;NA;NA;NA;
7;5;0.44;0.44;ND;NA;0.38;0.49;0.46;NA;ND;NA;NA;NA;
7;6;0.54;0.45;ND;NA;0.54;0.65;0.58;NA;ND;NA;NA;NA;
7;7;0.58;0.48;ND;NA;0.64;0.91;0.59;NA;ND;NA;NA;NA;
7;8;0.6;0.51;ND;NA;0.66;0.95;0.44;NA;ND;NA;NA;NA;
7;9;0.49;0.63;ND;NA;0.51;0.63;0.45;NA;ND;NA;NA;NA;
7;10;0.42;0.59;ND;NA;0.48;0.53;0.49;NA;ND;NA;NA;NA;
7;11;0.39;0.49;ND;NA;0.43;0.49;0.59;NA;ND;NA;NA;NA;
7;12;0.35;0.52;0.63;NA;0.63;0.5;0.7;NA;ND;NA;NA;NA;
7;13;0.35;0.47;0.64;NA;0.54;0.6;0.65;NA;ND;NA;NA;NA;
7;14;0.32;0.48;0.79;NA;0.48;0.53;0.6;NA;ND;NA;NA;NA;
7;15;0.32;0.45;0.65;NA;0.44;0.45;0.53;NA;ND;NA;NA;NA;
7;16;0.33;0.47;0.7;NA;0.35;0.48;0.59;NA;ND;NA;NA;NA;
7;17;0.47;0.44;0.69;NA;0.46;0.51;0.55;NA;ND;NA;NA;NA;
7;18;0.53;0.48;0.81;NA;0.53;0.61;0.56;NA;ND;NA;NA;NA;
7;19;0.6;0.48;0.86;NA;0.88;0.61;0.49;NA;ND;NA;NA;NA;
7;20;0.54;0.44;0.79;NA;0.67;0.72;0.45;NA;ND;NA;NA;NA;
7;21;0.5;0.38;0.64;NA;0.72;0.74;0.43;NA;ND;NA;NA;NA;
7;22;0.47;0.34;0.59;NA;0.41;ND;0.35;NA;ND;NA;NA;NA;
7;23;0.34;0.33;0.45;NA;0.28;ND;0.38;NA;ND;NA;NA;NA;
8;0;ND;0.34;0.38;NA;ND;ND;0.31;NA;ND;NA;NA;NA;
8;1;0.28;0.32;0.37;NA;0.14;0.37;0.3;NA;ND;NA;NA;NA;
8;2;0.28;0.3;0.35;NA;0.12;0.35;0.28;NA;ND;NA;NA;NA;
8;3;0.31;0.32;0.33;NA;0.14;0.32;0.29;NA;ND;NA;NA;NA;
8;4;0.32;0.31;0.4;NA;0.21;0.34;0.38;NA;ND;NA;NA;NA;
8;5;0.51;0.44;0.44;NA;0.49;0.44;0.73;NA;ND;NA;NA;NA;
8;6;1.74;1.23;0.96;NA;1.62;1.22;1.07;NA;ND;NA;NA;NA;
8;7;1.31;0.92;1.57;NA;1.14;1.27;0.99;NA;ND;NA;NA;NA;
8;8;1.06;0.6;1.29;NA;1.08;1.07;0.4;NA;ND;NA;NA;NA;
8;9;0.6;0.59;1.07;NA;0.56;0.7;0.37;NA;ND;NA;NA;NA;
8;10;0.51;0.52;0.81;NA;0.39;0.75;0.43;NA;ND;NA;NA;NA;
8;11;0.35;0.51;ND;NA;0.58;0.77;ND;NA;ND;NA;NA;NA;
8;12;0.3;0.54;0.39;NA;0.55;0.59;ND;NA;ND;NA;NA;NA;
8;13;0.29;0.44;0.38;NA;0.52;0.52;ND;NA;ND;NA;NA;NA;
8;14;0.32;0.43;0.62;NA;0.43;0.48;ND;NA;ND;NA;NA;NA;
8;15;0.33;0.47;0.96;NA;0.45;0.51;0.47;NA;ND;NA;NA;NA;
8;16;0.34;0.45;1.03;NA;0.47;0.62;0.55;NA;ND;NA;NA;NA;
8;17;0.35;0.43;1.17;NA;0.63;0.65;ND;NA;ND;NA;NA;NA;
8;18;0.45;0.48;1.23;NA;0.75;0.68;0.76;NA;ND;NA;NA;NA;
8;19;0.55;0.5;1.12;NA;0.59;0.95;0.8;NA;ND;NA;NA;NA;
8;20;0.72;0.65;1.17;NA;0.52;0.88;0.58;NA;ND;NA;NA;NA;
8;21;0.75;0.61;0.92;NA;0.38;0.75;0.46;NA;ND;NA;NA;NA;
8;22;0.78;0.41;0.65;NA;0.68;0.66;0.4;NA;ND;NA;NA;NA;
8;23;0.73;0.45;0.5;NA;0.38;0.64;0.36;NA;ND;NA;NA;NA;
9;0;0.71;0.5;0.51;NA;0.18;0.55;0.39;NA;ND;NA;NA;NA;
9;1;0.57;0.37;0.51;NA;0.15;0.47;0.47;NA;ND;NA;NA;NA;
9;2;0.51;0.34;0.44;NA;0.14;0.45;0.37;NA;ND;NA;NA;NA;
9;3;0.43;0.38;0.44;NA;0.16;0.41;0.42;NA;ND;NA;NA;NA;
9;4;0.46;0.35;0.45;NA;0.2;0.48;0.45;NA;ND;NA;NA;NA;
9;5;0.58;0.42;0.53;NA;0.36;0.53;0.87;NA;ND;NA;NA;NA;
9;6;0.79;0.83;0.96;NA;1.18;1.08;1.53;NA;ND;NA;NA;NA;
9;7;0.9;0.91;1.47;NA;1.23;2;1.39;NA;ND;NA;NA;NA;
9;8;0.87;0.67;1.54;NA;0.95;1.47;0.38;NA;ND;NA;NA;NA;
9;9;0.71;0.57;1.37;NA;0.81;1.29;0.36;NA;ND;NA;NA;NA;
9;10;ND;0.53;0.98;NA;0.55;1.11;0.43;NA;ND;NA;NA;NA;
9;11;ND;0.55;0.85;NA;0.55;0.89;0.62;NA;ND;NA;NA;NA;
9;12;ND;0.54;0.88;NA;ND;0.65;0.72;NA;ND;NA;NA;NA;
9;13;ND;0.46;0.92;NA;0.76;0.66;0.55;NA;ND;NA;NA;NA;
9;14;ND;0.44;0.85;NA;0.58;0.46;0.51;NA;ND;NA;NA;NA;
9;15;0.4;0.46;1.11;NA;0.54;0.6;0.53;NA;ND;NA;NA;NA;
9;16;0.37;0.5;1.1;NA;0.45;0.7;0.58;NA;ND;NA;NA;NA;
9;17;0.46;0.54;1.22;NA;0.42;0.8;0.55;NA;ND;NA;NA;NA;
9;18;0.47;0.55;1.33;NA;0.42;0.96;0.59;NA;ND;NA;NA;NA;
9;19;0.51;0.55;1.07;NA;0.75;0.77;0.52;NA;ND;NA;NA;NA;
9;20;0.59;0.43;0.98;NA;1.08;0.76;0.44;NA;ND;NA;NA;NA;
9;21;0.55;0.4;0.83;NA;0.86;0.77;0.48;NA;ND;NA;NA;NA;
9;22;0.46;0.37;0.64;NA;0.59;0.56;0.47;NA;ND;NA;NA;NA;
9;23;0.43;0.35;0.66;NA;0.42;0.59;0.42;NA;ND;NA;NA;NA;
10;0;ND;0.32;ND;NA;ND;ND;ND;NA;ND;NA;NA;NA;
10;1;0.31;0.3;0.4;NA;0.26;0.41;0.35;NA;ND;NA;NA;NA;
10;2;0.3;0.29;0.39;NA;0.22;0.35;0.36;NA;ND;NA;NA;NA;
10;3;0.29;0.29;0.39;NA;0.16;0.34;0.35;NA;ND;NA;NA;NA;
10;4;0.3;0.3;0.37;NA;0.15;0.33;0.39;NA;ND;NA;NA;NA;
10;5;0.36;0.39;0.46;NA;0.29;0.37;0.46;NA;ND;NA;NA;NA;
10;6;0.72;0.84;1.08;NA;0.67;1.14;0.77;NA;ND;NA;NA;NA;
10;7;1.2;1.05;1.35;NA;1.93;2.03;1.15;NA;ND;NA;NA;NA;
10;8;1.15;0.76;1.71;NA;1.47;1.63;1.14;NA;ND;NA;NA;NA;
10;9;0.83;0.74;1.63;NA;0.95;1.56;0.57;NA;ND;NA;NA;NA;
10;10;0.56;0.57;1.16;NA;0.7;0.94;0.42;NA;ND;NA;NA;NA;
10;11;0.41;0.5;0.98;NA;0.62;0.8;0.44;NA;ND;NA;NA;NA;
10;12;0.33;0.48;0.72;NA;0.91;0.78;0.68;NA;ND;NA;NA;NA;
10;13;0.35;0.56;0.87;NA;0.82;0.78;0.64;NA;ND;NA;NA;NA;
10;14;0.35;0.47;0.8;NA;0.7;0.96;0.6;NA;ND;NA;NA;NA;
10;15;0.36;0.45;1.05;NA;0.57;0.93;0.58;NA;ND;NA;NA;NA;
10;16;0.38;0.46;1.13;NA;0.52;1.13;0.69;NA;ND;NA;NA;NA;
10;17;0.48;0.61;1.38;NA;0.57;1.04;0.68;NA;ND;NA;NA;NA;
10;18;0.56;0.6;1.34;NA;0.71;1.22;0.66;NA;ND;NA;NA;NA;
10;19;0.52;0.84;1.29;NA;0.81;1.2;0.53;NA;ND;NA;NA;NA;
10;20;0.75;0.8;1.32;NA;0.9;1.13;0.46;NA;ND;NA;NA;NA;
10;21;0.68;0.86;0.99;NA;0.6;0.97;0.46;NA;ND;NA;NA;NA;
10;22;0.65;0.56;0.78;NA;0.61;0.68;0.56;NA;ND;NA;NA;NA;
10;23;0.59;0.57;0.51;NA;0.35;0.57;0.43;NA;ND;NA;NA;NA;
11;0;0.71;0.51;0.6;NA;0.32;0.45;0.47;NA;ND;NA;NA;NA;
11;1;0.51;0.4;0.48;NA;0.26;0.47;0.45;NA;ND;NA;NA;NA;
11;2;0.45;0.38;0.45;NA;0.29;0.41;0.4;NA;ND;NA;NA;NA;
11;3;0.37;0.35;0.44;NA;0.2;0.34;0.37;NA;ND;NA;NA;NA;
11;4;0.36;0.43;0.44;NA;0.24;0.37;0.41;NA;ND;NA;NA;NA;
11;5;0.39;0.46;0.47;NA;0.41;0.4;0.65;NA;ND;NA;NA;NA;
11;6;0.75;0.7;0.66;NA;0.89;0.59;0.61;NA;ND;NA;NA;NA;
11;7;1.02;0.68;1.2;NA;1;1.04;0.71;NA;ND;NA;NA;NA;
11;8;0.85;0.88;1.34;NA;0.67;0.94;0.49;NA;ND;NA;NA;NA;
11;9;0.65;0.69;1.21;NA;0.59;0.82;0.41;NA;ND;NA;NA;NA;
11;10;0.56;0.53;0.76;NA;0.59;ND;0.41;NA;ND;NA;NA;NA;
11;11;0.49;0.49;0.74;NA;0.5;ND;0.46;NA;ND;NA;NA;NA;
11;12;0.34;0.59;0.72;NA;0.64;0.72;0.63;NA;ND;NA;NA;NA;
11;13;0.36;0.52;0.64;NA;0.62;0.59;0.7;NA;ND;NA;NA;NA;
11;14;0.37;0.49;0.7;NA;0.69;ND;0.66;NA;ND;NA;NA;NA;
11;15;0.39;0.5;0.79;NA;0.64;ND;0.72;NA;ND;NA;NA;NA;
11;16;0.41;0.53;1.14;NA;0.56;0.9;0.54;NA;ND;NA;NA;NA;
11;17;0.83;0.74;1.06;NA;0.51;1.03;0.48;NA;ND;NA;NA;NA;
11;18;0.75;0.8;1.35;NA;0.83;1.01;0.74;NA;ND;NA;NA;NA;
11;19;0.77;0.73;1.1;NA;0.9;1.1;1.01;NA;ND;NA;NA;NA;
11;20;0.82;0.79;1.03;NA;1.35;1.71;0.77;NA;ND;NA;NA;NA;
11;21;1.1;0.94;1.63;NA;1.28;1.57;0.79;NA;ND;NA;NA;NA;
11;22;0.93;0.55;1.28;NA;1.12;1.4;0.84;NA;ND;NA;NA;NA;
11;23;0.7;0.49;1.34;NA;0.8;1.3;1;NA;ND;NA;NA;NA;
12;0;ND;0.53;ND;NA;ND;ND;ND;NA;ND;NA;NA;NA;
12;1;0.56;0.45;0.79;NA;0.28;0.76;0.48;NA;ND;NA;NA;NA;
12;2;0.5;0.5;0.68;NA;0.39;0.75;0.52;NA;ND;NA;NA;NA;
12;3;0.49;0.5;0.69;NA;0.45;0.75;0.54;NA;ND;NA;NA;NA;
12;4;0.6;0.57;0.88;NA;0.45;0.83;0.67;NA;ND;NA;NA;NA;
12;5;0.71;0.54;0.94;NA;0.98;1.05;1.17;NA;ND;NA;NA;NA;
12;6;1.02;0.75;1.25;NA;1.58;1.65;2.07;NA;ND;NA;NA;NA;
12;7;1.54;1.81;1.29;NA;1.87;2.89;0.75;NA;ND;NA;NA;NA;
12;8;1.23;1.29;1.61;NA;1.8;2.44;1.14;NA;ND;NA;NA;NA;
12;9;0.89;0.76;1.66;NA;1.12;1.77;0.91;NA;ND;NA;NA;NA;
12;10;0.69;0.77;1.83;NA;0.92;1.45;0.78;NA;ND;NA;NA;NA;
12;11;0.56;0.75;1.64;NA;1.08;1.28;0.54;NA;ND;NA;NA;NA;
12;12;0.53;0.75;1.61;NA;1.14;1.43;0.67;NA;ND;NA;NA;NA;
12;13;0.44;0.51;1.38;NA;1.1;1.37;0.83;NA;ND;NA;NA;NA;
12;14;0.37;0.5;0.86;NA;0.92;0.97;0.87;NA;ND;NA;NA;NA;
12;15;0.38;0.47;0.99;NA;0.69;0.83;0.79;NA;ND;NA;NA;NA;
12;16;0.43;0.52;1.32;NA;0.57;1.06;0.85;NA;ND;NA;NA;NA;
12;17;0.81;0.7;1.76;NA;0.55;1.33;1.11;NA;ND;NA;NA;NA;
12;18;0.99;0.92;2.36;NA;0.68;1.45;1.47;NA;ND;NA;NA;NA;
12;19;1.28;0.88;2.17;NA;0.89;1.87;0.76;NA;ND;NA;NA;NA;
12;20;1.23;1.08;2.22;NA;0.88;1.7;0.54;NA;ND;NA;NA;NA;
12;21;0.95;0.81;2.36;NA;1.36;1.59;0.6;NA;ND;NA;NA;NA;
12;22;0.62;0.77;1.86;NA;1.3;1.25;0.94;NA;ND;NA;NA;NA;
12;23;0.57;0.53;0.88;NA;1.28;1.46;1.2;NA;ND;NA;NA;NA;
13;0;0.51;0.47;0.78;NA;0.79;1.04;0.89;NA;ND;NA;NA;NA;
13;1;0.4;0.43;0.65;NA;0.35;0.85;0.67;NA;ND;NA;NA;NA;
13;2;0.4;0.48;0.67;NA;0.29;0.67;0.48;NA;ND;NA;NA;NA;
13;3;0.42;0.51;0.82;NA;0.37;0.83;0.38;NA;ND;NA;NA;NA;
13;4;0.49;0.56;0.81;NA;0.53;0.86;0.53;NA;ND;NA;NA;NA;
13;5;0.49;0.42;0.82;NA;0.7;0.84;0.87;NA;ND;NA;NA;NA;
13;6;0.59;0.58;1.17;NA;1.18;1.37;0.89;NA;ND;NA;NA;NA;
13;7;0.94;0.96;1.51;NA;1.61;1.47;0.9;NA;ND;NA;NA;NA;
13;8;0.89;0.58;1.7;NA;1.4;1.8;0.99;NA;ND;NA;NA;NA;
13;9;0.86;0.8;1.51;NA;1.13;1.49;0.88;NA;ND;NA;NA;NA;
13;10;0.65;0.73;1.79;NA;1.09;1.48;1.19;NA;ND;NA;NA;NA;
13;11;0.61;0.63;1.24;NA;1.05;1.22;0.87;NA;ND;NA;NA;NA;
13;12;0.51;0.5;1.1;NA;0.93;1.02;0.9;NA;ND;NA;NA;NA;
13;13;0.5;0.61;1.14;NA;0.74;0.95;0.77;NA;ND;NA;NA;NA;
13;14;0.51;0.5;0.92;NA;0.68;0.84;0.78;NA;ND;NA;NA;NA;
13;15;0.44;0.48;0.93;NA;0.57;0.78;0.81;NA;ND;NA;NA;NA;
13;16;0.49;0.53;0.88;NA;0.52;1.17;0.92;NA;ND;NA;NA;NA;
13;17;0.67;0.62;1.08;NA;0.61;1.3;0.96;NA;ND;NA;NA;NA;
13;18;0.88;0.59;1.15;NA;0.95;1.29;1;NA;ND;NA;NA;NA;
13;19;0.68;0.56;1.19;NA;1.05;1.27;0.7;NA;ND;NA;NA;NA;
13;20;0.61;0.55;0.95;NA;0.79;1.86;1.05;NA;ND;NA;NA;NA;
13;21;0.54;0.58;0.69;NA;1.09;1.02;0.78;NA;ND;NA;NA;NA;
13;22;0.61;0.52;0.76;NA;0.92;0.89;0.68;NA;ND;NA;NA;NA;
13;23;0.57;0.5;0.63;NA;0.95;0.83;0.49;NA;ND;NA;NA;NA;
14;0;ND;0.39;ND;NA;ND;ND;ND;NA;ND;NA;NA;NA;
14;1;0.44;0.34;0.52;NA;0.48;0.68;0.47;NA;ND;NA;NA;NA;
14;2;0.41;0.34;0.54;NA;0.42;0.59;0.59;NA;ND;NA;NA;NA;
14;3;0.4;0.35;0.48;NA;0.32;0.54;0.56;NA;ND;NA;NA;NA;
14;4;0.38;0.35;0.48;NA;0.26;0.5;0.67;NA;ND;NA;NA;NA;
14;5;0.39;0.34;0.48;NA;0.44;0.53;0.48;NA;ND;NA;NA;NA;
14;6;0.44;0.38;0.53;NA;0.87;0.6;0.51;NA;ND;NA;NA;NA;
14;7;0.46;0.43;0.66;NA;0.71;0.72;0.55;NA;ND;NA;NA;NA;
14;8;0.56;0.58;0.74;NA;0.53;0.7;0.46;NA;ND;NA;NA;NA;
14;9;0.53;0.6;0.74;NA;0.47;0.67;0.54;NA;ND;NA;NA;NA;
14;10;0.53;0.54;0.77;NA;0.31;0.62;0.56;NA;ND;NA;NA;NA;
14;11;0.49;0.51;0.74;NA;0.29;0.61;0.5;NA;ND;NA;NA;NA;
14;12;0.4;0.7;0.83;NA;0.63;0.68;0.56;NA;ND;NA;NA;NA;
14;13;0.43;0.54;1;NA;0.54;0.74;0.61;NA;ND;NA;NA;NA;
14;14;0.39;0.51;0.95;NA;0.35;0.98;1.07;NA;ND;NA;NA;NA;
14;15;0.67;0.5;1.09;NA;0.37;1.12;0.88;NA;ND;NA;NA;NA;
14;16;0.89;0.54;1.07;NA;0.41;1.3;0.98;NA;ND;NA;NA;NA;
14;17;0.56;0.52;0.85;NA;0.6;1.21;0.94;NA;ND;NA;NA;NA;
14;18;0.65;0.68;1.01;NA;0.62;1.1;0.79;NA;ND;NA;NA;NA;
14;19;0.84;0.59;0.66;NA;0.93;0.9;0.89;NA;ND;NA;NA;NA;
14;20;0.77;0.58;0.77;NA;0.61;1.05;0.93;NA;ND;NA;NA;NA;
14;21;0.53;0.44;0.62;NA;0.89;0.67;0.8;NA;ND;NA;NA;NA;
14;22;0.44;0.39;0.56;NA;0.77;0.62;0.66;NA;ND;NA;NA;NA;
14;23;0.34;0.38;0.5;NA;0.29;0.6;0.44;NA;ND;NA;NA;NA;
15;0;0.36;0.36;0.48;NA;0.15;0.53;0.37;NA;ND;NA;NA;NA;
15;1;0.33;0.33;0.43;NA;0.07;0.5;0.37;NA;ND;NA;NA;NA;
15;2;0.29;0.32;0.4;NA;0.01;0.43;0.36;NA;ND;NA;NA;NA;
15;3;0.27;0.31;0.35;NA;0.01;0.42;0.36;NA;ND;NA;NA;NA;
15;4;0.3;0.32;0.4;NA;0.01;0.42;0.41;NA;ND;NA;NA;NA;
15;5;0.35;0.35;0.49;NA;0.14;0.45;0.54;NA;ND;NA;NA;NA;
15;6;0.63;0.48;0.93;NA;0.58;0.81;0.83;NA;ND;NA;NA;NA;
15;7;0.67;0.57;1.43;NA;0.87;1.24;1.11;NA;ND;NA;NA;NA;
15;8;0.63;0.52;1.55;NA;0.58;1.3;0.76;NA;ND;NA;NA;NA;
15;9;0.47;0.6;1.57;NA;0.74;1.11;0.58;NA;ND;NA;NA;NA;
15;10;0.39;0.49;1.32;NA;0.56;0.98;0.72;NA;ND;NA;NA;NA;
15;11;0.38;0.59;ND;NA;0.53;0.82;0.56;NA;ND;NA;NA;NA;
15;12;0.38;0.69;ND;NA;0.56;1.2;0.59;NA;ND;NA;NA;NA;
15;13;0.37;0.6;ND;NA;0.44;1.38;0.61;NA;ND;NA;NA;NA;
15;14;0.38;0.55;1.46;NA;0.33;1.22;0.65;NA;ND;NA;NA;NA;
15;15;0.44;0.45;1.73;NA;0.3;1.48;0.75;NA;ND;NA;NA;NA;
15;16;0.44;0.5;ND;NA;0.3;1.36;0.79;NA;ND;NA;NA;NA;
15;17;0.6;0.52;1.61;NA;0.32;1.08;0.88;NA;ND;NA;NA;NA;
15;18;0.67;0.57;1.9;NA;0.94;1.07;0.84;NA;ND;NA;NA;NA;
15;19;0.6;0.57;1.39;NA;1.09;1.18;1.05;NA;ND;NA;NA;NA;
15;20;0.65;0.58;1.01;NA;0.46;1.38;0.69;NA;ND;NA;NA;NA;
15;21;0.82;0.78;ND;NA;0.18;1.23;0.47;NA;ND;NA;NA;NA;
15;22;0.73;0.52;0.68;NA;0.91;1.02;0.39;NA;ND;NA;NA;NA;
15;23;0.57;0.39;0.88;NA;0.74;0.83;0.4;NA;ND;NA;NA;NA;
16;0;ND;0.37;0.68;NA;ND;ND;ND;NA;ND;NA;NA;NA;
16;1;0.33;0.36;0.41;NA;0.04;0.5;0.25;NA;ND;NA;NA;NA;
16;2;0.31;0.37;0.28;NA;0.01;0.43;0.47;NA;ND;NA;NA;NA;
16;3;0.33;0.37;ND;NA;0.01;0.42;0.35;NA;ND;NA;NA;NA;
16;4;0.38;0.38;0.35;NA;0.09;0.55;0.51;NA;ND;NA;NA;NA;
16;5;0.48;0.58;0.48;NA;0.53;0.94;0.8;NA;ND;NA;NA;NA;
16;6;0.77;1.03;1.03;NA;1.16;2.14;1.09;NA;ND;NA;NA;NA;
16;7;1.37;1.28;1.44;NA;1.07;2.26;1.46;NA;ND;NA;NA;NA;
16;8;1.22;0.99;1.43;NA;0.71;1.81;0.77;NA;ND;NA;NA;NA;
16;9;1.15;0.86;1.17;NA;0.41;1.06;0.4;NA;ND;NA;NA;NA;
16;10;1.09;0.7;0.71;NA;0.39;1.1;0.4;NA;ND;NA;NA;NA;
16;11;0.72;0.64;0.92;NA;ND;1.23;0.48;NA;ND;NA;NA;NA;
16;12;0.61;0.64;1.15;NA;ND;1.43;0.79;NA;ND;NA;NA;NA;
16;13;0.62;0.55;1.35;NA;1.07;1.8;0.56;NA;ND;NA;NA;NA;
16;14;ND;0.61;1.16;NA;ND;1.51;0.64;NA;ND;NA;NA;NA;
16;15;ND;0.55;1.41;NA;1.19;1.42;0.59;NA;ND;NA;NA;NA;
16;16;ND;0.54;1.77;NA;ND;1.35;0.64;NA;ND;NA;NA;NA;
16;17;ND;0.74;1.38;NA;1.85;1.23;0.78;NA;ND;NA;NA;NA;
16;18;0.68;0.72;1.17;NA;1.74;1.19;0.7;NA;ND;NA;NA;NA;
16;19;0.81;1.21;0.84;NA;1.67;1.09;0.44;NA;ND;NA;NA;NA;
16;20;1.35;0.98;1.57;NA;1.76;1.19;0.51;NA;ND;NA;NA;NA;
16;21;1.67;1.39;1.81;NA;1.91;1.77;0.62;NA;ND;NA;NA;NA;
16;22;1.8;1.34;0.94;NA;1.72;1.7;0.81;NA;ND;NA;NA;NA;
16;23;1.35;0.73;1.53;NA;2.22;1.7;0.86;NA;ND;NA;NA;NA;
17;0;0.93;0.72;ND;NA;2.02;1.34;0.79;NA;ND;NA;NA;NA;
17;1;0.75;0.91;0.72;NA;1.55;1.24;0.72;NA;ND;NA;NA;NA;
17;2;0.6;0.84;0.4;NA;1.26;1.03;0.44;NA;ND;NA;NA;NA;
17;3;0.56;0.87;0.56;NA;1.06;0.89;0.37;NA;ND;NA;NA;NA;
17;4;0.54;1.03;0.36;NA;0.92;0.91;0.58;NA;ND;NA;NA;NA;
17;5;0.62;1.19;0.69;NA;1.32;1.07;1.05;NA;ND;NA;NA;NA;
17;6;1.64;1.88;0.97;NA;2.37;1.82;2.77;NA;ND;NA;NA;NA;
17;7;1.68;1.73;1.63;NA;2.62;2.56;1.44;NA;ND;NA;NA;NA;
17;8;1.02;1.04;2.93;NA;1.54;2.34;0.8;NA;ND;NA;NA;NA;
17;9;0.63;0.91;1.94;NA;1.34;1.51;0.73;NA;ND;NA;NA;NA;
17;10;0.45;0.61;1.23;NA;1.01;1.01;0.56;NA;ND;NA;NA;NA;
17;11;0.34;ND;1.05;NA;1.25;1;ND;NA;ND;NA;NA;NA;
17;12;0.37;ND;1.03;NA;1.4;1.05;ND;NA;ND;NA;NA;NA;
17;13;0.33;0.82;0.55;NA;1.42;1.33;0.56;NA;ND;NA;NA;NA;
17;14;0.3;ND;0.68;NA;0.83;1.19;0.62;NA;ND;NA;NA;NA;
17;15;0.41;ND;1.45;NA;0.76;1.06;0.75;NA;ND;NA;NA;NA;
17;16;0.42;ND;1.63;NA;1;1.07;0.74;NA;ND;NA;NA;NA;
17;17;0.69;0.58;1.77;NA;0.99;1.29;0.71;NA;ND;NA;NA;NA;
17;18;0.84;1.01;1.94;NA;1.01;1.23;0.53;NA;ND;NA;NA;NA;
17;19;1.07;0.84;1.73;NA;1.24;1.39;0.51;NA;ND;NA;NA;NA;
17;20;1.33;1.47;1.92;NA;1.63;1.56;0.83;NA;ND;NA;NA;NA;
17;21;1.54;1.58;1.66;NA;1.61;1.32;1.1;NA;ND;NA;NA;NA;
17;22;1.35;1.08;1.51;NA;1.93;1.15;0.71;NA;ND;NA;NA;NA;
17;23;1.14;0.64;0.93;NA;1.56;0.67;0.45;NA;ND;NA;NA;NA;
18;0;ND;ND;0.66;NA;ND;ND;0.28;NA;ND;NA;NA;NA;
18;1;0.75;0.62;0.45;NA;1.11;0.92;0.52;NA;ND;NA;NA;NA;
18;2;0.71;0.64;0.44;NA;0.97;1.09;0.43;NA;ND;NA;NA;NA;
18;3;0.68;0.66;0.74;NA;0.99;1.1;0.37;NA;ND;NA;NA;NA;
18;4;0.75;0.7;0.6;NA;1.11;1.09;0.34;NA;ND;NA;NA;NA;
18;5;0.87;0.94;0.59;NA;1.2;1.04;0.44;NA;ND;NA;NA;NA;
18;6;1.62;1.81;1.19;NA;2.36;1.55;0.86;NA;ND;NA;NA;NA;
18;7;1.96;1.11;ND;NA;1.78;2.88;1.26;NA;ND;NA;NA;NA;
18;8;1.57;1.12;1.55;NA;1.56;1.68;0.78;NA;ND;NA;NA;NA;
18;9;0.96;1.02;ND;NA;1.09;1.4;0.63;NA;ND;NA;NA;NA;
18;10;0.79;0.8;1.56;NA;1.01;1.38;0.48;NA;ND;NA;NA;NA;
18;11;0.39;0.63;1.29;NA;1.15;1.33;0.53;NA;ND;NA;NA;NA;
18;12;0.32;0.56;0.74;NA;0.99;0.99;0.63;NA;ND;NA;NA;NA;
18;13;0.35;0.57;0.98;NA;1.03;0.94;0.64;NA;ND;NA;NA;NA;
18;14;0.32;0.52;0.66;NA;0.93;0.78;0.49;NA;ND;NA;NA;NA;
18;15;0.32;0.43;0.98;NA;0.76;0.8;0.54;NA;ND;NA;NA;NA;
18;16;0.61;0.52;1.19;NA;0.77;1.06;0.6;NA;ND;NA;NA;NA;
18;17;0.79;0.72;1.46;NA;0.95;1.31;0.58;NA;ND;NA;NA;NA;
18;18;0.94;0.83;1.84;NA;1.08;1.26;0.56;NA;ND;NA;NA;NA;
18;19;0.91;1;1.58;NA;1.09;1.65;0.49;NA;ND;NA;NA;NA;
18;20;0.77;1.05;1.49;NA;1.44;1.62;0.57;NA;ND;NA;NA;NA;
18;21;0.66;1.06;1.47;NA;1.2;1.54;0.42;NA;ND;NA;NA;NA;
18;22;1.11;0.84;1.25;NA;1.47;1.64;0.36;NA;ND;NA;NA;NA;
18;23;1.45;0.73;1.19;NA;0.98;1.45;0.43;NA;ND;NA;NA;NA;
19;0;1.29;0.6;0.79;NA;0.63;0.98;0.42;NA;ND;NA;NA;NA;
19;1;1.06;0.6;0.5;NA;0.62;0.71;0.33;NA;ND;NA;NA;NA;
19;2;1.14;0.49;0.39;NA;0.49;0.73;0.42;NA;ND;NA;NA;NA;
19;3;0.97;0.46;0.44;NA;0.46;0.69;0.55;NA;ND;NA;NA;NA;
19;4;0.67;0.43;0.47;NA;0.69;0.79;0.57;NA;ND;NA;NA;NA;
19;5;0.62;0.78;0.51;NA;1.06;1.01;1.02;NA;ND;NA;NA;NA;
19;6;1.26;1.5;0.66;NA;1.96;1.73;1.92;NA;ND;NA;NA;NA;
19;7;1.98;1.49;1.82;NA;2.42;2.83;1.4;NA;ND;NA;NA;NA;
19;8;1.66;0.86;1.9;NA;1.63;1.81;0.57;NA;ND;NA;NA;NA;
19;9;1.49;0.75;0.91;NA;0.59;0.93;0.32;NA;ND;NA;NA;NA;
19;10;1.06;0.63;0.78;NA;0.62;0.78;0.55;NA;ND;NA;NA;NA;
19;11;0.59;0.62;0.9;NA;0.66;0.91;0.46;NA;ND;NA;NA;NA;
19;12;0.63;0.6;0.86;NA;0.82;ND;0.58;NA;ND;NA;NA;NA;
19;13;0.54;0.55;0.78;NA;0.8;ND;0.69;NA;ND;NA;NA;NA;
19;14;0.43;0.58;0.74;NA;0.56;0.86;0.56;NA;ND;NA;NA;NA;
19;15;0.45;0.57;1.35;NA;0.6;1;0.54;NA;ND;NA;NA;NA;
19;16;0.43;0.54;1.02;NA;0.73;1.03;0.46;NA;ND;NA;NA;NA;
19;17;0.45;0.54;1.1;NA;0.67;0.89;0.61;NA;ND;NA;NA;NA;
19;18;0.58;0.54;1.04;NA;0.55;1.16;0.71;NA;ND;NA;NA;NA;
19;19;0.63;0.52;1.27;NA;1.07;0.9;0.84;NA;ND;NA;NA;NA;
19;20;0.6;0.63;0.74;NA;1.56;1.1;0.62;NA;ND;NA;NA;NA;
19;21;0.65;0.66;0.56;NA;1.07;0.8;0.55;NA;ND;NA;NA;NA;
19;22;0.67;0.76;0.87;NA;0.77;1.05;0.52;NA;ND;NA;NA;NA;
19;23;0.83;0.51;0.74;NA;ND;1.38;0.91;NA;ND;NA;NA;NA;
20;0;ND;ND;0.59;NA;ND;ND;0.84;NA;ND;NA;NA;NA;
20;1;0.58;0.54;0.54;NA;0.83;1.06;0.54;NA;ND;NA;NA;NA;
20;2;0.7;0.48;0.18;NA;0.89;0.71;0.46;NA;ND;NA;NA;NA;
20;3;0.63;0.4;0.18;NA;0.37;0.48;0.51;NA;ND;NA;NA;NA;
20;4;0.64;0.42;0.01;NA;0.26;0.35;0.4;NA;ND;NA;NA;NA;
20;5;0.88;0.43;0.09;NA;0.68;0.72;0.73;NA;ND;NA;NA;NA;
20;6;1.05;0.59;0.29;NA;1.2;1.16;1.5;NA;ND;NA;NA;NA;
20;7;1.11;0.95;0.63;NA;1.25;1.48;0.89;NA;ND;NA;NA;NA;
20;8;0.89;0.77;0.82;NA;1.51;1.53;1.08;NA;ND;NA;NA;NA;
20;9;0.81;0.6;0.77;NA;1.2;0.98;0.55;NA;ND;NA;NA;NA;
20;10;0.52;0.63;0.89;NA;0.68;0.74;0.71;NA;ND;NA;NA;NA;
20;11;0.4;0.53;0.76;NA;0.63;0.71;0.53;NA;ND;NA;NA;NA;
20;12;0.41;0.63;0.78;NA;0.84;0.64;0.62;NA;ND;NA;NA;NA;
20;13;0.4;0.68;1.22;NA;0.94;0.75;0.82;NA;ND;NA;NA;NA;
20;14;0.88;1.07;1.19;NA;0.69;1.51;1.22;NA;ND;NA;NA;NA;
20;15;0.94;1.1;1.43;NA;0.99;1.47;0.74;NA;ND;NA;NA;NA;
20;16;1.02;1.28;1.78;NA;1.11;1.19;3.18;NA;ND;NA;NA;NA;
20;17;1.24;0.82;1.12;NA;1.5;0.96;4.15;NA;ND;NA;NA;NA;
20;18;1.16;0.88;1.35;NA;1.56;1.49;1.23;NA;ND;NA;NA;NA;
20;19;1.81;1.66;1.78;NA;2.2;2.02;2.08;NA;ND;NA;NA;NA;
20;20;1.35;1.25;1.85;NA;1.51;2.09;2.46;NA;ND;NA;NA;NA;
20;21;0.81;0.89;1.53;NA;1.77;2.08;1.17;NA;ND;NA;NA;NA;
20;22;0.58;0.76;1.44;NA;2.52;1.77;1;NA;ND;NA;NA;NA;
20;23;0.8;0.69;1.29;NA;1.85;2.41;0.97;NA;ND;NA;NA;NA;
21;0;0.55;0.54;1.54;NA;1.18;1.95;1.08;NA;ND;NA;NA;NA;
21;1;0.52;0.5;0.89;NA;0.44;1.05;0.93;NA;ND;NA;NA;NA;
21;2;0.43;0.48;0.59;NA;0.49;0.69;0.68;NA;ND;NA;NA;NA;
21;3;0.55;0.45;0.69;NA;0.6;0.95;0.68;NA;ND;NA;NA;NA;
21;4;0.6;0.6;0.75;NA;0.75;0.93;0.76;NA;ND;NA;NA;NA;
21;5;0.84;0.63;0.9;NA;1.32;1.08;1.32;NA;ND;NA;NA;NA;
21;6;1.35;0.9;1.22;NA;1.61;1.23;1.46;NA;ND;NA;NA;NA;
21;7;1.23;0.95;1.41;NA;1.27;1.47;1.88;NA;ND;NA;NA;NA;
21;8;0.98;0.79;1.75;NA;1.08;1.7;1.07;NA;ND;NA;NA;NA;
21;9;0.81;0.65;1.28;NA;0.61;1.18;0.67;NA;ND;NA;NA;NA;
21;10;0.6;0.64;1.12;NA;0.71;0.86;0.4;NA;ND;NA;NA;NA;
21;11;0.38;0.58;0.8;NA;0.81;0.83;0.6;NA;ND;NA;NA;NA;
21;12;0.34;0.59;0.67;NA;0.56;0.5;0.83;NA;ND;NA;NA;NA;
21;13;0.37;0.61;1.17;NA;0.66;0.72;1.21;NA;ND;NA;NA;NA;
21;14;0.88;0.83;1.02;NA;1.66;1.17;1.27;NA;ND;NA;NA;NA;
21;15;0.71;0.69;0.99;NA;1.17;1.29;0.61;NA;ND;NA;NA;NA;
21;16;0.58;0.75;0.79;NA;0.52;0.75;0.44;NA;ND;NA;NA;NA;
21;17;0.72;0.82;0.88;NA;0.96;0.85;0.45;NA;ND;NA;NA;NA;
21;18;1.03;1.44;1.3;NA;1.29;1.65;0.68;NA;ND;NA;NA;NA;
21;19;1.44;1.59;1.73;NA;1.74;1.38;1.54;NA;ND;NA;NA;NA;
21;20;1.81;1.74;2.1;NA;2.14;1.66;2.05;NA;ND;NA;NA;NA;
21;21;1.77;1.71;1.27;NA;2.09;1.74;2.29;NA;ND;NA;NA;NA;
21;22;1.29;1.39;1.04;NA;2.37;1.47;0.61;NA;ND;NA;NA;NA;
21;23;0.44;1.06;1.02;NA;1.87;1;0.84;NA;ND;NA;NA;NA;
22;0;ND;ND;0.92;NA;ND;ND;0.35;NA;ND;NA;NA;NA;
22;1;0.51;1.02;0.48;NA;1.17;1.15;0.3;NA;ND;NA;NA;NA;
22;2;0.52;0.67;0.34;NA;0.93;0.78;0.29;NA;ND;NA;NA;NA;
22;3;0.27;0.9;0.38;NA;0.71;0.7;0.21;NA;ND;NA;NA;NA;
22;4;0.4;0.92;0.4;NA;0.51;0.68;0.28;NA;ND;NA;NA;NA;
22;5;0.57;1.39;0.66;NA;0.98;0.88;0.99;NA;ND;NA;NA;NA;
22;6;1.94;2.67;2.06;NA;3.28;2.56;1.96;NA;ND;NA;NA;NA;
22;7;2.14;1.86;2.41;NA;3.83;3.94;2.86;NA;ND;NA;NA;NA;
22;8;1.66;1.22;1.65;NA;1.61;1.39;0.33;NA;ND;NA;NA;NA;
22;9;0.96;0.93;1.89;NA;0.95;1.3;0.28;NA;ND;NA;NA;NA;
22;10;0.58;0.7;1.44;NA;0.38;1.12;0.37;NA;ND;NA;NA;NA;
22;11;0.4;0.61;1.04;NA;0.55;0.88;0.45;NA;ND;NA;NA;NA;
22;12;0.43;0.72;0.75;NA;0.44;0.73;0.56;NA;ND;NA;NA;NA;
22;13;0.35;0.67;ND;NA;ND;0.68;0.48;NA;ND;NA;NA;NA;
22;14;0.35;0.64;ND;NA;ND;0.82;0.52;NA;ND;NA;NA;NA;
22;15;0.6;0.68;1.49;NA;0.69;1.36;ND;NA;ND;NA;NA;NA;
22;16;0.84;0.91;1.84;NA;0.67;1.11;ND;NA;ND;NA;NA;NA;
22;17;0.82;1.05;1.85;NA;0.88;1.39;0.73;NA;ND;NA;NA;NA;
22;18;1;1.16;2.63;NA;1.57;1.4;0.74;NA;ND;NA;NA;NA;
22;19;0.99;1.12;2.91;NA;2.5;2.74;1.24;NA;ND;NA;NA;NA;
22;20;1.2;0.88;2.3;NA;2.99;1.43;1.15;NA;ND;NA;NA;NA;
22;21;1.57;1.09;1.58;NA;2.67;1.1;1.88;NA;ND;NA;NA;NA;
22;22;1.25;1.26;1.52;NA;2.71;2.68;1.01;NA;ND;NA;NA;NA;
22;23;0.93;1.35;1.58;NA;2.35;2.08;0.72;NA;ND;NA;NA;NA;
23;0;0.84;1.06;ND;NA;2.16;2.79;0.82;NA;ND;NA;NA;NA;
23;1;0.85;0.88;2.03;NA;1.71;2.08;0.77;NA;ND;NA;NA;NA;
23;2;0.72;0.72;1.16;NA;1.62;1.76;0.7;NA;ND;NA;NA;NA;
23;3;0.65;0.75;1.47;NA;1.56;1.97;0.57;NA;ND;NA;NA;NA;
23;4;0.68;0.8;1.5;NA;1.28;1.62;0.59;NA;ND;NA;NA;NA;
23;5;1.17;1.18;1.18;NA;1.46;1.48;0.88;NA;ND;NA;NA;NA;
23;6;2.12;3.43;0.97;NA;3.53;3.19;2.5;NA;ND;NA;NA;NA;
23;7;2.22;2.63;2.31;NA;4.13;3.77;2.16;NA;ND;NA;NA;NA;
23;8;1.33;1.62;2.92;NA;1.95;1.83;0.62;NA;ND;NA;NA;NA;
23;9;1.03;1;1.56;NA;1.29;1.45;0.35;NA;ND;NA;NA;NA;
23;10;0.79;0.95;1.39;NA;0.69;ND;0.43;NA;ND;NA;NA;NA;
23;11;0.54;0.72;1.13;NA;0.86;ND;0.57;NA;ND;NA;NA;NA;
23;12;0.46;0.78;1.12;NA;0.7;0.72;0.51;NA;ND;NA;NA;NA;
23;13;0.53;0.79;1.17;NA;0.54;0.67;0.52;NA;ND;NA;NA;NA;
23;14;ND;0.68;1.17;NA;0.46;0.99;0.49;NA;ND;NA;NA;NA;
23;15;ND;0.67;1.89;NA;0.31;1.12;0.49;NA;ND;NA;NA;NA;
23;16;ND;0.62;1.57;NA;0.4;0.92;0.56;NA;ND;NA;NA;NA;
23;17;0.76;0.62;1.54;NA;0.5;0.83;0.53;NA;ND;NA;NA;NA;
23;18;0.66;0.73;1.45;NA;0.68;0.9;0.56;NA;ND;NA;NA;NA;
23;19;0.58;0.71;1.12;NA;0.84;0.79;0.57;NA;ND;NA;NA;NA;
23;20;0.59;0.64;1.07;NA;0.87;0.78;0.45;NA;ND;NA;NA;NA;
23;21;1;0.79;1.48;NA;0.79;1.27;0.56;NA;ND;NA;NA;NA;
23;22;1.18;0.71;1.3;NA;0.97;1.02;0.72;NA;ND;NA;NA;NA;
23;23;0.79;0.65;1.05;NA;1.2;1.44;0.49;NA;ND;NA;NA;NA;
24;0;0.79;ND;0.87;NA;ND;ND;0.52;NA;ND;NA;NA;NA;
24;1;0.6;0.54;0.58;NA;0.73;0.84;0.51;NA;ND;NA;NA;NA;
24;2;0.55;0.47;0.6;NA;0.52;0.76;0.46;NA;ND;NA;NA;NA;
24;3;0.54;0.46;0.59;NA;0.3;0.72;0.52;NA;ND;NA;NA;NA;
24;4;0.49;0.48;0.56;NA;0.48;0.69;0.59;NA;ND;NA;NA;NA;
24;5;0.58;0.59;0.66;NA;0.71;0.78;0.9;NA;ND;NA;NA;NA;
24;6;1.25;0.95;1.08;NA;1.67;1.89;1.82;NA;ND;NA;NA;NA;
24;7;1.49;1.37;2.06;NA;1.79;2.07;1.29;NA;ND;NA;NA;NA;
24;8;1.37;0.89;2.18;NA;1.69;2.28;1.09;NA;ND;NA;NA;NA;
24;9;1.16;0.94;2.09;NA;1.29;1.97;0.62;NA;ND;NA;NA;NA;
24;10;0.67;0.8;1.54;NA;0.55;1.43;0.42;NA;ND;NA;NA;NA;
24;11;0.52;0.66;1.13;NA;0.42;1.11;0.49;NA;ND;NA;NA;NA;
24;12;0.42;0.69;0.85;NA;0.48;0.65;0.49;NA;ND;NA;NA;NA;
24;13;0.39;0.68;0.86;NA;0.43;0.66;0.27;NA;ND;NA;NA;NA;
24;14;0.38;0.66;0.93;NA;0.4;0.71;0.24;NA;ND;NA;NA;NA;
24;15;0.4;0.61;1.1;NA;0.35;0.57;0.27;NA;ND;NA;NA;NA;
24;16;0.46;0.59;1.42;NA;0.2;0.97;0.44;NA;ND;NA;NA;NA;
24;17;0.51;0.58;1.55;NA;0.28;0.84;0.73;NA;ND;NA;NA;NA;
24;18;0.63;0.68;1.55;NA;0.47;1.01;0.7;NA;ND;NA;NA;NA;
24;19;0.6;0.62;1.27;NA;0.33;0.71;0.64;NA;ND;NA;NA;NA;
24;20;0.67;0.69;1.25;NA;0.21;0.9;0.47;NA;ND;NA;NA;NA;
24;21;0.54;0.71;0.98;NA;0.11;0.68;0.46;NA;ND;NA;NA;NA;
24;22;0.52;0.55;0.71;NA;0.05;0.62;0.38;NA;ND;NA;NA;NA;
24;23;0.54;0.5;0.72;NA;0;0.58;0.52;NA;ND;NA;NA;NA;
25;0;0.56;0.46;ND;NA;0.06;0.55;0.35;NA;ND;NA;NA;NA;
25;1;0.47;0.41;0.5;NA;0.07;0.45;0.37;NA;ND;NA;NA;NA;
25;2;0.37;0.42;0.45;NA;0;0.39;0.38;NA;ND;NA;NA;NA;
25;3;0.35;0.39;0.43;NA;0;0.29;0.43;NA;ND;NA;NA;NA;
25;4;0.36;0.38;0.43;NA;0;0.35;0.43;NA;ND;NA;NA;NA;
25;5;0.42;0.47;0.46;NA;0.23;0.48;0.59;NA;ND;NA;NA;NA;
25;6;0.85;0.94;0.96;NA;1.28;1.32;0.95;NA;ND;NA;NA;NA;
25;7;1.05;1;1.38;NA;1.43;1.65;1.33;NA;ND;NA;NA;NA;
25;8;0.95;0.76;1.22;NA;0.28;1.14;0.53;NA;ND;NA;NA;NA;
25;9;0.86;0.75;1.39;NA;0.23;1.06;0.5;NA;ND;NA;NA;NA;
25;10;0.61;0.74;1.07;NA;ND;1.02;0.53;NA;ND;NA;NA;NA;
25;11;0.4;0.55;0.86;NA;ND;0.62;0.56;NA;ND;NA;NA;NA;
25;12;0.39;0.5;0.83;NA;0.57;0.63;0.6;NA;ND;NA;NA;NA;
25;13;0.34;0.58;0.81;NA;0.74;0.62;0.53;NA;ND;NA;NA;NA;
25;14;0.36;0.6;1.11;NA;0.54;0.61;0.54;NA;ND;NA;NA;NA;
25;15;0.42;0.66;1.02;NA;0.52;0.66;0.6;NA;ND;NA;NA;NA;
25;16;0.4;0.67;1.21;NA;0.46;0.89;0.68;NA;ND;NA;NA;NA;
25;17;0.45;0.63;1.33;NA;0.46;1.08;0.78;NA;ND;NA;NA;NA;
25;18;0.75;0.67;1.53;NA;0.65;1.01;1.16;NA;ND;NA;NA;NA;
25;19;0.85;0.94;1.27;NA;0.66;0.74;0.99;NA;ND;NA;NA;NA;
25;20;0.72;0.78;ND;NA;0.51;0.61;0.62;NA;ND;NA;NA;NA;
25;21;0.73;0.76;ND;NA;0.39;0.63;0.49;NA;ND;NA;NA;NA;
25;22;0.72;0.65;ND;NA;0.38;0.71;0.5;NA;ND;NA;NA;NA;
25;23;0.68;0.57;ND;NA;0.57;1.05;0.55;NA;ND;NA;NA;NA;
26;0;0.56;ND;0.71;NA;ND;ND;0.53;NA;ND;NA;NA;NA;
26;1;0.49;0.45;0.52;NA;0.39;0.65;0.39;NA;ND;NA;NA;NA;
26;2;0.45;0.46;0.5;NA;0.24;0.41;0.33;NA;ND;NA;NA;NA;
26;3;0.41;0.51;0.47;NA;0.23;0.51;0.48;NA;ND;NA;NA;NA;
26;4;0.37;0.46;0.49;NA;0.23;0.44;0.42;NA;ND;NA;NA;NA;
26;5;0.43;0.58;0.59;NA;0.57;0.56;0.47;NA;ND;NA;NA;NA;
26;6;0.74;0.74;0.91;NA;1.47;1.2;0.69;NA;ND;NA;NA;NA;
26;7;0.71;0.62;1.64;NA;1.17;1.35;0.52;NA;ND;NA;NA;NA;
26;8;0.64;0.61;1.45;NA;0.94;1.23;0.37;NA;ND;NA;NA;NA;
26;9;0.57;0.62;1.36;NA;0.72;0.99;0.42;NA;ND;NA;NA;NA;
26;10;0.47;0.73;1.02;NA;0.48;0.8;0.37;NA;ND;NA;NA;NA;
26;11;0.5;0.7;1;NA;0.62;0.8;0.48;NA;ND;NA;NA;NA;
26;12;0.41;0.67;0.97;NA;0.61;0.83;0.46;NA;ND;NA;NA;NA;
26;13;0.38;0.67;0.76;NA;0.55;0.66;0.5;NA;ND;NA;NA;NA;
26;14;0.41;0.67;0.63;NA;0.58;0.6;0.69;NA;ND;NA;NA;NA;
26;15;0.36;0.67;0.67;NA;0.67;0.75;0.8;NA;ND;NA;NA;NA;
26;16;0.38;0.7;1.23;NA;0.51;0.9;0.69;NA;ND;NA;NA;NA;
26;17;0.45;0.68;1.74;NA;0.61;0.88;0.89;NA;ND;NA;NA;NA;
26;18;0.79;0.74;1.45;NA;0.7;1.12;1.03;NA;ND;NA;NA;NA;
26;19;0.83;1;1;NA;1.16;0.71;0.76;NA;ND;NA;NA;NA;
26;20;1.03;1.11;1.65;NA;1.47;1.44;0.84;NA;ND;NA;NA;NA;
26;21;1.11;0.82;1.51;NA;1.73;1.92;0.65;NA;ND;NA;NA;NA;
26;22;0.99;0.76;1.28;NA;2.05;1.73;1.06;NA;ND;NA;NA;NA;
26;23;0.67;0.59;1.29;NA;1.61;1.89;1.02;NA;ND;NA;NA;NA;
27;0;0.57;0.52;ND;NA;1.06;1.02;0.73;NA;ND;NA;NA;NA;
27;1;0.45;0.54;0.73;NA;1.18;0.73;0.89;NA;ND;NA;NA;NA;
27;2;0.5;0.5;0.67;NA;0.93;0.6;1.05;NA;ND;NA;NA;NA;
27;3;0.42;0.49;0.59;NA;1.11;0.82;1.22;NA;ND;NA;NA;NA;
27;4;0.37;0.59;0.53;NA;0.65;0.69;1.2;NA;ND;NA;NA;NA;
27;5;0.43;0.72;0.59;NA;1.17;0.91;1.27;NA;ND;NA;NA;NA;
27;6;0.62;1.05;0.73;NA;1.48;1.55;1.81;NA;ND;NA;NA;NA;
27;7;0.69;1.17;1.15;NA;1.22;1.57;1.4;NA;ND;NA;NA;NA;
27;8;0.77;0.89;1.29;NA;1.33;1.07;0.48;NA;ND;NA;NA;NA;
27;9;0.86;0.79;1.18;NA;0.85;0.9;0.49;NA;ND;NA;NA;NA;
27;10;0.69;0.85;1.09;NA;0.72;0.82;0.59;NA;ND;NA;NA;NA;
27;11;0.69;0.83;0.95;NA;0.73;0.88;0.69;NA;ND;NA;NA;NA;
27;12;0.5;0.72;0.93;NA;0.65;0.71;0.43;NA;ND;NA;NA;NA;
27;13;0.46;0.78;0.82;NA;0.98;0.84;0.57;NA;ND;NA;NA;NA;
27;14;0.5;0.77;1;NA;0.93;0.77;0.71;NA;ND;NA;NA;NA;
27;15;0.56;0.79;1.2;NA;0.9;1.2;1.06;NA;ND;NA;NA;NA;
27;16;1.05;0.8;1.32;NA;0.97;1.13;1.31;NA;ND;NA;NA;NA;
27;17;0.95;0.96;1.1;NA;0.62;1.54;0.98;NA;ND;NA;NA;NA;
27;18;1.06;1.03;1.11;NA;1.83;1.36;0.86;NA;ND;NA;NA;NA;
27;19;0.92;0.99;1.04;NA;2.29;1.24;1.27;NA;ND;NA;NA;NA;
27;20;1.34;1.25;1.16;NA;1.88;1.84;1.43;NA;ND;NA;NA;NA;
27;21;1;1.19;1.3;NA;1.57;1.97;0.79;NA;ND;NA;NA;NA;
27;22;1.34;1.27;1.58;NA;1.66;1.37;1.41;NA;ND;NA;NA;NA;
27;23;1.08;0.82;1.21;NA;1.86;1.09;1.26;NA;ND;NA;NA;NA;
28;0;0.78;ND;1.42;NA;ND;ND;1.28;NA;ND;NA;NA;NA;
28;1;0.58;0.47;0.87;NA;1.31;1.53;1.08;NA;ND;NA;NA;NA;
28;2;0.49;0.45;0.69;NA;1.07;1.15;0.51;NA;ND;NA;NA;NA;
28;3;0.52;0.48;0.88;NA;0.68;1.08;0.54;NA;ND;NA;NA;NA;
28;4;0.53;0.64;1.01;NA;0.58;0.98;0.49;NA;ND;NA;NA;NA;
28;5;0.61;0.83;1.07;NA;0.87;1.17;0.84;NA;ND;NA;NA;NA;
28;6;0.88;1.17;1.14;NA;1.56;1.81;1.46;NA;ND;NA;NA;NA;
28;7;0.63;0.83;1.34;NA;1.21;1.8;1.05;NA;ND;NA;NA;NA;
28;8;0.58;0.53;0.94;NA;0.48;1.14;0.6;NA;ND;NA;NA;NA;
28;9;0.6;0.64;0.69;NA;0.26;0.61;0.47;NA;ND;NA;NA;NA;
28;10;0.55;0.65;0.58;NA;0.36;0.51;0.48;NA;ND;NA;NA;NA;
28;11;0.4;0.66;0.53;NA;0.29;0.44;0.42;NA;ND;NA;NA;NA;
28;12;0.37;0.59;0.47;NA;0.26;0.36;0.38;NA;ND;NA;NA;NA;
28;13;0.34;0.57;0.43;NA;0.22;0.4;0.42;NA;ND;NA;NA;NA;
28;14;0.34;0.56;0.43;NA;0.19;0.36;0.38;NA;ND;NA;NA;NA;
28;15;0.31;0.54;0.44;NA;0.16;0.31;0.39;NA;ND;NA;NA;NA;
28;16;0.34;0.52;0.47;NA;0.21;0.34;0.45;NA;ND;NA;NA;NA;
28;17;0.61;0.59;1.01;NA;0.43;0.58;0.51;NA;ND;NA;NA;NA;
28;18;0.8;0.73;1.64;NA;0.62;0.66;0.65;NA;ND;NA;NA;NA;
28;19;0.75;0.92;0.71;NA;0.61;0.45;0.57;NA;ND;NA;NA;NA;
28;20;0.79;0.86;0.87;NA;0.79;0.55;0.5;NA;ND;NA;NA;NA;
28;21;0.78;1.05;0.9;NA;0.84;0.85;0.48;NA;ND;NA;NA;NA;
28;22;0.85;0.58;0.85;NA;0.84;0.88;0.48;NA;ND;NA;NA;NA;
28;23;0.9;0.58;0.76;NA;0.83;0.85;0.39;NA;ND;NA;NA;NA;
29;0;0.57;0.78;ND;NA;0.76;0.64;0.3;NA;ND;NA;NA;NA;
29;1;0.47;0.76;0.69;NA;0.35;0.57;0.4;NA;ND;NA;NA;NA;
29;2;0.38;0.6;0.54;NA;0.17;0.42;0.41;NA;ND;NA;NA;NA;
29;3;0.39;0.63;0.42;NA;0.21;0.4;0.37;NA;ND;NA;NA;NA;
29;4;0.4;0.68;0.53;NA;0.33;0.48;0.47;NA;ND;NA;NA;NA;
29;5;0.7;0.93;0.7;NA;1.07;0.81;1;NA;ND;NA;NA;NA;
29;6;2.07;2.32;1.2;NA;2.67;1.89;2.28;NA;ND;NA;NA;NA;
29;7;1.43;1.96;2.3;NA;2.92;2.42;1.45;NA;ND;NA;NA;NA;
29;8;1.22;1.09;1.98;NA;1.32;1.71;0.58;NA;ND;NA;NA;NA;
29;9;1.06;1.16;1.77;NA;0.64;1.21;0.46;NA;ND;NA;NA;NA;
29;10;0.76;0.91;1.58;NA;0.74;1.17;0.41;NA;ND;NA;NA;NA;
29;11;0.43;0.69;1.06;NA;0.83;ND;0.54;NA;ND;NA;NA;NA;
29;12;0.42;ND;0.88;NA;0.67;0.67;0.68;NA;ND;NA;NA;NA;
29;13;0.4;ND;0.63;NA;0.72;0.65;0.61;NA;ND;NA;NA;NA;
29;14;0.39;0.34;0.89;NA;0.51;0.63;0.56;NA;ND;NA;NA;NA;
29;15;0.39;0.32;1.03;NA;0.51;0.58;0.54;NA;ND;NA;NA;NA;
29;16;0.56;0.3;1.14;NA;0.57;0.71;0.62;NA;ND;NA;NA;NA;
29;17;0.68;0.37;1.29;NA;0.68;0.79;0.77;NA;ND;NA;NA;NA;
29;18;0.7;0.49;1.08;NA;0.83;0.82;0.84;NA;ND;NA;NA;NA;
29;19;0.75;0.31;1.26;NA;0.91;0.73;0.91;NA;ND;NA;NA;NA;
29;20;0.78;0.38;1.26;NA;0.87;0.8;0.74;NA;ND;NA;NA;NA;
29;21;0.65;0.41;1.1;NA;0.57;0.77;0.52;NA;ND;NA;NA;NA;
29;22;0.53;0.34;0.73;NA;0.42;0.69;0.46;NA;ND;NA;NA;NA;
29;23;0.47;0.26;0.65;NA;0.54;0.69;0.69;NA;ND;NA;NA;NA;
30;0;0.42;ND;0.68;NA;ND;0.75;0.4;NA;ND;NA;NA;NA;
30;1;0.39;0.23;0.63;NA;0.41;0.63;0.3;NA;ND;NA;NA;NA;
30;2;0.39;0.25;0.65;NA;0.43;0.84;0.36;NA;ND;NA;NA;NA;
30;3;0.38;0.19;0.69;NA;0.53;0.62;0.5;NA;ND;NA;NA;NA;
30;4;0.38;0.22;0.7;NA;0.6;0.74;0.4;NA;ND;NA;NA;NA;
30;5;0.46;0.52;0.85;NA;0.96;0.92;0.78;NA;ND;NA;NA;NA;
30;6;0.98;0.93;1.27;NA;1.99;1.49;1.57;NA;ND;NA;NA;NA;
30;7;1.38;1.63;2;NA;2.25;2.99;1.39;NA;ND;NA;NA;NA;
30;8;1.1;0.85;2.48;NA;1.89;2.42;1.29;NA;ND;NA;NA;NA;
30;9;1.12;0.73;2.25;NA;1.24;2.39;0.67;NA;ND;NA;NA;NA;
30;10;0.89;0.67;1.81;NA;1.23;1.83;ND;NA;ND;NA;NA;NA;
30;11;0.58;0.52;ND;NA;1.14;1.4;ND;NA;ND;NA;NA;NA;
30;12;0.53;0.48;0.96;NA;ND;0.93;ND;NA;ND;NA;NA;NA;
30;13;0.42;0.42;0.98;NA;0.87;0.78;0.77;NA;ND;NA;NA;NA;
30;14;0.4;0.44;0.78;NA;0.79;0.64;0.63;NA;ND;NA;NA;NA;
30;15;0.39;0.41;0.87;NA;0.64;0.69;0.65;NA;ND;NA;NA;NA;
30;16;0.4;0.42;1.05;NA;0.69;0.59;0.75;NA;ND;NA;NA;NA;
30;17;0.45;0.34;1.37;NA;0.68;0.77;0.89;NA;ND;NA;NA;NA;
30;18;0.52;0.33;1.57;NA;0.78;0.89;1.04;NA;ND;NA;NA;NA;
30;19;0.72;0.31;1.23;NA;1.13;1.04;0.89;NA;ND;NA;NA;NA;
30;20;0.66;0.29;1.26;NA;1.28;0.85;0.69;NA;ND;NA;NA;NA;
30;21;0.5;0.17;1.19;NA;1.19;0.95;0.71;NA;ND;NA;NA;NA;
30;22;0.5;0.21;0.87;NA;0.77;0.78;0.58;NA;ND;NA;NA;NA;
30;23;0.42;0.19;0.53;NA;0.37;0.52;0.43;NA;ND;NA;NA;NA;
