DIA;HORA;Cotocollao;Carapungo;Belisario;Jipijapa;El Camal;Centro;Guamaní;Tumbaco;Los Chillos;El Condado;Turubamba;Chillogallo;
1;0;14.01;28.51;8.87;NA;11.86;10.57;20.32;30.94;7.77;NA;NA;NA;
1;1;10.3;22.08;16.35;NA;11.08;10.17;23.13;31.4;0.53;NA;NA;NA;
1;2;14.16;21.85;22.9;NA;13.42;11.4;24.29;30.62;0.72;NA;NA;NA;
1;3;12.4;24.39;17.59;NA;13.3;8.78;26.46;25.79;2.52;NA;NA;NA;
1;4;6.78;20.74;10.1;NA;8.92;10.06;24.29;1.13;1.41;NA;NA;NA;
1;5;2.85;11.92;2.11;NA;2.02;6.65;17.57;0.88;0.63;NA;NA;NA;
1;6;2.63;3.26;2.03;NA;3.97;2.22;14.55;1.52;1.57;NA;NA;NA;
1;7;5.42;6.88;4.57;NA;4.17;3.86;21.07;2.47;2.4;NA;NA;NA;
1;8;9.79;14.62;6.55;NA;9.32;9.15;24.43;4.59;5.3;NA;NA;NA;
1;9;20.93;30.64;11.34;NA;26.9;19.23;34.32;10.83;14.19;NA;NA;NA;
1;10;36.57;42.95;29.88;NA;37.64;31.56;38.93;ND;24.56;NA;NA;NA;
1;11;48.12;52.68;27.4;NA;23.83;28.89;47.18;ND;35.02;NA;NA;NA;
1;12;59.48;59.01;31.3;NA;22;33.82;45.22;51.79;33.11;NA;NA;NA;
1;13;45.24;49.2;39.31;NA;35.77;39.13;50.32;52.05;41.95;NA;NA;NA;
1;14;37.8;45.53;44.54;NA;34.04;50.03;49.59;50.85;46.72;NA;NA;NA;
1;15;36.48;43.93;44.47;NA;37.03;41.12;42.29;43.05;42.92;NA;NA;NA;
1;16;35;43.17;32.1;NA;33.81;28.62;21.95;43.4;26.06;NA;NA;NA;
1;17;29.09;33.59;13.94;NA;20.1;19.83;9.15;31.98;14.67;NA;NA;NA;
1;18;19.66;30.41;6.45;NA;8.91;12.43;12.92;30.54;12.67;NA;NA;NA;
1;19;21.65;32.68;3.09;NA;8.2;3.29;2.45;27.59;7.34;NA;NA;NA;
1;20;8.1;28.67;1.2;NA;10.43;1.15;4.84;27.2;1;NA;NA;NA;
1;21;2.15;18.75;1.72;NA;2.37;0.55;1.01;29.75;3.79;NA;NA;NA;
1;22;3.67;24.63;3.51;NA;ND;0.58;0.87;30.82;19.87;NA;NA;NA;
1;23;10.92;31.21;4.08;NA;ND;0.19;1;32.86;24.19;NA;NA;NA;
2;0;22.96;31.51;10.67;NA;1.95;0.64;0.81;32.73;24.85;NA;NA;NA;
2;1;20.91;33.71;16.94;NA;4.33;4.38;3.53;31.64;27.09;NA;NA;NA;
2;2;15.78;27.72;20.4;NA;0.42;0.91;6.25;29.54;24.73;NA;NA;NA;
2;3;18.4;23.14;26.89;NA;2.23;1.73;6.43;25.81;23.91;NA;NA;NA;
2;4;9.95;14.43;23.15;NA;6.16;3.72;7.29;15.67;23.13;NA;NA;NA;
2;5;3.39;8.06;4.91;NA;0.85;0.71;4.63;4.29;12.92;NA;NA;NA;
2;6;1.81;7.24;3.23;NA;2.3;1.32;5.76;2.63;3.94;NA;NA;NA;
2;7;4.6;12.8;6.44;NA;7.06;3.59;17.49;6.87;2.69;NA;NA;NA;
2;8;11.52;22.63;9.32;NA;11.68;10.49;20.02;11.79;9.61;NA;NA;NA;
2;9;21.77;27.53;20.25;NA;21.3;21.2;25.74;21.53;18.86;NA;NA;NA;
2;10;30.58;37.39;24.85;NA;33.52;28.97;34.08;37.21;33.23;NA;NA;NA;
2;11;41.34;49.7;35.02;NA;42.12;39.62;46.92;45.04;43.47;NA;NA;NA;
2;12;58.91;70.09;37.79;NA;46.42;45.6;68.72;60.16;55.83;NA;NA;NA;
2;13;63.25;61.37;59.05;NA;45.84;45.31;55.46;61.79;29.52;NA;NA;NA;
2;14;40.6;49.34;59.77;NA;49.44;53.41;53.58;57.64;37.2;NA;NA;NA;
2;15;34.28;49.84;31.99;NA;23.63;34.49;47.37;35.72;34.54;NA;NA;NA;
2;16;28.69;41.55;34.43;NA;22.98;22.61;24.21;38.97;22.24;NA;NA;NA;
2;17;25.93;34.61;9.64;NA;11.46;13.63;13.96;31.6;23.88;NA;NA;NA;
2;18;20.39;24.8;1.94;NA;6.22;4.49;6.16;26.63;15.66;NA;NA;NA;
2;19;13.58;22.22;1.23;NA;4.45;1.52;4.88;25.75;11.6;NA;NA;NA;
2;20;7.38;21.87;0.58;NA;2.35;0.92;5.05;24.15;14.11;NA;NA;NA;
2;21;2.39;18.74;0.59;NA;1.95;0.69;6.72;26.12;9.05;NA;NA;NA;
2;22;8.64;12.53;2.43;NA;2.12;2;3.27;25.92;14.12;NA;NA;NA;
2;23;6.66;17.41;3.44;NA;10.76;9.02;2.29;25.03;16.07;NA;NA;NA;
3;0;3.95;20.65;5.12;NA;9.2;8.04;3.48;7.73;5.28;NA;NA;NA;
3;1;9.52;26.18;10.02;NA;11.78;11.07;7.93;17.28;7.21;NA;NA;NA;
3;2;17.43;27.82;9.56;NA;9.14;10.46;10.12;23.9;6.61;NA;NA;NA;
3;3;4.28;11.82;3.49;NA;1.62;8.54;11.22;21.52;4.13;NA;NA;NA;
3;4;1.3;7.6;3.86;NA;1.77;1.89;15.64;12.63;3.13;NA;NA;NA;
3;5;2.14;10.71;2.55;NA;1.27;0.99;15.46;8.63;1.1;NA;NA;NA;
3;6;1.49;6.07;2.58;NA;2.45;1.33;15.12;5.69;1.51;NA;NA;NA;
3;7;5.41;9.14;4.34;NA;3.62;5.97;10.55;8.69;3.61;NA;NA;NA;
3;8;12.68;14.63;10.02;NA;16.02;16.46;24.69;7.79;9.98;NA;NA;NA;
3;9;24.41;27.92;14.28;NA;37.12;29.94;32.26;16.29;20.22;NA;NA;NA;
3;10;32.39;41.8;34.75;NA;31.78;31.02;39.11;22.6;40.14;NA;NA;NA;
3;11;35.7;45.48;35.16;NA;29.21;34.79;50.71;42.12;27.02;NA;NA;NA;
3;12;41.58;45.62;38.22;NA;38.6;37.86;50.4;45.31;33.84;NA;NA;NA;
3;13;37.8;45.53;41.58;NA;36.22;36.2;49.03;49.04;37.85;NA;NA;NA;
3;14;37.06;43.23;45.44;NA;40.2;44.8;45.8;43.94;32.61;NA;NA;NA;
3;15;35.86;45.59;39.57;NA;30.05;30.16;40.77;40.45;31.73;NA;NA;NA;
3;16;35.61;42.67;35.66;NA;24.1;22.79;30.79;40.32;26.47;NA;NA;NA;
3;17;32.33;36.4;25.1;NA;17;9.68;18.99;36.43;17.02;NA;NA;NA;
3;18;21.21;25.96;12.16;NA;10.37;11.14;18.84;29.86;5.32;NA;NA;NA;
3;19;9.38;21.82;3.15;NA;4.15;2.81;4.87;23.87;13.12;NA;NA;NA;
3;20;3.63;24.03;3.15;NA;2.78;3.93;5.86;24.72;17.99;NA;NA;NA;
3;21;6.33;24.47;4.22;NA;6.12;7.19;10.49;27.15;14.54;NA;NA;NA;
3;22;3.82;24.03;1.35;NA;2.16;3.71;8.2;25.36;17.88;NA;NA;NA;
3;23;5.42;23.78;5.69;NA;5.57;6.52;6.59;24.69;16.2;NA;NA;NA;
4;0;8.19;26.39;7.24;NA;4.59;8.08;9.69;21.28;10.58;NA;NA;NA;
4;1;12.97;23.74;8.44;NA;5.06;5.38;8.72;23.53;12.71;NA;NA;NA;
4;2;13.92;21.77;8.17;NA;7.65;3.73;5.82;24.83;13.92;NA;NA;NA;
4;3;15.58;25.54;10;NA;6.38;2.5;7.41;27.72;14.05;NA;NA;NA;
4;4;13.74;22.13;3.86;NA;0.78;0.54;14.11;26.96;12.98;NA;NA;NA;
4;5;8.8;14.75;10.08;NA;0.04;0.68;6.13;23.94;0.87;NA;NA;NA;
4;6;3.7;4.65;7.9;NA;2.78;1.01;4.7;16.93;1.25;NA;NA;NA;
4;7;4.93;11.72;5.38;NA;3.41;2.84;4.65;10.41;2.72;NA;NA;NA;
4;8;13.24;17.45;10.69;NA;12.6;11.21;18.09;6.03;6.82;NA;NA;NA;
4;9;24.82;27.86;14.8;NA;18.51;16.43;26.56;11.9;11.32;NA;NA;NA;
4;10;33.75;36.82;16.35;NA;23.38;20.56;17.59;19.06;17.41;NA;NA;NA;
4;11;49.95;50.82;33.87;NA;35.1;39.65;28.48;31.42;29.36;NA;NA;NA;
4;12;54.74;55.47;39.13;NA;29.89;39.27;38.87;42;34.03;NA;NA;NA;
4;13;52.19;49.91;47.28;NA;33.6;45.1;38.09;48.08;39.12;NA;NA;NA;
4;14;38.29;40.13;45.52;NA;28.63;32.32;31.35;40.7;24.16;NA;NA;NA;
4;15;31.07;36.1;38.15;NA;27.32;28.25;31.1;35.49;19.04;NA;NA;NA;
4;16;35.09;42.56;35.15;NA;29.03;30.3;32.08;44.18;16.72;NA;NA;NA;
4;17;29.6;34.51;19.67;NA;19.02;24.88;25.61;35.52;36.81;NA;NA;NA;
4;18;12.66;25.41;9.27;NA;10.6;12.89;11.64;27.02;31.86;NA;NA;NA;
4;19;6.74;19.52;8.15;NA;12.35;17.89;2.67;26.02;19.49;NA;NA;NA;
4;20;2.59;19.79;4.01;NA;19.13;19.08;4.84;21.27;8.96;NA;NA;NA;
4;21;2.66;18.27;2.05;NA;9.4;8.52;12.93;18.59;14.36;NA;NA;NA;
4;22;8.2;19.65;3.96;NA;16.12;3.94;4.87;16.14;16.68;NA;NA;NA;
4;23;9.08;19.95;9.47;NA;11.98;5.74;22.58;21.94;13.8;NA;NA;NA;
5;0;9.48;16.09;10.13;NA;7.6;4.54;25.61;20.59;11.9;NA;NA;NA;
5;1;9.21;13.85;11.3;NA;6.73;3.36;17.23;20.15;14.11;NA;NA;NA;
5;2;6.73;13.01;7.51;NA;3.65;3.61;11.64;15.61;15.65;NA;NA;NA;
5;3;6.6;10.1;3.94;NA;1.41;1.18;14.19;1.98;7.82;NA;NA;NA;
5;4;1.77;7.58;2.79;NA;1.31;2;12.84;3.47;2.4;NA;NA;NA;
5;5;1.89;3.63;1.65;NA;0.76;0.37;12.17;1.39;1.69;NA;NA;NA;
5;6;2.17;3.36;1.96;NA;2.37;0.71;7.99;2.76;1.54;NA;NA;NA;
5;7;7.16;6.63;5.68;NA;3;5.09;18.42;4.47;4.88;NA;NA;NA;
5;8;16.59;20.72;11.51;NA;13.78;14.38;29.31;6.54;12.92;NA;NA;NA;
5;9;35.1;37.68;22.55;NA;27.56;21.72;37.04;14.14;24.17;NA;NA;NA;
5;10;48.19;55.33;41.71;NA;ND;35.66;58.53;34.23;36.72;NA;NA;NA;
5;11;51.05;52.79;ND;NA;ND;42.81;65.55;48;32.14;NA;NA;NA;
5;12;32.55;42.65;ND;NA;23.1;45.13;56.33;49.8;52.26;NA;NA;NA;
5;13;30;35.5;29.46;NA;23.81;37.39;62.18;40.96;46.42;NA;NA;NA;
5;14;27.73;37.05;35.17;NA;ND;26.05;29.22;36.09;32.87;NA;NA;NA;
5;15;24.81;31.46;ND;NA;ND;18.6;5.64;27.11;23.44;NA;NA;NA;
5;16;11.65;22.79;ND;NA;ND;20.65;10.43;25.13;14.62;NA;NA;NA;
5;17;7.03;12.9;ND;NA;7.09;3.38;15.97;20.69;11.9;NA;NA;NA;
5;18;4.13;16.72;5.1;NA;8.89;0.89;12.1;19.04;2.26;NA;NA;NA;
5;19;1.3;12.79;1.22;NA;2.62;2.76;12.4;4.63;3.57;NA;NA;NA;
5;20;1.5;12.31;0.8;NA;7.22;0.78;0.08;3.74;1.08;NA;NA;NA;
5;21;1.63;5;0.59;NA;2.62;0.84;0.62;9.3;0.74;NA;NA;NA;
5;22;5.16;5.87;0.51;NA;1.4;0.53;2.3;6.58;0.82;NA;NA;NA;
5;23;3.33;15.1;0.75;NA;2.19;2.5;1.21;2.82;0.61;NA;NA;NA;
6;0;5.08;10.81;0.56;NA;1.05;4.82;0;2.27;0.53;NA;NA;NA;
6;1;1.77;8.56;0.9;NA;2.23;0.96;0.67;1.09;0.35;NA;NA;NA;
6;2;2.07;6.53;0.92;NA;0.69;0.91;3.38;0.58;0.78;NA;NA;NA;
6;3;2.05;8.87;0.98;NA;0.09;0.53;6.46;0.59;0;NA;NA;NA;
6;4;1.42;3.76;0.69;NA;0.61;0.2;5.05;0.57;0;NA;NA;NA;
6;5;1.75;1.87;0.67;NA;1.2;0.54;2.83;0.54;0.06;NA;NA;NA;
6;6;3.2;1.51;1.92;NA;1.37;2.83;1.41;0.94;0.91;NA;NA;NA;
6;7;7.26;3.69;3.91;NA;2.99;2.99;4.64;1.53;1.76;NA;NA;NA;
6;8;7.12;6.48;5.29;NA;5.55;7.11;12.68;2.16;2.06;NA;NA;NA;
6;9;10.49;18.06;16.91;NA;19.99;23.66;21.65;7.65;8.17;NA;NA;NA;
6;10;22.09;40.42;23.93;NA;39.44;42.55;43.39;ND;31.74;NA;NA;NA;
6;11;25.89;49.6;22.93;NA;43.73;45;33.88;ND;47.68;NA;NA;NA;
6;12;20.33;55.8;34.37;NA;59.91;49.71;41.18;ND;42.63;NA;NA;NA;
6;13;33.35;47.18;49.87;NA;26.34;47.94;47.02;69.4;58.22;NA;NA;NA;
6;14;32.01;39.98;34.56;NA;22.16;40.05;29.94;64.87;ND;NA;NA;NA;
6;15;30.46;38.36;15.44;NA;19.45;18.01;ND;32.2;ND;NA;NA;NA;
6;16;23.18;36.28;5.54;NA;18.46;7.06;ND;28.69;11.81;NA;NA;NA;
6;17;10.77;29.45;6.7;NA;17.24;5.73;ND;19.05;5.52;NA;NA;NA;
6;18;6.15;21.09;4.49;NA;14.76;3.27;8.36;16.2;1.76;NA;NA;NA;
6;19;8.61;18.24;5.63;NA;14.47;1.04;5.05;19.69;3.05;NA;NA;NA;
6;20;10.89;19.29;5.15;NA;9.1;1.67;4.38;20.73;15.07;NA;NA;NA;
6;21;10.04;23.37;7.74;NA;8.51;1.61;5.47;16.59;18.31;NA;NA;NA;
6;22;14.59;22.08;10.57;NA;9.04;1.94;9.36;14.95;17.68;NA;NA;NA;
6;23;17.47;24.22;13.47;NA;3.71;4.9;14.64;8.59;15.25;NA;NA;NA;
7;0;5.95;29.37;17.29;NA;2.11;3.66;20.29;11.4;11;NA;NA;NA;
7;1;14.05;28.93;5.36;NA;3.69;1.01;18.16;5.94;1.31;NA;NA;NA;
7;2;23.5;24.45;10.32;NA;5.61;7.45;15.17;7.84;1.58;NA;NA;NA;
7;3;20.51;14.61;4.03;NA;7.81;11.09;16.51;5.26;2.01;NA;NA;NA;
7;4;13.48;11.72;13.46;NA;6.32;6.4;16.49;1.92;1.83;NA;NA;NA;
7;5;6.47;4.33;21.05;NA;3.05;1.1;10.22;0.56;2.02;NA;NA;NA;
7;6;5.36;1.24;2.45;NA;4.16;1.15;2.68;0.85;2.07;NA;NA;NA;
7;7;5.45;4.1;2.55;NA;2.71;2.31;5.4;1.52;5.83;NA;NA;NA;
7;8;14.17;10.97;8.02;NA;8.33;5.12;10.66;4.45;10.54;NA;NA;NA;
7;9;23.53;21.66;14.23;NA;15.17;12.12;41.09;5.62;18.06;NA;NA;NA;
7;10;ND;ND;26.83;NA;23.07;21.9;71.82;15.54;21.34;NA;NA;NA;
7;11;ND;ND;48.74;NA;41.57;40.56;61.58;32.79;17.86;NA;NA;NA;
7;12;47.28;ND;53.36;NA;64.1;49.28;41.7;50.16;42.65;NA;NA;NA;
7;13;41.78;52.77;48.55;NA;39.39;58.8;54.57;54.97;57.98;NA;NA;NA;
7;14;ND;ND;21.4;NA;21.77;23.42;38.48;46.32;44.6;NA;NA;NA;
7;15;ND;ND;15;NA;14.72;16.1;18.85;32.19;25.77;NA;NA;NA;
7;16;15.15;ND;10.26;NA;17.49;21.65;16.37;21.04;20.45;NA;NA;NA;
7;17;21.24;ND;5.74;NA;12.59;10.36;21.51;10.21;15.61;NA;NA;NA;
7;18;5.45;11.41;3.82;NA;5.45;2.67;8.17;20.16;9.86;NA;NA;NA;
7;19;3.56;4.45;1.98;NA;5.53;5.45;16.73;10.69;5.39;NA;NA;NA;
7;20;1.62;1.31;1.04;NA;3.4;1.52;17.19;3.29;5.74;NA;NA;NA;
7;21;1.67;1.14;1.11;NA;2.28;0.57;6.54;0.96;5.7;NA;NA;NA;
7;22;0.97;0.42;0.49;NA;1.78;2.07;13.93;0.62;4.13;NA;NA;NA;
7;23;1.2;0.44;0.97;NA;2.25;0.76;15.5;0.3;3.76;NA;NA;NA;
8;0;1.42;1.54;1.14;NA;0.23;1.57;16.93;0.04;4.18;NA;NA;NA;
8;1;1.75;3.79;0.97;NA;0.17;1.41;14.51;0.3;4.48;NA;NA;NA;
8;2;1.99;0.81;2.45;NA;0.08;5.55;16.76;0.09;3.63;NA;NA;NA;
8;3;1.78;0.35;3.95;NA;ND;5.8;24.85;0.02;3.04;NA;NA;NA;
8;4;1.92;0.76;1.48;NA;0.45;2.37;8.61;0.11;3.88;NA;NA;NA;
8;5;2.21;1.56;0.91;NA;1.47;1.66;4.68;0.06;3.43;NA;NA;NA;
8;6;3.56;2.75;1.72;NA;5.55;2.49;5.06;1.04;6.16;NA;NA;NA;
8;7;5.12;4.98;4.16;NA;5.73;4.39;21.48;2.54;10.15;NA;NA;NA;
8;8;13.35;18.02;12.96;NA;12.64;21.16;37.32;11.97;15.82;NA;NA;NA;
8;9;35.89;38.07;32.08;NA;34.84;44.42;46.61;34.14;32.66;NA;NA;NA;
8;10;ND;48.85;47.19;NA;39.09;46.63;67.62;52.21;28.77;NA;NA;NA;
8;11;ND;54.09;62.83;NA;48.58;57.89;88.38;ND;39.54;NA;NA;NA;
8;12;ND;43.95;60.1;NA;58.53;63.98;84.88;ND;57.81;NA;NA;NA;
8;13;ND;41.16;41.21;NA;49.25;54.44;80.32;ND;61.53;NA;NA;NA;
8;14;44.23;38.86;46.1;NA;45.79;48.71;64.6;44.63;52.81;NA;NA;NA;
8;15;39.73;37.47;37.77;NA;36.91;42.29;56.12;45.87;51.45;NA;NA;NA;
8;16;34.08;29.35;24.85;NA;28.57;27.86;40.26;41.26;41.81;NA;NA;NA;
8;17;27.82;28.07;17.13;NA;23.34;15.35;35.43;28.75;30.45;NA;NA;NA;
8;18;27.44;24.29;5.14;NA;9.27;4.81;32.37;23.86;26.86;NA;NA;NA;
8;19;4;7.58;4.08;NA;18.1;11.14;36.67;13.64;25.95;NA;NA;NA;
8;20;5.28;6.07;12.63;NA;5.97;19.4;48.35;10.58;22.25;NA;NA;NA;
8;21;2.52;9.68;9.74;NA;8.97;22.1;47.74;1.91;18.06;NA;NA;NA;
8;22;1.14;1.15;10.33;NA;5.61;19.65;32.47;3.6;10.28;NA;NA;NA;
8;23;1.69;0.75;3.53;NA;3.6;6.17;16.18;1.64;3.48;NA;NA;NA;
9;0;4.89;1.71;2.2;NA;0.68;3.59;21.14;0.08;2.3;NA;NA;NA;
9;1;1.97;5.66;4.1;NA;1.83;4.53;23.39;1.6;3.41;NA;NA;NA;
9;2;1.75;3.42;2.05;NA;0.92;6.58;10.69;0.98;2.22;NA;NA;NA;
9;3;2.3;2.41;1.44;NA;2;1.2;13.87;0.16;3.45;NA;NA;NA;
9;4;1.68;1.5;1.37;NA;0.92;0.8;28.33;0.09;2.95;NA;NA;NA;
9;5;3.79;1.17;1.19;NA;1.91;0.59;25.84;0.43;3.16;NA;NA;NA;
9;6;3.31;2.71;1.39;NA;3.9;1.59;11;0.74;4.92;NA;NA;NA;
9;7;4.93;5.27;3.37;NA;5.67;3.52;14.08;2.66;8.07;NA;NA;NA;
9;8;21.44;10.97;5.56;NA;8.37;9.53;31.93;8.08;11.28;NA;NA;NA;
9;9;27.37;24.37;13.91;NA;16.93;16.21;40.76;13.66;25.5;NA;NA;NA;
9;10;48.25;42.62;11.03;NA;18.95;19.93;46.28;30.05;12.69;NA;NA;NA;
9;11;63.45;49.64;31.63;NA;27.45;32.87;57.47;44.71;18.56;NA;NA;NA;
9;12;70.75;68.73;35.5;NA;37.78;51.9;63.66;51.4;35.28;NA;NA;NA;
9;13;71.07;72.45;60.15;NA;58.34;60.67;78.7;63.34;65.54;NA;NA;NA;
9;14;59.58;50;32.84;NA;61.21;57.22;65.94;53.49;48.38;NA;NA;NA;
9;15;40.24;40.61;27.35;NA;28.61;22.26;43.73;23.08;27.39;NA;NA;NA;
9;16;23.64;24.57;18.93;NA;25.14;23.3;45.47;16.87;30.28;NA;NA;NA;
9;17;13.85;28.53;6.9;NA;13.19;10.4;8.83;22.51;5.94;NA;NA;NA;
9;18;13.3;17.11;7.52;NA;1.52;2.59;14.61;7.5;7.17;NA;NA;NA;
9;19;7.83;3.5;2.31;NA;1.31;1.22;10.48;1.4;6.36;NA;NA;NA;
9;20;2.34;2.02;1.12;NA;0.74;2.46;19.58;1.04;7.4;NA;NA;NA;
9;21;2.45;2.56;3.93;NA;0.7;8.67;22.94;0.87;7.56;NA;NA;NA;
9;22;2.49;0.92;2.5;NA;0.56;1.53;1.74;0.54;4.98;NA;NA;NA;
9;23;3.72;1.09;1.62;NA;0.52;1.31;25.85;0.57;6.75;NA;NA;NA;
10;0;3.67;0.8;1.84;NA;0.85;1.18;38.39;0.34;5.15;NA;NA;NA;
10;1;3.26;1.53;7.37;NA;0.74;4.02;37.84;0.44;4.05;NA;NA;NA;
10;2;3.75;1.1;1.62;NA;0.91;8.97;35;0.29;6.19;NA;NA;NA;
10;3;2.84;2.4;16.63;NA;1.78;9.44;31.04;0.33;4.39;NA;NA;NA;
10;4;2.48;1.2;17.88;NA;1.79;11.02;29.85;0.68;3.8;NA;NA;NA;
10;5;2.6;2.49;24.06;NA;2.25;6.51;29.58;0.42;4.52;NA;NA;NA;
10;6;3.48;3.28;6.81;NA;3.81;4.67;29.44;0.63;5.88;NA;NA;NA;
10;7;6.17;4.16;18.04;NA;7.4;12.53;33.48;2.03;9.29;NA;NA;NA;
10;8;19.86;16.43;12.35;NA;16.43;20.57;33.19;1.95;11.27;NA;NA;NA;
10;9;30.62;26.01;20.54;NA;22.04;23.46;39.16;3.18;15.39;NA;NA;NA;
10;10;38.74;43.62;29.48;NA;29.58;32.06;49.08;13.96;19.81;NA;NA;NA;
10;11;52.09;39.21;48.1;NA;46.39;50.65;47.2;35.73;13.93;NA;NA;NA;
10;12;70.79;59.91;47.49;NA;46.45;52.94;46.77;54.25;36.86;NA;NA;NA;
10;13;66.84;57.46;47.73;NA;54.94;54.63;42.78;61.3;45.31;NA;NA;NA;
10;14;58.34;54.89;49.29;NA;34.86;49.78;45.41;65.3;40.79;NA;NA;NA;
10;15;51.57;53.09;52.7;NA;23.18;35.02;39.3;50.16;35.83;NA;NA;NA;
10;16;37.74;48.24;26.2;NA;16.19;17.11;27.03;26.46;17.88;NA;NA;NA;
10;17;23.13;39.14;21.34;NA;10.24;5.06;22.01;17.2;9.23;NA;NA;NA;
10;18;10.3;23.36;2.03;NA;2.2;3.34;18.33;7.08;7.32;NA;NA;NA;
10;19;2.72;10.14;1.15;NA;3.17;2.04;20.91;2.93;4.86;NA;NA;NA;
10;20;2.39;4.37;0.98;NA;2.75;4.58;13.2;2.15;6.65;NA;NA;NA;
10;21;2.72;2.3;1.37;NA;4.42;2.56;2.04;0.65;4.33;NA;NA;NA;
10;22;3.89;4.88;1.33;NA;2.91;2.31;2.04;0.55;5.64;NA;NA;NA;
10;23;4.34;0.62;0.91;NA;1.18;1.5;1.47;0.22;5.28;NA;NA;NA;
11;0;3.08;13.55;0.81;NA;2.57;1.12;1.96;0.16;5.59;NA;NA;NA;
11;1;3.06;3.22;0.82;NA;1.34;0.99;7.86;0.1;5.98;NA;NA;NA;
11;2;2.78;1.76;1.31;NA;0.2;1.24;8.28;0.32;3.68;NA;NA;NA;
11;3;2.43;0.44;1.07;NA;0.17;1.15;25.67;0.28;1.29;NA;NA;NA;
11;4;3.09;0.01;0.77;NA;0.35;1.19;29.15;0.36;2.06;NA;NA;NA;
11;5;3.03;0.4;6.9;NA;1.95;4.34;30.44;0.23;4.71;NA;NA;NA;
11;6;4.6;1.2;1.26;NA;3.51;4.94;27.76;0.11;6.14;NA;NA;NA;
11;7;8.79;3.26;3.08;NA;3.42;2.57;25.9;1.18;7.03;NA;NA;NA;
11;8;23.27;16.72;8.26;NA;8.69;11.51;29.61;2.6;12.47;NA;NA;NA;
11;9;40.28;32.36;23.84;NA;21.66;26.65;34.72;9.9;25.14;NA;NA;NA;
11;10;61.64;56.17;41.22;NA;32.83;43.35;40.71;33.41;41.97;NA;NA;NA;
11;11;71.9;53.97;65.37;NA;40.44;53.12;52.64;45.64;58.59;NA;NA;NA;
11;12;54.01;61.36;59.81;NA;33.93;77.03;51.83;73.69;59.87;NA;NA;NA;
11;13;45.21;53.61;62.3;NA;33.48;52.42;45.78;65.59;57.77;NA;NA;NA;
11;14;36.89;38.84;49.84;NA;29.56;43.48;42.19;48.16;43.79;NA;NA;NA;
11;15;35.05;29.77;35.63;NA;22.19;32.21;26.91;37.35;35.04;NA;NA;NA;
11;16;30.91;30.77;28.48;NA;24.29;21.65;26.15;34;17.11;NA;NA;NA;
11;17;16.51;28;18.38;NA;13.38;16.81;19.17;23.25;24.85;NA;NA;NA;
11;18;13.46;21.4;13.19;NA;7.17;3.93;6.66;24.28;26.71;NA;NA;NA;
11;19;12.68;17.2;8.82;NA;4.62;5.79;14.79;25.28;26.68;NA;NA;NA;
11;20;17.2;20.84;12.61;NA;4.83;9.76;24.05;28.49;30.16;NA;NA;NA;
11;21;19.29;24.83;16.89;NA;4.37;10.53;32.27;23.01;27.89;NA;NA;NA;
11;22;18.38;25.42;16.11;NA;6.54;18.28;28.41;23.58;30.95;NA;NA;NA;
11;23;23.6;27.59;20.59;NA;9.5;18.81;34.36;30.77;30.98;NA;NA;NA;
12;0;18.87;25.05;21.68;NA;19.39;20.38;33.43;27.89;29.41;NA;NA;NA;
12;1;25.66;27.5;28.16;NA;23.37;22.95;34.84;27.39;27.87;NA;NA;NA;
12;2;27.63;26.72;20.72;NA;22.35;28.81;30.94;23.33;16.58;NA;NA;NA;
12;3;19.05;23.97;17.33;NA;21.23;23.39;22.12;12.51;9.43;NA;NA;NA;
12;4;5.25;9.31;23.91;NA;12.93;10.06;19.54;8.01;8.93;NA;NA;NA;
12;5;4.3;1.62;7.17;NA;0.74;2.11;16.52;3.96;4.78;NA;NA;NA;
12;6;3.72;2.62;1.62;NA;2.35;2.76;4.2;1.67;5.46;NA;NA;NA;
12;7;12.09;7.49;5.84;NA;4.73;6.91;15;3.08;9.73;NA;NA;NA;
12;8;27.35;22.29;14.06;NA;13.14;18.9;30.71;10.59;19.42;NA;NA;NA;
12;9;39.58;31.89;25.26;NA;21.67;25.62;63.23;33.71;37.21;NA;NA;NA;
12;10;50.78;48.31;37.09;NA;29.08;37.13;66.51;46.82;30.4;NA;NA;NA;
12;11;53.43;46.17;51.3;NA;47.65;50.59;73.97;48.39;33.87;NA;NA;NA;
12;12;48.11;37.04;39.77;NA;47.55;44.91;64.4;52.94;48.2;NA;NA;NA;
12;13;47.82;44.38;40.06;NA;36.27;44.78;53.92;48.56;43.75;NA;NA;NA;
12;14;44.63;39.52;29.04;NA;25.03;31.52;48.97;46.08;41;NA;NA;NA;
12;15;40.12;ND;ND;NA;19.03;18.18;35.84;20.01;25.15;NA;NA;NA;
12;16;27.56;ND;7.13;NA;15.05;10.6;20.41;19.49;8.3;NA;NA;NA;
12;17;ND;19.46;2.57;NA;16.92;5.47;15.59;18.76;15.54;NA;NA;NA;
12;18;17.45;12.68;1.31;NA;7.38;2.7;7.71;9.17;10.7;NA;NA;NA;
12;19;7.2;10.02;1.25;NA;1.52;1.27;8.69;0.75;9.7;NA;NA;NA;
12;20;3.04;10.55;ND;NA;2.94;1.31;1.95;1.62;6.95;NA;NA;NA;
12;21;11.1;18.33;1.62;NA;2.08;2.01;1.6;0.59;5.67;NA;NA;NA;
12;22;13.46;23.23;0.94;NA;1.02;1.49;1.02;ND;ND;NA;NA;NA;
12;23;19.95;24.11;0.45;NA;0.58;1.13;0.95;ND;ND;NA;NA;NA;
13;0;25.73;19.49;0.8;NA;ND;0.26;0.95;ND;2.87;NA;NA;NA;
13;1;24.93;17.06;0.54;NA;ND;0.1;0.96;ND;2.77;NA;NA;NA;
13;2;21.93;3.93;1.38;NA;2.69;0.9;1.79;1.76;2.93;NA;NA;NA;
13;3;4.79;0.22;3.89;NA;1.07;1.49;2.05;ND;2.57;NA;NA;NA;
13;4;2.95;1.61;1.02;NA;2.44;1;3.46;ND;2.71;NA;NA;NA;
13;5;2.72;1.26;0.84;NA;3.04;1.21;1.31;ND;3.75;NA;NA;NA;
13;6;2.26;4.34;1.47;NA;2.6;1.23;3.46;0.52;5.87;NA;NA;NA;
13;7;6.58;7.63;4.73;NA;2.8;4.29;12.71;2.31;8.62;NA;NA;NA;
13;8;11.94;15.29;13.1;NA;16.83;15.02;28.85;10.07;17.46;NA;NA;NA;
13;9;24.31;23.99;24.98;NA;30.66;30.83;ND;23.58;36.16;NA;NA;NA;
13;10;43.03;38.31;36.48;NA;38.16;ND;55.57;40.34;38.74;NA;NA;NA;
13;11;56.13;43.25;49.7;NA;39.2;ND;73.67;53.63;34.16;NA;NA;NA;
13;12;57.11;46.6;59.84;NA;49.14;58.1;71.1;56.26;40.66;NA;NA;NA;
13;13;46.46;40.98;55.71;NA;57.58;64.18;ND;55.89;58.13;NA;NA;NA;
13;14;40.76;35.88;44.83;NA;49.1;ND;ND;43.52;53.74;NA;NA;NA;
13;15;34.3;29.65;37.43;NA;32.08;ND;55.77;33.6;40.18;NA;NA;NA;
13;16;31.6;26.57;24.64;NA;36.27;ND;38.56;31.87;41.46;NA;NA;NA;
13;17;23.64;22.18;9.98;NA;23.13;ND;39.84;28.29;33.68;NA;NA;NA;
13;18;16.1;16.95;5;NA;4.09;11.22;19.18;20.13;21.53;NA;NA;NA;
13;19;14.26;12.29;4.11;NA;8.02;10.12;10.94;19.19;15.43;NA;NA;NA;
13;20;7.69;11.86;2.13;NA;7.56;6.89;12.32;18.98;17.07;NA;NA;NA;
13;21;3.56;5.65;1.88;NA;7.31;1.7;28.92;11.53;11.12;NA;NA;NA;
13;22;3.31;6.91;3.17;NA;2.43;3.4;19.61;3.29;10.9;NA;NA;NA;
13;23;3.8;10.16;1.86;NA;0.89;0.48;13.91;8.12;6.92;NA;NA;NA;
14;0;5.47;11.62;10.64;NA;2.18;5.28;15.94;15.06;6.46;NA;NA;NA;
14;1;11.79;12.97;10.36;NA;3.83;7.34;14.34;10.39;8.84;NA;NA;NA;
14;2;12.46;14.06;17.33;NA;4.95;9.72;10.95;15.99;7.28;NA;NA;NA;
14;3;10.28;13.27;16.62;NA;7.13;16.39;9.45;15.38;7.96;NA;NA;NA;
14;4;6.91;13.45;10.8;NA;6.82;12.4;4.04;13.23;12.31;NA;NA;NA;
14;5;3.6;8.02;5.73;NA;3.75;8.69;1.17;13.68;8.08;NA;NA;NA;
14;6;12.61;2.39;7.65;NA;3.39;2.84;1.22;4.29;8.46;NA;NA;NA;
14;7;15.68;14.97;8.49;NA;6.52;6.86;14.75;4.64;9.02;NA;NA;NA;
14;8;18.67;20.17;8.94;NA;14.51;8.75;27.76;10.24;13.47;NA;NA;NA;
14;9;29.93;27.38;20.35;NA;25.8;29.59;30.19;17.48;23.07;NA;NA;NA;
14;10;38.71;32.77;27;NA;39;30.95;40.25;26.69;27.53;NA;NA;NA;
14;11;35.04;31;32.22;NA;24.26;27.74;31.07;37.03;30.14;NA;NA;NA;
14;12;35.63;35.36;37.3;NA;43.06;43.56;42.56;40.22;43.48;NA;NA;NA;
14;13;31.59;29.11;24.9;NA;27.79;28.66;45.45;36.53;31.76;NA;NA;NA;
14;14;34.7;33.54;30.47;NA;27.35;32.47;35.55;41.94;35.33;NA;NA;NA;
14;15;ND;30.58;25.92;NA;24.45;32.07;33.04;41.28;28.97;NA;NA;NA;
14;16;34.74;24.33;10.16;NA;13.85;21.89;19.47;28.58;22.34;NA;NA;NA;
14;17;30.44;22.95;5.55;NA;18.27;9.18;13.88;27.04;21.98;NA;NA;NA;
14;18;19.9;18.1;1.8;NA;13.53;3.87;6.19;25.33;22.74;NA;NA;NA;
14;19;11.46;16.97;2.16;NA;13.34;1.47;2.35;25.03;25.18;NA;NA;NA;
14;20;11.31;15.93;4.78;NA;3.13;2.14;1.9;23.21;26.25;NA;NA;NA;
14;21;8.77;15.57;5.76;NA;0.7;0.79;8.05;23.63;22.26;NA;NA;NA;
14;22;17.33;11.76;9.2;NA;0.73;1.36;7.06;14.8;23.72;NA;NA;NA;
14;23;18.43;20.82;14.38;NA;2.83;0.93;6.66;14.95;11.55;NA;NA;NA;
15;0;27.58;22.44;14.57;NA;3.23;0.93;13.15;18.57;3.11;NA;NA;NA;
15;1;26.46;25.05;6.87;NA;5.7;0.39;18;15.81;9.45;NA;NA;NA;
15;2;30.84;27.5;10.94;NA;9.83;5.02;19.38;13.37;15.21;NA;NA;NA;
15;3;27.35;26.69;19.28;NA;4.47;9.7;12.65;14.01;14.59;NA;NA;NA;
15;4;15.58;21.42;21.24;NA;15.75;20.43;13.2;20.81;19.82;NA;NA;NA;
15;5;6.4;12.94;15.57;NA;3.73;9.93;11.08;17.36;11.12;NA;NA;NA;
15;6;5.47;7.04;8.99;NA;3.16;4.04;6.43;6.89;13.85;NA;NA;NA;
15;7;5.58;8.35;5.73;NA;8.13;7.84;17.22;16.17;10.94;NA;NA;NA;
15;8;7.87;18.2;11.24;NA;11.11;10.38;25.69;19.82;16.16;NA;NA;NA;
15;9;20.29;26.97;16.3;NA;23.14;13.55;36.65;27.11;13.97;NA;NA;NA;
15;10;30.17;26.7;15.3;NA;17.95;20.89;34.72;35.83;22.09;NA;NA;NA;
15;11;47.12;42.22;28.12;NA;28.42;31.53;33.42;41.57;45.58;NA;NA;NA;
15;12;51.42;47.37;47.93;NA;39.63;49.61;42.73;57.81;41.68;NA;NA;NA;
15;13;38.83;38.39;40.57;NA;32.1;61.08;47.43;66.46;29.57;NA;NA;NA;
15;14;35.81;32.69;19.83;NA;ND;26.66;49.25;48.7;51.51;NA;NA;NA;
15;15;33.87;29.61;14.41;NA;ND;23.17;46.34;31.84;21.04;NA;NA;NA;
15;16;25.99;35.51;4.29;NA;15.01;9.65;25.42;17.55;10.74;NA;NA;NA;
15;17;16.63;20.12;2.35;NA;19.87;3.9;12.04;11.96;13.31;NA;NA;NA;
15;18;8.39;15.5;1.11;NA;5.21;0.99;5.72;13.79;22.97;NA;NA;NA;
15;19;5.65;12.92;3.99;NA;2.11;1.13;10.27;1.17;14.46;NA;NA;NA;
15;20;3.26;4.98;3.89;NA;0.7;0.66;6.06;1.05;7.35;NA;NA;NA;
15;21;4.45;3.05;1.85;NA;1.13;0.81;11.33;2.05;5.44;NA;NA;NA;
15;22;8.24;10.19;3.22;NA;1.12;0.8;16.97;5.59;5.64;NA;NA;NA;
15;23;13.69;13;8.91;NA;5.76;5.09;17.99;5.78;4.3;NA;NA;NA;
16;0;11.59;16.41;17.06;NA;11.48;13.24;14.14;11;9.35;NA;NA;NA;
16;1;16.62;17.02;16.06;NA;7.41;6.01;27.57;10.69;11.03;NA;NA;NA;
16;2;12.48;20.17;20.07;NA;15.95;28.61;37.51;8.01;23.02;NA;NA;NA;
16;3;25.75;15.74;25.8;NA;21.29;20.32;31.41;3.32;19.63;NA;NA;NA;
16;4;25.64;23.23;21.92;NA;15.93;19.75;33.38;0;12.17;NA;NA;NA;
16;5;8.86;13.77;13.61;NA;3.61;16.47;32.77;0;9.88;NA;NA;NA;
16;6;6.46;12.31;3.91;NA;1.34;5.04;31.09;6.45;4.36;NA;NA;NA;
16;7;7.09;9.63;9.33;NA;5.18;12.79;34.76;7.13;11.44;NA;NA;NA;
16;8;19.17;12.77;21.31;NA;19.16;21.21;42.09;9.88;18.42;NA;NA;NA;
16;9;26.77;22.42;23.94;NA;29.99;37.11;44.33;18.42;32.34;NA;NA;NA;
16;10;30.63;24.64;16.24;NA;31.3;26.58;47.15;27.95;40.66;NA;NA;NA;
16;11;35.15;31.45;14.49;NA;30.85;28.69;74.11;33.83;28.11;NA;NA;NA;
16;12;51.95;52.46;23.2;NA;27.96;31.08;73.45;49.61;27.08;NA;NA;NA;
16;13;74.26;62.13;31.69;NA;28.52;47.81;81.03;63.67;48.27;NA;NA;NA;
16;14;83.91;57.76;49.11;NA;25.44;48.32;65.43;64.89;57.22;NA;NA;NA;
16;15;51.12;46.28;67.01;NA;29.26;67.08;53.42;71.43;42.74;NA;NA;NA;
16;16;30.81;26.74;26.45;NA;38.07;59.46;34.61;43.61;57.99;NA;NA;NA;
16;17;24.88;23.34;5.37;NA;17.03;14.75;28.33;25.51;18.2;NA;NA;NA;
16;18;17.88;20.27;2.29;NA;8.15;4.15;23.5;19.71;18.48;NA;NA;NA;
16;19;11.24;16.93;0.73;NA;3.82;0.62;10.65;15.58;24.69;NA;NA;NA;
16;20;5.86;18.22;0.37;NA;1.41;0.46;2.97;23.97;21.33;NA;NA;NA;
16;21;4.35;6.45;0.54;NA;1.05;0.28;8.28;50.9;14.45;NA;NA;NA;
16;22;4.21;11.78;4.21;NA;5.63;6.67;16.29;18.59;9.71;NA;NA;NA;
16;23;6.08;11.65;5.78;NA;1.67;8.98;29.05;4.29;23.1;NA;NA;NA;
17;0;3.35;15.66;2.65;NA;1.53;5.91;24.28;5.92;15.44;NA;NA;NA;
17;1;3.47;15.87;2.18;NA;0.93;2.13;26.27;5.19;2.83;NA;NA;NA;
17;2;3.32;12.77;1.1;NA;0.73;0.79;22.95;4.54;1.18;NA;NA;NA;
17;3;8.15;8.56;4.16;NA;0.34;1.59;7.39;0.12;3.74;NA;NA;NA;
17;4;6.83;9.1;9.45;NA;1.41;5.73;5.59;0.15;4.16;NA;NA;NA;
17;5;4.39;4.16;3.86;NA;1.53;3.15;1.11;0;3.4;NA;NA;NA;
17;6;4.83;2.38;2.02;NA;2.3;1.73;4.85;17.16;5.01;NA;NA;NA;
17;7;10.84;5.41;8.6;NA;8.73;8.98;10.64;28.23;9;NA;NA;NA;
17;8;20.79;16.51;18.64;NA;32.22;27.6;23.61;8.9;17.48;NA;NA;NA;
17;9;33.76;32.95;29.35;NA;33.05;27.29;41.73;12.67;30.63;NA;NA;NA;
17;10;50.71;47.51;40.82;NA;27.19;28.99;64.1;25.26;29.5;NA;NA;NA;
17;11;62.08;47.16;40.62;NA;32.32;42.06;55.6;38.6;22.83;NA;NA;NA;
17;12;53.07;45.53;42.19;NA;38.97;45.71;42.22;47.09;40.72;NA;NA;NA;
17;13;43.66;41.81;41.15;NA;36.02;42.43;31.97;48.14;45.43;NA;NA;NA;
17;14;37.34;34.59;34.46;NA;26.5;37.23;32.78;27.62;29.92;NA;NA;NA;
17;15;29.74;28.16;19.83;NA;17.29;14.95;31.66;19.57;21.59;NA;NA;NA;
17;16;22.49;24.7;10.9;NA;17.79;11.04;31.57;26.35;23.68;NA;NA;NA;
17;17;15.94;19.6;6.86;NA;7.15;5.73;25.54;23.22;20.01;NA;NA;NA;
17;18;7.74;15.78;1.81;NA;1.3;1.07;15.74;17.76;20.24;NA;NA;NA;
17;19;4.28;14.3;0.81;NA;1.4;1;11.81;18.43;17.73;NA;NA;NA;
17;20;5.03;12.56;0.92;NA;2.01;0.39;6.58;17.34;15.84;NA;NA;NA;
17;21;3.66;12.92;0.78;NA;2.45;1.15;9.96;10.99;16.66;NA;NA;NA;
17;22;4.31;8.56;1.23;NA;4.28;1.77;16.51;5.16;10.95;NA;NA;NA;
17;23;3.66;3.21;6.02;NA;2.2;3.37;20.41;2.42;5.74;NA;NA;NA;
18;0;3.96;2.89;0.94;NA;10.26;2.33;22.36;6.11;2.06;NA;NA;NA;
18;1;3.36;0.6;6.04;NA;9.4;6.1;23.11;0.42;2.7;NA;NA;NA;
18;2;3.39;0.45;19.23;NA;8.94;12.39;23.65;1.85;2.84;NA;NA;NA;
18;3;3.42;1.57;21.98;NA;14.71;16.48;26.97;0;3.94;NA;NA;NA;
18;4;4.11;0.11;25.76;NA;14.81;15.8;28.11;0;0.92;NA;NA;NA;
18;5;3.26;0.01;26.11;NA;11.33;14.38;28.96;0;3.8;NA;NA;NA;
18;6;3.03;0.6;23.11;NA;8.92;14;28.25;0.07;5.54;NA;NA;NA;
18;7;6;2.6;14.35;NA;9.68;13.04;28.46;0.79;10.2;NA;NA;NA;
18;8;9.16;6.01;10.37;NA;13.51;16.83;30.05;2.07;12.92;NA;NA;NA;
18;9;18.67;14.74;22.17;NA;19.84;26.63;32.72;6.39;7.11;NA;NA;NA;
18;10;31.68;30.36;22.63;NA;27.83;36.07;33.88;11.93;19.34;NA;NA;NA;
18;11;51.64;39.87;42.16;NA;37.81;48.11;40.27;26.16;16.22;NA;NA;NA;
18;12;60.55;48.7;52.5;NA;47.04;57.61;51.54;ND;14.25;NA;NA;NA;
18;13;66.08;51.31;55.31;NA;51.99;63.65;60.25;ND;26.66;NA;NA;NA;
18;14;56.25;46.96;60.76;NA;55.6;63.26;69.61;ND;61.25;NA;NA;NA;
18;15;43.97;38.05;49.78;NA;55.32;63.07;73.65;53.39;58.27;NA;NA;NA;
18;16;38.14;34.73;37.27;NA;41.02;42.1;58.94;38.34;56.82;NA;NA;NA;
18;17;35.59;29.76;34.56;NA;27.77;36.96;41.9;32.51;38.96;NA;NA;NA;
18;18;25.24;19.79;21.48;NA;12.88;14.17;28.1;19.68;23.85;NA;NA;NA;
18;19;13.64;12.83;5.23;NA;6.01;1.89;13.81;10.64;23.08;NA;NA;NA;
18;20;4.9;6.11;6.28;NA;1.73;8.54;3.89;1.45;9.06;NA;NA;NA;
18;21;8.05;6.75;4.05;NA;2.05;7.84;15.25;7.37;6.59;NA;NA;NA;
18;22;9.11;10.64;2.14;NA;1.94;0.64;27.79;13.62;5.11;NA;NA;NA;
18;23;16.26;9.83;2.46;NA;0.86;2.1;32.46;10.09;3.72;NA;NA;NA;
19;0;9.1;3.14;18.02;NA;13.04;19.43;36.25;1.55;5.12;NA;NA;NA;
19;1;5.86;0.06;31.05;NA;13.01;18.46;42.34;0;ND;NA;NA;NA;
19;2;8.4;0.07;39.72;NA;12.33;23.7;45.24;0;ND;NA;NA;NA;
19;3;11.72;0;37.96;NA;12.61;19.87;49.26;0;ND;NA;NA;NA;
19;4;6.39;0.19;24.94;NA;8.22;9.46;46.98;0;ND;NA;NA;NA;
19;5;3.04;1.09;3.29;NA;3.8;1.59;11.98;0;ND;NA;NA;NA;
19;6;4.27;3.21;2.4;NA;4.69;2.64;7.46;0.25;ND;NA;NA;NA;
19;7;7.23;10.68;5.73;NA;7.7;5.65;31.75;2.36;ND;NA;NA;NA;
19;8;15.8;32.09;20.27;NA;16.58;17.82;46.05;8.06;ND;NA;NA;NA;
19;9;38.82;47.27;37.78;NA;36.85;47.12;47.77;21.49;ND;NA;NA;NA;
19;10;55.66;54.77;42;NA;42.52;49.8;55.02;ND;ND;NA;NA;NA;
19;11;58.7;56.02;45.51;NA;48.6;53.22;60.71;ND;ND;NA;NA;NA;
19;12;65.01;54.7;42.24;NA;50.33;58.82;66.68;ND;ND;NA;NA;NA;
19;13;51.19;50.13;52.88;NA;41.05;58.23;61.91;56.32;ND;NA;NA;NA;
19;14;51.04;49.21;56.03;NA;40.13;61.78;54.81;57;ND;NA;NA;NA;
19;15;50.49;42.84;ND;NA;37.87;ND;56.59;50.27;ND;NA;NA;NA;
19;16;50.77;38.17;ND;NA;39.02;ND;51.09;43.54;ND;NA;NA;NA;
19;17;40.01;33.11;25.77;NA;30.18;ND;46.69;28.9;ND;NA;NA;NA;
19;18;26.46;24.44;10.66;NA;16.64;ND;38.9;14.36;ND;NA;NA;NA;
19;19;14.08;17.46;17.53;NA;5.27;ND;35.42;18.04;ND;NA;NA;NA;
19;20;10.66;11.68;19.25;NA;4.51;ND;21.32;15.78;ND;NA;NA;NA;
19;21;5.51;7.85;15.84;NA;12.07;ND;25.46;5.16;ND;NA;NA;NA;
19;22;6.97;3.52;10.79;NA;5.3;ND;42.91;3.54;ND;NA;NA;NA;
19;23;15.74;13.92;11.97;NA;1.35;ND;42.26;0.65;ND;NA;NA;NA;
20;0;13.89;10;13.95;NA;1.96;7.48;42.83;0.44;5.09;NA;NA;NA;
20;1;9.37;4.73;25.96;NA;1.6;11.26;31.52;1.64;4.05;NA;NA;NA;
20;2;7.27;2.28;21.51;NA;0.64;4.36;29.06;ND;3.63;NA;NA;NA;
20;3;6.26;0.93;20.74;NA;1.77;1.65;42.18;ND;2.94;NA;NA;NA;
20;4;3.81;1.53;5.83;NA;2.65;1.72;43.37;0.89;2.66;NA;NA;NA;
20;5;2.47;1.59;12.33;NA;3.42;2.07;41.15;0.72;4.24;NA;NA;NA;
20;6;3.65;4.81;2.99;NA;4.61;3.33;44.59;0.81;7.05;NA;NA;NA;
20;7;9.06;8.57;8.31;NA;8.51;18.82;45.61;2.38;13.7;NA;NA;NA;
20;8;24.99;23.01;23.72;NA;22.96;36.3;45.96;7.56;21.61;NA;NA;NA;
20;9;36.69;31.78;33.64;NA;35.34;41.67;47.31;25.51;33.7;NA;NA;NA;
20;10;43.93;37.52;35.07;NA;31.9;38.54;52.49;33.32;16.77;NA;NA;NA;
20;11;51.44;45.44;34.79;NA;28.77;41.07;50.73;40.55;34.99;NA;NA;NA;
20;12;59.2;50.8;35.9;NA;28.4;41.67;ND;46.4;37.06;NA;NA;NA;
20;13;62.8;51.05;38.14;NA;30.11;41.49;ND;41.05;33.03;NA;NA;NA;
20;14;57.55;45.75;39.34;NA;36.56;47.53;56.06;43.43;47.8;NA;NA;NA;
20;15;58.69;48.3;37.82;NA;38.69;50.49;51.97;42.79;47.65;NA;NA;NA;
20;16;48.06;39.79;33.3;NA;35.15;43.47;48.39;39.02;41.17;NA;NA;NA;
20;17;39.2;33.49;24.8;NA;27.82;36.84;41.2;42.49;35.82;NA;NA;NA;
20;18;19.67;23.88;15.2;NA;12.42;26.86;30.83;32.49;33.22;NA;NA;NA;
20;19;9.63;19.86;5.19;NA;5.96;10.51;12.49;25.84;34.1;NA;NA;NA;
20;20;5.49;13.41;4.01;NA;3.77;2.49;17.78;11.81;26.85;NA;NA;NA;
20;21;6.17;9.24;1.99;NA;1.04;1.82;8.42;23.98;11.42;NA;NA;NA;
20;22;4.87;4.13;2.93;NA;2.3;7.74;5.52;19.37;6.54;NA;NA;NA;
20;23;9.49;0.72;4.1;NA;1.6;3.55;11.62;15.32;5.79;NA;NA;NA;
21;0;9.57;6.99;3.29;NA;1.21;3.24;12.21;9.34;4.61;NA;NA;NA;
21;1;3.43;8.01;1.44;NA;1.2;1.69;24.34;8.06;5.61;NA;NA;NA;
21;2;6.91;1.72;1.2;NA;1.65;1.41;31.43;1.34;4.09;NA;NA;NA;
21;3;8.88;0.38;1.18;NA;1.54;1.94;32.84;0.02;4.86;NA;NA;NA;
21;4;5.2;0.74;1.32;NA;1.44;2.22;36.71;0;4.2;NA;NA;NA;
21;5;3.05;2.04;1.26;NA;1.51;1.95;41.02;0.01;4.13;NA;NA;NA;
21;6;4.4;2.97;2.4;NA;6.09;3.22;12.11;0.51;7.06;NA;NA;NA;
21;7;9.23;7.37;6.17;NA;7.81;5.75;34.29;3.34;14.88;NA;NA;NA;
21;8;19.35;21.03;12.93;NA;17.94;16.03;38.29;8.67;22.19;NA;NA;NA;
21;9;36.6;36.19;31.46;NA;29.72;40.35;54.69;18.08;17.05;NA;NA;NA;
21;10;60.46;58.75;37.29;NA;36.96;46.69;61.64;31.51;15.29;NA;NA;NA;
21;11;67.29;61;45.05;NA;43.2;50.44;55.68;46.49;44.29;NA;NA;NA;
21;12;62.28;58.4;49.65;NA;45.53;56.13;60.9;58.79;45.98;NA;NA;NA;
21;13;ND;57.46;53.45;NA;51.16;62.95;63.13;64.97;49.18;NA;NA;NA;
21;14;ND;ND;52.28;NA;ND;62.3;59.14;52.32;53.78;NA;NA;NA;
21;15;59.59;ND;45.17;NA;ND;54.82;56;47.32;54.66;NA;NA;NA;
21;16;47.72;46.03;46.72;NA;39.45;48.32;54.16;52.18;56.12;NA;NA;NA;
21;17;43.88;38.65;32.56;NA;33.32;39.56;42.57;43.31;52.03;NA;NA;NA;
21;18;31.82;29.19;9.78;NA;11.82;13.23;24.27;33.96;29.27;NA;NA;NA;
21;19;14.25;21.53;4.17;NA;5.27;4.15;9.96;22.74;32.54;NA;NA;NA;
21;20;5.07;17.3;1.84;NA;0.57;1.55;6.56;21.15;14.48;NA;NA;NA;
21;21;5.21;15.48;13.13;NA;0.62;10.65;12.5;12.16;6.46;NA;NA;NA;
21;22;5.54;6.82;5.85;NA;0.12;3.19;14.28;19.91;7.17;NA;NA;NA;
21;23;4.36;3.39;1.43;NA;0.35;3.98;27.45;17.96;7.67;NA;NA;NA;
22;0;11.33;10.52;1.05;NA;0.32;7.37;38.38;3.65;13.11;NA;NA;NA;
22;1;4.03;2.26;3.83;NA;0.45;10.46;42.58;2.37;5.6;NA;NA;NA;
22;2;6.79;0.13;3.14;NA;1.5;11.84;42.71;0.27;9.11;NA;NA;NA;
22;3;8.04;0.3;2.02;NA;0.29;11.77;42.26;0.21;8;NA;NA;NA;
22;4;5.55;0.83;3.4;NA;0.04;6.17;32.96;0.31;5.78;NA;NA;NA;
22;5;3.33;1.6;2.67;NA;0.51;2.24;16.23;0.12;5.51;NA;NA;NA;
22;6;6.32;4.52;3.03;NA;3.55;3.01;7.1;0.73;8.45;NA;NA;NA;
22;7;8.26;9.49;7.18;NA;4.4;6.61;14.4;3.05;14.98;NA;NA;NA;
22;8;19.26;21.97;23.58;NA;14.02;25.52;39.76;9.74;23.61;NA;NA;NA;
22;9;41.38;30.19;35.86;NA;29.45;39.66;56.08;22.67;42.19;NA;NA;NA;
22;10;49.4;45.49;41.67;NA;38.96;48.21;62.7;40.02;31.78;NA;NA;NA;
22;11;61.8;53.92;51.49;NA;49.16;56.92;62.77;ND;46.92;NA;NA;NA;
22;12;70.06;56.73;54.8;NA;54.51;64.18;67.98;55.03;62.38;NA;NA;NA;
22;13;68.11;57.43;58.22;NA;54.41;ND;72.74;54.77;66.68;NA;NA;NA;
22;14;65.72;57.9;53.83;NA;55.53;ND;71.61;54.6;62.01;NA;NA;NA;
22;15;56.42;54.72;47.72;NA;50.55;59.11;66.83;52.19;59.06;NA;NA;NA;
22;16;53.47;50.44;42.11;NA;46.44;53.28;56.61;50.86;53.38;NA;NA;NA;
22;17;47.62;44.49;34.57;NA;41.31;48.21;49.55;47.93;50.69;NA;NA;NA;
22;18;27.7;32.46;23.39;NA;26.31;32.44;35.3;40.02;30.29;NA;NA;NA;
22;19;7.48;24.14;20.17;NA;15.36;24.51;23.53;30.92;33.43;NA;NA;NA;
22;20;9.74;12.51;6.42;NA;28.03;12.95;29.06;5.47;15.17;NA;NA;NA;
22;21;7.54;4.1;5.55;NA;19.9;13.05;38.54;1.29;9.39;NA;NA;NA;
22;22;4.08;9.57;13.04;NA;1.08;32.67;48.91;1.06;13.37;NA;NA;NA;
22;23;5.08;11.62;19.18;NA;0.25;21.16;51.17;0.01;9.84;NA;NA;NA;
23;0;10.86;14.3;26.92;NA;0.13;34.49;51.45;1.25;7.53;NA;NA;NA;
23;1;18.75;9.32;32.76;NA;0.42;18.57;52.04;6.02;7.85;NA;NA;NA;
23;2;16.05;5.01;26.64;NA;0.54;6.1;55.98;7.14;5.95;NA;NA;NA;
23;3;14.8;2.16;19.76;NA;3.14;5.27;55.77;1.49;7.92;NA;NA;NA;
23;4;8.4;1.47;16.2;NA;6.27;3.77;55.02;0.61;4.27;NA;NA;NA;
23;5;3.11;2.5;18.16;NA;1.3;2.96;53.01;2.4;4.57;NA;NA;NA;
23;6;4.83;5.2;8.25;NA;3.11;3.15;49.6;1.01;8.5;NA;NA;NA;
23;7;17.56;16.31;16.66;NA;13.83;10.13;50.02;5.19;15.28;NA;NA;NA;
23;8;38.53;25.51;43.31;NA;28.2;42.24;59.37;10.85;31.36;NA;NA;NA;
23;9;52.09;39.31;42.96;NA;44.89;55.72;65.06;25.09;38.41;NA;NA;NA;
23;10;57.67;52.5;47.34;NA;48.64;58.92;63.77;48.02;57.88;NA;NA;NA;
23;11;54.75;55.05;45.27;NA;45.02;56.03;63.2;47.42;54.42;NA;NA;NA;
23;12;52.91;52.06;46.39;NA;45.58;53.32;58.39;48.09;53.69;NA;NA;NA;
23;13;50.27;48.4;43.46;NA;44.12;51.96;56.64;45.07;52.17;NA;NA;NA;
23;14;50.75;43.27;37.64;NA;39.45;45.12;53.57;41.98;48.16;NA;NA;NA;
23;15;49.44;44.13;38.43;NA;40.56;38.6;48.44;40.57;46.49;NA;NA;NA;
23;16;37.42;35.5;27.11;NA;31.78;34.67;43.66;38.94;40.96;NA;NA;NA;
23;17;27.24;31.81;19.89;NA;23.97;28.5;28.76;33.59;36.01;NA;NA;NA;
23;18;17.11;30.47;17.63;NA;16.05;23.53;31.16;28.87;27.96;NA;NA;NA;
23;19;16.39;26.17;12.25;NA;13.51;13.67;28.37;29.96;23.85;NA;NA;NA;
23;20;9.31;20.59;7.21;NA;13.84;6.5;17.73;29.06;16.6;NA;NA;NA;
23;21;5.88;19.44;12.14;NA;11.99;3.35;32.71;15.98;9.79;NA;NA;NA;
23;22;5.65;16.92;5.89;NA;19.2;3.44;35.46;11.7;8.73;NA;NA;NA;
23;23;4.56;7.89;7.13;NA;22.29;6.3;33.2;1.4;8.86;NA;NA;NA;
24;0;3.48;3.15;14.23;NA;25.66;11.86;30.73;0.43;8.26;NA;NA;NA;
24;1;10.45;2.38;26.74;NA;14.29;19.07;32.42;0.77;4.73;NA;NA;NA;
24;2;6.61;3.06;24.27;NA;15.86;25;25.84;0.93;4.4;NA;NA;NA;
24;3;24.72;0.92;35.63;NA;21.72;35.47;27.17;0.33;3.6;NA;NA;NA;
24;4;37.2;4.04;43;NA;33.99;38.01;29.64;5.69;3.89;NA;NA;NA;
24;5;39.24;1.01;40.91;NA;30.2;36.72;36.49;20.78;4.55;NA;NA;NA;
24;6;31.13;4.38;30.71;NA;10.55;24.39;16.61;9.76;6.92;NA;NA;NA;
24;7;19;10.5;34.3;NA;16.12;26.09;38;2.63;11.1;NA;NA;NA;
24;8;39.89;29.93;34.2;NA;31.73;37.92;46.92;5.95;22.77;NA;NA;NA;
24;9;40.01;36.22;30.44;NA;25.66;37.5;49.62;18.8;37.56;NA;NA;NA;
24;10;42.24;39.88;34.34;NA;30.07;40.92;49.36;23.8;42.62;NA;NA;NA;
24;11;42.92;40.55;37.4;NA;29.75;42.98;47.33;38.27;46.1;NA;NA;NA;
24;12;42.23;38.95;37.43;NA;32.71;45.72;54.21;38.56;43.53;NA;NA;NA;
24;13;48.39;43.18;41.11;NA;30.46;44.41;51.18;39.78;38.24;NA;NA;NA;
24;14;47.54;43.56;34.83;NA;24.83;38.48;51.21;30.02;33.61;NA;NA;NA;
24;15;48.88;41.19;32.91;NA;23.64;34.7;36.39;36.83;36.12;NA;NA;NA;
24;16;48.4;40.04;38.11;NA;21.64;33.5;30.66;44.61;32.15;NA;NA;NA;
24;17;46.4;34.57;34.97;NA;21.91;29.69;26.54;36.9;45.93;NA;NA;NA;
24;18;30.54;26.44;14.74;NA;10.51;12.27;19.61;28.83;36.27;NA;NA;NA;
24;19;15.51;24.44;4.42;NA;6.13;5.41;7.82;15.92;27.87;NA;NA;NA;
24;20;13.69;16.98;9.03;NA;1.57;4.75;4.27;9.49;15.02;NA;NA;NA;
24;21;6.14;11.85;3.06;NA;1.95;1.42;8.34;2.64;8.36;NA;NA;NA;
24;22;5.73;2.47;1.79;NA;1.62;0.81;19.41;2.17;11.07;NA;NA;NA;
24;23;9.4;0.25;1.55;NA;1.26;0.62;19.84;3.03;10.85;NA;NA;NA;
25;0;13.18;0.01;1.44;NA;0.79;0.49;7.34;0.98;7.69;NA;NA;NA;
25;1;8.12;0.1;1.58;NA;0.47;1.86;15.84;1.45;5.03;NA;NA;NA;
25;2;6.73;0.41;1.54;NA;0.35;1.2;5.5;0.45;3.99;NA;NA;NA;
25;3;8.64;0.62;1.72;NA;0.64;1.06;19.99;0.38;2.64;NA;NA;NA;
25;4;7.76;0.47;1.85;NA;0.16;1.04;27.59;0.29;2.67;NA;NA;NA;
25;5;3.81;0.3;2.08;NA;0.43;1.2;27.42;0.17;1.85;NA;NA;NA;
25;6;4.58;0.95;2.66;NA;1.07;2.02;27.62;1.25;4.2;NA;NA;NA;
25;7;12.25;8.1;9;NA;4.15;6.43;30.13;3.77;11.14;NA;NA;NA;
25;8;ND;23.85;26.62;NA;16.34;25.79;35.27;5.1;25.11;NA;NA;NA;
25;9;ND;45.7;45.43;NA;39.94;48.04;49.05;12.87;41.85;NA;NA;NA;
25;10;ND;51.55;42.01;NA;32.18;40.34;57.8;30.19;21.55;NA;NA;NA;
25;11;ND;56.19;41.54;NA;42.89;50.86;50.96;52.39;36.68;NA;NA;NA;
25;12;ND;56.65;54.94;NA;47.72;60.52;52.62;44.53;49.07;NA;NA;NA;
25;13;68.95;51.81;47.62;NA;37.03;51.38;51.21;40.7;42.17;NA;NA;NA;
25;14;55.4;49.7;42.05;NA;33.79;45.15;44.32;41.26;37.45;NA;NA;NA;
25;15;46.49;47.96;46.36;NA;34.6;40.67;40.44;47.93;39.88;NA;NA;NA;
25;16;40.63;42.19;39.47;NA;35.82;37.81;40.03;45.15;37.16;NA;NA;NA;
25;17;39.49;35.51;31.81;NA;29.03;34.54;35.03;42.02;33.39;NA;NA;NA;
25;18;32.18;27.14;12.46;NA;19.58;20.44;20.44;36.52;25.34;NA;NA;NA;
25;19;16.59;24.93;4.78;NA;11.57;16.64;9.71;27.86;31.1;NA;NA;NA;
25;20;9.85;20.88;2.08;NA;3.78;4.28;16.75;24.36;21.76;NA;NA;NA;
25;21;8.06;3.22;9.87;NA;4.27;2.16;16.16;3.35;7.36;NA;NA;NA;
25;22;6.32;1.14;16.15;NA;1.77;1.24;22.62;3.42;11.19;NA;NA;NA;
25;23;8.01;3.47;7.55;NA;1.61;1.52;25.93;6.12;6.93;NA;NA;NA;
26;0;7.84;14.73;4.26;NA;0.96;0.91;6.44;7.31;5.55;NA;NA;NA;
26;1;5.61;19.21;4.7;NA;1.78;4.34;15.69;1.72;9.63;NA;NA;NA;
26;2;8.45;10.61;11.41;NA;2.29;11.51;16.05;0.7;2.95;NA;NA;NA;
26;3;6.54;0.19;7.42;NA;3.01;12.25;28.51;1.27;4.08;NA;NA;NA;
26;4;3.94;0.7;3.1;NA;3.26;8.98;27.97;0.2;5.01;NA;NA;NA;
26;5;2.19;1.95;1.06;NA;1.72;6.46;25.98;0.3;3.38;NA;NA;NA;
26;6;3.1;2.13;1.9;NA;0.9;4.28;24.35;0.98;5.33;NA;NA;NA;
26;7;15.85;13.4;9.8;NA;6.51;14.29;28.66;3.83;10.44;NA;NA;NA;
26;8;26.84;22.15;20.06;NA;23.13;28.91;36.39;9.28;20.97;NA;NA;NA;
26;9;31.79;27.82;25.97;NA;32.64;36.9;41.37;25.03;37.71;NA;NA;NA;
26;10;36.6;38.02;28.36;NA;33.44;35.66;44.95;40.03;34.89;NA;NA;NA;
26;11;47.73;43.09;41.01;NA;ND;48.41;50.4;38.83;44.77;NA;NA;NA;
26;12;46.83;41.43;37.05;NA;34.8;43.06;52.3;36.65;44.27;NA;NA;NA;
26;13;52.15;41.61;41.24;NA;37.17;42.61;50.03;36.19;43.07;NA;NA;NA;
26;14;46.3;40.95;38.47;NA;34.96;ND;46.71;37.94;42.01;NA;NA;NA;
26;15;33.72;41.95;26.8;NA;33.98;ND;44.73;33.53;40.33;NA;NA;NA;
26;16;31.83;38.54;27.79;NA;27.38;34.04;41.5;31.76;36.74;NA;NA;NA;
26;17;34.86;34.79;ND;NA;24.63;42.3;34.3;37.23;27.35;NA;NA;NA;
26;18;29.47;38.89;12.67;NA;16.66;18.95;21.64;35.64;15.15;NA;NA;NA;
26;19;21.62;30.48;3.28;NA;14.37;10.28;20.84;29.94;30.8;NA;NA;NA;
26;20;9.88;27.59;3.42;NA;3.92;1.72;14.68;25.18;22.67;NA;NA;NA;
26;21;15.3;8.4;6.35;NA;6.64;2.44;19.53;27.46;26.49;NA;NA;NA;
26;22;13.06;17.15;8.74;NA;10.79;10.17;22.29;21.86;10.69;NA;NA;NA;
26;23;4.44;5.41;10.6;NA;8.67;2.75;27.73;15.09;5.25;NA;NA;NA;
27;0;10.24;4.68;2.82;NA;6.45;0.96;30.16;13.15;5.06;NA;NA;NA;
27;1;11;12.06;0.88;NA;17.96;6.8;28.65;13.85;9.95;NA;NA;NA;
27;2;16.35;14.38;2.17;NA;20.38;19.87;33.13;12.05;9.05;NA;NA;NA;
27;3;20.33;11.4;12.19;NA;23.23;23.58;34.31;5.4;4.71;NA;NA;NA;
27;4;6.04;16.37;29.96;NA;26.13;21.19;33.14;3.4;4.35;NA;NA;NA;
27;5;4.13;9.68;28.22;NA;11.96;16.24;32.65;3.19;4.8;NA;NA;NA;
27;6;2.69;3.54;16.3;NA;4.27;9.21;32.14;0.56;5.14;NA;NA;NA;
27;7;5.97;4.94;14.24;NA;8.98;15.42;34.29;4.89;9.55;NA;NA;NA;
27;8;13.7;9.64;17.79;NA;17.32;25.21;40.34;14.5;12.79;NA;NA;NA;
27;9;ND;18.65;32.76;NA;29.16;41.07;44.9;25.93;20.91;NA;NA;NA;
27;10;ND;38.23;42.29;NA;36.79;44.6;50.1;37.57;27.75;NA;NA;NA;
27;11;54.42;51.67;47.22;NA;43.9;50.21;50.98;53.83;34.68;NA;NA;NA;
27;12;53.53;49.8;43.88;NA;43.18;52.23;52.16;47.86;54.93;NA;NA;NA;
27;13;46.8;45.22;38.82;NA;38.34;47.92;55.65;43;57.61;NA;NA;NA;
27;14;47.85;44.26;40.35;NA;40.16;45.88;49.76;ND;48.09;NA;NA;NA;
27;15;46.34;37.18;35.06;NA;34.66;42.81;48.35;40.63;43.8;NA;NA;NA;
27;16;40.77;ND;28.97;NA;35.82;42.27;37.88;41.46;45.69;NA;NA;NA;
27;17;35.78;ND;21.08;NA;24.4;33.34;32.59;34.07;45.16;NA;NA;NA;
27;18;19.86;20.62;4.79;NA;10.04;16.03;25;26.07;33.16;NA;NA;NA;
27;19;7.53;15.18;10;NA;10.8;11.21;22.3;25.97;28.96;NA;NA;NA;
27;20;3.41;13.27;7.05;NA;9.27;3.01;11.69;26.67;25.6;NA;NA;NA;
27;21;3.35;9.95;3.99;NA;11.04;3.69;20.34;25.47;16.66;NA;NA;NA;
27;22;2.71;2.09;1;NA;8.77;1.14;29.16;21.44;16.8;NA;NA;NA;
27;23;6.21;2.1;0.45;NA;1.88;0.6;20.64;21.87;12.92;NA;NA;NA;
28;0;8.07;7.41;1.2;NA;0.92;0.46;21.76;22.37;5.27;NA;NA;NA;
28;1;3.84;9.61;1.99;NA;1.23;0.58;19.66;21.4;4.96;NA;NA;NA;
28;2;3.04;18.82;9.04;NA;2.64;5.88;4.79;23.34;4.45;NA;NA;NA;
28;3;4.22;11.35;16.57;NA;2.02;10.6;1.14;23.17;4.35;NA;NA;NA;
28;4;2.38;12.13;16.61;NA;4.94;13.94;1.01;21.91;4.27;NA;NA;NA;
28;5;2.43;7.27;15.41;NA;5.49;6.2;1.15;18.97;5.17;NA;NA;NA;
28;6;2.63;3.09;3.76;NA;2.73;2.94;4.96;3.65;8.3;NA;NA;NA;
28;7;10.82;8.46;5.9;NA;8.22;8.21;13.59;6.23;15.09;NA;NA;NA;
28;8;19.58;23.97;12.14;NA;16.1;20.17;41.33;20.27;29.72;NA;NA;NA;
28;9;35.66;36.65;37.46;NA;25.18;36.81;48.67;38.31;25.46;NA;NA;NA;
28;10;47.1;49.44;40.94;NA;40.15;48.87;ND;49.01;56.2;NA;NA;NA;
28;11;52.78;57.61;47.85;NA;44.98;54.12;ND;53.16;57.47;NA;NA;NA;
28;12;58.69;53.84;42.57;NA;43.45;51.77;58.33;51.56;ND;NA;NA;NA;
28;13;53.01;53.17;45.39;NA;43.76;54.27;58.54;42.94;ND;NA;NA;NA;
28;14;41.17;50.87;42.35;NA;37.41;45.86;53.02;40.5;ND;NA;NA;NA;
28;15;37.15;46.54;41.47;NA;27.02;43.59;44.73;40.7;40.34;NA;NA;NA;
28;16;35.73;41.57;28.09;NA;21.37;29.52;39.37;37.85;30.78;NA;NA;NA;
28;17;33.72;32.7;17.33;NA;16.04;20.42;29.5;38.08;42.56;NA;NA;NA;
28;18;25.95;25.51;9.29;NA;9.76;3.65;16.18;32.19;31.59;NA;NA;NA;
28;19;16.05;21.21;6.98;NA;2.43;1.38;9.73;23.11;25.37;NA;NA;NA;
28;20;6.61;20.04;1.46;NA;1.81;1.38;13.14;20.36;22.57;NA;NA;NA;
28;21;7.08;12.56;1.06;NA;3.2;1.52;7.12;3.73;16.63;NA;NA;NA;
28;22;5.97;5.21;0.99;NA;2.06;1.67;4.13;4.81;21.37;NA;NA;NA;
28;23;3.1;9.37;0.43;NA;1.5;1.1;0.86;17.38;8.35;NA;NA;NA;
29;0;3.39;13.37;0.44;NA;1.29;0.17;11.96;9.32;21.75;NA;NA;NA;
29;1;2.67;8.5;0.37;NA;0.83;0.4;7.05;9.11;16.78;NA;NA;NA;
29;2;3.28;2.58;0.62;NA;0.58;0.27;1.02;14.95;20.24;NA;NA;NA;
29;3;2.58;3.25;0.69;NA;1.49;0.48;0.78;17.13;7.97;NA;NA;NA;
29;4;2.04;8.8;1.52;NA;1.87;0.66;7.18;12.36;6.8;NA;NA;NA;
29;5;2.11;4.67;0.59;NA;2.51;1.45;15.67;5.14;5.79;NA;NA;NA;
29;6;2.47;2.86;1.95;NA;3.64;2.3;24.4;1.87;8.67;NA;NA;NA;
29;7;7.8;5.85;4.72;NA;6.84;5.77;25.12;6.78;14.29;NA;NA;NA;
29;8;21.89;18.83;10.07;NA;12.59;8.12;25.6;19.29;18.33;NA;NA;NA;
29;9;44.97;35.56;17.34;NA;28.03;36.09;48.46;33.3;26.38;NA;NA;NA;
29;10;59.02;47.35;40.31;NA;41.75;46.43;54.86;57.89;ND;NA;NA;NA;
29;11;69.88;54.61;49.51;NA;44.61;54.87;57.51;71.31;ND;NA;NA;NA;
29;12;65.09;56.46;48.37;NA;49.56;59.1;62.72;67.77;ND;NA;NA;NA;
29;13;48.43;49.67;50.05;NA;47.96;54.11;60.66;58.53;ND;NA;NA;NA;
29;14;47.73;50.9;50.19;NA;34.6;48.2;50.6;51.51;51.86;NA;NA;NA;
29;15;50.72;46.48;47.63;NA;28.55;53.58;45.48;50.13;44.47;NA;NA;NA;
29;16;48.3;41.35;43.47;NA;22.68;32.09;29.23;44.55;44.91;NA;NA;NA;
29;17;42.2;35.12;24.65;NA;25.91;27.63;29.3;38.25;43.41;NA;NA;NA;
29;18;34.02;26.34;9.84;NA;16.18;14.22;18.19;31.89;38.11;NA;NA;NA;
29;19;29.6;24.69;2.63;NA;9.48;4.98;16.08;28.07;32.62;NA;NA;NA;
29;20;15.18;26.29;1.74;NA;6.72;2.47;16.17;29.08;31.42;NA;NA;NA;
29;21;8.89;27.1;3.29;NA;9.19;2.29;13.27;31.69;29.02;NA;NA;NA;
29;22;11.53;25.07;3.03;NA;8.63;3.78;11.93;26.21;33.31;NA;NA;NA;
29;23;18.64;25.47;7.33;NA;1.99;3.13;13.33;28.6;28.26;NA;NA;NA;
30;0;17.11;23.6;4.94;NA;0.45;3.09;17.81;28.49;26.14;NA;NA;NA;
30;1;17.65;23.04;7.6;NA;1.13;8.63;18.86;27.93;27.36;NA;NA;NA;
30;2;16.9;22.68;10.82;NA;4.73;13.93;18.14;27;26.79;NA;NA;NA;
30;3;17.83;22.38;15.78;NA;8.43;14.88;19.09;26.85;28.12;NA;NA;NA;
30;4;11.69;16.28;17.55;NA;8.28;16.6;19.42;23.94;27.18;NA;NA;NA;
30;5;7.48;16.1;13.3;NA;8.41;16.64;10.75;23.08;24.61;NA;NA;NA;
30;6;2.64;9.18;7.33;NA;4.93;10.3;8.48;15.66;21.16;NA;NA;NA;
30;7;5.88;13.74;5.47;NA;7.85;4.51;9.54;17.45;18.76;NA;NA;NA;
30;8;8.71;21.46;7.88;NA;13.91;9.7;27.39;25.84;20.14;NA;NA;NA;
30;9;17.96;29.58;13.15;NA;18.03;17.48;38.18;30.18;33.39;NA;NA;NA;
30;10;38.2;40.74;19.22;NA;31.94;31.2;42.75;45.62;32.3;NA;NA;NA;
30;11;47.5;42.27;39.65;NA;44.13;45.73;55.99;52.86;46.62;NA;NA;NA;
30;12;42.8;38.6;44.28;NA;57.04;59.93;61.93;50.85;70.42;NA;NA;NA;
30;13;44.21;41.75;40.92;NA;55.89;55.98;62.33;49.31;62.13;NA;NA;NA;
30;14;40.2;34.28;38;NA;37.04;46.12;41.55;45.23;45.4;NA;NA;NA;
30;15;39.14;36.28;32.92;NA;31.09;37.23;48.58;45;53.62;NA;NA;NA;
30;16;35.08;34.99;25.99;NA;22;33.06;37.24;42.28;49.91;NA;NA;NA;
30;17;27.89;29.49;13.65;NA;15.11;20.65;23.05;34.91;41.47;NA;NA;NA;
30;18;20.3;24.77;2.54;NA;9.35;8.79;14.33;29.32;36.97;NA;NA;NA;
30;19;20.69;21.44;1.14;NA;9.81;1.6;11.55;24.7;33.32;NA;NA;NA;
30;20;14.16;11.23;0.94;NA;6.07;1.69;10.99;27.71;27.35;NA;NA;NA;
30;21;12.33;11.86;0.73;NA;1.87;0.78;7.47;29.14;27.76;NA;NA;NA;
30;22;11.19;16.25;4.11;NA;5.9;9.27;10.93;29.66;20.77;NA;NA;NA;
30;23;15.59;21.1;2.51;NA;4.48;13.2;14.58;20.96;14.67;NA;NA;NA;
31;0;19.13;20.08;2.35;NA;9.96;16.58;19.34;22.74;24.92;NA;NA;NA;
31;1;16.1;23.92;14.28;NA;6.82;14.6;17.11;19.32;22.68;NA;NA;NA;
31;2;12.53;25.29;20.57;NA;7.36;13.32;14.23;7.54;21.63;NA;NA;NA;
31;3;11.5;15.01;5.26;NA;3.3;1.38;25.03;2.75;7.01;NA;NA;NA;
31;4;9.59;7.62;10.15;NA;2.07;1.8;15.39;1.69;4.51;NA;NA;NA;
31;5;7.02;6.92;10.08;NA;3.12;5.22;1.38;0.91;9.05;NA;NA;NA;
31;6;8.69;2.49;10.29;NA;7.78;7.46;5.03;1.28;6.79;NA;NA;NA;
31;7;16.8;11.96;25.37;NA;8.81;17.13;17.12;8.28;12.98;NA;NA;NA;
31;8;25.6;28.89;24;NA;16.81;24.01;52.93;23.41;24.18;NA;NA;NA;
31;9;46.3;43.29;28.38;NA;30.97;35.83;69.82;42.93;44.75;NA;NA;NA;
31;10;67.65;61.65;49.31;NA;43.32;50.69;78.01;57.87;60.36;NA;NA;NA;
31;11;76.64;65.59;59.06;NA;47.87;55.88;72.02;64.48;59.7;NA;NA;NA;
31;12;62.71;55;62.27;NA;41.86;54.72;72.05;62.01;67.3;NA;NA;NA;
31;13;47.78;40.65;54.2;NA;35.5;70.66;64.09;55.09;64.65;NA;NA;NA;
31;14;44.77;37.26;42.26;NA;31.93;46.63;59.94;43.56;58.92;NA;NA;NA;
31;15;40.83;30.91;36.86;NA;26.78;38.03;42.38;37.26;48.71;NA;NA;NA;
31;16;41.67;33.3;24.65;NA;21.92;27.05;30.25;34.32;32.38;NA;NA;NA;
31;17;29.57;27;17.9;NA;21.81;25.98;23.61;30.23;35.7;NA;NA;NA;
31;18;17.74;21.29;11.33;NA;20.88;17.04;15.24;29.74;31.04;NA;NA;NA;
31;19;15.76;17.73;9.86;NA;15.5;8.4;20.21;30.69;32.68;NA;NA;NA;
31;20;18.92;20.97;12.89;NA;13.19;8.81;22.78;30.28;25.43;NA;NA;NA;
31;21;19.82;13.14;13.67;NA;12.59;10.23;26.57;24.56;29.26;NA;NA;NA;
31;22;9.87;6.93;10.39;NA;4.32;5.87;18.46;11.67;24.1;NA;NA;NA;
31;23;4.62;8.99;1.11;NA;2.76;6.72;13.28;8.18;8.3;NA;NA;NA;
