DIA;HORA;Cotocollao;Carapungo;Belisario;Jipijapa;El Camal;Centro;Guamaní;Tumbaco;Los Chillos;El Condado;Turubamba;Chillogallo;
1;0;4.63;6.05;5.98;ND;50.07;11.98;NA;NA;ND;NA;NA;NA;
1;1;11.31;20.17;6.8;ND;24.83;13.34;NA;NA;ND;NA;NA;NA;
1;2;9.78;28.18;5.5;ND;13.76;10.17;NA;NA;ND;NA;NA;NA;
1;3;14.43;6.95;8.24;ND;6.44;7.24;NA;NA;ND;NA;NA;NA;
1;4;14.76;28.22;6.97;ND;5.53;8.5;NA;NA;ND;NA;NA;NA;
1;5;20.7;22.87;7.46;ND;13.44;8.3;NA;NA;ND;NA;NA;NA;
1;6;37;70.48;13.34;ND;36.19;16.28;NA;NA;ND;NA;NA;NA;
1;7;35.81;121.85;28.62;ND;55.98;19.32;NA;NA;ND;NA;NA;NA;
1;8;33.95;20.93;19.05;ND;83.92;25.97;NA;NA;ND;NA;NA;NA;
1;9;20.54;14.2;12.61;ND;24.94;11.57;NA;NA;ND;NA;NA;NA;
1;10;15.38;24.22;14.42;ND;14.17;8.58;NA;NA;ND;NA;NA;NA;
1;11;15.43;22.06;8.18;ND;10.04;18.63;NA;NA;ND;NA;NA;NA;
1;12;18.37;31.27;8.99;ND;10.09;ND;NA;NA;ND;NA;NA;NA;
1;13;13.31;30.05;5.86;ND;11.59;ND;NA;NA;ND;NA;NA;NA;
1;14;8.71;24.81;7.26;ND;10.36;ND;NA;NA;ND;NA;NA;NA;
1;15;22.42;24.3;4.63;ND;13.33;ND;NA;NA;ND;NA;NA;NA;
1;16;14.35;13.41;16.94;ND;15.84;10.82;NA;NA;ND;NA;NA;NA;
1;17;14.27;16.15;14.14;ND;24.44;23.37;NA;NA;ND;NA;NA;NA;
1;18;13.15;14.24;16.59;ND;6.82;3.84;NA;NA;ND;NA;NA;NA;
1;19;3.32;5.26;10.35;ND;4.6;0;NA;NA;ND;NA;NA;NA;
1;20;6.21;6;10.5;ND;7.55;0.03;NA;NA;ND;NA;NA;NA;
1;21;8.65;2.57;4.27;ND;15.51;1.74;NA;NA;ND;NA;NA;NA;
1;22;6.22;ND;3.35;ND;20.61;5.27;NA;NA;ND;NA;NA;NA;
1;23;3.32;ND;7.05;ND;5.33;7.84;NA;NA;ND;NA;NA;NA;
2;0;7.3;8.59;5.57;ND;9.07;15.74;NA;NA;ND;NA;NA;NA;
2;1;3.91;13.68;3.88;ND;14.03;7.76;NA;NA;ND;NA;NA;NA;
2;2;1.6;2.6;0.41;ND;16.96;9.35;NA;NA;ND;NA;NA;NA;
2;3;2.24;19.36;7.67;ND;10.2;10.62;NA;NA;ND;NA;NA;NA;
2;4;7.74;28.58;2.46;ND;9.94;7.95;NA;NA;ND;NA;NA;NA;
2;5;7.67;18.17;4.53;ND;16.56;8.15;NA;NA;ND;NA;NA;NA;
2;6;24.68;53.47;6.64;ND;27.42;17.2;NA;NA;ND;NA;NA;NA;
2;7;25.56;88.11;21.36;ND;53.67;15.43;NA;NA;ND;NA;NA;NA;
2;8;13.19;14.39;10.55;ND;42.7;16.25;NA;NA;ND;NA;NA;NA;
2;9;15.47;15.28;8.53;ND;17.08;8.58;NA;NA;ND;NA;NA;NA;
2;10;10.18;21.57;7.65;ND;2.55;6.43;NA;NA;ND;NA;NA;NA;
2;11;19.71;25.93;14.14;ND;4.29;10.24;NA;NA;ND;NA;NA;NA;
2;12;4.82;41.91;3.34;ND;5.68;14.05;NA;NA;ND;NA;NA;NA;
2;13;12.02;22.64;1.69;ND;12.08;8;NA;NA;ND;NA;NA;NA;
2;14;11.41;25.92;2.56;ND;30.87;6.96;NA;NA;ND;NA;NA;NA;
2;15;12.97;17.29;6.15;ND;11.07;11.48;NA;NA;ND;NA;NA;NA;
2;16;9.41;32.27;12.61;ND;14.68;13.92;NA;NA;ND;NA;NA;NA;
2;17;11.89;19.17;10.79;ND;6.96;7.36;NA;NA;ND;NA;NA;NA;
2;18;14.67;16.27;24.92;ND;22.58;5.78;NA;NA;ND;NA;NA;NA;
2;19;9.15;14.23;7.93;ND;21.92;2.02;NA;NA;ND;NA;NA;NA;
2;20;11.6;18.19;15.85;ND;21.1;8.99;NA;NA;ND;NA;NA;NA;
2;21;7.74;6.97;13.8;ND;3.8;10.54;NA;NA;ND;NA;NA;NA;
2;22;9.75;5.48;12.92;ND;28.51;12.69;NA;NA;ND;NA;NA;NA;
2;23;8.5;8.98;7.02;ND;30.31;8.32;NA;NA;ND;NA;NA;NA;
3;0;10.91;5.76;19.95;ND;19.27;7.67;NA;NA;ND;NA;NA;NA;
3;1;4.78;3.74;7.38;ND;9.49;9.07;NA;NA;ND;NA;NA;NA;
3;2;8.48;11.97;2.08;ND;1.6;7.4;NA;NA;ND;NA;NA;NA;
3;3;8.77;2.11;7.85;ND;22.76;14.72;NA;NA;ND;NA;NA;NA;
3;4;8.11;4.69;7.38;ND;4.07;11.72;NA;NA;ND;NA;NA;NA;
3;5;11.56;12.06;8.67;ND;12.7;8.94;NA;NA;ND;NA;NA;NA;
3;6;18.84;19.33;14.93;ND;15.12;8.28;NA;NA;ND;NA;NA;NA;
3;7;25.5;30.65;29.85;ND;34.3;21.34;NA;NA;ND;NA;NA;NA;
3;8;26.01;19.72;27.49;ND;44.53;29.83;NA;NA;ND;NA;NA;NA;
3;9;11.9;7;17.26;ND;59.95;19.41;NA;NA;ND;NA;NA;NA;
3;10;29.53;26.68;19.08;ND;52.61;10.9;NA;NA;ND;NA;NA;NA;
3;11;12.24;ND;18.29;ND;17.36;6.17;NA;NA;ND;NA;NA;NA;
3;12;9.31;ND;7.16;ND;14.61;9.21;NA;NA;ND;NA;NA;NA;
3;13;10.28;ND;8.09;ND;41.37;18.06;NA;NA;ND;NA;NA;NA;
3;14;14.01;29.21;12.6;ND;46;12.97;NA;NA;ND;NA;NA;NA;
3;15;12.18;ND;9.06;ND;6.8;9.54;NA;NA;ND;NA;NA;NA;
3;16;17.86;ND;ND;ND;12.39;5.39;NA;NA;ND;NA;NA;NA;
3;17;9.77;25.66;2.98;ND;14.48;2.52;NA;NA;ND;NA;NA;NA;
3;18;14.39;13.13;17.08;ND;10.65;6.4;NA;NA;ND;NA;NA;NA;
3;19;17.57;3.65;12.88;ND;16.28;3.12;NA;NA;ND;NA;NA;NA;
3;20;6.9;11.26;9.37;ND;14.92;13.76;NA;NA;ND;NA;NA;NA;
3;21;7.19;6.51;9.62;ND;23.12;10.28;NA;NA;ND;NA;NA;NA;
3;22;13.27;10.02;9.27;ND;1.35;11.58;NA;NA;ND;NA;NA;NA;
3;23;12.31;6.61;10.17;ND;10.8;4.54;NA;NA;ND;NA;NA;NA;
4;0;6.34;0.51;1.33;ND;19.76;6.35;NA;NA;ND;NA;NA;NA;
4;1;16.51;9.24;10.44;ND;2.38;11.04;NA;NA;ND;NA;NA;NA;
4;2;5.05;15.64;5.36;ND;4.54;2.28;NA;NA;ND;NA;NA;NA;
4;3;9.77;5.79;8.23;ND;12.55;5.87;NA;NA;ND;NA;NA;NA;
4;4;7.63;6.13;1.71;ND;3.82;13.88;NA;NA;ND;NA;NA;NA;
4;5;10.24;12.9;6.17;ND;13.03;10.97;NA;NA;ND;NA;NA;NA;
4;6;29.38;19.2;11.76;ND;46.41;12.49;NA;NA;ND;NA;NA;NA;
4;7;32;19.58;18.14;ND;40.03;3.84;NA;NA;ND;NA;NA;NA;
4;8;17.88;29.41;13.98;ND;1.63;3.22;NA;NA;ND;NA;NA;NA;
4;9;11.35;5.8;10.19;ND;20.41;5.42;NA;NA;ND;NA;NA;NA;
4;10;10.38;26.48;14.29;ND;7.68;1.71;NA;NA;ND;NA;NA;NA;
4;11;13.8;16.8;10.56;ND;18.83;8.85;NA;NA;ND;NA;NA;NA;
4;12;8.82;25.79;10.22;ND;7.29;17.9;NA;NA;ND;NA;NA;NA;
4;13;11.61;24.82;11.76;ND;7.79;10.61;NA;NA;ND;NA;NA;NA;
4;14;16.33;20.41;5.24;ND;4.92;14.75;NA;NA;ND;NA;NA;NA;
4;15;ND;28.9;7.36;ND;11.69;6.64;NA;NA;ND;NA;NA;NA;
4;16;ND;18.85;11.52;ND;7.85;10.08;NA;NA;ND;NA;NA;NA;
4;17;14.56;21.79;15.07;ND;12.14;10.05;NA;NA;ND;NA;NA;NA;
4;18;23.4;27.62;13.74;ND;17.25;7.11;NA;NA;ND;NA;NA;NA;
4;19;11.76;7.54;21.56;ND;19.04;11.5;NA;NA;ND;NA;NA;NA;
4;20;20.39;18.29;13.73;ND;18.82;8.77;NA;NA;ND;NA;NA;NA;
4;21;6.03;11.62;8.14;ND;15.23;10.55;NA;NA;ND;NA;NA;NA;
4;22;6.21;3.95;3.46;ND;18.69;7.3;NA;NA;ND;NA;NA;NA;
4;23;10.38;8;8.78;ND;12.96;10.47;NA;NA;ND;NA;NA;NA;
5;0;4;11;18.89;ND;14.5;15.36;NA;NA;ND;NA;NA;NA;
5;1;10.89;13.74;10.4;ND;31.37;23.07;NA;NA;ND;NA;NA;NA;
5;2;17.67;15.02;9.49;ND;24.7;15.16;NA;NA;ND;NA;NA;NA;
5;3;10.89;13.8;14.1;ND;13.97;20.39;NA;NA;ND;NA;NA;NA;
5;4;8.23;5.57;11.24;ND;13.74;12.96;NA;NA;ND;NA;NA;NA;
5;5;19.67;25.35;12.3;ND;23.19;25.8;NA;NA;ND;NA;NA;NA;
5;6;42.69;22.99;18.69;ND;31.28;26.35;NA;NA;ND;NA;NA;NA;
5;7;39.05;42.85;39.18;ND;65.94;50.6;NA;NA;ND;NA;NA;NA;
5;8;28.61;24.1;43.16;ND;77.1;48.61;NA;NA;ND;NA;NA;NA;
5;9;21.54;18.15;34.25;ND;56.82;57.94;NA;NA;ND;NA;NA;NA;
5;10;13.42;20.95;17.89;ND;17.83;24.39;NA;NA;ND;NA;NA;NA;
5;11;13.91;19.91;10.95;ND;23.8;22.09;NA;NA;ND;NA;NA;NA;
5;12;20.15;30.44;7.57;ND;11.79;35.45;NA;NA;ND;NA;NA;NA;
5;13;19.31;23.61;10.74;ND;35.58;22.55;NA;NA;ND;NA;NA;NA;
5;14;24.81;18.06;14;ND;27.42;18.55;NA;NA;ND;NA;NA;NA;
5;15;18.92;19.02;10.02;ND;22.14;12.85;NA;NA;ND;NA;NA;NA;
5;16;22.22;3.24;19.3;ND;9.06;14.62;NA;NA;ND;NA;NA;NA;
5;17;12.65;10.96;22.51;ND;27.23;13.79;NA;NA;ND;NA;NA;NA;
5;18;8.02;10.34;20.01;ND;50.51;23.3;NA;NA;ND;NA;NA;NA;
5;19;5.6;9.6;21.59;ND;14.38;10.9;NA;NA;ND;NA;NA;NA;
5;20;9.35;3.75;10.92;ND;16.16;21.81;NA;NA;ND;NA;NA;NA;
5;21;6.49;12.75;10.93;ND;11.36;21.44;NA;NA;ND;NA;NA;NA;
5;22;5.1;4.77;12.18;ND;22.36;16.85;NA;NA;ND;NA;NA;NA;
5;23;11.22;2.17;6.39;ND;10.63;8.8;NA;NA;ND;NA;NA;NA;
6;0;5.08;4.82;24.44;ND;4.41;18.01;NA;NA;ND;NA;NA;NA;
6;1;9.53;7.85;13.21;ND;13.07;17.69;NA;NA;ND;NA;NA;NA;
6;2;8.89;10.19;7.48;ND;6.11;13.02;NA;NA;ND;NA;NA;NA;
6;3;11.27;8.51;11.68;ND;11.66;12.22;NA;NA;ND;NA;NA;NA;
6;4;14.54;11.6;7.48;ND;8.74;13.4;NA;NA;ND;NA;NA;NA;
6;5;13.45;8.44;5.03;ND;20.11;7.64;NA;NA;ND;NA;NA;NA;
6;6;12.21;4.46;11.27;ND;16.19;9.85;NA;NA;ND;NA;NA;NA;
6;7;22.36;6.49;21.76;ND;22.47;23.49;NA;NA;ND;NA;NA;NA;
6;8;8.53;7.52;23.09;ND;24.3;17.5;NA;NA;ND;NA;NA;NA;
6;9;7.29;2.61;18.94;ND;18.3;18.75;NA;NA;ND;NA;NA;NA;
6;10;12.11;19.39;13.36;ND;28.59;16.51;NA;NA;ND;NA;NA;NA;
6;11;9.39;12.99;13.7;ND;24.95;15.5;NA;NA;ND;NA;NA;NA;
6;12;21.76;20.63;19.78;ND;29.07;27.69;NA;NA;ND;NA;NA;NA;
6;13;15.33;17.95;16.32;ND;24.4;14.68;NA;NA;ND;NA;NA;NA;
6;14;9.63;2.24;19.62;ND;17.64;24.87;NA;NA;ND;NA;NA;NA;
6;15;5.48;4.36;15.2;ND;22.94;12.35;NA;NA;ND;NA;NA;NA;
6;16;7.93;7.72;14.02;ND;12.42;9.37;NA;NA;ND;NA;NA;NA;
6;17;7.27;9.89;16.02;ND;16.44;11.28;NA;NA;ND;NA;NA;NA;
6;18;7.52;3.81;7.18;ND;10.21;7.13;NA;NA;ND;NA;NA;NA;
6;19;6.8;1.76;11.72;ND;16.42;5.3;NA;NA;ND;NA;NA;NA;
6;20;8.12;13.35;9.59;ND;17.82;14.2;NA;NA;ND;NA;NA;NA;
6;21;4.2;6.75;3.16;ND;15.91;11.03;NA;NA;ND;NA;NA;NA;
6;22;10.73;3.71;8.17;ND;4.14;3.81;NA;NA;ND;NA;NA;NA;
6;23;4.95;9.19;3.04;ND;1.27;4.59;NA;NA;ND;NA;NA;NA;
7;0;7.73;22.25;14.04;ND;3.78;10.36;NA;NA;ND;NA;NA;NA;
7;1;7.68;8.36;17.33;ND;30.39;13.34;NA;NA;ND;NA;NA;NA;
7;2;3.89;6.31;8.21;ND;15.32;9.18;NA;NA;ND;NA;NA;NA;
7;3;6.31;6.44;10.62;ND;14.69;13.34;NA;NA;ND;NA;NA;NA;
7;4;5.31;4.81;10.66;ND;12.95;10.46;NA;NA;ND;NA;NA;NA;
7;5;19.06;21.04;12.2;ND;6.82;13.72;NA;NA;ND;NA;NA;NA;
7;6;16.33;15.12;11.27;ND;21.82;23.27;NA;NA;ND;NA;NA;NA;
7;7;12.72;18.83;13.29;ND;30;10.95;NA;NA;ND;NA;NA;NA;
7;8;16.4;24.4;13.69;ND;16.06;16.09;NA;NA;ND;NA;NA;NA;
7;9;8.06;27.33;22.8;ND;51.2;27.65;NA;NA;ND;NA;NA;NA;
7;10;30.59;22.19;13.79;ND;44.99;36.91;NA;NA;ND;NA;NA;NA;
7;11;29.8;25.97;24.86;ND;21.68;28.16;NA;NA;ND;NA;NA;NA;
7;12;9.03;14.53;11.31;ND;19.34;18.59;NA;NA;ND;NA;NA;NA;
7;13;17.8;19.86;14.02;ND;29.93;17.69;NA;NA;ND;NA;NA;NA;
7;14;8.44;21.01;11.24;ND;28.06;13.63;NA;NA;ND;NA;NA;NA;
7;15;8.99;14.83;18.82;ND;14.97;12.5;NA;NA;ND;NA;NA;NA;
7;16;13.24;13.62;14.69;ND;10.32;9.5;NA;NA;ND;NA;NA;NA;
7;17;15.89;20.66;17.97;ND;11.19;23.79;NA;NA;ND;NA;NA;NA;
7;18;8.35;10.04;12.1;ND;17.2;20.84;NA;NA;ND;NA;NA;NA;
7;19;18.48;8.92;24.14;ND;16.63;18.09;NA;NA;ND;NA;NA;NA;
7;20;9.72;8.55;17.82;ND;22.12;18.23;NA;NA;ND;NA;NA;NA;
7;21;14.23;2.67;9.71;ND;19.44;11;NA;NA;ND;NA;NA;NA;
7;22;9.62;2.89;9.62;ND;16.08;16.32;NA;NA;ND;NA;NA;NA;
7;23;9.64;8.88;14.2;ND;11.48;5.09;NA;NA;ND;NA;NA;NA;
8;0;33.06;7.68;21.04;ND;13.07;1.17;NA;NA;ND;NA;NA;NA;
8;1;10.31;5.19;13.4;ND;11.47;10.27;NA;NA;ND;NA;NA;NA;
8;2;9.04;7.54;4.56;ND;13.08;9.35;NA;NA;ND;NA;NA;NA;
8;3;6.44;0.65;9.91;ND;11.69;12.78;NA;NA;ND;NA;NA;NA;
8;4;10.58;3.94;8.18;ND;11.21;3.27;NA;NA;ND;NA;NA;NA;
8;5;10.72;14.64;6.25;ND;7.04;8.25;NA;NA;ND;NA;NA;NA;
8;6;18.12;21.86;17;ND;31.52;27.35;NA;NA;ND;NA;NA;NA;
8;7;30;17.19;36.67;ND;63.82;43.22;NA;NA;ND;NA;NA;NA;
8;8;33.65;7.97;43.64;ND;90.72;59.5;NA;NA;ND;NA;NA;NA;
8;9;22.37;7.06;37.77;ND;126.46;46.61;NA;NA;ND;NA;NA;NA;
8;10;37.04;19.29;5.85;ND;50.15;8.66;NA;NA;ND;NA;NA;NA;
8;11;12.97;21.38;6.1;ND;28.93;12.93;NA;NA;ND;NA;NA;NA;
8;12;11.68;36.5;7.86;ND;20.92;15.26;NA;NA;ND;NA;NA;NA;
8;13;13.4;22.83;16.27;ND;34;8.14;NA;NA;ND;NA;NA;NA;
8;14;19.53;13.73;17.76;ND;57.46;16.8;NA;NA;ND;NA;NA;NA;
8;15;20.83;31.84;21.25;ND;22.12;22.11;NA;NA;ND;NA;NA;NA;
8;16;6.92;23.73;19.85;ND;63.2;15.18;NA;NA;ND;NA;NA;NA;
8;17;17.64;12.73;21.97;ND;58.29;ND;NA;NA;ND;NA;NA;NA;
8;18;10.29;6.18;20.58;ND;39.12;27.28;NA;NA;ND;NA;NA;NA;
8;19;17.58;17.45;18.71;ND;42.45;21.17;NA;NA;ND;NA;NA;NA;
8;20;16.17;17.95;23.42;ND;46.27;27.49;NA;NA;ND;NA;NA;NA;
8;21;17.82;13.56;20.12;ND;33.24;23.49;NA;NA;ND;NA;NA;NA;
8;22;14.52;18.64;ND;ND;29.87;24.26;NA;NA;ND;NA;NA;NA;
8;23;15.89;41.77;ND;ND;41.56;18.71;NA;NA;ND;NA;NA;NA;
9;0;18.54;19.97;22;ND;36.14;23.49;NA;NA;ND;NA;NA;NA;
9;1;18.05;34.45;15.48;ND;24.77;24.2;NA;NA;ND;NA;NA;NA;
9;2;16.82;28.04;18.38;ND;26.54;23.53;NA;NA;ND;NA;NA;NA;
9;3;16.2;31.55;23.37;ND;22.25;25.32;NA;NA;ND;NA;NA;NA;
9;4;15.34;34.48;12.35;ND;27.4;26.37;NA;NA;ND;NA;NA;NA;
9;5;41.46;15.74;23.23;ND;30.11;35.32;NA;NA;ND;NA;NA;NA;
9;6;38.65;40.69;25.04;ND;56.07;38.93;NA;NA;ND;NA;NA;NA;
9;7;54.86;36.07;61.04;ND;58.37;58.38;NA;NA;ND;NA;NA;NA;
9;8;47.7;44.32;60.86;ND;33.22;ND;NA;NA;ND;NA;NA;NA;
9;9;36.28;33.23;54.05;ND;55.04;36.8;NA;NA;ND;NA;NA;NA;
9;10;14.89;14.21;31.91;ND;44.24;40.62;NA;NA;ND;NA;NA;NA;
9;11;13.25;29.94;28.15;ND;43.97;30.8;NA;NA;ND;NA;NA;NA;
9;12;17.21;15.35;24.15;ND;12.18;36.17;NA;NA;ND;NA;NA;NA;
9;13;12.15;15.03;13.83;ND;31.29;31.85;NA;NA;ND;NA;NA;NA;
9;14;6.31;18.66;5.96;ND;13.92;2.18;NA;NA;ND;NA;NA;NA;
9;15;14.57;18.21;18.79;ND;23.57;28.02;NA;NA;ND;NA;NA;NA;
9;16;12.66;11.04;16.91;ND;10.19;20.55;NA;NA;ND;NA;NA;NA;
9;17;9.09;12.23;10.64;ND;15.16;11.6;NA;NA;ND;NA;NA;NA;
9;18;11.57;31.73;23.39;ND;20.67;24.86;NA;NA;ND;NA;NA;NA;
9;19;8.59;36.04;15.43;ND;18.71;18.48;NA;NA;ND;NA;NA;NA;
9;20;18.04;16.92;16.17;ND;23.18;20.43;NA;NA;ND;NA;NA;NA;
9;21;9.89;4.17;18.57;ND;28.86;21.88;NA;NA;ND;NA;NA;NA;
9;22;9.82;7.31;21.42;ND;14.38;15.34;NA;NA;ND;NA;NA;NA;
9;23;17.99;9.14;9.99;ND;4.89;10.79;NA;NA;ND;NA;NA;NA;
10;0;2.19;5.34;5.86;ND;12.52;7.64;NA;NA;ND;NA;NA;NA;
10;1;10.85;6.87;17.62;ND;19.09;18.98;NA;NA;ND;NA;NA;NA;
10;2;9.93;9.83;15.7;ND;20.56;14.61;NA;NA;ND;NA;NA;NA;
10;3;13.49;13.04;9.02;ND;10.37;11.63;NA;NA;ND;NA;NA;NA;
10;4;14.23;6.63;12.73;ND;15.13;12.73;NA;NA;ND;NA;NA;NA;
10;5;8.4;5.99;9.52;ND;18.93;17.65;NA;NA;ND;NA;NA;NA;
10;6;13.36;16.01;19.38;ND;34.27;19.6;NA;NA;ND;NA;NA;NA;
10;7;28.25;18.94;31.59;ND;43.06;31.61;NA;NA;ND;NA;NA;NA;
10;8;18.88;10.53;36.95;ND;37.89;33.24;NA;NA;ND;NA;NA;NA;
10;9;22.81;2.43;30.72;ND;25.38;23.79;NA;NA;ND;NA;NA;NA;
10;10;4.28;6.38;6.8;ND;21.61;6.86;NA;NA;ND;NA;NA;NA;
10;11;3.87;3.21;12.3;ND;26.14;15.33;NA;NA;ND;NA;NA;NA;
10;12;12.46;19.08;13.47;ND;13.15;18.28;NA;NA;ND;NA;NA;NA;
10;13;6.04;12.5;11.15;ND;18.36;19.56;NA;NA;ND;NA;NA;NA;
10;14;18.64;22.77;13.18;ND;11.95;15;NA;NA;ND;NA;NA;NA;
10;15;3.76;17.73;10.85;ND;16.05;10.82;NA;NA;ND;NA;NA;NA;
10;16;13.36;4.85;11.22;ND;15.78;1.25;NA;NA;ND;NA;NA;NA;
10;17;8.39;13.56;16.25;ND;16.42;19.44;NA;NA;ND;NA;NA;NA;
10;18;13.11;22.37;24.77;ND;25.3;17.15;NA;NA;ND;NA;NA;NA;
10;19;11.88;7.47;23.97;ND;23.23;35.56;NA;NA;ND;NA;NA;NA;
10;20;14.58;4.66;36.24;ND;26.37;19.34;NA;NA;ND;NA;NA;NA;
10;21;11.63;10.91;23.3;ND;22.89;12.49;NA;NA;ND;NA;NA;NA;
10;22;12.95;13.88;25.22;ND;24.44;16.39;NA;NA;ND;NA;NA;NA;
10;23;15.62;16.19;26.93;ND;10.68;15.92;NA;NA;ND;NA;NA;NA;
11;0;19.97;12.6;29.61;ND;18.24;6.14;NA;NA;ND;NA;NA;NA;
11;1;9.71;8.99;27.43;ND;20.58;21.92;NA;NA;ND;NA;NA;NA;
11;2;17.84;19.13;21.81;ND;22.09;13.57;NA;NA;ND;NA;NA;NA;
11;3;18.27;16.64;17.06;ND;18.09;23.92;NA;NA;ND;NA;NA;NA;
11;4;15.92;15.12;20.4;ND;22.26;12.62;NA;NA;ND;NA;NA;NA;
11;5;17.45;13.87;10.44;ND;33.38;20.15;NA;NA;ND;NA;NA;NA;
11;6;27.8;28.92;23.82;ND;65.48;32.1;NA;NA;ND;NA;NA;NA;
11;7;38.64;31.53;66.02;ND;94.25;57.63;NA;NA;ND;NA;NA;NA;
11;8;38.26;24.03;52.9;ND;52.89;38;NA;NA;ND;NA;NA;NA;
11;9;19.92;16.44;51.29;ND;10.22;31.71;NA;NA;ND;NA;NA;NA;
11;10;16.67;24.78;50.05;ND;20.9;36.77;NA;NA;ND;NA;NA;NA;
11;11;11.94;28.85;33.72;ND;26.95;20.05;NA;NA;ND;NA;NA;NA;
11;12;23.75;30.23;15.56;ND;12.56;11.59;NA;NA;ND;NA;NA;NA;
11;13;19.03;30.23;ND;ND;21.2;23.75;NA;NA;ND;NA;NA;NA;
11;14;30.74;19.62;4.36;ND;23.32;23.07;NA;NA;ND;NA;NA;NA;
11;15;15.16;24.15;3.35;ND;30.1;ND;NA;NA;ND;NA;NA;NA;
11;16;16.91;19.59;5.79;ND;24.68;ND;NA;NA;ND;NA;NA;NA;
11;17;13.54;13.44;16.29;ND;10.94;ND;NA;NA;ND;NA;NA;NA;
11;18;7.97;20.55;18.23;ND;14.16;ND;NA;NA;ND;NA;NA;NA;
11;19;27.72;10.79;24.23;ND;17.39;ND;NA;NA;ND;NA;NA;NA;
11;20;ND;5.09;17.76;ND;21.78;23.2;NA;NA;ND;NA;NA;NA;
11;21;ND;14.32;16.89;ND;25.28;27.12;NA;NA;ND;NA;NA;NA;
11;22;ND;12.68;19.3;ND;14.88;20.4;NA;NA;ND;NA;NA;NA;
11;23;ND;4.78;17.91;ND;19.27;21.3;NA;NA;ND;NA;NA;NA;
12;0;ND;11.4;4.69;ND;28.46;15.92;NA;NA;ND;NA;NA;NA;
12;1;ND;30.67;22.57;ND;29.15;25.93;NA;NA;ND;NA;NA;NA;
12;2;ND;24.65;21.61;ND;34.54;21.54;NA;NA;ND;NA;NA;NA;
12;3;ND;18.08;21.83;ND;23.09;24.16;NA;NA;ND;NA;NA;NA;
12;4;ND;14.84;21.66;ND;22.54;31.94;NA;NA;ND;NA;NA;NA;
12;5;ND;5.57;15.24;ND;39.16;23.3;NA;NA;ND;NA;NA;NA;
12;6;ND;39.99;16.93;ND;46.95;38.91;NA;NA;ND;NA;NA;NA;
12;7;ND;51.58;45.04;ND;52.57;46.13;NA;NA;ND;NA;NA;NA;
12;8;ND;44.34;49.39;ND;42.04;14.8;NA;NA;ND;NA;NA;NA;
12;9;ND;29.9;36.71;ND;15.28;22.79;NA;NA;ND;NA;NA;NA;
12;10;32.64;26.79;ND;ND;18.14;19.79;NA;NA;ND;NA;NA;NA;
12;11;48.96;29.41;ND;ND;15.82;18.21;NA;NA;ND;NA;NA;NA;
12;12;39.09;35.47;ND;ND;20.84;21.66;NA;NA;ND;NA;NA;NA;
12;13;29.59;26.96;ND;ND;20.44;13.95;NA;NA;ND;NA;NA;NA;
12;14;19.01;24.36;ND;ND;ND;17.61;NA;NA;ND;NA;NA;NA;
12;15;ND;29.2;ND;ND;ND;26.7;NA;NA;ND;NA;NA;NA;
12;16;ND;26.66;ND;ND;ND;17.2;NA;NA;ND;NA;NA;NA;
12;17;ND;25.65;ND;ND;21.8;27.66;NA;NA;ND;NA;NA;NA;
12;18;ND;17.12;ND;ND;20.12;36.06;NA;NA;ND;NA;NA;NA;
12;19;ND;9.1;ND;ND;22.57;29.59;NA;NA;ND;NA;NA;NA;
12;20;ND;7.87;ND;ND;21.2;21.23;NA;NA;ND;NA;NA;NA;
12;21;ND;18.64;ND;ND;32.33;17.94;NA;NA;ND;NA;NA;NA;
12;22;ND;15.42;ND;ND;20.88;22.76;NA;NA;ND;NA;NA;NA;
12;23;ND;17.62;ND;ND;32.12;18.95;NA;NA;ND;NA;NA;NA;
13;0;ND;3.31;ND;ND;19.71;14.33;NA;NA;ND;NA;NA;NA;
13;1;ND;14.93;ND;ND;26.5;23.47;NA;NA;ND;NA;NA;NA;
13;2;ND;12.09;ND;ND;21.13;25.96;NA;NA;ND;NA;NA;NA;
13;3;ND;8.21;ND;ND;23.59;19.08;NA;NA;ND;NA;NA;NA;
13;4;ND;34.11;ND;ND;27.75;23.99;NA;NA;ND;NA;NA;NA;
13;5;ND;21.11;ND;ND;34.5;38.8;NA;NA;ND;NA;NA;NA;
13;6;ND;27.37;ND;ND;33.74;33.43;NA;NA;ND;NA;NA;NA;
13;7;ND;33.7;ND;ND;48.36;30.06;NA;NA;ND;NA;NA;NA;
13;8;ND;30.26;ND;ND;64.44;29.58;NA;NA;ND;NA;NA;NA;
13;9;ND;10.7;ND;ND;33.64;24.19;NA;NA;ND;NA;NA;NA;
13;10;ND;39.63;ND;ND;28.57;27.37;NA;NA;ND;NA;NA;NA;
13;11;ND;25.73;ND;ND;16.47;15.64;NA;NA;ND;NA;NA;NA;
13;12;ND;43.2;ND;ND;16.46;15.91;NA;NA;ND;NA;NA;NA;
13;13;ND;30.07;ND;ND;11.66;20.47;NA;NA;ND;NA;NA;NA;
13;14;ND;38.76;ND;ND;26.24;26.49;NA;NA;ND;NA;NA;NA;
13;15;ND;23.37;ND;ND;28.52;22.85;NA;NA;ND;NA;NA;NA;
13;16;ND;17.59;ND;ND;29.01;34.78;NA;NA;ND;NA;NA;NA;
13;17;ND;10.29;ND;ND;20.92;23.27;NA;NA;ND;NA;NA;NA;
13;18;ND;7.09;ND;ND;10.9;28.61;NA;NA;ND;NA;NA;NA;
13;19;ND;4.5;ND;ND;16.38;14.66;NA;NA;ND;NA;NA;NA;
13;20;ND;4.72;ND;ND;23.74;15.7;NA;NA;ND;NA;NA;NA;
13;21;ND;1.28;ND;ND;20.24;13.09;NA;NA;ND;NA;NA;NA;
13;22;ND;1.86;ND;ND;9.16;11.71;NA;NA;ND;NA;NA;NA;
13;23;ND;13.56;ND;ND;13.36;9.01;NA;NA;ND;NA;NA;NA;
14;0;ND;17.92;ND;ND;18.11;16.38;NA;NA;ND;NA;NA;NA;
14;1;ND;13.01;ND;ND;16.85;18.73;NA;NA;ND;NA;NA;NA;
14;2;ND;3.02;ND;ND;22.94;21.15;NA;NA;ND;NA;NA;NA;
14;3;ND;13.46;ND;ND;18.62;13.06;NA;NA;ND;NA;NA;NA;
14;4;ND;18.19;ND;ND;23.09;18.15;NA;NA;ND;NA;NA;NA;
14;5;ND;17.52;ND;ND;26.79;28.67;NA;NA;ND;NA;NA;NA;
14;6;ND;11.94;ND;ND;35.85;21.97;NA;NA;ND;NA;NA;NA;
14;7;ND;21.96;ND;ND;51.82;28.66;NA;NA;ND;NA;NA;NA;
14;8;ND;39.77;ND;ND;37.01;46.3;NA;NA;ND;NA;NA;NA;
14;9;ND;15.39;ND;ND;23.45;29.96;NA;NA;ND;NA;NA;NA;
14;10;ND;36.78;ND;ND;28.19;25.22;NA;NA;ND;NA;NA;NA;
14;11;ND;31.65;ND;ND;19.02;14.31;NA;NA;ND;NA;NA;NA;
14;12;ND;30.38;ND;ND;13.8;14.56;NA;NA;ND;NA;NA;NA;
14;13;ND;21.67;ND;ND;11.52;14.48;NA;NA;ND;NA;NA;NA;
14;14;ND;34.11;ND;ND;10.11;11.61;NA;NA;ND;NA;NA;NA;
14;15;ND;26.34;ND;ND;20.41;21.43;NA;NA;ND;NA;NA;NA;
14;16;ND;23.71;ND;ND;23.97;28.86;NA;NA;ND;NA;NA;NA;
14;17;ND;28.59;ND;ND;9.56;10.44;NA;NA;ND;NA;NA;NA;
14;18;ND;20.57;ND;ND;13.78;12.82;NA;NA;ND;NA;NA;NA;
14;19;ND;9.26;ND;ND;10.81;14.1;NA;NA;ND;NA;NA;NA;
14;20;ND;13.34;ND;ND;17.65;19.21;NA;NA;ND;NA;NA;NA;
14;21;ND;7.32;ND;ND;20.53;25.79;NA;NA;ND;NA;NA;NA;
14;22;ND;6.77;ND;ND;21.1;17.18;NA;NA;ND;NA;NA;NA;
14;23;ND;5.01;ND;ND;8.32;14.68;NA;NA;ND;NA;NA;NA;
15;0;ND;11.88;ND;ND;22.99;26.66;NA;NA;ND;NA;NA;NA;
15;1;ND;8.63;ND;ND;19.37;21.06;NA;NA;ND;NA;NA;NA;
15;2;ND;11.27;ND;ND;15.43;16.36;NA;NA;ND;NA;NA;NA;
15;3;ND;7.61;ND;ND;15.64;21.17;NA;NA;ND;NA;NA;NA;
15;4;ND;14.72;ND;ND;27.93;20.97;NA;NA;ND;NA;NA;NA;
15;5;ND;17.9;ND;ND;24.59;16.02;NA;NA;ND;NA;NA;NA;
15;6;ND;28.99;ND;ND;25.27;27.57;NA;NA;ND;NA;NA;NA;
15;7;ND;13.92;ND;ND;42.28;26.71;NA;NA;ND;NA;NA;NA;
15;8;ND;13.75;ND;ND;44.32;43.13;NA;NA;ND;NA;NA;NA;
15;9;ND;27.7;ND;ND;18.65;20.63;NA;NA;ND;NA;NA;NA;
15;10;ND;35.75;ND;ND;29.08;24.88;NA;NA;ND;NA;NA;NA;
15;11;ND;34.87;ND;ND;24.55;23.83;NA;NA;ND;NA;NA;NA;
15;12;ND;38.03;ND;ND;17.7;16.27;NA;NA;ND;NA;NA;NA;
15;13;ND;19.85;ND;ND;9.53;21.62;NA;NA;ND;NA;NA;NA;
15;14;ND;33.85;ND;ND;16.67;24.09;NA;NA;ND;NA;NA;NA;
15;15;ND;30;ND;ND;15.84;23.37;NA;NA;ND;NA;NA;NA;
15;16;ND;13.44;ND;ND;10.67;10.16;NA;NA;ND;NA;NA;NA;
15;17;ND;25.34;ND;ND;17.24;20.77;NA;NA;ND;NA;NA;NA;
15;18;ND;3.25;ND;ND;10.78;9.91;NA;NA;ND;NA;NA;NA;
15;19;ND;3.91;ND;ND;6.52;17.11;NA;NA;ND;NA;NA;NA;
15;20;ND;15.57;ND;ND;19.43;17.21;NA;NA;ND;NA;NA;NA;
15;21;ND;10.17;ND;ND;23.21;10.09;NA;NA;ND;NA;NA;NA;
15;22;ND;9.55;ND;ND;11.81;15.52;NA;NA;ND;NA;NA;NA;
15;23;ND;10.54;ND;ND;13.4;9.8;NA;NA;ND;NA;NA;NA;
16;0;ND;12.87;ND;ND;11.83;12.48;NA;NA;ND;NA;NA;NA;
16;1;ND;6.13;ND;ND;21.14;20.41;NA;NA;ND;NA;NA;NA;
16;2;ND;8.22;ND;ND;15.07;16.61;NA;NA;ND;NA;NA;NA;
16;3;ND;5.7;ND;ND;15.23;13.05;NA;NA;ND;NA;NA;NA;
16;4;ND;10.63;ND;ND;18.92;20.15;NA;NA;ND;NA;NA;NA;
16;5;ND;11.39;ND;ND;23.7;22.8;NA;NA;ND;NA;NA;NA;
16;6;ND;14;ND;ND;26.32;21.49;NA;NA;ND;NA;NA;NA;
16;7;ND;ND;ND;ND;30.81;24.23;NA;NA;ND;NA;NA;NA;
16;8;ND;20.49;ND;ND;26.59;19.1;NA;NA;ND;NA;NA;NA;
16;9;ND;20.29;ND;ND;33.17;28.17;NA;NA;ND;NA;NA;NA;
16;10;ND;15.49;ND;ND;18.02;12.88;NA;NA;ND;NA;NA;NA;
16;11;ND;12.19;ND;ND;4.02;28.39;NA;NA;ND;NA;NA;NA;
16;12;ND;17.58;ND;ND;63.23;19.95;NA;NA;ND;NA;NA;NA;
16;13;ND;22.49;ND;ND;14.11;19.97;NA;NA;ND;NA;NA;NA;
16;14;ND;13.67;ND;ND;12.72;19.91;NA;NA;ND;NA;NA;NA;
16;15;ND;13.45;ND;ND;16.6;24.77;NA;NA;ND;NA;NA;NA;
16;16;ND;20.4;ND;ND;7.28;16.12;NA;NA;ND;NA;NA;NA;
16;17;ND;15.88;ND;ND;8.48;9.38;NA;NA;ND;NA;NA;NA;
16;18;ND;15.72;ND;ND;16.17;20.97;NA;NA;ND;NA;NA;NA;
16;19;ND;17.75;ND;ND;13.89;8.32;NA;NA;ND;NA;NA;NA;
16;20;ND;6.27;ND;ND;17.44;15.57;NA;NA;ND;NA;NA;NA;
16;21;ND;9.56;ND;ND;4.16;12;NA;NA;ND;NA;NA;NA;
16;22;ND;5.45;ND;ND;22.52;14.84;NA;NA;ND;NA;NA;NA;
16;23;ND;10.37;ND;ND;25.08;18.91;NA;NA;ND;NA;NA;NA;
17;0;ND;6.25;ND;ND;16.87;7.93;NA;NA;ND;NA;NA;NA;
17;1;ND;19.78;ND;ND;17.87;22.19;NA;NA;ND;NA;NA;NA;
17;2;ND;13.26;ND;ND;26.66;9.45;NA;NA;ND;NA;NA;NA;
17;3;ND;25.5;ND;ND;32.17;16.5;NA;NA;ND;NA;NA;NA;
17;4;ND;19.25;ND;ND;12.99;12.49;NA;NA;ND;NA;NA;NA;
17;5;ND;23.59;ND;ND;30.39;26.9;NA;NA;ND;NA;NA;NA;
17;6;ND;21.88;ND;ND;48.28;40.2;NA;NA;ND;NA;NA;NA;
17;7;ND;31.84;ND;ND;85.03;52.29;NA;NA;ND;NA;NA;NA;
17;8;ND;49.89;ND;ND;90.17;52.58;NA;NA;ND;NA;NA;NA;
17;9;ND;17.8;ND;ND;43.72;18.41;NA;NA;ND;NA;NA;NA;
17;10;ND;23.39;ND;ND;17.98;15.48;NA;NA;ND;NA;NA;NA;
17;11;ND;18.03;ND;ND;16.68;15.47;NA;NA;ND;NA;NA;NA;
17;12;ND;31.08;ND;ND;6.35;11.14;NA;NA;ND;NA;NA;NA;
17;13;ND;32.62;ND;ND;19.86;15.62;NA;NA;ND;NA;NA;NA;
17;14;ND;24.96;ND;ND;22.55;13.82;NA;NA;ND;NA;NA;NA;
17;15;ND;27.94;ND;ND;6.15;14.62;NA;NA;ND;NA;NA;NA;
17;16;ND;19.8;ND;ND;18.33;10.16;NA;NA;ND;NA;NA;NA;
17;17;ND;37.88;ND;ND;17.13;27.8;NA;NA;ND;NA;NA;NA;
17;18;ND;31.46;ND;ND;20.04;ND;NA;NA;ND;NA;NA;NA;
17;19;ND;11.45;ND;ND;18.26;44.72;NA;NA;ND;NA;NA;NA;
17;20;ND;24.26;ND;ND;37.46;33.67;NA;NA;ND;NA;NA;NA;
17;21;ND;28.52;ND;ND;20.31;34.91;NA;NA;ND;NA;NA;NA;
17;22;ND;17.49;ND;ND;49.01;27.48;NA;NA;ND;NA;NA;NA;
17;23;ND;25.07;ND;ND;ND;28.45;NA;NA;ND;NA;NA;NA;
18;0;ND;36.03;ND;ND;73;36.8;NA;NA;ND;NA;NA;NA;
18;1;ND;25.36;ND;ND;39.42;37.08;NA;NA;ND;NA;NA;NA;
18;2;ND;20.76;ND;ND;35.29;24.38;NA;NA;ND;NA;NA;NA;
18;3;ND;22.26;ND;ND;22.51;18.33;NA;NA;ND;NA;NA;NA;
18;4;ND;28.49;ND;ND;21.27;14.56;NA;NA;ND;NA;NA;NA;
18;5;ND;33.49;ND;ND;20.77;16.66;NA;NA;ND;NA;NA;NA;
18;6;ND;41.27;ND;ND;49.21;23.93;NA;NA;ND;NA;NA;NA;
18;7;ND;44.02;ND;ND;53.24;18.02;NA;NA;ND;NA;NA;NA;
18;8;ND;28.79;ND;ND;34.93;16.45;NA;NA;ND;NA;NA;NA;
18;9;ND;22.93;ND;ND;20.4;11.39;NA;NA;ND;NA;NA;NA;
18;10;ND;20.93;ND;ND;0.64;7.43;NA;NA;ND;NA;NA;NA;
18;11;ND;12.73;ND;ND;32.69;9.91;NA;NA;ND;NA;NA;NA;
18;12;ND;21.29;ND;ND;6.22;16.09;NA;NA;ND;NA;NA;NA;
18;13;ND;10.43;ND;ND;3.55;16.89;NA;NA;ND;NA;NA;NA;
18;14;ND;12.83;ND;ND;1.95;11.24;NA;NA;ND;NA;NA;NA;
18;15;ND;25.5;ND;ND;19.79;21.44;NA;NA;ND;NA;NA;NA;
18;16;ND;13.73;ND;ND;11.7;10.45;NA;NA;ND;NA;NA;NA;
18;17;ND;20.57;ND;ND;13.56;10.22;NA;NA;ND;NA;NA;NA;
18;18;ND;14.22;ND;ND;22.23;3.16;NA;NA;ND;NA;NA;NA;
18;19;ND;23.28;ND;ND;15.1;0.3;NA;NA;ND;NA;NA;NA;
18;20;ND;15.52;ND;ND;18.12;23.93;NA;NA;ND;NA;NA;NA;
18;21;ND;14.38;ND;ND;25.3;15.46;NA;NA;ND;NA;NA;NA;
18;22;ND;22.61;ND;ND;12.94;10.14;NA;NA;ND;NA;NA;NA;
18;23;ND;15.75;ND;ND;15.34;12.08;NA;NA;ND;NA;NA;NA;
19;0;ND;21.88;ND;NA;24.37;10.46;NA;NA;ND;NA;NA;NA;
19;1;ND;16.09;ND;NA;8.48;16.75;NA;NA;ND;NA;NA;NA;
19;2;ND;19.93;ND;NA;10.81;5.92;NA;NA;ND;NA;NA;NA;
19;3;ND;17.71;ND;NA;5.38;10.13;NA;NA;ND;NA;NA;NA;
19;4;ND;20.12;ND;NA;10.01;12.78;NA;NA;ND;NA;NA;NA;
19;5;ND;27.56;ND;NA;16.19;23.49;NA;NA;ND;NA;NA;NA;
19;6;ND;38.04;ND;NA;43.21;22.88;NA;NA;ND;NA;NA;NA;
19;7;ND;28.93;ND;NA;66.74;47.63;NA;NA;ND;NA;NA;NA;
19;8;ND;28.24;ND;NA;38.58;33.75;NA;NA;ND;NA;NA;NA;
19;9;ND;4.89;ND;NA;34.87;14.57;NA;NA;ND;NA;NA;NA;
19;10;ND;5.39;ND;NA;7.46;1.9;NA;NA;ND;NA;NA;NA;
19;11;ND;24.56;ND;NA;10.76;12.24;NA;NA;ND;NA;NA;NA;
19;12;ND;15.48;ND;NA;9.99;3.77;NA;NA;ND;NA;NA;NA;
19;13;ND;9.7;ND;NA;6.89;5.78;NA;NA;ND;NA;NA;NA;
19;14;ND;5.82;ND;NA;7.95;8.87;NA;NA;ND;NA;NA;NA;
19;15;ND;10.69;18.93;NA;4.26;6.85;NA;NA;ND;NA;NA;NA;
19;16;ND;4.7;13.53;NA;16.67;4.36;NA;NA;ND;NA;NA;NA;
19;17;ND;22.83;17.94;NA;2.55;6.48;NA;NA;ND;NA;NA;NA;
19;18;ND;21.92;22.67;NA;34.92;14.63;NA;NA;ND;NA;NA;NA;
19;19;ND;23.7;33.47;NA;7.23;9.67;NA;NA;ND;NA;NA;NA;
19;20;ND;22.23;20.53;NA;24.76;7.84;NA;NA;ND;NA;NA;NA;
19;21;ND;11.33;18.55;NA;17.35;8.8;NA;NA;ND;NA;NA;NA;
19;22;ND;2.61;14.08;NA;25.59;17.7;NA;NA;ND;NA;NA;NA;
19;23;ND;9.91;10.87;NA;31.91;12.16;NA;NA;ND;NA;NA;NA;
20;0;ND;7.57;0.08;NA;17.83;17.92;NA;NA;ND;NA;NA;NA;
20;1;ND;6.82;6.48;NA;25.92;17.36;NA;NA;ND;NA;NA;NA;
20;2;ND;13.06;14.07;NA;27.46;26.37;NA;NA;ND;NA;NA;NA;
20;3;ND;21.23;9.89;NA;10.2;19.05;NA;NA;ND;NA;NA;NA;
20;4;ND;10.7;6.82;NA;21.97;22.16;NA;NA;ND;NA;NA;NA;
20;5;ND;24.38;12.39;NA;25.38;22.21;NA;NA;ND;NA;NA;NA;
20;6;ND;ND;23.54;NA;36.02;18.7;NA;NA;ND;NA;NA;NA;
20;7;ND;13.14;22.77;NA;36.72;27.26;NA;NA;ND;NA;NA;NA;
20;8;ND;21.57;31.77;NA;18.22;24.1;NA;NA;ND;NA;NA;NA;
20;9;ND;17.94;33.16;NA;41.09;33.74;NA;NA;ND;NA;NA;NA;
20;10;ND;12.94;16.73;NA;23.02;6.36;NA;NA;ND;NA;NA;NA;
20;11;ND;14.23;7.51;NA;11.4;10.88;NA;NA;ND;NA;NA;NA;
20;12;ND;24.13;9.42;NA;24.83;11.15;NA;NA;ND;NA;NA;NA;
20;13;ND;31.98;8.06;NA;9.23;11.63;NA;NA;ND;NA;NA;NA;
20;14;ND;11.38;3.34;NA;5.71;6.21;NA;NA;ND;NA;NA;NA;
20;15;ND;10.75;7.76;NA;9.74;6.88;NA;NA;ND;NA;NA;NA;
20;16;ND;8.1;8.25;NA;6.04;3.24;NA;NA;ND;NA;NA;NA;
20;17;ND;27.73;9.34;NA;18.97;11.68;NA;NA;ND;NA;NA;NA;
20;18;ND;16.06;13.04;NA;10.6;6.32;NA;NA;ND;NA;NA;NA;
20;19;ND;22.51;15.55;NA;14.16;5.89;NA;NA;ND;NA;NA;NA;
20;20;ND;13.02;22.94;NA;7.64;8.86;NA;NA;ND;NA;NA;NA;
20;21;ND;8.51;19.93;NA;20;24.68;NA;NA;ND;NA;NA;NA;
20;22;ND;5.1;13.71;NA;19.14;20.31;NA;NA;ND;NA;NA;NA;
20;23;ND;24.9;22.04;NA;8.18;26.88;NA;NA;ND;NA;NA;NA;
21;0;ND;23.25;25.06;NA;13.17;32.11;NA;NA;ND;NA;NA;NA;
21;1;ND;20.14;25.05;NA;15.7;13.14;NA;NA;ND;NA;NA;NA;
21;2;ND;20.31;9.42;NA;14.69;5.49;NA;NA;ND;NA;NA;NA;
21;3;ND;26.34;13.1;NA;15.96;8.27;NA;NA;ND;NA;NA;NA;
21;4;ND;17.9;8.89;NA;6.46;17.64;NA;NA;ND;NA;NA;NA;
21;5;ND;18.63;10.14;NA;9.94;6.03;NA;NA;ND;NA;NA;NA;
21;6;ND;14.8;21.38;NA;19.84;19.59;NA;NA;ND;NA;NA;NA;
21;7;ND;23.73;17.16;NA;24.44;21.97;NA;NA;ND;NA;NA;NA;
21;8;ND;9.53;15.4;NA;19.45;11.78;NA;NA;ND;NA;NA;NA;
21;9;ND;9.72;11.19;NA;10.51;2.57;NA;NA;ND;NA;NA;NA;
21;10;ND;16.45;11.69;NA;4.63;15.76;NA;NA;ND;NA;NA;NA;
21;11;ND;25.36;11.29;NA;37.65;8.13;NA;NA;ND;NA;NA;NA;
21;12;ND;18.99;0.7;NA;18.17;7.18;NA;NA;ND;NA;NA;NA;
21;13;ND;20.93;6.83;NA;2.76;8.93;NA;NA;ND;NA;NA;NA;
21;14;ND;15.65;14.82;NA;27.88;18.6;NA;NA;ND;NA;NA;NA;
21;15;ND;9.75;8.52;NA;19.22;12.34;NA;NA;ND;NA;NA;NA;
21;16;ND;9.44;9.46;NA;18.31;13.98;NA;NA;ND;NA;NA;NA;
21;17;ND;23.29;16.19;NA;8.51;12.88;NA;NA;ND;NA;NA;NA;
21;18;ND;14.51;13.02;NA;18.48;9.96;NA;NA;ND;NA;NA;NA;
21;19;ND;0.79;23.66;NA;20.16;11.45;NA;NA;ND;NA;NA;NA;
21;20;ND;10.94;12.32;NA;12.99;8.82;NA;NA;ND;NA;NA;NA;
21;21;ND;5.25;10.63;NA;18.1;15.43;NA;NA;ND;NA;NA;NA;
21;22;ND;1.7;15.19;NA;10.55;10.36;NA;NA;ND;NA;NA;NA;
21;23;ND;13.81;9.79;NA;10.45;11.6;NA;NA;ND;NA;NA;NA;
22;0;ND;10.67;26.01;NA;21.46;6.47;NA;NA;ND;NA;NA;NA;
22;1;ND;13.16;15.14;NA;9.3;14.64;NA;NA;ND;NA;NA;NA;
22;2;ND;3.69;9.34;NA;15.82;18.22;NA;NA;ND;NA;NA;NA;
22;3;ND;5.57;11.42;NA;18.58;11.12;NA;NA;ND;NA;NA;NA;
22;4;ND;10.73;9.32;NA;12.47;13.8;NA;NA;ND;NA;NA;NA;
22;5;ND;5.63;11.54;NA;12.53;10.56;NA;NA;ND;NA;NA;NA;
22;6;ND;32.29;16.14;NA;26.84;14.58;NA;NA;ND;NA;NA;NA;
22;7;ND;44.62;35.55;NA;34.69;29.69;NA;NA;ND;NA;NA;NA;
22;8;ND;10.84;34.98;NA;21.74;27.18;NA;NA;ND;NA;NA;NA;
22;9;ND;14.2;20;NA;31.44;19.2;NA;NA;ND;NA;NA;NA;
22;10;ND;18.92;15.76;NA;16.68;23.23;NA;NA;ND;NA;NA;NA;
22;11;ND;21.76;6.18;NA;8.23;12.09;NA;NA;ND;NA;NA;NA;
22;12;ND;25.04;3.78;NA;16.16;18.69;NA;NA;ND;NA;NA;NA;
22;13;ND;37.5;15.54;NA;9.38;ND;NA;NA;ND;NA;NA;NA;
22;14;ND;24.92;11.58;NA;26.21;34.07;NA;NA;ND;NA;NA;NA;
22;15;ND;26.94;14.78;NA;20.12;23.38;NA;NA;ND;NA;NA;NA;
22;16;ND;31.09;16.66;NA;19.06;22.47;NA;NA;ND;NA;NA;NA;
22;17;ND;13.39;26.67;NA;17.74;21.27;NA;NA;ND;NA;NA;NA;
22;18;ND;8.75;28.97;NA;12.74;6.71;NA;NA;ND;NA;NA;NA;
22;19;ND;1.86;26.95;NA;14.91;2.19;NA;NA;ND;NA;NA;NA;
22;20;ND;0;28.31;NA;20.29;6.79;NA;NA;ND;NA;NA;NA;
22;21;ND;5.2;16.27;NA;24.67;14.81;NA;NA;ND;NA;NA;NA;
22;22;ND;5.59;15.65;NA;18.32;14.04;NA;NA;ND;NA;NA;NA;
22;23;ND;12.48;12.56;NA;18.08;12.07;NA;NA;ND;NA;NA;NA;
23;0;ND;10.02;19.78;NA;21.63;12.98;NA;NA;ND;NA;NA;NA;
23;1;ND;1.78;19.31;NA;19.89;20.92;NA;NA;ND;NA;NA;NA;
23;2;ND;7.2;11.84;NA;12.27;17.83;NA;NA;ND;NA;NA;NA;
23;3;ND;3.51;11.98;NA;0.55;9.21;NA;NA;ND;NA;NA;NA;
23;4;ND;2.09;10.5;NA;7.79;3.34;NA;NA;ND;NA;NA;NA;
23;5;ND;7.59;4.5;NA;3.94;6.65;NA;NA;ND;NA;NA;NA;
23;6;ND;8.52;11.2;NA;19.77;10.68;NA;NA;ND;NA;NA;NA;
23;7;ND;22.64;21.89;NA;39.57;19.87;NA;NA;ND;NA;NA;NA;
23;8;ND;18.79;26.6;NA;35.8;35.33;NA;NA;ND;NA;NA;NA;
23;9;ND;16.95;23.91;NA;36.69;20.16;NA;NA;ND;NA;NA;NA;
23;10;ND;10.52;29.14;NA;24.56;20.09;NA;NA;ND;NA;NA;NA;
23;11;ND;14.02;20.78;NA;31.44;24.98;NA;NA;ND;NA;NA;NA;
23;12;ND;17.65;24.77;NA;24.68;23.72;NA;NA;ND;NA;NA;NA;
23;13;ND;18.72;27.62;NA;27.19;32.99;NA;NA;ND;NA;NA;NA;
23;14;ND;18.3;21.18;NA;18.22;23;NA;NA;ND;NA;NA;NA;
23;15;ND;16.04;13.59;NA;12.29;11.58;NA;NA;ND;NA;NA;NA;
23;16;15.96;19.05;24.35;NA;22.73;32.73;NA;NA;ND;NA;NA;NA;
23;17;16.95;9.43;29.62;NA;30.49;28.09;NA;NA;ND;NA;NA;NA;
23;18;15.85;22.65;27.72;NA;25.1;ND;NA;NA;ND;NA;NA;NA;
23;19;19.29;19.42;19.42;NA;38.27;16.04;NA;NA;ND;NA;NA;NA;
23;20;29.7;32.09;31.62;NA;34.53;54.21;NA;NA;ND;NA;NA;NA;
23;21;29.73;33.54;29.03;NA;30.53;36.36;NA;NA;ND;NA;NA;NA;
23;22;35.42;42.37;23.63;NA;30.65;33.34;NA;NA;ND;NA;NA;NA;
23;23;31.41;37.86;20.61;NA;44.03;26.64;NA;NA;ND;NA;NA;NA;
24;0;25.04;15.1;25.22;NA;42.24;39.14;NA;NA;ND;NA;NA;NA;
24;1;13.01;10.94;17.04;NA;29.79;37.76;NA;NA;ND;NA;NA;NA;
24;2;8.52;11;18.54;NA;12.98;26.07;NA;NA;ND;NA;NA;NA;
24;3;18.8;6.37;18.25;NA;23.36;26.44;NA;NA;ND;NA;NA;NA;
24;4;13.01;25.69;16.6;NA;34.05;19.09;NA;NA;ND;NA;NA;NA;
24;5;15.56;12.63;19.42;NA;32.33;23.57;NA;NA;ND;NA;NA;NA;
24;6;30.48;19.06;15.49;NA;43.46;27.9;NA;NA;ND;NA;NA;NA;
24;7;38.91;23.24;25.54;NA;54.75;32.56;NA;NA;ND;NA;NA;NA;
24;8;28.83;16.33;23.25;NA;54.79;29.33;NA;NA;ND;NA;NA;NA;
24;9;19.79;4.39;23.24;NA;26.04;22.54;NA;NA;ND;NA;NA;NA;
24;10;23.19;22.87;27.95;NA;25.94;29.2;NA;NA;ND;NA;NA;NA;
24;11;21.16;20.56;18.65;NA;30.87;33.25;NA;NA;ND;NA;NA;NA;
24;12;18.12;16.36;7.2;NA;11.19;21.12;NA;NA;ND;NA;NA;NA;
24;13;28.82;17.73;18.54;NA;21.28;27.96;NA;NA;ND;NA;NA;NA;
24;14;ND;19.58;19.54;NA;21.66;17.89;NA;NA;ND;NA;NA;NA;
24;15;17.29;17.89;16.66;NA;14.73;16.08;NA;NA;ND;NA;NA;NA;
24;16;1.13;6.91;17.56;NA;22.01;13.88;NA;NA;ND;NA;NA;NA;
24;17;6.42;22.09;33.47;NA;34.11;22.15;NA;NA;ND;NA;NA;NA;
24;18;7.99;11.43;20.94;NA;12.26;8.92;NA;NA;ND;NA;NA;NA;
24;19;1.73;15.87;16.65;NA;13.91;20.07;NA;NA;ND;NA;NA;NA;
24;20;2.86;4.7;27.05;NA;29.12;18.78;NA;NA;ND;NA;NA;NA;
24;21;7.89;6.45;17.24;NA;25.07;15.93;NA;NA;ND;NA;NA;NA;
24;22;8.17;0.55;15.05;NA;14.3;11.19;NA;NA;ND;NA;NA;NA;
24;23;5.48;9.7;5.64;NA;11.93;16.58;NA;NA;ND;NA;NA;NA;
25;0;14.17;12.56;13.74;NA;23.9;22.31;NA;NA;ND;NA;NA;NA;
25;1;10.26;9.41;12.76;NA;23.2;19.31;NA;NA;ND;NA;NA;NA;
25;2;11.1;13.89;20.02;NA;15.15;18.57;NA;NA;ND;NA;NA;NA;
25;3;12.29;9.92;10.45;NA;15.67;17.63;NA;NA;ND;NA;NA;NA;
25;4;9.52;11.93;10.77;NA;14.96;10.23;NA;NA;ND;NA;NA;NA;
25;5;12.73;9.6;16.61;NA;14.06;11.02;NA;NA;ND;NA;NA;NA;
25;6;13.37;30.58;15.34;NA;28.42;21.5;NA;NA;ND;NA;NA;NA;
25;7;24.27;42.67;33.25;NA;35.66;ND;NA;NA;ND;NA;NA;NA;
25;8;5.32;19.68;16.22;NA;27.01;ND;NA;NA;ND;NA;NA;NA;
25;9;25.53;19.05;11.65;NA;18.7;26.37;NA;NA;ND;NA;NA;NA;
25;10;28.97;18.57;20.43;NA;14.12;14.81;NA;NA;ND;NA;NA;NA;
25;11;18.08;17.21;12.38;NA;19.11;ND;NA;NA;ND;NA;NA;NA;
25;12;11.36;32.17;11.17;NA;17.56;ND;NA;NA;ND;NA;NA;NA;
25;13;18.49;23.05;15.04;NA;25.58;ND;NA;NA;ND;NA;NA;NA;
25;14;9.41;23.01;15.89;NA;15.28;ND;NA;NA;ND;NA;NA;NA;
25;15;6.32;15.56;13.26;NA;23.96;ND;NA;NA;ND;NA;NA;NA;
25;16;14.17;17.28;22.29;NA;ND;ND;NA;NA;ND;NA;NA;NA;
25;17;9.95;20.65;24.72;NA;11.59;ND;NA;NA;ND;NA;NA;NA;
25;18;12.87;3.3;25.14;NA;13.99;ND;NA;NA;ND;NA;NA;NA;
25;19;6.7;3.18;21.35;NA;13.25;ND;NA;NA;ND;NA;NA;NA;
25;20;4.86;3.81;19.39;NA;18.78;ND;NA;NA;ND;NA;NA;NA;
25;21;3.52;5.45;15.33;NA;2;ND;NA;NA;ND;NA;NA;NA;
25;22;6.86;11.52;12.24;NA;16.52;ND;NA;NA;ND;NA;NA;NA;
25;23;6.93;14.73;11.34;NA;14.08;ND;NA;NA;ND;NA;NA;NA;
26;0;1.77;18.33;6.64;NA;10.83;ND;NA;NA;ND;NA;NA;NA;
26;1;15.19;0;14.76;NA;7.19;ND;NA;NA;ND;NA;NA;NA;
26;2;15.92;6.81;6.97;NA;15.47;ND;NA;NA;ND;NA;NA;NA;
26;3;4.73;9.04;12.19;NA;12.86;ND;NA;NA;ND;NA;NA;NA;
26;4;5.91;19.27;10.28;NA;17.99;ND;NA;NA;ND;NA;NA;NA;
26;5;5.68;1.47;1.77;NA;13.11;ND;NA;NA;ND;NA;NA;NA;
26;6;5.18;10.08;14.82;NA;30.18;ND;NA;NA;ND;NA;NA;NA;
26;7;17.21;18.33;23.96;NA;29.54;ND;NA;NA;ND;NA;NA;NA;
26;8;25.22;24.07;25.43;NA;23.58;ND;NA;NA;ND;NA;NA;NA;
26;9;16.96;31.97;20.79;NA;44.37;ND;NA;NA;ND;NA;NA;NA;
26;10;26.77;16.61;36.29;NA;64.36;ND;NA;NA;ND;NA;NA;NA;
26;11;22.47;20.47;44.99;NA;60.68;ND;NA;NA;ND;NA;NA;NA;
26;12;25.42;14.94;22.31;NA;55.81;ND;NA;NA;ND;NA;NA;NA;
26;13;8.83;20.21;26.26;NA;33.62;ND;NA;NA;ND;NA;NA;NA;
26;14;11.65;14.48;19.7;NA;20.91;ND;NA;NA;ND;NA;NA;NA;
26;15;16.55;21;14.42;NA;29.65;ND;NA;NA;ND;NA;NA;NA;
26;16;10.54;9.2;28.24;NA;20.11;ND;NA;NA;ND;NA;NA;NA;
26;17;1.36;2.11;16.62;NA;12.19;ND;NA;NA;ND;NA;NA;NA;
26;18;12.94;11.62;9.68;NA;22.93;ND;NA;NA;ND;NA;NA;NA;
26;19;26.24;28.75;6.57;NA;26.27;ND;NA;NA;ND;NA;NA;NA;
26;20;21.2;29.99;11.61;NA;31.29;ND;NA;NA;ND;NA;NA;NA;
26;21;21.3;12.62;11.87;NA;33.72;ND;NA;NA;ND;NA;NA;NA;
26;22;24.58;15.04;16.46;NA;53.82;ND;NA;NA;ND;NA;NA;NA;
26;23;14.82;37.9;25.72;NA;40.52;ND;NA;NA;ND;NA;NA;NA;
27;0;29.17;23.85;18.71;NA;48.12;ND;NA;NA;ND;NA;NA;NA;
27;1;22.1;29.87;25.83;NA;46.08;ND;NA;NA;ND;NA;NA;NA;
27;2;28.18;21.42;18.21;NA;37.17;ND;NA;NA;ND;NA;NA;NA;
27;3;30.07;26.71;20.68;NA;35.05;ND;NA;NA;ND;NA;NA;NA;
27;4;14.43;31.19;19.28;NA;11.42;ND;NA;NA;ND;NA;NA;NA;
27;5;15.15;23.36;29.06;NA;46.19;ND;NA;NA;ND;NA;NA;NA;
27;6;29;35.82;35.11;NA;53.52;ND;NA;NA;ND;NA;NA;NA;
27;7;43.13;41.42;50.65;NA;67.41;ND;NA;NA;ND;NA;NA;NA;
27;8;38.97;39.43;41.87;NA;36.81;ND;NA;NA;ND;NA;NA;NA;
27;9;52.14;51.33;42.62;NA;24.82;ND;NA;NA;ND;NA;NA;NA;
27;10;34.09;21.54;21.88;NA;24.03;22.52;NA;NA;ND;NA;NA;NA;
27;11;26.7;38.5;17.11;NA;25.68;13.77;NA;NA;ND;NA;NA;NA;
27;12;17.57;15.9;13.83;NA;18.23;9.33;NA;NA;ND;NA;NA;NA;
27;13;6.69;19.87;15.14;NA;16.18;18.12;NA;NA;ND;NA;NA;NA;
27;14;19.75;24.41;16.4;NA;18.52;21.67;NA;NA;ND;NA;NA;NA;
27;15;8.23;13.41;8.77;NA;20.52;ND;NA;NA;ND;NA;NA;NA;
27;16;14.68;20.23;24.63;NA;28;28.76;NA;NA;ND;NA;NA;NA;
27;17;4.29;8.03;19;NA;6.49;19.83;NA;NA;ND;NA;NA;NA;
27;18;14.39;8.07;18.04;NA;17.73;23.86;NA;NA;ND;NA;NA;NA;
27;19;8.7;16.92;20.16;NA;13.56;21.17;NA;NA;ND;NA;NA;NA;
27;20;17.38;1.52;15.36;NA;28.98;24.92;NA;NA;ND;NA;NA;NA;
27;21;7.29;10.96;21.23;NA;18;22.61;NA;NA;ND;NA;NA;NA;
27;22;11.42;3.46;15.17;NA;20.68;21.76;NA;NA;ND;NA;NA;NA;
27;23;10.34;4.9;11.9;NA;24.1;18.76;NA;NA;ND;NA;NA;NA;
28;0;7.13;28.22;12.58;NA;4.31;15.69;NA;NA;ND;NA;NA;NA;
28;1;12.04;16.5;15.52;NA;18.18;14.99;NA;NA;ND;NA;NA;NA;
28;2;14.58;10.34;15.06;NA;10.89;16.88;NA;NA;ND;NA;NA;NA;
28;3;12.96;7.52;12.28;NA;14.11;8.03;NA;NA;ND;NA;NA;NA;
28;4;12.75;11.1;10.09;NA;7.95;9.95;NA;NA;ND;NA;NA;NA;
28;5;15.18;21.12;9.02;NA;20.31;10.91;NA;NA;ND;NA;NA;NA;
28;6;8.7;22.15;12.43;NA;22.95;14.9;NA;NA;ND;NA;NA;NA;
28;7;20.2;25.7;17.86;NA;17;17.82;NA;NA;ND;NA;NA;NA;
28;8;26.08;16.08;13.89;NA;5.97;25.68;NA;NA;ND;NA;NA;NA;
28;9;24.61;12.94;18.37;NA;12.96;38.03;NA;NA;ND;NA;NA;NA;
28;10;7.04;24.22;6.15;NA;7.28;28.19;NA;NA;ND;NA;NA;NA;
28;11;11.42;28.56;1.16;NA;15.22;30.86;NA;NA;ND;NA;NA;NA;
28;12;9.74;10.69;0.4;NA;9.8;20.72;NA;NA;ND;NA;NA;NA;
28;13;10.83;23.37;3.74;NA;17.26;0.59;NA;NA;ND;NA;NA;NA;
28;14;18.68;16.71;13.4;NA;13.21;0;NA;NA;ND;NA;NA;NA;
28;15;15;10.37;18.62;NA;20.43;0.05;NA;NA;ND;NA;NA;NA;
28;16;12.59;12.55;24.58;NA;19.18;0.04;NA;NA;ND;NA;NA;NA;
28;17;17.31;23.22;18.99;NA;19.95;11.21;NA;NA;ND;NA;NA;NA;
28;18;16.81;26.03;28.24;NA;20.17;23.28;NA;NA;ND;NA;NA;NA;
28;19;13.05;11.6;28.84;NA;17.9;23.8;NA;NA;ND;NA;NA;NA;
28;20;13.75;12.4;18.69;NA;24.17;19.18;NA;NA;ND;NA;NA;NA;
28;21;15.58;5.27;21.66;NA;23.22;19.58;NA;NA;ND;NA;NA;NA;
28;22;15.14;24.55;13.72;NA;6.42;18.45;NA;NA;ND;NA;NA;NA;
28;23;15.7;24.72;19.25;NA;28.41;11.63;NA;NA;ND;NA;NA;NA;
