DIA;HORA;Cotocollao;Carapungo;Belisario;Jipijapa;El Camal;Centro;Guamaní;Tumbaco;Los Chillos;El Condado;Turubamba;Chillogallo;
1;0;2.84;2.55;3.42;NA;7.52;10.16;ND;0.53;ND;NA;NA;NA;
1;1;ND;3.26;23.54;NA;6.15;10.98;ND;0.49;ND;NA;NA;NA;
1;2;2.72;2.38;15.68;NA;4.07;12.33;ND;0.34;ND;NA;NA;NA;
1;3;2.69;1.77;7.09;NA;1.5;5.11;ND;0.37;ND;NA;NA;NA;
1;4;2.83;2.4;3.69;NA;1.51;4.91;ND;0.46;ND;NA;NA;NA;
1;5;2.81;2.62;3.96;NA;2.98;4.63;ND;0.74;ND;NA;NA;NA;
1;6;3.45;2.21;14.91;NA;3.57;7.14;ND;1;ND;NA;NA;NA;
1;7;3.55;4.15;12.52;NA;4.51;8.85;ND;1.4;ND;NA;NA;NA;
1;8;4.52;5.95;9.48;NA;5.37;6.92;ND;9.45;ND;NA;NA;NA;
1;9;4.46;3.81;6.77;NA;7.35;8.02;ND;8.3;ND;NA;NA;NA;
1;10;3.86;7.12;5.04;NA;5.25;8.18;ND;14.87;ND;NA;NA;NA;
1;11;6.53;6.82;4.63;NA;4.53;7.26;ND;15.13;ND;NA;NA;NA;
1;12;6.78;5.45;6.21;NA;4.68;6.4;ND;15.18;ND;NA;NA;NA;
1;13;5.04;3.98;7.18;NA;4.81;5.92;ND;22.82;ND;NA;NA;NA;
1;14;2.59;2.56;4.1;NA;6.95;6.87;ND;4.02;ND;NA;NA;NA;
1;15;2.78;2.05;3.89;NA;3.62;5.15;ND;1.69;ND;NA;NA;NA;
1;16;3.17;2.02;4.77;NA;3.08;5.01;ND;1.95;ND;NA;NA;NA;
1;17;3.49;2.09;5.16;NA;16.33;5.01;ND;1.62;ND;NA;NA;NA;
1;18;3.36;2.37;4.75;NA;14.58;5.56;ND;1.14;ND;NA;NA;NA;
1;19;2.9;2.31;4.4;NA;8.71;6.92;ND;0.99;ND;NA;NA;NA;
1;20;2.59;2.25;4.45;NA;7.62;4.53;ND;1.01;ND;NA;NA;NA;
1;21;2.52;2.1;5.23;NA;5.58;4.63;ND;1.65;ND;NA;NA;NA;
1;22;2.62;2.28;4.3;NA;2.3;3.95;ND;1.47;ND;NA;NA;NA;
1;23;2.64;2.41;3.17;NA;3.9;3.75;ND;1.23;ND;NA;NA;NA;
2;0;2.74;2.57;4.66;NA;7.9;5.29;ND;0.9;ND;NA;NA;NA;
2;1;2.71;2.23;ND;NA;ND;ND;ND;0.99;ND;NA;NA;NA;
2;2;2.72;2.09;11.52;NA;7.49;12.74;ND;1.39;ND;NA;NA;NA;
2;3;2.8;12.03;7.37;NA;56.63;6.69;ND;2.14;ND;NA;NA;NA;
2;4;2.88;33.43;7.42;NA;70.22;13.76;ND;4.95;ND;NA;NA;NA;
2;5;5.92;9.58;8.14;NA;43.54;13.65;ND;4.58;ND;NA;NA;NA;
2;6;17.31;10.59;7;NA;15.9;10.29;ND;3.45;ND;NA;NA;NA;
2;7;11.18;15.08;9.64;NA;10.57;10.34;ND;12.44;ND;NA;NA;NA;
2;8;10.21;10.32;11.04;NA;18.49;13.7;ND;11.76;ND;NA;NA;NA;
2;9;9.51;8.75;8.24;NA;4.02;8.53;ND;6.08;ND;NA;NA;NA;
2;10;7.39;5.51;11.52;NA;2.93;5.21;ND;2.93;ND;NA;NA;NA;
2;11;3.61;4.07;6.33;NA;5.96;8.5;ND;1.73;ND;NA;NA;NA;
2;12;2.8;3.09;3.22;NA;2.48;4.94;ND;2.12;ND;NA;NA;NA;
2;13;2.61;2.47;2.95;NA;0.8;3.31;ND;2.06;ND;NA;NA;NA;
2;14;2.39;1.86;1.97;NA;0.7;3.16;ND;1.33;ND;NA;NA;NA;
2;15;2.37;1.61;2.61;NA;0.72;3.18;ND;0.86;ND;NA;NA;NA;
2;16;2.52;1.56;3.4;NA;0.6;2.93;ND;0.7;ND;NA;NA;NA;
2;17;2.79;1.48;2.84;NA;0.54;3.33;ND;0.65;ND;NA;NA;NA;
2;18;3.32;1.63;4.29;NA;1.73;4.25;ND;0.6;ND;NA;NA;NA;
2;19;3.81;1.84;3.51;NA;6.43;4.49;ND;0.72;ND;NA;NA;NA;
2;20;3.44;2.13;3.52;NA;2.95;2.9;ND;1.51;ND;NA;NA;NA;
2;21;5.15;2.21;3.41;NA;2.35;3.53;ND;1.6;ND;NA;NA;NA;
2;22;4.64;2.24;3.19;NA;2.41;3.8;ND;1.34;ND;NA;NA;NA;
2;23;3.51;2.88;3.48;NA;1.83;3.39;ND;0.96;ND;NA;NA;NA;
3;0;2.95;3.02;6.4;NA;2.43;4.85;ND;0.87;ND;NA;NA;NA;
3;1;ND;2.05;6.48;NA;8.42;3.98;ND;0.94;ND;NA;NA;NA;
3;2;3.26;1.79;6.69;NA;3.2;4.65;ND;1.05;ND;NA;NA;NA;
3;3;2.75;1.49;5.34;NA;4.22;4.88;ND;1.95;ND;NA;NA;NA;
3;4;2.61;1.39;3.84;NA;2.37;4.08;ND;1.24;ND;NA;NA;NA;
3;5;2.74;1.34;3.44;NA;3.66;4.3;ND;3.2;ND;NA;NA;NA;
3;6;2.49;1.49;5.79;NA;7.84;5.85;ND;2.22;ND;NA;NA;NA;
3;7;3.37;4.42;5.39;NA;7.71;7.11;ND;9.98;ND;NA;NA;NA;
3;8;5.77;2.44;7.06;NA;18.15;6.94;ND;26.85;ND;NA;NA;NA;
3;9;9.15;3.39;6.41;NA;12.2;6.48;ND;18.86;ND;NA;NA;NA;
3;10;6.07;3.07;12.11;NA;7.73;10.62;ND;9.13;ND;NA;NA;NA;
3;11;4.03;2.44;7.07;NA;13.2;10.39;ND;3.11;ND;NA;NA;NA;
3;12;2.74;1.58;5.95;NA;4.34;5.71;ND;2.8;ND;NA;NA;NA;
3;13;2.37;1.34;3.51;NA;1.36;4.13;ND;1.35;ND;NA;NA;NA;
3;14;2.16;1.08;3.67;NA;1.01;2.95;ND;1.11;ND;NA;NA;NA;
3;15;2.26;1.08;4.15;NA;0.72;2.73;ND;1.07;ND;NA;NA;NA;
3;16;2.17;1.07;4.02;NA;0.77;2.79;ND;0.97;ND;NA;NA;NA;
3;17;2.23;1.02;3.85;NA;1.34;3.29;ND;0.86;ND;NA;NA;NA;
3;18;2.53;1.21;3.74;NA;2.13;3.28;ND;0.68;ND;NA;NA;NA;
3;19;4;1.28;3.21;NA;1.08;3.54;ND;0.76;ND;NA;NA;NA;
3;20;3.66;1.28;3.71;NA;2.28;3.92;ND;1.03;ND;NA;NA;NA;
3;21;3.91;2.02;5.72;NA;2.44;3.49;ND;1.3;ND;NA;NA;NA;
3;22;6.44;3.44;3.84;NA;7.53;5.64;ND;1.27;ND;NA;NA;NA;
3;23;6.63;3.26;16.92;NA;12.15;11.41;ND;1.11;ND;NA;NA;NA;
4;0;6.12;4.91;24.57;NA;7.75;8.77;ND;0.89;ND;NA;NA;NA;
4;1;4.24;3.89;ND;NA;ND;ND;ND;0.79;ND;NA;NA;NA;
4;2;4.3;3.67;35.93;NA;3.71;18.16;ND;1.72;ND;NA;NA;NA;
4;3;4.65;3.11;16.43;NA;6.16;18.37;ND;1.02;ND;NA;NA;NA;
4;4;5.17;3.94;13.89;NA;5.13;10.84;ND;1.42;ND;NA;NA;NA;
4;5;6.48;4.38;9.77;NA;7.89;7.75;ND;1.51;ND;NA;NA;NA;
4;6;8.45;7.12;9.86;NA;11.48;9.46;ND;2.83;ND;NA;NA;NA;
4;7;14.57;4.34;15.55;NA;23.15;19.4;ND;7.51;ND;NA;NA;NA;
4;8;9.4;5.77;21.93;NA;11.15;18.21;ND;16.24;ND;NA;NA;NA;
4;9;10.29;6.07;16.56;NA;6.53;10.79;ND;9.91;ND;NA;NA;NA;
4;10;9.7;4.97;22.6;NA;9.37;10.75;ND;2.7;ND;NA;NA;NA;
4;11;3.6;ND;10.59;NA;3.33;13.09;ND;3.19;ND;NA;NA;NA;
4;12;2.79;ND;4.89;NA;1.2;6.62;ND;1.75;ND;NA;NA;NA;
4;13;2.45;1.26;ND;NA;0.85;3.76;ND;1.22;ND;NA;NA;NA;
4;14;2.41;1.38;ND;NA;0.9;3.16;ND;1.14;ND;NA;NA;NA;
4;15;2.23;1.11;4.38;NA;0.7;2.83;ND;1.04;ND;NA;NA;NA;
4;16;2.34;1;2.78;NA;0.82;2.81;ND;1.39;ND;NA;NA;NA;
4;17;2.94;0.93;2.92;NA;0.91;3.16;ND;0.76;ND;NA;NA;NA;
4;18;4.28;0.95;2.69;NA;2;4.05;ND;0.63;ND;NA;NA;NA;
4;19;5.06;0.89;2.8;NA;2.64;3.83;ND;0.75;ND;NA;NA;NA;
4;20;4.88;2.31;3.02;NA;3.22;3.71;ND;0.71;ND;NA;NA;NA;
4;21;4.03;3.36;2.67;NA;7.26;4.6;ND;0.98;ND;NA;NA;NA;
4;22;4.07;2.83;4.1;NA;15.02;5.84;ND;1.47;ND;NA;NA;NA;
4;23;4.12;3.26;3.03;NA;7.09;6.04;ND;1.22;ND;NA;NA;NA;
5;0;3.98;4.91;4.74;NA;5.96;9.49;ND;0.85;ND;NA;NA;NA;
5;1;ND;5.25;4.08;NA;14.88;10.66;ND;1.12;ND;NA;NA;NA;
5;2;4.5;7.17;7.49;NA;16.64;13.55;ND;1.76;ND;NA;NA;NA;
5;3;4.5;6.26;7.54;NA;11.51;11.97;ND;5.4;ND;NA;NA;NA;
5;4;3.51;6.27;4.63;NA;6.79;8.52;ND;1.24;ND;NA;NA;NA;
5;5;5.19;19.39;3.97;NA;6.15;7.35;ND;2.58;ND;NA;NA;NA;
5;6;8.38;16.02;5.52;NA;24.62;11.08;ND;3.59;ND;NA;NA;NA;
5;7;8.84;15.28;9.2;NA;12.56;13.37;ND;12.53;ND;NA;NA;NA;
5;8;10.81;10.52;6.61;NA;4.74;9.52;ND;15.58;ND;NA;NA;NA;
5;9;10.51;8.94;15.51;NA;4.77;8.61;ND;5.39;ND;NA;NA;NA;
5;10;7.85;7.43;11;NA;9.6;13.76;ND;2.79;ND;NA;NA;NA;
5;11;ND;4.02;4.96;NA;6.71;7.67;ND;2.01;ND;NA;NA;NA;
5;12;ND;2.81;4.23;NA;5.76;5.49;ND;1.49;ND;NA;NA;NA;
5;13;0.65;1.59;3.26;NA;1.79;ND;ND;1.55;ND;NA;NA;NA;
5;14;ND;1.22;3.18;NA;1.42;ND;ND;1.3;ND;NA;NA;NA;
5;15;0.35;1.34;3.73;NA;1.03;2.1;ND;1.09;ND;NA;NA;NA;
5;16;0.27;1.39;4.89;NA;1.29;2.19;ND;0.95;ND;NA;NA;NA;
5;17;0.16;1.23;4.31;NA;1.76;2.25;ND;0.96;ND;NA;NA;NA;
5;18;0.41;1.35;3.26;NA;2;2.35;ND;0.93;ND;NA;NA;NA;
5;19;2.9;1.57;3.24;NA;4.24;2.56;ND;0.91;ND;NA;NA;NA;
5;20;4.75;1.84;4.26;NA;4.22;3.56;ND;0.99;ND;NA;NA;NA;
5;21;2.9;2.83;4.75;NA;5.56;9.7;ND;1.89;ND;NA;NA;NA;
5;22;2.42;2.32;5.95;NA;6.46;6.81;ND;2.39;ND;NA;NA;NA;
5;23;3.08;6.45;10.52;NA;11.67;6.3;ND;2.53;ND;NA;NA;NA;
6;0;3.93;3.11;8.88;NA;11.54;5.48;ND;1.8;ND;NA;NA;NA;
6;1;3.54;3.33;ND;NA;ND;ND;ND;3.25;ND;NA;NA;NA;
6;2;3.89;9.39;5.36;NA;7.03;2.75;ND;3.38;ND;NA;NA;NA;
6;3;4.3;14.19;3.31;NA;17.33;3.3;ND;4.47;ND;NA;NA;NA;
6;4;4.29;11.81;6.59;NA;23.45;4.73;ND;4.72;ND;NA;NA;NA;
6;5;4.86;12.26;4.89;NA;20.67;4.89;ND;4.21;ND;NA;NA;NA;
6;6;6.08;10.9;6.87;NA;26.79;7.88;ND;6.16;ND;NA;NA;NA;
6;7;ND;11.12;9.22;NA;24.76;9.98;ND;15.4;ND;NA;NA;NA;
6;8;ND;11.21;7.47;NA;9.51;6.66;ND;17.09;ND;NA;NA;NA;
6;9;ND;13.15;8.55;NA;4.6;4.36;ND;9.57;ND;NA;NA;NA;
6;10;6.24;6.83;ND;NA;7.42;7.15;ND;6.87;ND;NA;NA;NA;
6;11;4.11;3.72;ND;NA;7.38;10.63;ND;4.87;ND;NA;NA;NA;
6;12;3.42;3.07;ND;NA;4.86;6.16;ND;2.82;ND;NA;NA;NA;
6;13;1.96;2.66;ND;NA;4.03;4.11;ND;2.72;ND;NA;NA;NA;
6;14;1.12;2.19;ND;NA;2.49;3.37;ND;1.66;ND;NA;NA;NA;
6;15;0.62;1.42;ND;NA;1.72;2.81;ND;1.13;ND;NA;NA;NA;
6;16;ND;1.46;ND;NA;1.63;1.89;ND;0.85;ND;NA;NA;NA;
6;17;ND;1.76;ND;NA;1.36;2.17;ND;0.81;ND;NA;NA;NA;
6;18;ND;1.83;ND;NA;1.73;3.02;ND;0.98;ND;NA;NA;NA;
6;19;ND;1.66;ND;NA;2.94;3.42;ND;0.95;ND;NA;NA;NA;
6;20;ND;1.8;ND;NA;2.98;2.73;ND;0.8;ND;NA;NA;NA;
6;21;ND;1.7;ND;NA;3.98;3.22;ND;0.55;ND;NA;NA;NA;
6;22;ND;2;ND;NA;4.37;4.21;ND;0.77;ND;NA;NA;NA;
6;23;2.18;2.44;ND;NA;4.74;5.18;ND;0.77;ND;NA;NA;NA;
7;0;1.71;2.32;ND;NA;5.46;5.18;ND;0.54;ND;NA;NA;NA;
7;1;1.41;1.86;ND;NA;5.09;5.93;ND;0.41;ND;NA;NA;NA;
7;2;0.85;1.5;ND;NA;3.91;6.56;ND;0.29;ND;NA;NA;NA;
7;3;1.28;1.44;ND;NA;2.79;4.03;ND;0.39;ND;NA;NA;NA;
7;4;1.42;1.84;ND;NA;2.16;3.72;ND;0.45;ND;NA;NA;NA;
7;5;1.02;2.02;ND;NA;2.36;3.13;ND;0.74;ND;NA;NA;NA;
7;6;1.22;1.77;ND;NA;2.45;3.4;ND;0.82;ND;NA;NA;NA;
7;7;1.64;5.23;ND;NA;3.3;5.2;ND;1.61;ND;NA;NA;NA;
7;8;3.4;10.74;ND;NA;3.99;5.43;ND;12.29;ND;NA;NA;NA;
7;9;5.74;6.95;ND;NA;6.38;5.2;ND;11.66;ND;NA;NA;NA;
7;10;3.79;3.59;ND;NA;5.18;4.73;ND;8.18;ND;NA;NA;NA;
7;11;1.43;2.28;3.24;NA;4.59;4.47;ND;2.72;ND;NA;NA;NA;
7;12;0.9;1.75;2.25;NA;2.15;2.9;ND;0.53;ND;NA;NA;NA;
7;13;0.75;1.36;2.43;NA;1.12;2.01;ND;0.44;ND;NA;NA;NA;
7;14;0.46;1.23;2.69;NA;0.92;1.81;ND;0.34;ND;NA;NA;NA;
7;15;0.27;1.16;2.13;NA;0.75;1.49;ND;0.39;ND;NA;NA;NA;
7;16;0.22;1.03;2.57;NA;0.57;1.15;ND;0.57;ND;NA;NA;NA;
7;17;0.63;0.9;2.12;NA;0.48;1.22;ND;0.62;ND;NA;NA;NA;
7;18;0.91;1.08;2.18;NA;0.85;1.55;ND;0.57;ND;NA;NA;NA;
7;19;0.85;0.8;2.01;NA;1.85;1.67;ND;0.46;ND;NA;NA;NA;
7;20;0.83;1.13;2.16;NA;1.61;1.81;ND;0.31;ND;NA;NA;NA;
7;21;0.57;0.88;1.66;NA;1.76;1.89;ND;0.29;ND;NA;NA;NA;
7;22;0.69;0.75;1.94;NA;1.97;ND;ND;0.4;ND;NA;NA;NA;
7;23;0.5;0.98;2.08;NA;2.28;ND;ND;0.24;ND;NA;NA;NA;
8;0;0.55;1.02;1.65;NA;1.34;2.05;ND;0.16;ND;NA;NA;NA;
8;1;ND;0.99;1.93;NA;ND;ND;ND;0.3;ND;NA;NA;NA;
8;2;0.44;1.3;1.79;NA;1.98;1.45;ND;0.23;ND;NA;NA;NA;
8;3;0.4;1.44;1.78;NA;4.69;1.38;ND;0.22;ND;NA;NA;NA;
8;4;0.9;1.04;3.21;NA;6.63;1.26;ND;0.73;ND;NA;NA;NA;
8;5;1.79;1.73;3.4;NA;8.26;1.55;ND;1.16;ND;NA;NA;NA;
8;6;6.09;5.05;5.54;NA;70.24;7.72;ND;3.45;ND;NA;NA;NA;
8;7;7.01;7.78;11.82;NA;205.03;29.88;ND;4.98;ND;NA;NA;NA;
8;8;8.87;5.85;11.65;NA;99.15;15.53;ND;2.49;ND;NA;NA;NA;
8;9;7.11;6.39;14.98;NA;11.57;8.69;ND;1.42;ND;NA;NA;NA;
8;10;5.88;4.28;6.64;NA;10.36;7.06;ND;0.89;ND;NA;NA;NA;
8;11;3.46;3.05;5.95;NA;6.53;5.38;ND;1.37;ND;NA;NA;NA;
8;12;0.99;1.83;2.96;NA;2.62;3.9;ND;1.49;ND;NA;NA;NA;
8;13;0.57;1.38;2.32;NA;1.71;2.17;ND;0.46;ND;NA;NA;NA;
8;14;0.59;0.96;ND;NA;1.38;1.77;ND;0.43;ND;NA;NA;NA;
8;15;0.5;0.99;ND;NA;1.42;1.62;ND;0.39;ND;NA;NA;NA;
8;16;0.38;1.09;2.8;NA;1.56;1.8;ND;0.28;ND;NA;NA;NA;
8;17;0.57;1.11;2.87;NA;1.79;1.69;ND;0.57;ND;NA;NA;NA;
8;18;0.63;1.08;3.1;NA;1.97;1.88;ND;0.38;ND;NA;NA;NA;
8;19;0.87;1.16;2.19;NA;1.77;2.39;ND;0.55;ND;NA;NA;NA;
8;20;2.28;1.76;2.39;NA;2.23;2.75;ND;0.66;ND;NA;NA;NA;
8;21;2.32;2.09;2.41;NA;2.96;3.27;ND;0.56;ND;NA;NA;NA;
8;22;2.07;1.54;1.67;NA;3.94;3.27;ND;0.44;ND;NA;NA;NA;
8;23;2.91;1.56;4.67;NA;6.3;6.77;ND;0.39;ND;NA;NA;NA;
9;0;5.8;2.77;2.35;NA;13.74;12.12;ND;0.17;ND;NA;NA;NA;
9;1;2.83;4.11;ND;NA;14.88;7.81;ND;0.38;ND;NA;NA;NA;
9;2;2.49;2.67;4.65;NA;11.28;6.1;ND;0.18;ND;NA;NA;NA;
9;3;2.02;2.77;6.07;NA;9.42;5.19;ND;0.39;ND;NA;NA;NA;
9;4;2.45;2.8;7.1;NA;13.77;7.83;ND;0.5;ND;NA;NA;NA;
9;5;4.23;2.14;7.28;NA;18.36;6.05;ND;1.08;ND;NA;NA;NA;
9;6;3.52;4.84;10.17;NA;45.75;15.46;ND;10.64;ND;NA;NA;NA;
9;7;5.05;11.56;13.87;NA;33.29;27.35;ND;13.83;ND;NA;NA;NA;
9;8;8.72;11.72;12.11;NA;18.76;17.54;ND;14.35;ND;NA;NA;NA;
9;9;11.63;9.58;11.46;NA;13;10.71;ND;8.45;ND;NA;NA;NA;
9;10;ND;4.72;10.95;NA;ND;11.75;ND;4.81;ND;NA;NA;NA;
9;11;ND;3.17;7.26;NA;ND;9.4;ND;1.2;ND;NA;NA;NA;
9;12;0.53;2.35;3.9;NA;ND;4.78;ND;1.48;ND;NA;NA;NA;
9;13;0.32;1.8;3.37;NA;1.84;3.29;ND;0.65;ND;NA;NA;NA;
9;14;ND;1.43;2.74;NA;1.42;2.32;ND;0.68;ND;NA;NA;NA;
9;15;1.47;1.32;3.78;NA;1.13;2.2;ND;0.52;ND;NA;NA;NA;
9;16;1.47;1.16;3.66;NA;1.34;2.25;ND;0.3;ND;NA;NA;NA;
9;17;1.6;1.27;3.36;NA;1.26;2.3;ND;0.29;ND;NA;NA;NA;
9;18;1.68;1.4;2.66;NA;0.95;2.68;ND;0.37;ND;NA;NA;NA;
9;19;1.49;1.2;1.37;NA;1.85;2.41;ND;0.39;ND;NA;NA;NA;
9;20;1.5;1.16;1.13;NA;3.24;2.2;ND;0.4;ND;NA;NA;NA;
9;21;1.63;1.01;0.76;NA;2.5;1.91;ND;0.33;ND;NA;NA;NA;
9;22;1.47;1.06;0.44;NA;2.1;1.61;ND;0.29;ND;NA;NA;NA;
9;23;1.5;0.92;0.36;NA;1.24;1.51;ND;0.23;ND;NA;NA;NA;
10;0;1.47;0.87;0.69;NA;0.84;1.83;ND;0.3;ND;NA;NA;NA;
10;1;ND;0.77;0.65;NA;ND;ND;ND;0.21;ND;NA;NA;NA;
10;2;1.47;0.59;0.61;NA;0.59;1.41;ND;0.07;ND;NA;NA;NA;
10;3;1.47;0.56;0.3;NA;0.47;1.32;ND;0.25;ND;NA;NA;NA;
10;4;1.47;0.75;0.27;NA;1.11;1.76;ND;0.1;ND;NA;NA;NA;
10;5;1.55;0.64;0.73;NA;1.53;1.75;ND;0.15;ND;NA;NA;NA;
10;6;3.61;1.23;2.15;NA;1.58;2.53;ND;0.22;ND;NA;NA;NA;
10;7;6.33;2.27;3.2;NA;3.55;3.85;ND;4.28;ND;NA;NA;NA;
10;8;4.47;2.31;4.87;NA;11.11;4.23;ND;3.18;ND;NA;NA;NA;
10;9;5.19;2.44;5.27;NA;4.68;4.64;ND;1.02;ND;NA;NA;NA;
10;10;4.22;2.59;6.23;NA;8.95;7.02;ND;0.78;ND;NA;NA;NA;
10;11;2.23;1.66;3.47;NA;10.87;4.87;ND;ND;ND;NA;NA;NA;
10;12;1.61;1.4;2.44;NA;2.83;3.56;ND;ND;ND;NA;NA;NA;
10;13;1.58;1.28;2.2;NA;1.84;2.76;ND;0.17;ND;NA;NA;NA;
10;14;1.5;1.06;2.09;NA;1.38;3.23;ND;ND;ND;NA;NA;NA;
10;15;1.5;1.13;2.87;NA;0.95;3.05;ND;ND;ND;NA;NA;NA;
10;16;1.48;1.02;3.3;NA;1.08;2.93;ND;2.64;ND;NA;NA;NA;
10;17;1.5;1.12;3.16;NA;1.05;2.85;ND;4.43;ND;NA;NA;NA;
10;18;1.65;1.24;3.07;NA;1.41;3.14;ND;9.57;ND;NA;NA;NA;
10;19;2.16;1.59;2.83;NA;2.96;3.77;ND;3.96;ND;NA;NA;NA;
10;20;3.14;3.21;5.27;NA;9.96;6.26;ND;1.78;ND;NA;NA;NA;
10;21;2.54;10.29;6.49;NA;5.07;4.44;ND;2.65;ND;NA;NA;NA;
10;22;2.97;6.26;6.25;NA;1.84;3.67;ND;0.69;ND;NA;NA;NA;
10;23;3.12;12.77;7.31;NA;1.11;4.13;ND;1.58;ND;NA;NA;NA;
11;0;3.47;10.73;3.91;NA;1.14;2.57;ND;0.53;ND;NA;NA;NA;
11;1;3.97;6.1;ND;NA;0.5;2.05;ND;1.31;ND;NA;NA;NA;
11;2;3.49;3.88;1.78;NA;0.5;1.85;ND;0.45;ND;NA;NA;NA;
11;3;3.23;2.99;1.03;NA;3.74;1.43;ND;0.25;ND;NA;NA;NA;
11;4;2.85;2.65;1.39;NA;9.03;2.45;ND;2.07;ND;NA;NA;NA;
11;5;2.42;2.28;1.02;NA;14.42;3.2;ND;3.74;ND;NA;NA;NA;
11;6;2.95;2.09;1.85;NA;8.03;2.55;ND;1.52;ND;NA;NA;NA;
11;7;3.8;2.12;3.09;NA;8.95;3.7;ND;5.26;ND;NA;NA;NA;
11;8;4.19;2.57;4.16;NA;14;4.92;ND;3.3;ND;NA;NA;NA;
11;9;4.23;2.5;5.58;NA;8.64;4.73;ND;1.74;ND;NA;NA;NA;
11;10;3.51;1.9;4.84;NA;11.05;5.43;ND;0.6;ND;NA;NA;NA;
11;11;ND;1.8;2.68;NA;14.51;ND;ND;0.28;ND;NA;NA;NA;
11;12;4.02;1.81;4.64;NA;3.72;ND;ND;1.4;ND;NA;NA;NA;
11;13;3.38;1.8;3.94;NA;4.12;4.24;ND;2.43;ND;NA;NA;NA;
11;14;2.59;1.73;2.69;NA;1.91;ND;ND;1.59;ND;NA;NA;NA;
11;15;2.15;1.46;2.87;NA;1.46;ND;ND;0.71;ND;NA;NA;NA;
11;16;2.32;1.39;3.17;NA;1.64;1.35;ND;4.65;ND;NA;NA;NA;
11;17;4.35;2.05;3.32;NA;5.95;2.39;ND;2.64;ND;NA;NA;NA;
11;18;5.18;3.16;4.71;NA;7.44;3.43;ND;0.77;ND;NA;NA;NA;
11;19;4.54;2.34;3.51;NA;2.71;3.19;ND;1.37;ND;NA;NA;NA;
11;20;3.81;2.1;1.27;NA;2.8;2.99;ND;0.52;ND;NA;NA;NA;
11;21;4.7;2.18;2.15;NA;2.91;2.9;ND;0.99;ND;NA;NA;NA;
11;22;4.39;4.31;2.33;NA;26.99;2.45;ND;2.47;ND;NA;NA;NA;
11;23;3.95;11.79;3.38;NA;28.01;3.35;ND;1.46;ND;NA;NA;NA;
12;0;3.55;7.26;4.29;NA;5.23;2.54;ND;0.89;ND;NA;NA;NA;
12;1;ND;6.38;4.03;NA;ND;ND;ND;1.79;ND;NA;NA;NA;
12;2;5.33;6.53;4.41;NA;3.03;3.18;ND;2.44;ND;NA;NA;NA;
12;3;5.47;6.6;3.99;NA;3.57;2.94;ND;3.74;ND;NA;NA;NA;
12;4;5.6;5.94;3.87;NA;18.04;3.12;ND;5.37;ND;NA;NA;NA;
12;5;5.98;4.92;3.32;NA;30.45;5.99;ND;3.91;ND;NA;NA;NA;
12;6;5.08;5.93;4.47;NA;34.16;6.25;ND;4.63;ND;NA;NA;NA;
12;7;5.78;6.74;7.47;NA;60.8;10.58;ND;4.76;ND;NA;NA;NA;
12;8;6.67;11.37;9.87;NA;27.15;15.76;ND;23.73;ND;NA;NA;NA;
12;9;6.91;9.81;13.88;NA;10.87;13.1;ND;37.61;ND;NA;NA;NA;
12;10;8.74;7.76;17.23;NA;16.73;17.09;ND;8.8;ND;NA;NA;NA;
12;11;7.87;6.91;12.7;NA;13.98;12.59;ND;7.18;ND;NA;NA;NA;
12;12;6.21;5.9;10.57;NA;15.05;10.2;ND;3.21;ND;NA;NA;NA;
12;13;3.72;3.68;8.89;NA;15.78;9.41;ND;1.76;ND;NA;NA;NA;
12;14;2.55;2.66;3.76;NA;6.99;5.66;ND;1.64;ND;NA;NA;NA;
12;15;2.25;2.23;3.21;NA;2.38;3.65;ND;0.74;ND;NA;NA;NA;
12;16;2.38;2.18;2.88;NA;1.85;3.44;ND;0.9;ND;NA;NA;NA;
12;17;3.76;2.31;2.69;NA;1.67;3.56;ND;1.95;ND;NA;NA;NA;
12;18;4.48;3.76;3.39;NA;1.7;3.41;ND;1.08;ND;NA;NA;NA;
12;19;5.73;3.41;3.09;NA;1.3;3.72;ND;9.01;ND;NA;NA;NA;
12;20;5.64;3.32;3.26;NA;3;3.35;ND;9.27;ND;NA;NA;NA;
12;21;4.55;2.68;3.24;NA;18.06;4.24;ND;8.36;ND;NA;NA;NA;
12;22;3.08;2.11;3.36;NA;24.03;4.65;ND;6;ND;NA;NA;NA;
12;23;2.84;1.46;2.31;NA;16.27;4.35;ND;3.17;ND;NA;NA;NA;
13;0;2.99;1.5;2.83;NA;4.49;3.08;ND;0.87;ND;NA;NA;NA;
13;1;3.26;1.15;ND;NA;6.03;3.14;ND;0.57;ND;NA;NA;NA;
13;2;3.05;1.83;6.14;NA;11.15;8.12;ND;2.86;ND;NA;NA;NA;
13;3;2.66;2.68;24.33;NA;10.4;8.07;ND;0.94;ND;NA;NA;NA;
13;4;3.46;2.42;12.62;NA;26.97;6.28;ND;1.9;ND;NA;NA;NA;
13;5;3.46;1.71;8.64;NA;45.3;22.47;ND;0.8;ND;NA;NA;NA;
13;6;5.25;2.65;15.83;NA;16.95;12.6;ND;2.23;ND;NA;NA;NA;
13;7;6.26;3.87;9.49;NA;23.71;7.19;ND;4.6;ND;NA;NA;NA;
13;8;6.33;3.05;11.57;NA;39.27;20.21;ND;9.87;ND;NA;NA;NA;
13;9;6.8;3.85;10.18;NA;14.91;10.23;ND;3.74;ND;NA;NA;NA;
13;10;5.08;3.42;8.85;NA;9.34;9.53;ND;3.78;ND;NA;NA;NA;
13;11;4.06;2.53;5.43;NA;6.77;7.14;ND;5.5;ND;NA;NA;NA;
13;12;2.87;1.88;4.39;NA;5.25;5.98;ND;5.52;ND;NA;NA;NA;
13;13;3.05;1.51;4.03;NA;4.21;5.25;ND;1.9;ND;NA;NA;NA;
13;14;2.83;1.49;2.83;NA;4.14;4.37;ND;0.68;ND;NA;NA;NA;
13;15;2.3;1.21;2.52;NA;2.22;3.63;ND;0.53;ND;NA;NA;NA;
13;16;2.38;1.39;2.02;NA;1.6;3.69;ND;0.44;ND;NA;NA;NA;
13;17;2.47;1.35;1.82;NA;1.32;3.7;ND;0.55;ND;NA;NA;NA;
13;18;2.73;1.01;1.5;NA;1.58;3.93;ND;0.51;ND;NA;NA;NA;
13;19;2.48;1.07;1.48;NA;1.8;3.68;ND;0.31;ND;NA;NA;NA;
13;20;2.37;0.93;1.25;NA;1.64;4.27;ND;0.16;ND;NA;NA;NA;
13;21;2.17;0.98;0.8;NA;6.68;3.41;ND;0.07;ND;NA;NA;NA;
13;22;2.37;0.94;0.8;NA;2.52;3.1;ND;0.1;ND;NA;NA;NA;
13;23;2.84;0.86;1.42;NA;2.74;5.4;ND;0.15;ND;NA;NA;NA;
14;0;2.54;0.78;2.22;NA;3.57;6.16;ND;0.08;ND;NA;NA;NA;
14;1;ND;0.62;1.89;NA;ND;ND;ND;0.09;ND;NA;NA;NA;
14;2;2.29;0.52;2.18;NA;4;4.8;ND;0.02;ND;NA;NA;NA;
14;3;2.21;0.49;1.77;NA;2.65;3.76;ND;0.02;ND;NA;NA;NA;
14;4;2.22;0.74;0.81;NA;3.08;3.25;ND;0.04;ND;NA;NA;NA;
14;5;2.37;0.74;0.47;NA;2.85;3.13;ND;0.06;ND;NA;NA;NA;
14;6;2.22;0.43;0.55;NA;3.06;2.83;ND;0.02;ND;NA;NA;NA;
14;7;2.09;0.46;0.86;NA;8.19;3.07;ND;0.01;ND;NA;NA;NA;
14;8;2.62;0.88;1.31;NA;12.34;3.41;ND;0.06;ND;NA;NA;NA;
14;9;4.03;0.68;1.64;NA;6.42;3.84;ND;0.08;ND;NA;NA;NA;
14;10;2.32;0.77;1.24;NA;4.17;2.77;ND;0.09;ND;NA;NA;NA;
14;11;2.31;0.69;0.98;NA;2.31;2.51;ND;0.04;ND;NA;NA;NA;
14;12;2;0.72;1.19;NA;2.29;2.25;ND;0.07;ND;NA;NA;NA;
14;13;1.87;0.8;1.22;NA;1.08;2.53;ND;0.1;ND;NA;NA;NA;
14;14;1.85;0.71;1.36;NA;0.66;2.66;ND;0.08;ND;NA;NA;NA;
14;15;2.36;0.71;1.03;NA;0.21;2.51;ND;0.2;ND;NA;NA;NA;
14;16;2.56;0.61;1.19;NA;0.58;2.78;ND;0.35;ND;NA;NA;NA;
14;17;2.23;0.72;0.6;NA;0.82;3.06;ND;0;ND;NA;NA;NA;
14;18;2.46;0.7;0.69;NA;0.68;2.68;ND;0.03;ND;NA;NA;NA;
14;19;2.6;0.83;0.43;NA;0.88;2.36;ND;0;ND;NA;NA;NA;
14;20;2.46;0.49;0.43;NA;0.75;2.62;ND;0.05;ND;NA;NA;NA;
14;21;2.05;0.55;0.14;NA;0.98;2.07;ND;0;ND;NA;NA;NA;
14;22;1.93;0.48;0.11;NA;0.81;1.98;ND;0;ND;NA;NA;NA;
14;23;1.97;0.61;0.06;NA;0.26;1.84;ND;0;ND;NA;NA;NA;
15;0;2.32;0.4;0.06;NA;0.21;1.96;ND;0;ND;NA;NA;NA;
15;1;1.87;0.35;ND;NA;0.13;1.8;ND;0;ND;NA;NA;NA;
15;2;1.67;0.51;0;NA;0.03;1.77;ND;0;ND;NA;NA;NA;
15;3;1.58;0.42;0;NA;0.38;1.67;ND;0;ND;NA;NA;NA;
15;4;1.75;0.28;0;NA;0.04;1.74;ND;0;ND;NA;NA;NA;
15;5;1.87;0.35;0;NA;0.22;1.76;ND;0.01;ND;NA;NA;NA;
15;6;2.13;0.4;0.61;NA;0.71;2.32;ND;ND;ND;NA;NA;NA;
15;7;2.36;0.39;1.48;NA;1;2.86;ND;ND;ND;NA;NA;NA;
15;8;2.63;0.43;1.86;NA;0.77;3.17;ND;ND;ND;NA;NA;NA;
15;9;2.43;0.49;7.17;NA;1.21;2.82;ND;ND;ND;NA;NA;NA;
15;10;2.07;0.5;2.71;NA;1.58;2.62;ND;ND;ND;NA;NA;NA;
15;11;2.07;0.59;ND;NA;1.46;2.63;ND;0.14;ND;NA;NA;NA;
15;12;1.91;0.81;ND;NA;1;2.9;ND;ND;ND;NA;NA;NA;
15;13;2.04;0.88;ND;NA;0.71;3.08;ND;2.21;ND;NA;NA;NA;
15;14;2.15;0.84;ND;NA;0.55;2.74;ND;0.45;ND;NA;NA;NA;
15;15;2.17;0.69;1.16;NA;0.58;3.17;ND;0.62;ND;NA;NA;NA;
15;16;2.03;0.86;ND;NA;0.56;3.11;ND;ND;ND;NA;NA;NA;
15;17;2.32;0.86;0.88;NA;0.82;2.93;ND;ND;ND;NA;NA;NA;
15;18;2.34;0.77;1.13;NA;1.5;2.56;ND;ND;ND;NA;NA;NA;
15;19;2.29;0.6;0.73;NA;1.28;2.73;ND;ND;ND;NA;NA;NA;
15;20;2.74;0.66;0.55;NA;0.56;3.26;ND;0.8;ND;NA;NA;NA;
15;21;3.3;2.07;0.28;NA;0.49;3.04;ND;0.5;ND;NA;NA;NA;
15;22;4.4;2.31;0.28;NA;2.22;3.71;ND;ND;ND;NA;NA;NA;
15;23;4.98;1.43;0.5;NA;4.33;3.48;ND;ND;ND;NA;NA;NA;
16;0;3.01;1.38;0.44;NA;2.32;3.06;ND;5.19;ND;NA;NA;NA;
16;1;ND;1.68;0.5;NA;ND;ND;ND;5.54;ND;NA;NA;NA;
16;2;3.03;1.28;1.39;NA;25.53;12.83;ND;5.35;ND;NA;NA;NA;
16;3;2.67;0.81;0.98;NA;84.64;6.55;ND;8.33;ND;NA;NA;NA;
16;4;3.39;1.22;0.65;NA;54.08;6.94;ND;8.44;ND;NA;NA;NA;
16;5;4.91;1.63;0.9;NA;49.34;12.15;ND;5.9;ND;NA;NA;NA;
16;6;5.79;2.68;1.79;NA;21.8;11.94;ND;3.19;ND;NA;NA;NA;
16;7;7.44;5.47;3.08;NA;16.75;14.38;ND;4.22;ND;NA;NA;NA;
16;8;9.12;7.16;2.69;NA;16.62;8.31;ND;8.78;ND;NA;NA;NA;
16;9;9.76;4.61;2.6;NA;7.99;5.59;ND;2.33;ND;NA;NA;NA;
16;10;9.11;3.75;1.63;NA;6.16;5.59;ND;2.12;ND;NA;NA;NA;
16;11;5.63;2.91;1.97;NA;ND;5.35;ND;1.02;ND;NA;NA;NA;
16;12;3.87;3.15;2.12;NA;ND;6.16;ND;1.29;ND;NA;NA;NA;
16;13;ND;3.36;2.09;NA;ND;5.96;ND;1.07;ND;NA;NA;NA;
16;14;ND;2.19;1.82;NA;ND;4.65;ND;2.22;ND;NA;NA;NA;
16;15;2.16;1.95;1.87;NA;1.81;4.82;ND;11.78;ND;NA;NA;NA;
16;16;2.65;1.6;1.96;NA;ND;8.75;ND;1.27;ND;NA;NA;NA;
16;17;2.74;1.52;1.75;NA;2.41;4.33;ND;0.77;ND;NA;NA;NA;
16;18;3.25;1.44;1.11;NA;2.61;3.76;ND;1.68;ND;NA;NA;NA;
16;19;2.98;2.29;1.13;NA;2.54;3.68;ND;2.73;ND;NA;NA;NA;
16;20;3.73;2;1.54;NA;2.78;3.64;ND;1.13;ND;NA;NA;NA;
16;21;4.25;3.03;1.87;NA;3.61;4.31;ND;0.98;ND;NA;NA;NA;
16;22;4.35;3.38;1.32;NA;13.54;4.78;ND;1.99;ND;NA;NA;NA;
16;23;3.78;4.01;1.5;NA;10.13;5.22;ND;1.76;ND;NA;NA;NA;
17;0;2.63;3.87;1.5;NA;7.69;5.62;ND;1.65;ND;NA;NA;NA;
17;1;2.36;4.1;ND;NA;16.25;5.61;ND;2.21;ND;NA;NA;NA;
17;2;2.71;5.47;0.82;NA;68.3;6.15;ND;1.3;ND;NA;NA;NA;
17;3;1.97;4.11;0.87;NA;42.92;12.08;ND;1.07;ND;NA;NA;NA;
17;4;2.36;5.51;0.89;NA;71.29;10.28;ND;2.58;ND;NA;NA;NA;
17;5;3.71;4.62;1.2;NA;55.35;10.36;ND;3.14;ND;NA;NA;NA;
17;6;8.03;6.32;1.71;NA;60.61;24.27;ND;4.36;ND;NA;NA;NA;
17;7;7.54;8.6;3.75;NA;72.78;35.64;ND;9.32;ND;NA;NA;NA;
17;8;6.17;7.23;8.91;NA;14.62;28.82;ND;13.82;ND;NA;NA;NA;
17;9;4.15;6.37;6.71;NA;8.53;11.53;ND;16.72;ND;NA;NA;NA;
17;10;2.59;4.81;5.28;NA;6.24;7.45;ND;9.84;ND;NA;NA;NA;
17;11;1.36;ND;2.98;NA;4.29;5.1;ND;2.54;ND;NA;NA;NA;
17;12;1.02;ND;1.93;NA;5.43;3.92;ND;1.07;ND;NA;NA;NA;
17;13;0.88;ND;1.43;NA;3.88;4.49;ND;1;ND;NA;NA;NA;
17;14;0.75;ND;1.41;NA;1.83;4.47;ND;0.65;ND;NA;NA;NA;
17;15;1.09;ND;1.95;NA;1.44;4.18;ND;0.36;ND;NA;NA;NA;
17;16;0.92;ND;2.68;NA;2.36;3.98;ND;1.1;ND;NA;NA;NA;
17;17;1.79;2.07;2.91;NA;2.42;4.76;ND;1.13;ND;NA;NA;NA;
17;18;2.48;2.37;2.73;NA;2.21;4.21;ND;4.65;ND;NA;NA;NA;
17;19;3.44;2.46;2.79;NA;3.38;4.83;ND;5.96;ND;NA;NA;NA;
17;20;4.49;7.07;3.42;NA;11.55;11.05;ND;4.08;ND;NA;NA;NA;
17;21;4.25;7.93;3.22;NA;21.46;7.69;ND;2.22;ND;NA;NA;NA;
17;22;3.42;6.2;2.83;NA;29.35;5.27;ND;3.06;ND;NA;NA;NA;
17;23;3.55;4.79;2.28;NA;12.05;3.45;ND;2.7;ND;NA;NA;NA;
18;0;5.16;15.87;1.88;NA;14.45;4.15;ND;3.77;ND;NA;NA;NA;
18;1;ND;ND;1.46;NA;ND;ND;ND;1.89;ND;NA;NA;NA;
18;2;4.91;6.93;1.49;NA;11.22;5.78;ND;1.97;ND;NA;NA;NA;
18;3;4;5.27;2.45;NA;7.61;6.52;ND;2.55;ND;NA;NA;NA;
18;4;5.18;7.89;2.26;NA;7.24;6.14;ND;2.22;ND;NA;NA;NA;
18;5;5.67;8.93;3.51;NA;9.15;15.68;ND;2.32;ND;NA;NA;NA;
18;6;7.53;7.48;5.22;NA;24.1;17.29;ND;4.02;ND;NA;NA;NA;
18;7;7.63;6.7;5.16;NA;34.1;39.3;ND;7.86;ND;NA;NA;NA;
18;8;8.93;8.86;5.35;NA;19.13;15.79;ND;11.93;ND;NA;NA;NA;
18;9;7.16;11.01;4.98;NA;6.69;9.71;ND;ND;ND;NA;NA;NA;
18;10;6.31;6.35;6.67;NA;5.4;8.6;ND;ND;ND;NA;NA;NA;
18;11;2.28;3.62;6.54;NA;4.25;7.84;ND;1.87;ND;NA;NA;NA;
18;12;1.14;2.76;4.17;NA;2.48;6.25;ND;1.74;ND;NA;NA;NA;
18;13;1.42;2.19;4.49;NA;1.99;5.43;ND;1.41;ND;NA;NA;NA;
18;14;0.91;2.44;3.6;NA;2.1;3.98;ND;0.84;ND;NA;NA;NA;
18;15;1.21;2.55;4.04;NA;1.62;3.53;ND;0.51;ND;NA;NA;NA;
18;16;2.6;2.93;3.86;NA;1.93;4.06;ND;1.53;ND;NA;NA;NA;
18;17;3.44;3.32;3.71;NA;2.74;4.08;ND;0.9;ND;NA;NA;NA;
18;18;2.43;3.45;3.94;NA;2.76;4.31;ND;1.68;ND;NA;NA;NA;
18;19;2.75;3.65;4.11;NA;2.84;4.5;ND;2.75;ND;NA;NA;NA;
18;20;3.17;4.22;4.35;NA;14.42;7.07;ND;2.25;ND;NA;NA;NA;
18;21;2.59;5.11;6.02;NA;17.58;7.19;ND;2.21;ND;NA;NA;NA;
18;22;5.35;4.26;5.15;NA;12.81;16.72;ND;2.85;ND;NA;NA;NA;
18;23;6.4;4.08;7.68;NA;8.2;23.75;ND;1.73;ND;NA;NA;NA;
19;0;6.26;6.15;8.54;NA;10.99;20.17;ND;2.15;ND;NA;NA;NA;
19;1;5.54;6.25;7.69;NA;31.53;19.33;ND;2.93;ND;NA;NA;NA;
19;2;6.42;9.26;5.35;NA;70.31;9.69;ND;1.97;ND;NA;NA;NA;
19;3;5.07;11.59;4.08;NA;35.2;9.63;ND;2.26;ND;NA;NA;NA;
19;4;5.08;10.92;3.84;NA;17.41;8.78;ND;2.14;ND;NA;NA;NA;
19;5;6.28;7.17;4.34;NA;17.66;8.72;ND;1.91;ND;NA;NA;NA;
19;6;6.41;7.72;4.53;NA;13.71;9.96;ND;3.12;ND;NA;NA;NA;
19;7;6.52;7.38;7.37;NA;43.55;17.78;ND;6.99;ND;NA;NA;NA;
19;8;8.8;6.66;12.55;NA;22.83;22.06;ND;10.23;ND;NA;NA;NA;
19;9;10.31;5.76;6.76;NA;4.48;6.94;ND;3.43;ND;NA;NA;NA;
19;10;7.89;5;5.93;NA;4.19;6.02;ND;1.79;ND;NA;NA;NA;
19;11;5.88;5.71;6.64;NA;6.41;ND;ND;1.77;ND;NA;NA;NA;
19;12;5.29;4.75;6.03;NA;5.96;ND;ND;2.98;ND;NA;NA;NA;
19;13;5.08;4.2;5.71;NA;4.11;6.9;ND;2.64;ND;NA;NA;NA;
19;14;2.35;3.39;4.86;NA;1.56;6.08;ND;2.38;ND;NA;NA;NA;
19;15;1.68;2.88;6.36;NA;1.56;5.42;ND;2.08;ND;NA;NA;NA;
19;16;1.42;2.91;8.37;NA;2.13;5.18;ND;0.76;ND;NA;NA;NA;
19;17;1.41;2.93;8.82;NA;1.93;4.38;ND;0.43;ND;NA;NA;NA;
19;18;2.39;2.77;7.86;NA;1.5;5.14;ND;0.86;ND;NA;NA;NA;
19;19;1.91;2.91;7.78;NA;3.2;4.54;ND;0.99;ND;NA;NA;NA;
19;20;2.01;3.03;6.5;NA;6.52;4.61;ND;0.9;ND;NA;NA;NA;
19;21;2.59;3.27;6.43;NA;4.3;4.16;ND;0.66;ND;NA;NA;NA;
19;22;2.21;3.6;6.67;NA;5.86;4.67;ND;1.07;ND;NA;NA;NA;
19;23;2.98;3.09;6.25;NA;ND;5.2;ND;0.49;ND;NA;NA;NA;
20;0;1.68;2.66;5.94;NA;5.31;4.25;ND;0.06;ND;NA;NA;NA;
20;1;ND;ND;5.87;NA;ND;ND;ND;0.2;ND;NA;NA;NA;
20;2;2.4;3.36;5;NA;3.57;3.13;ND;0.3;ND;NA;NA;NA;
20;3;3.45;2.78;4.43;NA;1.61;2.98;ND;0.26;ND;NA;NA;NA;
20;4;2.74;2.58;4.35;NA;1.13;2.7;ND;2.47;ND;NA;NA;NA;
20;5;4.84;2.55;4.5;NA;2.93;3.4;ND;1.44;ND;NA;NA;NA;
20;6;4.33;2.53;5.25;NA;4.59;4.56;ND;3.71;ND;NA;NA;NA;
20;7;4.04;4.65;6.52;NA;5.6;6.8;ND;6.62;ND;NA;NA;NA;
20;8;3.93;3.99;6.37;NA;6.28;7.84;ND;16.42;ND;NA;NA;NA;
20;9;4.06;2.76;4.31;NA;5.23;5.17;ND;4.36;ND;NA;NA;NA;
20;10;2.51;1.94;3.76;NA;3.18;5.56;ND;1.7;ND;NA;NA;NA;
20;11;1.19;1.84;3.67;NA;6.71;5.24;ND;1.14;ND;NA;NA;NA;
20;12;0.96;1.68;2.89;NA;3.25;3.86;ND;0.61;ND;NA;NA;NA;
20;13;0.97;1.59;2.23;NA;2.03;2.95;ND;0.5;ND;NA;NA;NA;
20;14;2.21;2.32;1.82;NA;2.28;3.71;ND;2.21;ND;NA;NA;NA;
20;15;1.66;3.12;2.18;NA;5.59;4.27;ND;1.41;ND;NA;NA;NA;
20;16;2.43;3.68;2.53;NA;3.45;3.92;ND;3.87;ND;NA;NA;NA;
20;17;4.01;2.72;2.43;NA;5.36;3.98;ND;1.73;ND;NA;NA;NA;
20;18;4.18;2.66;2.25;NA;6.48;4.41;ND;1.98;ND;NA;NA;NA;
20;19;4.98;4.04;2.99;NA;8.21;5.43;ND;2.14;ND;NA;NA;NA;
20;20;3.67;3.97;3.44;NA;6.76;5.82;ND;1.45;ND;NA;NA;NA;
20;21;2.56;3.38;3.04;NA;6.38;6.41;ND;1.67;ND;NA;NA;NA;
20;22;2.05;2.79;3.16;NA;8.69;5.72;ND;1.71;ND;NA;NA;NA;
20;23;2.05;2.79;2.9;NA;24.08;7.31;ND;2.07;ND;NA;NA;NA;
21;0;1.23;2.46;3.2;NA;15.37;7.17;ND;1.92;ND;NA;NA;NA;
21;1;1.54;2.24;2.44;NA;2.26;4.61;ND;1.56;ND;NA;NA;NA;
21;2;1.12;2.23;1.89;NA;3.36;3.22;ND;5.82;ND;NA;NA;NA;
21;3;1.29;2.18;1.86;NA;3.63;3.24;ND;3.62;ND;NA;NA;NA;
21;4;1.12;2.53;1.68;NA;4.85;3.92;ND;3.27;ND;NA;NA;NA;
21;5;2.93;4.59;1.89;NA;8.36;5.15;ND;3.23;ND;NA;NA;NA;
21;6;3.29;4.1;2.78;NA;73.37;6.3;ND;4.64;ND;NA;NA;NA;
21;7;3.72;4.33;4.28;NA;57.15;10.84;ND;10.7;ND;NA;NA;NA;
21;8;3.52;3.66;5.13;NA;17.03;12.82;ND;12.21;ND;NA;NA;NA;
21;9;3.64;3.79;6.11;NA;5.82;10.59;ND;8.2;ND;NA;NA;NA;
21;10;2.89;3.08;5.39;NA;7.98;7.33;ND;5.25;ND;NA;NA;NA;
21;11;1.1;1.93;4.04;NA;5.82;6.18;ND;1.59;ND;NA;NA;NA;
21;12;0.81;1.91;2.94;NA;2.53;3.68;ND;0.56;ND;NA;NA;NA;
21;13;0.83;2.21;2.63;NA;2.1;3.32;ND;1.42;ND;NA;NA;NA;
21;14;1.75;2.29;2.23;NA;9.18;4.02;ND;0.99;ND;NA;NA;NA;
21;15;1.2;2.32;2.41;NA;12.33;5.2;ND;1.18;ND;NA;NA;NA;
21;16;1.06;2.63;2.3;NA;2.99;3.36;ND;4.18;ND;NA;NA;NA;
21;17;1.85;2.63;2.15;NA;4.23;3.3;ND;3.12;ND;NA;NA;NA;
21;18;2.2;3.24;2.52;NA;6.24;4.97;ND;2.52;ND;NA;NA;NA;
21;19;4.1;3.67;2.99;NA;23.78;6.12;ND;2.68;ND;NA;NA;NA;
21;20;4.43;5.03;3.78;NA;20.49;6.26;ND;2.66;ND;NA;NA;NA;
21;21;3.39;5.75;2.61;NA;10.53;6.17;ND;2.22;ND;NA;NA;NA;
21;22;2.4;3.82;2.25;NA;10.36;5.22;ND;1.47;ND;NA;NA;NA;
21;23;1.03;3.3;2.34;NA;23.56;4.22;ND;1.2;ND;NA;NA;NA;
22;0;0.67;4.62;2.34;NA;81.85;4.77;ND;7.49;ND;NA;NA;NA;
22;1;ND;ND;1.84;NA;ND;ND;ND;1.26;ND;NA;NA;NA;
22;2;1.28;3.67;1.35;NA;106.11;8.43;ND;1.62;ND;NA;NA;NA;
22;3;0.75;4.12;1.3;NA;132.01;8.8;ND;2.34;ND;NA;NA;NA;
22;4;1.35;4.42;1.63;NA;129.23;9.25;ND;1.18;ND;NA;NA;NA;
22;5;3.09;4.48;2.74;NA;79.62;6.31;ND;1.79;ND;NA;NA;NA;
22;6;6.78;9.05;4.66;NA;101.3;15.11;ND;6.95;ND;NA;NA;NA;
22;7;12.69;14.9;7.46;NA;147.04;19.05;ND;6.33;ND;NA;NA;NA;
22;8;10.01;8.7;6.96;NA;63.44;9.26;ND;15.17;ND;NA;NA;NA;
22;9;8.36;6.96;8.58;NA;14.6;10.14;ND;6.81;ND;NA;NA;NA;
22;10;4.46;4.22;6.95;NA;6.74;7.16;ND;2.6;ND;NA;NA;NA;
22;11;4.53;3.07;5.79;NA;6.62;5.84;ND;2.95;ND;NA;NA;NA;
22;12;4.93;2.59;5.59;NA;ND;5.1;ND;11.28;ND;NA;NA;NA;
22;13;3.43;2.04;5.39;NA;ND;3.87;ND;8.87;ND;NA;NA;NA;
22;14;3.12;1.81;ND;NA;3.63;3.99;ND;2.74;ND;NA;NA;NA;
22;15;3.46;1.61;ND;NA;3.08;4.79;ND;3.35;ND;NA;NA;NA;
22;16;3.63;4.13;4.32;NA;4.8;4.44;ND;1.86;ND;NA;NA;NA;
22;17;2.68;4.62;4.31;NA;8.59;9.51;ND;2.66;ND;NA;NA;NA;
22;18;3.72;4.1;4.99;NA;8.9;10.32;ND;4.86;ND;NA;NA;NA;
22;19;3.52;5.41;5.23;NA;11.19;8.48;ND;2.88;ND;NA;NA;NA;
22;20;3.26;3.55;4.59;NA;10.64;5.59;ND;1.58;ND;NA;NA;NA;
22;21;4.22;3.52;4.14;NA;9.94;4.04;ND;1.82;ND;NA;NA;NA;
22;22;3.51;8.63;3.94;NA;9.03;5.84;ND;0.91;ND;NA;NA;NA;
22;23;3.2;7.23;3.79;NA;8.43;5.28;ND;0.95;ND;NA;NA;NA;
23;0;2.98;5.7;4.34;NA;13.53;6.61;ND;2.82;ND;NA;NA;NA;
23;1;3.7;7.35;ND;NA;28.14;7.6;ND;4.14;ND;NA;NA;NA;
23;2;5.48;5.56;3.16;NA;23.36;10.01;ND;3.72;ND;NA;NA;NA;
23;3;4.2;4.99;4.04;NA;17.65;8.3;ND;2.21;ND;NA;NA;NA;
23;4;3.83;6.44;4.17;NA;23.77;8.92;ND;3.47;ND;NA;NA;NA;
23;5;4.58;7.16;4.29;NA;108.47;17.47;ND;2.03;ND;NA;NA;NA;
23;6;8.06;11.13;3.69;NA;203.11;14.95;ND;4.55;ND;NA;NA;NA;
23;7;8.88;17.59;6.54;NA;159.3;15.7;ND;10.97;ND;NA;NA;NA;
23;8;5.66;15.98;9.11;NA;41.3;9.38;ND;11.26;ND;NA;NA;NA;
23;9;7.8;8;6.84;NA;15.33;12.14;ND;5.17;ND;NA;NA;NA;
23;10;6.96;6.23;7.33;NA;8.63;9.86;ND;2.65;ND;NA;NA;NA;
23;11;ND;3.56;5.77;NA;7.79;ND;ND;1.34;ND;NA;NA;NA;
23;12;ND;2.48;4.9;NA;4.62;ND;ND;1.33;ND;NA;NA;NA;
23;13;2.01;3.69;5.01;NA;4.59;4.05;ND;1.18;ND;NA;NA;NA;
23;14;1.93;3.73;4.78;NA;3.32;4.78;ND;0.88;ND;NA;NA;NA;
23;15;1.58;3.18;6.41;NA;2.7;4.4;ND;2.5;ND;NA;NA;NA;
23;16;ND;2.83;4.01;NA;2.39;4.33;ND;8.1;ND;NA;NA;NA;
23;17;2.71;2.83;3.52;NA;4.04;5.34;ND;0.67;ND;NA;NA;NA;
23;18;2.91;2.65;3.61;NA;3.77;4.88;ND;1.65;ND;NA;NA;NA;
23;19;2.69;2.98;2.96;NA;4.22;3.55;ND;1.37;ND;NA;NA;NA;
23;20;2.37;3.47;2.89;NA;4.39;3.39;ND;5.29;ND;NA;NA;NA;
23;21;4.14;3.1;3.61;NA;4.26;4.6;ND;1.46;ND;NA;NA;NA;
23;22;4.74;5.19;3.6;NA;5.22;4.14;ND;1.44;ND;NA;NA;NA;
23;23;3.65;3.83;3.42;NA;5.69;4.68;ND;0.99;ND;NA;NA;NA;
24;0;4.63;3.65;3.26;NA;5.11;4.22;ND;0.59;ND;NA;NA;NA;
24;1;3.62;ND;2.99;NA;ND;ND;ND;0.5;ND;NA;NA;NA;
24;2;2.98;6.52;3.07;NA;3.58;3.67;ND;0.65;ND;NA;NA;NA;
24;3;2.75;7.7;2.67;NA;2.87;3.67;ND;0.56;ND;NA;NA;NA;
24;4;3.97;6.15;2.98;NA;4.79;3.31;ND;1.08;ND;NA;NA;NA;
24;5;5.47;4.98;3.54;NA;6.85;4.11;ND;1.77;ND;NA;NA;NA;
24;6;5.38;6.01;3.61;NA;12.9;6.79;ND;4.4;ND;NA;NA;NA;
24;7;6.32;9.71;5.54;NA;34.07;15.35;ND;9.63;ND;NA;NA;NA;
24;8;6.39;8.44;7.21;NA;26.41;22.49;ND;12.96;ND;NA;NA;NA;
24;9;7.31;6.86;10.88;NA;16.67;14.79;ND;3.6;ND;NA;NA;NA;
24;10;5.19;5.08;8.93;NA;5.31;8.55;ND;1.93;ND;NA;NA;NA;
24;11;3.73;3.67;8.19;NA;6.39;7.5;ND;1.42;ND;NA;NA;NA;
24;12;2.22;2.28;5.85;NA;4.59;5.81;ND;1.39;ND;NA;NA;NA;
24;13;2;1.7;4.62;NA;3.22;3.92;ND;0.86;ND;NA;NA;NA;
24;14;1.83;1.76;4.25;NA;2.81;3.87;ND;0.97;ND;NA;NA;NA;
24;15;1.75;2.56;4.36;NA;2.59;3.39;ND;0.99;ND;NA;NA;NA;
24;16;2.11;2.74;4.42;NA;2.12;3.96;ND;0.49;ND;NA;NA;NA;
24;17;2.9;2.77;4.54;NA;2.67;3.63;ND;0.51;ND;NA;NA;NA;
24;18;2.8;2.67;4.16;NA;3;4.15;ND;0.38;ND;NA;NA;NA;
24;19;2.8;2.79;3.98;NA;2.5;3.83;ND;0.36;ND;NA;NA;NA;
24;20;2.79;3.02;3.92;NA;2.07;3.96;ND;0.38;ND;NA;NA;NA;
24;21;2.54;3.07;3.54;NA;2.02;4.36;ND;0.16;ND;NA;NA;NA;
24;22;2.36;2.92;3.21;NA;2.83;5.34;ND;0.04;ND;NA;NA;NA;
24;23;2.35;4.32;3.74;NA;2.37;5.6;ND;0.16;ND;NA;NA;NA;
25;0;2.64;3.81;3.97;NA;2.63;5.03;ND;0.07;ND;NA;NA;NA;
25;1;2.98;3.22;ND;NA;3.06;4.54;ND;0.34;ND;NA;NA;NA;
25;2;3.06;2.61;3.18;NA;1.77;3.76;ND;0.26;ND;NA;NA;NA;
25;3;2.05;3.24;2.83;NA;2.23;2.92;ND;0.31;ND;NA;NA;NA;
25;4;2.26;2.44;3.02;NA;1.55;3.04;ND;0.8;ND;NA;NA;NA;
25;5;2.47;2.75;2.67;NA;15.83;3.07;ND;0.4;ND;NA;NA;NA;
25;6;5.44;5.52;3.57;NA;61.74;11.58;ND;0.96;ND;NA;NA;NA;
25;7;6.07;6.45;6.22;NA;47.56;24.17;ND;2;ND;NA;NA;NA;
25;8;5.55;4.45;7.54;NA;6.05;10.29;ND;1.85;ND;NA;NA;NA;
25;9;5.86;3.35;8.73;NA;6.37;8.16;ND;1.63;ND;NA;NA;NA;
25;10;4.26;2.27;6.63;NA;4.73;7.51;ND;1.7;ND;NA;NA;NA;
25;11;2.18;2.02;4.54;NA;4.7;4.39;ND;0.94;ND;NA;NA;NA;
25;12;1.73;2.37;4.19;NA;2.77;3.44;ND;0.46;ND;NA;NA;NA;
25;13;1.36;2.04;3.62;NA;3.99;3.39;ND;0.69;ND;NA;NA;NA;
25;14;1.39;1.72;4.16;NA;2.86;3.16;ND;0.71;ND;NA;NA;NA;
25;15;1.38;1.33;3.92;NA;2.47;3.19;ND;0.32;ND;NA;NA;NA;
25;16;1.33;1.65;4.38;NA;1.6;3.52;ND;0.38;ND;NA;NA;NA;
25;17;1.44;2.17;4.67;NA;2.13;4.12;ND;0.48;ND;NA;NA;NA;
25;18;2.66;2.2;4.58;NA;2.6;4.49;ND;0.54;ND;NA;NA;NA;
25;19;3.99;2.68;4;NA;2.83;3.29;ND;0.38;ND;NA;NA;NA;
25;20;2.77;3.65;ND;NA;2.25;3.13;ND;0.19;ND;NA;NA;NA;
25;21;2.66;2.81;ND;NA;2.33;3.21;ND;0.55;ND;NA;NA;NA;
25;22;2.6;6.66;ND;NA;4.06;2.97;ND;0.36;ND;NA;NA;NA;
25;23;2.71;3.81;ND;NA;9.84;3.94;ND;0.24;ND;NA;NA;NA;
26;0;2.46;3.48;2.86;NA;28.91;3.83;ND;0.33;ND;NA;NA;NA;
26;1;2.67;ND;2.46;NA;ND;ND;ND;0.23;ND;NA;NA;NA;
26;2;2.22;5.52;2.25;NA;3.22;2.76;ND;0.38;ND;NA;NA;NA;
26;3;2.73;2.54;2.08;NA;2.73;2.57;ND;0.59;ND;NA;NA;NA;
26;4;2.33;2.38;2.14;NA;3.4;2.78;ND;0.62;ND;NA;NA;NA;
26;5;2.13;2.44;2.13;NA;4.39;3.36;ND;0.79;ND;NA;NA;NA;
26;6;2.48;2.66;2.97;NA;6.59;4.46;ND;1.29;ND;NA;NA;NA;
26;7;2.39;3.13;4.68;NA;11.13;6.56;ND;1.9;ND;NA;NA;NA;
26;8;2.94;2.44;4.84;NA;7.35;6.45;ND;1.01;ND;NA;NA;NA;
26;9;3.42;2.13;5.15;NA;4.5;4.58;ND;ND;ND;NA;NA;NA;
26;10;2.31;2.28;4.15;NA;4.23;3.78;ND;ND;ND;NA;NA;NA;
26;11;2.9;2.13;4.49;NA;5.74;5.3;ND;1.99;ND;NA;NA;NA;
26;12;2.06;1.92;4.29;NA;3.32;4.21;ND;1.95;ND;NA;NA;NA;
26;13;1.8;1.86;3.54;NA;2.62;3.43;ND;2.04;ND;NA;NA;NA;
26;14;1.59;1.62;3.12;NA;2.21;3.58;ND;1.61;ND;NA;NA;NA;
26;15;1.17;1.25;2.73;NA;3.32;3.2;ND;1.9;ND;NA;NA;NA;
26;16;1.43;1.67;3.46;NA;1.52;2.96;ND;1.83;ND;NA;NA;NA;
26;17;2.06;2;4.19;NA;2.32;3.17;ND;1.79;ND;NA;NA;NA;
26;18;3.95;2.09;4.42;NA;3.33;3.96;ND;1.47;ND;NA;NA;NA;
26;19;3.83;2.5;3.78;NA;4.15;4.1;ND;2.71;ND;NA;NA;NA;
26;20;4.41;2.8;4.69;NA;10.56;5.87;ND;9.8;ND;NA;NA;NA;
26;21;3.66;2.84;4.53;NA;30.95;10.02;ND;5.21;ND;NA;NA;NA;
26;22;3.39;2.21;4.38;NA;18.46;7.17;ND;5.27;ND;NA;NA;NA;
26;23;1.84;1.81;3.96;NA;11.17;7.7;ND;2.23;ND;NA;NA;NA;
27;0;1.72;1.9;3.24;NA;6.59;4.08;ND;2.14;ND;NA;NA;NA;
27;1;1.77;2.32;ND;NA;10.13;3.63;ND;3.27;ND;NA;NA;NA;
27;2;1.89;2.3;3.45;NA;5.75;3.76;ND;24.03;ND;NA;NA;NA;
27;3;1.54;2.34;3.15;NA;10.72;3.39;ND;22.8;ND;NA;NA;NA;
27;4;1.5;3.04;2.68;NA;9.09;3.54;ND;19.53;ND;NA;NA;NA;
27;5;1.7;3.22;2.75;NA;34.7;9.91;ND;20.68;ND;NA;NA;NA;
27;6;2.83;3.16;3.33;NA;46.48;15.83;ND;7.08;ND;NA;NA;NA;
27;7;2.86;4.18;4.61;NA;22.64;19.64;ND;23.08;ND;NA;NA;NA;
27;8;2.95;4;6.76;NA;22.67;13.24;ND;24.1;ND;NA;NA;NA;
27;9;4.58;2.73;7.22;NA;5.78;7.06;ND;4.76;ND;NA;NA;NA;
27;10;3.77;2.66;8.58;NA;7;5.96;ND;3.25;ND;NA;NA;NA;
27;11;4.53;2.53;7.54;NA;7.01;8.61;ND;4.11;ND;NA;NA;NA;
27;12;2.11;1.94;6;NA;4.26;6.57;ND;3.58;ND;NA;NA;NA;
27;13;1.54;1.62;4.77;NA;3.34;4.97;ND;2.26;ND;NA;NA;NA;
27;14;1.54;1.42;4.34;NA;2.8;3.7;ND;1.84;ND;NA;NA;NA;
27;15;1.48;1.35;3.74;NA;3.22;4.16;ND;2.34;ND;NA;NA;NA;
27;16;2.65;1.75;3.23;NA;4.05;3.97;ND;2;ND;NA;NA;NA;
27;17;2.07;2.27;3.23;NA;2.34;4.71;ND;2.43;ND;NA;NA;NA;
27;18;2.05;2.43;3.96;NA;10.13;4.69;ND;2.05;ND;NA;NA;NA;
27;19;2.64;2.36;4.57;NA;8.47;4.77;ND;1.53;ND;NA;NA;NA;
27;20;2.89;2.28;4.24;NA;6.36;6.22;ND;1.73;ND;NA;NA;NA;
27;21;1.98;2.11;3.82;NA;19.01;6.78;ND;2.96;ND;NA;NA;NA;
27;22;2.48;2.19;4.27;NA;35.89;6.58;ND;2.17;ND;NA;NA;NA;
27;23;1.99;2.06;3.53;NA;22.65;6.7;ND;1.73;ND;NA;NA;NA;
28;0;1.34;1.87;4.09;NA;15.27;7.01;ND;1.73;ND;NA;NA;NA;
28;1;1.25;ND;3.27;NA;ND;ND;ND;1.87;ND;NA;NA;NA;
28;2;1.24;1.82;3.23;NA;16.2;5.61;ND;4.3;ND;NA;NA;NA;
28;3;1.65;1.62;2.89;NA;28.3;13.25;ND;5.21;ND;NA;NA;NA;
28;4;1.44;4.87;4.97;NA;49.68;13.74;ND;7.43;ND;NA;NA;NA;
28;5;1.57;6.66;7.87;NA;25.17;13.21;ND;8.08;ND;NA;NA;NA;
28;6;2.68;5.23;8.22;NA;20.56;13.67;ND;11.04;ND;NA;NA;NA;
28;7;2.37;3.89;8.93;NA;34.47;16.67;ND;13.87;ND;NA;NA;NA;
28;8;2.3;2.82;9.05;NA;9.58;20.97;ND;5.91;ND;NA;NA;NA;
28;9;2.13;2.56;6.99;NA;2.74;6.07;ND;5;ND;NA;NA;NA;
28;10;2.25;2.01;5.53;NA;4.63;4.1;ND;2.9;ND;NA;NA;NA;
28;11;1.59;1.61;4.43;NA;9.43;0.41;ND;2.22;ND;NA;NA;NA;
28;12;1.38;1.74;3.68;NA;4.4;0;ND;2.19;ND;NA;NA;NA;
28;13;1.06;1.64;3.1;NA;2.08;0;ND;2.15;ND;NA;NA;NA;
28;14;1.23;1.44;2.86;NA;1.44;0;ND;1.55;ND;NA;NA;NA;
28;15;0.79;1.65;2.95;NA;0.76;0;ND;1.52;ND;NA;NA;NA;
28;16;0.97;1.84;2.61;NA;1.04;0;ND;1.53;ND;NA;NA;NA;
28;17;1.28;1.75;2.64;NA;1.47;0;ND;1.65;ND;NA;NA;NA;
28;18;1.65;1.91;2.78;NA;3.1;0;ND;1.64;ND;NA;NA;NA;
28;19;1.79;1.8;2.38;NA;1.65;0;ND;1.49;ND;NA;NA;NA;
28;20;1.92;2.11;2.21;NA;2.04;0;ND;2.23;ND;NA;NA;NA;
28;21;2.41;2.32;2.09;NA;2.11;0;ND;1.87;ND;NA;NA;NA;
28;22;2.3;2.04;2.27;NA;2.39;0;ND;1.54;ND;NA;NA;NA;
28;23;1.95;2.24;2.02;NA;2.5;0;ND;1.64;ND;NA;NA;NA;
29;0;1.31;2.72;1.88;NA;2.38;0.39;ND;1.64;ND;NA;NA;NA;
29;1;1.24;5.63;ND;NA;15.13;0.73;ND;1.53;ND;NA;NA;NA;
29;2;1.23;5.08;2.27;NA;7.31;3.42;ND;3.92;ND;NA;NA;NA;
29;3;1.49;5.18;1.7;NA;5.97;3.99;ND;6.4;ND;NA;NA;NA;
29;4;1.9;4.41;1.94;NA;73.56;3.11;ND;3.67;ND;NA;NA;NA;
29;5;3.61;4.17;2.5;NA;82.32;15.19;ND;2.07;ND;NA;NA;NA;
29;6;7.35;5.25;3.34;NA;129.04;12.05;ND;8.59;ND;NA;NA;NA;
29;7;7.99;8;6.08;NA;60.47;15;ND;11.32;ND;NA;NA;NA;
29;8;10.91;4.44;7.59;NA;25.45;20.47;ND;5.47;ND;NA;NA;NA;
29;9;7.65;3.32;6.93;NA;5.75;8.86;ND;3.72;ND;NA;NA;NA;
29;10;5.27;2.72;6.6;NA;4.48;6.25;ND;3.07;ND;NA;NA;NA;
29;11;2.58;ND;5.76;NA;5.55;6.36;ND;2.32;ND;NA;NA;NA;
29;12;2.1;ND;4.54;NA;3.77;5.35;ND;2.8;ND;NA;NA;NA;
29;13;1.6;0.6;4.3;NA;3.22;2.3;ND;2.85;ND;NA;NA;NA;
29;14;1.46;0.5;5.96;NA;2.18;ND;ND;1.7;ND;NA;NA;NA;
29;15;1.17;0.44;4.41;NA;2.06;ND;ND;1.66;ND;NA;NA;NA;
29;16;2.15;1.24;4.13;NA;2.39;ND;ND;1.63;ND;NA;NA;NA;
29;17;2.49;3.31;3.92;NA;5.75;3.82;ND;1.6;ND;NA;NA;NA;
29;18;2.03;2.64;3.38;NA;5.85;3.89;ND;1.76;ND;NA;NA;NA;
29;19;3.05;1.31;3.61;NA;3.87;3.4;ND;1.51;ND;NA;NA;NA;
29;20;2.59;1.63;3.29;NA;3.48;2.34;ND;2.05;ND;NA;NA;NA;
29;21;2.41;1.61;3.26;NA;2.02;1.57;ND;2.21;ND;NA;NA;NA;
29;22;4.28;2.17;3.38;NA;2.29;3.8;ND;1.82;ND;NA;NA;NA;
29;23;2.54;1.57;4.47;NA;5.38;4.3;ND;1.56;ND;NA;NA;NA;
30;0;2.15;3.3;4.25;NA;1.91;4.27;ND;9.13;ND;NA;NA;NA;
30;1;1.88;ND;5.16;NA;ND;3.93;ND;28.1;ND;NA;NA;NA;
30;2;1.75;13.45;5.36;NA;44.43;6.84;ND;21.18;ND;NA;NA;NA;
30;3;4.04;7.43;6.62;NA;36.02;16.07;ND;12.69;ND;NA;NA;NA;
30;4;7.66;5.94;12.01;NA;23.96;12.43;ND;9.96;ND;NA;NA;NA;
30;5;4.97;7.45;13.93;NA;14.08;10.51;ND;7.22;ND;NA;NA;NA;
30;6;5.64;11.34;9;NA;23.69;10.62;ND;11.58;ND;NA;NA;NA;
30;7;6.6;14.3;13.16;NA;16.66;15.85;ND;17.93;ND;NA;NA;NA;
30;8;7.26;11.88;14.66;NA;24.97;13.37;ND;18.01;ND;NA;NA;NA;
30;9;9.63;11.04;13.55;NA;9.2;8.48;ND;6.95;ND;NA;NA;NA;
30;10;8.88;6.1;11.13;NA;7.31;6.51;ND;11.48;ND;NA;NA;NA;
30;11;5.29;2.96;11.14;NA;ND;6.1;ND;5.2;ND;NA;NA;NA;
30;12;4.28;1.58;9.56;NA;8.99;4.77;ND;3.2;ND;NA;NA;NA;
30;13;1.79;0.89;ND;NA;5.04;3.68;ND;3.19;ND;NA;NA;NA;
30;14;1.61;0.51;ND;NA;2.48;1.2;ND;2.42;ND;NA;NA;NA;
30;15;1.58;0.75;4.61;NA;2.43;1.47;ND;1.7;ND;NA;NA;NA;
30;16;1.44;0.56;4.82;NA;2.04;1.53;ND;1.87;ND;NA;NA;NA;
30;17;1.45;1.86;5.43;NA;2.38;1.81;ND;1.86;ND;NA;NA;NA;
30;18;1.95;2.06;5.02;NA;2.53;1.55;ND;2.01;ND;NA;NA;NA;
30;19;2.18;1.87;4.16;NA;4.41;0.98;ND;1.67;ND;NA;NA;NA;
30;20;2.28;1.82;4;NA;4.27;1.81;ND;1.67;ND;NA;NA;NA;
30;21;1.91;1.53;3.93;NA;4.68;2.05;ND;7.82;ND;NA;NA;NA;
30;22;1.86;1.77;3.44;NA;2.53;1.37;ND;2.2;ND;NA;NA;NA;
30;23;1.65;4.79;2.67;NA;2.14;0.51;ND;1.81;ND;NA;NA;NA;
