DIA;HORA;Cotocollao;Carapungo;Belisario;Jipijapa;El Camal;Centro;Guamaní;Tumbaco;Los Chillos;El Condado;Turubamba;Chillogallo;
1;0;42.63;0.99;16.8;NA;3.12;24.91;68.68;7.62;4.42;NA;NA;NA;
1;1;38.59;1.65;53.31;NA;10.57;52.27;ND;1.43;7.11;NA;NA;NA;
1;2;27.67;1.36;ND;NA;ND;31.48;64.77;1.28;6.11;NA;NA;NA;
1;3;18.75;1.7;23.73;NA;16.79;27.54;61.44;1.12;3.42;NA;NA;NA;
1;4;12.79;1.95;11.86;NA;14.21;7.69;47.69;1.52;1.29;NA;NA;NA;
1;5;9.74;2.86;3.65;NA;5.12;4.29;47.1;2.3;3.18;NA;NA;NA;
1;6;6.87;6.54;4.85;NA;5.14;4.21;40.21;2.83;3.13;NA;NA;NA;
1;7;16.57;21.6;14.87;NA;11.33;18.01;56.66;6.87;15.24;NA;NA;NA;
1;8;42.89;42.17;36.02;NA;36.22;53.23;67.36;17.18;32.04;NA;NA;NA;
1;9;53.95;53.69;44.34;NA;63.44;73.66;74.04;30.88;53.79;NA;NA;NA;
1;10;74.17;79.73;ND;NA;83.29;94.05;ND;70.44;26.58;NA;NA;NA;
1;11;100.41;79.89;ND;NA;78.23;83.17;ND;91.66;57.99;NA;NA;NA;
1;12;89.62;83.46;101.27;NA;92.58;122.22;100.79;104.84;79.92;NA;NA;NA;
1;13;64.8;79.53;ND;NA;41.62;100.69;96.34;88.27;105.08;NA;NA;NA;
1;14;48.64;63.13;57.22;NA;42.52;68.78;67.75;75.15;78.98;NA;NA;NA;
1;15;47.97;63.28;30.01;NA;46.12;61.87;51.14;69.3;64.73;NA;NA;NA;
1;16;47.51;57.77;28.36;NA;45.98;53.64;49.19;62.71;51.46;NA;NA;NA;
1;17;44.98;52.22;24.84;NA;32.87;40.84;42.22;57.37;45.55;NA;NA;NA;
1;18;41.22;45.66;11;NA;17.85;19.96;40.43;42.6;26.88;NA;NA;NA;
1;19;41.67;37.02;4.73;NA;5.09;23.58;33.75;39.05;36.02;NA;NA;NA;
1;20;34.83;28.71;3.09;NA;7.93;21.79;32.49;40.81;2.15;NA;NA;NA;
1;21;13;9.83;16.25;NA;9.44;27.27;41;13.17;17.45;NA;NA;NA;
1;22;11.23;15.83;6.86;NA;7;8.84;43.6;9.34;8.97;NA;NA;NA;
1;23;7.63;8.06;0.19;NA;3.42;1.05;37.81;6.04;13.22;NA;NA;NA;
2;0;7.54;3.17;3.1;NA;5.1;2.61;32.87;3.96;24.05;NA;NA;NA;
2;1;8.07;1.7;11.7;NA;5.61;8.88;22.98;4.01;23.61;NA;NA;NA;
2;2;ND;ND;1.41;NA;3.95;1.49;19.83;3.71;13;NA;NA;NA;
2;3;11.33;7.01;6.46;NA;0.95;5.83;28.02;6.37;7.83;NA;NA;NA;
2;4;10.26;2.14;9.62;NA;0.73;13.62;35.29;6.62;20;NA;NA;NA;
2;5;7.33;1.66;1.25;NA;1.05;25.65;13.13;3.31;12.96;NA;NA;NA;
2;6;6.39;2.7;3.8;NA;1.85;11.61;10.87;4.61;8.24;NA;NA;NA;
2;7;12.47;12.28;18.09;NA;11.45;21.77;23.82;11;17.44;NA;NA;NA;
2;8;27.95;31.07;35.74;NA;37.56;36.83;63.44;26.79;32.98;NA;NA;NA;
2;9;57.63;51.92;54.01;NA;45.9;48.92;96.21;55.63;25.28;NA;NA;NA;
2;10;83.33;71.1;72.72;NA;58.91;62.08;82.12;81.1;38.94;NA;NA;NA;
2;11;87.92;75.68;93.16;NA;90.02;100.15;80.86;92.14;44.52;NA;NA;NA;
2;12;85.03;71.93;95.28;NA;102.56;111.66;102.29;97.83;69.38;NA;NA;NA;
2;13;68.87;68.85;73.56;NA;55.28;88.61;83.93;84.42;86.9;NA;NA;NA;
2;14;63.43;65.32;59.28;NA;49.27;66.55;68.81;70.05;73.79;NA;NA;NA;
2;15;58.43;60.78;53.64;NA;48.08;67.82;59.25;61.21;71.06;NA;NA;NA;
2;16;56.18;57.94;41;NA;41.97;53.19;66.12;54;58.45;NA;NA;NA;
2;17;54.2;53.76;29.96;NA;32.89;37.65;49.99;49.19;40.03;NA;NA;NA;
2;18;37.16;41.63;22.94;NA;27.18;26.06;36.7;44.5;41.67;NA;NA;NA;
2;19;30.28;37.39;22.84;NA;19.49;20.21;50.56;41.28;38.71;NA;NA;NA;
2;20;18.79;35.13;18.39;NA;11.09;22;41.4;45.07;25.49;NA;NA;NA;
2;21;19.39;36.11;23.2;NA;9.44;23.11;42.1;47.43;36.36;NA;NA;NA;
2;22;35.01;35.13;26.07;NA;10.17;34.45;39.53;49.89;30.78;NA;NA;NA;
2;23;36.97;37.42;34.16;NA;16.91;35.12;36.07;50.57;36.52;NA;NA;NA;
3;0;30.38;36.12;36.08;NA;15.18;25.79;43.22;46.36;39.86;NA;NA;NA;
3;1;33.58;33.95;38.74;NA;14.04;15.2;ND;44.47;41.54;NA;NA;NA;
3;2;32.32;31.46;ND;NA;ND;35.93;38.61;42.03;25.02;NA;NA;NA;
3;3;32.83;31.83;41.02;NA;34.21;37.14;35.56;32.87;16.9;NA;NA;NA;
3;4;31.2;26.96;27.75;NA;26.44;25.86;26.66;18.83;12.08;NA;NA;NA;
3;5;25.15;21.97;17.03;NA;18.75;15.85;8.65;27.98;8.66;NA;NA;NA;
3;6;16.92;12.83;7.8;NA;10.42;9.17;13.68;15.38;7.07;NA;NA;NA;
3;7;18.99;13.57;16.73;NA;10.14;20.7;25.07;15.36;14.13;NA;NA;NA;
3;8;32.32;32.6;32.94;NA;26.56;32.98;52.51;27.63;35.69;NA;NA;NA;
3;9;45.01;44.06;50.07;NA;47.7;61.42;69.38;37.96;55.06;NA;NA;NA;
3;10;62.99;59.53;65.62;NA;59.98;70.66;84.22;58.3;18.99;NA;NA;NA;
3;11;94.71;89.3;78.29;NA;79.11;76.81;110.29;77.1;33.87;NA;NA;NA;
3;12;92.25;89.15;106.29;NA;67.28;89.19;74.02;100.53;61.45;NA;NA;NA;
3;13;64.1;65.21;64.61;NA;52.43;59;63.89;89.2;73.62;NA;NA;NA;
3;14;54.46;57.15;55.07;NA;54.89;67.22;69.73;62.43;65.07;NA;NA;NA;
3;15;56.47;57.07;42.94;NA;51.27;61.87;66.64;55.73;55.16;NA;NA;NA;
3;16;48;53.32;40.3;NA;46.29;47.59;51.24;57.37;28.04;NA;NA;NA;
3;17;41.04;46.61;30.53;NA;28.54;44.66;41.63;49.98;31.52;NA;NA;NA;
3;18;35.13;43.26;14.91;NA;15.91;40.27;41.5;46.21;38.47;NA;NA;NA;
3;19;26.91;37.56;16.84;NA;28.91;35.4;38.48;45.14;36.66;NA;NA;NA;
3;20;32.66;22.45;18.85;NA;21.08;20.49;37.15;35.51;20.22;NA;NA;NA;
3;21;29.34;29.75;11.24;NA;18.54;14.35;40;26.51;13.65;NA;NA;NA;
3;22;18.07;34.52;4.48;NA;22.5;7.51;49.08;27.5;23.55;NA;NA;NA;
3;23;12.23;41.75;26.31;NA;27.23;8.22;41.97;20.72;16.58;NA;NA;NA;
4;0;34.4;35.37;14.1;NA;48.3;33.79;38.34;27.46;11.14;NA;NA;NA;
4;1;40.61;38.16;57.72;NA;63.96;65.57;35.59;29.35;1;NA;NA;NA;
4;2;ND;ND;62.84;NA;57.11;62.47;47.74;29.99;10.19;NA;NA;NA;
4;3;30.15;32.56;10.03;NA;36.05;34.13;37.83;31.19;13.32;NA;NA;NA;
4;4;36.06;22.41;6.45;NA;6.12;2.54;27.46;36.23;12.4;NA;NA;NA;
4;5;20.42;18.47;5.57;NA;4.31;9.2;26.98;17.88;4.92;NA;NA;NA;
4;6;3.77;7.69;3.38;NA;6.34;7.88;24.84;5.71;4.82;NA;NA;NA;
4;7;6.81;5.88;5;NA;4.32;4.02;14.79;5.64;4.04;NA;NA;NA;
4;8;12.46;15.6;9.26;NA;3.17;13.94;39.25;15.37;6.16;NA;NA;NA;
4;9;20.11;28.27;13.54;NA;25.95;36.3;67.49;23.52;18.57;NA;NA;NA;
4;10;39.49;34.4;11.21;NA;58.56;35.12;69.75;39.46;27.81;NA;NA;NA;
4;11;56.9;39.82;19.94;NA;69.98;50.85;72.87;53.74;22.47;NA;NA;NA;
4;12;76.27;61.52;42.54;NA;52.26;49.89;75.67;75.5;68.79;NA;NA;NA;
4;13;78.82;70.69;88.76;NA;54.04;78.05;78.37;88.85;43.71;NA;NA;NA;
4;14;55.1;ND;66.71;NA;47.38;ND;48.42;94.34;91.84;NA;NA;NA;
4;15;48.07;ND;54.03;NA;50.08;ND;51.23;75.89;68.9;NA;NA;NA;
4;16;44.78;46.03;33.81;NA;35.25;ND;37.54;56.53;67.14;NA;NA;NA;
4;17;34.84;40.65;12.51;NA;24.99;22.25;35.43;41.95;50.13;NA;NA;NA;
4;18;28.8;34.86;5.15;NA;12.3;7.5;23.2;35.97;40.45;NA;NA;NA;
4;19;23.51;30.44;2.44;NA;2.16;0.97;22.54;34.73;37.25;NA;NA;NA;
4;20;12.28;28.18;1.52;NA;5.23;1.44;22.11;38.43;34.88;NA;NA;NA;
4;21;19.92;25.43;9.32;NA;8.74;1;28.15;31.69;27.87;NA;NA;NA;
4;22;18.93;22;15.81;NA;3.42;9.98;31.7;31.82;26.49;NA;NA;NA;
4;23;19.36;21;25.38;NA;8.19;13.41;31.63;34.97;23.54;NA;NA;NA;
5;0;23.43;21.97;34.08;NA;15.51;15.16;31.3;38.39;28.79;NA;NA;NA;
5;1;21.6;17.77;31.92;NA;10.38;15.09;ND;40.63;19.84;NA;NA;NA;
5;2;17.97;21.46;ND;NA;ND;15.08;29.6;38.84;21.91;NA;NA;NA;
5;3;18.24;34.17;39.58;NA;16.68;17.4;18.87;39.61;6.52;NA;NA;NA;
5;4;15.35;39.15;36.63;NA;3.41;15.09;17.99;32.98;14.26;NA;NA;NA;
5;5;15.06;29.53;32.05;NA;2.3;5.51;18.68;13.22;17;NA;NA;NA;
5;6;3.68;19.81;9.78;NA;5.46;1.97;23.99;9.67;8.85;NA;NA;NA;
5;7;4.01;16.66;17.08;NA;16.6;8.49;35.36;6.49;8.5;NA;NA;NA;
5;8;13.27;28.44;20.97;NA;24.98;25.76;52.9;21.28;26.05;NA;NA;NA;
5;9;31.84;46.84;35.99;NA;29.02;43.69;62.08;37.08;30.73;NA;NA;NA;
5;10;65.17;68.66;47.05;NA;54.01;54.09;77.02;65.3;28.06;NA;NA;NA;
5;11;77.31;66;83.45;NA;65.63;77.6;72.71;78.36;51.43;NA;NA;NA;
5;12;53.79;51.92;80.9;NA;65.21;97.62;82.62;79.34;69.47;NA;NA;NA;
5;13;47.32;45.33;ND;NA;45.54;72.03;66.19;64.89;68.16;NA;NA;NA;
5;14;50.18;52.3;43.87;NA;ND;59.29;33.49;64.61;47.32;NA;NA;NA;
5;15;49.07;56.96;12.99;NA;24.9;16.78;20.63;39.28;26.34;NA;NA;NA;
5;16;47.29;42.05;4.6;NA;38.8;17.09;36.73;39.53;33.63;NA;NA;NA;
5;17;43.14;43.74;8.7;NA;26.67;9.66;29.19;36.43;33.31;NA;NA;NA;
5;18;19.05;27.18;2.66;NA;12.59;5.31;23.81;23.53;4.23;NA;NA;NA;
5;19;20.28;20.36;0.76;NA;3;1.3;22.96;4.11;7.18;NA;NA;NA;
5;20;10.49;13.21;0.78;NA;2.7;1.52;14.83;3.37;3;NA;NA;NA;
5;21;15.27;17.34;2.07;NA;4.14;1.72;11.33;7.5;3.4;NA;NA;NA;
5;22;23.24;13.81;0.77;NA;3.02;0.78;6.37;3.21;1.1;NA;NA;NA;
5;23;9.05;14.92;1.67;NA;1.16;5.33;3.31;1.5;3.59;NA;NA;NA;
6;0;13.78;12.35;3.78;NA;0.58;2.82;12.66;1.68;8.68;NA;NA;NA;
6;1;18.47;24.96;21.48;NA;1.59;0.91;28.65;1.26;14.81;NA;NA;NA;
6;2;ND;ND;12.03;NA;2.9;4.26;29.77;1.11;13.51;NA;NA;NA;
6;3;20.62;30.07;1.38;NA;6.05;5.37;22.94;1.12;7.61;NA;NA;NA;
6;4;28.08;19.53;7.86;NA;2.66;0.55;17.55;1.02;4.42;NA;NA;NA;
6;5;19.14;0.95;9.07;NA;2.15;0.79;12.36;1.27;1.11;NA;NA;NA;
6;6;3.75;5.32;3.4;NA;4.34;2.65;7.19;2.82;2.6;NA;NA;NA;
6;7;9.28;12.76;10.17;NA;10.49;12.22;53.38;7.71;10.55;NA;NA;NA;
6;8;16.43;17.89;21.55;NA;42.05;44.19;62.1;17.83;25.24;NA;NA;NA;
6;9;20.43;43.36;25.34;NA;64.76;52.96;63.89;37.64;46.51;NA;NA;NA;
6;10;57.63;65.07;44.35;NA;78.02;56.3;79.07;67.34;66.58;NA;NA;NA;
6;11;81.45;84.81;77.02;NA;62.14;70.18;84.04;93.97;49.22;NA;NA;NA;
6;12;88.7;86.89;88.96;NA;61.58;98.59;82.07;99.75;86.47;NA;NA;NA;
6;13;73.18;71.54;74.49;NA;67.61;83.09;86;96.43;109.96;NA;NA;NA;
6;14;60.49;60.72;72.85;NA;46.57;62.52;78.71;71.78;76.34;NA;NA;NA;
6;15;53.3;50.07;31.86;NA;43.42;50.17;52.11;47.92;49.61;NA;NA;NA;
6;16;39.88;60;18.71;NA;39.92;53.75;ND;47.33;41.38;NA;NA;NA;
6;17;57.55;61.24;23.32;NA;15.09;15.01;34.62;39.59;23.5;NA;NA;NA;
6;18;62.17;49.65;8.66;NA;20.63;21.14;38.37;25.02;19.57;NA;NA;NA;
6;19;18.59;23.07;8.39;NA;35.42;8.37;46.45;11.28;5.9;NA;NA;NA;
6;20;3.02;5.96;1.51;NA;9.01;6.42;30.19;10.75;2.1;NA;NA;NA;
6;21;2.88;7.11;4.36;NA;2.27;5.73;14.04;3.46;3.63;NA;NA;NA;
6;22;2.48;2.8;1.09;NA;4.47;2.47;41.29;3.38;4.31;NA;NA;NA;
6;23;5.36;1.05;1.11;NA;3.19;5.27;23.81;4.14;3.58;NA;NA;NA;
7;0;24.96;0.94;3.98;NA;0.98;11.14;8.38;1.94;6.47;NA;NA;NA;
7;1;20.36;1.27;2.51;NA;0.77;1.51;ND;1.27;4.86;NA;NA;NA;
7;2;33.92;1.33;ND;NA;ND;1.57;55.47;1.02;6.33;NA;NA;NA;
7;3;17.66;0.95;0.94;NA;2.01;2.22;59.52;1.35;1.24;NA;NA;NA;
7;4;7.29;3.05;18.83;NA;5.22;31.72;61.23;1.18;1.08;NA;NA;NA;
7;5;2.26;2.52;17.21;NA;7;6.27;50.51;1.35;0.6;NA;NA;NA;
7;6;4.92;5.12;6.08;NA;6.13;4.04;22.32;2.93;2.42;NA;NA;NA;
7;7;14.42;14.98;10.67;NA;12.23;21.76;51.18;6.62;10;NA;NA;NA;
7;8;27.46;38.92;30.53;NA;45.5;53.03;70.63;20.8;23.23;NA;NA;NA;
7;9;43.7;47.11;33.66;NA;70.57;71.82;78.02;56.38;58.03;NA;NA;NA;
7;10;57.28;69.74;37.25;NA;75.04;70.77;86.35;79.58;78.7;NA;NA;NA;
7;11;89.56;82.45;70.26;NA;58.3;65.36;100.65;98.73;34.11;NA;NA;NA;
7;12;98.72;89.57;96.3;NA;82.55;90.26;86.15;102.97;69.04;NA;NA;NA;
7;13;94.15;89.65;97.69;NA;86.22;92.54;104.96;98.49;91.41;NA;NA;NA;
7;14;86.22;80.72;89.46;NA;82.85;90.19;96.98;99.18;84.43;NA;NA;NA;
7;15;74.49;72.75;92.12;NA;61.53;89.21;76.24;89.37;96.03;NA;NA;NA;
7;16;62.47;59.87;83.5;NA;50.56;68.49;69.7;70.1;66.14;NA;NA;NA;
7;17;51.21;52.72;30.91;NA;47.48;44.91;42.57;65.61;42.52;NA;NA;NA;
7;18;35.2;45.53;9.45;NA;25.58;21.7;30.47;56.84;48.43;NA;NA;NA;
7;19;28.89;42.3;3.16;NA;21.39;11.83;30.98;46.99;37.03;NA;NA;NA;
7;20;16.12;40.85;2.75;NA;18.34;5.18;36.42;50.34;44.46;NA;NA;NA;
7;21;18.04;31.08;2.93;NA;8.69;3.94;31.83;16.62;26.77;NA;NA;NA;
7;22;25.2;25.96;10.69;NA;7.46;3.01;38.16;36.09;1.52;NA;NA;NA;
7;23;14.75;23.23;10.83;NA;13.33;2.41;22.26;15.78;15.62;NA;NA;NA;
8;0;22.24;28.83;5.41;NA;5.82;4.48;24.8;10.4;20.42;NA;NA;NA;
8;1;22.95;40.75;1.26;NA;8.54;4.81;14.66;13.65;11.68;NA;NA;NA;
8;2;ND;ND;2.57;NA;6.95;2.21;12.11;22.15;9.79;NA;NA;NA;
8;3;16.94;25.93;11.93;NA;7.89;8.88;12.27;15.62;9.04;NA;NA;NA;
8;4;6.84;24.68;10.13;NA;3.37;5.95;6.81;6.08;4.66;NA;NA;NA;
8;5;9.09;16.02;6.6;NA;2.39;1.1;3.25;1.81;7.98;NA;NA;NA;
8;6;5.05;4.86;4.37;NA;5.25;4.51;5.55;3.3;9.73;NA;NA;NA;
8;7;15.15;6.77;7.02;NA;7.44;4.85;23.08;5.6;5.27;NA;NA;NA;
8;8;25.42;25.29;9.13;NA;10.98;5.72;37.13;9.86;8.13;NA;NA;NA;
8;9;36.44;45.91;23.37;NA;33.18;33.03;59.39;24.04;34.75;NA;NA;NA;
8;10;38.52;23.25;50.74;NA;62.25;60.23;72.96;40.17;27.15;NA;NA;NA;
8;11;60.48;54.99;63.83;NA;69.36;73.4;76.1;58.09;43.51;NA;NA;NA;
8;12;63.54;60.58;55.58;NA;52.78;59.57;74.39;74.35;40.59;NA;NA;NA;
8;13;80.24;73.27;67.5;NA;60.09;72.14;72.58;80.29;69.34;NA;NA;NA;
8;14;85.75;80.02;73.28;NA;65.29;74.4;78.15;84.87;80.17;NA;NA;NA;
8;15;86.18;73.88;66.98;NA;63.98;73.82;76.6;85.32;70.96;NA;NA;NA;
8;16;71.56;61.92;55.75;NA;49.54;63.82;63.55;76.67;55.73;NA;NA;NA;
8;17;58.45;61.63;34.98;NA;41.02;48.83;46.41;55.15;49.37;NA;NA;NA;
8;18;37.03;52.05;27.64;NA;38.63;43.82;17.64;46.56;40.53;NA;NA;NA;
8;19;39.82;42.67;31;NA;20.92;21.8;18.02;13.42;17.03;NA;NA;NA;
8;20;40.87;42.88;28.52;NA;33.05;23.45;17.92;21.68;3.31;NA;NA;NA;
8;21;38.04;43.05;26.52;NA;39.71;43.88;21.3;10.42;2.09;NA;NA;NA;
8;22;16.19;32.36;23.39;NA;40.41;33.83;37.82;5.24;2.2;NA;NA;NA;
8;23;18.32;42.19;24.23;NA;32.68;42.28;56.46;6.15;4.02;NA;NA;NA;
9;0;32.47;39.3;34.78;NA;44.71;48.34;59.7;7.33;0.99;NA;NA;NA;
9;1;43.2;43.44;41.49;NA;35.47;50.52;ND;6.73;1.3;NA;NA;NA;
9;2;34.41;23.1;ND;NA;ND;57.81;71.54;12.69;1.57;NA;NA;NA;
9;3;22.4;20.26;60.19;NA;9.92;56.19;65.43;4.9;7.38;NA;NA;NA;
9;4;26.11;29.16;38.13;NA;13.43;16.86;64.67;2.28;4.79;NA;NA;NA;
9;5;31.29;9.86;18.17;NA;3.21;23.77;47;1.27;2.42;NA;NA;NA;
9;6;9.87;12.09;49.83;NA;5.8;12.83;47.52;3.7;5.47;NA;NA;NA;
9;7;39.74;51.97;70.05;NA;30.73;21.03;68.79;11.89;16.02;NA;NA;NA;
9;8;70.32;65.67;67.34;NA;57.7;65.69;72.38;24.68;44.99;NA;NA;NA;
9;9;69.86;66.76;64.29;NA;65.77;70.52;77.92;60.64;74.07;NA;NA;NA;
9;10;78.93;76.63;68.9;NA;62.35;72.19;84.55;66.75;72.99;NA;NA;NA;
9;11;76.87;78.76;65.13;NA;62.72;70.39;75.83;64.43;61.23;NA;NA;NA;
9;12;76.42;77.34;66.25;NA;59.84;68.4;66.38;64.41;65.07;NA;NA;NA;
9;13;67.66;58.87;63.1;NA;66.83;66.04;76.62;60.19;65.79;NA;NA;NA;
9;14;59.96;54.67;57.31;NA;60.31;61.4;63.25;54.5;58.17;NA;NA;NA;
9;15;53.22;48.67;49.37;NA;54.15;56.99;54.59;52.53;51.35;NA;NA;NA;
9;16;51.19;47.96;42.36;NA;43.82;47.53;49.88;54.56;52.65;NA;NA;NA;
9;17;44.48;40.12;38.92;NA;41.61;41.28;46.07;47.8;47.36;NA;NA;NA;
9;18;31.87;35.28;31.97;NA;28.01;36.67;41.21;47.58;41.48;NA;NA;NA;
9;19;29.79;32.43;37.1;NA;23.94;23.6;33.47;36.85;39.29;NA;NA;NA;
9;20;31.33;32.01;28.37;NA;24.45;28.48;35.96;28.07;24.38;NA;NA;NA;
9;21;40.82;40.63;17.34;NA;28.17;29.53;36.4;20.56;6.75;NA;NA;NA;
9;22;40.91;38.06;23.5;NA;32.41;14.14;40.82;17.86;2.77;NA;NA;NA;
9;23;41.29;44.16;35.19;NA;35.41;17.02;42.57;44.37;1.2;NA;NA;NA;
10;0;35.46;45.6;30.01;NA;40.56;27.12;43.93;27.15;8.98;NA;NA;NA;
10;1;43.26;35.71;43.86;NA;40.38;38.55;45.8;5.41;4.97;NA;NA;NA;
10;2;ND;ND;49.69;NA;44.62;41.97;48.06;11.83;41.73;NA;NA;NA;
10;3;42.07;25.4;51.9;NA;47.38;43.43;50.83;6.1;42.77;NA;NA;NA;
10;4;46.27;7.67;52.27;NA;38.87;45.82;51.19;8.82;29.88;NA;NA;NA;
10;5;21.71;5.28;54.87;NA;42.73;43.4;51.4;5.59;16.56;NA;NA;NA;
10;6;21.5;8.4;53.88;NA;45.22;40.59;51.05;8.6;13.22;NA;NA;NA;
10;7;50.88;31.22;56.6;NA;51.29;44.64;53.38;23.96;19.36;NA;NA;NA;
10;8;66.88;49.17;65.4;NA;59.7;64.08;61.59;41.29;54.47;NA;NA;NA;
10;9;78.02;69.1;75.38;NA;76.25;81.62;71.71;63.67;71.78;NA;NA;NA;
10;10;83.98;77.58;79.57;NA;78.83;87.43;82.26;78.91;81.1;NA;NA;NA;
10;11;85;80.96;82.23;NA;83.23;89.68;81.63;78.97;86.95;NA;NA;NA;
10;12;87.79;82.53;88.22;NA;90.98;94.9;82.87;83.33;87.14;NA;NA;NA;
10;13;94.74;83.81;88.23;NA;88.71;93.76;86.95;82.83;90.53;NA;NA;NA;
10;14;90.54;83.83;88.44;NA;88.96;93.55;90.47;85.51;91.88;NA;NA;NA;
10;15;85.4;79.83;84.2;NA;86.22;91.06;90.74;82.51;87.43;NA;NA;NA;
10;16;85.95;76.26;84.61;NA;84.25;91.33;87.92;85.43;88.75;NA;NA;NA;
10;17;75.87;67.62;77.65;NA;73.21;81.66;73.4;78.85;74.33;NA;NA;NA;
10;18;58.69;57.42;63.8;NA;63.66;49.72;65.52;74.14;69.11;NA;NA;NA;
10;19;54.17;52.98;61.49;NA;65.21;45.26;72.37;75.81;60.38;NA;NA;NA;
10;20;58.34;49.49;47.6;NA;66.06;52.15;69.97;73.9;53.09;NA;NA;NA;
10;21;67.52;49.31;60.95;NA;72.03;54.3;68.59;48.53;44.71;NA;NA;NA;
10;22;79.06;50.4;71.16;NA;56.77;58.91;68.05;48.91;53.4;NA;NA;NA;
10;23;81.88;61.11;74.95;NA;65.91;65.11;72.5;58.43;49.05;NA;NA;NA;
11;0;85.3;64.19;76.87;NA;72.35;69.8;71.6;61.73;64.31;NA;NA;NA;
11;1;82.55;67.46;82.47;NA;82.97;75.45;ND;56;49.27;NA;NA;NA;
11;2;89.49;67.85;ND;NA;ND;81.33;75.98;51.68;51.48;NA;NA;NA;
11;3;91.33;75.63;88.27;NA;74.1;74.46;78.16;50.49;48.77;NA;NA;NA;
11;4;90.19;74.5;86.14;NA;67.85;71.5;74.49;40.1;61.2;NA;NA;NA;
11;5;74.06;49.5;80.97;NA;37.47;59.07;73.3;26.82;36.23;NA;NA;NA;
11;6;60.56;25.4;59.93;NA;28.6;49.81;72.82;14.42;32.77;NA;NA;NA;
11;7;58.47;47.36;56.01;NA;59.48;48.4;72.53;27.61;51.94;NA;NA;NA;
11;8;65.94;54.28;56.81;NA;70.08;64.42;73.89;51.28;61.22;NA;NA;NA;
11;9;73.27;67.09;65.09;NA;72.57;73.67;74.4;67.53;66.78;NA;NA;NA;
11;10;73.52;68.7;65.34;NA;ND;77.22;69.26;49.96;67.34;NA;NA;NA;
11;11;73.8;70.07;61.41;NA;65.63;69.02;ND;70.6;66.08;NA;NA;NA;
11;12;77.98;74.54;69.8;NA;60.88;72.58;ND;83.13;74.51;NA;NA;NA;
11;13;88.73;80.24;75.63;NA;75.72;86.36;81.44;83.06;82.3;NA;NA;NA;
11;14;87.45;81.39;77.25;NA;ND;83.65;82.39;94.53;84.62;NA;NA;NA;
11;15;97.7;90.17;87.93;NA;ND;86.99;88.25;104.05;90.98;NA;NA;NA;
11;16;94.9;89.25;77.05;NA;87.69;85.93;90.76;97.93;89.41;NA;NA;NA;
11;17;83.29;80.93;55.04;NA;82.12;73.59;89.17;92.32;81.1;NA;NA;NA;
11;18;72.69;68.96;46.32;NA;73.08;54.64;83.28;79.11;69.59;NA;NA;NA;
11;19;52.73;65.23;45.61;NA;61.88;45.24;81.13;50.71;64.84;NA;NA;NA;
11;20;49.67;60.69;57.03;NA;56.48;57.08;81.07;32.39;57.58;NA;NA;NA;
11;21;63.46;60.78;60.2;NA;64.82;55.67;84.5;32.87;67.07;NA;NA;NA;
11;22;76.39;59.33;62.44;NA;53.31;60.1;82.96;33.28;61.71;NA;NA;NA;
11;23;73.13;62.02;76.7;NA;53.52;72.11;83.4;45.08;44.87;NA;NA;NA;
12;0;69.91;67.03;79.43;NA;59.45;74.75;84.45;34.74;43.09;NA;NA;NA;
12;1;71.65;68.24;79.78;NA;67.56;73.49;83.82;30.69;32.46;NA;NA;NA;
12;2;ND;ND;86.66;NA;81.42;78.33;85.23;24.5;31.53;NA;NA;NA;
12;3;83.19;52.86;84.79;NA;76;74.52;82.41;27.59;35.38;NA;NA;NA;
12;4;79.4;42.29;82.19;NA;75.54;71.26;79.45;21.54;25.7;NA;NA;NA;
12;5;68.48;23.82;76.66;NA;66.21;60.81;76.36;9.2;18.71;NA;NA;NA;
12;6;61.41;10.77;65.26;NA;52.46;50.44;75.51;6.75;12.73;NA;NA;NA;
12;7;75.59;31.55;68.74;NA;60.01;57.24;78.18;16.82;27.61;NA;NA;NA;
12;8;85.26;48.86;77.19;NA;72.31;76.37;84.58;45.3;74.5;NA;NA;NA;
12;9;96.97;88.64;90.41;NA;93.05;95.03;94.1;79.59;94.81;NA;NA;NA;
12;10;108.8;98.32;101.82;NA;105.18;113.29;101.58;94.21;111.66;NA;NA;NA;
12;11;ND;99;83.72;NA;93.79;103.89;100.72;87.79;93.02;NA;NA;NA;
12;12;ND;95.34;79.21;NA;79.24;90.29;93.1;85.74;87.7;NA;NA;NA;
12;13;ND;94.38;74.89;NA;ND;84.95;ND;81.93;81.85;NA;NA;NA;
12;14;69.84;74.38;61.43;NA;79.96;71.78;73.57;76.23;73.2;NA;NA;NA;
12;15;63.97;69.62;59.05;NA;73.99;64.07;69.67;76.52;77.83;NA;NA;NA;
12;16;ND;67.04;61.44;NA;66.33;72.27;71.13;79.38;76.97;NA;NA;NA;
12;17;ND;59.38;45.58;NA;66.47;61.53;65.85;71.26;67.83;NA;NA;NA;
12;18;33.13;43.83;43.52;NA;47.03;41.92;58.54;66.18;53.62;NA;NA;NA;
12;19;35.02;36.01;43.74;NA;47.82;33.04;54.78;41.6;48.85;NA;NA;NA;
12;20;32.57;41.85;22.56;NA;34.85;31.16;61.35;31.16;24.61;NA;NA;NA;
12;21;33.27;35.32;47.51;NA;46.56;44.28;68.58;17.61;7.59;NA;NA;NA;
12;22;61.39;41.16;63.95;NA;66.48;53.33;74.56;12.67;25.77;NA;NA;NA;
12;23;76.33;43.36;73.78;NA;72.47;63.18;77.02;14.87;69.66;NA;NA;NA;
13;0;75.45;14.91;77.9;NA;70.3;71.03;78.33;9.95;68.08;NA;NA;NA;
13;1;62.77;14.42;77.45;NA;74.14;72.59;79.04;14.95;53.86;NA;NA;NA;
13;2;ND;2.86;ND;NA;ND;70.93;77.25;14.34;44.3;NA;NA;NA;
13;3;38.7;7.41;74.88;NA;67.23;69.02;74.4;9.69;25.91;NA;NA;NA;
13;4;21.29;8.6;72.25;NA;60.27;63.26;71.81;6.7;43.55;NA;NA;NA;
13;5;13.89;15.75;67.2;NA;61.19;47.28;68.55;2.93;36.29;NA;NA;NA;
13;6;22.74;11.13;53.96;NA;54.43;34.17;65.09;4.43;21.97;NA;NA;NA;
13;7;47.57;24.23;56.99;NA;55.07;48.66;68.28;16.19;38.08;NA;NA;NA;
13;8;61.8;42.09;60.46;NA;60.83;62.03;71.19;42.43;59.89;NA;NA;NA;
13;9;72.38;55.72;65.22;NA;65.62;68.77;73.05;59.64;66.89;NA;NA;NA;
13;10;83.57;74.18;74.62;NA;74.92;76.35;74.27;ND;79.32;NA;NA;NA;
13;11;98.31;81.69;78.98;NA;77.75;82.72;75.87;ND;86.46;NA;NA;NA;
13;12;91.93;79.09;73.33;NA;77.53;84.25;71.3;66.11;75.31;NA;NA;NA;
13;13;66.7;59.54;54.12;NA;63.82;62.59;61.03;64.07;ND;NA;NA;NA;
13;14;66.06;63.05;56.15;NA;56.53;62.7;ND;65.01;ND;NA;NA;NA;
13;15;59.62;59.11;51.61;NA;45.2;56.21;ND;64.55;ND;NA;NA;NA;
13;16;58.58;57.09;50.49;NA;31.93;49.3;ND;54.92;ND;NA;NA;NA;
13;17;54.36;51.02;52.4;NA;22.89;30.08;ND;53.17;50.61;NA;NA;NA;
13;18;43.19;39.32;18.52;NA;14.34;17.52;29.6;48.71;42.1;NA;NA;NA;
13;19;23.14;33.02;10.29;NA;17.63;7.51;25.63;45.3;40.88;NA;NA;NA;
13;20;14.57;25.98;7.25;NA;16.88;4.66;40.73;44.28;23.18;NA;NA;NA;
13;21;15.21;25.62;2.51;NA;9.6;4.85;47.6;44.45;27.02;NA;NA;NA;
13;22;26.93;ND;1.54;NA;24.14;20.85;53.33;37.89;29.55;NA;NA;NA;
13;23;21.12;ND;16.28;NA;25.28;24.27;56.59;35.85;6.56;NA;NA;NA;
14;0;25.24;37.85;4.24;NA;24.61;0.8;58.11;ND;0.2;NA;NA;NA;
14;1;24.09;36.36;3.15;NA;16.88;0.2;ND;31.97;ND;NA;NA;NA;
14;2;26.06;ND;4.3;NA;15.92;0.82;57.3;22.94;0.1;NA;NA;NA;
14;3;36.85;21.91;5.9;NA;13.78;10.26;59.59;7.96;0.26;NA;NA;NA;
14;4;22.03;20.38;5.18;NA;22.57;8;58.07;1.3;1.24;NA;NA;NA;
14;5;5.2;11.01;13.67;NA;8.5;20.41;51.85;1.28;0.49;NA;NA;NA;
14;6;4.03;4.54;24.32;NA;13.91;17.17;52.43;2.93;3.81;NA;NA;NA;
14;7;16.26;16.76;30.65;NA;45.04;30.67;54.93;5.19;12.2;NA;NA;NA;
14;8;23.8;31.09;42.54;NA;52.83;54.01;59.01;12.75;17.75;NA;NA;NA;
14;9;53.09;46.93;51.53;NA;58.32;67.15;62.73;43.26;23.86;NA;NA;NA;
14;10;76;84.08;70.29;NA;64.11;71.22;68.94;61.11;61.71;NA;NA;NA;
14;11;95.04;86.31;78.17;NA;80;79.79;82.77;92.57;88.57;NA;NA;NA;
14;12;93.86;77.91;85.33;NA;96.03;101.77;86.86;92.03;85.92;NA;NA;NA;
14;13;74.72;69.84;90.66;NA;70.1;95.8;90.42;85.47;81.76;NA;NA;NA;
14;14;61.13;57.85;71.27;NA;53.98;79.5;49.25;72.76;75.64;NA;NA;NA;
14;15;53.46;50.78;62.85;NA;40.78;66.98;49.65;64.95;58.54;NA;NA;NA;
14;16;65.69;49.46;53.37;NA;37.05;51.54;31.22;55.3;45.95;NA;NA;NA;
14;17;51.72;46.44;22.37;NA;32.83;32.57;29.2;47.96;27.81;NA;NA;NA;
14;18;32.74;37.36;25.3;NA;22.41;34.4;37.61;43.55;26.93;NA;NA;NA;
14;19;19.37;31.15;8.33;NA;6.21;19.26;17.23;42.23;14.36;NA;NA;NA;
14;20;25.92;31.48;1.97;NA;4.85;9.61;7.99;41.93;3.73;NA;NA;NA;
14;21;20.03;27.78;2.03;NA;2.41;0.59;29.6;27.33;3.03;NA;NA;NA;
14;22;21.32;19.09;1.05;NA;1.76;1.34;28.53;33.72;0.71;NA;NA;NA;
14;23;29.31;18.36;1.58;NA;7.03;1.31;31.12;17.3;0.34;NA;NA;NA;
15;0;15.54;4.26;5.52;NA;4.4;2.66;9.17;14.68;0.24;NA;NA;NA;
15;1;8.67;11.89;5.29;NA;1.21;2.41;17.22;4.08;0.69;NA;NA;NA;
15;2;ND;5.37;ND;NA;ND;0.77;48.2;5.58;0.52;NA;NA;NA;
15;3;13.43;5.8;1.13;NA;3.19;0.39;51.8;1.31;2.04;NA;NA;NA;
15;4;9.05;0.06;0.66;NA;6.74;0.77;50.64;3.07;0.45;NA;NA;NA;
15;5;7.09;0.25;3.58;NA;3.37;4.32;45.56;2.83;0.39;NA;NA;NA;
15;6;3.51;2.48;3.43;NA;5.19;3.18;38.27;2.66;2.09;NA;NA;NA;
15;7;20.06;11.31;10.85;NA;11.38;21.82;48.3;8.97;7.18;NA;NA;NA;
15;8;26.1;23.11;29.32;NA;37.11;44.43;54.6;32.81;18.82;NA;NA;NA;
15;9;47.36;43.24;48.22;NA;50.59;56.99;62.54;55.58;41.39;NA;NA;NA;
15;10;67.15;58.03;50.69;NA;52.9;56.62;63.4;73.28;58.31;NA;NA;NA;
15;11;75.51;ND;62.75;NA;56.15;54.73;68.82;84.18;75.23;NA;NA;NA;
15;12;73.63;66.61;71.3;NA;61.62;70.04;69.97;72.39;71.66;NA;NA;NA;
15;13;58.28;54.15;61.57;NA;57.97;78.99;70.12;71.38;67.28;NA;NA;NA;
15;14;48.89;50.4;60.98;NA;45.89;61.97;62.2;61.68;67.05;NA;NA;NA;
15;15;48.79;56.57;44.31;NA;38.91;55.53;50.78;61.49;66.34;NA;NA;NA;
15;16;45.95;ND;31.22;NA;31.4;43.86;43.26;52.93;55.58;NA;NA;NA;
15;17;36.82;ND;16.03;NA;26.51;33.66;31.05;46.63;37.06;NA;NA;NA;
15;18;34.27;35.87;7.54;NA;15.03;14.71;23.98;46.45;35.99;NA;NA;NA;
15;19;31.47;35.22;8.8;NA;17.61;6.1;25.19;42.99;41.98;NA;NA;NA;
15;20;30.72;35.37;3;NA;7.99;1.48;20.84;43.25;16.84;NA;NA;NA;
15;21;30.2;38.07;10.79;NA;7.25;3.99;20.14;49.02;32.53;NA;NA;NA;
15;22;35.87;37.2;7.27;NA;23.76;19.1;14.2;48.97;40.66;NA;NA;NA;
15;23;29.42;23.69;6.26;NA;16.03;14.63;15.96;47.98;32.88;NA;NA;NA;
16;0;37.55;31.6;19.23;NA;16.48;12.95;22.6;ND;39.55;NA;NA;NA;
16;1;47.34;38.54;31.24;NA;10.74;29.34;ND;49.31;ND;NA;NA;NA;
16;2;42.38;ND;24.46;NA;19.71;31.73;32.52;45.97;41.39;NA;NA;NA;
16;3;39.4;37.7;21.81;NA;15.42;22.43;30.45;49.95;39.34;NA;NA;NA;
16;4;41.67;31.17;29.02;NA;12.6;27.73;14.28;46.96;37.72;NA;NA;NA;
16;5;39.98;30.18;27.01;NA;8.24;18.98;17.53;38.77;30.71;NA;NA;NA;
16;6;25.26;9.39;13.3;NA;8.17;5.2;8.44;29.09;11.89;NA;NA;NA;
16;7;34.08;20.59;13.89;NA;10.73;10.17;15.66;40.26;20.75;NA;NA;NA;
16;8;38.28;31.09;18.09;NA;19.03;21.72;29.19;39.33;22.96;NA;NA;NA;
16;9;62.37;52.03;35.15;NA;35.86;34.87;35;32.66;33.39;NA;NA;NA;
16;10;79.37;56.68;49.45;NA;44.15;41.61;53.43;50.2;57.37;NA;NA;NA;
16;11;79.25;57.82;56.35;NA;44.38;54.96;71.63;66.41;49.21;NA;NA;NA;
16;12;61.55;58.37;64.39;NA;58.09;69.51;64.48;68.47;61.68;NA;NA;NA;
16;13;55.01;54.31;61.06;NA;46.19;68.21;59.67;67.52;61.83;NA;NA;NA;
16;14;54.99;52.67;55.32;NA;47.35;60.43;54.01;64.79;55.56;NA;NA;NA;
16;15;52.64;46.61;37.32;NA;37.15;43.79;31.05;44.64;40.62;NA;NA;NA;
16;16;56.67;45.05;33.56;NA;20.66;30.61;27.53;29.05;17.06;NA;NA;NA;
16;17;47.95;40.77;13.67;NA;21.71;10.34;23.27;34.33;4.51;NA;NA;NA;
16;18;39.7;38.4;10.91;NA;15.53;14.88;18.26;42.86;2.03;NA;NA;NA;
16;19;37.33;39.69;16.06;NA;9.23;17.56;7.26;42.32;31.3;NA;NA;NA;
16;20;32.01;40.91;13.57;NA;8.82;19.69;14.65;48.87;36.55;NA;NA;NA;
16;21;21.99;36.5;14.49;NA;8.1;13.99;22.23;48.56;35.08;NA;NA;NA;
16;22;23.48;30.33;11.71;NA;9.4;13.97;23.57;48.53;44.47;NA;NA;NA;
16;23;34.46;35.57;14.89;NA;12.99;15.96;28.58;51.88;41.52;NA;NA;NA;
17;0;38.07;30.52;24.8;NA;9.22;21.54;27.69;50.21;43;NA;NA;NA;
17;1;36.78;26.41;22.95;NA;13.96;18.49;24.13;45.38;41.41;NA;NA;NA;
17;2;ND;32.38;ND;NA;ND;15.03;20.82;44.28;40.3;NA;NA;NA;
17;3;46.44;42.36;25.6;NA;23.78;27.47;20.06;45.59;39.65;NA;NA;NA;
17;4;41.96;41.34;27.74;NA;17.51;27.57;15.24;45.86;39.51;NA;NA;NA;
17;5;40.53;35.32;23.81;NA;8.15;15.17;7.44;40.88;29.17;NA;NA;NA;
17;6;32.95;32.15;16.09;NA;6.91;5.84;12.65;37.63;27.78;NA;NA;NA;
17;7;30.85;26.75;14.2;NA;7.26;6.99;8.86;39.82;20.96;NA;NA;NA;
17;8;35.75;19.69;12.11;NA;11.97;11.59;20.19;41.52;26.44;NA;NA;NA;
17;9;50.21;36.03;19.4;NA;18.77;19.51;33.42;42.38;7.69;NA;NA;NA;
17;10;63.18;52.32;27.99;NA;25.67;23.66;50.98;42.67;6.16;NA;NA;NA;
17;11;78.71;67.54;47.6;NA;43.86;38.96;56.7;42;14.99;NA;NA;NA;
17;12;89.33;68.37;51.37;NA;33.7;64.14;61.74;34.05;40.8;NA;NA;NA;
17;13;59.35;50.57;47.61;NA;43.3;62.21;64.42;38.3;58.6;NA;NA;NA;
17;14;53.47;50.07;64.36;NA;51.74;63.25;59.06;61.38;44.54;NA;NA;NA;
17;15;50.38;44.5;44.76;NA;42.77;54.59;44.77;57.82;53.54;NA;NA;NA;
17;16;50.1;45.38;20.13;NA;29.66;40.29;27.25;48.62;27.75;NA;NA;NA;
17;17;43.92;44.87;11.9;NA;29.9;11.93;17.43;48.12;9.97;NA;NA;NA;
17;18;31.78;32.1;12.63;NA;17.94;8.92;14.21;45.48;13.1;NA;NA;NA;
17;19;29.65;32.71;15.73;NA;23.82;15.6;14.97;44.6;7.4;NA;NA;NA;
17;20;21.82;33.36;8.88;NA;6.95;14.9;18.38;43.42;12.29;NA;NA;NA;
17;21;27.51;31.36;18.09;NA;15.91;6.19;10.31;42.89;8.34;NA;NA;NA;
17;22;39.84;30.56;26.89;NA;4.47;15.92;15.01;45.84;36.96;NA;NA;NA;
17;23;42.91;33.07;30.61;NA;6.8;6.08;21.57;44.31;32.74;NA;NA;NA;
18;0;45.61;36.36;36.02;NA;12.82;10.6;29.07;ND;25.69;NA;NA;NA;
18;1;51.86;37.67;32.18;NA;6.08;3.55;ND;43;ND;NA;NA;NA;
18;2;47.45;ND;13.54;NA;10.55;10.47;37.24;35.52;19.21;NA;NA;NA;
18;3;43.04;38.79;31.75;NA;30.54;29.81;37.11;36.43;33.2;NA;NA;NA;
18;4;35.68;36.69;36.93;NA;29.66;38.29;32.4;38.77;35;NA;NA;NA;
18;5;32.08;34.5;27.05;NA;11.92;28.41;24.33;37.61;19.14;NA;NA;NA;
18;6;16.51;24.01;10.16;NA;4.28;12;18.97;28.3;7.48;NA;NA;NA;
18;7;21.76;22.12;14.39;NA;15.73;16.1;20.99;36.99;18.37;NA;NA;NA;
18;8;30.35;34.91;21.59;NA;26.5;24.83;ND;43.1;20.85;NA;NA;NA;
18;9;56.58;39.31;26.02;NA;32.76;37.17;ND;50.28;16.98;NA;NA;NA;
18;10;74.44;53.55;37.15;NA;32.83;47.7;ND;66.21;30.57;NA;NA;NA;
18;11;70.86;ND;55.3;NA;57.23;60.21;59.63;ND;45.25;NA;NA;NA;
18;12;62.78;ND;60.01;NA;48.35;70.16;60.33;ND;68.81;NA;NA;NA;
18;13;58.93;50.38;54.64;NA;44.63;55.74;ND;ND;65.2;NA;NA;NA;
18;14;55.07;46.88;53.15;NA;37.66;51.97;ND;59.12;56.61;NA;NA;NA;
18;15;52.68;44.34;52.92;NA;39.88;54.93;45.31;56.69;60.94;NA;NA;NA;
18;16;50.82;45.49;26.7;NA;26.93;42.91;42.92;48.95;41.65;NA;NA;NA;
18;17;39.85;37.87;10.74;NA;20.83;24.87;20.16;42.66;43.19;NA;NA;NA;
18;18;35.78;33.54;6.28;NA;20.22;26.49;11.94;38.77;27.3;NA;NA;NA;
18;19;32.53;29.49;8.34;NA;15.99;11.85;10.6;37.07;13.94;NA;NA;NA;
18;20;27.91;32.28;14.97;NA;13.44;10.42;13.79;37.13;12.78;NA;NA;NA;
18;21;38.28;21.26;16.43;NA;7.8;22.26;21.94;37.35;30.05;NA;NA;NA;
18;22;35.53;30.73;18.02;NA;4.33;11.23;5.14;37.43;29.25;NA;NA;NA;
18;23;30.22;30.09;22.11;NA;19.74;17.91;10.67;39.55;17.34;NA;NA;NA;
19;0;37.65;32.5;27.57;NA;20.62;23.61;25.56;38.98;33.67;NA;NA;NA;
19;1;41.79;31.93;39.64;NA;19.59;18.51;ND;39.95;37.1;NA;NA;NA;
19;2;ND;33.03;ND;NA;ND;33.64;26.57;42.03;35.82;NA;NA;NA;
19;3;41.55;32.44;37.56;NA;28.13;34.53;23.43;41.45;37.12;NA;NA;NA;
19;4;36.39;28.74;31.63;NA;23.19;32.67;20.94;37.87;37.08;NA;NA;NA;
19;5;24.61;20.63;29.16;NA;17.58;31.46;17.8;34.33;30.78;NA;NA;NA;
19;6;12.85;17.59;12.06;NA;2.86;13.68;19.13;28.53;23.06;NA;NA;NA;
19;7;12.29;19.59;3.55;NA;4.29;5.69;13.61;29.06;14.72;NA;NA;NA;
19;8;14.9;21.71;4.39;NA;15.48;19.41;7.96;30.78;25.07;NA;NA;NA;
19;9;22.89;23.4;ND;NA;12.86;11.03;9.21;29.85;26;NA;NA;NA;
19;10;42.73;34.53;ND;NA;18.29;13.01;26.71;25.51;ND;NA;NA;NA;
19;11;66.11;53.19;ND;NA;31.55;42.07;40.64;29.45;ND;NA;NA;NA;
19;12;84.18;64.04;ND;NA;46;60.69;59.11;40.18;ND;NA;NA;NA;
19;13;86.92;66.11;41.53;NA;57.94;48.75;80.51;53.48;ND;NA;NA;NA;
19;14;85.19;64.61;41.3;NA;40.64;46.14;67.45;72.13;52.2;NA;NA;NA;
19;15;56.5;49.34;38.72;NA;43.64;48.51;47.4;72.77;71.81;NA;NA;NA;
19;16;50.15;42.26;20.81;NA;36.17;42.01;44.73;63.61;58.62;NA;NA;NA;
19;17;39.17;39.11;13.47;NA;22.77;28.87;35.01;46.13;32.33;NA;NA;NA;
19;18;28.79;33.45;5.97;NA;10.28;5.57;19.48;40.6;29.45;NA;NA;NA;
19;19;40.7;28.78;18.58;NA;8.99;2.22;5.93;33.41;30.25;NA;NA;NA;
19;20;24.26;21.68;1.36;NA;12.29;1.62;0.61;24.7;26.35;NA;NA;NA;
19;21;18.68;20.11;2.71;NA;9.6;1.23;5.54;29.67;25.56;NA;NA;NA;
19;22;24.32;22.47;8.14;NA;5.64;2.97;4.35;27.83;20.85;NA;NA;NA;
19;23;32.48;24.01;13.36;NA;5.21;17.4;3.63;28.04;22.9;NA;NA;NA;
20;0;29.34;24;9.97;NA;14.55;24.61;14.03;ND;26.4;NA;NA;NA;
20;1;36.52;29.63;13.86;NA;20.1;24.33;21;31.05;ND;NA;NA;NA;
20;2;41;ND;22.24;NA;20.47;21.07;22.73;35.41;24;NA;NA;NA;
20;3;34.21;28.02;20.44;NA;30.77;18.18;21.67;33.31;28.47;NA;NA;NA;
20;4;26.75;22.17;21.37;NA;28.58;19.07;15.65;32.73;30.22;NA;NA;NA;
20;5;19.79;17.48;17.44;NA;11.16;13.41;8.77;27.7;24.66;NA;NA;NA;
20;6;16.02;9.56;11.21;NA;4.91;5.08;9.9;16.86;18.83;NA;NA;NA;
20;7;18.13;15.48;10.45;NA;11.77;7.73;20.35;18.71;12.55;NA;NA;NA;
20;8;23.57;25.5;19.24;NA;30.02;23.69;39.82;34.08;20.97;NA;NA;NA;
20;9;31.34;38.21;27.77;NA;40.22;35.77;48.2;45.53;41.41;NA;NA;NA;
20;10;66.31;56.14;38.15;NA;35.92;43.77;59.83;62.63;27.58;NA;NA;NA;
20;11;68.67;59.95;67.37;NA;45.8;ND;59.3;69.36;30.27;NA;NA;NA;
20;12;64.22;49.31;62.82;NA;40.95;ND;75.5;62.64;62.1;NA;NA;NA;
20;13;56.21;50.12;64.73;NA;46.47;ND;76.43;57.86;62.65;NA;NA;NA;
20;14;51.94;47.88;57.95;NA;38.85;ND;64.13;53.5;47.66;NA;NA;NA;
20;15;48.03;45.27;45.28;NA;38.45;ND;49.99;50.3;44;NA;NA;NA;
20;16;46.19;41.5;31.55;NA;32.36;49.92;50.85;43.1;45.14;NA;NA;NA;
20;17;42.94;38.15;13.58;NA;25.62;39.55;39.33;36.98;25.13;NA;NA;NA;
20;18;37.77;27.14;5.81;NA;15.74;8.77;11.93;32.31;14.63;NA;NA;NA;
20;19;41.56;23.26;4.09;NA;10;7.56;15.14;28.85;25.56;NA;NA;NA;
20;20;22.51;17.39;3.25;NA;11.95;5;11.97;26.79;22.07;NA;NA;NA;
20;21;19.06;22.82;2.59;NA;6.47;1.89;21.41;25.38;25.84;NA;NA;NA;
20;22;19.89;12.15;6.78;NA;5.95;3.92;10.86;13.53;7.37;NA;NA;NA;
20;23;20.55;15.08;17.93;NA;0.82;7.99;21.07;17.71;1.13;NA;NA;NA;
21;0;17.89;21.25;19.27;NA;5.46;6.04;18.75;30.31;7.78;NA;NA;NA;
21;1;18.12;18.56;18.84;NA;1.91;0.37;ND;31;17.74;NA;NA;NA;
21;2;ND;23.64;ND;NA;ND;ND;16.78;30.14;6.76;NA;NA;NA;
21;3;19.89;27.92;5.02;NA;5.32;0.45;11.16;23.43;1.63;NA;NA;NA;
21;4;18.9;28.1;0.25;NA;4.62;1.34;8.8;21.53;0.96;NA;NA;NA;
21;5;16.73;19.06;0.59;NA;5.33;1.02;6.48;12.82;1.22;NA;NA;NA;
21;6;14.76;17.31;2.94;NA;3.9;2.54;2.52;4.76;2;NA;NA;NA;
21;7;18.16;21.55;9.75;NA;11.24;6.29;14.99;14.88;4.12;NA;NA;NA;
21;8;20.33;25.95;16.88;NA;19.06;16.35;31.11;21.9;12.46;NA;NA;NA;
21;9;52.56;ND;32.24;NA;26.89;33.48;60.08;40.92;28.1;NA;NA;NA;
21;10;68.21;ND;50.78;NA;38.25;40.9;64.31;53.93;42.33;NA;NA;NA;
21;11;66.42;ND;74.87;NA;43.75;70.1;62.77;76.53;46.2;NA;NA;NA;
21;12;54.19;ND;68.36;NA;54.73;74.84;73.7;67.51;55.31;NA;NA;NA;
21;13;51.47;ND;53.4;NA;41.03;59.25;77.5;56.32;69.71;NA;NA;NA;
21;14;49.1;45;50;NA;28.48;43.04;70.58;52.5;51.81;NA;NA;NA;
21;15;45.22;39.45;48.47;NA;27.65;36.51;46.04;48.66;38.35;NA;NA;NA;
21;16;38.71;36.34;22.67;NA;26.78;29.24;35.33;38.81;35.07;NA;NA;NA;
21;17;38.08;32.42;13.36;NA;27.91;21.55;28.4;35.82;19.23;NA;NA;NA;
21;18;34.47;30.94;8.99;NA;26.47;12.49;15.93;33.03;9.01;NA;NA;NA;
21;19;29.16;28.05;6.47;NA;22.15;7.84;18;28.31;17.68;NA;NA;NA;
21;20;29.53;22.38;8.25;NA;27.88;10.46;14.55;28.83;20.06;NA;NA;NA;
21;21;20.08;28.81;8.64;NA;29.49;22.01;22.71;27.14;27.78;NA;NA;NA;
21;22;26.2;29.82;12.35;NA;30.29;15.74;21.91;23.49;27.02;NA;NA;NA;
21;23;37.27;23.38;20.15;NA;30.51;20.82;25.9;18.55;12.87;NA;NA;NA;
22;0;36.4;24.84;28.6;NA;30.15;27.86;29.06;ND;26.37;NA;NA;NA;
22;1;36.16;26.49;32.72;NA;40.87;31.79;24.9;27.84;ND;NA;NA;NA;
22;2;33.8;ND;32.02;NA;37.21;31.61;32;29.47;27.5;NA;NA;NA;
22;3;32.32;29.11;39.51;NA;34.91;35.33;30.45;27.1;23.96;NA;NA;NA;
22;4;44.18;29.17;36.79;NA;29.24;26.29;24.08;17.4;27.78;NA;NA;NA;
22;5;23.73;22.03;28.27;NA;12.08;12.96;23.63;4.39;16.77;NA;NA;NA;
22;6;11.31;17.33;10.05;NA;5.44;8.58;25.09;6.61;11.15;NA;NA;NA;
22;7;22.82;18.21;15.85;NA;11.51;17.86;23.32;15.78;24.52;NA;NA;NA;
22;8;24.43;23.37;17.89;NA;39.64;36.28;43.34;16.89;28.32;NA;NA;NA;
22;9;46.38;42.74;14.69;NA;46.5;22.66;47.95;33.07;23.05;NA;NA;NA;
22;10;50.41;44.99;34.97;NA;27.94;37.71;55.37;54.93;38.66;NA;NA;NA;
22;11;57.48;52.53;37.79;NA;39.91;40.8;51.26;67.27;57.7;NA;NA;NA;
22;12;59.74;ND;61.34;NA;46.86;61.74;51.79;71.25;65.45;NA;NA;NA;
22;13;51.24;ND;48.83;NA;41.42;50.08;49.42;55.67;56.89;NA;NA;NA;
22;14;47.73;48.38;35.88;NA;39.15;47.89;55.67;51.44;39.72;NA;NA;NA;
22;15;43.28;46.84;23.93;NA;31.59;38.23;42.86;39.42;24.78;NA;NA;NA;
22;16;37.13;39.65;24.36;NA;32.03;31.1;26.18;51.39;39.33;NA;NA;NA;
22;17;49.29;50.71;18.61;NA;21.71;19.88;23.26;35.93;31.71;NA;NA;NA;
22;18;38.33;35.19;16.2;NA;24.6;26.91;25.01;17.29;34.74;NA;NA;NA;
22;19;28.18;27.83;9.87;NA;11.84;9.75;21.18;15.41;20.16;NA;NA;NA;
22;20;19.43;19.49;9.63;NA;17.09;16.79;25.93;9.5;8.04;NA;NA;NA;
22;21;15.53;22.2;6.01;NA;14.97;3.76;35.55;7.48;4;NA;NA;NA;
22;22;18.92;25.21;11.72;NA;18.75;8.11;35.3;5.76;5.47;NA;NA;NA;
22;23;18.53;21.44;18.29;NA;14.76;10.09;30.44;4;7.66;NA;NA;NA;
23;0;18.67;4.25;12.99;NA;12.57;6.06;35.13;1.57;10.98;NA;NA;NA;
23;1;19.95;11.14;15.37;NA;11.26;6.02;ND;3.63;8.84;NA;NA;NA;
23;2;ND;3.78;20.51;NA;ND;ND;23.14;1.44;6.75;NA;NA;NA;
23;3;15.46;1.64;11.54;NA;16.08;16.76;15.27;1.11;7.28;NA;NA;NA;
23;4;7.89;1.55;12.22;NA;14.78;5.89;13.97;1.48;3.26;NA;NA;NA;
23;5;6.9;6.31;14.71;NA;15.85;11.13;6.82;1.63;3.87;NA;NA;NA;
23;6;11.49;6.77;4.49;NA;11.06;4.89;3.31;2.55;3.09;NA;NA;NA;
23;7;17.72;10.16;8.94;NA;13.43;9.09;15.8;13.36;5.63;NA;NA;NA;
23;8;35.21;28.77;25.16;NA;19.29;23.73;35.1;18.58;8.38;NA;NA;NA;
23;9;48.82;38.78;38.97;NA;30.81;37.64;75.88;35.53;27.04;NA;NA;NA;
23;10;80.12;57.33;50;NA;33.76;43.59;51.06;56.77;21.01;NA;NA;NA;
23;11;74.88;60.29;71.05;NA;70.08;73.07;44.56;79.63;31.58;NA;NA;NA;
23;12;67.79;53.43;64.3;NA;63.28;79.93;58.44;77.5;73.83;NA;NA;NA;
23;13;58.84;53.72;59;NA;39.54;59.35;65.77;64.63;68.7;NA;NA;NA;
23;14;52.21;44.63;58.84;NA;33.68;40.51;46.73;58.26;42.73;NA;NA;NA;
23;15;45.89;43.93;35.91;NA;31.42;37.08;35.66;44.88;28.23;NA;NA;NA;
23;16;41.47;43.37;16.79;NA;28.83;21.91;26.75;39.05;25.88;NA;NA;NA;
23;17;22.27;37.51;3.11;NA;19.82;11.98;21.3;28.31;26.68;NA;NA;NA;
23;18;24.41;34.86;8.45;NA;19.05;6.68;10.47;33.93;12.88;NA;NA;NA;
23;19;21.53;26.16;13.46;NA;17.1;8.07;27.94;22.14;14.35;NA;NA;NA;
23;20;22.83;25.53;18.94;NA;9.36;14.97;29.17;23.7;19.49;NA;NA;NA;
23;21;26.28;20.88;7.44;NA;15.33;11.32;18.19;8.3;1.36;NA;NA;NA;
23;22;20.9;20.78;10.18;NA;26.28;13.62;27.66;17.86;5.83;NA;NA;NA;
23;23;23.57;22.23;8.02;NA;6.59;6.74;30.57;26.45;13.13;NA;NA;NA;
24;0;23.14;20.16;8.07;NA;2.93;0.53;25.14;ND;5.43;NA;NA;NA;
24;1;24.91;20.18;9.19;NA;5.47;0.84;28.05;26.66;ND;NA;NA;NA;
24;2;27.9;ND;18.87;NA;1.25;5.37;19.53;23.95;20.41;NA;NA;NA;
24;3;23.72;22.75;20.17;NA;15.4;16;12.23;21.81;22.5;NA;NA;NA;
24;4;32.71;26.63;27.87;NA;33.14;25.68;2.4;17.23;19.46;NA;NA;NA;
24;5;26.95;18.53;28.25;NA;15.61;26.8;4.54;11.74;9.11;NA;NA;NA;
24;6;22.37;12.91;17.87;NA;10.86;11.01;10.85;4.64;3.76;NA;NA;NA;
24;7;20.89;20.18;9.74;NA;18.52;16.86;21.62;13.76;11.17;NA;NA;NA;
24;8;33.69;19.81;16.69;NA;28.51;21.64;35.46;29.66;20.36;NA;NA;NA;
24;9;39.41;35.86;26.56;NA;29.85;31.38;64.12;48.62;14.82;NA;NA;NA;
24;10;71.12;59.31;42.78;NA;37.25;38.74;54.57;68.79;42.86;NA;NA;NA;
24;11;82.17;64.85;77.78;NA;47.23;68.91;49.01;79.89;66.61;NA;NA;NA;
24;12;60.6;50.68;73.61;NA;52.06;74.12;65.71;76.64;66;NA;NA;NA;
24;13;51.37;45.11;55.05;NA;39.93;61.39;70.62;58.71;66.95;NA;NA;NA;
24;14;49.6;45.36;55.06;NA;29.04;46.49;60.13;53.63;50.01;NA;NA;NA;
24;15;45.49;38.84;39.67;NA;27.53;40.87;39.62;48.44;31.42;NA;NA;NA;
24;16;38.09;34.6;20.57;NA;22.16;27.28;27.85;36.13;31.44;NA;NA;NA;
24;17;36.65;31.13;13.74;NA;17.34;20.75;16.02;34.73;10.89;NA;NA;NA;
24;18;29.4;26.84;9.98;NA;14.25;18.01;24.63;31.59;9.43;NA;NA;NA;
24;19;25.67;24.18;10.04;NA;10.76;19.84;24.61;25.8;19.53;NA;NA;NA;
24;20;21.26;22.07;8.54;NA;35.17;15.25;35.19;19.75;20.27;NA;NA;NA;
24;21;15.34;19.47;19.73;NA;31.93;33.32;31.08;23.72;18.63;NA;NA;NA;
24;22;20.76;23.52;24.53;NA;24.84;20.88;23.92;23;18.81;NA;NA;NA;
24;23;26.63;15.07;2.11;NA;11.32;0.54;35.09;21.76;18.33;NA;NA;NA;
25;0;26.27;21.72;1.59;NA;12.37;3.16;18.14;20.51;3.72;NA;NA;NA;
25;1;23.51;15;5.92;NA;31.15;13.54;ND;13.22;6.48;NA;NA;NA;
25;2;ND;8.61;15.66;NA;ND;ND;24.73;11.11;10.12;NA;NA;NA;
25;3;13.87;3.27;20.69;NA;15.52;13.55;25.32;9.47;5.15;NA;NA;NA;
25;4;34.11;15.92;21.7;NA;21.38;15.77;29.42;7.14;5.4;NA;NA;NA;
25;5;18.95;11.34;23.28;NA;14.56;19.95;9.76;6.13;4.17;NA;NA;NA;
25;6;6.22;5.59;7.07;NA;4.4;3.51;10.35;3.21;2.68;NA;NA;NA;
25;7;13.26;15.18;2.75;NA;8.45;4;14.08;6.4;7.58;NA;NA;NA;
25;8;12.2;20.61;7.27;NA;21.47;10.66;32.65;6.34;19.25;NA;NA;NA;
25;9;16.4;23;12.65;NA;27.23;28.01;36.22;20.77;27.35;NA;NA;NA;
25;10;24.64;26.97;14.57;NA;34.07;33.39;40.11;35.11;43.26;NA;NA;NA;
25;11;45.19;46.67;27;NA;57.5;46.02;62.93;50.26;32.98;NA;NA;NA;
25;12;70.64;61.57;52.67;NA;57.21;49.68;82.03;69.37;27.29;NA;NA;NA;
25;13;66.61;59.57;67.03;NA;40.17;61.51;66.11;77.16;40.91;NA;NA;NA;
25;14;51.56;46.46;46.45;NA;30.33;59.52;44.64;71.77;62.33;NA;NA;NA;
25;15;42.52;ND;28.71;NA;33.02;40.81;52.13;53.09;56.71;NA;NA;NA;
25;16;39.99;ND;17.17;NA;24.7;23.66;31.43;46.96;33.28;NA;NA;NA;
25;17;37.36;35.08;11.77;NA;20.65;9.2;25.44;43.5;18.89;NA;NA;NA;
25;18;28.88;32.6;3.2;NA;13.75;6.19;34.98;28.19;16;NA;NA;NA;
25;19;18.68;22.87;1.28;NA;7.64;5.11;29.7;22.5;11.83;NA;NA;NA;
25;20;16.38;18.98;2.43;NA;5.9;1.34;19.17;24.88;14.06;NA;NA;NA;
25;21;14.16;15.21;3.32;NA;5.57;2.93;19.69;5.76;15.98;NA;NA;NA;
25;22;8.83;6.49;1.11;NA;7.65;1.14;5.97;6.19;11.04;NA;NA;NA;
25;23;6.02;2;5.02;NA;4.06;2.63;16.02;8.29;5.4;NA;NA;NA;
26;0;6.3;4.48;0.86;NA;2.37;1.62;15.66;ND;1.89;NA;NA;NA;
26;1;10.57;11.11;0.73;NA;3.9;1.2;8.28;7.06;ND;NA;NA;NA;
26;2;8.62;13.57;1.25;NA;4.42;1.11;11.32;4.54;5.78;NA;NA;NA;
26;3;9.5;13.75;0.68;NA;4.32;0.48;7.94;2.36;4.27;NA;NA;NA;
26;4;8.57;7.09;0.7;NA;3.74;0.8;5.15;2.7;1.01;NA;NA;NA;
26;5;4.45;10.95;0.72;NA;1.45;1.42;4.85;1.41;0.61;NA;NA;NA;
26;6;4.44;7.38;2.07;NA;3.43;2.6;3.88;2.83;2.02;NA;NA;NA;
26;7;8.8;17.89;7.21;NA;5.9;4.44;13.48;5.4;5.79;NA;NA;NA;
26;8;23.98;32.45;19.12;NA;16.01;15.07;34.28;17.6;16.7;NA;NA;NA;
26;9;44.87;44.22;28.31;NA;26.95;32.98;53.89;44.76;37.88;NA;NA;NA;
26;10;72.19;65.46;34.46;NA;46.76;41.11;65.62;60.74;57.59;NA;NA;NA;
26;11;84.75;73.52;51.37;NA;63.97;47.11;70.57;69.93;71.09;NA;NA;NA;
26;12;68.43;63.36;63.54;NA;55.62;58.8;67.28;ND;58.86;NA;NA;NA;
26;13;59.8;57.19;57.79;NA;ND;68.74;49.68;67.72;59.43;NA;NA;NA;
26;14;47.96;46.79;22.1;NA;ND;49.85;39.17;52.92;43.09;NA;NA;NA;
26;15;32.11;39.38;10.98;NA;22.24;11.54;ND;29.26;21.96;NA;NA;NA;
26;16;34.06;35.22;10.23;NA;13.59;12.8;17.86;31.74;26.02;NA;NA;NA;
26;17;27.55;28.52;4.74;NA;11.3;9.64;23.42;8.23;9.66;NA;NA;NA;
26;18;17.38;25.42;2.08;NA;9.69;5.33;8.15;20.24;5.47;NA;NA;NA;
26;19;7.41;21.12;0.98;NA;9.92;6.21;17.16;28.02;0.96;NA;NA;NA;
26;20;12.31;18.46;1.5;NA;3.77;0.66;9.78;27.78;9.12;NA;NA;NA;
26;21;6.3;18.87;0.9;NA;3.03;1.77;20.65;21.4;4.69;NA;NA;NA;
26;22;4.69;6.29;0.41;NA;1.23;0.84;20.93;15.38;3.17;NA;NA;NA;
26;23;7.68;10.02;2.76;NA;18.1;4.07;6.85;25.38;2.32;NA;NA;NA;
27;0;13.07;13.57;4.3;NA;13.68;8.32;19.48;18.88;13;NA;NA;NA;
27;1;16.41;15.12;6.08;NA;9.32;9.02;ND;18.3;12.65;NA;NA;NA;
27;2;ND;14.52;4.68;NA;ND;ND;22.73;18.51;14.35;NA;NA;NA;
27;3;12.24;13.31;3.16;NA;10.23;4.68;18.85;6.68;8.5;NA;NA;NA;
27;4;10.79;5.73;2.67;NA;8.63;5.5;24.76;6.27;3.67;NA;NA;NA;
27;5;6.9;8.5;2.35;NA;4.57;2.57;10.64;2.06;0.93;NA;NA;NA;
27;6;6.16;5.91;2.63;NA;5.44;3.85;2.86;3.68;2.67;NA;NA;NA;
27;7;13.51;13.32;5.81;NA;8.28;7.65;6.53;12.5;8.58;NA;NA;NA;
27;8;23.75;24;13.83;NA;30.08;21.64;25.13;16.27;17.9;NA;NA;NA;
27;9;46.65;33.91;30.21;NA;29.91;33.78;42.8;35.96;27.97;NA;NA;NA;
27;10;68.93;59.76;48.93;NA;40.74;46.11;54.39;60.52;ND;NA;NA;NA;
27;11;65.63;71.1;73.28;NA;50.7;71.39;55.96;81.65;ND;NA;NA;NA;
27;12;60.5;52.58;67.11;NA;50.74;69.99;43.71;76.41;67.18;NA;NA;NA;
27;13;46.87;50.32;ND;NA;40.18;57.15;47.56;55.91;56.13;NA;NA;NA;
27;14;34.57;38.43;ND;NA;28.19;35.04;46.61;46.92;45.01;NA;NA;NA;
27;15;29.81;35.24;16.07;NA;38.98;37.61;32.82;37.2;39.23;NA;NA;NA;
27;16;33.79;40.97;14.03;NA;45.03;43.82;37.8;32.44;34.07;NA;NA;NA;
27;17;33.1;38.32;14.43;NA;40.2;30.24;17.51;32.29;21.02;NA;NA;NA;
27;18;16.19;25.26;6.29;NA;24.48;13.48;13.55;23;18.83;NA;NA;NA;
27;19;15.14;24.11;3.2;NA;3.51;11.78;10.35;20.46;22.57;NA;NA;NA;
27;20;9.5;22.47;4.43;NA;2.85;2.45;13.03;22.62;19.37;NA;NA;NA;
27;21;10.87;18.78;5.77;NA;1.89;0.83;7.64;25.18;15.5;NA;NA;NA;
27;22;9.96;18.77;1.46;NA;1.13;5.81;6.14;25.28;19.62;NA;NA;NA;
27;23;11.93;18.03;2.66;NA;3.41;7.68;9.74;27.39;18.99;NA;NA;NA;
28;0;21.42;16.95;13.2;NA;11.98;10.94;13.77;ND;10.48;NA;NA;NA;
28;1;24.14;14.88;17.86;NA;9.24;15.51;ND;28.64;ND;NA;NA;NA;
28;2;17.75;18.42;ND;NA;6.3;1.72;9.18;28.1;0.45;NA;NA;NA;
28;3;14.54;11.59;0.32;NA;3.89;0.28;11.84;23.59;3.3;NA;NA;NA;
28;4;6.5;5.23;0.25;NA;2.53;0.55;14.4;16.99;3.53;NA;NA;NA;
28;5;3.2;13.87;0.45;NA;2.33;0.59;10.17;7.55;4.23;NA;NA;NA;
28;6;3.03;5.94;2.05;NA;5.9;1.93;11.96;5.71;4.7;NA;NA;NA;
28;7;9.48;7.85;4.73;NA;7.77;6.15;11.74;15.08;9.26;NA;NA;NA;
28;8;16.51;23.4;17.1;NA;24.57;18.56;34.44;14.83;26.36;NA;NA;NA;
28;9;31.92;49.71;30.58;NA;36.77;33.65;40.76;33.4;45.07;NA;NA;NA;
28;10;ND;61.77;28.14;NA;37.16;28.7;64.06;55.5;30.9;NA;NA;NA;
28;11;51.38;62.47;59.96;NA;34.6;53.2;59.63;65.25;55.72;NA;NA;NA;
28;12;45.71;49.62;67.07;NA;42.61;65.76;48.89;72.05;70.42;NA;NA;NA;
28;13;40.84;46.51;78.97;NA;39.38;48.65;51.67;52.69;70.22;NA;NA;NA;
28;14;39.7;45.55;42.39;NA;40.22;ND;48.9;45.82;53.71;NA;NA;NA;
28;15;39.67;44.53;46.67;NA;37.14;47.68;46.4;45.71;47.01;NA;NA;NA;
28;16;41.56;43.77;39.69;NA;32.61;40.11;45.51;40.67;39.39;NA;NA;NA;
28;17;41.51;40.69;18.26;NA;25.89;35.22;35.52;36.88;30.19;NA;NA;NA;
28;18;31.54;33.2;11.23;NA;22.55;18.61;26.79;32.43;23.55;NA;NA;NA;
28;19;23.19;27.41;3.85;NA;11.68;5.98;25.85;28.57;28.94;NA;NA;NA;
28;20;22.03;28.32;7.55;NA;1.73;7.58;15.67;29.6;27.09;NA;NA;NA;
28;21;19.57;23.06;9.05;NA;3.99;8.06;11.75;27.45;23.06;NA;NA;NA;
28;22;16.73;23.15;7.97;NA;4.7;5.12;15.76;19.15;26.23;NA;NA;NA;
28;23;24.85;23.63;15.02;NA;0.74;3.17;16.58;25.53;21.21;NA;NA;NA;
29;0;28.23;22.32;17.82;NA;2.86;4.64;20.47;23.79;20.78;NA;NA;NA;
29;1;27.39;24.13;16.2;NA;5.34;10.81;24.42;19.19;19.25;NA;NA;NA;
29;2;ND;19.1;ND;NA;ND;ND;20.44;13.01;9.93;NA;NA;NA;
29;3;21.22;16.63;9.72;NA;7.38;3.38;12.37;10.7;0;NA;NA;NA;
29;4;15.74;15.14;5.68;NA;9.07;3.89;20.6;8.09;2.19;NA;NA;NA;
29;5;13.02;3.08;0.94;NA;4.33;6.1;17.46;2.75;0.41;NA;NA;NA;
29;6;12.13;4.32;2.76;NA;4.53;4;8.01;4.22;1.19;NA;NA;NA;
29;7;18.12;15.7;11.79;NA;12.34;9.39;32.44;8.8;5.24;NA;NA;NA;
29;8;32.76;22.33;16.32;NA;21.38;20.48;36.24;27.26;13.44;NA;NA;NA;
29;9;46.84;39.58;23.93;NA;34.2;31.49;55.11;47.68;32.74;NA;NA;NA;
29;10;65.3;68.65;45.92;NA;40.93;44.59;84.83;74.94;55.19;NA;NA;NA;
29;11;63.59;75.94;76.82;NA;54.85;69.33;62.11;92.96;48.04;NA;NA;NA;
29;12;44.57;58.14;60.93;NA;40.53;63.1;45.51;94.67;96.77;NA;NA;NA;
29;13;42.57;49.46;59.31;NA;38.94;52.44;48.86;62.45;61.68;NA;NA;NA;
29;14;39.32;48.42;53.96;NA;42.22;52.9;50.74;56.5;48.49;NA;NA;NA;
29;15;43.91;48.33;49.93;NA;45.15;52.82;52.15;49.46;49.87;NA;NA;NA;
29;16;41.66;49.1;38.07;NA;40.53;46.37;47.39;51.15;41.25;NA;NA;NA;
29;17;31.09;45.95;19.76;NA;29.97;43.09;33.32;46.28;19.28;NA;NA;NA;
29;18;15.2;37.72;13.96;NA;24.48;19.4;22.36;39.19;15.31;NA;NA;NA;
29;19;19.83;33.87;9.86;NA;10.73;16.75;22.3;34.79;31.48;NA;NA;NA;
29;20;12.39;21.74;7.17;NA;4.97;6.98;16.72;35.79;30.87;NA;NA;NA;
29;21;18.65;17.46;9.7;NA;9.89;8.39;28.13;37.64;15.12;NA;NA;NA;
29;22;10;28.84;9.6;NA;3.84;0.98;31.97;41.01;15.85;NA;NA;NA;
29;23;5.73;29.66;18.29;NA;3.03;0.53;30.73;37.02;32.06;NA;NA;NA;
30;0;15.41;32.23;15.67;NA;1.47;8.01;17.93;ND;15.65;NA;NA;NA;
30;1;25.3;26.86;24.52;NA;11.91;24.18;ND;29.17;ND;NA;NA;NA;
30;2;23.68;24.12;26.08;NA;22.03;32.94;1.2;29.44;18.89;NA;NA;NA;
30;3;14.75;17.21;10.55;NA;22.78;20.92;1.31;22.6;8.54;NA;NA;NA;
30;4;6.36;6.66;3.36;NA;3.85;4.17;10.03;12.17;8.66;NA;NA;NA;
30;5;1.34;1.73;1.25;NA;1.06;2.84;3.98;10.14;1.85;NA;NA;NA;
30;6;2.15;2.88;1.77;NA;2.38;1.91;5.73;4.81;2.43;NA;NA;NA;
30;7;3.44;5.76;4.53;NA;5.08;3.26;6.26;7.72;6.07;NA;NA;NA;
30;8;7.59;17.07;6.26;NA;6.93;5.25;21.31;12.34;9.32;NA;NA;NA;
30;9;21.78;27.37;17.17;NA;20.51;18.25;49.65;26.31;20.23;NA;NA;NA;
30;10;36.97;39.03;22.69;NA;35.25;27.66;50.85;47.47;5.65;NA;NA;NA;
30;11;58.64;64.54;49.44;NA;46.71;44.41;43.76;63.71;22.88;NA;NA;NA;
30;12;63.8;77.25;72.37;NA;61.57;68.99;66.87;79.44;33.37;NA;NA;NA;
30;13;51.98;65.49;70.3;NA;56.94;77.59;57.58;97.51;60.45;NA;NA;NA;
30;14;44.57;52.22;65.06;NA;36.84;53.77;57.37;84.3;79.66;NA;NA;NA;
30;15;41.25;46.78;44.43;NA;37.4;45.68;49.91;68.49;53.76;NA;NA;NA;
30;16;39.42;44.86;42.68;NA;34.85;39.69;44.26;45.69;44.98;NA;NA;NA;
30;17;31.46;43.57;15.59;NA;25.79;30.48;30.94;40.32;22.19;NA;NA;NA;
30;18;19.6;35.9;14.65;NA;19.99;20.66;13.29;35.22;7.08;NA;NA;NA;
30;19;18.3;31.18;14.71;NA;17.82;9.44;18.5;30.37;18.8;NA;NA;NA;
30;20;14.34;13.25;16.26;NA;6.82;9.77;17.3;31.13;25.67;NA;NA;NA;
30;21;13.61;29.78;16.52;NA;11.54;20.83;14.45;34.63;20.7;NA;NA;NA;
30;22;7.73;22.7;5.69;NA;8.02;9.35;11.79;19.33;26.86;NA;NA;NA;
30;23;6;26.69;5.46;NA;3.63;2.93;11.72;8.62;11.21;NA;NA;NA;
31;0;2.81;24.01;1.05;NA;4.32;1.87;17.56;5.25;0.2;NA;NA;NA;
31;1;2.09;17.7;0.54;NA;1.85;3.42;21.42;8.13;0.18;NA;NA;NA;
31;2;ND;15.97;ND;NA;ND;2.78;13.85;5.16;2.63;NA;NA;NA;
31;3;13.93;3.05;2.92;NA;4.3;2.04;5.27;3.83;1.57;NA;NA;NA;
31;4;9.37;1.73;7.62;NA;3.34;4.91;6.36;2.53;0.13;NA;NA;NA;
31;5;9.38;1.77;3.11;NA;1.5;9.38;12.02;1.6;0.3;NA;NA;NA;
31;6;7.59;5.38;6.95;NA;2.37;7.19;12.41;3.14;3.48;NA;NA;NA;
31;7;17.36;17.36;16.95;NA;13.79;19.5;45.82;10.14;14.34;NA;NA;NA;
31;8;36.42;37.56;34.41;NA;34.75;41.14;54.29;17.12;28.79;NA;NA;NA;
31;9;65.93;49.37;55.83;NA;50.78;58.66;63.14;42.98;53.06;NA;NA;NA;
31;10;86.1;75.44;75.5;NA;67.53;76.84;72.83;71.94;35.96;NA;NA;NA;
31;11;83.42;79.68;92.04;NA;65.2;73.59;87.26;87.81;36.7;NA;NA;NA;
31;12;66.51;70.81;87.74;NA;57.96;86.8;74.41;86.91;70.69;NA;NA;NA;
31;13;54.2;59.75;66.5;NA;57.52;71.88;73.22;71.43;75.4;NA;NA;NA;
31;14;49.57;57.61;54.44;NA;ND;54.71;58.16;61.66;55.82;NA;NA;NA;
31;15;47.05;55.41;58.23;NA;46.2;50.16;55.92;59.46;50.34;NA;NA;NA;
31;16;43.97;51.74;56.35;NA;41.66;49.84;44.55;53.75;47.64;NA;NA;NA;
31;17;38.99;47.28;38.31;NA;34.92;44.21;29.85;51.2;38.48;NA;NA;NA;
31;18;33.72;44.71;30.69;NA;32.82;39.69;25.96;47.43;46.27;NA;NA;NA;
31;19;32.03;44.23;30.47;NA;22.36;33.57;24.69;48.35;35.82;NA;NA;NA;
31;20;29.34;40.85;28.31;NA;25.82;25.25;30.11;47.73;24.95;NA;NA;NA;
31;21;29.54;39.75;27.91;NA;9.37;12.56;37.53;49.19;40.78;NA;NA;NA;
31;22;21.53;35.63;27.94;NA;5.95;12.88;33.26;46.18;27.73;NA;NA;NA;
31;23;25.93;35.73;33.09;NA;11.77;11.11;32.89;36.15;13.51;NA;NA;NA;
