DIA;HORA;Cotocollao;Carapungo;Belisario;Jipijapa;El Camal;Centro;Guamaní;Tumbaco;Los Chillos;El Condado;Turubamba;Chillogallo;
1;0;0.57;ND;ND;NA;ND;0.86;0.26;NA;ND;NA;NA;NA;
1;1;0.49;0.35;0.32;NA;0.62;0.78;0.26;NA;ND;NA;NA;NA;
1;2;0.49;0.31;0.35;NA;0.67;0.61;0.27;NA;ND;NA;NA;NA;
1;3;0.46;0.29;0.36;NA;0.64;0.58;0.27;NA;ND;NA;NA;NA;
1;4;0.42;0.3;0.39;NA;0.62;0.6;0.29;NA;ND;NA;NA;NA;
1;5;0.48;0.42;0.46;NA;0.85;0.8;0.61;NA;ND;NA;NA;NA;
1;6;0.83;0.68;0.71;NA;1.72;1.44;1.52;NA;ND;NA;NA;NA;
1;7;0.99;1.02;1.14;NA;1.56;1.92;0.92;NA;ND;NA;NA;NA;
1;8;1.24;0.83;1.49;NA;1.17;1.37;0.84;NA;ND;NA;NA;NA;
1;9;0.61;0.61;1.13;NA;0.98;0.97;0.37;NA;ND;NA;NA;NA;
1;10;0.39;0.6;0.81;NA;0.79;0.85;0.4;NA;ND;NA;NA;NA;
1;11;0.31;0.58;0.64;NA;0.73;0.65;0.39;NA;ND;NA;NA;NA;
1;12;0.38;0.67;ND;NA;0.91;0.65;0.51;NA;ND;NA;NA;NA;
1;13;0.35;0.65;ND;NA;1.09;0.77;0.62;NA;ND;NA;NA;NA;
1;14;0.37;0.64;0.45;NA;0.86;0.69;0.46;NA;ND;NA;NA;NA;
1;15;0.37;0.66;0.71;NA;0.88;0.66;0.48;NA;ND;NA;NA;NA;
1;16;0.39;0.63;0.87;NA;0.94;0.65;0.54;NA;ND;NA;NA;NA;
1;17;0.43;0.6;0.98;NA;0.92;0.66;0.6;NA;ND;NA;NA;NA;
1;18;0.53;0.65;1.3;NA;0.93;1.1;0.6;NA;ND;NA;NA;NA;
1;19;0.56;0.58;1.35;NA;0.91;1.28;0.5;NA;ND;NA;NA;NA;
1;20;0.71;0.59;1.01;NA;0.95;1.15;0.39;NA;ND;NA;NA;NA;
1;21;0.61;0.47;0.88;NA;0.65;0.93;0.33;NA;ND;NA;NA;NA;
1;22;0.52;0.42;0.74;NA;0.59;1.14;0.34;NA;ND;NA;NA;NA;
1;23;0.76;0.46;0.74;NA;0.49;0.88;0.46;NA;ND;NA;NA;NA;
2;0;ND;0.35;0.56;NA;0.39;ND;ND;NA;ND;NA;NA;NA;
2;1;0.5;0.36;0.34;NA;0.35;0.41;0.22;NA;ND;NA;NA;NA;
2;2;0.46;0.38;0.29;NA;0.3;0.35;0.22;NA;ND;NA;NA;NA;
2;3;0.47;0.37;0.32;NA;0.4;0.42;0.22;NA;ND;NA;NA;NA;
2;4;0.47;0.32;0.37;NA;0.53;0.41;0.23;NA;ND;NA;NA;NA;
2;5;0.53;0.51;0.47;NA;0.8;0.6;0.27;NA;ND;NA;NA;NA;
2;6;0.89;0.94;1.28;NA;1.49;1.26;0.47;NA;ND;NA;NA;NA;
2;7;1.23;1.43;1.62;NA;1.53;1.59;0.4;NA;ND;NA;NA;NA;
2;8;1.3;1.23;1.29;NA;0.89;1.36;0.38;NA;ND;NA;NA;NA;
2;9;1.25;0.93;1.19;NA;0.53;0.77;0.3;NA;ND;NA;NA;NA;
2;10;0.91;0.76;0.85;NA;0.54;0.62;0.29;NA;ND;NA;NA;NA;
2;11;0.61;0.64;0.76;NA;0.81;0.95;0.36;NA;ND;NA;NA;NA;
2;12;0.46;0.75;0.78;NA;1.13;0.89;0.53;NA;ND;NA;NA;NA;
2;13;0.39;0.71;1.08;NA;1.08;0.86;0.76;NA;ND;NA;NA;NA;
2;14;0.41;0.6;1.02;NA;0.73;0.96;0.72;NA;ND;NA;NA;NA;
2;15;0.49;0.68;0.95;NA;0.73;0.88;0.65;NA;ND;NA;NA;NA;
2;16;0.78;0.59;1.05;NA;0.99;0.64;0.59;NA;ND;NA;NA;NA;
2;17;0.7;0.79;1.49;NA;1.21;0.76;0.8;NA;ND;NA;NA;NA;
2;18;0.9;0.95;1.46;NA;1.52;1.37;0.81;NA;ND;NA;NA;NA;
2;19;1.05;1.29;1.64;NA;1.73;1.71;1.13;NA;ND;NA;NA;NA;
2;20;1.11;0.85;1.74;NA;2.26;1.83;1.7;NA;ND;NA;NA;NA;
2;21;1.06;0.62;1.17;NA;1.91;2.75;1.41;NA;ND;NA;NA;NA;
2;22;0.69;0.38;1.32;NA;1.9;2.37;0.77;NA;ND;NA;NA;NA;
2;23;0.46;0.47;1.45;NA;0.91;1.71;0.76;NA;ND;NA;NA;NA;
3;0;0.42;ND;ND;NA;ND;1.2;1.04;NA;ND;NA;NA;NA;
3;1;0.45;0.55;1.02;NA;1.29;1.51;0.71;NA;ND;NA;NA;NA;
3;2;0.51;0.52;1.08;NA;1.31;1.54;0.53;NA;ND;NA;NA;NA;
3;3;0.63;0.49;1.08;NA;1.39;1.51;0.4;NA;ND;NA;NA;NA;
3;4;0.72;0.44;1.01;NA;1.17;1.43;0.68;NA;ND;NA;NA;NA;
3;5;0.79;0.59;1.12;NA;1.36;1.59;1.11;NA;ND;NA;NA;NA;
3;6;1.03;0.88;1.04;NA;2.06;2.31;1.22;NA;ND;NA;NA;NA;
3;7;1.39;1.09;1.7;NA;2.31;2.55;1.01;NA;ND;NA;NA;NA;
3;8;1.38;1.05;2.03;NA;1.84;2.2;1.13;NA;ND;NA;NA;NA;
3;9;1.1;0.85;1.73;NA;2.15;2.39;0.95;NA;ND;NA;NA;NA;
3;10;0.62;0.62;1.01;NA;1.76;1.38;0.57;NA;ND;NA;NA;NA;
3;11;0.51;0.58;0.73;NA;1.2;0.89;0.78;NA;ND;NA;NA;NA;
3;12;0.45;0.59;0.71;NA;1.3;0.85;0.77;NA;ND;NA;NA;NA;
3;13;0.41;0.6;0.65;NA;1.12;0.93;0.67;NA;ND;NA;NA;NA;
3;14;0.4;0.64;0.99;NA;0.91;0.96;0.69;NA;ND;NA;NA;NA;
3;15;0.37;0.63;0.97;NA;0.77;1.1;0.81;NA;ND;NA;NA;NA;
3;16;0.45;0.81;0.79;NA;0.77;1.05;0.57;NA;ND;NA;NA;NA;
3;17;0.59;0.75;1.1;NA;1.28;1.27;0.73;NA;ND;NA;NA;NA;
3;18;0.66;0.95;0.93;NA;1.47;1.43;0.88;NA;ND;NA;NA;NA;
3;19;0.75;0.7;1.06;NA;1.21;1.59;0.89;NA;ND;NA;NA;NA;
3;20;0.7;0.55;0.78;NA;1.68;1.5;0.49;NA;ND;NA;NA;NA;
3;21;0.64;0.6;0.89;NA;1.36;1.68;0.61;NA;ND;NA;NA;NA;
3;22;0.6;0.39;0.72;NA;1.7;1.46;0.74;NA;ND;NA;NA;NA;
3;23;0.55;0.35;0.7;NA;2.15;1.3;0.57;NA;ND;NA;NA;NA;
4;0;ND;0.34;0.74;NA;1.41;ND;ND;NA;ND;NA;NA;NA;
4;1;0.41;0.32;0.67;NA;1.09;1.36;0.43;NA;ND;NA;NA;NA;
4;2;0.47;0.37;0.53;NA;1.15;1.03;0.64;NA;ND;NA;NA;NA;
4;3;0.45;0.3;0.63;NA;1.13;0.72;0.62;NA;ND;NA;NA;NA;
4;4;0.48;0.28;0.49;NA;0.98;0.6;0.77;NA;ND;NA;NA;NA;
4;5;0.47;0.31;0.38;NA;1.15;0.67;0.57;NA;ND;NA;NA;NA;
4;6;0.5;0.37;0.48;NA;1.35;0.92;0.63;NA;ND;NA;NA;NA;
4;7;0.62;0.53;0.68;NA;1.53;1.14;0.53;NA;ND;NA;NA;NA;
4;8;0.66;0.52;0.7;NA;1.14;0.94;0.47;NA;ND;NA;NA;NA;
4;9;0.63;0.65;0.68;NA;0.82;0.7;0.48;NA;ND;NA;NA;NA;
4;10;0.56;0.77;0.7;NA;0.85;0.68;0.41;NA;ND;NA;NA;NA;
4;11;0.47;0.71;0.59;NA;0.91;0.67;0.5;NA;ND;NA;NA;NA;
4;12;0.42;0.69;0.47;NA;1.24;0.56;0.57;NA;ND;NA;NA;NA;
4;13;0.37;0.64;0.73;NA;1.15;0.7;0.49;NA;ND;NA;NA;NA;
4;14;0.37;0.68;0.6;NA;0.76;0.74;0.56;NA;ND;NA;NA;NA;
4;15;0.38;0.58;0.59;NA;0.83;0.59;0.53;NA;ND;NA;NA;NA;
4;16;0.63;0.56;0.75;NA;0.71;0.68;0.64;NA;ND;NA;NA;NA;
4;17;0.53;0.58;0.77;NA;0.75;1;0.68;NA;ND;NA;NA;NA;
4;18;0.67;0.59;0.84;NA;1;1.07;0.79;NA;ND;NA;NA;NA;
4;19;0.78;0.51;0.76;NA;1.4;1.07;0.68;NA;ND;NA;NA;NA;
4;20;0.66;0.45;1.11;NA;1.28;1.09;0.5;NA;ND;NA;NA;NA;
4;21;0.65;0.51;0.66;NA;1.57;1.36;0.47;NA;ND;NA;NA;NA;
4;22;0.56;0.4;0.43;NA;1.45;1.07;0.55;NA;ND;NA;NA;NA;
4;23;0.49;0.35;0.44;NA;1.44;0.98;0.5;NA;ND;NA;NA;NA;
5;0;0.43;ND;ND;NA;ND;0.71;0.41;NA;ND;NA;NA;NA;
5;1;0.38;0.3;0.4;NA;0.96;0.58;0.33;NA;ND;NA;NA;NA;
5;2;0.4;0.3;0.39;NA;0.92;0.61;0.44;NA;ND;NA;NA;NA;
5;3;0.38;0.28;0.36;NA;0.99;0.73;0.47;NA;ND;NA;NA;NA;
5;4;0.37;0.28;0.4;NA;0.89;0.59;0.39;NA;ND;NA;NA;NA;
5;5;0.45;0.4;0.36;NA;1.02;0.71;0.9;NA;ND;NA;NA;NA;
5;6;0.74;0.67;0.82;NA;1.7;1.52;1.25;NA;ND;NA;NA;NA;
5;7;0.95;0.66;1.2;NA;2.28;1.51;0.79;NA;ND;NA;NA;NA;
5;8;0.95;0.72;1.42;NA;1.32;1.39;0.83;NA;ND;NA;NA;NA;
5;9;0.84;0.73;1.25;NA;1.24;1.29;0.56;NA;ND;NA;NA;NA;
5;10;0.67;0.74;1.12;NA;1.17;0.98;0.5;NA;ND;NA;NA;NA;
5;11;0.47;0.66;0.81;NA;1.22;0.93;0.7;NA;ND;NA;NA;NA;
5;12;0.39;0.59;0.59;NA;1.18;1.02;0.47;NA;ND;NA;NA;NA;
5;13;0.35;0.61;0.6;NA;0.92;0.72;ND;NA;ND;NA;NA;NA;
5;14;0.38;0.58;0.85;NA;ND;0.47;0.39;NA;ND;NA;NA;NA;
5;15;0.35;0.54;1.02;NA;ND;0.54;0.39;NA;ND;NA;NA;NA;
5;16;0.35;0.49;0.81;NA;0.42;0.58;0.43;NA;ND;NA;NA;NA;
5;17;0.43;0.52;0.82;NA;0.4;0.72;0.44;NA;ND;NA;NA;NA;
5;18;0.6;0.51;0.85;NA;0.78;0.59;0.48;NA;ND;NA;NA;NA;
5;19;0.54;0.49;0.65;NA;0.73;0.83;0.52;NA;ND;NA;NA;NA;
5;20;0.65;0.44;0.68;NA;1.06;0.74;0.5;NA;ND;NA;NA;NA;
5;21;0.58;0.45;0.62;NA;1.2;0.58;0.55;NA;ND;NA;NA;NA;
5;22;0.95;0.66;0.59;NA;0.81;0.94;0.52;NA;ND;NA;NA;NA;
5;23;0.86;0.56;0.7;NA;0.91;0.99;0.36;NA;ND;NA;NA;NA;
6;0;ND;0.43;0.47;NA;0.71;ND;ND;NA;ND;NA;NA;NA;
6;1;0.56;0.38;0.46;NA;0.48;0.5;0.38;NA;ND;NA;NA;NA;
6;2;0.53;0.39;0.53;NA;0.25;0.47;0.31;NA;ND;NA;NA;NA;
6;3;0.47;0.35;0.51;NA;0.27;0.49;0.29;NA;ND;NA;NA;NA;
6;4;0.49;0.33;0.39;NA;0.36;0.52;0.34;NA;ND;NA;NA;NA;
6;5;0.51;0.34;0.38;NA;0.5;0.62;0.4;NA;ND;NA;NA;NA;
6;6;0.54;0.49;0.49;NA;0.85;1.06;0.49;NA;ND;NA;NA;NA;
6;7;0.68;0.52;0.43;NA;0.68;0.79;0.5;NA;ND;NA;NA;NA;
6;8;0.68;0.47;0.5;NA;0.74;0.75;0.39;NA;ND;NA;NA;NA;
6;9;0.66;0.62;0.5;NA;0.55;0.69;0.39;NA;ND;NA;NA;NA;
6;10;0.59;0.7;0.55;NA;0.43;0.67;0.5;NA;ND;NA;NA;NA;
6;11;0.51;0.66;0.54;NA;0.53;0.72;0.49;NA;ND;NA;NA;NA;
6;12;0.4;0.68;0.43;NA;0.77;0.71;0.44;NA;ND;NA;NA;NA;
6;13;0.38;0.64;0.47;NA;0.69;0.62;0.43;NA;ND;NA;NA;NA;
6;14;0.38;0.67;0.56;NA;0.5;0.67;0.4;NA;ND;NA;NA;NA;
6;15;0.35;0.64;0.5;NA;0.44;0.59;0.4;NA;ND;NA;NA;NA;
6;16;0.4;0.61;0.72;NA;0.36;0.62;0.43;NA;ND;NA;NA;NA;
6;17;0.5;0.57;0.58;NA;0.52;0.66;0.47;NA;ND;NA;NA;NA;
6;18;0.67;0.7;0.6;NA;0.65;0.74;0.49;NA;ND;NA;NA;NA;
6;19;0.71;0.46;0.7;NA;1.03;0.78;0.42;NA;ND;NA;NA;NA;
6;20;0.53;0.42;0.56;NA;0.94;0.77;0.4;NA;ND;NA;NA;NA;
6;21;0.53;0.4;0.54;NA;0.56;0.6;0.36;NA;ND;NA;NA;NA;
6;22;0.51;0.42;ND;NA;0.33;0.53;0.31;NA;ND;NA;NA;NA;
6;23;0.58;0.43;ND;NA;0.37;0.72;0.27;NA;ND;NA;NA;NA;
7;0;0.57;ND;ND;NA;ND;0.5;0.24;NA;ND;NA;NA;NA;
7;1;0.5;0.28;0.33;NA;0.14;0.48;0.28;NA;ND;NA;NA;NA;
7;2;0.47;0.26;0.33;NA;0.14;0.39;0.3;NA;ND;NA;NA;NA;
7;3;0.49;0.24;0.3;NA;0.14;0.36;0.25;NA;ND;NA;NA;NA;
7;4;0.5;0.29;0.31;NA;0.18;0.34;0.24;NA;ND;NA;NA;NA;
7;5;0.7;0.44;0.41;NA;0.35;0.47;0.49;NA;ND;NA;NA;NA;
7;6;1.73;1.65;0.7;NA;0.9;1.16;1.21;NA;ND;NA;NA;NA;
7;7;1.52;1.51;1.17;NA;1.48;1.71;1.17;NA;ND;NA;NA;NA;
7;8;0.97;1.05;1.4;NA;1.21;1.28;0.56;NA;ND;NA;NA;NA;
7;9;0.73;0.68;1.09;NA;0.69;0.82;0.33;NA;ND;NA;NA;NA;
7;10;0.51;0.69;0.96;NA;0.71;0.94;0.45;NA;ND;NA;NA;NA;
7;11;0.41;0.61;0.55;NA;0.78;0.93;0.51;NA;ND;NA;NA;NA;
7;12;0.43;0.67;0.68;NA;0.79;0.73;0.64;NA;ND;NA;NA;NA;
7;13;0.44;0.87;0.68;NA;0.68;0.59;0.66;NA;ND;NA;NA;NA;
7;14;0.42;0.63;0.88;NA;0.56;0.67;0.58;NA;ND;NA;NA;NA;
7;15;0.54;0.52;1.25;NA;0.48;0.9;0.5;NA;ND;NA;NA;NA;
7;16;0.41;0.52;1.41;NA;0.48;1.14;0.63;NA;ND;NA;NA;NA;
7;17;0.46;0.52;1.93;NA;0.43;0.65;0.74;NA;ND;NA;NA;NA;
7;18;0.43;0.62;1.55;NA;0.6;1.06;0.84;NA;ND;NA;NA;NA;
7;19;0.41;0.49;1.26;NA;0.7;1.03;0.95;NA;ND;NA;NA;NA;
7;20;0.53;0.49;1.2;NA;1.07;0.97;0.69;NA;ND;NA;NA;NA;
7;21;0.44;0.41;0.94;NA;0.76;0.8;0.6;NA;ND;NA;NA;NA;
7;22;0.42;0.35;0.58;NA;0.5;0.64;0.44;NA;ND;NA;NA;NA;
7;23;0.35;0.31;0.43;NA;0.3;0.63;0.45;NA;ND;NA;NA;NA;
8;0;ND;0.29;0.38;NA;0.21;ND;ND;NA;ND;NA;NA;NA;
8;1;0.34;0.26;0.28;NA;0.2;0.33;0.31;NA;ND;NA;NA;NA;
8;2;0.31;0.25;0.24;NA;0.16;0.36;0.27;NA;ND;NA;NA;NA;
8;3;0.32;0.24;0.23;NA;0.16;0.3;0.26;NA;ND;NA;NA;NA;
8;4;0.35;0.25;0.25;NA;0.2;0.3;0.29;NA;ND;NA;NA;NA;
8;5;0.55;0.39;0.29;NA;0.35;0.33;0.37;NA;ND;NA;NA;NA;
8;6;0.91;0.96;1;NA;0.63;1.12;0.93;NA;ND;NA;NA;NA;
8;7;1.22;0.9;1.16;NA;0.65;1.45;0.7;NA;ND;NA;NA;NA;
8;8;1.44;0.63;1.43;NA;1.02;1.31;0.45;NA;ND;NA;NA;NA;
8;9;1.51;0.69;1.23;NA;1.02;1.07;0.41;NA;ND;NA;NA;NA;
8;10;0.97;0.75;1.23;NA;0.91;ND;0.46;NA;ND;NA;NA;NA;
8;11;0.66;0.69;1.26;NA;0.88;1.04;0.53;NA;ND;NA;NA;NA;
8;12;0.49;0.49;0.97;NA;0.75;0.93;0.54;NA;ND;NA;NA;NA;
8;13;0.47;0.38;0.69;NA;0.69;0.65;0.67;NA;ND;NA;NA;NA;
8;14;0.41;0.39;0.71;NA;0.76;0.65;0.75;NA;ND;NA;NA;NA;
8;15;0.42;0.47;0.98;NA;0.72;0.8;0.68;NA;ND;NA;NA;NA;
8;16;0.44;0.47;1.05;NA;0.68;0.9;0.67;NA;ND;NA;NA;NA;
8;17;0.49;0.51;1.39;NA;0.73;0.9;0.92;NA;ND;NA;NA;NA;
8;18;0.62;0.54;1.3;NA;0.72;1;0.86;NA;ND;NA;NA;NA;
8;19;0.61;0.39;1.11;NA;0.74;0.81;0.72;NA;ND;NA;NA;NA;
8;20;0.58;0.37;0.89;NA;0.83;0.87;0.57;NA;ND;NA;NA;NA;
8;21;0.57;0.39;0.81;NA;0.5;0.71;0.54;NA;ND;NA;NA;NA;
8;22;0.6;0.37;0.92;NA;0.58;0.73;0.52;NA;ND;NA;NA;NA;
8;23;0.48;0.29;0.57;NA;0.48;0.53;0.43;NA;ND;NA;NA;NA;
9;0;0.44;ND;ND;NA;ND;0.55;0.39;NA;ND;NA;NA;NA;
9;1;0.43;0.23;0.36;NA;0.26;0.45;0.37;NA;ND;NA;NA;NA;
9;2;0.4;0.21;0.33;NA;0.23;0.36;0.36;NA;ND;NA;NA;NA;
9;3;0.43;0.19;0.32;NA;0.25;0.34;0.34;NA;ND;NA;NA;NA;
9;4;0.42;0.2;0.34;NA;0.32;0.34;0.41;NA;ND;NA;NA;NA;
9;5;0.48;0.3;0.39;NA;0.44;0.38;0.4;NA;ND;NA;NA;NA;
9;6;0.91;0.65;0.93;NA;1.17;0.81;0.5;NA;ND;NA;NA;NA;
9;7;0.98;0.79;1.57;NA;1.06;1.19;0.66;NA;ND;NA;NA;NA;
9;8;0.67;0.73;1.46;NA;0.81;1.03;0.52;NA;ND;NA;NA;NA;
9;9;0.62;0.55;0.94;NA;0.81;1;0.48;NA;ND;NA;NA;NA;
9;10;0.5;0.55;0.79;NA;0.77;0.93;0.53;NA;ND;NA;NA;NA;
9;11;0.42;0.52;0.67;NA;0.54;0.73;0.41;NA;ND;NA;NA;NA;
9;12;0.41;0.46;0.49;NA;0.52;0.55;0.36;NA;ND;NA;NA;NA;
9;13;0.42;0.56;0.47;NA;0.53;0.5;0.43;NA;ND;NA;NA;NA;
9;14;0.42;0.47;0.58;NA;0.76;0.65;0.62;NA;ND;NA;NA;NA;
9;15;0.45;0.46;0.64;NA;0.7;0.6;0.71;NA;ND;NA;NA;NA;
9;16;0.46;0.46;0.98;NA;0.66;0.81;0.86;NA;ND;NA;NA;NA;
9;17;0.59;0.48;1.34;NA;0.73;0.91;0.96;NA;ND;NA;NA;NA;
9;18;0.56;0.66;1.5;NA;0.9;0.87;1.23;NA;ND;NA;NA;NA;
9;19;0.77;0.48;1.45;NA;0.99;1.02;0.79;NA;ND;NA;NA;NA;
9;20;0.9;0.51;1.13;NA;0.97;1.15;0.73;NA;ND;NA;NA;NA;
9;21;0.84;0.44;0.94;NA;1.06;0.96;0.61;NA;ND;NA;NA;NA;
9;22;0.54;0.39;0.86;NA;0.84;0.92;0.51;NA;ND;NA;NA;NA;
9;23;0.48;0.35;0.62;NA;0.48;0.86;0.49;NA;ND;NA;NA;NA;
10;0;ND;0.31;0.63;NA;0.48;ND;ND;NA;ND;NA;NA;NA;
10;1;0.59;0.27;0.49;NA;0.39;0.63;0.48;NA;ND;NA;NA;NA;
10;2;0.46;0.24;0.42;NA;0.49;0.56;0.36;NA;ND;NA;NA;NA;
10;3;0.48;0.27;0.41;NA;0.56;0.58;0.48;NA;ND;NA;NA;NA;
10;4;0.53;0.27;0.48;NA;0.51;0.55;0.78;NA;ND;NA;NA;NA;
10;5;0.89;0.31;0.59;NA;1.01;1.07;1.35;NA;ND;NA;NA;NA;
10;6;0.72;0.54;0.66;NA;2.21;1.48;2.19;NA;ND;NA;NA;NA;
10;7;0.86;0.44;1.21;NA;2.38;2.09;0.73;NA;ND;NA;NA;NA;
10;8;0.91;0.54;1.51;NA;0.86;1.66;0.28;NA;ND;NA;NA;NA;
10;9;0.8;0.57;0.83;NA;0.88;0.71;0.32;NA;ND;NA;NA;NA;
10;10;0.51;0.53;0.58;NA;0.64;0.6;0.33;NA;ND;NA;NA;NA;
10;11;0.43;0.45;0.5;NA;0.53;0.52;0.31;NA;ND;NA;NA;NA;
10;12;0.42;0.5;0.54;NA;0.6;0.65;0.53;NA;ND;NA;NA;NA;
10;13;0.4;0.63;0.54;NA;0.76;0.71;0.59;NA;ND;NA;NA;NA;
10;14;0.43;0.47;0.54;NA;0.77;0.61;0.6;NA;ND;NA;NA;NA;
10;15;0.42;0.52;0.51;NA;0.77;0.67;0.63;NA;ND;NA;NA;NA;
10;16;0.46;0.54;0.59;NA;0.77;0.71;0.79;NA;ND;NA;NA;NA;
10;17;0.49;0.57;0.81;NA;0.91;0.74;0.75;NA;ND;NA;NA;NA;
10;18;0.71;0.55;0.98;NA;0.87;0.74;0.76;NA;ND;NA;NA;NA;
10;19;0.7;0.54;1.07;NA;0.98;1;0.78;NA;ND;NA;NA;NA;
10;20;0.77;0.47;0.78;NA;0.84;0.75;0.57;NA;ND;NA;NA;NA;
10;21;0.83;0.43;0.63;NA;0.93;0.71;0.47;NA;ND;NA;NA;NA;
10;22;0.75;0.59;0.59;NA;0.81;0.59;0.48;NA;ND;NA;NA;NA;
10;23;0.76;0.44;0.71;NA;0.61;0.75;0.45;NA;ND;NA;NA;NA;
11;0;0.66;ND;ND;NA;ND;0.66;0.45;NA;ND;NA;NA;NA;
11;1;0.56;0.37;0.45;NA;0.42;0.48;0.34;NA;ND;NA;NA;NA;
11;2;0.59;0.34;0.49;NA;0.5;0.64;0.39;NA;ND;NA;NA;NA;
11;3;0.51;0.28;0.5;NA;0.52;0.47;0.3;NA;ND;NA;NA;NA;
11;4;0.47;0.3;0.42;NA;0.68;0.75;0.37;NA;ND;NA;NA;NA;
11;5;0.64;0.31;0.46;NA;0.8;0.9;0.62;NA;ND;NA;NA;NA;
11;6;0.94;0.36;0.63;NA;1.37;1.4;0.66;NA;ND;NA;NA;NA;
11;7;0.68;0.5;0.91;NA;1.13;1.42;0.81;NA;ND;NA;NA;NA;
11;8;0.71;0.65;0.96;NA;1.03;1.03;0.45;NA;ND;NA;NA;NA;
11;9;0.59;0.51;0.82;NA;0.87;0.88;0.33;NA;ND;NA;NA;NA;
11;10;0.39;0.38;0.6;NA;0.67;0.68;0.43;NA;ND;NA;NA;NA;
11;11;0.35;0.42;0.47;NA;0.58;0.52;0.37;NA;ND;NA;NA;NA;
11;12;0.4;0.48;0.39;NA;0.53;0.45;0.49;NA;ND;NA;NA;NA;
11;13;0.41;0.51;0.49;NA;0.79;0.54;0.53;NA;ND;NA;NA;NA;
11;14;0.4;0.49;0.4;NA;0.69;0.54;0.57;NA;ND;NA;NA;NA;
11;15;0.38;0.5;0.43;NA;0.79;0.49;0.63;NA;ND;NA;NA;NA;
11;16;0.41;0.5;0.62;NA;0.62;0.54;0.57;NA;ND;NA;NA;NA;
11;17;0.48;0.47;0.63;NA;0.52;0.56;0.5;NA;ND;NA;NA;NA;
11;18;0.57;0.46;0.64;NA;0.59;0.61;0.5;NA;ND;NA;NA;NA;
11;19;0.64;0.49;0.73;NA;0.76;0.69;0.42;NA;ND;NA;NA;NA;
11;20;0.59;0.42;0.6;NA;0.62;0.64;0.53;NA;ND;NA;NA;NA;
11;21;0.57;0.38;0.46;NA;0.43;0.47;0.49;NA;ND;NA;NA;NA;
11;22;0.49;0.33;0.44;NA;0.37;0.45;0.39;NA;ND;NA;NA;NA;
11;23;0.45;0.3;0.39;NA;0.33;0.37;0.39;NA;ND;NA;NA;NA;
12;0;ND;0.27;0.32;NA;0.28;ND;ND;NA;ND;NA;NA;NA;
12;1;0.34;0.25;0.28;NA;0.27;0.33;0.3;NA;ND;NA;NA;NA;
12;2;0.33;0.23;0.27;NA;0.27;0.31;0.33;NA;ND;NA;NA;NA;
12;3;0.33;0.22;0.27;NA;0.27;0.3;0.33;NA;ND;NA;NA;NA;
12;4;0.35;0.23;0.29;NA;0.28;0.31;0.34;NA;ND;NA;NA;NA;
12;5;0.41;0.26;0.35;NA;0.4;0.34;0.39;NA;ND;NA;NA;NA;
12;6;0.68;0.41;0.76;NA;1.02;0.63;0.5;NA;ND;NA;NA;NA;
12;7;0.71;0.44;1.14;NA;1.22;0.92;0.51;NA;ND;NA;NA;NA;
12;8;0.86;0.59;1.22;NA;0.67;0.76;0.43;NA;ND;NA;NA;NA;
12;9;0.75;0.53;0.84;NA;0.63;0.71;0.43;NA;ND;NA;NA;NA;
12;10;0.54;0.49;0.85;NA;0.67;0.84;0.43;NA;ND;NA;NA;NA;
12;11;0.44;0.44;0.77;NA;ND;0.68;0.48;NA;ND;NA;NA;NA;
12;12;0.43;0.51;0.74;NA;ND;0.68;0.58;NA;ND;NA;NA;NA;
12;13;0.41;0.55;0.6;NA;0.79;0.72;0.63;NA;ND;NA;NA;NA;
12;14;0.41;0.42;0.69;NA;0.54;0.69;0.62;NA;ND;NA;NA;NA;
12;15;0.44;0.47;0.86;NA;0.61;0.69;0.61;NA;ND;NA;NA;NA;
12;16;0.41;0.44;0.99;NA;0.53;0.75;0.65;NA;ND;NA;NA;NA;
12;17;0.51;0.41;1.21;NA;0.52;0.59;0.73;NA;ND;NA;NA;NA;
12;18;0.56;0.46;1.34;NA;0.43;0.9;0.8;NA;ND;NA;NA;NA;
12;19;0.66;0.46;0.96;NA;0.39;0.99;0.76;NA;ND;NA;NA;NA;
12;20;0.6;0.42;0.79;NA;0.42;0.88;0.8;NA;ND;NA;NA;NA;
12;21;0.5;0.34;0.67;NA;0.5;0.65;0.65;NA;ND;NA;NA;NA;
12;22;0.47;0.28;0.55;NA;0.51;0.47;0.44;NA;ND;NA;NA;NA;
12;23;0.39;0.26;0.39;NA;0.46;0.46;0.36;NA;ND;NA;NA;NA;
13;0;0.36;ND;ND;NA;ND;0.37;0.45;NA;ND;NA;NA;NA;
13;1;0.35;0.19;0.25;NA;0.14;0.31;0.4;NA;ND;NA;NA;NA;
13;2;0.34;0.19;0.26;NA;0.14;0.28;0.34;NA;ND;NA;NA;NA;
13;3;0.33;0.18;0.24;NA;0.12;0.31;0.35;NA;ND;NA;NA;NA;
13;4;0.38;0.22;0.25;NA;0.16;0.28;0.33;NA;ND;NA;NA;NA;
13;5;0.45;0.36;0.29;NA;0.34;0.36;0.41;NA;ND;NA;NA;NA;
13;6;0.87;0.74;0.61;NA;1.01;0.94;0.66;NA;ND;NA;NA;NA;
13;7;1.13;0.81;0.96;NA;0.7;1.12;0.64;NA;ND;NA;NA;NA;
13;8;1.31;0.58;1.08;NA;0.65;1.03;0.45;NA;ND;NA;NA;NA;
13;9;1.37;0.47;1.18;NA;0.71;0.94;0.47;NA;ND;NA;NA;NA;
13;10;1.01;0.44;0.93;NA;0.65;0.73;0.44;NA;ND;NA;NA;NA;
13;11;0.52;0.49;0.83;NA;0.61;0.93;0.53;NA;ND;NA;NA;NA;
13;12;0.45;0.51;0.94;NA;0.68;0.81;0.6;NA;ND;NA;NA;NA;
13;13;0.39;0.63;1.07;NA;0.77;0.76;0.61;NA;ND;NA;NA;NA;
13;14;0.4;0.44;1.01;NA;0.64;0.66;0.5;NA;ND;NA;NA;NA;
13;15;0.41;0.51;1.19;NA;0.63;0.87;0.63;NA;ND;NA;NA;NA;
13;16;0.99;0.45;1.56;NA;0.55;1;0.8;NA;ND;NA;NA;NA;
13;17;1.2;0.49;1.43;NA;0.64;0.96;0.6;NA;ND;NA;NA;NA;
13;18;0.86;0.42;1.6;NA;0.72;1.08;0.68;NA;ND;NA;NA;NA;
13;19;0.65;0.48;1.19;NA;0.8;0.87;0.66;NA;ND;NA;NA;NA;
13;20;0.62;0.43;0.86;NA;0.76;0.66;0.63;NA;ND;NA;NA;NA;
13;21;0.7;0.5;0.87;NA;0.86;0.55;0.52;NA;ND;NA;NA;NA;
13;22;0.63;0.38;0.7;NA;0.98;0.85;0.4;NA;ND;NA;NA;NA;
13;23;0.57;0.3;0.53;NA;0.89;0.68;0.39;NA;ND;NA;NA;NA;
14;0;ND;0.21;0.45;NA;0.61;ND;ND;NA;ND;NA;NA;NA;
14;1;0.41;0.21;0.4;NA;0.33;0.5;0.35;NA;ND;NA;NA;NA;
14;2;0.36;0.19;0.4;NA;0.2;0.39;0.33;NA;ND;NA;NA;NA;
14;3;0.32;0.18;0.34;NA;0.15;0.36;0.33;NA;ND;NA;NA;NA;
14;4;0.34;0.17;0.33;NA;0.16;0.28;0.4;NA;ND;NA;NA;NA;
14;5;0.41;0.25;0.39;NA;0.3;0.33;0.44;NA;ND;NA;NA;NA;
14;6;0.86;0.65;0.72;NA;1.18;0.7;0.76;NA;ND;NA;NA;NA;
14;7;1.38;1.32;1.52;NA;1.72;1.28;0.59;NA;ND;NA;NA;NA;
14;8;1.54;0.74;1.27;NA;1.25;1.27;0.45;NA;ND;NA;NA;NA;
14;9;0.96;0.51;1.39;NA;0.58;0.99;0.38;NA;ND;NA;NA;NA;
14;10;0.75;0.49;ND;NA;0.5;0.81;0.43;NA;ND;NA;NA;NA;
14;11;0.62;0.43;ND;NA;1.09;1.58;0.71;NA;ND;NA;NA;NA;
14;12;0.67;0.59;ND;NA;0.99;1.33;0.76;NA;ND;NA;NA;NA;
14;13;ND;0.57;0.69;NA;0.72;0.94;0.59;NA;ND;NA;NA;NA;
14;14;ND;0.45;1.1;NA;0.92;1.47;0.68;NA;ND;NA;NA;NA;
14;15;ND;0.57;1.38;NA;0.71;1.79;0.83;NA;ND;NA;NA;NA;
14;16;ND;0.48;0.69;NA;0.69;1.5;0.7;NA;ND;NA;NA;NA;
14;17;0.55;0.41;1.16;NA;1.75;1.49;0.72;NA;ND;NA;NA;NA;
14;18;0.67;0.53;1.67;NA;1.37;1.05;0.78;NA;ND;NA;NA;NA;
14;19;0.69;0.61;1.59;NA;1.57;1.1;0.84;NA;ND;NA;NA;NA;
14;20;0.64;0.46;1.21;NA;1.12;1.27;0.75;NA;ND;NA;NA;NA;
14;21;0.6;0.59;1.27;NA;0.99;1.3;0.57;NA;ND;NA;NA;NA;
14;22;0.93;0.69;1.26;NA;1.22;1.13;0.47;NA;ND;NA;NA;NA;
14;23;0.71;0.62;1.1;NA;0.59;1.02;0.39;NA;ND;NA;NA;NA;
15;0;0.58;ND;ND;NA;ND;0.91;0.38;NA;ND;NA;NA;NA;
15;1;0.36;0.29;0.42;NA;0.22;0.47;0.32;NA;ND;NA;NA;NA;
15;2;0.28;0.2;0.34;NA;0.19;0.46;0.29;NA;ND;NA;NA;NA;
15;3;0.19;0.14;0.29;NA;0.12;0.34;0.29;NA;ND;NA;NA;NA;
15;4;0.22;0.14;0.27;NA;0.19;0.3;0.34;NA;ND;NA;NA;NA;
15;5;0.29;0.18;0.28;NA;0.3;0.35;0.58;NA;ND;NA;NA;NA;
15;6;0.95;0.8;0.85;NA;1.28;1.13;0.84;NA;ND;NA;NA;NA;
15;7;1.65;1.46;1.27;NA;1.87;2.29;1.06;NA;ND;NA;NA;NA;
15;8;1.27;0.89;1.22;NA;1.11;1.48;0.72;NA;ND;NA;NA;NA;
15;9;1.02;0.61;1.04;NA;0.77;1.32;0.41;NA;ND;NA;NA;NA;
15;10;0.59;0.55;0.96;NA;0.76;0.92;0.49;NA;ND;NA;NA;NA;
15;11;0.44;0.48;1;NA;0.69;0.8;0.5;NA;ND;NA;NA;NA;
15;12;0.49;0.44;0.96;NA;0.75;0.89;0.76;NA;ND;NA;NA;NA;
15;13;0.38;0.45;0.69;NA;0.79;0.65;0.71;NA;ND;NA;NA;NA;
15;14;0.43;0.37;0.92;NA;0.59;0.63;0.68;NA;ND;NA;NA;NA;
15;15;0.4;0.29;0.99;NA;0.62;0.77;0.72;NA;ND;NA;NA;NA;
15;16;0.43;0.28;1.13;NA;0.54;0.97;0.78;NA;ND;NA;NA;NA;
15;17;0.47;0.32;1.09;NA;0.85;1.04;0.62;NA;ND;NA;NA;NA;
15;18;0.6;0.34;1.44;NA;0.88;0.98;0.69;NA;ND;NA;NA;NA;
15;19;0.65;0.44;1.56;NA;1.21;0.92;0.79;NA;ND;NA;NA;NA;
15;20;0.73;0.28;1.23;NA;1.26;0.95;0.64;NA;ND;NA;NA;NA;
15;21;0.58;0.25;0.95;NA;0.86;0.84;0.53;NA;ND;NA;NA;NA;
15;22;0.5;0.18;0.68;NA;0.41;0.63;0.43;NA;ND;NA;NA;NA;
15;23;0.46;0.18;0.46;NA;0.43;0.51;0.41;NA;ND;NA;NA;NA;
16;0;0.45;0.22;0.5;NA;0.49;ND;ND;NA;ND;NA;NA;NA;
16;1;0.33;0.13;0.37;NA;0.23;0.37;0.32;NA;ND;NA;NA;NA;
16;2;0.32;0.1;0.34;NA;0.26;0.33;0.3;NA;ND;NA;NA;NA;
16;3;0.29;0.11;0.3;NA;0.24;0.27;0.3;NA;ND;NA;NA;NA;
16;4;0.33;0.15;0.29;NA;0.26;0.27;0.3;NA;ND;NA;NA;NA;
16;5;0.44;0.29;0.36;NA;0.51;0.31;0.41;NA;ND;NA;NA;NA;
16;6;1.14;0.9;0.79;NA;1.02;0.88;0.47;NA;ND;NA;NA;NA;
16;7;1.24;0.84;1.31;NA;1.26;1.46;0.51;NA;ND;NA;NA;NA;
16;8;1.16;0.83;1.45;NA;0.8;1.35;0.46;NA;ND;NA;NA;NA;
16;9;0.96;0.57;1.32;NA;0.67;1.16;0.48;NA;ND;NA;NA;NA;
16;10;0.53;0.58;1.15;NA;0.69;1.11;0.5;NA;ND;NA;NA;NA;
16;11;0.48;0.45;1.05;NA;0.73;0.87;0.52;NA;ND;NA;NA;NA;
16;12;0.39;0.59;0.76;NA;0.75;0.62;0.68;NA;ND;NA;NA;NA;
16;13;0.4;0.43;0.81;NA;0.93;0.73;0.77;NA;ND;NA;NA;NA;
16;14;0.41;0.4;0.88;NA;0.71;0.83;0.64;NA;ND;NA;NA;NA;
16;15;0.42;0.35;1.66;NA;0.51;0.56;0.65;NA;ND;NA;NA;NA;
16;16;0.47;0.34;1.71;NA;0.56;1.13;0.82;NA;ND;NA;NA;NA;
16;17;0.56;0.34;1.79;NA;0.84;0.84;0.99;NA;ND;NA;NA;NA;
16;18;0.71;0.34;1.71;NA;0.74;1.16;0.91;NA;ND;NA;NA;NA;
16;19;0.83;0.53;1.38;NA;1.38;1.3;0.77;NA;ND;NA;NA;NA;
16;20;0.95;0.74;1.37;NA;1.48;1.58;0.53;NA;ND;NA;NA;NA;
16;21;0.93;0.44;1.03;NA;0.55;1.17;0.39;NA;ND;NA;NA;NA;
16;22;0.91;0.36;1;NA;0.46;0.62;0.45;NA;ND;NA;NA;NA;
16;23;0.76;0.58;0.77;NA;0.65;0.72;0.52;NA;ND;NA;NA;NA;
17;0;ND;ND;ND;NA;ND;0.59;0.44;NA;ND;NA;NA;NA;
17;1;0.56;0.27;0.47;NA;0.49;0.45;0.42;NA;ND;NA;NA;NA;
17;2;0.5;0.23;0.43;NA;0.44;0.42;0.44;NA;ND;NA;NA;NA;
17;3;0.44;0.18;0.53;NA;0.42;0.38;0.43;NA;ND;NA;NA;NA;
17;4;0.41;0.18;0.53;NA;0.46;0.45;0.46;NA;ND;NA;NA;NA;
17;5;0.43;0.21;0.45;NA;0.48;0.43;0.56;NA;ND;NA;NA;NA;
17;6;0.54;0.41;0.71;NA;0.81;0.57;0.66;NA;ND;NA;NA;NA;
17;7;1.13;0.73;0.93;NA;0.88;0.9;0.61;NA;ND;NA;NA;NA;
17;8;1.08;0.74;0.94;NA;1.03;1.02;0.63;NA;ND;NA;NA;NA;
17;9;0.92;0.49;1.11;NA;0.92;0.73;0.51;NA;ND;NA;NA;NA;
17;10;0.53;0.55;0.86;NA;0.71;0.78;0.49;NA;ND;NA;NA;NA;
17;11;0.49;0.51;0.77;NA;0.78;0.79;0.57;NA;ND;NA;NA;NA;
17;12;0.4;0.41;0.77;NA;0.7;0.72;0.64;NA;ND;NA;NA;NA;
17;13;0.42;0.45;0.62;NA;0.72;0.61;0.73;NA;ND;NA;NA;NA;
17;14;0.5;0.44;0.5;NA;0.96;0.76;0.9;NA;ND;NA;NA;NA;
17;15;0.46;0.41;0.56;NA;0.66;0.82;1;NA;ND;NA;NA;NA;
17;16;0.44;0.39;0.83;NA;0.85;0.76;0.67;NA;ND;NA;NA;NA;
17;17;0.48;0.44;0.98;NA;0.88;0.69;0.72;NA;ND;NA;NA;NA;
17;18;0.59;0.58;1.07;NA;0.94;0.76;0.69;NA;ND;NA;NA;NA;
17;19;0.76;0.48;1.01;NA;0.9;0.76;0.75;NA;ND;NA;NA;NA;
17;20;0.84;0.53;0.95;NA;0.86;0.78;0.71;NA;ND;NA;NA;NA;
17;21;0.75;0.4;0.84;NA;0.76;0.68;0.6;NA;ND;NA;NA;NA;
17;22;0.72;0.57;0.86;NA;0.72;0.79;0.56;NA;ND;NA;NA;NA;
17;23;0.78;0.49;0.77;NA;0.67;0.71;0.63;NA;ND;NA;NA;NA;
18;0;0.76;0.36;0.58;NA;0.73;ND;ND;NA;ND;NA;NA;NA;
18;1;0.64;0.29;0.63;NA;0.69;0.71;0.47;NA;ND;NA;NA;NA;
18;2;0.56;0.24;0.52;NA;0.53;0.62;0.41;NA;ND;NA;NA;NA;
18;3;0.49;0.25;0.51;NA;0.48;0.47;0.42;NA;ND;NA;NA;NA;
18;4;0.49;0.27;0.48;NA;0.51;0.51;0.54;NA;ND;NA;NA;NA;
18;5;0.48;0.27;0.48;NA;0.44;0.45;0.59;NA;ND;NA;NA;NA;
18;6;0.55;0.34;0.58;NA;0.47;0.6;0.75;NA;ND;NA;NA;NA;
18;7;0.74;0.54;0.88;NA;0.8;0.86;0.79;NA;ND;NA;NA;NA;
18;8;0.87;0.61;0.65;NA;0.94;0.78;0.79;NA;ND;NA;NA;NA;
18;9;0.82;0.6;0.57;NA;0.88;0.68;0.54;NA;ND;NA;NA;NA;
18;10;0.76;0.46;0.71;NA;0.78;0.72;0.56;NA;ND;NA;NA;NA;
18;11;0.71;0.5;0.56;NA;0.77;0.53;0.43;NA;ND;NA;NA;NA;
18;12;0.64;0.39;0.67;NA;0.76;0.48;0.54;NA;ND;NA;NA;NA;
18;13;0.46;0.4;0.73;NA;0.8;0.62;0.81;NA;ND;NA;NA;NA;
18;14;0.41;0.4;0.7;NA;0.62;0.79;1.12;NA;ND;NA;NA;NA;
18;15;0.46;0.4;0.82;NA;0.72;0.78;0.85;NA;ND;NA;NA;NA;
18;16;0.54;0.48;0.85;NA;0.66;0.97;0.58;NA;ND;NA;NA;NA;
18;17;0.74;0.44;0.59;NA;1.11;0.88;0.89;NA;ND;NA;NA;NA;
18;18;0.66;0.45;1.12;NA;1.27;0.77;1.07;NA;ND;NA;NA;NA;
18;19;0.76;0.4;0.87;NA;1.21;0.69;0.78;NA;ND;NA;NA;NA;
18;20;0.65;0.35;0.75;NA;0.75;0.58;0.65;NA;ND;NA;NA;NA;
18;21;0.62;0.31;0.64;NA;0.54;0.54;0.54;NA;ND;NA;NA;NA;
18;22;0.57;0.24;0.55;NA;0.58;0.49;0.51;NA;ND;NA;NA;NA;
18;23;0.43;0.21;0.47;NA;0.57;0.52;0.45;NA;ND;NA;NA;NA;
19;0;ND;ND;ND;NA;ND;0.4;0.41;NA;ND;NA;NA;NA;
19;1;0.36;0.17;0.34;NA;0.28;0.33;0.39;NA;ND;NA;NA;NA;
19;2;0.34;0.16;0.32;NA;0.29;0.32;0.38;NA;ND;NA;NA;NA;
19;3;0.33;0.15;0.31;NA;0.28;0.3;0.39;NA;ND;NA;NA;NA;
19;4;0.36;0.15;0.33;NA;0.33;0.31;0.43;NA;ND;NA;NA;NA;
19;5;0.47;0.18;0.4;NA;0.5;0.37;0.55;NA;ND;NA;NA;NA;
19;6;0.81;0.34;0.74;NA;1.13;0.86;0.7;NA;ND;NA;NA;NA;
19;7;0.86;0.5;1.52;NA;1.43;1.29;0.8;NA;ND;NA;NA;NA;
19;8;0.81;0.61;1.39;NA;1.25;0.96;0.55;NA;ND;NA;NA;NA;
19;9;0.84;0.59;1.16;NA;0.95;0.88;0.51;NA;ND;NA;NA;NA;
19;10;0.76;0.39;1.17;NA;0.68;0.73;0.54;NA;ND;NA;NA;NA;
19;11;0.67;0.42;1.55;NA;0.62;0.7;0.52;NA;ND;NA;NA;NA;
19;12;0.52;0.37;1.24;NA;0.76;0.76;0.54;NA;ND;NA;NA;NA;
19;13;0.5;0.53;0.91;NA;0.65;0.68;0.61;NA;ND;NA;NA;NA;
19;14;0.48;0.43;0.93;NA;0.96;0.74;0.57;NA;ND;NA;NA;NA;
19;15;0.47;0.36;1.46;NA;1.02;1.07;0.59;NA;ND;NA;NA;NA;
19;16;0.49;0.34;1.53;NA;0.67;1.22;0.67;NA;ND;NA;NA;NA;
19;17;0.65;0.39;ND;NA;0.74;2.17;0.85;NA;ND;NA;NA;NA;
19;18;0.86;0.5;1.9;NA;1.13;1.53;0.84;NA;ND;NA;NA;NA;
19;19;0.69;0.37;1.39;NA;1.22;1;1.3;NA;ND;NA;NA;NA;
19;20;0.68;0.42;1.09;NA;1.28;0.85;1.15;NA;ND;NA;NA;NA;
19;21;0.71;0.35;1.19;NA;1.14;0.76;0.87;NA;ND;NA;NA;NA;
19;22;0.72;0.27;1.09;NA;1.03;0.73;0.64;NA;ND;NA;NA;NA;
19;23;0.66;0.29;0.82;NA;0.64;0.62;0.47;NA;ND;NA;NA;NA;
20;0;0.48;0.2;0.54;NA;0.37;ND;ND;NA;ND;NA;NA;NA;
20;1;0.4;0.22;0.38;NA;0.32;0.42;0.37;NA;ND;NA;NA;NA;
20;2;0.39;0.14;0.37;NA;0.35;0.39;0.35;NA;ND;NA;NA;NA;
20;3;0.39;0.13;0.36;NA;0.39;0.38;0.36;NA;ND;NA;NA;NA;
20;4;0.37;0.19;0.35;NA;0.35;0.37;0.4;NA;ND;NA;NA;NA;
20;5;0.43;0.26;0.44;NA;0.55;0.43;0.44;NA;ND;NA;NA;NA;
20;6;0.76;0.67;0.76;NA;0.99;0.69;0.72;NA;ND;NA;NA;NA;
20;7;1.1;1.09;1.12;NA;1.39;1.05;0.57;NA;ND;NA;NA;NA;
20;8;1.26;0.61;1.32;NA;1.16;1.18;0.64;NA;ND;NA;NA;NA;
20;9;0.83;0.52;1.69;NA;0.81;1.08;0.58;NA;ND;NA;NA;NA;
20;10;0.57;0.48;1.19;NA;1;1.19;0.59;NA;ND;NA;NA;NA;
20;11;0.45;0.39;0.96;NA;0.82;0.84;ND;NA;ND;NA;NA;NA;
20;12;0.45;0.34;0.84;NA;0.75;0.62;ND;NA;ND;NA;NA;NA;
20;13;0.41;0.38;0.73;NA;0.64;0.45;0.41;NA;ND;NA;NA;NA;
20;14;0.39;0.33;0.6;NA;0.6;ND;ND;NA;ND;NA;NA;NA;
20;15;0.4;0.48;0.76;NA;0.65;ND;ND;NA;ND;NA;NA;NA;
20;16;0.4;0.38;0.66;NA;0.82;ND;0.59;NA;ND;NA;NA;NA;
20;17;0.58;0.49;1.03;NA;0.9;0.76;0.75;NA;ND;NA;NA;NA;
20;18;0.77;0.53;1.3;NA;1.06;1.02;0.83;NA;ND;NA;NA;NA;
20;19;1.15;0.48;1.35;NA;1.26;1.28;0.76;NA;ND;NA;NA;NA;
20;20;1.43;0.44;1.44;NA;1.22;1.59;0.59;NA;ND;NA;NA;NA;
20;21;1.08;0.36;0.82;NA;0.96;1.23;0.52;NA;ND;NA;NA;NA;
20;22;ND;0.32;0.65;NA;0.72;0.81;0.46;NA;ND;NA;NA;NA;
20;23;ND;0.33;0.48;NA;0.57;0.51;0.4;NA;ND;NA;NA;NA;
21;0;ND;ND;ND;NA;ND;0.76;0.3;NA;ND;NA;NA;NA;
21;1;0.65;0.22;0.47;NA;0.43;0.61;0.22;NA;ND;NA;NA;NA;
21;2;0.61;0.24;0.32;NA;0.41;0.47;0.25;NA;ND;NA;NA;NA;
21;3;0.5;0.23;0.4;NA;0.44;0.49;0.23;NA;ND;NA;NA;NA;
21;4;0.51;0.26;0.41;NA;0.54;0.58;0.34;NA;ND;NA;NA;NA;
21;5;0.68;0.22;0.55;NA;0.98;0.79;0.58;NA;ND;NA;NA;NA;
21;6;1.79;0.58;1.27;NA;1.48;2.02;0.94;NA;ND;NA;NA;NA;
21;7;3.35;1.5;2.2;NA;2.13;2.14;0.73;NA;ND;NA;NA;NA;
21;8;1.23;0.66;2.14;NA;1.87;2.27;0.53;NA;ND;NA;NA;NA;
21;9;0.59;0.31;0.97;NA;1.65;1.92;0.48;NA;ND;NA;NA;NA;
21;10;0.43;0.35;0.75;NA;1.03;0.84;0.35;NA;ND;NA;NA;NA;
21;11;0.4;0.36;0.82;NA;0.66;0.59;0.33;NA;ND;NA;NA;NA;
21;12;0.42;0.4;0.91;NA;0.52;0.5;0.29;NA;ND;NA;NA;NA;
21;13;0.4;0.49;0.87;NA;0.53;0.43;0.29;NA;ND;NA;NA;NA;
21;14;0.38;0.41;0.65;NA;0.51;0.43;0.27;NA;ND;NA;NA;NA;
21;15;0.4;0.39;0.76;NA;0.54;0.5;0.32;NA;ND;NA;NA;NA;
21;16;0.41;0.37;0.66;NA;0.7;0.75;0.35;NA;ND;NA;NA;NA;
21;17;0.45;0.45;0.68;NA;0.82;0.81;0.4;NA;ND;NA;NA;NA;
21;18;0.45;0.44;1.05;NA;1.04;1.21;0.45;NA;ND;NA;NA;NA;
21;19;0.68;0.38;1.2;NA;1.24;1.36;0.68;NA;ND;NA;NA;NA;
21;20;1.09;0.44;0.9;NA;1.25;1.33;0.59;NA;ND;NA;NA;NA;
21;21;1.03;0.47;0.64;NA;1.19;1.15;0.79;NA;ND;NA;NA;NA;
21;22;0.69;0.35;1.21;NA;1.46;1.32;0.33;NA;ND;NA;NA;NA;
21;23;0.61;0.27;1.35;NA;1.21;0.87;0.19;NA;ND;NA;NA;NA;
22;0;0.7;0.24;0.86;NA;1.12;ND;ND;NA;ND;NA;NA;NA;
22;1;0.35;0.13;0.49;NA;0.89;1.39;0.15;NA;ND;NA;NA;NA;
22;2;0.42;0.11;0.39;NA;0.76;0.86;0.18;NA;ND;NA;NA;NA;
22;3;0.44;0.13;0.44;NA;0.54;0.72;0.31;NA;ND;NA;NA;NA;
22;4;0.5;0.1;0.52;NA;0.52;0.65;0.24;NA;ND;NA;NA;NA;
22;5;0.7;0.24;0.79;NA;0.97;0.86;0.92;NA;ND;NA;NA;NA;
22;6;1.63;0.96;1.3;NA;1.99;1.83;1.34;NA;ND;NA;NA;NA;
22;7;1.76;1.03;2.17;NA;2.1;3.2;0.32;NA;ND;NA;NA;NA;
22;8;0.69;0.63;1.84;NA;1.3;1.58;0.2;NA;ND;NA;NA;NA;
22;9;0.58;0.32;0.77;NA;0.93;0.64;0.18;NA;ND;NA;NA;NA;
22;10;ND;0.41;0.73;NA;0.66;0.52;0.24;NA;ND;NA;NA;NA;
22;11;ND;0.49;0.68;NA;0.54;0.4;0.3;NA;ND;NA;NA;NA;
22;12;0.42;0.44;0.69;NA;0.52;0.39;0.26;NA;ND;NA;NA;NA;
22;13;0.35;0.45;0.7;NA;0.65;0.52;0.3;NA;ND;NA;NA;NA;
22;14;ND;0.39;0.7;NA;0.62;0.39;0.32;NA;ND;NA;NA;NA;
22;15;0.54;0.46;0.63;NA;0.68;0.56;0.33;NA;ND;NA;NA;NA;
22;16;0.54;0.46;0.53;NA;0.86;0.62;0.34;NA;ND;NA;NA;NA;
22;17;0.6;0.42;0.68;NA;0.87;0.64;0.41;NA;ND;NA;NA;NA;
22;18;0.68;0.55;0.67;NA;1;0.69;0.72;NA;ND;NA;NA;NA;
22;19;0.72;0.45;0.71;NA;1.11;0.84;1.15;NA;ND;NA;NA;NA;
22;20;0.86;0.44;0.78;NA;1.15;0.92;0.92;NA;ND;NA;NA;NA;
22;21;1.1;0.6;0.57;NA;0.92;0.71;0.75;NA;ND;NA;NA;NA;
22;22;0.88;0.55;0.54;NA;1.04;0.95;0.79;NA;ND;NA;NA;NA;
22;23;0.64;1.01;0.47;NA;0.91;1.03;0.62;NA;ND;NA;NA;NA;
23;0;ND;ND;ND;NA;ND;0.72;0.5;NA;ND;NA;NA;NA;
23;1;1.09;0.75;0.8;NA;1.15;0.83;0.38;NA;ND;NA;NA;NA;
23;2;0.66;0.74;0.58;NA;1.12;0.59;0.34;NA;ND;NA;NA;NA;
23;3;0.59;0.82;0.89;NA;1.01;0.85;0.39;NA;ND;NA;NA;NA;
23;4;0.55;0.9;0.71;NA;1.03;0.99;0.34;NA;ND;NA;NA;NA;
23;5;0.71;1.08;0.76;NA;1.29;1.51;0.69;NA;ND;NA;NA;NA;
23;6;1.05;2.62;1.62;NA;2.2;2.45;0.54;NA;ND;NA;NA;NA;
23;7;1.17;1.39;2.16;NA;2.31;2.71;0.31;NA;ND;NA;NA;NA;
23;8;0.86;0.4;1.01;NA;1.53;1.38;0.16;NA;ND;NA;NA;NA;
23;9;0.65;0.42;0.94;NA;1.07;0.82;0.26;NA;ND;NA;NA;NA;
23;10;0.7;0.41;0.7;NA;0.6;0.57;0.24;NA;ND;NA;NA;NA;
23;11;ND;0.54;0.54;NA;0.59;0.4;0.24;NA;ND;NA;NA;NA;
23;12;ND;0.47;0.65;NA;0.65;0.43;0.27;NA;ND;NA;NA;NA;
23;13;0.3;0.48;0.68;NA;0.63;0.4;0.31;NA;ND;NA;NA;NA;
23;14;0.31;0.49;0.62;NA;0.9;0.55;0.45;NA;ND;NA;NA;NA;
23;15;0.32;0.5;0.61;NA;0.9;0.64;0.59;NA;ND;NA;NA;NA;
23;16;0.32;0.47;0.72;NA;1.08;0.61;0.77;NA;ND;NA;NA;NA;
23;17;0.38;0.48;0.9;NA;0.87;0.92;0.79;NA;ND;NA;NA;NA;
23;18;0.45;0.46;1.22;NA;1.2;0.9;0.74;NA;ND;NA;NA;NA;
23;19;0.79;0.5;1.35;NA;1.62;1.09;0.56;NA;ND;NA;NA;NA;
23;20;0.79;0.56;1.25;NA;1.69;1.12;0.45;NA;ND;NA;NA;NA;
23;21;0.81;0.79;0.96;NA;1.05;0.69;0.47;NA;ND;NA;NA;NA;
23;22;0.84;0.7;0.98;NA;1.3;0.82;0.4;NA;ND;NA;NA;NA;
23;23;0.68;0.43;0.84;NA;1.04;1.04;0.44;NA;ND;NA;NA;NA;
24;0;0.61;0.34;0.72;NA;0.87;ND;ND;NA;ND;NA;NA;NA;
24;1;0.54;0.26;0.59;NA;0.8;0.66;0.39;NA;ND;NA;NA;NA;
24;2;0.48;0.31;0.57;NA;0.6;0.49;0.27;NA;ND;NA;NA;NA;
24;3;0.45;0.25;0.56;NA;0.7;0.55;0.28;NA;ND;NA;NA;NA;
24;4;0.35;0.2;0.58;NA;0.68;0.49;0.33;NA;ND;NA;NA;NA;
24;5;0.36;0.25;0.46;NA;0.68;0.38;0.35;NA;ND;NA;NA;NA;
24;6;0.68;0.64;0.65;NA;1;0.84;0.55;NA;ND;NA;NA;NA;
24;7;1.05;0.68;1.09;NA;1.52;1.13;0.84;NA;ND;NA;NA;NA;
24;8;0.68;0.61;1.16;NA;1.16;1.06;0.39;NA;ND;NA;NA;NA;
24;9;0.49;0.56;0.99;NA;1.12;0.99;0.52;NA;ND;NA;NA;NA;
24;10;0.39;0.69;0.71;NA;1.11;0.69;0.36;NA;ND;NA;NA;NA;
24;11;0.45;0.53;0.57;NA;0.87;0.55;0.27;NA;ND;NA;NA;NA;
24;12;0.33;0.47;0.72;NA;0.79;0.5;0.31;NA;ND;NA;NA;NA;
24;13;0.4;0.51;0.68;NA;0.8;0.51;0.32;NA;ND;NA;NA;NA;
24;14;0.35;0.48;0.66;NA;1.06;0.58;0.52;NA;ND;NA;NA;NA;
24;15;0.41;0.56;0.68;NA;1.04;0.58;0.72;NA;ND;NA;NA;NA;
24;16;0.48;0.49;0.81;NA;1.23;0.79;0.75;NA;ND;NA;NA;NA;
24;17;0.53;0.61;0.6;NA;1.22;0.74;0.61;NA;ND;NA;NA;NA;
24;18;0.89;0.54;0.63;NA;1.44;0.91;0.88;NA;ND;NA;NA;NA;
24;19;1.16;0.57;1.16;NA;1.97;1.23;1.25;NA;ND;NA;NA;NA;
24;20;0.92;0.46;1.64;NA;1.82;0.98;0.72;NA;ND;NA;NA;NA;
24;21;1.01;0.49;1.15;NA;1.88;0.89;0.57;NA;ND;NA;NA;NA;
24;22;0.64;0.44;0.95;NA;1.44;0.81;0.65;NA;ND;NA;NA;NA;
24;23;0.63;0.44;0.75;NA;1.12;0.63;0.53;NA;ND;NA;NA;NA;
25;0;ND;ND;ND;NA;ND;0.49;0.43;NA;ND;NA;NA;NA;
25;1;0.58;0.29;0.87;NA;0.85;0.52;0.38;NA;ND;NA;NA;NA;
25;2;0.73;0.36;0.78;NA;0.85;0.55;0.36;NA;ND;NA;NA;NA;
25;3;0.46;0.23;0.57;NA;0.77;0.42;0.3;NA;ND;NA;NA;NA;
25;4;0.35;0.18;0.55;NA;0.67;0.38;0.3;NA;ND;NA;NA;NA;
25;5;0.46;0.22;0.53;NA;0.81;0.49;0.38;NA;ND;NA;NA;NA;
25;6;0.44;0.24;0.57;NA;1.15;0.75;0.87;NA;ND;NA;NA;NA;
25;7;0.47;0.25;0.77;NA;0.88;0.62;0.45;NA;ND;NA;NA;NA;
25;8;0.44;0.33;0.64;NA;0.84;0.51;0.36;NA;ND;NA;NA;NA;
25;9;0.3;0.33;0.51;NA;0.76;0.46;0.41;NA;ND;NA;NA;NA;
25;10;0.3;0.36;0.54;NA;0.75;0.42;0.32;NA;ND;NA;NA;NA;
25;11;0.29;0.4;0.52;NA;0.8;0.45;0.29;NA;ND;NA;NA;NA;
25;12;0.27;0.43;0.49;NA;0.78;0.43;0.31;NA;ND;NA;NA;NA;
25;13;0.29;0.46;0.53;NA;0.73;0.37;0.36;NA;ND;NA;NA;NA;
25;14;0.28;0.43;0.47;NA;0.77;0.47;0.45;NA;ND;NA;NA;NA;
25;15;0.27;0.39;0.42;NA;0.84;0.35;0.45;NA;ND;NA;NA;NA;
25;16;0.28;0.41;0.42;NA;0.82;0.35;0.47;NA;ND;NA;NA;NA;
25;17;0.32;0.41;0.42;NA;0.81;0.41;0.51;NA;ND;NA;NA;NA;
25;18;0.43;0.44;0.75;NA;0.96;0.59;0.6;NA;ND;NA;NA;NA;
25;19;0.57;0.43;0.94;NA;1.2;0.83;0.46;NA;ND;NA;NA;NA;
25;20;0.75;0.43;0.86;NA;1.03;0.77;0.37;NA;ND;NA;NA;NA;
25;21;0.91;0.39;0.92;NA;1.02;0.62;0.31;NA;ND;NA;NA;NA;
25;22;0.7;0.46;0.79;NA;0.96;0.89;0.5;NA;ND;NA;NA;NA;
25;23;0.63;0.29;0.81;NA;1.27;0.82;0.4;NA;ND;NA;NA;NA;
26;0;0.45;0.31;0.62;NA;1.02;ND;ND;NA;ND;NA;NA;NA;
26;1;0.41;0.3;0.56;NA;0.9;0.49;0.25;NA;ND;NA;NA;NA;
26;2;0.39;0.22;0.59;NA;0.82;0.42;0.32;NA;ND;NA;NA;NA;
26;3;0.35;0.26;0.52;NA;0.7;0.49;0.37;NA;ND;NA;NA;NA;
26;4;0.22;0.29;0.5;NA;0.72;0.5;0.27;NA;ND;NA;NA;NA;
26;5;0.25;0.44;0.64;NA;0.93;0.64;0.45;NA;ND;NA;NA;NA;
26;6;0.95;1.28;1.39;NA;1.4;1.44;0.34;NA;ND;NA;NA;NA;
26;7;1.37;0.77;1.59;NA;2.18;0.91;0.25;NA;ND;NA;NA;NA;
26;8;0.74;0.54;1.31;NA;1.24;0.8;0.24;NA;ND;NA;NA;NA;
26;9;0.46;0.35;0.58;NA;0.85;0.54;0.19;NA;ND;NA;NA;NA;
26;10;0.44;0.47;0.65;NA;ND;0.39;0.23;NA;ND;NA;NA;NA;
26;11;0.3;0.44;0.67;NA;0.45;0.4;0.25;NA;ND;NA;NA;NA;
26;12;0.27;0.49;0.62;NA;0.44;0.39;0.26;NA;ND;NA;NA;NA;
26;13;0.3;0.46;0.66;NA;0.5;0.39;ND;NA;ND;NA;NA;NA;
26;14;0.36;0.44;0.61;NA;0.62;0.53;ND;NA;ND;NA;NA;NA;
26;15;0.34;0.47;0.69;NA;0.53;0.59;ND;NA;ND;NA;NA;NA;
26;16;0.32;0.47;0.6;NA;0.53;0.65;0.67;NA;ND;NA;NA;NA;
26;17;0.37;0.49;0.85;NA;0.63;0.67;0.77;NA;ND;NA;NA;NA;
26;18;0.52;0.52;1.18;NA;0.8;0.92;0.69;NA;ND;NA;NA;NA;
26;19;0.74;0.5;1.38;NA;0.98;1.15;0.59;NA;ND;NA;NA;NA;
26;20;0.8;0.38;1.3;NA;1.49;1.39;0.64;NA;ND;NA;NA;NA;
26;21;0.74;0.34;1.3;NA;1.48;1.42;0.69;NA;ND;NA;NA;NA;
26;22;0.69;0.27;1.01;NA;1.21;1;0.54;NA;ND;NA;NA;NA;
26;23;0.9;0.28;0.96;NA;0.91;0.95;0.27;NA;ND;NA;NA;NA;
27;0;ND;ND;ND;NA;ND;0.88;0.68;NA;ND;NA;NA;NA;
27;1;0.68;0.17;0.84;NA;0.64;0.82;0.8;NA;ND;NA;NA;NA;
27;2;0.5;0.15;0.8;NA;0.36;0.55;0.39;NA;ND;NA;NA;NA;
27;3;0.43;0.14;0.65;NA;0.46;0.54;0.75;NA;ND;NA;NA;NA;
27;4;0.47;0.18;0.57;NA;0.46;0.54;0.59;NA;ND;NA;NA;NA;
27;5;0.7;0.31;0.58;NA;0.7;0.85;0.61;NA;ND;NA;NA;NA;
27;6;0.95;0.65;0.84;NA;1.23;1.26;0.89;NA;ND;NA;NA;NA;
27;7;0.89;0.92;1.12;NA;1.53;1.77;0.39;NA;ND;NA;NA;NA;
27;8;0.83;0.72;1.6;NA;1.14;1.28;0.35;NA;ND;NA;NA;NA;
27;9;0.59;0.61;1.46;NA;0.92;1.03;0.33;NA;ND;NA;NA;NA;
27;10;0.44;0.44;0.85;NA;0.59;0.57;0.45;NA;ND;NA;NA;NA;
27;11;0.35;0.4;0.69;NA;0.58;0.48;0.43;NA;ND;NA;NA;NA;
27;12;0.3;0.42;0.71;NA;0.55;0.42;0.43;NA;ND;NA;NA;NA;
27;13;0.29;0.42;0.64;NA;0.5;0.44;0.42;NA;ND;NA;NA;NA;
27;14;0.33;0.39;0.62;NA;0.49;0.46;0.42;NA;ND;NA;NA;NA;
27;15;0.35;0.35;0.73;NA;0.5;0.51;0.48;NA;ND;NA;NA;NA;
27;16;0.34;0.43;0.8;NA;0.74;0.65;0.58;NA;ND;NA;NA;NA;
27;17;0.36;0.44;0.78;NA;0.68;0.7;0.78;NA;ND;NA;NA;NA;
27;18;0.43;0.52;0.96;NA;0.78;1.03;0.78;NA;ND;NA;NA;NA;
27;19;0.67;0.51;1.08;NA;0.87;1.09;0.71;NA;ND;NA;NA;NA;
27;20;0.86;0.48;1;NA;1.11;1.52;0.67;NA;ND;NA;NA;NA;
27;21;0.69;0.53;1.1;NA;1.11;1.59;0.49;NA;ND;NA;NA;NA;
27;22;0.57;0.33;1.02;NA;1.11;1.12;0.41;NA;ND;NA;NA;NA;
27;23;0.67;0.3;0.94;NA;0.65;0.89;0.44;NA;ND;NA;NA;NA;
28;0;0.46;0.23;0.66;NA;0.6;ND;ND;NA;ND;NA;NA;NA;
28;1;0.34;0.19;0.54;NA;0.5;0.48;0.31;NA;ND;NA;NA;NA;
28;2;0.34;0.19;0.46;NA;0.35;0.44;0.29;NA;ND;NA;NA;NA;
28;3;0.32;0.17;0.5;NA;0.34;0.36;0.38;NA;ND;NA;NA;NA;
28;4;0.29;0.15;0.49;NA;0.41;0.41;0.39;NA;ND;NA;NA;NA;
28;5;0.36;0.26;0.52;NA;0.55;0.56;0.63;NA;ND;NA;NA;NA;
28;6;0.45;0.57;0.68;NA;1.33;1.2;1.22;NA;ND;NA;NA;NA;
28;7;0.83;0.56;1.01;NA;1.45;1.73;0.5;NA;ND;NA;NA;NA;
28;8;0.95;0.56;1.45;NA;0.86;0.96;0.28;NA;ND;NA;NA;NA;
28;9;0.69;0.49;1.06;NA;0.65;0.63;0.29;NA;ND;NA;NA;NA;
28;10;0.44;0.51;0.81;NA;0.62;0.49;0.37;NA;ND;NA;NA;NA;
28;11;0.32;0.48;0.67;NA;0.54;ND;0.48;NA;ND;NA;NA;NA;
28;12;0.33;0.43;0.67;NA;0.55;ND;0.43;NA;ND;NA;NA;NA;
28;13;0.37;0.43;0.68;NA;0.52;0.33;0.39;NA;ND;NA;NA;NA;
28;14;0.32;0.45;0.67;NA;0.49;ND;0.42;NA;ND;NA;NA;NA;
28;15;0.31;ND;1.05;NA;0.78;0.49;0.66;NA;ND;NA;NA;NA;
28;16;0.36;ND;0.83;NA;0.69;1.08;0.59;NA;ND;NA;NA;NA;
28;17;0.4;0.49;1.02;NA;0.82;0.88;0.69;NA;ND;NA;NA;NA;
28;18;0.41;0.4;1.47;NA;1.07;0.82;0.76;NA;ND;NA;NA;NA;
28;19;0.54;0.38;1.4;NA;1.05;0.86;0.77;NA;ND;NA;NA;NA;
28;20;0.57;0.44;1.3;NA;0.88;0.8;0.55;NA;ND;NA;NA;NA;
28;21;0.6;0.37;0.95;NA;1;0.74;0.5;NA;ND;NA;NA;NA;
28;22;0.57;0.31;0.82;NA;0.79;0.64;0.45;NA;ND;NA;NA;NA;
28;23;0.49;0.31;0.63;NA;0.58;0.46;0.38;NA;ND;NA;NA;NA;
29;0;ND;ND;ND;NA;ND;0.4;0.31;NA;ND;NA;NA;NA;
29;1;0.36;0.21;0.55;NA;0.32;0.36;0.32;NA;ND;NA;NA;NA;
29;2;0.27;0.17;0.5;NA;0.35;0.42;0.36;NA;ND;NA;NA;NA;
29;3;0.27;0.17;0.47;NA;0.42;0.41;0.39;NA;ND;NA;NA;NA;
29;4;0.28;0.15;0.45;NA;0.44;0.38;0.42;NA;ND;NA;NA;NA;
29;5;0.35;0.21;0.52;NA;0.85;0.46;0.57;NA;ND;NA;NA;NA;
29;6;0.46;0.52;0.66;NA;0.77;0.67;0.52;NA;ND;NA;NA;NA;
29;7;0.73;0.58;0.92;NA;0.73;0.74;0.39;NA;ND;NA;NA;NA;
29;8;0.76;0.58;ND;NA;0.63;0.87;0.35;NA;ND;NA;NA;NA;
29;9;0.55;0.49;1.06;NA;0.62;0.74;0.32;NA;ND;NA;NA;NA;
29;10;0.49;ND;0.78;NA;0.64;0.48;0.37;NA;ND;NA;NA;NA;
29;11;0.43;ND;0.64;NA;0.53;0.38;0.39;NA;ND;NA;NA;NA;
29;12;0.36;0.37;ND;NA;0.49;0.38;0.36;NA;ND;NA;NA;NA;
29;13;0.35;0.51;0.89;NA;0.49;0.44;0.52;NA;ND;NA;NA;NA;
29;14;0.34;ND;ND;NA;0.69;0.52;0.54;NA;ND;NA;NA;NA;
29;15;0.33;0.66;ND;NA;0.79;0.54;0.61;NA;ND;NA;NA;NA;
29;16;0.34;0.76;0.72;NA;0.64;0.66;0.68;NA;ND;NA;NA;NA;
29;17;0.4;0.74;0.97;NA;0.71;0.75;0.77;NA;ND;NA;NA;NA;
29;18;0.43;0.77;1.35;NA;0.71;0.87;0.77;NA;ND;NA;NA;NA;
29;19;0.63;0.78;1.24;NA;0.73;0.93;0.78;NA;ND;NA;NA;NA;
29;20;0.57;0.69;1.28;NA;0.75;0.79;0.58;NA;ND;NA;NA;NA;
29;21;0.55;0.63;1.19;NA;0.83;0.75;0.56;NA;ND;NA;NA;NA;
29;22;0.63;0.59;0.99;NA;0.85;0.58;0.5;NA;ND;NA;NA;NA;
29;23;0.42;0.53;0.79;NA;0.51;0.51;0.37;NA;ND;NA;NA;NA;
30;0;0.43;0.52;0.77;NA;0.52;ND;ND;NA;ND;NA;NA;NA;
30;1;0.37;0.51;0.67;NA;0.54;0.55;0.37;NA;ND;NA;NA;NA;
30;2;0.32;0.51;0.62;NA;0.39;0.43;0.32;NA;ND;NA;NA;NA;
30;3;0.28;0.49;0.68;NA;0.42;0.42;0.31;NA;ND;NA;NA;NA;
30;4;0.31;0.48;0.65;NA;0.39;0.33;0.44;NA;ND;NA;NA;NA;
30;5;0.36;0.46;0.6;NA;0.49;0.33;0.45;NA;ND;NA;NA;NA;
30;6;0.4;0.58;0.8;NA;0.74;0.89;0.78;NA;ND;NA;NA;NA;
30;7;0.66;0.71;0.91;NA;0.87;0.85;0.72;NA;ND;NA;NA;NA;
30;8;0.88;0.93;1.14;NA;0.53;0.8;0.48;NA;ND;NA;NA;NA;
30;9;0.59;0.84;0.94;NA;0.6;0.65;0.35;NA;ND;NA;NA;NA;
30;10;0.41;0.82;0.9;NA;0.68;0.53;0.43;NA;ND;NA;NA;NA;
30;11;0.37;0.77;0.89;NA;0.55;0.45;0.44;NA;ND;NA;NA;NA;
30;12;0.34;0.76;0.76;NA;0.61;0.4;0.45;NA;ND;NA;NA;NA;
30;13;0.3;0.76;0.68;NA;0.49;0.43;0.47;NA;ND;NA;NA;NA;
30;14;0.32;0.86;0.81;NA;0.57;0.55;0.63;NA;ND;NA;NA;NA;
30;15;0.35;0.83;0.92;NA;0.67;0.65;0.82;NA;ND;NA;NA;NA;
30;16;0.35;0.8;0.83;NA;0.79;0.67;0.95;NA;ND;NA;NA;NA;
30;17;0.4;0.81;1.01;NA;0.71;0.77;0.73;NA;ND;NA;NA;NA;
30;18;0.51;0.73;1.23;NA;0.71;0.99;0.78;NA;ND;NA;NA;NA;
30;19;0.57;0.72;1.21;NA;0.74;0.81;0.92;NA;ND;NA;NA;NA;
30;20;0.74;0.69;1.29;NA;0.79;0.73;0.73;NA;ND;NA;NA;NA;
30;21;0.72;0.79;1.06;NA;0.69;0.82;0.63;NA;ND;NA;NA;NA;
30;22;0.75;0.79;1.11;NA;0.65;0.8;0.58;NA;ND;NA;NA;NA;
30;23;0.63;0.67;1.04;NA;0.68;1.01;0.5;NA;ND;NA;NA;NA;
31;0;ND;ND;ND;NA;ND;1;0.38;NA;ND;NA;NA;NA;
31;1;0.38;0.55;0.81;NA;0.9;0.73;0.34;NA;ND;NA;NA;NA;
31;2;0.39;0.54;0.85;NA;0.66;0.78;0.52;NA;ND;NA;NA;NA;
31;3;0.38;0.51;0.75;NA;0.81;0.78;0.55;NA;ND;NA;NA;NA;
31;4;0.48;0.54;0.84;NA;0.84;1.12;0.64;NA;ND;NA;NA;NA;
31;5;0.57;0.56;0.93;NA;0.98;1.29;0.53;NA;ND;NA;NA;NA;
31;6;0.77;0.62;1.1;NA;2.16;1.83;0.54;NA;ND;NA;NA;NA;
31;7;0.61;0.56;1.31;NA;1.99;2;0.68;NA;ND;NA;NA;NA;
31;8;0.48;0.78;0.96;NA;1.33;1.12;0.34;NA;ND;NA;NA;NA;
31;9;0.48;0.73;0.94;NA;1.12;1.04;0.42;NA;ND;NA;NA;NA;
31;10;0.36;0.76;0.88;NA;0.89;0.72;0.44;NA;ND;NA;NA;NA;
31;11;0.32;0.83;0.7;NA;0.7;0.52;0.41;NA;ND;NA;NA;NA;
31;12;0.33;0.73;0.68;NA;0.61;0.4;0.4;NA;ND;NA;NA;NA;
31;13;0.37;0.49;0.7;NA;0.53;0.41;0.44;NA;ND;NA;NA;NA;
31;14;0.32;0.2;0.67;NA;0.55;0.51;0.43;NA;ND;NA;NA;NA;
31;15;0.3;0.08;0.67;NA;0.62;0.51;0.57;NA;ND;NA;NA;NA;
31;16;0.31;0.03;0.6;NA;0.62;0.4;0.74;NA;ND;NA;NA;NA;
31;17;0.32;0;0.59;NA;0.63;0.59;0.89;NA;ND;NA;NA;NA;
31;18;0.44;0.04;0.78;NA;0.76;0.67;0.97;NA;ND;NA;NA;NA;
31;19;0.54;0.02;1;NA;1.03;1;1.24;NA;ND;NA;NA;NA;
31;20;0.96;0.02;1.47;NA;1.27;1.19;0.66;NA;ND;NA;NA;NA;
31;21;1.04;0.12;1.39;NA;1.45;1.6;0.69;NA;ND;NA;NA;NA;
31;22;0.96;0.15;1.06;NA;1.62;1.8;0.57;NA;ND;NA;NA;NA;
31;23;0.68;0.02;1.22;NA;1.57;0.98;0.9;NA;ND;NA;NA;NA;
