DIA;HORA;Cotocollao;Carapungo;Belisario;Jipijapa;El Camal;Centro;Guamaní;Tumbaco;Los Chillos;El Condado;Turubamba;Chillogallo;
1;0;26.07;26.1;33.77;NA;40.39;27.15;NA;NA;ND;NA;NA;NA;
1;1;18.15;21.86;22.04;NA;30.47;26.14;NA;NA;ND;NA;NA;NA;
1;2;15.23;10.57;31.4;NA;20.94;32.58;NA;NA;ND;NA;NA;NA;
1;3;10.82;13.09;25.12;NA;23.5;30.14;NA;NA;ND;NA;NA;NA;
1;4;7.77;23.5;22.7;NA;26.44;27.71;NA;NA;ND;NA;NA;NA;
1;5;21.5;19.44;22.37;NA;28.82;29.71;NA;NA;ND;NA;NA;NA;
1;6;24.29;21.17;21.02;NA;43.18;35.25;NA;NA;ND;NA;NA;NA;
1;7;26.62;31.93;23.82;NA;57.42;54.6;NA;NA;ND;NA;NA;NA;
1;8;32.21;20.1;39.48;NA;36.46;45.39;NA;NA;ND;NA;NA;NA;
1;9;30.91;26.01;66.91;NA;38.38;39.44;NA;NA;ND;NA;NA;NA;
1;10;20.69;10.21;15.33;NA;22.19;36.73;NA;NA;ND;NA;NA;NA;
1;11;12.32;9.65;2.48;NA;3.58;3.44;NA;NA;ND;NA;NA;NA;
1;12;13.25;12.45;13.12;NA;10.92;12.37;NA;NA;ND;NA;NA;NA;
1;13;3.8;4.58;17.4;NA;8.13;20.09;NA;NA;ND;NA;NA;NA;
1;14;15.39;15.44;8.92;NA;14.95;10.19;NA;NA;ND;NA;NA;NA;
1;15;8.23;4.31;7.19;NA;21.07;16.85;NA;NA;ND;NA;NA;NA;
1;16;9.95;16.44;14.03;NA;6.48;17.23;NA;NA;ND;NA;NA;NA;
1;17;7.87;12.28;11.96;NA;15.48;11.96;NA;NA;ND;NA;NA;NA;
1;18;8.86;11.63;14.3;NA;19.57;5.24;NA;NA;ND;NA;NA;NA;
1;19;14.76;25.86;13.68;NA;26.44;24.89;NA;NA;ND;NA;NA;NA;
1;20;15.39;16.59;12.16;NA;30.23;18.91;NA;NA;ND;NA;NA;NA;
1;21;16.88;18.7;11.17;NA;26.97;17.24;NA;NA;ND;NA;NA;NA;
1;22;13.04;9.14;12.39;NA;13.34;14.36;NA;NA;ND;NA;NA;NA;
1;23;ND;22.48;19.13;NA;ND;15.35;NA;NA;ND;NA;NA;NA;
2;0;18.08;27.44;16.99;NA;46.24;27.38;NA;NA;ND;NA;NA;NA;
2;1;24.09;20.98;22.36;NA;12.34;20.8;NA;NA;ND;NA;NA;NA;
2;2;22.17;22.65;20.95;NA;42.4;23.1;NA;NA;ND;NA;NA;NA;
2;3;18.31;30.59;10.74;NA;21.62;35.31;NA;NA;ND;NA;NA;NA;
2;4;23.44;30.44;17.13;NA;40.75;28.4;NA;NA;ND;NA;NA;NA;
2;5;24.89;21.7;9.5;NA;24.64;16.19;NA;NA;ND;NA;NA;NA;
2;6;26.13;28.1;22.81;NA;31.06;28.56;NA;NA;ND;NA;NA;NA;
2;7;25.75;25.05;33.37;NA;37.71;38.24;NA;NA;ND;NA;NA;NA;
2;8;27.32;21.31;26.71;NA;23.11;37.89;NA;NA;ND;NA;NA;NA;
2;9;30.74;26.38;31.3;NA;27.32;25.67;NA;NA;ND;NA;NA;NA;
2;10;20.84;20.19;31.02;NA;35.18;35.04;NA;NA;ND;NA;NA;NA;
2;11;4.47;10.93;10.41;NA;39.66;21.51;NA;NA;ND;NA;NA;NA;
2;12;14.94;7.88;4.43;NA;8.75;3.98;NA;NA;ND;NA;NA;NA;
2;13;7.7;4.63;9.65;NA;4.84;4.38;NA;NA;ND;NA;NA;NA;
2;14;12.25;16.59;11.73;NA;19.61;9.48;NA;NA;ND;NA;NA;NA;
2;15;12.18;18.08;21.11;NA;23.22;27.26;NA;NA;ND;NA;NA;NA;
2;16;10.87;18.38;10.46;NA;27.21;14;NA;NA;ND;NA;NA;NA;
2;17;5.02;7.97;10.69;NA;46.62;12.75;NA;NA;ND;NA;NA;NA;
2;18;12.2;7.13;13.33;NA;22.99;10.01;NA;NA;ND;NA;NA;NA;
2;19;9.95;23.64;6.53;NA;11.73;8.76;NA;NA;ND;NA;NA;NA;
2;20;4.95;12.94;10.75;NA;11.16;10.28;NA;NA;ND;NA;NA;NA;
2;21;9.18;9.08;12.9;NA;6.43;11.07;NA;NA;ND;NA;NA;NA;
2;22;11.18;8.48;7.62;NA;13.15;12.18;NA;NA;ND;NA;NA;NA;
2;23;ND;16.94;4.75;NA;ND;14.43;NA;NA;ND;NA;NA;NA;
3;0;5.71;23.16;2.38;NA;27.84;23.12;NA;NA;ND;NA;NA;NA;
3;1;7.35;18.88;17.12;NA;21.04;24.95;NA;NA;ND;NA;NA;NA;
3;2;14.2;16.17;8.18;NA;6.44;7.19;NA;NA;ND;NA;NA;NA;
3;3;32.74;22.94;8.86;NA;22.99;13.3;NA;NA;ND;NA;NA;NA;
3;4;14.81;18.57;13.95;NA;21.28;18.75;NA;NA;ND;NA;NA;NA;
3;5;15.8;28.82;13.43;NA;43.12;21.31;NA;NA;ND;NA;NA;NA;
3;6;28.66;19.11;18.62;NA;58.84;29.29;NA;NA;ND;NA;NA;NA;
3;7;20.74;30.63;37.07;NA;56.52;41.78;NA;NA;ND;NA;NA;NA;
3;8;36.5;12.4;66.04;NA;39.3;34.43;NA;NA;ND;NA;NA;NA;
3;9;41.58;28.99;54.19;NA;8.41;19.79;NA;NA;ND;NA;NA;NA;
3;10;40.75;22.09;44.74;NA;11.55;7.65;NA;NA;ND;NA;NA;NA;
3;11;30.33;23.25;39.54;NA;13.17;15.34;NA;NA;ND;NA;NA;NA;
3;12;4.85;3.15;6.16;NA;12.78;14.41;NA;NA;ND;NA;NA;NA;
3;13;10.88;9.86;0;NA;23.67;30.89;NA;NA;ND;NA;NA;NA;
3;14;11.74;11.57;0;NA;13.74;16.13;NA;NA;ND;NA;NA;NA;
3;15;8.32;6.66;1.76;NA;18.78;18.92;NA;NA;ND;NA;NA;NA;
3;16;0;12.51;9.13;NA;17.47;9.4;NA;NA;ND;NA;NA;NA;
3;17;8.11;1.98;9.47;NA;2.68;14.72;NA;NA;ND;NA;NA;NA;
3;18;12.97;15.14;19.01;NA;4.79;11.43;NA;NA;ND;NA;NA;NA;
3;19;19.76;14.92;10.46;NA;15.13;13.9;NA;NA;ND;NA;NA;NA;
3;20;20.94;11.98;9.42;NA;23.41;14;NA;NA;ND;NA;NA;NA;
3;21;9.56;14.05;7.12;NA;28.58;9.25;NA;NA;ND;NA;NA;NA;
3;22;3.38;4.89;3.48;NA;15;16.25;NA;NA;ND;NA;NA;NA;
3;23;ND;2.96;6.46;NA;ND;15.57;NA;NA;ND;NA;NA;NA;
4;0;10.87;8.84;20.05;NA;12.91;7.27;NA;NA;ND;NA;NA;NA;
4;1;4.87;8.03;15.11;NA;30.8;18.42;NA;NA;ND;NA;NA;NA;
4;2;6.59;5.88;14.32;NA;9.64;17.4;NA;NA;ND;NA;NA;NA;
4;3;6.62;4.23;10.52;NA;24.31;21.38;NA;NA;ND;NA;NA;NA;
4;4;12.18;19.06;14.43;NA;18.15;16.2;NA;NA;ND;NA;NA;NA;
4;5;13.81;5.9;10.47;NA;19.82;23.4;NA;NA;ND;NA;NA;NA;
4;6;19.29;9.84;19.97;NA;45.5;29.08;NA;NA;ND;NA;NA;NA;
4;7;26.14;19.11;33.18;NA;48.68;51.85;NA;NA;ND;NA;NA;NA;
4;8;14.41;22.91;39.02;NA;39.55;45.09;NA;NA;ND;NA;NA;NA;
4;9;5.09;17.02;37.72;NA;ND;26.87;NA;NA;ND;NA;NA;NA;
4;10;16.43;10.79;43.88;NA;42.68;22.04;NA;NA;ND;NA;NA;NA;
4;11;22.89;16.5;66.13;NA;ND;30.06;NA;NA;ND;NA;NA;NA;
4;12;21.94;14.11;37.24;NA;ND;25.59;NA;NA;ND;NA;NA;NA;
4;13;6;14.31;2.68;NA;ND;22.05;NA;NA;ND;NA;NA;NA;
4;14;21.79;0.56;6.31;NA;10.32;8.86;NA;NA;ND;NA;NA;NA;
4;15;11.27;21.44;4.22;NA;13.43;20.56;NA;NA;ND;NA;NA;NA;
4;16;18.85;8.82;9.81;NA;2.72;12.99;NA;NA;ND;NA;NA;NA;
4;17;12.28;23.63;18.87;NA;33.28;28.92;NA;NA;ND;NA;NA;NA;
4;18;13.49;32.77;13.79;NA;33.96;7.75;NA;NA;ND;NA;NA;NA;
4;19;15.73;18.23;18.75;NA;ND;15.16;NA;NA;ND;NA;NA;NA;
4;20;12.1;14.32;7.96;NA;26.99;15.46;NA;NA;ND;NA;NA;NA;
4;21;11.98;15.38;10.09;NA;18.15;7.63;NA;NA;ND;NA;NA;NA;
4;22;10.13;12.73;5.68;NA;17.83;8.31;NA;NA;ND;NA;NA;NA;
4;23;ND;12.44;4.95;NA;ND;8.93;NA;NA;ND;NA;NA;NA;
5;0;28.73;16.16;6.29;NA;1.44;10.18;NA;NA;ND;NA;NA;NA;
5;1;10.73;5.69;13.49;NA;23.49;14.78;NA;NA;ND;NA;NA;NA;
5;2;9.12;11.55;9.31;NA;10.38;15.97;NA;NA;ND;NA;NA;NA;
5;3;15.09;6.64;12.05;NA;20.01;17.97;NA;NA;ND;NA;NA;NA;
5;4;16.12;18.52;9.89;NA;22.52;19.23;NA;NA;ND;NA;NA;NA;
5;5;22.55;14.22;13.52;NA;28.82;18.22;NA;NA;ND;NA;NA;NA;
5;6;34.56;71.54;20.05;NA;33.51;15.89;NA;NA;ND;NA;NA;NA;
5;7;47.47;62.29;28.76;NA;62.59;38.28;NA;NA;ND;NA;NA;NA;
5;8;24.12;14.39;33.25;NA;58.43;29.37;NA;NA;ND;NA;NA;NA;
5;9;12.23;13.02;35.04;NA;25.28;25.7;NA;NA;ND;NA;NA;NA;
5;10;1.76;10.7;15.09;NA;16.43;27.25;NA;NA;ND;NA;NA;NA;
5;11;13.8;4.75;27.46;NA;23.74;29.16;NA;NA;ND;NA;NA;NA;
5;12;9.14;10.02;25.59;NA;16.46;27.27;NA;NA;ND;NA;NA;NA;
5;13;18.4;4.09;21.82;NA;23.99;29.31;NA;NA;ND;NA;NA;NA;
5;14;22.44;21.24;20.94;NA;22.32;12.08;NA;NA;ND;NA;NA;NA;
5;15;13.94;19.53;27.99;NA;18.02;24.57;NA;NA;ND;NA;NA;NA;
5;16;8.03;21.57;24.37;NA;14.17;28.04;NA;NA;ND;NA;NA;NA;
5;17;16.37;15.55;20.87;NA;15.82;22.45;NA;NA;ND;NA;NA;NA;
5;18;11.3;13.14;22.98;NA;20.42;31.26;NA;NA;ND;NA;NA;NA;
5;19;9.13;11.37;22.11;NA;23.03;22.55;NA;NA;ND;NA;NA;NA;
5;20;8.66;27.65;19.84;NA;1.34;24.97;NA;NA;ND;NA;NA;NA;
5;21;19.23;13.3;21.73;NA;55.08;25.63;NA;NA;ND;NA;NA;NA;
5;22;16.45;10.65;22.54;NA;ND;18.94;NA;NA;ND;NA;NA;NA;
5;23;ND;19.59;17.31;NA;ND;20.5;NA;NA;ND;NA;NA;NA;
6;0;3.73;15.42;23.45;NA;3.38;14.56;NA;NA;ND;NA;NA;NA;
6;1;18.51;13.67;21.45;NA;21.64;22.51;NA;NA;ND;NA;NA;NA;
6;2;17.86;7.89;13.87;NA;11.02;19.3;NA;NA;ND;NA;NA;NA;
6;3;5.55;4.13;9.26;NA;22.6;16.61;NA;NA;ND;NA;NA;NA;
6;4;13.23;7.63;7.92;NA;10.66;7.46;NA;NA;ND;NA;NA;NA;
6;5;16.23;9.91;9.74;NA;7.54;7.91;NA;NA;ND;NA;NA;NA;
6;6;12.76;27.75;11.52;NA;22.49;12.5;NA;NA;ND;NA;NA;NA;
6;7;10.48;18.65;7.11;NA;39.38;23.63;NA;NA;ND;NA;NA;NA;
6;8;14.53;14.81;8.61;NA;23.25;17.16;NA;NA;ND;NA;NA;NA;
6;9;3.5;16.01;20.92;NA;20;20.44;NA;NA;ND;NA;NA;NA;
6;10;15.27;1.37;12.4;NA;24.68;20.51;NA;NA;ND;NA;NA;NA;
6;11;22.87;13.44;18.84;NA;22.27;14.92;NA;NA;ND;NA;NA;NA;
6;12;25.02;15.37;21.38;NA;8.01;17.81;NA;NA;ND;NA;NA;NA;
6;13;6.62;11.59;16.86;NA;20.87;27.28;NA;NA;ND;NA;NA;NA;
6;14;11.97;7.47;24.32;NA;33.76;21.28;NA;NA;ND;NA;NA;NA;
6;15;3.16;7.79;12.56;NA;22.28;25.44;NA;NA;ND;NA;NA;NA;
6;16;5.02;13.62;10.79;NA;15.29;32.12;NA;NA;ND;NA;NA;NA;
6;17;17.76;16.6;23.06;NA;23.84;14.08;NA;NA;ND;NA;NA;NA;
6;18;19.65;24.73;20;NA;20.84;22.86;NA;NA;ND;NA;NA;NA;
6;19;29.06;28.57;21.47;NA;28.62;24.99;NA;NA;ND;NA;NA;NA;
6;20;23.24;33.54;24.61;NA;44.26;34.35;NA;NA;ND;NA;NA;NA;
6;21;34.79;16.59;29.29;NA;ND;29.67;NA;NA;ND;NA;NA;NA;
6;22;23.66;17.28;25.28;NA;ND;46.72;NA;NA;ND;NA;NA;NA;
6;23;ND;30.36;41.13;NA;ND;52.23;NA;NA;ND;NA;NA;NA;
7;0;25.09;19.07;36.05;NA;59.02;44.21;NA;NA;ND;NA;NA;NA;
7;1;17.06;12.11;25.84;NA;50.69;48.67;NA;NA;ND;NA;NA;NA;
7;2;19.53;14.05;24.63;NA;48.68;45.88;NA;NA;ND;NA;NA;NA;
7;3;17.25;28.15;32.85;NA;39.38;34.25;NA;NA;ND;NA;NA;NA;
7;4;20.02;14.63;24.14;NA;48.59;32.21;NA;NA;ND;NA;NA;NA;
7;5;21.32;37.36;29.35;NA;41.38;26.66;NA;NA;ND;NA;NA;NA;
7;6;29.58;33.36;26.99;NA;66.76;46.22;NA;NA;ND;NA;NA;NA;
7;7;35.73;23.98;37.22;NA;85.44;49.67;NA;NA;ND;NA;NA;NA;
7;8;36.33;28.35;42.27;NA;47.23;59.03;NA;NA;ND;NA;NA;NA;
7;9;45.54;23.17;38.02;NA;27.83;29.21;NA;NA;ND;NA;NA;NA;
7;10;38.36;21.02;32.31;NA;23.66;35.99;NA;NA;ND;NA;NA;NA;
7;11;5.38;18.78;25.6;NA;20.59;25.25;NA;NA;ND;NA;NA;NA;
7;12;20.82;8.5;24.54;NA;16.7;5.26;NA;NA;ND;NA;NA;NA;
7;13;11.84;15.57;15.23;NA;1.27;14.75;NA;NA;ND;NA;NA;NA;
7;14;6.3;14.42;12.9;NA;41.17;17.32;NA;NA;ND;NA;NA;NA;
7;15;11.11;13.89;14.55;NA;12.8;22.42;NA;NA;ND;NA;NA;NA;
7;16;6.57;3.22;22.4;NA;11.38;10.15;NA;NA;ND;NA;NA;NA;
7;17;6.37;7.47;19.4;NA;16.14;13.58;NA;NA;ND;NA;NA;NA;
7;18;14.9;12.93;17.82;NA;20.96;17.74;NA;NA;ND;NA;NA;NA;
7;19;3.97;10.71;22.29;NA;29.67;17.65;NA;NA;ND;NA;NA;NA;
7;20;4.72;5.61;17.07;NA;37.91;21.03;NA;NA;ND;NA;NA;NA;
7;21;6.85;17.46;11.21;NA;29.8;14.48;NA;NA;ND;NA;NA;NA;
7;22;12.86;3.76;12.32;NA;15.01;15.04;NA;NA;ND;NA;NA;NA;
7;23;ND;21.44;17.75;NA;ND;17.34;NA;NA;ND;NA;NA;NA;
8;0;19.58;18.59;24.67;NA;28.07;16.31;NA;NA;ND;NA;NA;NA;
8;1;18.37;21.16;15.51;NA;19.74;19.27;NA;NA;ND;NA;NA;NA;
8;2;19.15;28.1;12.08;NA;25.48;24.1;NA;NA;ND;NA;NA;NA;
8;3;17.07;11.85;14.38;NA;11.36;21.36;NA;NA;ND;NA;NA;NA;
8;4;21.27;14.62;15.6;NA;15.78;13.62;NA;NA;ND;NA;NA;NA;
8;5;12.81;13.27;11;NA;21.98;13.92;NA;NA;ND;NA;NA;NA;
8;6;23.71;14.87;22.87;NA;24.83;19.67;NA;NA;ND;NA;NA;NA;
8;7;29.43;21.24;19.23;NA;17.38;25.45;NA;NA;ND;NA;NA;NA;
8;8;18.52;5.53;25.81;NA;14.88;26.04;NA;NA;ND;NA;NA;NA;
8;9;33.54;16.11;35.9;NA;16.15;12.26;NA;NA;ND;NA;NA;NA;
8;10;20.95;20.48;16.5;NA;3.18;14.73;NA;NA;ND;NA;NA;NA;
8;11;11.63;5.68;17.86;NA;26.58;15.94;NA;NA;ND;NA;NA;NA;
8;12;10.08;13.06;8.39;NA;2.31;7.33;NA;NA;ND;NA;NA;NA;
8;13;17.54;8.72;12.91;NA;16.7;17.65;NA;NA;ND;NA;NA;NA;
8;14;8.73;19.08;10.23;NA;8.79;16.69;NA;NA;ND;NA;NA;NA;
8;15;6.3;16.48;13.95;NA;12.19;15.01;NA;NA;ND;NA;NA;NA;
8;16;4.72;12.63;11.39;NA;8.19;18.91;NA;NA;ND;NA;NA;NA;
8;17;18.33;16.31;10.5;NA;2.66;3.16;NA;NA;ND;NA;NA;NA;
8;18;9.53;12.3;10.47;NA;11.79;4.42;NA;NA;ND;NA;NA;NA;
8;19;6.99;8.69;15.57;NA;23.46;17.89;NA;NA;ND;NA;NA;NA;
8;20;7.62;15.75;13.78;NA;95.97;15.19;NA;NA;ND;NA;NA;NA;
8;21;13.1;10.82;12.54;NA;ND;22.98;NA;NA;ND;NA;NA;NA;
8;22;11.06;13.95;12;NA;44.73;16.74;NA;NA;ND;NA;NA;NA;
8;23;ND;11.75;8.5;NA;ND;18.09;NA;NA;ND;NA;NA;NA;
9;0;11.32;8.89;4.79;NA;17.26;12.65;NA;NA;ND;NA;NA;NA;
9;1;14.99;9.26;13.36;NA;26.99;20.43;NA;NA;ND;NA;NA;NA;
9;2;14.09;10.1;9.41;NA;0;22.73;NA;NA;ND;NA;NA;NA;
9;3;12.53;3.83;16.34;NA;15.12;20.4;NA;NA;ND;NA;NA;NA;
9;4;12.18;17.25;12.7;NA;18.05;18.98;NA;NA;ND;NA;NA;NA;
9;5;4.84;12.74;16.08;NA;24.08;22.4;NA;NA;ND;NA;NA;NA;
9;6;16.52;10.68;18.36;NA;25;29.2;NA;NA;ND;NA;NA;NA;
9;7;4.77;15.62;25.7;NA;23.77;17.76;NA;NA;ND;NA;NA;NA;
9;8;13.25;17.49;14.35;NA;14.09;13.06;NA;NA;ND;NA;NA;NA;
9;9;25.22;20.36;24.66;NA;25.58;17.96;NA;NA;ND;NA;NA;NA;
9;10;24.91;14.22;24.6;NA;22.54;25.01;NA;NA;ND;NA;NA;NA;
9;11;15.24;11.99;19.5;NA;28.57;30.03;NA;NA;ND;NA;NA;NA;
9;12;11.4;8.19;16.67;NA;2.18;6.77;NA;NA;ND;NA;NA;NA;
9;13;8.79;10.6;12.32;NA;1.78;18.9;NA;NA;ND;NA;NA;NA;
9;14;11.97;12.02;13.07;NA;25;22.98;NA;NA;ND;NA;NA;NA;
9;15;8.31;23.63;8.49;NA;12.72;15.39;NA;NA;ND;NA;NA;NA;
9;16;12.07;17.22;14.6;NA;10.56;5.66;NA;NA;ND;NA;NA;NA;
9;17;5.1;18.1;8.82;NA;11.84;10.65;NA;NA;ND;NA;NA;NA;
9;18;3.28;7.82;8.82;NA;13.52;2.38;NA;NA;ND;NA;NA;NA;
9;19;7.24;12.96;5.37;NA;14.28;9.07;NA;NA;ND;NA;NA;NA;
9;20;8.25;9.7;14.5;NA;15.16;14.42;NA;NA;ND;NA;NA;NA;
9;21;8.6;3.15;7.68;NA;11.75;12;NA;NA;ND;NA;NA;NA;
9;22;3.22;5.66;13.77;NA;14.43;20.67;NA;NA;ND;NA;NA;NA;
9;23;ND;10.93;9.18;NA;ND;5.97;NA;NA;ND;NA;NA;NA;
10;0;6.71;9.5;34.74;NA;5.16;4.19;NA;NA;ND;NA;NA;NA;
10;1;0.91;9.02;11.6;NA;19.41;13.19;NA;NA;ND;NA;NA;NA;
10;2;13.22;6.1;8.41;NA;16;11.33;NA;NA;ND;NA;NA;NA;
10;3;7.43;11.9;14.98;NA;13.85;19.63;NA;NA;ND;NA;NA;NA;
10;4;15.27;4.37;16.7;NA;14.66;16.42;NA;NA;ND;NA;NA;NA;
10;5;13.02;20.55;16.84;NA;16.37;14.3;NA;NA;ND;NA;NA;NA;
10;6;26.78;25.08;26.32;NA;46.24;29.19;NA;NA;ND;NA;NA;NA;
10;7;32.83;21.7;54.44;NA;51.7;51.77;NA;NA;ND;NA;NA;NA;
10;8;28.01;15.54;51.41;NA;42.12;45.67;NA;NA;ND;NA;NA;NA;
10;9;34.33;29.87;44.62;NA;20.12;33.85;NA;NA;ND;NA;NA;NA;
10;10;13.18;22.01;26.58;NA;21.99;21.28;NA;NA;ND;NA;NA;NA;
10;11;10.06;24.68;29.63;NA;21.7;22.58;NA;NA;ND;NA;NA;NA;
10;12;8.72;13.6;15.49;NA;16.11;22.75;NA;NA;ND;NA;NA;NA;
10;13;9.41;23.66;13.67;NA;ND;26.96;NA;NA;ND;NA;NA;NA;
10;14;9.85;20.48;27.06;NA;ND;27.57;NA;NA;ND;NA;NA;NA;
10;15;13.68;16.6;28;NA;20.97;24.54;NA;NA;ND;NA;NA;NA;
10;16;12.7;12.31;10.41;NA;4.66;8.81;NA;NA;ND;NA;NA;NA;
10;17;6.35;21.71;6.5;NA;25.07;13.34;NA;NA;ND;NA;NA;NA;
10;18;7.23;25.13;11.89;NA;40.06;16.17;NA;NA;ND;NA;NA;NA;
10;19;10.28;10.77;17.22;NA;20.01;16.92;NA;NA;ND;NA;NA;NA;
10;20;6.31;20.09;20.36;NA;35.91;23.08;NA;NA;ND;NA;NA;NA;
10;21;6.65;15.52;18.71;NA;41.81;23.26;NA;NA;ND;NA;NA;NA;
10;22;15.83;16.89;16.15;NA;28.41;28.66;NA;NA;ND;NA;NA;NA;
10;23;ND;21.28;19.02;NA;ND;32.87;NA;NA;ND;NA;NA;NA;
11;0;14.52;17.34;17.66;NA;39.7;30.67;NA;NA;ND;NA;NA;NA;
11;1;16.89;13.67;14.01;NA;24.92;25.91;NA;NA;ND;NA;NA;NA;
11;2;14.31;4.43;19.53;NA;33.09;32.77;NA;NA;ND;NA;NA;NA;
11;3;14.88;11.2;22.95;NA;21.25;19.14;NA;NA;ND;NA;NA;NA;
11;4;17.49;7.15;16.04;NA;22.94;23.65;NA;NA;ND;NA;NA;NA;
11;5;5.02;6.36;17.2;NA;26.16;20.96;NA;NA;ND;NA;NA;NA;
11;6;12.18;28.59;19.72;NA;61.58;40.96;NA;NA;ND;NA;NA;NA;
11;7;26.61;24.26;40.65;NA;67.26;54.1;NA;NA;ND;NA;NA;NA;
11;8;37.31;17.71;57.58;NA;55.53;40.97;NA;NA;ND;NA;NA;NA;
11;9;48.48;29.25;43.79;NA;41.54;33.83;NA;NA;ND;NA;NA;NA;
11;10;35.25;23.68;36.81;NA;25.74;36.42;NA;NA;ND;NA;NA;NA;
11;11;19.22;25.12;26.48;NA;20.68;36.88;NA;NA;ND;NA;NA;NA;
11;12;21.24;16.36;23.92;NA;21.33;26.86;NA;NA;ND;NA;NA;NA;
11;13;11.08;31.41;19.3;NA;16.6;26.37;NA;NA;ND;NA;NA;NA;
11;14;10.15;30.59;17.33;NA;11.74;13.13;NA;NA;ND;NA;NA;NA;
11;15;9.28;24.17;31.27;NA;14.95;14.34;NA;NA;ND;NA;NA;NA;
11;16;12.57;21.81;10.76;NA;3.61;5.2;NA;NA;ND;NA;NA;NA;
11;17;15.61;22.75;15.86;NA;14.51;17.58;NA;NA;ND;NA;NA;NA;
11;18;12.71;18.54;8.49;NA;17.04;13.77;NA;NA;ND;NA;NA;NA;
11;19;15.96;18.01;11.57;NA;19.11;13.7;NA;NA;ND;NA;NA;NA;
11;20;12.24;21.29;15.17;NA;14.97;20.46;NA;NA;ND;NA;NA;NA;
11;21;16.35;22.19;23.05;NA;23.88;10.85;NA;NA;ND;NA;NA;NA;
11;22;9.55;4.6;6.89;NA;22.54;9.61;NA;NA;ND;NA;NA;NA;
11;23;ND;3.04;14.33;NA;ND;18.39;NA;NA;ND;NA;NA;NA;
12;0;19.4;6.6;9.73;NA;20.34;13.19;NA;NA;ND;NA;NA;NA;
12;1;6.32;3.63;3.22;NA;13.4;20.43;NA;NA;ND;NA;NA;NA;
12;2;4.46;1.21;6.99;NA;13.63;9.94;NA;NA;ND;NA;NA;NA;
12;3;5.52;6.4;8.43;NA;5.37;6.26;NA;NA;ND;NA;NA;NA;
12;4;6.99;8.07;1.09;NA;8.41;3.17;NA;NA;ND;NA;NA;NA;
12;5;5.37;11.68;8.4;NA;10.43;9.85;NA;NA;ND;NA;NA;NA;
12;6;14.16;15.37;6.22;NA;31.29;21.85;NA;NA;ND;NA;NA;NA;
12;7;11.39;11.44;18.54;NA;45.31;35.69;NA;NA;ND;NA;NA;NA;
12;8;5.41;11.77;11.09;NA;37.17;46.16;NA;NA;ND;NA;NA;NA;
12;9;9.48;17.7;13.48;NA;13.78;34.84;NA;NA;ND;NA;NA;NA;
12;10;11.62;25.46;9.67;NA;25.73;15.86;NA;NA;ND;NA;NA;NA;
12;11;22.31;14.78;26.8;NA;27.68;30.86;NA;NA;ND;NA;NA;NA;
12;12;9.94;17.48;31.64;NA;33.27;34.7;NA;NA;ND;NA;NA;NA;
12;13;7.68;6.36;25.14;NA;32.34;16.66;NA;NA;ND;NA;NA;NA;
12;14;8.44;7.99;28.63;NA;19.14;22.69;NA;NA;ND;NA;NA;NA;
12;15;4.12;6.19;13.54;NA;7.06;11.03;NA;NA;ND;NA;NA;NA;
12;16;11.01;9.26;16.85;NA;18.1;11.56;NA;NA;ND;NA;NA;NA;
12;17;15.06;18.77;11.58;NA;19.7;18.27;NA;NA;ND;NA;NA;NA;
12;18;21.69;9.19;17.05;NA;19.95;16.26;NA;NA;ND;NA;NA;NA;
12;19;14.2;13.9;21.4;NA;34.18;13.64;NA;NA;ND;NA;NA;NA;
12;20;11.11;5;13.04;NA;37.21;16.95;NA;NA;ND;NA;NA;NA;
12;21;13.9;24.27;16.42;NA;22.11;18.16;NA;NA;ND;NA;NA;NA;
12;22;13.85;18.03;14.92;NA;14.44;18.3;NA;NA;ND;NA;NA;NA;
12;23;ND;13.75;12;NA;ND;18.48;NA;NA;ND;NA;NA;NA;
13;0;10.45;14.18;4.1;NA;26.93;11.25;NA;NA;ND;NA;NA;NA;
13;1;19.52;6.14;18.01;NA;20.94;17.24;NA;NA;ND;NA;NA;NA;
13;2;8.75;9.43;8.48;NA;22.04;14.91;NA;NA;ND;NA;NA;NA;
13;3;19.92;12.92;9.32;NA;5.44;8.35;NA;NA;ND;NA;NA;NA;
13;4;8.77;6.82;7.73;NA;17.48;5.25;NA;NA;ND;NA;NA;NA;
13;5;22.76;15.7;8.78;NA;11.2;13.05;NA;NA;ND;NA;NA;NA;
13;6;24.13;27.93;16.44;NA;26.26;21.3;NA;NA;ND;NA;NA;NA;
13;7;41.41;32.94;30.06;NA;27.3;18.76;NA;NA;ND;NA;NA;NA;
13;8;29.89;12.96;20.65;NA;19.9;19.85;NA;NA;ND;NA;NA;NA;
13;9;30.4;11.9;18.84;NA;15.23;40.89;NA;NA;ND;NA;NA;NA;
13;10;16.9;11.46;19.47;NA;15.72;32.3;NA;NA;ND;NA;NA;NA;
13;11;12.98;15.84;24.82;NA;9.82;21.93;NA;NA;ND;NA;NA;NA;
13;12;15.33;4.52;21.89;NA;15.4;22.22;NA;NA;ND;NA;NA;NA;
13;13;2.69;11.53;19.67;NA;28.57;29.23;NA;NA;ND;NA;NA;NA;
13;14;7.57;8.2;23.42;NA;8.89;16.58;NA;NA;ND;NA;NA;NA;
13;15;6.95;9.33;14.09;NA;20.37;11.5;NA;NA;ND;NA;NA;NA;
13;16;9.44;4.15;2.66;NA;7.26;13.12;NA;NA;ND;NA;NA;NA;
13;17;9.31;14.32;4.95;NA;21.14;16.76;NA;NA;ND;NA;NA;NA;
13;18;8.98;24.9;21.18;NA;17.9;11.16;NA;NA;ND;NA;NA;NA;
13;19;5.99;13.17;15.34;NA;11.55;1.81;NA;NA;ND;NA;NA;NA;
13;20;9.71;14.84;17.56;NA;15.62;24.78;NA;NA;ND;NA;NA;NA;
13;21;12.26;28.76;12.19;NA;14.09;18.52;NA;NA;ND;NA;NA;NA;
13;22;22.14;12.76;14.12;NA;17.02;13.47;NA;NA;ND;NA;NA;NA;
13;23;ND;7.45;16.53;NA;ND;9.45;NA;NA;ND;NA;NA;NA;
14;0;37.96;10.23;18.63;NA;5.81;11.28;NA;NA;ND;NA;NA;NA;
14;1;11.22;7.42;18.05;NA;9.84;16.11;NA;NA;ND;NA;NA;NA;
14;2;5.15;3.17;13.64;NA;10.16;16.08;NA;NA;ND;NA;NA;NA;
14;3;2.82;5.86;10.15;NA;2.04;19.05;NA;NA;ND;NA;NA;NA;
14;4;4.09;2.89;5.76;NA;19.43;7.97;NA;NA;ND;NA;NA;NA;
14;5;13.15;2.61;7.93;NA;11.9;11.74;NA;NA;ND;NA;NA;NA;
14;6;23.69;9.55;10.01;NA;21.21;16.48;NA;NA;ND;NA;NA;NA;
14;7;11.69;12.28;25.26;NA;28.87;28.7;NA;NA;ND;NA;NA;NA;
14;8;18.78;22.22;22.31;NA;40.28;42.71;NA;NA;ND;NA;NA;NA;
14;9;20.4;7.21;30.24;NA;42.02;ND;NA;NA;ND;NA;NA;NA;
14;10;25.37;19.56;28.02;NA;33.89;34.87;NA;NA;ND;NA;NA;NA;
14;11;31.31;23.93;28.86;NA;32.48;23.45;NA;NA;ND;NA;NA;NA;
14;12;7.45;3.18;ND;NA;18.65;17.85;NA;NA;ND;NA;NA;NA;
14;13;8.46;8.45;26.45;NA;15.81;12.22;NA;NA;ND;NA;NA;NA;
14;14;4.32;13.06;18.54;NA;12.61;19.34;NA;NA;ND;NA;NA;NA;
14;15;5.77;1.94;1.8;NA;13.36;3.99;NA;NA;ND;NA;NA;NA;
14;16;8.89;13.2;13.06;NA;9.96;20.45;NA;NA;ND;NA;NA;NA;
14;17;19.5;16.24;22.17;NA;12.1;16.82;NA;NA;ND;NA;NA;NA;
14;18;8.89;15.98;18.75;NA;19.31;18.11;NA;NA;ND;NA;NA;NA;
14;19;4.38;19.71;18.81;NA;20.33;13.67;NA;NA;ND;NA;NA;NA;
14;20;12.19;15.68;18.18;NA;24.8;27.27;NA;NA;ND;NA;NA;NA;
14;21;12.31;4.98;15.87;NA;29.12;13.55;NA;NA;ND;NA;NA;NA;
14;22;4.45;9.45;10.3;NA;25.72;18.88;NA;NA;ND;NA;NA;NA;
14;23;ND;7.29;16.79;NA;ND;18.79;NA;NA;ND;NA;NA;NA;
15;0;4.79;20.27;28.52;NA;16.13;14.88;NA;NA;ND;NA;NA;NA;
15;1;7.05;16.71;15.89;NA;28.34;23.4;NA;NA;ND;NA;NA;NA;
15;2;10.41;18;19.51;NA;18.88;26.36;NA;NA;ND;NA;NA;NA;
15;3;2.31;4.39;10.95;NA;13.87;21.42;NA;NA;ND;NA;NA;NA;
15;4;12.59;10.4;17.49;NA;18.89;19.8;NA;NA;ND;NA;NA;NA;
15;5;15.14;7.19;14.58;NA;24.6;24.86;NA;NA;ND;NA;NA;NA;
15;6;19.47;15;18.66;NA;30.61;19.41;NA;NA;ND;NA;NA;NA;
15;7;19.43;16.44;25.19;NA;28.74;23.64;NA;NA;ND;NA;NA;NA;
15;8;34.27;20.92;19.79;NA;28.68;30.6;NA;NA;ND;NA;NA;NA;
15;9;30.22;41.94;24.02;NA;16.52;19.22;NA;NA;ND;NA;NA;NA;
15;10;17.83;20.95;26.59;NA;31.53;30.36;NA;NA;ND;NA;NA;NA;
15;11;17.95;14.99;22.27;NA;20.66;23.3;NA;NA;ND;NA;NA;NA;
15;12;4.53;8.36;10.9;NA;27.4;29.06;NA;NA;ND;NA;NA;NA;
15;13;7.37;8.2;10.25;NA;17.73;7.26;NA;NA;ND;NA;NA;NA;
15;14;9.85;7.53;13.86;NA;4.49;7.9;NA;NA;ND;NA;NA;NA;
15;15;14.59;12.89;15.59;NA;19.93;10.84;NA;NA;ND;NA;NA;NA;
15;16;14.1;12.9;7.06;NA;13.71;11.75;NA;NA;ND;NA;NA;NA;
15;17;11.64;7.44;15.87;NA;12.66;19.35;NA;NA;ND;NA;NA;NA;
15;18;7.1;12.84;11.45;NA;19.56;12.79;NA;NA;ND;NA;NA;NA;
15;19;6.14;17;12.23;NA;13.68;17.77;NA;NA;ND;NA;NA;NA;
15;20;10.85;6.68;6.56;NA;28.91;24.84;NA;NA;ND;NA;NA;NA;
15;21;2.78;7.52;3.66;NA;18.2;30.71;NA;NA;ND;NA;NA;NA;
15;22;8.17;9.98;10.4;NA;13.88;19.56;NA;NA;ND;NA;NA;NA;
15;23;ND;8.69;9.1;NA;16.24;6.32;NA;NA;ND;NA;NA;NA;
16;0;9.22;6.88;11.77;NA;29.87;41.55;NA;NA;ND;NA;NA;NA;
16;1;5.91;2.08;8.64;NA;10.31;12.38;NA;NA;ND;NA;NA;NA;
16;2;5.38;8.23;8.64;NA;4.32;8.71;NA;NA;ND;NA;NA;NA;
16;3;5.06;6.08;3.56;NA;12.42;6.92;NA;NA;ND;NA;NA;NA;
16;4;5.56;2.18;10.27;NA;17.66;9.95;NA;NA;ND;NA;NA;NA;
16;5;10.12;5.91;3.29;NA;19.19;3.27;NA;NA;ND;NA;NA;NA;
16;6;7.6;12.75;10.05;NA;17.58;16.82;NA;NA;ND;NA;NA;NA;
16;7;9.86;14.88;11.08;NA;23.21;20.92;NA;NA;ND;NA;NA;NA;
16;8;15.89;9.83;13.45;NA;16.11;24.07;NA;NA;ND;NA;NA;NA;
16;9;15.31;6.3;9.94;NA;26.89;8.89;NA;NA;ND;NA;NA;NA;
16;10;18.84;16.03;19.91;NA;26.72;19.69;NA;NA;ND;NA;NA;NA;
16;11;16.15;9.71;17.67;NA;2.57;11.46;NA;NA;ND;NA;NA;NA;
16;12;6.57;8.12;19.67;NA;25.77;23.34;NA;NA;ND;NA;NA;NA;
16;13;7.63;8.67;8.66;NA;15.8;9.05;NA;NA;ND;NA;NA;NA;
16;14;6.89;10.54;8.88;NA;5.8;7.93;NA;NA;ND;NA;NA;NA;
16;15;8.67;8.43;5.95;NA;11.02;6.01;NA;NA;ND;NA;NA;NA;
16;16;15.68;19.75;8.42;NA;9.86;11.33;NA;NA;ND;NA;NA;NA;
16;17;5.53;16.19;12.27;NA;12.09;12.39;NA;NA;ND;NA;NA;NA;
16;18;7.95;17.51;10.77;NA;19.23;13.06;NA;NA;ND;NA;NA;NA;
16;19;9.7;18.14;9.16;NA;11.48;5.73;NA;NA;ND;NA;NA;NA;
16;20;12.03;16.95;9.9;NA;18.69;15.39;NA;NA;ND;NA;NA;NA;
16;21;4.21;3.42;7.84;NA;21.04;8.52;NA;NA;ND;NA;NA;NA;
16;22;6.65;8.74;4.5;NA;ND;12.47;NA;NA;ND;NA;NA;NA;
16;23;ND;13.72;5.74;NA;ND;8.83;NA;NA;ND;NA;NA;NA;
17;0;10.39;15.92;7.88;NA;13.47;0.42;NA;NA;ND;NA;NA;NA;
17;1;0.83;5.09;9.7;NA;10.76;13.01;NA;NA;ND;NA;NA;NA;
17;2;7.72;11.58;5.56;NA;13.87;4.44;NA;NA;ND;NA;NA;NA;
17;3;2.38;7.61;4.1;NA;14.91;11.43;NA;NA;ND;NA;NA;NA;
17;4;12.49;9.19;12.28;NA;12.2;14.13;NA;NA;ND;NA;NA;NA;
17;5;8.69;6.05;8.14;NA;9.86;11.94;NA;NA;ND;NA;NA;NA;
17;6;9.91;27.28;19.87;NA;36.69;25.28;NA;NA;ND;NA;NA;NA;
17;7;25.61;24.33;17.85;NA;42.37;27.43;NA;NA;ND;NA;NA;NA;
17;8;12.95;ND;22.12;NA;ND;34.6;NA;NA;ND;NA;NA;NA;
17;9;25.73;ND;24.32;NA;33.32;25.14;NA;NA;ND;NA;NA;NA;
17;10;29.87;ND;20.43;NA;22.1;17.3;NA;NA;ND;NA;NA;NA;
17;11;17.54;18.67;20.91;NA;14.71;8.37;NA;NA;ND;NA;NA;NA;
17;12;16.67;14.17;25.78;NA;16.09;22.03;NA;NA;ND;NA;NA;NA;
17;13;7;4.26;14.05;NA;9.35;16.13;NA;NA;ND;NA;NA;NA;
17;14;10.69;11.62;11.34;NA;8.6;10.12;NA;NA;ND;NA;NA;NA;
17;15;8.81;13.28;15.53;NA;6.32;7.05;NA;NA;ND;NA;NA;NA;
17;16;14.12;14.31;16.35;NA;3.51;12.57;NA;NA;ND;NA;NA;NA;
17;17;11.57;17.2;14.54;NA;0.96;17.24;NA;NA;ND;NA;NA;NA;
17;18;10.28;19.14;20.18;NA;36.69;13.67;NA;NA;ND;NA;NA;NA;
17;19;19.97;17.52;10.5;NA;43.84;15.64;NA;NA;ND;NA;NA;NA;
17;20;12.27;13.2;7.67;NA;34.28;9.65;NA;NA;ND;NA;NA;NA;
17;21;14.92;20.04;13.12;NA;25.86;14.78;NA;NA;ND;NA;NA;NA;
17;22;10.56;15.47;9.39;NA;16.69;15.12;NA;NA;ND;NA;NA;NA;
17;23;ND;27.25;14.86;NA;ND;20.24;NA;NA;ND;NA;NA;NA;
18;0;37.16;35.54;14.56;NA;50.16;20.23;NA;NA;ND;NA;NA;NA;
18;1;16.45;27.52;22.73;NA;8.34;18.94;NA;NA;ND;NA;NA;NA;
18;2;13.72;16.11;14.09;NA;1.2;12.89;NA;NA;ND;NA;NA;NA;
18;3;14;16.2;12.39;NA;36.5;10.91;NA;NA;ND;NA;NA;NA;
18;4;9.65;15.58;6.24;NA;37.67;14.08;NA;NA;ND;NA;NA;NA;
18;5;20.49;27.77;12.94;NA;26.15;18.16;NA;NA;ND;NA;NA;NA;
18;6;29.37;84.5;17.59;NA;51.76;29.29;NA;NA;ND;NA;NA;NA;
18;7;40.82;88.71;18.31;NA;83.97;56.04;NA;NA;ND;NA;NA;NA;
18;8;49.87;52.69;45.55;NA;87.1;57.48;NA;NA;ND;NA;NA;NA;
18;9;48.29;34.38;39.42;NA;46.65;34.93;NA;NA;ND;NA;NA;NA;
18;10;39.89;31.34;32.67;NA;31.85;41.27;NA;NA;ND;NA;NA;NA;
18;11;35.69;29.74;26.54;NA;36.15;39.11;NA;NA;ND;NA;NA;NA;
18;12;34.54;29.63;38.08;NA;5.1;4.82;NA;NA;ND;NA;NA;NA;
18;13;20.55;24.61;40.59;NA;25.89;22.56;NA;NA;ND;NA;NA;NA;
18;14;15.49;13.39;20.65;NA;30.86;17.12;NA;NA;ND;NA;NA;NA;
18;15;15.07;12.98;18.37;NA;17.58;6.18;NA;NA;ND;NA;NA;NA;
18;16;14.83;23;18.15;NA;14.27;5.89;NA;NA;ND;NA;NA;NA;
18;17;18.09;22.78;32.47;NA;20.57;21.88;NA;NA;ND;NA;NA;NA;
18;18;18.89;21.14;24.9;NA;50.11;20.54;NA;NA;ND;NA;NA;NA;
18;19;11.33;19.3;19.84;NA;38.36;22.06;NA;NA;ND;NA;NA;NA;
18;20;20.72;22.93;15.51;NA;31.45;20.28;NA;NA;ND;NA;NA;NA;
18;21;18.81;29.57;13.17;NA;21.75;27.32;NA;NA;ND;NA;NA;NA;
18;22;22.48;17.09;9.4;NA;23.59;11.46;NA;NA;ND;NA;NA;NA;
18;23;ND;16.7;11.59;NA;ND;21.44;NA;NA;ND;NA;NA;NA;
19;0;3.65;14.44;31.72;NA;31.76;16.1;NA;NA;ND;NA;NA;NA;
19;1;27.94;23.04;18.11;NA;35.93;22.4;NA;NA;ND;NA;NA;NA;
19;2;28.32;14.78;10.19;NA;25.57;19.6;NA;NA;ND;NA;NA;NA;
19;3;12.27;22.44;16.25;NA;12.76;17.18;NA;NA;ND;NA;NA;NA;
19;4;15.03;31.2;15.24;NA;26.18;18.15;NA;NA;ND;NA;NA;NA;
19;5;15.66;40.56;18.58;NA;34.54;17.81;NA;NA;ND;NA;NA;NA;
19;6;33.76;76.63;25.3;NA;61.7;27.11;NA;NA;ND;NA;NA;NA;
19;7;47.98;30.04;33.42;NA;85.2;44.18;NA;NA;ND;NA;NA;NA;
19;8;38.4;21.25;37.8;NA;49.17;55.32;NA;NA;ND;NA;NA;NA;
19;9;33.79;32.81;37.52;NA;39.3;46.22;NA;NA;ND;NA;NA;NA;
19;10;18.54;22.19;32.1;NA;24.94;28.72;NA;NA;ND;NA;NA;NA;
19;11;26.04;17.91;31.43;NA;11.98;18.45;NA;NA;ND;NA;NA;NA;
19;12;15.91;16.25;20.6;NA;30.28;34.21;NA;NA;ND;NA;NA;NA;
19;13;17.22;16.4;17.87;NA;ND;17.77;NA;NA;ND;NA;NA;NA;
19;14;10.64;24.98;22.04;NA;ND;15.47;NA;NA;ND;NA;NA;NA;
19;15;7.36;21.24;10.7;NA;ND;19.87;NA;NA;ND;NA;NA;NA;
19;16;10.35;24.65;18.46;NA;23.13;18.94;NA;NA;ND;NA;NA;NA;
19;17;5.33;16.25;23.69;NA;11.76;16.12;NA;NA;ND;NA;NA;NA;
19;18;8.54;23.4;19.21;NA;18.66;15.07;NA;NA;ND;NA;NA;NA;
19;19;9.89;17.51;18.12;NA;24.53;15.51;NA;NA;ND;NA;NA;NA;
19;20;16.16;26.39;15.14;NA;28.11;18.08;NA;NA;ND;NA;NA;NA;
19;21;20.95;18.73;13.57;NA;37.04;16.58;NA;NA;ND;NA;NA;NA;
19;22;16.96;13.32;15.01;NA;28.92;18.45;NA;NA;ND;NA;NA;NA;
19;23;ND;24.43;11;NA;ND;24.73;NA;NA;ND;NA;NA;NA;
20;0;22.71;13.03;16.22;NA;42.2;18.59;NA;NA;ND;NA;NA;NA;
20;1;24.64;21.32;14.06;NA;19.36;23.79;NA;NA;ND;NA;NA;NA;
20;2;26.52;14.2;11.2;NA;29.8;20.51;NA;NA;ND;NA;NA;NA;
20;3;20.61;17.87;14.38;NA;21.79;25.24;NA;NA;ND;NA;NA;NA;
20;4;28.14;14.05;20.4;NA;20.12;20.12;NA;NA;ND;NA;NA;NA;
20;5;25.31;30.89;15.86;NA;28.64;23.3;NA;NA;ND;NA;NA;NA;
20;6;41.66;53.79;23.63;NA;43.3;38.71;NA;NA;ND;NA;NA;NA;
20;7;50.13;45.11;49.23;NA;54.72;44.81;NA;NA;ND;NA;NA;NA;
20;8;44.29;24.09;41.32;NA;45.78;25.61;NA;NA;ND;NA;NA;NA;
20;9;38.46;28.13;41.15;NA;13.54;8.14;NA;NA;ND;NA;NA;NA;
20;10;22.09;19.97;42.42;NA;27.18;30.43;NA;NA;ND;NA;NA;NA;
20;11;23.59;15.07;27.68;NA;19.9;36.69;NA;NA;ND;NA;NA;NA;
20;12;18.79;13.33;22.88;NA;18.78;ND;NA;NA;ND;NA;NA;NA;
20;13;11.54;18.27;9.12;NA;ND;ND;NA;NA;ND;NA;NA;NA;
20;14;15.55;12.98;12.54;NA;ND;ND;NA;NA;ND;NA;NA;NA;
20;15;8.26;17.46;15.18;NA;17.82;22.53;NA;NA;ND;NA;NA;NA;
20;16;14.85;24.05;15.99;NA;6.11;4.48;NA;NA;ND;NA;NA;NA;
20;17;14.28;16.63;25.67;NA;21.26;11.83;NA;NA;ND;NA;NA;NA;
20;18;9.31;21.89;16.14;NA;8.54;12.39;NA;NA;ND;NA;NA;NA;
20;19;14.52;3.52;14.1;NA;18.33;12.93;NA;NA;ND;NA;NA;NA;
20;20;7.41;16.1;16.64;NA;25.56;18.31;NA;NA;ND;NA;NA;NA;
20;21;0.19;11.33;18.84;NA;21.1;25.74;NA;NA;ND;NA;NA;NA;
20;22;0.31;16.87;12.99;NA;11;22.88;NA;NA;ND;NA;NA;NA;
20;23;ND;25.85;11.56;NA;ND;17.8;NA;NA;ND;NA;NA;NA;
21;0;10.71;21.59;9.28;NA;21.79;26.76;NA;NA;ND;NA;NA;NA;
21;1;14.79;17.17;18.89;NA;19.75;24.85;NA;NA;ND;NA;NA;NA;
21;2;19.36;7.73;10.28;NA;26.19;20.82;NA;NA;ND;NA;NA;NA;
21;3;14.38;15.62;15.5;NA;21.7;17.51;NA;NA;ND;NA;NA;NA;
21;4;16.52;13.05;14.56;NA;23.46;20.67;NA;NA;ND;NA;NA;NA;
21;5;20.15;16.47;19.12;NA;23.26;24.92;NA;NA;ND;NA;NA;NA;
21;6;27.23;29.47;22.58;NA;36.98;30.09;NA;NA;ND;NA;NA;NA;
21;7;22.7;27.37;34.76;NA;9.08;32.66;NA;NA;ND;NA;NA;NA;
21;8;15.33;21.41;40.84;NA;71.22;28.04;NA;NA;ND;NA;NA;NA;
21;9;20.86;51.63;21.51;NA;20.58;14.55;NA;NA;ND;NA;NA;NA;
21;10;24.86;97.03;19.47;NA;35.34;20.06;NA;NA;ND;NA;NA;NA;
21;11;30.34;37.39;34.43;NA;ND;40.87;NA;NA;ND;NA;NA;NA;
21;12;19.97;25.19;42.33;NA;23.46;27.06;NA;NA;ND;NA;NA;NA;
21;13;0;10.38;12.96;NA;8.06;17.83;NA;NA;ND;NA;NA;NA;
21;14;9.18;7.02;7.1;NA;7.27;11.25;NA;NA;ND;NA;NA;NA;
21;15;10.84;9.05;13.62;NA;11.72;4.73;NA;NA;ND;NA;NA;NA;
21;16;14.18;41.2;28.67;NA;15.79;2.89;NA;NA;ND;NA;NA;NA;
21;17;3.45;67.72;29.85;NA;10.85;18.95;NA;NA;ND;NA;NA;NA;
21;18;7.26;15.46;18.52;NA;16.45;15.61;NA;NA;ND;NA;NA;NA;
21;19;6.51;15.4;9.64;NA;13.27;15.88;NA;NA;ND;NA;NA;NA;
21;20;22.65;16.67;8.56;NA;4.18;16.33;NA;NA;ND;NA;NA;NA;
21;21;15.77;39.34;8.46;NA;18;18.02;NA;NA;ND;NA;NA;NA;
21;22;13.25;24.36;6.33;NA;23.27;7.73;NA;NA;ND;NA;NA;NA;
21;23;ND;20.84;13.94;NA;ND;13.12;NA;NA;ND;NA;NA;NA;
22;0;16.88;26.81;13.64;NA;12.28;8.2;NA;NA;ND;NA;NA;NA;
22;1;12.25;22.83;11.96;NA;22.11;9.75;NA;NA;ND;NA;NA;NA;
22;2;15.69;5.37;4.78;NA;8.32;11.07;NA;NA;ND;NA;NA;NA;
22;3;17.8;11.98;8.33;NA;16.74;7.22;NA;NA;ND;NA;NA;NA;
22;4;15.71;20.68;9.56;NA;17.14;15.89;NA;NA;ND;NA;NA;NA;
22;5;17.69;16.5;15.99;NA;14.62;15.28;NA;NA;ND;NA;NA;NA;
22;6;13.43;16.25;17.7;NA;25.48;20.18;NA;NA;ND;NA;NA;NA;
22;7;16.37;23.09;10.92;NA;31.17;16.63;NA;NA;ND;NA;NA;NA;
22;8;20.36;11.3;22.59;NA;35.86;32.8;NA;NA;ND;NA;NA;NA;
22;9;22.76;54.23;20.79;NA;28.73;27.03;NA;NA;ND;NA;NA;NA;
22;10;26.06;52.29;14.3;NA;44.88;19.23;NA;NA;ND;NA;NA;NA;
22;11;27.04;19.09;22.93;NA;ND;9.27;NA;NA;ND;NA;NA;NA;
22;12;13.72;7.44;25.07;NA;17.81;27.05;NA;NA;ND;NA;NA;NA;
22;13;11.33;14.23;15.98;NA;23.03;24.82;NA;NA;ND;NA;NA;NA;
22;14;10.09;12;14.36;NA;21.47;21.84;NA;NA;ND;NA;NA;NA;
22;15;9.56;12.82;17.39;NA;18.84;15.06;NA;NA;ND;NA;NA;NA;
22;16;4.76;19.2;7.63;NA;14;17.36;NA;NA;ND;NA;NA;NA;
22;17;3.63;39.08;15.22;NA;0.42;16.45;NA;NA;ND;NA;NA;NA;
22;18;1.01;38.45;16.05;NA;27.88;15.39;NA;NA;ND;NA;NA;NA;
22;19;14.83;28.81;11.32;NA;13.74;23.19;NA;NA;ND;NA;NA;NA;
22;20;8.75;16.96;17.1;NA;31.35;13.97;NA;NA;ND;NA;NA;NA;
22;21;25.35;25.65;19.57;NA;21.6;30.76;NA;NA;ND;NA;NA;NA;
22;22;17.02;25.73;16.58;NA;46.37;22.5;NA;NA;ND;NA;NA;NA;
22;23;ND;28.12;13.07;NA;ND;20.78;NA;NA;ND;NA;NA;NA;
23;0;18.31;11.43;4.16;NA;7.21;23.88;NA;NA;ND;NA;NA;NA;
23;1;23.3;19.11;20.35;NA;25.38;17.95;NA;NA;ND;NA;NA;NA;
23;2;23.67;15.89;24.1;NA;2.49;23.89;NA;NA;ND;NA;NA;NA;
23;3;21.42;9.32;21.58;NA;20.52;18.01;NA;NA;ND;NA;NA;NA;
23;4;24.14;23.61;18.43;NA;31.97;23.43;NA;NA;ND;NA;NA;NA;
23;5;22.48;43.29;15.69;NA;15.63;27;NA;NA;ND;NA;NA;NA;
23;6;20.02;28.52;20.7;NA;34.97;18.08;NA;NA;ND;NA;NA;NA;
23;7;7.61;28.16;15.25;NA;31.41;25.96;NA;NA;ND;NA;NA;NA;
23;8;23.35;55.94;21.3;NA;49.97;21.85;NA;NA;ND;NA;NA;NA;
23;9;28.52;ND;34.76;NA;73.46;31.02;NA;NA;ND;NA;NA;NA;
23;10;31.11;37.26;29.61;NA;ND;38.52;NA;NA;ND;NA;NA;NA;
23;11;31.84;13.35;36.91;NA;37.96;23.65;NA;NA;ND;NA;NA;NA;
23;12;16.73;7.92;32.2;NA;39.93;34.5;NA;NA;ND;NA;NA;NA;
23;13;5.63;23.01;21.26;NA;37.33;32.74;NA;NA;ND;NA;NA;NA;
23;14;10.95;28.16;12.32;NA;9.4;12.73;NA;NA;ND;NA;NA;NA;
23;15;13.18;27.83;20.62;NA;23.46;17.56;NA;NA;ND;NA;NA;NA;
23;16;14.84;69.73;17.55;NA;20.7;23.1;NA;NA;ND;NA;NA;NA;
23;17;15.37;18.56;18.5;NA;20.12;18.2;NA;NA;ND;NA;NA;NA;
23;18;7.38;19.83;11.64;NA;7.9;13.75;NA;NA;ND;NA;NA;NA;
23;19;13.21;13.61;10.09;NA;12.28;16.61;NA;NA;ND;NA;NA;NA;
23;20;13.58;9.06;15.48;NA;39.41;19.04;NA;NA;ND;NA;NA;NA;
23;21;13.98;10.98;11.69;NA;20.88;14.13;NA;NA;ND;NA;NA;NA;
23;22;14.46;18.4;13.67;NA;ND;19.02;NA;NA;ND;NA;NA;NA;
23;23;ND;36.28;8.06;NA;ND;16.9;NA;NA;ND;NA;NA;NA;
24;0;1.57;37.14;4.27;NA;32.84;17.65;NA;NA;ND;NA;NA;NA;
24;1;14.22;20.31;19.09;NA;8.01;13.2;NA;NA;ND;NA;NA;NA;
24;2;29.61;13.43;12.61;NA;20.15;20.4;NA;NA;ND;NA;NA;NA;
24;3;25.09;23.35;17.01;NA;10.6;19.44;NA;NA;ND;NA;NA;NA;
24;4;22.87;19.87;16.33;NA;12;13.34;NA;NA;ND;NA;NA;NA;
24;5;23.42;27.82;5.16;NA;14.85;15.54;NA;NA;ND;NA;NA;NA;
24;6;35.28;45.26;19.71;NA;37.81;27.99;NA;NA;ND;NA;NA;NA;
24;7;34.21;46.68;34.6;NA;27.57;16.38;NA;NA;ND;NA;NA;NA;
24;8;30.25;16.46;14.06;NA;6.49;13.22;NA;NA;ND;NA;NA;NA;
24;9;29.54;16.58;26.95;NA;24.79;6.74;NA;NA;ND;NA;NA;NA;
24;10;17.51;12.31;16.11;NA;32.52;18.93;NA;NA;ND;NA;NA;NA;
24;11;18.97;47.47;16.87;NA;21.54;11.04;NA;NA;ND;NA;NA;NA;
24;12;12.88;70.21;17.41;NA;ND;12.46;NA;NA;ND;NA;NA;NA;
24;13;18.7;108.26;18.82;NA;ND;19.62;NA;NA;ND;NA;NA;NA;
24;14;9.03;107.28;17.6;NA;ND;20.51;NA;NA;ND;NA;NA;NA;
24;15;12.55;ND;15.22;NA;23.65;18.18;NA;NA;ND;NA;NA;NA;
24;16;10.29;ND;16.17;NA;4.08;7.84;NA;NA;ND;NA;NA;NA;
24;17;9.84;ND;14.13;NA;10.06;13.81;NA;NA;ND;NA;NA;NA;
24;18;9.66;ND;21.55;NA;12.99;14.6;NA;NA;ND;NA;NA;NA;
24;19;6.82;ND;15.99;NA;17.68;28.55;NA;NA;ND;NA;NA;NA;
24;20;7.43;ND;15.48;NA;13.37;15.79;NA;NA;ND;NA;NA;NA;
24;21;2.97;ND;17.18;NA;15.08;20.04;NA;NA;ND;NA;NA;NA;
24;22;12.4;ND;3.96;NA;9.53;22.36;NA;NA;ND;NA;NA;NA;
24;23;ND;ND;4.26;NA;7.72;5.59;NA;NA;ND;NA;NA;NA;
25;0;7.24;ND;9.11;NA;17.91;4.1;NA;NA;ND;NA;NA;NA;
25;1;2.3;ND;10.21;NA;19.99;8.57;NA;NA;ND;NA;NA;NA;
25;2;3.27;ND;9.94;NA;9.84;9.48;NA;NA;ND;NA;NA;NA;
25;3;8.13;ND;5.86;NA;13.58;9.11;NA;NA;ND;NA;NA;NA;
25;4;3.43;ND;7.66;NA;8.37;11.15;NA;NA;ND;NA;NA;NA;
25;5;14.55;ND;8.2;NA;14.8;13.34;NA;NA;ND;NA;NA;NA;
25;6;23.59;ND;14.3;NA;20.68;20.69;NA;NA;ND;NA;NA;NA;
25;7;35.1;ND;18.71;NA;43.5;21.1;NA;NA;ND;NA;NA;NA;
25;8;25.53;ND;27.47;NA;29.73;23.48;NA;NA;ND;NA;NA;NA;
25;9;20.16;ND;16.24;NA;46.24;15.88;NA;NA;ND;NA;NA;NA;
25;10;17.15;ND;30.07;NA;73.98;21.05;NA;NA;ND;NA;NA;NA;
25;11;9.2;ND;21.41;NA;32.37;16.03;NA;NA;ND;NA;NA;NA;
25;12;9.97;ND;20.18;NA;8.08;23;NA;NA;ND;NA;NA;NA;
25;13;1.63;ND;17.73;NA;59.77;9.81;NA;NA;ND;NA;NA;NA;
25;14;9.42;ND;11.62;NA;33.36;18.45;NA;NA;ND;NA;NA;NA;
25;15;10.2;ND;8.97;NA;15.1;21.73;NA;NA;ND;NA;NA;NA;
25;16;10.85;ND;26.16;NA;16.23;12.71;NA;NA;ND;NA;NA;NA;
25;17;9.31;ND;3.8;NA;19.82;13.35;NA;NA;ND;NA;NA;NA;
25;18;12.96;ND;23.37;NA;20.68;21.38;NA;NA;ND;NA;NA;NA;
25;19;13.11;ND;21.17;NA;42.8;37.62;NA;NA;ND;NA;NA;NA;
25;20;13.15;ND;16.29;NA;45.51;39.99;NA;NA;ND;NA;NA;NA;
25;21;19.54;ND;19.08;NA;37.94;29.35;NA;NA;ND;NA;NA;NA;
25;22;5.94;ND;22.54;NA;25.66;21.69;NA;NA;ND;NA;NA;NA;
25;23;ND;ND;20.34;NA;16.91;16.04;NA;NA;ND;NA;NA;NA;
26;0;22.59;ND;28.14;NA;17.95;24.82;NA;NA;ND;NA;NA;NA;
26;1;11.03;ND;22.83;NA;21.04;26.27;NA;NA;ND;NA;NA;NA;
26;2;11.22;ND;12.58;NA;24.09;15.81;NA;NA;ND;NA;NA;NA;
26;3;2.14;ND;4.89;NA;31.28;27.96;NA;NA;ND;NA;NA;NA;
26;4;10.53;ND;7.97;NA;25.9;14.93;NA;NA;ND;NA;NA;NA;
26;5;13.54;ND;9.56;NA;21.01;14.15;NA;NA;ND;NA;NA;NA;
26;6;11.37;ND;11.89;NA;35.79;15.72;NA;NA;ND;NA;NA;NA;
26;7;17.18;ND;16.22;NA;58.34;27.84;NA;NA;ND;NA;NA;NA;
26;8;26.6;ND;24.8;NA;95.8;33.52;NA;NA;ND;NA;NA;NA;
26;9;14.32;ND;29.26;NA;100.86;36.81;NA;NA;ND;NA;NA;NA;
26;10;35.4;ND;29.39;NA;32.12;20.7;NA;NA;ND;NA;NA;NA;
26;11;34.98;ND;23.8;NA;14.13;20.17;NA;NA;ND;NA;NA;NA;
26;12;ND;ND;20.41;NA;14.5;16.58;NA;NA;ND;NA;NA;NA;
26;13;ND;ND;18.05;NA;15.65;10.46;NA;NA;ND;NA;NA;NA;
26;14;ND;ND;18.64;NA;17.47;18.94;NA;NA;ND;NA;NA;NA;
26;15;ND;ND;18.85;NA;47.62;33.76;NA;NA;ND;NA;NA;NA;
26;16;ND;ND;8.29;NA;55.07;8.96;NA;NA;ND;NA;NA;NA;
26;17;19.68;ND;17.72;NA;65.28;19.54;NA;NA;ND;NA;NA;NA;
26;18;9.96;ND;21.45;NA;40.97;26.05;NA;NA;ND;NA;NA;NA;
26;19;6.33;ND;20.04;NA;16.32;15.43;NA;NA;ND;NA;NA;NA;
26;20;16.16;ND;19.93;NA;24.5;26;NA;NA;ND;NA;NA;NA;
26;21;14.43;ND;21.44;NA;28.67;22.63;NA;NA;ND;NA;NA;NA;
26;22;9.58;ND;14.16;NA;27.73;21.66;NA;NA;ND;NA;NA;NA;
26;23;ND;ND;13.82;NA;24.55;20.94;NA;NA;ND;NA;NA;NA;
27;0;18.96;ND;7.89;NA;17.18;18.72;NA;NA;ND;NA;NA;NA;
27;1;9.3;ND;11.9;NA;12.66;20.31;NA;NA;ND;NA;NA;NA;
27;2;6.59;ND;13.22;NA;11.11;16.93;NA;NA;ND;NA;NA;NA;
27;3;18.42;ND;19.35;NA;12.6;19.79;NA;NA;ND;NA;NA;NA;
27;4;14.78;ND;11.31;NA;13.39;13.19;NA;NA;ND;NA;NA;NA;
27;5;21.98;ND;6.23;NA;23.09;22.91;NA;NA;ND;NA;NA;NA;
27;6;34.01;ND;19.48;NA;67.52;33.62;NA;NA;ND;NA;NA;NA;
27;7;37.33;ND;37.04;NA;71.33;65.46;NA;NA;ND;NA;NA;NA;
27;8;43.12;ND;43.67;NA;73.54;34.22;NA;NA;ND;NA;NA;NA;
27;9;21.43;ND;13.24;NA;26.6;17.48;NA;NA;ND;NA;NA;NA;
27;10;18.23;ND;10.52;NA;13.02;7.62;NA;NA;ND;NA;NA;NA;
27;11;13.52;ND;11.82;NA;10.78;7.49;NA;NA;ND;NA;NA;NA;
27;12;9.76;ND;8.29;NA;4.92;12.72;NA;NA;ND;NA;NA;NA;
27;13;19.89;ND;14.99;NA;9.02;10.26;NA;NA;ND;NA;NA;NA;
27;14;10.36;ND;20.52;NA;33;18.68;NA;NA;ND;NA;NA;NA;
27;15;7.58;ND;20.31;NA;23.79;17.71;NA;NA;ND;NA;NA;NA;
27;16;18.01;ND;16.04;NA;17.36;15.7;NA;NA;ND;NA;NA;NA;
27;17;9;ND;12.85;NA;32.88;16.2;NA;NA;ND;NA;NA;NA;
27;18;20.47;ND;30.56;NA;26.98;16;NA;NA;ND;NA;NA;NA;
27;19;9.68;ND;40.38;NA;30.26;24.78;NA;NA;ND;NA;NA;NA;
27;20;15.99;ND;27.88;NA;25.92;23.89;NA;NA;ND;NA;NA;NA;
27;21;24.83;ND;39.59;NA;16.89;26.22;NA;NA;ND;NA;NA;NA;
27;22;11.65;ND;38.59;NA;18.07;33.85;NA;NA;ND;NA;NA;NA;
27;23;ND;ND;17.37;NA;25.35;29.18;NA;NA;ND;NA;NA;NA;
28;0;2.4;ND;9.69;NA;18.92;12.49;NA;NA;ND;NA;NA;NA;
28;1;8.32;ND;16.26;NA;25.55;18.01;NA;NA;ND;NA;NA;NA;
28;2;0.02;ND;9.12;NA;25.51;27.62;NA;NA;ND;NA;NA;NA;
28;3;10.32;ND;16.16;NA;18.17;16.31;NA;NA;ND;NA;NA;NA;
28;4;4.45;ND;13.76;NA;19.32;14.79;NA;NA;ND;NA;NA;NA;
28;5;13.78;ND;18.62;NA;20.85;28.06;NA;NA;ND;NA;NA;NA;
28;6;28.36;ND;14.57;NA;45.79;46.38;NA;NA;ND;NA;NA;NA;
28;7;47.77;ND;37.14;NA;51.01;49.41;NA;NA;ND;NA;NA;NA;
28;8;43.94;ND;42.87;NA;81.21;29.74;NA;NA;ND;NA;NA;NA;
28;9;31.03;ND;25.4;NA;31.65;22.56;NA;NA;ND;NA;NA;NA;
28;10;18.38;ND;4.5;NA;10.92;2.4;NA;NA;ND;NA;NA;NA;
28;11;11.47;ND;0;NA;33.67;10.41;NA;NA;ND;NA;NA;NA;
28;12;13.52;ND;0;NA;16.17;15.57;NA;NA;ND;NA;NA;NA;
28;13;14.76;ND;0;NA;21.26;4.9;NA;NA;ND;NA;NA;NA;
28;14;17.4;ND;1.13;NA;9.49;13.69;NA;NA;ND;NA;NA;NA;
28;15;9.84;ND;7.66;NA;25.11;13.88;NA;NA;ND;NA;NA;NA;
28;16;12.8;ND;5.13;NA;10.89;10.23;NA;NA;ND;NA;NA;NA;
28;17;15.73;ND;14.32;NA;27.14;21.84;NA;NA;ND;NA;NA;NA;
28;18;14.86;ND;13.6;NA;20.77;13.3;NA;NA;ND;NA;NA;NA;
28;19;11.77;ND;18.65;NA;25.59;35.5;NA;NA;ND;NA;NA;NA;
28;20;5.89;ND;20.51;NA;36.84;35.33;NA;NA;ND;NA;NA;NA;
28;21;22.43;ND;27.19;NA;33.21;37.55;NA;NA;ND;NA;NA;NA;
28;22;22.52;ND;27.94;NA;32.9;25.09;NA;NA;ND;NA;NA;NA;
28;23;ND;ND;24.12;NA;28.74;28.46;NA;NA;ND;NA;NA;NA;
29;0;14.89;ND;28.3;NA;24.57;26.73;NA;NA;ND;NA;NA;NA;
29;1;33.76;ND;22.25;NA;27.15;30.31;NA;NA;ND;NA;NA;NA;
29;2;25.54;ND;17.19;NA;21.35;24.93;NA;NA;ND;NA;NA;NA;
29;3;26.33;ND;16.21;NA;14.39;21.82;NA;NA;ND;NA;NA;NA;
29;4;27.92;ND;21.94;NA;18.6;25.47;NA;NA;ND;NA;NA;NA;
29;5;29;ND;19.98;NA;21.57;21.2;NA;NA;ND;NA;NA;NA;
29;6;37.83;ND;20.18;NA;26.43;29.78;NA;NA;ND;NA;NA;NA;
29;7;25.47;ND;23.81;NA;37.6;32.7;NA;NA;ND;NA;NA;NA;
29;8;40.28;ND;37.13;NA;53.44;36.42;NA;NA;ND;NA;NA;NA;
29;9;29.43;ND;29.16;NA;38.2;4.61;NA;NA;ND;NA;NA;NA;
29;10;14.54;ND;11.57;NA;32.77;0.18;NA;NA;ND;NA;NA;NA;
29;11;8.87;ND;5.55;NA;12.43;10.66;NA;NA;ND;NA;NA;NA;
29;12;20.7;ND;12.82;NA;11.56;7.1;NA;NA;ND;NA;NA;NA;
29;13;17.79;ND;11.27;NA;15.44;10.86;NA;NA;ND;NA;NA;NA;
29;14;7.59;ND;13.29;NA;27.23;13.14;NA;NA;ND;NA;NA;NA;
29;15;17.17;ND;12.17;NA;29.54;20.72;NA;NA;ND;NA;NA;NA;
29;16;11.49;ND;13.87;NA;22.27;14.64;NA;NA;ND;NA;NA;NA;
29;17;16.77;ND;6.43;NA;30.42;15.85;NA;NA;ND;NA;NA;NA;
29;18;4.39;ND;20.08;NA;15.78;29.41;NA;NA;ND;NA;NA;NA;
29;19;1.8;ND;17.91;NA;11.94;27.73;NA;NA;ND;NA;NA;NA;
29;20;5.53;ND;23.57;NA;25.15;23.9;NA;NA;ND;NA;NA;NA;
29;21;20.17;ND;17.77;NA;20.75;24.66;NA;NA;ND;NA;NA;NA;
29;22;14.41;ND;ND;NA;18.58;21.04;NA;NA;ND;NA;NA;NA;
29;23;ND;ND;ND;NA;30.15;15.65;NA;NA;ND;NA;NA;NA;
30;0;30.47;ND;23.76;NA;18.6;26.06;NA;NA;ND;NA;NA;NA;
30;1;16.68;ND;21.51;NA;22.14;23.75;NA;NA;ND;NA;NA;NA;
30;2;14.72;ND;21.38;NA;24.39;15.31;NA;NA;ND;NA;NA;NA;
30;3;14.42;ND;17.89;NA;20.1;28.68;NA;NA;ND;NA;NA;NA;
30;4;11.83;ND;14.34;NA;27.28;26.22;NA;NA;ND;NA;NA;NA;
30;5;5.88;ND;16.08;NA;31.9;14.75;NA;NA;ND;NA;NA;NA;
30;6;14.66;ND;13.31;NA;29.64;13.04;NA;NA;ND;NA;NA;NA;
30;7;18.13;ND;17.4;NA;51.43;20.77;NA;NA;ND;NA;NA;NA;
30;8;13.88;ND;10.63;NA;ND;19.49;NA;NA;ND;NA;NA;NA;
30;9;13.85;ND;17.32;NA;ND;27.43;NA;NA;ND;NA;NA;NA;
30;10;22.56;ND;27.9;NA;60.33;21.72;NA;NA;ND;NA;NA;NA;
30;11;20.89;ND;20.95;NA;22.63;13.56;NA;NA;ND;NA;NA;NA;
30;12;12.35;ND;18.17;NA;6.27;11.09;NA;NA;ND;NA;NA;NA;
30;13;14.34;ND;15.55;NA;21.43;18.04;NA;NA;ND;NA;NA;NA;
30;14;6.6;ND;12.63;NA;23.65;29.52;NA;NA;ND;NA;NA;NA;
30;15;14.85;ND;7.4;NA;24.55;14.07;NA;NA;ND;NA;NA;NA;
30;16;7.4;ND;12.26;NA;42.78;2.33;NA;NA;ND;NA;NA;NA;
30;17;12.29;ND;17.01;NA;47.12;17.6;NA;NA;ND;NA;NA;NA;
30;18;14.15;ND;13.55;NA;31.81;20.93;NA;NA;ND;NA;NA;NA;
30;19;13.83;ND;15.8;NA;32.52;22.14;NA;NA;ND;NA;NA;NA;
30;20;16.28;ND;12.05;NA;36.97;22.33;NA;NA;ND;NA;NA;NA;
30;21;15.64;ND;16.03;NA;25.68;21.85;NA;NA;ND;NA;NA;NA;
30;22;20.89;ND;15.53;NA;23.97;14.95;NA;NA;ND;NA;NA;NA;
30;23;ND;ND;14.67;NA;11.61;23.69;NA;NA;ND;NA;NA;NA;
31;0;26.23;ND;13.37;NA;14.35;12.82;NA;NA;ND;NA;NA;NA;
31;1;7.22;ND;19.33;NA;21.58;27.72;NA;NA;ND;NA;NA;NA;
31;2;14.47;ND;14.31;NA;19.22;11.92;NA;NA;ND;NA;NA;NA;
31;3;13.88;ND;22.2;NA;29.87;19.32;NA;NA;ND;NA;NA;NA;
31;4;16.88;ND;23.68;NA;17.16;27.71;NA;NA;ND;NA;NA;NA;
31;5;28.32;ND;21.08;NA;22.29;20.92;NA;NA;ND;NA;NA;NA;
31;6;40.91;ND;24.9;NA;48.11;31.73;NA;NA;ND;NA;NA;NA;
31;7;41.09;ND;27.06;NA;63.12;44.44;NA;NA;ND;NA;NA;NA;
31;8;46.6;ND;46.53;NA;90.94;60.8;NA;NA;ND;NA;NA;NA;
31;9;47.01;ND;28.15;NA;52.42;9.89;NA;NA;ND;NA;NA;NA;
31;10;42.89;ND;21.87;NA;92.01;3.61;NA;NA;ND;NA;NA;NA;
31;11;19.22;ND;24.04;NA;64.73;11.11;NA;NA;ND;NA;NA;NA;
31;12;18.69;ND;37.48;NA;12.63;9.79;NA;NA;ND;NA;NA;NA;
31;13;21.42;ND;34.08;NA;11.02;11.68;NA;NA;ND;NA;NA;NA;
31;14;13.7;ND;8.76;NA;27.57;28.78;NA;NA;ND;NA;NA;NA;
31;15;10.53;ND;6.28;NA;31.27;6.44;NA;NA;ND;NA;NA;NA;
31;16;12.43;ND;8.53;NA;44.49;13.07;NA;NA;ND;NA;NA;NA;
31;17;11.68;ND;3.62;NA;24.94;14.38;NA;NA;ND;NA;NA;NA;
31;18;0.05;ND;17.74;NA;1.39;20.46;NA;NA;ND;NA;NA;NA;
31;19;5.23;ND;9.47;NA;41.04;15.1;NA;NA;ND;NA;NA;NA;
31;20;19.4;ND;14.89;NA;36.26;26.04;NA;NA;ND;NA;NA;NA;
31;21;17.7;ND;23.25;NA;25.85;24.24;NA;NA;ND;NA;NA;NA;
31;22;16.39;ND;16.76;NA;31.75;17.16;NA;NA;ND;NA;NA;NA;
31;23;ND;ND;13.75;NA;29.71;21.75;NA;NA;ND;NA;NA;NA;
