DIA;HORA;Cotocollao;Carapungo;Belisario;Jipijapa;El Camal;Centro;Guamaní;Tumbaco;Los Chillos;El Condado;Turubamba;Chillogallo;
1;0;3.4;2.86;0.97;NA;1.23;0.89;ND;1.06;ND;NA;NA;NA;
1;1;ND;ND;ND;NA;ND;ND;ND;0.84;ND;NA;NA;NA;
1;2;1.8;3.17;1.29;NA;5.38;1.91;ND;1.12;ND;NA;NA;NA;
1;3;1.58;4.8;1.12;NA;3.17;0.84;ND;2.24;ND;NA;NA;NA;
1;4;2.41;7.23;0.83;NA;4.45;1.75;ND;4.43;ND;NA;NA;NA;
1;5;2.58;6.53;0.93;NA;7.4;3.44;ND;4.14;ND;NA;NA;NA;
1;6;4.29;8.25;3.36;NA;12.92;6.9;ND;2.43;ND;NA;NA;NA;
1;7;4.56;10.49;7.95;NA;15.27;10.62;ND;4.89;ND;NA;NA;NA;
1;8;6.76;7.32;10.57;NA;7.35;8.7;ND;5.23;ND;NA;NA;NA;
1;9;5.3;5.27;10.89;NA;5.73;5.63;ND;6.06;ND;NA;NA;NA;
1;10;2.81;4.1;7.11;NA;10.31;7.49;ND;3.64;ND;NA;NA;NA;
1;11;1.04;3.23;4.33;NA;7.41;6.05;ND;2.35;ND;NA;NA;NA;
1;12;0.82;ND;ND;NA;4.59;4.74;ND;1.88;ND;NA;NA;NA;
1;13;0.74;3.35;ND;NA;3.75;3.03;ND;1.76;ND;NA;NA;NA;
1;14;0.66;ND;0.54;NA;2.36;2.74;ND;1.44;ND;NA;NA;NA;
1;15;0.68;ND;ND;NA;2.48;1.43;ND;1.16;ND;NA;NA;NA;
1;16;0.53;2.73;ND;NA;1.7;2.54;ND;1.27;ND;NA;NA;NA;
1;17;1.72;4.11;1.46;NA;1.82;2.54;ND;1.27;ND;NA;NA;NA;
1;18;2.7;4.89;1.76;NA;2.39;2.77;ND;1.43;ND;NA;NA;NA;
1;19;1.07;4.76;1.52;NA;2.97;3.89;ND;1.28;ND;NA;NA;NA;
1;20;0.8;4.73;1.39;NA;3.32;2.53;ND;1.26;ND;NA;NA;NA;
1;21;1.07;4.76;0.94;NA;2.73;1.33;ND;1.16;ND;NA;NA;NA;
1;22;0.76;4.78;0.53;NA;1.93;1.42;ND;1.16;ND;NA;NA;NA;
1;23;1.95;4.65;0.31;NA;2.31;0.76;ND;1.28;ND;NA;NA;NA;
2;0;2.41;6.32;0.03;NA;1.7;0.58;ND;1.07;ND;NA;NA;NA;
2;1;1.6;5.2;0.1;NA;1.19;0.43;ND;1.58;ND;NA;NA;NA;
2;2;2.03;4.78;0.01;NA;1.39;0.31;ND;1.06;ND;NA;NA;NA;
2;3;1.33;4.69;0;NA;1.1;0.38;ND;0.82;ND;NA;NA;NA;
2;4;1.53;4.88;0.02;NA;1.98;0.39;ND;0.87;ND;NA;NA;NA;
2;5;2.26;5.11;0.08;NA;1.99;0.62;ND;1.46;ND;NA;NA;NA;
2;6;4.25;8.26;1.02;NA;4.27;1.59;ND;2.93;ND;NA;NA;NA;
2;7;6.7;12.16;2.27;NA;7.75;3.49;ND;3.7;ND;NA;NA;NA;
2;8;3.62;10.99;3.31;NA;14.29;8.71;ND;2.12;ND;NA;NA;NA;
2;9;7.21;11.33;9.02;NA;7.52;11.54;ND;1.98;ND;NA;NA;NA;
2;10;3.75;6.91;8.16;NA;10.15;12.45;ND;3.19;ND;NA;NA;NA;
2;11;1.37;5.38;6.09;NA;8.03;8.18;ND;ND;ND;NA;NA;NA;
2;12;1.04;4.53;3.77;NA;3.51;4.77;ND;ND;ND;NA;NA;NA;
2;13;ND;3.85;3.32;NA;2.37;1.81;ND;ND;ND;NA;NA;NA;
2;14;ND;2.79;3.53;NA;2.33;1.08;ND;1.23;ND;NA;NA;NA;
2;15;0.72;2.71;2.1;NA;2.25;1.08;ND;1.13;ND;NA;NA;NA;
2;16;0.62;2.91;2.46;NA;2.2;1.12;ND;1.02;ND;NA;NA;NA;
2;17;1;3.85;3.56;NA;2.35;1.56;ND;0.95;ND;NA;NA;NA;
2;18;3.2;4.17;3.58;NA;2.31;1.74;ND;1.33;ND;NA;NA;NA;
2;19;6.94;5.56;3.38;NA;3.04;2.46;ND;1.3;ND;NA;NA;NA;
2;20;6.17;7.46;3.79;NA;2.31;2.33;ND;1.82;ND;NA;NA;NA;
2;21;4.03;12.36;2.9;NA;4.54;2.59;ND;2.12;ND;NA;NA;NA;
2;22;3.13;ND;2.76;NA;33.98;2.53;ND;2.13;ND;NA;NA;NA;
2;23;3.21;ND;2.59;NA;12.87;1.88;ND;1.52;ND;NA;NA;NA;
3;0;3.57;7.22;2.79;NA;17.53;15.55;ND;1.8;ND;NA;NA;NA;
3;1;2;ND;ND;NA;ND;15.06;ND;2.18;ND;NA;NA;NA;
3;2;2.19;7.2;7.05;NA;12.88;8.75;ND;1.7;ND;NA;NA;NA;
3;3;1.79;7.29;6.2;NA;8.52;5.97;ND;4.34;ND;NA;NA;NA;
3;4;1.81;7.6;5.34;NA;17.38;3.03;ND;4.47;ND;NA;NA;NA;
3;5;2.08;8.2;10.39;NA;49.54;3.64;ND;8.09;ND;NA;NA;NA;
3;6;3.94;16.25;9.8;NA;25.25;5.08;ND;6.96;ND;NA;NA;NA;
3;7;4.12;22.91;13.48;NA;8.02;8.49;ND;7.89;ND;NA;NA;NA;
3;8;10.64;14.24;9.92;NA;8.49;10.37;ND;11.56;ND;NA;NA;NA;
3;9;12.06;13.22;11.13;NA;5.74;6.6;ND;8.37;ND;NA;NA;NA;
3;10;6.34;ND;11.18;NA;ND;9.12;ND;4.99;ND;NA;NA;NA;
3;11;4.28;ND;8.14;NA;ND;7.97;ND;5.12;ND;NA;NA;NA;
3;12;1.27;ND;5.89;NA;2.7;6.35;ND;4.36;ND;NA;NA;NA;
3;13;0.92;ND;4.67;NA;ND;3.08;ND;1.95;ND;NA;NA;NA;
3;14;0.72;ND;4.03;NA;1.88;0.99;ND;1.71;ND;NA;NA;NA;
3;15;0.76;ND;5;NA;ND;1.14;ND;1.83;ND;NA;NA;NA;
3;16;0.75;ND;3.73;NA;1.84;1.35;ND;1.67;ND;NA;NA;NA;
3;17;1.18;ND;5.22;NA;2.04;1.97;ND;1.24;ND;NA;NA;NA;
3;18;1.04;ND;5.14;NA;2.47;2.77;ND;1.54;ND;NA;NA;NA;
3;19;5.37;ND;4.87;NA;3.23;2.34;ND;1.69;ND;NA;NA;NA;
3;20;2.57;ND;5.26;NA;4.17;2.54;ND;1.54;ND;NA;NA;NA;
3;21;1.77;ND;5.32;NA;5.57;2.75;ND;1.49;ND;NA;NA;NA;
3;22;2.76;ND;4.26;NA;4.63;3.53;ND;2.05;ND;NA;NA;NA;
3;23;2.84;ND;4.05;NA;6.65;12.33;ND;1.58;ND;NA;NA;NA;
4;0;2.27;ND;3.04;NA;5.38;3.75;ND;1.56;ND;NA;NA;NA;
4;1;ND;ND;2.94;NA;9.06;ND;ND;1.94;ND;NA;NA;NA;
4;2;2.71;ND;2.77;NA;6.79;4.53;ND;1.44;ND;NA;NA;NA;
4;3;2.06;ND;3.58;NA;3.74;4.92;ND;1.78;ND;NA;NA;NA;
4;4;1.9;ND;8.45;NA;2.8;4.52;ND;7.81;ND;NA;NA;NA;
4;5;2.41;ND;11.41;NA;2.84;5.71;ND;8.08;ND;NA;NA;NA;
4;6;3.3;ND;12.08;NA;16.48;9.76;ND;5.18;ND;NA;NA;NA;
4;7;4.93;5.54;12.01;NA;32.67;12.81;ND;5.58;ND;NA;NA;NA;
4;8;5;3.19;11.16;NA;13.11;7.09;ND;6.18;ND;NA;NA;NA;
4;9;7.59;6.87;15.97;NA;8.24;8.99;ND;5.02;ND;NA;NA;NA;
4;10;5.01;ND;14.03;NA;10.59;12.68;ND;4.49;ND;NA;NA;NA;
4;11;2.22;ND;9.88;NA;8.15;9.9;ND;4.16;ND;NA;NA;NA;
4;12;1.39;ND;7.04;NA;5.22;5.81;ND;3.92;ND;NA;NA;NA;
4;13;0.87;ND;5.78;NA;3.3;3.29;ND;2.15;ND;NA;NA;NA;
4;14;0.95;ND;5.97;NA;2.59;2.26;ND;2.14;ND;NA;NA;NA;
4;15;0.97;ND;5.83;NA;2.29;2.37;ND;2.1;ND;NA;NA;NA;
4;16;0.83;ND;6.37;NA;2.24;1.47;ND;1.53;ND;NA;NA;NA;
4;17;1.15;ND;5.64;NA;1.99;1.86;ND;1.44;ND;NA;NA;NA;
4;18;1.22;ND;4.69;NA;2.12;2.82;ND;1.44;ND;NA;NA;NA;
4;19;1.66;ND;4.3;NA;4.84;1.78;ND;1.46;ND;NA;NA;NA;
4;20;1.73;ND;4.61;NA;4.69;2.17;ND;1.64;ND;NA;NA;NA;
4;21;1.78;ND;5.03;NA;3.4;2.36;ND;1.39;ND;NA;NA;NA;
4;22;1.02;ND;3.56;NA;2.65;1.86;ND;1.04;ND;NA;NA;NA;
4;23;2.34;ND;2.94;NA;3.12;1.81;ND;0.98;ND;NA;NA;NA;
5;0;2.24;ND;2.55;NA;0.96;1.5;ND;1.11;ND;NA;NA;NA;
5;1;1.2;ND;2.57;NA;ND;1.36;ND;1.12;ND;NA;NA;NA;
5;2;2.28;ND;2.4;NA;1.95;1.09;ND;1.25;ND;NA;NA;NA;
5;3;2.06;ND;2.95;NA;2.24;2.39;ND;1.14;ND;NA;NA;NA;
5;4;3.15;ND;3.65;NA;3.69;4.69;ND;1.11;ND;NA;NA;NA;
5;5;4.25;ND;3.21;NA;9.86;4.15;ND;1.03;ND;NA;NA;NA;
5;6;2.88;ND;4.39;NA;8.25;7.63;ND;1.07;ND;NA;NA;NA;
5;7;3.78;ND;11.72;NA;8.92;12;ND;1.11;ND;NA;NA;NA;
5;8;7.43;ND;10.66;NA;7.95;8.82;ND;1;ND;NA;NA;NA;
5;9;5.8;ND;6.51;NA;5.22;5.12;ND;1.36;ND;NA;NA;NA;
5;10;3.06;ND;4.99;NA;5.45;4.55;ND;2.09;ND;NA;NA;NA;
5;11;1.88;ND;4.47;NA;3.89;4.72;ND;1.51;ND;NA;NA;NA;
5;12;1.11;ND;3.94;NA;4.37;2.46;ND;1.6;ND;NA;NA;NA;
5;13;1.1;ND;4.2;NA;2.95;1.9;ND;1.97;ND;NA;NA;NA;
5;14;0.83;ND;3.92;NA;2.65;2.44;ND;1.42;ND;NA;NA;NA;
5;15;2.21;ND;3.9;NA;3.62;3.21;ND;2.33;ND;NA;NA;NA;
5;16;1.13;ND;3.5;NA;5.68;3.31;ND;2.5;ND;NA;NA;NA;
5;17;0.92;ND;3.66;NA;4.47;2.12;ND;2.04;ND;NA;NA;NA;
5;18;1.15;ND;3.22;NA;2.98;2.47;ND;1.16;ND;NA;NA;NA;
5;19;1.79;ND;3.23;NA;2.77;2.27;ND;1.19;ND;NA;NA;NA;
5;20;1.49;ND;3.7;NA;3.2;2.7;ND;1.1;ND;NA;NA;NA;
5;21;1.81;ND;4.06;NA;5.32;3.29;ND;0.83;ND;NA;NA;NA;
5;22;1.32;ND;3.43;NA;5.37;2.17;ND;0.88;ND;NA;NA;NA;
5;23;1.55;ND;2.42;NA;2.83;1.55;ND;0.9;ND;NA;NA;NA;
6;0;1.28;ND;2.2;NA;1.42;1.16;ND;0.78;ND;NA;NA;NA;
6;1;ND;ND;1.81;NA;0.94;ND;ND;0.65;ND;NA;NA;NA;
6;2;1.04;ND;1.69;NA;0.81;0.86;ND;0.83;ND;NA;NA;NA;
6;3;0.72;ND;1.61;NA;0.68;0.67;ND;0.53;ND;NA;NA;NA;
6;4;0.64;ND;1.47;NA;0.66;0.67;ND;0.6;ND;NA;NA;NA;
6;5;0.53;ND;1.49;NA;0.66;0.72;ND;0.7;ND;NA;NA;NA;
6;6;0.38;ND;1.51;NA;1.77;1.23;ND;0.66;ND;NA;NA;NA;
6;7;0.69;ND;2.31;NA;2.8;1.74;ND;9.53;ND;NA;NA;NA;
6;8;0.94;ND;3.24;NA;3.11;1.9;ND;1.95;ND;NA;NA;NA;
6;9;0.68;ND;ND;NA;3.47;2.5;ND;1.86;ND;NA;NA;NA;
6;10;1.15;ND;3.1;NA;2.58;2.45;ND;1.35;ND;NA;NA;NA;
6;11;0.78;ND;2.38;NA;2.32;2.47;ND;1.14;ND;NA;NA;NA;
6;12;0.92;ND;2.83;NA;3.21;1.9;ND;1.93;ND;NA;NA;NA;
6;13;0.68;ND;2.71;NA;4.87;1.49;ND;5.9;ND;NA;NA;NA;
6;14;0.38;ND;2.4;NA;3.25;1.09;ND;2.83;ND;NA;NA;NA;
6;15;0.34;ND;2.43;NA;2.47;1.65;ND;1.64;ND;NA;NA;NA;
6;16;0.39;ND;2.6;NA;2.07;1.15;ND;1.53;ND;NA;NA;NA;
6;17;0.53;ND;2.84;NA;1.67;1.68;ND;1.4;ND;NA;NA;NA;
6;18;1.37;ND;2.75;NA;2.02;1.4;ND;1.69;ND;NA;NA;NA;
6;19;2.03;ND;3.37;NA;3.33;2.16;ND;2.51;ND;NA;NA;NA;
6;20;1.27;ND;2.58;NA;4.07;1.46;ND;2.49;ND;NA;NA;NA;
6;21;1.09;ND;2.58;NA;5.37;3.17;ND;8.54;ND;NA;NA;NA;
6;22;0.96;ND;2.97;NA;10.1;ND;ND;9.84;ND;NA;NA;NA;
6;23;1.2;ND;3.09;NA;6.68;ND;ND;11.57;ND;NA;NA;NA;
7;0;1.59;ND;4.4;NA;17.81;9.08;ND;5.03;ND;NA;NA;NA;
7;1;1.07;ND;2.93;NA;ND;3.01;ND;3.81;ND;NA;NA;NA;
7;2;1.05;ND;2.72;NA;21.11;10.91;ND;4.24;ND;NA;NA;NA;
7;3;1.31;ND;2.27;NA;31.52;5.65;ND;3.28;ND;NA;NA;NA;
7;4;2.17;ND;2.11;NA;92.8;11.87;ND;2.75;ND;NA;NA;NA;
7;5;1.66;ND;2.88;NA;60.97;7.59;ND;2.39;ND;NA;NA;NA;
7;6;2.33;ND;3.95;NA;23.33;6.9;ND;3.48;ND;NA;NA;NA;
7;7;4.56;ND;6.51;NA;30.08;12.66;ND;7.9;ND;NA;NA;NA;
7;8;8.33;ND;9.74;NA;23.92;15.38;ND;14.63;ND;NA;NA;NA;
7;9;5.8;ND;8.08;NA;10.37;9.54;ND;17.38;ND;NA;NA;NA;
7;10;2.54;ND;7.76;NA;8.24;9.74;ND;10.11;ND;NA;NA;NA;
7;11;1.45;ND;7.02;NA;6.78;6.74;ND;2.98;ND;NA;NA;NA;
7;12;1.59;ND;5.08;NA;4.07;4.36;ND;3.05;ND;NA;NA;NA;
7;13;0.93;ND;4.02;NA;3.3;2.97;ND;2.15;ND;NA;NA;NA;
7;14;0.65;ND;3.1;NA;3.41;2.01;ND;1.97;ND;NA;NA;NA;
7;15;0.44;ND;2.36;NA;3.49;1.58;ND;1.65;ND;NA;NA;NA;
7;16;0.6;ND;3.09;NA;3.09;2;ND;1.46;ND;NA;NA;NA;
7;17;0.68;ND;3.62;NA;3.35;2.4;ND;1.86;ND;NA;NA;NA;
7;18;0.88;ND;3.93;NA;2.66;2.73;ND;1.72;ND;NA;NA;NA;
7;19;1.14;ND;4.73;NA;4.03;2.94;ND;1.9;ND;NA;NA;NA;
7;20;1.37;ND;3.76;NA;3.92;2.17;ND;1.58;ND;NA;NA;NA;
7;21;1.91;ND;3.16;NA;4.75;2.26;ND;2.62;ND;NA;NA;NA;
7;22;1.45;ND;2.63;NA;1.73;1.56;ND;1.65;ND;NA;NA;NA;
7;23;2.04;ND;2.38;NA;1.15;0.91;ND;1.22;ND;NA;NA;NA;
8;0;2.13;ND;2.28;NA;1.11;0.92;ND;1.4;ND;NA;NA;NA;
8;1;ND;ND;1.98;NA;4.15;ND;ND;1.15;ND;NA;NA;NA;
8;2;1.47;ND;1.9;NA;2.87;0.83;ND;1.22;ND;NA;NA;NA;
8;3;2.02;ND;1.85;NA;2.84;1.36;ND;1.09;ND;NA;NA;NA;
8;4;1.32;ND;1.6;NA;3.42;1.08;ND;1.03;ND;NA;NA;NA;
8;5;1.27;ND;2.43;NA;2.93;1;ND;0.94;ND;NA;NA;NA;
8;6;1.31;ND;2.22;NA;3.62;1.35;ND;0.86;ND;NA;NA;NA;
8;7;3.08;ND;2.43;NA;2.39;1.64;ND;1.79;ND;NA;NA;NA;
8;8;2.1;ND;2.84;NA;2.82;2.1;ND;1.07;ND;NA;NA;NA;
8;9;2.17;ND;6.14;NA;3.16;2.06;ND;1.19;ND;NA;NA;NA;
8;10;2.57;ND;4.89;NA;2.64;3.78;ND;1;ND;NA;NA;NA;
8;11;2.04;ND;3.64;NA;3.22;2.82;ND;1.17;ND;NA;NA;NA;
8;12;1.69;ND;4.01;NA;2.69;2.86;ND;1.17;ND;NA;NA;NA;
8;13;1.75;ND;3.74;NA;2.86;2.53;ND;1.29;ND;NA;NA;NA;
8;14;1.81;ND;4.06;NA;3.1;2.19;ND;1.59;ND;NA;NA;NA;
8;15;0.99;ND;3.64;NA;2.96;1.8;ND;2.19;ND;NA;NA;NA;
8;16;0.86;ND;3.45;NA;2.09;1.33;ND;1.71;ND;NA;NA;NA;
8;17;1.01;ND;3.94;NA;3.06;2.74;ND;1.43;ND;NA;NA;NA;
8;18;1.25;ND;4.31;NA;5.09;2.83;ND;1.15;ND;NA;NA;NA;
8;19;2.82;ND;5.11;NA;5.16;3.37;ND;1.42;ND;NA;NA;NA;
8;20;1.95;ND;5.84;NA;6.93;4.36;ND;1.08;ND;NA;NA;NA;
8;21;1.65;ND;3.75;NA;5.3;3.05;ND;1.22;ND;NA;NA;NA;
8;22;3.17;ND;3.69;NA;1.84;2.23;ND;1.41;ND;NA;NA;NA;
8;23;2.15;ND;3.83;NA;2.54;2.14;ND;1.94;ND;NA;NA;NA;
9;0;1.89;ND;5.84;NA;3.73;2.87;ND;1.48;ND;NA;NA;NA;
9;1;1.73;ND;5.89;NA;ND;2.78;ND;2.63;ND;NA;NA;NA;
9;2;1.01;ND;5.55;NA;3.32;2.06;ND;1.37;ND;NA;NA;NA;
9;3;1.01;ND;4.29;NA;2.39;2.62;ND;0.88;ND;NA;NA;NA;
9;4;1.91;ND;3.53;NA;1.74;1.92;ND;1.11;ND;NA;NA;NA;
9;5;1.52;ND;3.82;NA;2.18;1.14;ND;1.58;ND;NA;NA;NA;
9;6;2.14;ND;4.96;NA;4.38;3.15;ND;2.43;ND;NA;NA;NA;
9;7;4.37;ND;4.35;NA;4.98;6.16;ND;5.06;ND;NA;NA;NA;
9;8;5.88;ND;8.76;NA;6.89;7.42;ND;16.82;ND;NA;NA;NA;
9;9;3.54;ND;9.74;NA;5.86;6.78;ND;9.24;ND;NA;NA;NA;
9;10;2.5;ND;8.09;NA;7.89;5.84;ND;3.25;ND;NA;NA;NA;
9;11;2.81;ND;7.31;NA;8.39;5.32;ND;1.55;ND;NA;NA;NA;
9;12;4.7;ND;6.07;NA;ND;ND;ND;1.29;ND;NA;NA;NA;
9;13;4.15;ND;6.25;NA;ND;ND;ND;1.56;ND;NA;NA;NA;
9;14;1.96;ND;5.34;NA;4.59;1.9;ND;1.53;ND;NA;NA;NA;
9;15;1.17;ND;6.03;NA;3.02;ND;ND;1.72;ND;NA;NA;NA;
9;16;1;ND;5.9;NA;2.59;3.68;ND;2.13;ND;NA;NA;NA;
9;17;0.95;ND;6.18;NA;2.38;8.18;ND;3.01;ND;NA;NA;NA;
9;18;1.74;ND;6.78;NA;3.39;7.15;ND;1.71;ND;NA;NA;NA;
9;19;2.39;ND;6.16;NA;7.67;6.64;ND;2.78;ND;NA;NA;NA;
9;20;1.53;ND;5.43;NA;4.54;4.67;ND;2.24;ND;NA;NA;NA;
9;21;2.25;ND;4.68;NA;2.26;3.81;ND;1.16;ND;NA;NA;NA;
9;22;1.8;ND;3.93;NA;3.92;3.69;ND;1.26;ND;NA;NA;NA;
9;23;1.61;ND;3.53;NA;4;2.57;ND;1.25;ND;NA;NA;NA;
10;0;1.11;ND;2.76;NA;1.86;2.8;ND;0.97;ND;NA;NA;NA;
10;1;ND;ND;2.48;NA;0.95;ND;ND;0.88;ND;NA;NA;NA;
10;2;1.68;ND;2.92;NA;0.88;3.72;ND;0.89;ND;NA;NA;NA;
10;3;1.43;ND;2.65;NA;2.66;2.8;ND;0.99;ND;NA;NA;NA;
10;4;2.61;ND;2.77;NA;2.36;2.86;ND;0.83;ND;NA;NA;NA;
10;5;4.16;ND;3.11;NA;19.21;4.25;ND;1.72;ND;NA;NA;NA;
10;6;8.61;ND;4.76;NA;57.03;13.71;ND;2.72;ND;NA;NA;NA;
10;7;13.03;ND;17.86;NA;54.91;16.23;ND;3.53;ND;NA;NA;NA;
10;8;8.11;ND;19.6;NA;48.56;12.92;ND;3.21;ND;NA;NA;NA;
10;9;3.75;ND;12.56;NA;7.88;9.82;ND;9.51;ND;NA;NA;NA;
10;10;ND;ND;8.73;NA;8.25;7.71;ND;19.08;ND;NA;NA;NA;
10;11;ND;ND;ND;NA;5.12;7.74;ND;10.58;ND;NA;NA;NA;
10;12;ND;ND;ND;NA;3.51;7.08;ND;4.47;ND;NA;NA;NA;
10;13;0.66;ND;5.85;NA;2.46;6.25;ND;2.33;ND;NA;NA;NA;
10;14;0.71;ND;5.03;NA;2.66;3.37;ND;1.79;ND;NA;NA;NA;
10;15;0.66;ND;6.18;NA;3.04;2.92;ND;1.36;ND;NA;NA;NA;
10;16;0.63;ND;6.47;NA;2.25;2.81;ND;1.33;ND;NA;NA;NA;
10;17;1;0.93;7.34;NA;4.17;3.16;ND;1.26;ND;NA;NA;NA;
10;18;1.19;1.19;6.07;NA;3.41;4.72;ND;1.82;ND;NA;NA;NA;
10;19;2.63;1.3;5.87;NA;3.72;6;ND;1.63;ND;NA;NA;NA;
10;20;5.76;1.81;5.48;NA;5.03;5.88;ND;1.73;ND;NA;NA;NA;
10;21;4.01;1.86;5.56;NA;7.01;4.97;ND;1.43;ND;NA;NA;NA;
10;22;2.87;3.8;5.77;NA;4.76;5.23;ND;ND;ND;NA;NA;NA;
10;23;3.37;2.61;4.59;NA;4.2;3.77;ND;ND;ND;NA;NA;NA;
11;0;3.13;2.68;3.94;NA;5.69;5.88;ND;1.31;ND;NA;NA;NA;
11;1;3.9;3.93;ND;NA;ND;5.78;ND;1.18;ND;NA;NA;NA;
11;2;3.29;3.13;5.12;NA;6.22;6.84;ND;1.6;ND;NA;NA;NA;
11;3;2.54;2.19;5.64;NA;9.36;8.73;ND;2.29;ND;NA;NA;NA;
11;4;2.04;3.91;6.04;NA;14.01;8.14;ND;2.11;ND;NA;NA;NA;
11;5;3.41;6.3;6.31;NA;53.92;5.57;ND;3.43;ND;NA;NA;NA;
11;6;6.23;6.67;8.11;NA;148.14;12.7;ND;5;ND;NA;NA;NA;
11;7;14.18;27.78;18.07;NA;105.98;27.68;ND;11.88;ND;NA;NA;NA;
11;8;16.55;13.48;14.87;NA;36.09;20.75;ND;20.28;ND;NA;NA;NA;
11;9;10.97;6.56;11.04;NA;12.56;12.22;ND;16.07;ND;NA;NA;NA;
11;10;3.95;4.75;9.88;NA;9.97;11.25;ND;5.28;ND;NA;NA;NA;
11;11;2.82;2.69;8.13;NA;6.91;9.18;ND;2.63;ND;NA;NA;NA;
11;12;1.65;1.38;5.73;NA;7;6.6;ND;3.13;ND;NA;NA;NA;
11;13;1.09;0.37;3.52;NA;6.97;5.22;ND;2.24;ND;NA;NA;NA;
11;14;0.89;ND;4.98;NA;3.16;3.1;ND;1.82;ND;NA;NA;NA;
11;15;0.93;ND;6.44;NA;4.36;3.1;ND;1.9;ND;NA;NA;NA;
11;16;0.93;1.47;7.66;NA;3.76;3.56;ND;1.48;ND;NA;NA;NA;
11;17;2.12;1.64;6.02;NA;3.55;4.26;ND;1.45;ND;NA;NA;NA;
11;18;1.82;1.78;7.01;NA;3.96;4.98;ND;1.78;ND;NA;NA;NA;
11;19;2.98;2.49;5.86;NA;3.85;6.06;ND;1.59;ND;NA;NA;NA;
11;20;2.97;2.4;5.54;NA;5.11;5.26;ND;1.51;ND;NA;NA;NA;
11;21;1.55;2.21;5.38;NA;6.03;4.01;ND;1.21;ND;NA;NA;NA;
11;22;2.31;1.84;4.66;NA;3.37;3.67;ND;1.25;ND;NA;NA;NA;
11;23;1.81;1.64;4.05;NA;2.79;3.98;ND;1.1;ND;NA;NA;NA;
12;0;1.76;1.64;3.33;NA;2.75;3.22;ND;1.12;ND;NA;NA;NA;
12;1;ND;1.7;2.66;NA;1.71;ND;ND;0.99;ND;NA;NA;NA;
12;2;1.14;1.47;3.38;NA;1.38;2.91;ND;0.94;ND;NA;NA;NA;
12;3;1.53;1.9;3.33;NA;1.58;3.31;ND;0.95;ND;NA;NA;NA;
12;4;2.12;1.58;2.75;NA;2.13;2.53;ND;0.85;ND;NA;NA;NA;
12;5;1.78;1.74;2.53;NA;3.22;2.74;ND;1.14;ND;NA;NA;NA;
12;6;3.37;2.69;3.01;NA;4.74;3.63;ND;1.07;ND;NA;NA;NA;
12;7;6.34;5.79;6.85;NA;7.26;7.87;ND;1.86;ND;NA;NA;NA;
12;8;6.96;2.98;9.73;NA;6.24;6.25;ND;2.38;ND;NA;NA;NA;
12;9;5.53;5.82;ND;NA;5.58;6.46;ND;6.87;ND;NA;NA;NA;
12;10;4.59;4.83;9.68;NA;5.12;7.29;ND;2.1;ND;NA;NA;NA;
12;11;3.69;2.74;5.53;NA;6.75;6.7;ND;1.99;ND;NA;NA;NA;
12;12;3.02;1.44;5.31;NA;5.42;7.22;ND;1.65;ND;NA;NA;NA;
12;13;1.86;0.97;4.77;NA;5.16;6.08;ND;1.87;ND;NA;NA;NA;
12;14;0.88;0.88;3.56;NA;3.8;4.9;ND;1.89;ND;NA;NA;NA;
12;15;0.71;0.17;2.91;NA;2.85;2.94;ND;1.69;ND;NA;NA;NA;
12;16;0.84;0.11;4.73;NA;2.4;2.77;ND;1.33;ND;NA;NA;NA;
12;17;1.08;0.37;6.41;NA;2.16;2.84;ND;1.44;ND;NA;NA;NA;
12;18;0.96;0.76;5.17;NA;2.42;3.51;ND;1.32;ND;NA;NA;NA;
12;19;2.15;1.22;3.52;NA;4.02;4.16;ND;1.43;ND;NA;NA;NA;
12;20;1.99;1.41;3.41;NA;5.74;3.42;ND;1.38;ND;NA;NA;NA;
12;21;1.77;0.98;2.72;NA;4.31;3.22;ND;1.13;ND;NA;NA;NA;
12;22;1.93;0.87;2.33;NA;3.94;2.79;ND;1.34;ND;NA;NA;NA;
12;23;2.2;0.67;2.33;NA;2.93;2.92;ND;1.12;ND;NA;NA;NA;
13;0;1.31;0.33;2.3;NA;2.08;2.88;ND;0.78;ND;NA;NA;NA;
13;1;0.79;ND;ND;NA;ND;2.75;ND;0.85;ND;NA;NA;NA;
13;2;1.06;0.91;2.61;NA;1.57;2.55;ND;0.98;ND;NA;NA;NA;
13;3;2;0.96;3.19;NA;1.88;2.37;ND;0.96;ND;NA;NA;NA;
13;4;1.37;0.53;2.84;NA;2.36;2.34;ND;1.4;ND;NA;NA;NA;
13;5;1.4;0.53;3.17;NA;2.02;3;ND;1.49;ND;NA;NA;NA;
13;6;1.87;1.01;3.59;NA;6.24;3.91;ND;3.72;ND;NA;NA;NA;
13;7;3.92;2.49;5.11;NA;28.38;6.47;ND;14.7;ND;NA;NA;NA;
13;8;4.15;3.05;6.25;NA;16.67;8.12;ND;16.68;ND;NA;NA;NA;
13;9;1.93;2.52;7.49;NA;7.95;6.65;ND;17.14;ND;NA;NA;NA;
13;10;3.37;2.38;8.92;NA;3.04;6.93;ND;9.18;ND;NA;NA;NA;
13;11;2.3;0.94;6.02;NA;5.54;6.1;ND;3.5;ND;NA;NA;NA;
13;12;1.15;0.17;5.94;NA;3.99;5.56;ND;2.89;ND;NA;NA;NA;
13;13;0.67;0.01;4.1;NA;2.82;3.05;ND;1.98;ND;NA;NA;NA;
13;14;0.53;0;3.34;NA;2.55;2.65;ND;1.07;ND;NA;NA;NA;
13;15;0.61;0;3.16;NA;2.81;2.54;ND;1.33;ND;NA;NA;NA;
13;16;0.37;0;3.39;NA;2.49;2.39;ND;1.35;ND;NA;NA;NA;
13;17;0.49;0;3.37;NA;2.45;2.73;ND;2.26;ND;NA;NA;NA;
13;18;1.92;0.21;3.41;NA;2.46;3.17;ND;1.32;ND;NA;NA;NA;
13;19;1.52;0.35;3.26;NA;3.04;3.38;ND;1.34;ND;NA;NA;NA;
13;20;1.12;0.09;3.11;NA;2.81;2.92;ND;1.17;ND;NA;NA;NA;
13;21;1.5;0.75;2.74;NA;1.97;3.27;ND;1.23;ND;NA;NA;NA;
13;22;1.86;0.41;2.93;NA;3.1;3.55;ND;ND;ND;NA;NA;NA;
13;23;1;0.1;3.21;NA;3.29;9.49;ND;ND;ND;NA;NA;NA;
14;0;1.02;0.13;4.65;NA;4.4;6.23;ND;2.24;ND;NA;NA;NA;
14;1;ND;0.07;3.22;NA;5.22;ND;ND;1.14;ND;NA;NA;NA;
14;2;1.02;0.35;3.1;NA;31;5;ND;0.88;ND;NA;NA;NA;
14;3;0.72;0.47;2.85;NA;14.67;6.82;ND;0.88;ND;NA;NA;NA;
14;4;1.24;2.27;3.58;NA;8.9;4.41;ND;1.35;ND;NA;NA;NA;
14;5;1.6;6.63;4.11;NA;12.51;10.34;ND;2.78;ND;NA;NA;NA;
14;6;2.61;5.67;8.92;NA;13.48;19.83;ND;6.86;ND;NA;NA;NA;
14;7;4.38;5.82;12.04;NA;6.58;17.48;ND;8.36;ND;NA;NA;NA;
14;8;7.8;8.04;15.02;NA;7.38;15.55;ND;22.28;ND;NA;NA;NA;
14;9;7.82;6.55;17.54;NA;6.62;10.28;ND;15.32;ND;NA;NA;NA;
14;10;5.34;ND;10.46;NA;8;ND;ND;4.46;ND;NA;NA;NA;
14;11;4.38;ND;5.96;NA;5.49;ND;ND;2.54;ND;NA;NA;NA;
14;12;1.46;1.57;5.1;NA;5.3;7.21;ND;2.44;ND;NA;NA;NA;
14;13;0.93;1.11;5.28;NA;ND;5;ND;2.02;ND;NA;NA;NA;
14;14;0.87;0.63;4.03;NA;ND;3.08;ND;1.42;ND;NA;NA;NA;
14;15;0.85;0.51;5.88;NA;2.29;3.4;ND;1.32;ND;NA;NA;NA;
14;16;0.69;0.73;7.09;NA;1.9;3.65;ND;1.19;ND;NA;NA;NA;
14;17;1.3;1.13;5.53;NA;2.1;3.74;ND;1.22;ND;NA;NA;NA;
14;18;2.62;1.16;7.48;NA;3.67;4.51;ND;3.4;ND;NA;NA;NA;
14;19;4.51;1.77;6.56;NA;5.1;8.4;ND;3.52;ND;NA;NA;NA;
14;20;3.97;1.72;9.21;NA;2.17;9.3;ND;2.05;ND;NA;NA;NA;
14;21;3.4;3.17;11.97;NA;2.63;10.12;ND;2.27;ND;NA;NA;NA;
14;22;7.12;4.69;15.16;NA;2.08;13.16;ND;2.2;ND;NA;NA;NA;
14;23;9.3;10.16;8.8;NA;12.71;8.01;ND;1.62;ND;NA;NA;NA;
15;0;6.03;2.3;7.52;NA;8.1;6.99;ND;1.45;ND;NA;NA;NA;
15;1;4.23;ND;ND;NA;ND;14.74;ND;1.71;ND;NA;NA;NA;
15;2;3.97;2.01;8.45;NA;6.71;5.87;ND;1.8;ND;NA;NA;NA;
15;3;3.7;2.64;6.67;NA;4.55;4.43;ND;2.15;ND;NA;NA;NA;
15;4;3;4.5;7.48;NA;4.25;3.95;ND;8.17;ND;NA;NA;NA;
15;5;6.35;4.97;9.17;NA;16.29;7.17;ND;8.06;ND;NA;NA;NA;
15;6;6.04;8.37;10.44;NA;14.14;10.32;ND;9.94;ND;NA;NA;NA;
15;7;7.02;12.31;11.11;NA;15.21;16.01;ND;9.21;ND;NA;NA;NA;
15;8;11.4;8.19;15.43;NA;13.94;13.46;ND;13.98;ND;NA;NA;NA;
15;9;10.31;8.69;13.94;NA;11.11;15.74;ND;5;ND;NA;NA;NA;
15;10;7.36;4.95;9.02;NA;4.37;8.15;ND;5.42;ND;NA;NA;NA;
15;11;3.5;2.66;7.98;NA;5.81;ND;ND;2.93;ND;NA;NA;NA;
15;12;1.16;1.3;6.75;NA;5.13;ND;ND;2.64;ND;NA;NA;NA;
15;13;1.18;0.67;4.92;NA;2.85;2.65;ND;2.31;ND;NA;NA;NA;
15;14;1.04;ND;4.42;NA;3.9;1.33;ND;1.83;ND;NA;NA;NA;
15;15;0.86;0.13;4.94;NA;3.49;1.57;ND;1.4;ND;NA;NA;NA;
15;16;0.99;0.46;5.88;NA;3.18;1.64;ND;1.26;ND;NA;NA;NA;
15;17;0.92;0.7;5.69;NA;1.8;1.73;ND;1.37;ND;NA;NA;NA;
15;18;3.28;1.04;6.87;NA;2.17;1.18;ND;1.47;ND;NA;NA;NA;
15;19;5.22;0.85;5.94;NA;3.69;3.01;ND;1.93;ND;NA;NA;NA;
15;20;3.34;1.27;5.89;NA;6.17;2.11;ND;1.51;ND;NA;NA;NA;
15;21;1.54;1.78;4.68;NA;5.74;1.86;ND;1.3;ND;NA;NA;NA;
15;22;2.89;2.38;4.39;NA;2.66;1.5;ND;1.25;ND;NA;NA;NA;
15;23;1.95;2.11;3.72;NA;2.53;1.1;ND;0.94;ND;NA;NA;NA;
16;0;4.98;1.11;3.56;NA;0.81;1.37;ND;0.91;ND;NA;NA;NA;
16;1;ND;1.85;3.13;NA;0.87;ND;ND;0.99;ND;NA;NA;NA;
16;2;2.34;1.47;3.08;NA;1.43;0.96;ND;1.05;ND;NA;NA;NA;
16;3;3.34;2.03;2.97;NA;1.74;1.08;ND;0.9;ND;NA;NA;NA;
16;4;2.53;1.25;3.58;NA;2.86;2.1;ND;1.17;ND;NA;NA;NA;
16;5;2.71;1.5;6.14;NA;4.23;4.04;ND;1.3;ND;NA;NA;NA;
16;6;3.78;3.73;7.99;NA;9.2;4.65;ND;2.72;ND;NA;NA;NA;
16;7;4.43;2.5;8.98;NA;10.35;5.11;ND;2.07;ND;NA;NA;NA;
16;8;3.71;1.49;8.27;NA;7.49;6.96;ND;1.43;ND;NA;NA;NA;
16;9;3.39;1.62;6.9;NA;3.99;3.88;ND;1.47;ND;NA;NA;NA;
16;10;2.55;0.53;5.04;NA;6.56;3.19;ND;1.08;ND;NA;NA;NA;
16;11;1.79;0.71;6.04;NA;1.97;2.63;ND;1.2;ND;NA;NA;NA;
16;12;1.83;0.72;5.06;NA;2.99;2.31;ND;1.81;ND;NA;NA;NA;
16;13;1.2;0.51;5.76;NA;1.75;3.23;ND;1.56;ND;NA;NA;NA;
16;14;1.06;ND;5.76;NA;3.03;2.74;ND;1.37;ND;NA;NA;NA;
16;15;0.92;ND;6.25;NA;3.04;2.29;ND;1.46;ND;NA;NA;NA;
16;16;0.89;ND;ND;NA;1.64;1.9;ND;1.66;ND;NA;NA;NA;
16;17;0.84;ND;5.3;NA;2.67;1.93;ND;1.25;ND;NA;NA;NA;
16;18;1.32;ND;6.76;NA;3.09;1.08;ND;1.15;ND;NA;NA;NA;
16;19;1.66;0.29;7.5;NA;3.81;0.72;ND;1.38;ND;NA;NA;NA;
16;20;2.5;0.41;7.24;NA;3.84;1.62;ND;1.45;ND;NA;NA;NA;
16;21;2.94;0.31;6.33;NA;2.27;1.57;ND;0.93;ND;NA;NA;NA;
16;22;2.38;0.41;4.3;NA;4.25;1.41;ND;1.05;ND;NA;NA;NA;
16;23;2.32;1.68;3.53;NA;0.69;0.78;ND;1.31;ND;NA;NA;NA;
17;0;2.13;0.12;3.31;NA;0.92;0.78;ND;0.86;ND;NA;NA;NA;
17;1;1.87;ND;ND;NA;ND;0.81;ND;0.76;ND;NA;NA;NA;
17;2;1.16;0.28;2.98;NA;0.92;0.82;ND;0.84;ND;NA;NA;NA;
17;3;1.3;1.11;3.01;NA;1.18;1.16;ND;0.92;ND;NA;NA;NA;
17;4;2.5;0.24;3.15;NA;1.53;1.09;ND;0.87;ND;NA;NA;NA;
17;5;2.91;0.26;3.42;NA;3.91;1.24;ND;0.97;ND;NA;NA;NA;
17;6;4.16;0.4;5.35;NA;4.87;1.83;ND;1.33;ND;NA;NA;NA;
17;7;3.93;1.03;7;NA;5.92;3.16;ND;2.64;ND;NA;NA;NA;
17;8;3.69;0.88;6.45;NA;2.74;2.15;ND;3.32;ND;NA;NA;NA;
17;9;3.92;1.52;ND;NA;3.45;1.92;ND;2.5;ND;NA;NA;NA;
17;10;2.5;0.37;ND;NA;4.76;1.62;ND;ND;ND;NA;NA;NA;
17;11;1.18;0.35;4.45;NA;3.7;2.34;ND;ND;ND;NA;NA;NA;
17;12;0.83;0.29;3.65;NA;3.38;1.98;ND;1;ND;NA;NA;NA;
17;13;1.03;0.1;3.28;NA;2.89;1.71;ND;ND;ND;NA;NA;NA;
17;14;1.14;0.05;2.92;NA;2.04;1.14;ND;ND;ND;NA;NA;NA;
17;15;0.88;0.03;3.96;NA;1.61;1.62;ND;ND;ND;NA;NA;NA;
17;16;1.1;0.04;4.04;NA;2.43;0.89;ND;1.27;ND;NA;NA;NA;
17;17;1.07;0.13;4.34;NA;2.55;0.37;ND;0.51;ND;NA;NA;NA;
17;18;2.83;0.18;4.83;NA;3.09;0.27;ND;0.87;ND;NA;NA;NA;
17;19;2.92;0.19;5.34;NA;4.88;0.3;ND;0.76;ND;NA;NA;NA;
17;20;3.2;0.19;4.1;NA;5.5;1.89;ND;0.56;ND;NA;NA;NA;
17;21;1.7;0.06;3.45;NA;4.69;3.24;ND;0.3;ND;NA;NA;NA;
17;22;2.01;0;3.28;NA;4.67;2.77;ND;0.32;ND;NA;NA;NA;
17;23;2.13;0.02;2.64;NA;7.56;2.46;ND;0.26;ND;NA;NA;NA;
18;0;2.05;0.01;2.17;NA;4.1;1.81;ND;0.06;ND;NA;NA;NA;
18;1;ND;0.32;1.78;NA;2.27;ND;ND;0.19;ND;NA;NA;NA;
18;2;3.05;0.42;1.24;NA;2.66;2.1;ND;0.12;ND;NA;NA;NA;
18;3;2.5;0.99;1.5;NA;3.58;2.69;ND;0.12;ND;NA;NA;NA;
18;4;1.57;1.03;2.01;NA;5.49;4.81;ND;0.49;ND;NA;NA;NA;
18;5;1.6;0.05;3.92;NA;4.61;5.15;ND;1.37;ND;NA;NA;NA;
18;6;3.27;1.44;7.32;NA;10.34;6.63;ND;2.1;ND;NA;NA;NA;
18;7;4.63;3.84;11.79;NA;13.53;9.89;ND;8.35;ND;NA;NA;NA;
18;8;4.81;3.72;10.79;NA;6.56;7.71;ND;17.65;ND;NA;NA;NA;
18;9;3.8;1.55;10.13;NA;6.08;6.07;ND;4.93;ND;NA;NA;NA;
18;10;2.05;0.12;7.78;NA;7.23;5.31;ND;2.44;ND;NA;NA;NA;
18;11;1.9;0.04;6.26;NA;5.35;5.61;ND;2.12;ND;NA;NA;NA;
18;12;1.53;0.02;4.4;NA;3.27;4.19;ND;1.34;ND;NA;NA;NA;
18;13;1.17;0;3.39;NA;2.83;3.21;ND;1.47;ND;NA;NA;NA;
18;14;0.87;0;3.13;NA;2.39;2.96;ND;1.69;ND;NA;NA;NA;
18;15;ND;ND;5.12;NA;3.6;2.13;ND;1.94;ND;NA;NA;NA;
18;16;ND;0.07;5.16;NA;2.76;1.66;ND;1.18;ND;NA;NA;NA;
18;17;0.8;0;7.05;NA;2.39;1.61;ND;0.69;ND;NA;NA;NA;
18;18;3.32;0.18;6.1;NA;2.68;1.17;ND;0.71;ND;NA;NA;NA;
18;19;2.2;1.07;2.62;NA;6.77;1.79;ND;0.9;ND;NA;NA;NA;
18;20;1.37;0.35;3.47;NA;3.84;2.22;ND;1.05;ND;NA;NA;NA;
18;21;1.72;0.17;4.95;NA;5.02;3.41;ND;1.38;ND;NA;NA;NA;
18;22;1.79;0;6.86;NA;7.3;2.95;ND;ND;ND;NA;NA;NA;
18;23;3.57;0.85;5.79;NA;6.62;3.19;ND;ND;ND;NA;NA;NA;
19;0;3.18;2.26;5.29;NA;5.44;3.03;ND;1.07;ND;NA;NA;NA;
19;1;1.46;ND;ND;NA;ND;3.3;ND;1.36;ND;NA;NA;NA;
19;2;2.08;0.94;5.08;NA;4.55;3.08;ND;3.02;ND;NA;NA;NA;
19;3;1.96;0.21;4.41;NA;4.43;3.03;ND;0.76;ND;NA;NA;NA;
19;4;1.37;1.65;4.19;NA;4.63;3.46;ND;0.9;ND;NA;NA;NA;
19;5;4.25;2.39;4.21;NA;5.89;3.66;ND;2.18;ND;NA;NA;NA;
19;6;5.22;5.49;5.21;NA;9.35;4.85;ND;3.53;ND;NA;NA;NA;
19;7;7.59;5.47;5.8;NA;31.84;5.51;ND;4.15;ND;NA;NA;NA;
19;8;5.19;3.37;8.55;NA;26.75;6.28;ND;9.33;ND;NA;NA;NA;
19;9;5.06;3.24;11.02;NA;8.2;6.06;ND;9.2;ND;NA;NA;NA;
19;10;6.45;6.58;10;NA;6.86;4.74;ND;10.31;ND;NA;NA;NA;
19;11;2.42;2.31;5.47;NA;5.71;3.7;ND;10;ND;NA;NA;NA;
19;12;1.28;0.86;3.89;NA;3.81;2.85;ND;2.66;ND;NA;NA;NA;
19;13;1.53;0.44;4.82;NA;2.88;2.74;ND;1.04;ND;NA;NA;NA;
19;14;1.12;ND;3.51;NA;2.12;1.85;ND;0.52;ND;NA;NA;NA;
19;15;0.86;ND;3.58;NA;3.32;1.65;ND;1.01;ND;NA;NA;NA;
19;16;2.36;1.03;4.3;NA;3.07;1.69;ND;2.79;ND;NA;NA;NA;
19;17;2.08;0.86;4.76;NA;3.58;1.79;ND;2.25;ND;NA;NA;NA;
19;18;1.94;2;4.23;NA;3.31;2.42;ND;3.26;ND;NA;NA;NA;
19;19;2.1;1.03;4.89;NA;7.26;3.31;ND;1.38;ND;NA;NA;NA;
19;20;2.52;0.4;7.02;NA;9.01;4.27;ND;0.76;ND;NA;NA;NA;
19;21;2.62;0.36;6.41;NA;8.3;4.62;ND;0.47;ND;NA;NA;NA;
19;22;2.49;0.73;4.79;NA;ND;5.42;ND;0.84;ND;NA;NA;NA;
19;23;2.69;0.83;5.3;NA;ND;5.66;ND;1.48;ND;NA;NA;NA;
20;0;3.74;0.1;6.96;NA;5.64;6.64;ND;1.05;ND;NA;NA;NA;
20;1;ND;0.06;5.77;NA;7.66;ND;ND;0.79;ND;NA;NA;NA;
20;2;1.09;0.02;4.55;NA;7.57;7.86;ND;1.25;ND;NA;NA;NA;
20;3;0.84;0.03;3.17;NA;5.36;4.6;ND;1.32;ND;NA;NA;NA;
20;4;0.89;0;2.61;NA;2.18;3.22;ND;1.29;ND;NA;NA;NA;
20;5;0.8;0;1.9;NA;5.03;2.92;ND;1.44;ND;NA;NA;NA;
20;6;1.05;0;2.21;NA;8.98;4.84;ND;2.78;ND;NA;NA;NA;
20;7;2.32;0.02;3.01;NA;7.3;4.1;ND;4.8;ND;NA;NA;NA;
20;8;1.19;0;3.29;NA;8.79;4.18;ND;4.03;ND;NA;NA;NA;
20;9;1.33;0.02;3.89;NA;8.42;4.5;ND;1.17;ND;NA;NA;NA;
20;10;1.34;0.39;4.32;NA;5.47;4.08;ND;0.58;ND;NA;NA;NA;
20;11;1.28;0.03;3.93;NA;3.64;2.44;ND;1.12;ND;NA;NA;NA;
20;12;1.56;0.03;4.16;NA;3.47;1.88;ND;1.17;ND;NA;NA;NA;
20;13;1.33;0.02;3.78;NA;3.19;1.45;ND;0.88;ND;NA;NA;NA;
20;14;1.08;0.08;3;NA;3.07;0.71;ND;0.81;ND;NA;NA;NA;
20;15;0.94;0;2.25;NA;2.99;0.29;ND;0.61;ND;NA;NA;NA;
20;16;0.66;0;1.76;NA;2.98;1.4;ND;0.33;ND;NA;NA;NA;
20;17;0.79;0;3.39;NA;1.76;1.72;ND;0.32;ND;NA;NA;NA;
20;18;0.71;0;2.74;NA;1.45;2.13;ND;0.46;ND;NA;NA;NA;
20;19;1.43;0.03;2.22;NA;1.82;1.87;ND;0.81;ND;NA;NA;NA;
20;20;1.05;0.1;2.48;NA;1.44;2.05;ND;0.58;ND;NA;NA;NA;
20;21;1.01;0.01;1.98;NA;1.65;1.94;ND;0.39;ND;NA;NA;NA;
20;22;0.67;0;1.32;NA;1.49;1.37;ND;0.26;ND;NA;NA;NA;
20;23;0.67;0.63;1.2;NA;1.29;1.33;ND;0.27;ND;NA;NA;NA;
21;0;0.35;0.06;0.98;NA;0.4;1.31;ND;2.09;ND;NA;NA;NA;
21;1;0.48;ND;ND;NA;ND;1.37;ND;0.95;ND;NA;NA;NA;
21;2;0.42;1.53;1.79;NA;16.9;2.2;ND;1.38;ND;NA;NA;NA;
21;3;0.73;0.58;2.15;NA;9.85;2.35;ND;0.59;ND;NA;NA;NA;
21;4;0.89;0.2;1.3;NA;6.98;2.11;ND;0.63;ND;NA;NA;NA;
21;5;1.62;0.04;1.56;NA;26.34;3;ND;3.53;ND;NA;NA;NA;
21;6;2.6;0.63;3.45;NA;14.16;7.94;ND;3.81;ND;NA;NA;NA;
21;7;4.11;5.55;6.46;NA;8.21;4.7;ND;7.64;ND;NA;NA;NA;
21;8;5.29;4.52;4.97;NA;5.7;4.68;ND;8.09;ND;NA;NA;NA;
21;9;4.81;3.14;ND;NA;6.9;4.48;ND;8.99;ND;NA;NA;NA;
21;10;5.81;1.81;7.14;NA;6.51;4.56;ND;6.06;ND;NA;NA;NA;
21;11;2.55;0.37;7.11;NA;6.74;5.07;ND;4.13;ND;NA;NA;NA;
21;12;1.27;0.06;3.44;NA;5.41;2.96;ND;2.13;ND;NA;NA;NA;
21;13;0.8;0;1.86;NA;2.67;2;ND;1.29;ND;NA;NA;NA;
21;14;0.7;0;1.46;NA;1.36;2.07;ND;0.79;ND;NA;NA;NA;
21;15;0.66;0;1.88;NA;1.97;2.43;ND;0.6;ND;NA;NA;NA;
21;16;1.5;0.05;3.74;NA;2.04;1.27;ND;0.84;ND;NA;NA;NA;
21;17;1.52;0.06;4.4;NA;2.03;1.59;ND;0.79;ND;NA;NA;NA;
21;18;0.67;0.2;5.09;NA;1.8;2.76;ND;0.62;ND;NA;NA;NA;
21;19;1.64;0.31;4.07;NA;1.74;2.68;ND;0.68;ND;NA;NA;NA;
21;20;1.04;0.01;3.16;NA;3.19;2.79;ND;0.77;ND;NA;NA;NA;
21;21;1.57;0;3.33;NA;4.48;2.22;ND;0.52;ND;NA;NA;NA;
21;22;1.24;0;3.62;NA;2.74;2.4;ND;0.58;ND;NA;NA;NA;
21;23;2.55;0;2.3;NA;1.13;1.98;ND;0.2;ND;NA;NA;NA;
22;0;5.22;0.36;1.57;NA;3.23;1.9;ND;0.2;ND;NA;NA;NA;
22;1;ND;0;1.47;NA;3.6;ND;ND;0.25;ND;NA;NA;NA;
22;2;1.97;0;1.72;NA;7.19;3.96;ND;0.15;ND;NA;NA;NA;
22;3;1.85;0.01;2.73;NA;2.14;1.95;ND;0.36;ND;NA;NA;NA;
22;4;1.93;0;1.39;NA;1.69;1.38;ND;0.33;ND;NA;NA;NA;
22;5;2.06;0;1.54;NA;4.81;1.7;ND;0.14;ND;NA;NA;NA;
22;6;4.02;0.91;4.4;NA;9.9;4.5;ND;0.42;ND;NA;NA;NA;
22;7;4.06;0.15;9.9;NA;8.55;9.17;ND;1.18;ND;NA;NA;NA;
22;8;5.2;ND;9;NA;9.59;10.19;ND;0.83;ND;NA;NA;NA;
22;9;4.91;ND;7.52;NA;7.67;7.26;ND;2.6;ND;NA;NA;NA;
22;10;5.06;ND;6.66;NA;5.56;5.4;ND;2.88;ND;NA;NA;NA;
22;11;2.85;1.79;8.58;NA;ND;5.31;ND;2.53;ND;NA;NA;NA;
22;12;1.27;1.47;4.24;NA;ND;4.2;ND;1.54;ND;NA;NA;NA;
22;13;1.01;0.99;2.94;NA;2;2.64;ND;1.6;ND;NA;NA;NA;
22;14;0.94;0.56;2.86;NA;1.63;2.5;ND;1.27;ND;NA;NA;NA;
22;15;0.99;0.79;3.11;NA;2.18;3.06;ND;0.56;ND;NA;NA;NA;
22;16;0.74;1.09;4.44;NA;1.63;2.67;ND;0.33;ND;NA;NA;NA;
22;17;0.97;1.07;5.63;NA;2.21;1.5;ND;0.48;ND;NA;NA;NA;
22;18;2.75;1.32;4.07;NA;2.26;1.47;ND;0.73;ND;NA;NA;NA;
22;19;2.59;1.34;3.71;NA;3.42;1.27;ND;0.39;ND;NA;NA;NA;
22;20;2.51;1.07;4.25;NA;4.62;2.49;ND;0.32;ND;NA;NA;NA;
22;21;2.15;1.38;3.3;NA;3.87;2.47;ND;0.37;ND;NA;NA;NA;
22;22;1.9;1.2;2.36;NA;5.53;3;ND;0.15;ND;NA;NA;NA;
22;23;1.05;1.24;2.47;NA;3.39;2.68;ND;0.16;ND;NA;NA;NA;
23;0;1.08;1.45;1.92;NA;15.02;3.02;ND;0.06;ND;NA;NA;NA;
23;1;1.34;ND;ND;NA;ND;4.86;ND;0.11;ND;NA;NA;NA;
23;2;1.49;1.78;3.21;NA;57.31;5.55;ND;0.02;ND;NA;NA;NA;
23;3;1.2;1.57;4.55;NA;114.99;9.51;ND;0.08;ND;NA;NA;NA;
23;4;1.95;2.09;4.89;NA;61.81;11.36;ND;1.4;ND;NA;NA;NA;
23;5;10.35;4.76;10.77;NA;69.17;7.23;ND;1.98;ND;NA;NA;NA;
23;6;5.84;8.49;8.17;NA;59.18;16.16;ND;4.05;ND;NA;NA;NA;
23;7;8.42;10.16;17.14;NA;87.44;27.97;ND;9;ND;NA;NA;NA;
23;8;15.76;10.84;23.64;NA;58.18;28.88;ND;7.77;ND;NA;NA;NA;
23;9;12.97;6.2;19.19;NA;24.54;18.69;ND;22.74;ND;NA;NA;NA;
23;10;12.06;5.32;15.89;NA;10.41;12.03;ND;20.51;ND;NA;NA;NA;
23;11;8.51;3.63;9.17;NA;5.74;8.42;ND;ND;ND;NA;NA;NA;
23;12;4.32;1.33;12.93;NA;4.3;8.85;ND;ND;ND;NA;NA;NA;
23;13;1.67;0.34;6.55;NA;7.57;7.21;ND;ND;ND;NA;NA;NA;
23;14;1.35;1.27;4.66;NA;4.15;4.8;ND;1.41;ND;NA;NA;NA;
23;15;0.92;1.21;4.16;NA;2.91;4.12;ND;1.24;ND;NA;NA;NA;
23;16;0.9;0.79;4.13;NA;3.75;2.65;ND;1.4;ND;NA;NA;NA;
23;17;0.9;1.12;5.96;NA;2.79;2.22;ND;1.32;ND;NA;NA;NA;
23;18;1.41;1.33;6.69;NA;4.99;2.41;ND;1.18;ND;NA;NA;NA;
23;19;3.57;1.86;8.2;NA;5.52;2.48;ND;0.88;ND;NA;NA;NA;
23;20;2.56;1.81;8.17;NA;5.13;3.33;ND;0.59;ND;NA;NA;NA;
23;21;4.84;2.48;7.08;NA;5.96;4.68;ND;0.59;ND;NA;NA;NA;
23;22;6.35;ND;ND;NA;7.44;5.59;ND;1.04;ND;NA;NA;NA;
23;23;5.01;ND;ND;NA;5.61;5.57;ND;0.93;ND;NA;NA;NA;
24;0;2.65;1.61;4.16;NA;5.33;5.03;ND;0.49;ND;NA;NA;NA;
24;1;ND;1.19;4.58;NA;6.93;ND;ND;0.38;ND;NA;NA;NA;
24;2;1.3;1.11;3.86;NA;5.59;6.66;ND;0.46;ND;NA;NA;NA;
24;3;1.17;1.18;3.48;NA;5.9;4.53;ND;0.19;ND;NA;NA;NA;
24;4;2.57;2.64;2.39;NA;4.32;3.62;ND;0.36;ND;NA;NA;NA;
24;5;2.68;3.57;3.7;NA;16.75;5.33;ND;1.39;ND;NA;NA;NA;
24;6;6.5;5.5;6.71;NA;55.08;7.49;ND;2.73;ND;NA;NA;NA;
24;7;6.18;6.13;10.76;NA;26.12;12.21;ND;7.93;ND;NA;NA;NA;
24;8;4.26;5.02;7.92;NA;16.09;8.54;ND;11.24;ND;NA;NA;NA;
24;9;5.73;4.39;8.83;NA;8.12;6.02;ND;4.8;ND;NA;NA;NA;
24;10;5.19;2.28;9.59;NA;7.08;6.45;ND;5.58;ND;NA;NA;NA;
24;11;1.55;1.57;6.29;NA;4.69;6.04;ND;2.85;ND;NA;NA;NA;
24;12;1.22;0.66;3.54;NA;3.49;4.81;ND;1.16;ND;NA;NA;NA;
24;13;1.09;0.37;2.79;NA;2.52;4.25;ND;0.81;ND;NA;NA;NA;
24;14;0.83;0.17;3.2;NA;5.02;3.49;ND;0.76;ND;NA;NA;NA;
24;15;1.42;0.92;2.61;NA;4.55;2.73;ND;7.24;ND;NA;NA;NA;
24;16;1.11;1.7;5.75;NA;2.41;2.36;ND;2.7;ND;NA;NA;NA;
24;17;3.77;3.06;5.5;NA;6.98;2.51;ND;1.51;ND;NA;NA;NA;
24;18;1.58;1.66;4.56;NA;6.78;3.69;ND;1.13;ND;NA;NA;NA;
24;19;1.46;1.32;5.21;NA;7.19;4.24;ND;1.36;ND;NA;NA;NA;
24;20;2.35;2.24;7.34;NA;5.57;4.74;ND;2.75;ND;NA;NA;NA;
24;21;2.75;2.42;6.57;NA;6.28;5.64;ND;3.88;ND;NA;NA;NA;
24;22;2.65;1.8;7.03;NA;9.74;5.91;ND;2.69;ND;NA;NA;NA;
24;23;2.64;2.51;5.83;NA;6.73;5.78;ND;2.58;ND;NA;NA;NA;
25;0;2.89;2.54;5.49;NA;9.42;5.78;ND;1.9;ND;NA;NA;NA;
25;1;1.8;ND;ND;NA;ND;5.63;ND;1.19;ND;NA;NA;NA;
25;2;3.81;7.54;11.34;NA;6.17;7.44;ND;1.07;ND;NA;NA;NA;
25;3;2.38;4.38;9.49;NA;7.43;9.29;ND;1.4;ND;NA;NA;NA;
25;4;2.15;5.25;5.58;NA;10.41;9.05;ND;2.22;ND;NA;NA;NA;
25;5;1.56;3.38;3.22;NA;6.61;8.42;ND;2.73;ND;NA;NA;NA;
25;6;4.18;3;5.51;NA;9.33;9.34;ND;5.3;ND;NA;NA;NA;
25;7;2.54;2.86;8.54;NA;9.88;10.13;ND;13.96;ND;NA;NA;NA;
25;8;2.58;1.92;6.68;NA;12.57;11.82;ND;13.48;ND;NA;NA;NA;
25;9;1.88;1.79;7.82;NA;9.57;9.81;ND;14.13;ND;NA;NA;NA;
25;10;1.89;1.42;7.04;NA;10.2;7.08;ND;9.97;ND;NA;NA;NA;
25;11;2.69;1.36;4.98;NA;5.21;9.11;ND;6.16;ND;NA;NA;NA;
25;12;1.38;0.76;5.88;NA;ND;6.13;ND;2.7;ND;NA;NA;NA;
25;13;1.34;0.99;4.06;NA;2.91;3.68;ND;1.19;ND;NA;NA;NA;
25;14;1.01;0.7;3.91;NA;2.98;3.48;ND;0.81;ND;NA;NA;NA;
25;15;1.28;0.64;3.38;NA;3.22;5.49;ND;0.82;ND;NA;NA;NA;
25;16;1.53;0.8;3.86;NA;3.63;1.76;ND;0.53;ND;NA;NA;NA;
25;17;0.88;0.99;4.76;NA;2.35;1.09;ND;0.68;ND;NA;NA;NA;
25;18;1.53;0.97;4.17;NA;3.52;0.59;ND;0.91;ND;NA;NA;NA;
25;19;2.29;1.18;5.39;NA;4.07;0.66;ND;0.94;ND;NA;NA;NA;
25;20;2.69;1.57;4.98;NA;3.58;0.69;ND;0.86;ND;NA;NA;NA;
25;21;2;1.08;5;NA;8.97;1.03;ND;0.75;ND;NA;NA;NA;
25;22;2.42;1.13;3.81;NA;5.13;1.11;ND;0.8;ND;NA;NA;NA;
25;23;2.55;1.6;3.82;NA;4.57;1.18;ND;1.3;ND;NA;NA;NA;
26;0;2.47;1.76;4.86;NA;20.17;2.24;ND;0.98;ND;NA;NA;NA;
26;1;ND;0.85;5.47;NA;9.1;ND;ND;1.19;ND;NA;NA;NA;
26;2;2.81;3.01;5.13;NA;112.86;11.3;ND;0.76;ND;NA;NA;NA;
26;3;1.79;4.74;4.63;NA;32.34;13.07;ND;1.04;ND;NA;NA;NA;
26;4;2.48;ND;4.95;NA;25.32;7.99;ND;1.34;ND;NA;NA;NA;
26;5;3.97;ND;6.25;NA;21.26;9.14;ND;2.08;ND;NA;NA;NA;
26;6;6.92;ND;9.03;NA;20.76;9.05;ND;2.61;ND;NA;NA;NA;
26;7;7.32;9.65;10.8;NA;13;9.98;ND;8.81;ND;NA;NA;NA;
26;8;10.94;ND;10.65;NA;3.6;7.36;ND;45.37;ND;NA;NA;NA;
26;9;6.81;7.28;5.82;NA;2.24;4.74;ND;53.1;ND;NA;NA;NA;
26;10;3.23;7.29;4.87;NA;9.05;5.6;ND;16.46;ND;NA;NA;NA;
26;11;5.38;7.11;9.98;NA;8.24;12.29;ND;5.06;ND;NA;NA;NA;
26;12;5.1;6.25;6.12;NA;10.14;10.7;ND;3.21;ND;NA;NA;NA;
26;13;2.28;4.97;3.69;NA;3.79;5.52;ND;3.36;ND;NA;NA;NA;
26;14;2.11;3.32;2.23;NA;2.74;4.37;ND;2.9;ND;NA;NA;NA;
26;15;1.98;2.77;2.98;NA;2.75;3.67;ND;2.35;ND;NA;NA;NA;
26;16;2.15;2.85;2.99;NA;4.44;2.95;ND;1.95;ND;NA;NA;NA;
26;17;2.31;3.3;2.97;NA;6.07;2.03;ND;1.52;ND;NA;NA;NA;
26;18;1.78;3.55;4.36;NA;14.71;2.53;ND;2.08;ND;NA;NA;NA;
26;19;2.5;3.6;4.47;NA;14.46;2.84;ND;1.48;ND;NA;NA;NA;
26;20;2.67;4.05;4.42;NA;13.25;2.2;ND;1.33;ND;NA;NA;NA;
26;21;4.73;4.42;4.39;NA;10.79;3.22;ND;2.36;ND;NA;NA;NA;
26;22;6.28;4.49;6.15;NA;9.39;5.98;ND;2.03;ND;NA;NA;NA;
26;23;3.65;5.1;6.57;NA;8.31;7.14;ND;1.7;ND;NA;NA;NA;
27;0;2.68;5.56;5.31;NA;18.57;6.33;ND;5.69;ND;NA;NA;NA;
27;1;4.25;6.29;ND;NA;ND;7.64;ND;6.66;ND;NA;NA;NA;
27;2;4.03;7.73;2.43;NA;12.39;7.58;ND;8.37;ND;NA;NA;NA;
27;3;2.61;8.86;4.64;NA;10.94;7.59;ND;10.18;ND;NA;NA;NA;
27;4;3.19;7.79;5.03;NA;8.88;6.67;ND;8.96;ND;NA;NA;NA;
27;5;3.14;6.46;6.13;NA;5.69;6.25;ND;5.42;ND;NA;NA;NA;
27;6;2.77;6.75;2.24;NA;6.46;7.47;ND;5.22;ND;NA;NA;NA;
27;7;7.88;8.86;8.65;NA;9.19;8.35;ND;9.52;ND;NA;NA;NA;
27;8;6.43;6.78;6.19;NA;4.88;6.12;ND;15.28;ND;NA;NA;NA;
27;9;3.28;4.5;3.47;NA;1.49;3.17;ND;9.82;ND;NA;NA;NA;
27;10;1.98;3.32;2.53;NA;1.42;2.77;ND;3.91;ND;NA;NA;NA;
27;11;1.89;2.82;1.97;NA;2.11;2.77;ND;2.72;ND;NA;NA;NA;
27;12;1.87;2.51;2.17;NA;1.73;2.07;ND;1.89;ND;NA;NA;NA;
27;13;1.41;1.81;1.93;NA;1.02;2.37;ND;1.7;ND;NA;NA;NA;
27;14;1.1;2.05;1.65;NA;1.85;2.38;ND;2.19;ND;NA;NA;NA;
27;15;1.07;2.31;1.14;NA;2.01;1.79;ND;5.63;ND;NA;NA;NA;
27;16;1.05;2.93;0.64;NA;2.1;1.59;ND;1.7;ND;NA;NA;NA;
27;17;1;2.98;1.54;NA;1.9;1.58;ND;1.36;ND;NA;NA;NA;
27;18;1.3;2.98;2.05;NA;2.39;0.9;ND;1.21;ND;NA;NA;NA;
27;19;1.86;3.06;2.79;NA;4.63;0.68;ND;1.56;ND;NA;NA;NA;
27;20;2.88;2.92;3.4;NA;3.36;1.03;ND;1.13;ND;NA;NA;NA;
27;21;3.77;3.05;2.93;NA;1.88;1.2;ND;0.79;ND;NA;NA;NA;
27;22;3.09;3.36;3.57;NA;4.75;2.97;ND;0.56;ND;NA;NA;NA;
27;23;2.25;3;3.31;NA;11.19;3.82;ND;0.83;ND;NA;NA;NA;
28;0;1.5;3.24;1.27;NA;4.88;4.06;ND;1.01;ND;NA;NA;NA;
28;1;ND;ND;0.98;NA;4.01;ND;ND;1.5;ND;NA;NA;NA;
28;2;1.03;3.07;0.78;NA;2.88;3.94;ND;0.75;ND;NA;NA;NA;
28;3;0.81;2.68;0.73;NA;29.26;2.93;ND;2.01;ND;NA;NA;NA;
28;4;1.32;3.84;1.55;NA;35.2;3.55;ND;4.3;ND;NA;NA;NA;
28;5;3.36;15.14;1.57;NA;16.41;4.92;ND;4.12;ND;NA;NA;NA;
28;6;6.51;21.38;4.39;NA;15.05;8.07;ND;5.53;ND;NA;NA;NA;
28;7;8.17;14.12;11.36;NA;22.91;12.6;ND;9.57;ND;NA;NA;NA;
28;8;5.72;6.6;8.57;NA;10.25;9.61;ND;14.57;ND;NA;NA;NA;
28;9;5.08;4.77;10.24;NA;3.17;7.81;ND;10.51;ND;NA;NA;NA;
28;10;3.71;ND;8.65;NA;1.81;4.49;ND;11.5;ND;NA;NA;NA;
28;11;2.5;ND;2.87;NA;3.7;4.7;ND;3.2;ND;NA;NA;NA;
28;12;2.46;2.6;4.82;NA;3.73;4.69;ND;1.61;ND;NA;NA;NA;
28;13;2.03;2.07;4.43;NA;1.67;3.29;ND;1.25;ND;NA;NA;NA;
28;14;1.45;1.86;3.4;NA;1.53;2.68;ND;0.84;ND;NA;NA;NA;
28;15;1.66;1.64;2.91;NA;2.14;2.36;ND;1.02;ND;NA;NA;NA;
28;16;1.17;1.52;3.64;NA;1.66;2.78;ND;0.63;ND;NA;NA;NA;
28;17;1.52;1.38;3.77;NA;3.29;2.75;ND;1.13;ND;NA;NA;NA;
28;18;1.99;2.04;2.88;NA;5;2.11;ND;1.06;ND;NA;NA;NA;
28;19;2.15;1.99;3.68;NA;6.62;3.52;ND;2.63;ND;NA;NA;NA;
28;20;4.46;2.18;2.94;NA;7.29;4.13;ND;3.09;ND;NA;NA;NA;
28;21;3.53;2.74;3.14;NA;6.57;4.12;ND;2.75;ND;NA;NA;NA;
28;22;4.23;2.95;5.92;NA;6.07;4.26;ND;1.96;ND;NA;NA;NA;
28;23;3.32;3.12;3.5;NA;5.19;4.32;ND;1.66;ND;NA;NA;NA;
29;0;1.43;2.19;6.12;NA;3.87;3.39;ND;0.59;ND;NA;NA;NA;
29;1;2.43;ND;ND;NA;ND;3.37;ND;0.96;ND;NA;NA;NA;
29;2;1.76;3.14;4.3;NA;9.64;2.9;ND;2.49;ND;NA;NA;NA;
29;3;2.11;3.72;3.93;NA;9.16;2.68;ND;2.77;ND;NA;NA;NA;
29;4;3.4;2.44;4.76;NA;6.62;3.43;ND;7.82;ND;NA;NA;NA;
29;5;4.81;2.88;5.01;NA;9.3;4.36;ND;19.58;ND;NA;NA;NA;
29;6;11.1;7.76;7.52;NA;13.03;9;ND;13.27;ND;NA;NA;NA;
29;7;14.96;12.12;14.54;NA;21.98;9.65;ND;21.7;ND;NA;NA;NA;
29;8;9.43;9.58;8.77;NA;7.47;6.15;ND;30.63;ND;NA;NA;NA;
29;9;5.38;ND;5.55;NA;3.27;3.12;ND;22.89;ND;NA;NA;NA;
29;10;5.14;2.24;4.98;NA;2.33;3.82;ND;4;ND;NA;NA;NA;
29;11;2.86;ND;3.64;NA;3.22;2.82;ND;3.13;ND;NA;NA;NA;
29;12;1.91;2.74;2.59;NA;2.33;2.23;ND;10.71;ND;NA;NA;NA;
29;13;ND;1.83;3.03;NA;1.88;1.98;ND;1.05;ND;NA;NA;NA;
29;14;ND;1.53;2.11;NA;1.83;ND;ND;0.74;ND;NA;NA;NA;
29;15;1.26;1.09;ND;NA;1.83;ND;ND;0.77;ND;NA;NA;NA;
29;16;0.94;1.61;ND;NA;3.25;ND;ND;1.48;ND;NA;NA;NA;
29;17;0.83;1.53;2.14;NA;3.42;2.77;ND;1.6;ND;NA;NA;NA;
29;18;0.88;1.97;2.53;NA;3.67;1.74;ND;1.47;ND;NA;NA;NA;
29;19;1.25;2.79;4.19;NA;3.74;1.13;ND;1.32;ND;NA;NA;NA;
29;20;1.26;2;5.91;NA;3.58;1.44;ND;1.24;ND;NA;NA;NA;
29;21;1.54;1.79;4.9;NA;5.12;1.22;ND;0.69;ND;NA;NA;NA;
29;22;2.48;1.32;5.52;NA;4.8;1.17;ND;0.53;ND;NA;NA;NA;
29;23;2.22;1.42;3.73;NA;2.96;ND;ND;1.04;ND;NA;NA;NA;
30;0;0.92;1.57;2.1;NA;1.52;3.65;ND;0.28;ND;NA;NA;NA;
30;1;ND;1.24;2.89;NA;1.7;2.28;ND;0.34;ND;NA;NA;NA;
30;2;3.49;1.48;2.1;NA;1;1.86;ND;0.5;ND;NA;NA;NA;
30;3;1.85;0.98;1.43;NA;1;1.76;ND;0.36;ND;NA;NA;NA;
30;4;1.08;0.98;1.9;NA;2.46;1.96;ND;0.38;ND;NA;NA;NA;
30;5;1.4;0.83;1.95;NA;9.91;2.14;ND;0.68;ND;NA;NA;NA;
30;6;2.95;1.32;3.83;NA;6.7;3.4;ND;0.66;ND;NA;NA;NA;
30;7;2.95;1.31;5.92;NA;6.12;4.25;ND;1.21;ND;NA;NA;NA;
30;8;3.19;0.93;9.85;NA;8.81;4.17;ND;1.14;ND;NA;NA;NA;
30;9;4.99;2.24;7.38;NA;5.76;5.39;ND;1.76;ND;NA;NA;NA;
30;10;2.85;1.55;5.45;NA;5.09;8.67;ND;2.88;ND;NA;NA;NA;
30;11;ND;1.17;5.97;NA;4.1;7.01;ND;2.52;ND;NA;NA;NA;
30;12;ND;1.04;3.49;NA;2.18;6.09;ND;1.39;ND;NA;NA;NA;
30;13;ND;0.7;3.51;NA;2.22;3.32;ND;1.06;ND;NA;NA;NA;
30;14;ND;0.77;3;NA;2.89;2.98;ND;1.04;ND;NA;NA;NA;
30;15;0.75;1.25;2.43;NA;2.81;2.57;ND;0.77;ND;NA;NA;NA;
30;16;0.71;1.2;1.3;NA;2.71;2.04;ND;0.88;ND;NA;NA;NA;
30;17;0.76;1.09;2.5;NA;3.66;0.98;ND;0.7;ND;NA;NA;NA;
30;18;0.65;1.19;3.75;NA;3.65;0.3;ND;0.52;ND;NA;NA;NA;
30;19;1.87;1.27;4.47;NA;2.72;ND;ND;0.67;ND;NA;NA;NA;
30;20;2.51;1.08;3.77;NA;5.07;2.15;ND;0.51;ND;NA;NA;NA;
30;21;2.98;1.18;3.25;NA;7.2;2.59;ND;0.38;ND;NA;NA;NA;
30;22;3.17;1.41;2.36;NA;7.47;2.7;ND;0.8;ND;NA;NA;NA;
30;23;3.95;1.28;2.84;NA;9.07;3.7;ND;0.79;ND;NA;NA;NA;
31;0;2.61;1.36;2.71;NA;94.38;4.18;ND;0.42;ND;NA;NA;NA;
31;1;2.1;ND;ND;NA;ND;ND;ND;0.39;ND;NA;NA;NA;
31;2;2.12;4.72;2.91;NA;11.64;6.02;ND;0.52;ND;NA;NA;NA;
31;3;2.72;3.87;4.19;NA;13.18;3.93;ND;0.39;ND;NA;NA;NA;
31;4;4.14;2.68;4.35;NA;5.94;4.99;ND;0.16;ND;NA;NA;NA;
31;5;5.76;3.27;4.47;NA;21.44;6.5;ND;0.63;ND;NA;NA;NA;
31;6;4.58;6.52;5.61;NA;12.21;6.32;ND;3.61;ND;NA;NA;NA;
31;7;11.71;4.34;11.74;NA;22.37;10.28;ND;8.87;ND;NA;NA;NA;
31;8;8.43;5.34;8.27;NA;9.62;25.59;ND;27.71;ND;NA;NA;NA;
31;9;6.75;5.26;ND;NA;3.54;9.8;ND;14.94;ND;NA;NA;NA;
31;10;5.02;3.66;13.95;NA;6.66;7.24;ND;6.74;ND;NA;NA;NA;
31;11;1.47;2.28;6.5;NA;6.82;8.4;ND;3.85;ND;NA;NA;NA;
31;12;1.66;1.62;2.57;NA;2.62;5.32;ND;1.82;ND;NA;NA;NA;
31;13;1.4;1.39;3.72;NA;2.56;6.45;ND;1.27;ND;NA;NA;NA;
31;14;1.39;1.11;3.51;NA;2.07;4.82;ND;1.17;ND;NA;NA;NA;
31;15;1.17;1.55;ND;NA;2.43;3;ND;1.93;ND;NA;NA;NA;
31;16;0.89;1.76;1.01;NA;2.29;3.66;ND;1.54;ND;NA;NA;NA;
31;17;0.94;1.59;4.85;NA;3.42;2.96;ND;3.08;ND;NA;NA;NA;
31;18;1.67;2.6;8.06;NA;5.04;4.05;ND;4.15;ND;NA;NA;NA;
31;19;2.13;6.26;7.16;NA;8.55;5.61;ND;2.34;ND;NA;NA;NA;
31;20;2.66;5.36;5.38;NA;8.18;6.16;ND;3.59;ND;NA;NA;NA;
31;21;2.31;4;6.81;NA;10.26;6.5;ND;2.2;ND;NA;NA;NA;
31;22;2.76;3.89;3.66;NA;5.31;4.05;ND;17.82;ND;NA;NA;NA;
31;23;3.59;2.35;3.91;NA;3.66;4.05;ND;5.84;ND;NA;NA;NA;
