DIA;HORA;Cotocollao;Carapungo;Belisario;Jipijapa;El Camal;Centro;Guamaní;Tumbaco;Los Chillos;El Condado;Turubamba;Chillogallo;
1;0;3.71;4.3;7.91;NA;9.34;7.11;ND;1.06;ND;NA;NA;NA;
1;1;5.13;ND;ND;NA;ND;6.06;ND;0.85;ND;NA;NA;NA;
1;2;4.71;2.68;7.94;NA;20.12;5.39;ND;0.53;ND;NA;NA;NA;
1;3;3.63;3.31;7.44;NA;17.53;6.1;ND;0.63;ND;NA;NA;NA;
1;4;3.17;3.71;7.35;NA;31.83;5.16;ND;1.7;ND;NA;NA;NA;
1;5;2.83;2.04;6.57;NA;29.61;4.49;ND;1.14;ND;NA;NA;NA;
1;6;3.97;2.34;10.8;NA;38.92;8.64;ND;8.07;ND;NA;NA;NA;
1;7;5.88;3.86;19.73;NA;45.11;11.28;ND;5.46;ND;NA;NA;NA;
1;8;7.78;4.94;15.9;NA;13.37;7.64;ND;10.67;ND;NA;NA;NA;
1;9;9.56;4.76;12.31;NA;6.93;5.56;ND;5.51;ND;NA;NA;NA;
1;10;5.98;4.97;9.41;NA;7.4;1.95;ND;4.77;ND;NA;NA;NA;
1;11;4.24;3.97;6.6;NA;6.83;4.57;ND;10.69;ND;NA;NA;NA;
1;12;4.08;3.75;6.15;NA;4.46;5.38;ND;2.98;ND;NA;NA;NA;
1;13;2.69;3.17;5.65;NA;4.76;5.22;ND;2.77;ND;NA;NA;NA;
1;14;1.16;1.66;4.81;NA;2.69;3.71;ND;2.27;ND;NA;NA;NA;
1;15;0.85;1.3;4.99;NA;2.19;1.79;ND;1.06;ND;NA;NA;NA;
1;16;0.95;1.76;4.55;NA;1.74;0.58;ND;0.53;ND;NA;NA;NA;
1;17;1.71;1.49;4.56;NA;1.66;0.87;ND;0.31;ND;NA;NA;NA;
1;18;1.47;1.69;4.34;NA;2.52;0.81;ND;0.55;ND;NA;NA;NA;
1;19;2.46;1.82;3.93;NA;1.32;1.11;ND;1.11;ND;NA;NA;NA;
1;20;2.46;3.03;3.7;NA;2.9;1.68;ND;8.02;ND;NA;NA;NA;
1;21;3.23;2.78;3.98;NA;3.17;1.47;ND;0.67;ND;NA;NA;NA;
1;22;3.86;2.64;4.57;NA;4.28;2.35;ND;0.92;ND;NA;NA;NA;
1;23;3.34;2.56;5.6;NA;6.49;2.38;ND;6.65;ND;NA;NA;NA;
2;0;3.34;2.05;6.94;NA;8.94;3.94;ND;0.04;ND;NA;NA;NA;
2;1;ND;2.26;5.83;NA;8.75;ND;ND;0.05;ND;NA;NA;NA;
2;2;2.49;3.86;4.25;NA;8.9;6.3;ND;0.28;ND;NA;NA;NA;
2;3;1.43;4.1;3.91;NA;5.3;4.4;ND;0.07;ND;NA;NA;NA;
2;4;2.54;4.19;2.72;NA;8.13;4.3;ND;0.74;ND;NA;NA;NA;
2;5;4.16;4.01;3.84;NA;11.77;6.25;ND;0.87;ND;NA;NA;NA;
2;6;7.51;8.31;9.44;NA;11.94;9.3;ND;0.94;ND;NA;NA;NA;
2;7;13.56;9.53;7.16;NA;9.08;7.41;ND;1.83;ND;NA;NA;NA;
2;8;6.9;6.45;5.75;NA;5.06;5.43;ND;2.92;ND;NA;NA;NA;
2;9;3.98;4;5.99;NA;2;2.9;ND;2.25;ND;NA;NA;NA;
2;10;4.05;3.44;6.04;NA;2.51;3.16;ND;1.77;ND;NA;NA;NA;
2;11;2.15;2.65;5.5;NA;2.87;3.89;ND;1.42;ND;NA;NA;NA;
2;12;2.19;2.15;4.85;NA;ND;ND;ND;0.44;ND;NA;NA;NA;
2;13;2.18;2;4.74;NA;3.75;4.36;ND;0.55;ND;NA;NA;NA;
2;14;2.26;1.63;4.86;NA;2.84;4.26;ND;0.36;ND;NA;NA;NA;
2;15;1.62;1.2;5.33;NA;5.16;2.48;ND;0.13;ND;NA;NA;NA;
2;16;1.37;1.58;5;NA;3.43;2.06;ND;ND;ND;NA;NA;NA;
2;17;1.7;1.63;6.45;NA;2.51;1.83;ND;0.61;ND;NA;NA;NA;
2;18;3.8;1.95;7.43;NA;4.1;1.47;ND;0.67;ND;NA;NA;NA;
2;19;7.53;2.31;10.68;NA;5.22;3.24;ND;0.65;ND;NA;NA;NA;
2;20;5.42;2.6;11.72;NA;9.79;3.41;ND;2.3;ND;NA;NA;NA;
2;21;17.38;2.65;10.09;NA;11.91;4.69;ND;1.72;ND;NA;NA;NA;
2;22;11.18;3.39;11.77;NA;ND;ND;ND;ND;ND;NA;NA;NA;
2;23;8.39;4.73;8.02;NA;ND;ND;ND;ND;ND;NA;NA;NA;
3;0;5.53;2.14;5.89;NA;1.01;5.36;ND;0.04;ND;NA;NA;NA;
3;1;2.66;ND;ND;NA;1.49;4.56;ND;0;ND;NA;NA;NA;
3;2;2.56;1.66;4.13;NA;2.23;4.87;ND;0;ND;NA;NA;NA;
3;3;7.87;1.51;5.18;NA;1.68;5.26;ND;0;ND;NA;NA;NA;
3;4;5.87;1.54;4;NA;2.86;5.22;ND;0.02;ND;NA;NA;NA;
3;5;3.79;2.26;4.01;NA;7.2;5.3;ND;0.16;ND;NA;NA;NA;
3;6;5.01;3.75;9.79;NA;14.3;7.16;ND;0.38;ND;NA;NA;NA;
3;7;9.77;2.57;15.36;NA;10.29;8.56;ND;0.53;ND;NA;NA;NA;
3;8;7.54;2.44;15.22;NA;3.29;4.81;ND;0.18;ND;NA;NA;NA;
3;9;8.35;2.88;6.8;NA;3.47;2.71;ND;ND;ND;NA;NA;NA;
3;10;2.69;2.81;6.1;NA;2.67;3.01;ND;1;ND;NA;NA;NA;
3;11;3;ND;5.42;NA;2.16;3.47;ND;2.93;ND;NA;NA;NA;
3;12;1.43;ND;4.91;NA;4.32;3.64;ND;ND;ND;NA;NA;NA;
3;13;1.89;1.51;5.17;NA;4.36;2.81;ND;1.2;ND;NA;NA;NA;
3;14;ND;1.43;4.63;NA;2.13;2.97;ND;0.98;ND;NA;NA;NA;
3;15;ND;0.86;4.5;NA;2.88;2.23;ND;0.97;ND;NA;NA;NA;
3;16;1.37;0.85;5.19;NA;2.92;1.55;ND;1.24;ND;NA;NA;NA;
3;17;2.02;1.07;6.18;NA;3.01;2.39;ND;1.54;ND;NA;NA;NA;
3;18;2.31;1.08;5.49;NA;3.61;2.88;ND;1.71;ND;NA;NA;NA;
3;19;2.95;1.39;5.08;NA;3.98;3.43;ND;1.64;ND;NA;NA;NA;
3;20;2.76;1.86;7.06;NA;3.81;4.5;ND;1.3;ND;NA;NA;NA;
3;21;2.94;2.36;5.6;NA;2.61;4.99;ND;1.42;ND;NA;NA;NA;
3;22;4.15;2.35;4.35;NA;1.23;4.48;ND;1.21;ND;NA;NA;NA;
3;23;3.48;1.43;3.74;NA;1.06;4.35;ND;0.95;ND;NA;NA;NA;
4;0;3.36;1.22;3.12;NA;1.4;5.29;ND;0.74;ND;NA;NA;NA;
4;1;ND;0.83;3.19;NA;3.9;ND;ND;0.92;ND;NA;NA;NA;
4;2;2.82;0.84;3.09;NA;8.49;5.35;ND;1.23;ND;NA;NA;NA;
4;3;2.69;0.62;4.2;NA;7.58;4.14;ND;1.38;ND;NA;NA;NA;
4;4;2.5;0.48;5.53;NA;4.18;4.78;ND;1.89;ND;NA;NA;NA;
4;5;2.76;0.38;7.59;NA;6.03;3.91;ND;1.39;ND;NA;NA;NA;
4;6;4.27;1.08;8.28;NA;13.73;6.52;ND;1.2;ND;NA;NA;NA;
4;7;6.43;5.03;12.32;NA;17.92;10.66;ND;3.53;ND;NA;NA;NA;
4;8;10.31;3.2;16.45;NA;8.08;9.29;ND;2.97;ND;NA;NA;NA;
4;9;7.42;4.09;8.51;NA;4.64;4.59;ND;2.68;ND;NA;NA;NA;
4;10;3.92;3.05;ND;NA;2.33;3.65;ND;2.45;ND;NA;NA;NA;
4;11;2.53;2.63;4.12;NA;2.31;3.7;ND;2.5;ND;NA;NA;NA;
4;12;1.61;1.56;2.8;NA;3.69;2.54;ND;1.37;ND;NA;NA;NA;
4;13;1.86;1.14;3.31;NA;3.36;1.99;ND;0.99;ND;NA;NA;NA;
4;14;1.66;0.74;2.98;NA;2.11;1.49;ND;1.19;ND;NA;NA;NA;
4;15;1.49;0.77;4.14;NA;1.48;1.49;ND;0.86;ND;NA;NA;NA;
4;16;1.42;0.81;4.13;NA;3.33;2.77;ND;0.92;ND;NA;NA;NA;
4;17;1.48;0.82;4.46;NA;4.53;2.41;ND;1.35;ND;NA;NA;NA;
4;18;1.75;1.42;4.61;NA;5.38;2.1;ND;1.45;ND;NA;NA;NA;
4;19;2.41;1.62;4.65;NA;6.72;2.8;ND;1.34;ND;NA;NA;NA;
4;20;4.92;1.37;7.51;NA;6.85;3.86;ND;1.1;ND;NA;NA;NA;
4;21;5.42;1.33;12.65;NA;7.68;3.82;ND;1.06;ND;NA;NA;NA;
4;22;6.91;0.84;12.68;NA;6.96;5.86;ND;ND;ND;NA;NA;NA;
4;23;7.95;2.09;10.73;NA;13.9;6.36;ND;ND;ND;NA;NA;NA;
5;0;4.39;1.09;11.19;NA;11.3;6.59;ND;11.41;ND;NA;NA;NA;
5;1;3.75;ND;ND;NA;8.88;5.05;ND;13.57;ND;NA;NA;NA;
5;2;4.15;0.75;9.95;NA;10.18;4.32;ND;2.57;ND;NA;NA;NA;
5;3;3.15;0.84;8.64;NA;7.76;5.37;ND;1.55;ND;NA;NA;NA;
5;4;5.56;3.12;8.61;NA;9.91;7.13;ND;1.59;ND;NA;NA;NA;
5;5;6.79;3.88;2.96;NA;10.14;6;ND;1.76;ND;NA;NA;NA;
5;6;8.42;6;4.53;NA;12.27;5.88;ND;3.84;ND;NA;NA;NA;
5;7;10.64;10.28;7.26;NA;13.1;5.77;ND;12.99;ND;NA;NA;NA;
5;8;7.51;5.59;9.52;NA;4.28;6.92;ND;6.58;ND;NA;NA;NA;
5;9;4.38;2.64;13.02;NA;3.18;4.74;ND;3.59;ND;NA;NA;NA;
5;10;5.16;2.43;4.26;NA;3.07;3.29;ND;3.45;ND;NA;NA;NA;
5;11;3.57;1.84;3.16;NA;3.01;2.84;ND;3.72;ND;NA;NA;NA;
5;12;2.65;1.72;4.09;NA;2.52;2.51;ND;2.48;ND;NA;NA;NA;
5;13;2.7;1.38;3.35;NA;3.27;1.78;ND;1.85;ND;NA;NA;NA;
5;14;2.07;1.26;2.69;NA;2.57;1.7;ND;1.68;ND;NA;NA;NA;
5;15;1.58;1.29;4.16;NA;3.19;2.52;ND;1.76;ND;NA;NA;NA;
5;16;1.65;1.44;3.5;NA;4.18;2.31;ND;2.17;ND;NA;NA;NA;
5;17;1.59;1.36;4.9;NA;3.88;1.74;ND;1.73;ND;NA;NA;NA;
5;18;2.02;1.82;8.31;NA;5.59;1.46;ND;1.63;ND;NA;NA;NA;
5;19;3.12;2.04;9.61;NA;10.52;2.29;ND;1.49;ND;NA;NA;NA;
5;20;4.15;2.2;7.68;NA;8.84;5.14;ND;1.42;ND;NA;NA;NA;
5;21;5.29;1.85;4.77;NA;12.38;3.75;ND;0.97;ND;NA;NA;NA;
5;22;3.11;1.36;3.92;NA;4.04;4.1;ND;0.99;ND;NA;NA;NA;
5;23;4.27;1.29;3.52;NA;4.47;3.86;ND;0.92;ND;NA;NA;NA;
6;0;4.64;1.43;3.92;NA;10.01;3.89;ND;1.33;ND;NA;NA;NA;
6;1;ND;3.1;2.62;NA;7.26;ND;ND;1.45;ND;NA;NA;NA;
6;2;6.28;3.22;2.9;NA;5.87;5.6;ND;1.11;ND;NA;NA;NA;
6;3;5.43;2.07;3.1;NA;4.83;4.03;ND;1.84;ND;NA;NA;NA;
6;4;3.81;1.96;4.08;NA;6.92;3.69;ND;5.24;ND;NA;NA;NA;
6;5;4.62;2.56;6.51;NA;62.51;13.81;ND;3.88;ND;NA;NA;NA;
6;6;8.81;4.18;21.91;NA;37.6;15.5;ND;12.34;ND;NA;NA;NA;
6;7;7.99;6.89;17.94;NA;58.42;15.24;ND;21.33;ND;NA;NA;NA;
6;8;14.65;5.67;11.42;NA;24.9;13.91;ND;11.81;ND;NA;NA;NA;
6;9;6.68;2.79;5.55;NA;5.8;5.81;ND;5.34;ND;NA;NA;NA;
6;10;3.5;2.03;3.85;NA;3.41;3.34;ND;6.01;ND;NA;NA;NA;
6;11;3.34;2.02;4.22;NA;2.57;3.11;ND;3.66;ND;NA;NA;NA;
6;12;2.69;1.7;4.04;NA;3.39;2.6;ND;2.28;ND;NA;NA;NA;
6;13;1.94;1.31;3.92;NA;2.71;2.62;ND;1.58;ND;NA;NA;NA;
6;14;1.69;1.29;3.43;NA;3.1;3.4;ND;1.43;ND;NA;NA;NA;
6;15;1.62;1.26;3.16;NA;3.56;2.77;ND;1.47;ND;NA;NA;NA;
6;16;1.53;1.05;3.71;NA;3.51;2.79;ND;1.15;ND;NA;NA;NA;
6;17;1.73;1.11;4.44;NA;3.45;2;ND;1.12;ND;NA;NA;NA;
6;18;1.93;1.24;7.11;NA;5.64;0.9;ND;1.35;ND;NA;NA;NA;
6;19;1.86;1.64;6.22;NA;7.57;0.68;ND;1.42;ND;NA;NA;NA;
6;20;1.84;1.61;6.17;NA;5.51;0.37;ND;1.23;ND;NA;NA;NA;
6;21;2.38;1.74;4.17;NA;4.22;0.62;ND;1.23;ND;NA;NA;NA;
6;22;2.18;1.42;3.88;NA;3.28;0.72;ND;1.12;ND;NA;NA;NA;
6;23;2.41;1.27;3.63;NA;2.76;1.18;ND;1.1;ND;NA;NA;NA;
7;0;2.82;1.31;3.72;NA;2.78;1.9;ND;0.77;ND;NA;NA;NA;
7;1;2.96;ND;ND;NA;2.53;2.27;ND;0.77;ND;NA;NA;NA;
7;2;2.32;1.28;3.83;NA;3.21;2.47;ND;0.77;ND;NA;NA;NA;
7;3;2.8;0.96;3.39;NA;3.7;2.29;ND;0.69;ND;NA;NA;NA;
7;4;2.52;0.85;2.83;NA;3.64;2.35;ND;0.73;ND;NA;NA;NA;
7;5;2.85;0.9;4.03;NA;6.35;2.77;ND;0.78;ND;NA;NA;NA;
7;6;3.38;1.34;6.99;NA;17.5;5.23;ND;0.72;ND;NA;NA;NA;
7;7;3.18;1.38;15.24;NA;23.08;9.18;ND;1.34;ND;NA;NA;NA;
7;8;2.81;1.21;12.45;NA;11.88;4.7;ND;1.63;ND;NA;NA;NA;
7;9;2.45;0.97;5.57;NA;5.53;3.91;ND;1.88;ND;NA;NA;NA;
7;10;2.35;0.97;2.98;NA;4.16;4.16;ND;2.61;ND;NA;NA;NA;
7;11;2.18;1.08;3.33;NA;2.72;3.57;ND;2.1;ND;NA;NA;NA;
7;12;1.89;1.27;3.57;NA;2.76;3.13;ND;1.43;ND;NA;NA;NA;
7;13;1.78;0.89;3.04;NA;2.1;2.33;ND;1.1;ND;NA;NA;NA;
7;14;1.38;1.03;3.03;NA;2.67;1.91;ND;1.1;ND;NA;NA;NA;
7;15;1.23;0.83;3.04;NA;2.72;2.22;ND;1.15;ND;NA;NA;NA;
7;16;1.15;0.84;4.03;NA;3.46;1.73;ND;1.53;ND;NA;NA;NA;
7;17;1.37;1.08;4.2;NA;4.02;1.04;ND;1.26;ND;NA;NA;NA;
7;18;1.76;1.25;4.22;NA;5.2;0.91;ND;1.11;ND;NA;NA;NA;
7;19;2.17;1.19;6.37;NA;6.38;1.47;ND;1;ND;NA;NA;NA;
7;20;2.69;1.04;5.57;NA;5.59;2.04;ND;0.85;ND;NA;NA;NA;
7;21;3.6;1.3;5.32;NA;5.51;2.57;ND;0.67;ND;NA;NA;NA;
7;22;2.99;1.16;4.97;NA;4.79;3.38;ND;0.77;ND;NA;NA;NA;
7;23;2.3;2.12;4.44;NA;3.12;3.83;ND;0.75;ND;NA;NA;NA;
8;0;2.53;1.7;6.29;NA;1.08;5.74;ND;0.79;ND;NA;NA;NA;
8;1;ND;1.24;3.2;NA;1.13;ND;ND;0.99;ND;NA;NA;NA;
8;2;3.17;1.27;3.42;NA;0.74;3.63;ND;1.33;ND;NA;NA;NA;
8;3;2.25;2.11;3.09;NA;0.96;4.29;ND;1.02;ND;NA;NA;NA;
8;4;2.42;2.63;2.63;NA;1.49;4.58;ND;1.01;ND;NA;NA;NA;
8;5;2.56;2.11;2.1;NA;2.51;3.61;ND;1.37;ND;NA;NA;NA;
8;6;2.74;2.29;1.73;NA;2.16;4.05;ND;2.01;ND;NA;NA;NA;
8;7;3.65;2.22;2;NA;4.05;3.46;ND;9.42;ND;NA;NA;NA;
8;8;2.82;2.34;3.38;NA;4.07;4.6;ND;4.64;ND;NA;NA;NA;
8;9;2.15;1.91;2.5;NA;1.36;2.17;ND;2.72;ND;NA;NA;NA;
8;10;1.74;1.37;3.63;NA;1.82;1.91;ND;1.5;ND;NA;NA;NA;
8;11;1.34;1.29;2.93;NA;1.7;1.76;ND;1;ND;NA;NA;NA;
8;12;1.38;1.09;2.73;NA;1.26;1.6;ND;1.03;ND;NA;NA;NA;
8;13;1.07;1.05;1.8;NA;1.62;1.31;ND;1.19;ND;NA;NA;NA;
8;14;1.07;0.92;1.84;NA;1.38;1.06;ND;0.99;ND;NA;NA;NA;
8;15;1.18;0.95;1.47;NA;1.47;0.76;ND;1.11;ND;NA;NA;NA;
8;16;1.17;1.1;2.66;NA;2.28;1.01;ND;1.46;ND;NA;NA;NA;
8;17;1.36;1.04;2.6;NA;4.38;0.66;ND;1.24;ND;NA;NA;NA;
8;18;1.55;1.06;3.04;NA;3.78;0.36;ND;1.06;ND;NA;NA;NA;
8;19;1.83;1.14;4;NA;3.78;0.45;ND;1.07;ND;NA;NA;NA;
8;20;1.87;0.8;4.08;NA;3.86;0.72;ND;0.91;ND;NA;NA;NA;
8;21;1.83;1.03;3.48;NA;4.88;1.25;ND;0.85;ND;NA;NA;NA;
8;22;2.06;1.19;2.99;NA;4.93;1.17;ND;0.76;ND;NA;NA;NA;
8;23;2.1;1.15;2.61;NA;4.26;1.25;ND;0.68;ND;NA;NA;NA;
9;0;2.11;0.82;2.27;NA;2.68;1.48;ND;0.66;ND;NA;NA;NA;
9;1;1.84;ND;ND;NA;1.48;2.45;ND;0.54;ND;NA;NA;NA;
9;2;1.53;0.91;2.11;NA;1.5;2.56;ND;0.44;ND;NA;NA;NA;
9;3;1.38;0.57;2.51;NA;1.97;1.95;ND;0.57;ND;NA;NA;NA;
9;4;1.48;0.8;1.84;NA;4.29;1.94;ND;0.58;ND;NA;NA;NA;
9;5;1.57;0.83;1.88;NA;1.83;2.33;ND;0.68;ND;NA;NA;NA;
9;6;3.22;1.76;6.45;NA;8.77;4.83;ND;1.45;ND;NA;NA;NA;
9;7;3.98;2.41;10.97;NA;7.86;8.75;ND;1.17;ND;NA;NA;NA;
9;8;4.26;4.02;11.6;NA;11.36;7.21;ND;1.19;ND;NA;NA;NA;
9;9;5.12;3.26;13.19;NA;4.82;5.47;ND;1.35;ND;NA;NA;NA;
9;10;3.73;2.71;10.6;NA;3.52;7.52;ND;1.38;ND;NA;NA;NA;
9;11;2.76;1.94;7.67;NA;5.22;8.49;ND;1.74;ND;NA;NA;NA;
9;12;2.86;1.69;5.15;NA;2.6;4.04;ND;2.4;ND;NA;NA;NA;
9;13;2.5;1.31;3.82;NA;3.22;ND;ND;1.67;ND;NA;NA;NA;
9;14;1.77;1.22;3.66;NA;3.71;ND;ND;1.31;ND;NA;NA;NA;
9;15;1.42;1.12;3.89;NA;4.07;2.85;ND;1.33;ND;NA;NA;NA;
9;16;1.12;1.06;3.62;NA;ND;3.22;ND;1.32;ND;NA;NA;NA;
9;17;1.42;1.22;5.25;NA;3.8;1.67;ND;1.18;ND;NA;NA;NA;
9;18;1.39;1.3;7.56;NA;3.41;0.8;ND;1.31;ND;NA;NA;NA;
9;19;1.55;1.6;8.12;NA;4.05;0.49;ND;1.4;ND;NA;NA;NA;
9;20;1.59;1.37;8.55;NA;5.99;0.23;ND;1.25;ND;NA;NA;NA;
9;21;2.57;1.36;8.66;NA;4.91;1.28;ND;0.89;ND;NA;NA;NA;
9;22;2.58;1.43;5.54;NA;7.64;2.85;ND;0.82;ND;NA;NA;NA;
9;23;2.01;1.39;5.28;NA;22.69;4.15;ND;0.91;ND;NA;NA;NA;
10;0;2.5;1.17;4.88;NA;7.77;3.07;ND;1.16;ND;NA;NA;NA;
10;1;ND;1.03;4.35;NA;9.2;3.92;ND;1.55;ND;NA;NA;NA;
10;2;2.43;1.1;4.08;NA;3.5;2.95;ND;1.65;ND;NA;NA;NA;
10;3;2.07;1.05;3.66;NA;3.01;3.39;ND;1.57;ND;NA;NA;NA;
10;4;2.03;1.89;4.17;NA;16.39;4.32;ND;2.1;ND;NA;NA;NA;
10;5;2.6;2.79;14.21;NA;29.64;16.24;ND;3.58;ND;NA;NA;NA;
10;6;7.15;6.84;21.71;NA;31.98;17.43;ND;5.13;ND;NA;NA;NA;
10;7;9.02;6.34;14.73;NA;13.56;9.76;ND;6.07;ND;NA;NA;NA;
10;8;8.47;4.52;7.88;NA;3.92;6.78;ND;5.98;ND;NA;NA;NA;
10;9;6.49;4.32;6.89;NA;3.25;3.63;ND;5.65;ND;NA;NA;NA;
10;10;6.22;6.56;8.15;NA;3.69;3.51;ND;3.58;ND;NA;NA;NA;
10;11;5.98;4.24;7.42;NA;1.91;3.22;ND;3.28;ND;NA;NA;NA;
10;12;3.96;3.16;6.8;NA;1.91;3.22;ND;2.14;ND;NA;NA;NA;
10;13;3.66;2.07;7.41;NA;2.61;3.6;ND;2.11;ND;NA;NA;NA;
10;14;2.4;1.93;ND;NA;1.66;3.42;ND;1.22;ND;NA;NA;NA;
10;15;1.73;1.35;ND;NA;1.55;2.63;ND;1.19;ND;NA;NA;NA;
10;16;1.52;1.3;ND;NA;1.59;3.27;ND;1.6;ND;NA;NA;NA;
10;17;1.61;1.31;5.82;NA;2.69;2.66;ND;2.1;ND;NA;NA;NA;
10;18;1.81;1.48;6;NA;2.25;2.2;ND;2.17;ND;NA;NA;NA;
10;19;1.9;1.88;6.84;NA;3.71;2.9;ND;2.58;ND;NA;NA;NA;
10;20;2.6;2.24;5.48;NA;3.66;4.5;ND;2.09;ND;NA;NA;NA;
10;21;3.19;1.91;4.83;NA;3.47;6.89;ND;1.59;ND;NA;NA;NA;
10;22;ND;2.17;2.92;NA;7.03;4.68;ND;2.04;ND;NA;NA;NA;
10;23;ND;2.16;2.15;NA;6.84;3.87;ND;2.1;ND;NA;NA;NA;
11;0;3.29;1.98;2.54;NA;2.2;3.91;ND;1.5;ND;NA;NA;NA;
11;1;5.14;ND;2.25;NA;4.29;3.18;ND;1.88;ND;NA;NA;NA;
11;2;3.95;12.71;7.85;NA;9.17;4.1;ND;1.5;ND;NA;NA;NA;
11;3;3.73;6.79;8.84;NA;8.33;3.96;ND;1.83;ND;NA;NA;NA;
11;4;5.77;6.49;8.31;NA;6.67;3.22;ND;1.25;ND;NA;NA;NA;
11;5;6.56;3.9;5.67;NA;9.63;3.94;ND;1.27;ND;NA;NA;NA;
11;6;7.32;5.26;8.98;NA;15.34;5.3;ND;3.31;ND;NA;NA;NA;
11;7;6.99;5.22;11.89;NA;14.17;7.81;ND;3.06;ND;NA;NA;NA;
11;8;7.01;3.55;11.84;NA;4.95;4.98;ND;3.09;ND;NA;NA;NA;
11;9;5.48;3.43;ND;NA;3.15;2.76;ND;2.05;ND;NA;NA;NA;
11;10;4.67;2.35;6.93;NA;2.24;2.55;ND;1.91;ND;NA;NA;NA;
11;11;4.06;1.99;4.36;NA;1.91;3.09;ND;1.91;ND;NA;NA;NA;
11;12;2.59;1.48;3.55;NA;2.29;3.03;ND;1.75;ND;NA;NA;NA;
11;13;2.1;1.37;3.89;NA;2.81;2.68;ND;1.52;ND;NA;NA;NA;
11;14;1.62;1.28;3.43;NA;2.56;1.35;ND;1.34;ND;NA;NA;NA;
11;15;1.62;1.13;4;NA;2.72;0.58;ND;1.55;ND;NA;NA;NA;
11;16;1.52;1.37;3.49;NA;2.19;0.16;ND;1.38;ND;NA;NA;NA;
11;17;1.61;1.36;5.65;NA;2.53;0.28;ND;1.28;ND;NA;NA;NA;
11;18;1.6;1.6;5.97;NA;3.37;0.12;ND;1.01;ND;NA;NA;NA;
11;19;2.56;1.32;5.49;NA;3.35;0;ND;1.23;ND;NA;NA;NA;
11;20;2.31;1.19;5.66;NA;4.77;0.16;ND;0.96;ND;NA;NA;NA;
11;21;2.14;1.15;4.09;NA;4.56;0.28;ND;0.55;ND;NA;NA;NA;
11;22;2.9;1.21;4.57;NA;3.41;1.06;ND;0.54;ND;NA;NA;NA;
11;23;2.39;1.03;3.15;NA;2.62;1.21;ND;0.56;ND;NA;NA;NA;
12;0;2.27;1.04;2.68;NA;1.8;1.49;ND;0.46;ND;NA;NA;NA;
12;1;ND;0.83;ND;NA;1.36;1.75;ND;0.8;ND;NA;NA;NA;
12;2;2.16;0.64;2.26;NA;1.4;2.02;ND;1.32;ND;NA;NA;NA;
12;3;1.79;0.69;2.38;NA;1.33;1.88;ND;3.89;ND;NA;NA;NA;
12;4;1.85;0.97;2.28;NA;1.34;1.77;ND;4.01;ND;NA;NA;NA;
12;5;1.8;1.21;2.39;NA;5.17;1.82;ND;4.23;ND;NA;NA;NA;
12;6;2.31;1.33;3.58;NA;6.91;2.41;ND;1.88;ND;NA;NA;NA;
12;7;3.13;1.57;5.29;NA;6.85;3.66;ND;2.84;ND;NA;NA;NA;
12;8;4.14;1.97;6.18;NA;4.03;3.23;ND;3.03;ND;NA;NA;NA;
12;9;4.58;2.03;5.74;NA;4.61;2.25;ND;1.87;ND;NA;NA;NA;
12;10;3.17;1.63;5.54;NA;5.58;1.06;ND;1.46;ND;NA;NA;NA;
12;11;2.04;1.33;4.82;NA;4.8;0.69;ND;1.52;ND;NA;NA;NA;
12;12;1.68;1.28;3.65;NA;3.1;1.48;ND;2.15;ND;NA;NA;NA;
12;13;1.59;1.18;3.31;NA;3.27;2.32;ND;1.99;ND;NA;NA;NA;
12;14;1.36;0.97;3.39;NA;3.04;1.13;ND;1.54;ND;NA;NA;NA;
12;15;ND;0.93;3.52;NA;2.83;0.97;ND;1.06;ND;NA;NA;NA;
12;16;2.76;0.89;3.8;NA;2.22;0.78;ND;1.11;ND;NA;NA;NA;
12;17;2.87;0.74;5.23;NA;2.08;0.3;ND;1.22;ND;NA;NA;NA;
12;18;3.03;1.01;4.51;NA;2.07;0.33;ND;1.4;ND;NA;NA;NA;
12;19;3.03;0.91;3.66;NA;2.24;0.65;ND;1.23;ND;NA;NA;NA;
12;20;3.59;1.04;3.87;NA;2.54;2.11;ND;1.09;ND;NA;NA;NA;
12;21;4.24;1.01;3.3;NA;3.08;2.25;ND;0.91;ND;NA;NA;NA;
12;22;4.1;0.72;3.5;NA;2.4;2.47;ND;0.6;ND;NA;NA;NA;
12;23;4.06;0.61;2.67;NA;1.5;2.38;ND;0.72;ND;NA;NA;NA;
13;0;4.84;0.91;3.45;NA;0.81;2.42;ND;0.71;ND;NA;NA;NA;
13;1;3.55;ND;ND;NA;0.66;2.44;ND;0.63;ND;NA;NA;NA;
13;2;3.34;1.01;2.29;NA;0.99;1.71;ND;0.68;ND;NA;NA;NA;
13;3;3.11;0.58;2.01;NA;0.6;1.72;ND;0.71;ND;NA;NA;NA;
13;4;2.86;0.5;1.82;NA;1.3;1.73;ND;0.56;ND;NA;NA;NA;
13;5;3;0.49;2.27;NA;1.78;2.01;ND;0.8;ND;NA;NA;NA;
13;6;3.47;1.55;2.63;NA;3.84;2.26;ND;1.36;ND;NA;NA;NA;
13;7;4.15;1.81;2.66;NA;4.28;3.75;ND;2.09;ND;NA;NA;NA;
13;8;4.62;2.68;3.94;NA;5.28;4.99;ND;1.5;ND;NA;NA;NA;
13;9;5.66;2.48;4.32;NA;5.52;4.11;ND;1.44;ND;NA;NA;NA;
13;10;ND;2.89;5.76;NA;8.23;4.32;ND;1.74;ND;NA;NA;NA;
13;11;5.74;2.22;5.61;NA;7.7;5.62;ND;1.6;ND;NA;NA;NA;
13;12;5.67;ND;5.59;NA;8.66;5.75;ND;1.44;ND;NA;NA;NA;
13;13;6.51;2.04;8.03;NA;8.18;5.57;ND;1.55;ND;NA;NA;NA;
13;14;5.97;2.47;7.78;NA;6.36;5.13;ND;2.46;ND;NA;NA;NA;
13;15;5;1.73;5.71;NA;6.54;4.24;ND;2.75;ND;NA;NA;NA;
13;16;5.11;1.41;7.15;NA;8.72;4.42;ND;3.96;ND;NA;NA;NA;
13;17;5.27;2.5;5.67;NA;3.58;3.58;ND;2.37;ND;NA;NA;NA;
13;18;5.01;2.63;6.52;NA;6.06;3.66;ND;4.29;ND;NA;NA;NA;
13;19;5.68;2.22;6.44;NA;7.98;4.04;ND;2.67;ND;NA;NA;NA;
13;20;5.24;2.04;5.15;NA;8.55;3.22;ND;2.35;ND;NA;NA;NA;
13;21;5.67;1.81;4.5;NA;9.95;3.06;ND;2.26;ND;NA;NA;NA;
13;22;4.75;1.5;3.73;NA;8.83;2.97;ND;1.51;ND;NA;NA;NA;
13;23;4.73;1.26;3.32;NA;11.95;2.82;ND;0.98;ND;NA;NA;NA;
14;0;4.76;1.5;2.89;NA;5.94;3.04;ND;1.09;ND;NA;NA;NA;
14;1;ND;1.16;2.7;NA;3.28;2.8;ND;1.54;ND;NA;NA;NA;
14;2;4.32;1.29;2.37;NA;2.13;2.86;ND;0.61;ND;NA;NA;NA;
14;3;4.11;0.89;2.21;NA;2.35;2.21;ND;0.67;ND;NA;NA;NA;
14;4;4.2;1.08;2.44;NA;1.77;2.04;ND;0.73;ND;NA;NA;NA;
14;5;4.37;1.96;2.68;NA;4.06;2.3;ND;1.02;ND;NA;NA;NA;
14;6;4.44;1.58;2.37;NA;9.01;2.61;ND;2.66;ND;NA;NA;NA;
14;7;4.56;1.79;3.32;NA;8.23;3.4;ND;3.14;ND;NA;NA;NA;
14;8;5.53;1.64;4.93;NA;6.58;4.38;ND;3.17;ND;NA;NA;NA;
14;9;5.42;2.36;5.12;NA;5.85;4.02;ND;2.48;ND;NA;NA;NA;
14;10;4.94;1.78;4.54;NA;5.2;3.55;ND;2.18;ND;NA;NA;NA;
14;11;4.85;1.15;4.38;NA;6.15;3.18;ND;1.96;ND;NA;NA;NA;
14;12;4.3;0.89;5.35;NA;3.74;1.95;ND;1.7;ND;NA;NA;NA;
14;13;3.86;0.56;4.82;NA;2.03;2.02;ND;1.39;ND;NA;NA;NA;
14;14;3.43;0.82;3.63;NA;2.18;1.74;ND;1.82;ND;NA;NA;NA;
14;15;3.25;0.82;3.04;NA;2.47;1.68;ND;1.13;ND;NA;NA;NA;
14;16;3.19;0.66;3.84;NA;1.9;2.12;ND;1.1;ND;NA;NA;NA;
14;17;4.7;0.87;3.4;NA;3.94;1.59;ND;1;ND;NA;NA;NA;
14;18;5.01;0.61;4.56;NA;5.49;1.87;ND;0.98;ND;NA;NA;NA;
14;19;4.57;1.31;4.67;NA;4.79;3.08;ND;0.85;ND;NA;NA;NA;
14;20;4.14;1.19;3.49;NA;7.56;3;ND;1.07;ND;NA;NA;NA;
14;21;5.58;1.71;5.7;NA;8.28;3.71;ND;2.1;ND;NA;NA;NA;
14;22;6.04;1.5;6.24;NA;13.45;5;ND;2.29;ND;NA;NA;NA;
14;23;6.81;2.6;7.12;NA;11.23;5.43;ND;1.64;ND;NA;NA;NA;
15;0;6.42;2.31;6.62;NA;22.07;5.27;ND;3.7;ND;NA;NA;NA;
15;1;5.78;ND;ND;NA;20.27;5.64;ND;2.73;ND;NA;NA;NA;
15;2;5.88;1.36;5.72;NA;15.23;4.51;ND;2.42;ND;NA;NA;NA;
15;3;5.18;0.86;7.38;NA;15.01;4.29;ND;1.15;ND;NA;NA;NA;
15;4;5;0.77;6;NA;8.24;3.79;ND;1.16;ND;NA;NA;NA;
15;5;4.82;1.26;11.69;NA;8.78;3.86;ND;3.95;ND;NA;NA;NA;
15;6;5.83;1.52;7.65;NA;9.15;3.88;ND;3.2;ND;NA;NA;NA;
15;7;5.74;2.25;7.96;NA;8.11;4.93;ND;6.8;ND;NA;NA;NA;
15;8;5.97;2.61;6.84;NA;13.34;5.18;ND;7.36;ND;NA;NA;NA;
15;9;5.92;2.55;7.17;NA;13.97;4.3;ND;4.02;ND;NA;NA;NA;
15;10;5.67;2.79;7.99;NA;8.25;2.21;ND;3.24;ND;NA;NA;NA;
15;11;4.21;2.26;6.9;NA;7.88;1.23;ND;3.14;ND;NA;NA;NA;
15;12;3.24;1.29;4.4;NA;5.56;1.3;ND;1.89;ND;NA;NA;NA;
15;13;3.09;0.98;2.77;NA;3.94;0.72;ND;1.45;ND;NA;NA;NA;
15;14;2.92;1.26;3.39;NA;3.55;1.77;ND;1.65;ND;NA;NA;NA;
15;15;2.83;0.78;3.84;NA;1.85;1.59;ND;1.39;ND;NA;NA;NA;
15;16;2.97;0.74;4.26;NA;1.85;1.27;ND;1.21;ND;NA;NA;NA;
15;17;3;1.23;2.83;NA;3.33;1.17;ND;3.01;ND;NA;NA;NA;
15;18;3.33;1.48;4.21;NA;2.97;1.74;ND;2.04;ND;NA;NA;NA;
15;19;3.61;2.16;3.94;NA;2.72;1.96;ND;2.08;ND;NA;NA;NA;
15;20;3.47;1.74;3.92;NA;6.23;2.62;ND;2.3;ND;NA;NA;NA;
15;21;3.49;2.02;7.05;NA;7.19;4.9;ND;1.75;ND;NA;NA;NA;
15;22;3.53;2.92;6.04;NA;10.22;5.91;ND;1.19;ND;NA;NA;NA;
15;23;3.86;2.34;5.59;NA;11.23;11.49;ND;2.75;ND;NA;NA;NA;
16;0;3.8;2.58;4.66;NA;12.11;ND;ND;2.63;ND;NA;NA;NA;
16;1;ND;2.24;3.99;NA;14.77;ND;ND;2.24;ND;NA;NA;NA;
16;2;3.32;2.39;2.88;NA;22.82;ND;ND;4.75;ND;NA;NA;NA;
16;3;3.24;2.54;2.73;NA;40.45;ND;ND;2.75;ND;NA;NA;NA;
16;4;3.56;2.93;3.04;NA;49.5;ND;ND;3.1;ND;NA;NA;NA;
16;5;6.13;2.25;4.93;NA;55.87;ND;ND;2.93;ND;NA;NA;NA;
16;6;7.28;3.23;8.82;NA;55.82;ND;ND;5.19;ND;NA;NA;NA;
16;7;9.77;3.26;10.95;NA;67.41;ND;ND;19.9;ND;NA;NA;NA;
16;8;11.5;6.38;15.92;NA;34.26;ND;ND;ND;ND;NA;NA;NA;
16;9;10.26;5.82;8.51;NA;7.89;11.05;ND;8.6;ND;NA;NA;NA;
16;10;8.11;3.49;ND;NA;5.91;5.92;ND;4.26;ND;NA;NA;NA;
16;11;5.62;2.47;6.45;NA;4.21;3.36;ND;2.85;ND;NA;NA;NA;
16;12;4.07;1.93;4.35;NA;5.37;3.19;ND;2.63;ND;NA;NA;NA;
16;13;3.82;1.51;2.21;NA;4.9;5.07;ND;2.17;ND;NA;NA;NA;
16;14;3.64;1.39;3;NA;2.93;5.61;ND;1.9;ND;NA;NA;NA;
16;15;3.36;1.02;3.34;NA;2.46;2.93;ND;1.45;ND;NA;NA;NA;
16;16;3.47;1.1;3.26;NA;2.74;2.22;ND;1.28;ND;NA;NA;NA;
16;17;4.07;1.26;3.98;NA;3.39;2.12;ND;1.36;ND;NA;NA;NA;
16;18;3.84;2.06;3.53;NA;5.6;2.44;ND;1.76;ND;NA;NA;NA;
16;19;4.95;2.05;3.86;NA;6.74;3.71;ND;2.89;ND;NA;NA;NA;
16;20;4.49;2.84;3.6;NA;5.8;4.07;ND;2.89;ND;NA;NA;NA;
16;21;4.35;4.95;4.68;NA;5.93;4.05;ND;2.01;ND;NA;NA;NA;
16;22;4.62;2.99;5.99;NA;4.91;3.44;ND;1.95;ND;NA;NA;NA;
16;23;5.69;2.71;5.13;NA;2.73;3.03;ND;2.18;ND;NA;NA;NA;
17;0;4.86;3.56;3.88;NA;2.18;2.7;ND;1.43;ND;NA;NA;NA;
17;1;4.73;ND;ND;NA;ND;2.31;ND;1.43;ND;NA;NA;NA;
17;2;4.29;2.29;5.51;NA;2.27;2.26;ND;1.08;ND;NA;NA;NA;
17;3;4.4;2.55;6;NA;1.73;2.63;ND;0.72;ND;NA;NA;NA;
17;4;6.01;3.41;2.99;NA;13.6;3.07;ND;1.19;ND;NA;NA;NA;
17;5;7.79;4.17;7.18;NA;57.53;3.76;ND;1.24;ND;NA;NA;NA;
17;6;10.69;6.62;10.63;NA;53.23;6.26;ND;2.36;ND;NA;NA;NA;
17;7;9.19;6.21;10.1;NA;36.47;13.83;ND;3.79;ND;NA;NA;NA;
17;8;11.46;5.21;10.45;NA;15.56;11.11;ND;10.27;ND;NA;NA;NA;
17;9;11.57;4.75;9.09;NA;8.46;7.39;ND;5.59;ND;NA;NA;NA;
17;10;9.13;4.61;9.28;NA;7.54;7.46;ND;2.9;ND;NA;NA;NA;
17;11;5.25;1.95;6.92;NA;3.56;7.26;ND;2.55;ND;NA;NA;NA;
17;12;4.08;1.09;5.01;NA;2.19;2.88;ND;2.77;ND;NA;NA;NA;
17;13;3.53;1.04;4.02;NA;1.87;4.01;ND;1.41;ND;NA;NA;NA;
17;14;3.27;0.62;4.38;NA;1.64;2.95;ND;1.02;ND;NA;NA;NA;
17;15;ND;0.85;3.17;NA;2.26;3.02;ND;1.11;ND;NA;NA;NA;
17;16;ND;0.94;2.58;NA;2.16;2.89;ND;1.23;ND;NA;NA;NA;
17;17;1.59;1.23;5.25;NA;1.88;3.68;ND;1.06;ND;NA;NA;NA;
17;18;ND;1.45;4.49;NA;1.38;3.77;ND;1.28;ND;NA;NA;NA;
17;19;3.21;2.15;3.85;NA;2.06;3.77;ND;1.64;ND;NA;NA;NA;
17;20;4.26;4.39;3.58;NA;4.9;3.77;ND;1.68;ND;NA;NA;NA;
17;21;2.97;4.95;3.84;NA;2.98;3.77;ND;0.97;ND;NA;NA;NA;
17;22;3.74;11.97;5.96;NA;5.47;3.77;ND;1.08;ND;NA;NA;NA;
17;23;2.91;9.4;6.95;NA;12.84;3.77;ND;1.81;ND;NA;NA;NA;
18;0;1.58;9.26;5.8;NA;37.41;3.77;ND;1.58;ND;NA;NA;NA;
18;1;1.97;4.41;7.61;NA;42.47;ND;ND;1.59;ND;NA;NA;NA;
18;2;1.33;4.99;7.45;NA;30.51;3.77;ND;1.3;ND;NA;NA;NA;
18;3;1.48;5.57;5.52;NA;118.33;3.77;ND;1.25;ND;NA;NA;NA;
18;4;2.92;9.57;5.07;NA;94.12;3.77;ND;1.93;ND;NA;NA;NA;
18;5;7.16;9.33;8.27;NA;90.56;3.77;ND;1.88;ND;NA;NA;NA;
18;6;17.08;12.67;9.27;NA;101.69;3.77;ND;4.06;ND;NA;NA;NA;
18;7;10.01;30.36;13.66;NA;82.46;3.77;ND;11.18;ND;NA;NA;NA;
18;8;11.74;17.42;14.04;NA;62.97;3.77;ND;11.63;ND;NA;NA;NA;
18;9;15.29;8;15.82;NA;17.86;ND;ND;5.82;ND;NA;NA;NA;
18;10;6.85;4.64;15.16;NA;10.2;ND;ND;3.06;ND;NA;NA;NA;
18;11;4.17;2.66;8.99;NA;8.48;11.59;ND;1.56;ND;NA;NA;NA;
18;12;1.58;1.83;4.63;NA;5.87;6.15;ND;1.95;ND;NA;NA;NA;
18;13;1.17;1.23;3.3;NA;2.26;4.62;ND;2.12;ND;NA;NA;NA;
18;14;0.86;1.43;3.79;NA;2.25;3.13;ND;1.43;ND;NA;NA;NA;
18;15;1.03;1.33;4.38;NA;2.14;2.87;ND;1.78;ND;NA;NA;NA;
18;16;0.99;0.95;5.48;NA;ND;2.84;ND;1.47;ND;NA;NA;NA;
18;17;1.09;1.3;6.52;NA;2.57;2.83;ND;1.06;ND;NA;NA;NA;
18;18;4.26;1.46;5.37;NA;4.14;3.74;ND;1.1;ND;NA;NA;NA;
18;19;8.2;1.66;5.11;NA;6.64;3.94;ND;1.55;ND;NA;NA;NA;
18;20;7.87;6.06;4.66;NA;6.06;4.79;ND;1.99;ND;NA;NA;NA;
18;21;6.18;5.13;3.9;NA;4.11;4.06;ND;1.86;ND;NA;NA;NA;
18;22;6.79;3.93;3.16;NA;4.67;3.57;ND;1.69;ND;NA;NA;NA;
18;23;6.06;2.89;4.5;NA;6.08;4.59;ND;1.92;ND;NA;NA;NA;
19;0;3.58;3.59;4.21;NA;6.62;4.86;ND;3.23;ND;NA;NA;NA;
19;1;ND;3.85;ND;NA;ND;4.05;ND;2.16;ND;NA;NA;NA;
19;2;2.36;8.09;3.51;NA;6.13;3.76;ND;1.94;ND;NA;NA;NA;
19;3;2.25;2.93;3.7;NA;17.52;9.03;ND;1.46;ND;NA;NA;NA;
19;4;5.48;2.82;10.03;NA;38.74;7.01;ND;1.37;ND;NA;NA;NA;
19;5;5.59;5.2;7.37;NA;59.26;7.29;ND;1.78;ND;NA;NA;NA;
19;6;8.97;7.74;10.1;NA;82.24;14.57;ND;2.74;ND;NA;NA;NA;
19;7;10.61;14.17;11.4;NA;55.88;20.24;ND;6.97;ND;NA;NA;NA;
19;8;10.92;11.68;20.05;NA;20.18;17.68;ND;10.5;ND;NA;NA;NA;
19;9;15.57;9.78;9.43;NA;4.48;7.63;ND;6.28;ND;NA;NA;NA;
19;10;9.43;5.52;7.48;NA;3.57;6.13;ND;4.62;ND;NA;NA;NA;
19;11;3.74;3.68;8.48;NA;5.83;7.19;ND;3.69;ND;NA;NA;NA;
19;12;3.3;2.1;7.03;NA;5.8;5.86;ND;2.11;ND;NA;NA;NA;
19;13;1.04;1.36;6.29;NA;3.95;5.38;ND;2.14;ND;NA;NA;NA;
19;14;0.93;1.31;4.37;NA;3.11;4.97;ND;1.62;ND;NA;NA;NA;
19;15;1.4;1.46;5.6;NA;3.42;4.55;ND;1.63;ND;NA;NA;NA;
19;16;1.3;1.46;6.27;NA;2.17;4.26;ND;1.82;ND;NA;NA;NA;
19;17;1.42;1.45;8.1;NA;2.97;4.48;ND;1.64;ND;NA;NA;NA;
19;18;1.44;1.46;7.99;NA;3.96;5.1;ND;1.46;ND;NA;NA;NA;
19;19;2.69;1.66;8.81;NA;5.77;4.9;ND;1.33;ND;NA;NA;NA;
19;20;6.27;1.98;6.72;NA;6.88;5.37;ND;1.73;ND;NA;NA;NA;
19;21;4.99;4.26;8.37;NA;6.24;6.64;ND;3.22;ND;NA;NA;NA;
19;22;4.36;6.74;8.71;NA;12.18;8.34;ND;2.57;ND;NA;NA;NA;
19;23;3.54;4.86;8.13;NA;13.94;6.18;ND;1.71;ND;NA;NA;NA;
20;0;3.63;7.56;10.62;NA;43.8;6.6;ND;2.13;ND;NA;NA;NA;
20;1;ND;6.41;8.83;NA;79.59;ND;ND;2.78;ND;NA;NA;NA;
20;2;2.9;5.61;9.94;NA;73.95;10.99;ND;2.58;ND;NA;NA;NA;
20;3;4.14;5.7;8.26;NA;53.36;9.69;ND;3.07;ND;NA;NA;NA;
20;4;3.72;7.54;6.11;NA;44.31;8.87;ND;3.2;ND;NA;NA;NA;
20;5;6.68;10.59;7.24;NA;53.06;12.53;ND;3.5;ND;NA;NA;NA;
20;6;13.57;12.91;8.59;NA;53.82;14.43;ND;5.35;ND;NA;NA;NA;
20;7;8.71;21.78;7;NA;24.75;16.33;ND;9.63;ND;NA;NA;NA;
20;8;5.7;32.96;16.34;NA;24.77;25.66;ND;21.69;ND;NA;NA;NA;
20;9;2.91;9.62;15.28;NA;14;20.37;ND;20.65;ND;NA;NA;NA;
20;10;2.73;3.83;9.37;NA;11.62;14.98;ND;8.62;ND;NA;NA;NA;
20;11;2.25;2.45;4.93;NA;6.54;ND;ND;4.68;ND;NA;NA;NA;
20;12;2.28;2.06;4.34;NA;5.15;ND;ND;3.93;ND;NA;NA;NA;
20;13;1.27;1.96;4.13;NA;4.31;4.46;ND;2.24;ND;NA;NA;NA;
20;14;1;1.5;3.89;NA;3.35;4.62;ND;1.9;ND;NA;NA;NA;
20;15;1.07;1.42;4.42;NA;3.17;4.1;ND;1.76;ND;NA;NA;NA;
20;16;0.95;1.37;5.43;NA;2.94;3.8;ND;1.82;ND;NA;NA;NA;
20;17;0.98;1.82;5.47;NA;3.01;2.4;ND;1.79;ND;NA;NA;NA;
20;18;1.23;1.67;5.83;NA;4.75;1.7;ND;1.72;ND;NA;NA;NA;
20;19;1.63;1.77;6.33;NA;4.69;2.94;ND;1.9;ND;NA;NA;NA;
20;20;1.69;1.71;6.27;NA;4.51;3.35;ND;1.38;ND;NA;NA;NA;
20;21;2.44;1.85;6.18;NA;3.92;4.16;ND;1.41;ND;NA;NA;NA;
20;22;2.12;1.94;6.13;NA;7.86;5.14;ND;0.97;ND;NA;NA;NA;
20;23;2.38;2.34;4.86;NA;12.69;5.35;ND;1.1;ND;NA;NA;NA;
21;0;2.97;3.94;5.45;NA;15.7;6.65;ND;1.15;ND;NA;NA;NA;
21;1;3.86;3.11;ND;NA;ND;4.64;ND;1.39;ND;NA;NA;NA;
21;2;4.39;4.47;9.03;NA;27.97;5.07;ND;2.98;ND;NA;NA;NA;
21;3;4.96;8.03;8.59;NA;19.02;5.3;ND;4.27;ND;NA;NA;NA;
21;4;4.87;6.19;9.34;NA;82.63;7.53;ND;3.87;ND;NA;NA;NA;
21;5;6.85;7.37;9.94;NA;90.29;12.03;ND;5.47;ND;NA;NA;NA;
21;6;10.11;9.5;11.52;NA;50.59;15.43;ND;5.53;ND;NA;NA;NA;
21;7;13.25;9.66;14.32;NA;90.31;20.02;ND;10.62;ND;NA;NA;NA;
21;8;13.42;6.16;14.71;NA;21.86;17.38;ND;7.96;ND;NA;NA;NA;
21;9;5.5;3.86;10.99;NA;ND;7.54;ND;3.98;ND;NA;NA;NA;
21;10;3.51;3;6.5;NA;5.18;5.46;ND;3.53;ND;NA;NA;NA;
21;11;3.29;2.89;6.02;NA;5.07;4.73;ND;3.08;ND;NA;NA;NA;
21;12;3.74;3.12;6.1;NA;5.45;4.35;ND;2.76;ND;NA;NA;NA;
21;13;3.44;2.75;6.5;NA;5.78;6.31;ND;3.16;ND;NA;NA;NA;
21;14;1.42;1.85;6.28;NA;3.44;5.7;ND;4.07;ND;NA;NA;NA;
21;15;1.26;1.58;4.72;NA;2.57;2.56;ND;2.26;ND;NA;NA;NA;
21;16;1.5;2.05;4.02;NA;3.26;1.27;ND;2.03;ND;NA;NA;NA;
21;17;1.63;1.88;4.15;NA;2.41;0.8;ND;1.47;ND;NA;NA;NA;
21;18;1.4;1.84;4.71;NA;2.32;1.38;ND;1.12;ND;NA;NA;NA;
21;19;1.34;1.58;4.02;NA;2.93;2.52;ND;1.22;ND;NA;NA;NA;
21;20;1.65;1.57;3.54;NA;3.23;3.14;ND;0.9;ND;NA;NA;NA;
21;21;1.17;1.09;2.95;NA;2.23;2.75;ND;1.01;ND;NA;NA;NA;
21;22;1.2;1.14;2.51;NA;3.43;2.61;ND;0.66;ND;NA;NA;NA;
21;23;1.04;0.97;1.87;NA;1.43;2.23;ND;0.68;ND;NA;NA;NA;
22;0;0.89;0.61;1.91;NA;1.89;2.25;ND;0.67;ND;NA;NA;NA;
22;1;ND;0.86;1.74;NA;2.9;ND;ND;0.7;ND;NA;NA;NA;
22;2;1.08;0.75;1.72;NA;1.78;3.25;ND;0.53;ND;NA;NA;NA;
22;3;0.79;0.65;1.95;NA;2.22;2.5;ND;0.5;ND;NA;NA;NA;
22;4;0.74;0.83;1.93;NA;3.38;2.03;ND;0.63;ND;NA;NA;NA;
22;5;0.8;0.65;2.09;NA;2.73;2.15;ND;0.63;ND;NA;NA;NA;
22;6;1.74;0.82;2.84;NA;8.25;2.52;ND;0.75;ND;NA;NA;NA;
22;7;2.01;1.47;3.95;NA;21.8;5.33;ND;2.37;ND;NA;NA;NA;
22;8;1.77;1.2;4.05;NA;4.55;4.37;ND;2.06;ND;NA;NA;NA;
22;9;1.36;1.17;4.17;NA;4.7;2.98;ND;1.37;ND;NA;NA;NA;
22;10;1.72;0.85;4.4;NA;3.82;1.85;ND;1.6;ND;NA;NA;NA;
22;11;1.64;0.95;3.8;NA;3.98;1.46;ND;1.45;ND;NA;NA;NA;
22;12;1.09;0.89;3.21;NA;2.85;1.41;ND;1.37;ND;NA;NA;NA;
22;13;0.77;0.74;2.71;NA;2.38;1.26;ND;1.42;ND;NA;NA;NA;
22;14;0.75;0.74;3.14;NA;2.08;2.19;ND;1.22;ND;NA;NA;NA;
22;15;0.85;0.79;3.33;NA;1.81;2.21;ND;0.99;ND;NA;NA;NA;
22;16;0.85;0.72;3.32;NA;2.02;2.25;ND;1.05;ND;NA;NA;NA;
22;17;1.45;0.78;2.82;NA;1.41;2.13;ND;0.93;ND;NA;NA;NA;
22;18;1.33;0.83;2.47;NA;2.32;2.2;ND;0.99;ND;NA;NA;NA;
22;19;1.43;0.66;2.71;NA;2.33;2.21;ND;0.96;ND;NA;NA;NA;
22;20;1.33;0.86;2.58;NA;3.71;2.15;ND;0.83;ND;NA;NA;NA;
22;21;1.48;1.87;2.39;NA;3.09;2.38;ND;1;ND;NA;NA;NA;
22;22;1.22;1.45;2.62;NA;4.99;2.14;ND;0.83;ND;NA;NA;NA;
22;23;1.18;1.01;2.45;NA;167.08;1.98;ND;0.73;ND;NA;NA;NA;
23;0;1.3;1.26;2.92;NA;57.41;4.76;ND;1.34;ND;NA;NA;NA;
23;1;1.08;1.15;ND;NA;ND;28.75;ND;0.98;ND;NA;NA;NA;
23;2;0.94;0.96;2.65;NA;10.05;14.46;ND;1.09;ND;NA;NA;NA;
23;3;1.11;0.94;2.46;NA;4.64;7.53;ND;1.1;ND;NA;NA;NA;
23;4;1.33;1.11;2.48;NA;3.94;5.77;ND;0.93;ND;NA;NA;NA;
23;5;2.43;1.54;2.75;NA;4.09;5.38;ND;1.74;ND;NA;NA;NA;
23;6;3.31;15.39;3.74;NA;8.64;6.43;ND;2.68;ND;NA;NA;NA;
23;7;6.08;9.81;7.93;NA;15.24;9.54;ND;4.47;ND;NA;NA;NA;
23;8;12.56;8.48;12.03;NA;24.67;10.11;ND;7.89;ND;NA;NA;NA;
23;9;11.87;6.27;11.09;NA;11.71;8.03;ND;3.82;ND;NA;NA;NA;
23;10;3.83;3.85;4.77;NA;4.02;ND;ND;4.45;ND;NA;NA;NA;
23;11;2.45;2.38;4.4;NA;2.89;ND;ND;2.83;ND;NA;NA;NA;
23;12;1.95;1.99;3.96;NA;ND;3.26;ND;1.61;ND;NA;NA;NA;
23;13;1.73;1.95;3.76;NA;ND;2.24;ND;1.31;ND;NA;NA;NA;
23;14;2.17;1.29;3.17;NA;1.66;1.88;ND;1.23;ND;NA;NA;NA;
23;15;1.48;1.07;4.12;NA;2.25;2.08;ND;4.17;ND;NA;NA;NA;
23;16;1.23;1.62;3.67;NA;3.76;3.13;ND;1.58;ND;NA;NA;NA;
23;17;1.78;1.28;3.38;NA;3.74;2.62;ND;2.32;ND;NA;NA;NA;
23;18;3.06;1.48;3.18;NA;5.27;3.71;ND;2.04;ND;NA;NA;NA;
23;19;2.97;1.65;5.92;NA;7.43;4.51;ND;1.46;ND;NA;NA;NA;
23;20;4.06;1.65;7.47;NA;9.66;5.2;ND;1.29;ND;NA;NA;NA;
23;21;5.82;1.2;8.68;NA;9.84;4.98;ND;1;ND;NA;NA;NA;
23;22;6.01;1.42;6.52;NA;12.6;6.22;ND;1.19;ND;NA;NA;NA;
23;23;3.32;1.25;7.13;NA;9.12;5.42;ND;0.93;ND;NA;NA;NA;
24;0;3.52;1.19;7.51;NA;4.72;5.27;ND;1.06;ND;NA;NA;NA;
24;1;ND;1.35;4.8;NA;7.7;ND;ND;0.97;ND;NA;NA;NA;
24;2;5;2.86;4.24;NA;6.66;6.09;ND;1.62;ND;NA;NA;NA;
24;3;4.11;2.86;4.96;NA;13.83;6.79;ND;0.84;ND;NA;NA;NA;
24;4;6.75;3;5.16;NA;16.08;7.65;ND;0.65;ND;NA;NA;NA;
24;5;5.54;4.28;6.59;NA;12.93;6.87;ND;2.51;ND;NA;NA;NA;
24;6;6.23;5.23;10.24;NA;32.25;12.3;ND;4.41;ND;NA;NA;NA;
24;7;10.23;5.6;18.09;NA;46.38;26.78;ND;20.26;ND;NA;NA;NA;
24;8;15.63;5.15;19.6;NA;28.38;19.36;ND;20.15;ND;NA;NA;NA;
24;9;8.41;3.39;10.54;NA;11.21;13.36;ND;8.86;ND;NA;NA;NA;
24;10;4.13;2.2;ND;NA;6.53;6.11;ND;3.79;ND;NA;NA;NA;
24;11;3.24;1.9;ND;NA;4.66;4.87;ND;2.58;ND;NA;NA;NA;
24;12;2.02;1.71;4.59;NA;3.14;4.07;ND;2.57;ND;NA;NA;NA;
24;13;1.89;1.47;ND;NA;2.98;4.05;ND;1.74;ND;NA;NA;NA;
24;14;1.46;1.22;4.38;NA;2.86;3.73;ND;1.86;ND;NA;NA;NA;
24;15;1.41;1.46;3.3;NA;3.68;3.06;ND;1.77;ND;NA;NA;NA;
24;16;1.27;1.15;2.64;NA;3.59;2.82;ND;1.7;ND;NA;NA;NA;
24;17;1.33;1.42;6.25;NA;3.2;1.44;ND;1.5;ND;NA;NA;NA;
24;18;1.38;1.41;7.19;NA;3.79;0.84;ND;1.67;ND;NA;NA;NA;
24;19;2.06;1.17;7.07;NA;5.53;1.36;ND;1.17;ND;NA;NA;NA;
24;20;2.92;1.19;6.38;NA;5.09;2.96;ND;1.31;ND;NA;NA;NA;
24;21;2.26;0.99;4.75;NA;3.23;3.18;ND;1.1;ND;NA;NA;NA;
24;22;2.06;0.99;4.76;NA;3.19;3.46;ND;0.88;ND;NA;NA;NA;
24;23;2.04;0.76;4.67;NA;3;3.39;ND;1.01;ND;NA;NA;NA;
25;0;2.08;0.96;3.7;NA;2.7;3.24;ND;0.88;ND;NA;NA;NA;
25;1;1.75;0.76;ND;NA;ND;3.13;ND;1.11;ND;NA;NA;NA;
25;2;1.56;0.72;3.16;NA;7.79;2.76;ND;0.64;ND;NA;NA;NA;
25;3;1.43;0.73;2.47;NA;2.85;2.62;ND;0.83;ND;NA;NA;NA;
25;4;2.32;0.75;2.67;NA;3.08;2.39;ND;0.73;ND;NA;NA;NA;
25;5;2.27;0.59;2.81;NA;2.05;2.44;ND;0.94;ND;NA;NA;NA;
25;6;2.53;0.52;4.89;NA;4.12;2.84;ND;4.48;ND;NA;NA;NA;
25;7;4.53;1.65;6.09;NA;4.3;4.17;ND;7.39;ND;NA;NA;NA;
25;8;6.11;2.31;8.95;NA;9.49;4.96;ND;5.81;ND;NA;NA;NA;
25;9;6.32;2;7.92;NA;18.91;5.03;ND;3.52;ND;NA;NA;NA;
25;10;5.83;1.5;11.24;NA;13.28;4.26;ND;3.24;ND;NA;NA;NA;
25;11;3.66;1.24;11.46;NA;8.7;4.84;ND;ND;ND;NA;NA;NA;
25;12;2.13;1.34;6.87;NA;8.16;3.83;ND;ND;ND;NA;NA;NA;
25;13;ND;1.05;6.05;NA;5.02;4.24;ND;1.87;ND;NA;NA;NA;
25;14;ND;1.01;6.72;NA;4.58;3.62;ND;1.5;ND;NA;NA;NA;
25;15;1.34;0.78;5.58;NA;4.09;1.94;ND;1.01;ND;NA;NA;NA;
25;16;1.45;1.06;5.94;NA;3.65;0.85;ND;1.23;ND;NA;NA;NA;
25;17;1.38;1.14;4.54;NA;4.26;1.83;ND;1.29;ND;NA;NA;NA;
25;18;1.5;0.92;6.06;NA;3.39;1.98;ND;1.32;ND;NA;NA;NA;
25;19;1.91;1.05;6.06;NA;5.12;2.92;ND;1.19;ND;NA;NA;NA;
25;20;2.09;0.94;5.71;NA;5.84;3.54;ND;1.1;ND;NA;NA;NA;
25;21;1.87;1.05;4.08;NA;4.45;3.57;ND;1.16;ND;NA;NA;NA;
25;22;2.3;1.16;3.28;NA;3.19;3.25;ND;0.9;ND;NA;NA;NA;
25;23;2.52;1.55;3.42;NA;4.69;3.21;ND;1.18;ND;NA;NA;NA;
26;0;2.2;1.25;3.37;NA;4.06;3.43;ND;1.35;ND;NA;NA;NA;
26;1;ND;3.08;3.55;NA;4.47;ND;ND;1.22;ND;NA;NA;NA;
26;2;2.81;3.13;3.91;NA;6.92;5.14;ND;1.15;ND;NA;NA;NA;
26;3;2.38;2.45;3.58;NA;4.12;3.5;ND;1.4;ND;NA;NA;NA;
26;4;2.89;1.72;3.66;NA;4.66;3.07;ND;1;ND;NA;NA;NA;
26;5;4.2;4.59;3.22;NA;5.7;3.4;ND;1.99;ND;NA;NA;NA;
26;6;4.66;7.6;4.68;NA;7.23;3.83;ND;3.12;ND;NA;NA;NA;
26;7;7.81;6.16;6.28;NA;6.02;5.59;ND;6.15;ND;NA;NA;NA;
26;8;6.65;5.24;7.1;NA;9.24;6.77;ND;15.09;ND;NA;NA;NA;
26;9;8.11;3.81;9.46;NA;8.73;6.54;ND;17.7;ND;NA;NA;NA;
26;10;7.28;3.86;5.35;NA;6.67;6.37;ND;19.13;ND;NA;NA;NA;
26;11;3.26;2.97;4.74;NA;3.46;4.09;ND;6.18;ND;NA;NA;NA;
26;12;2.35;2.18;3.89;NA;3.51;3.56;ND;2.84;ND;NA;NA;NA;
26;13;2.86;1.62;4.23;NA;3.3;3.17;ND;1.67;ND;NA;NA;NA;
26;14;2.58;1.74;4.52;NA;3.17;3.01;ND;1.49;ND;NA;NA;NA;
26;15;1.9;1.19;3.8;NA;4.44;2.61;ND;1.62;ND;NA;NA;NA;
26;16;1.89;1.49;4.46;NA;4.41;1.36;ND;2.42;ND;NA;NA;NA;
26;17;1.88;1.53;5.54;NA;4.14;1.21;ND;3.18;ND;NA;NA;NA;
26;18;1.98;1.52;6.86;NA;5.02;2.59;ND;1.9;ND;NA;NA;NA;
26;19;2.85;1.34;7.95;NA;5.94;5.09;ND;1.41;ND;NA;NA;NA;
26;20;3.37;1.3;6.91;NA;5.84;4.82;ND;1.11;ND;NA;NA;NA;
26;21;3.54;1.28;8.74;NA;6.39;5.37;ND;1.63;ND;NA;NA;NA;
26;22;3.23;1.38;7.65;NA;12.33;7.74;ND;1.32;ND;NA;NA;NA;
26;23;3.29;3.13;8.62;NA;8.08;6.79;ND;0.9;ND;NA;NA;NA;
27;0;2.88;1.57;7.17;NA;6.02;6.33;ND;0.96;ND;NA;NA;NA;
27;1;3.17;1.36;ND;NA;ND;6.45;ND;0.97;ND;NA;NA;NA;
27;2;2.9;1.15;5.97;NA;5.11;5.52;ND;0.94;ND;NA;NA;NA;
27;3;3.13;0.77;5.8;NA;10.68;5.18;ND;0.95;ND;NA;NA;NA;
27;4;3.63;0.91;5.82;NA;23.26;6.39;ND;0.95;ND;NA;NA;NA;
27;5;3.28;0.58;5.8;NA;11.02;6.51;ND;0.77;ND;NA;NA;NA;
27;6;3.55;1.23;6.51;NA;25.82;7.15;ND;0.86;ND;NA;NA;NA;
27;7;6.07;2.93;5.34;NA;32.98;10.27;ND;2.7;ND;NA;NA;NA;
27;8;4.91;3.63;2.88;NA;14.55;5.01;ND;2.55;ND;NA;NA;NA;
27;9;2.87;2.11;2.38;NA;3.28;3.13;ND;2.09;ND;NA;NA;NA;
27;10;2;1.77;2.91;NA;2.81;3.06;ND;2.12;ND;NA;NA;NA;
27;11;1.54;1.76;2.94;NA;2.87;2.98;ND;1.59;ND;NA;NA;NA;
27;12;1.22;1.36;2.5;NA;2.53;3.11;ND;1.49;ND;NA;NA;NA;
27;13;1.08;1.25;2.96;NA;2.65;2.25;ND;1.06;ND;NA;NA;NA;
27;14;1.02;1.36;2.28;NA;2.7;2.06;ND;0.92;ND;NA;NA;NA;
27;15;1.7;1.27;2.64;NA;3.01;2.28;ND;1.14;ND;NA;NA;NA;
27;16;1.36;1.07;2.56;NA;3.08;2.04;ND;1.38;ND;NA;NA;NA;
27;17;1.61;1.17;2.93;NA;4.76;2.47;ND;1.28;ND;NA;NA;NA;
27;18;1.99;1.17;3.28;NA;4.84;2.56;ND;2.42;ND;NA;NA;NA;
27;19;2.86;1.35;3.28;NA;7.18;3.37;ND;1.72;ND;NA;NA;NA;
27;20;3.33;1.29;4.33;NA;6.45;4.27;ND;1.24;ND;NA;NA;NA;
27;21;3.22;1.21;5.91;NA;7.35;4.91;ND;0.95;ND;NA;NA;NA;
27;22;4.41;1.47;7.51;NA;7.53;5.33;ND;0.84;ND;NA;NA;NA;
27;23;4.27;1.32;4.88;NA;6.12;4.95;ND;0.88;ND;NA;NA;NA;
28;0;1.76;1.12;3.74;NA;4.35;4.2;ND;0.78;ND;NA;NA;NA;
28;1;ND;0.97;2.89;NA;3.73;ND;ND;0.74;ND;NA;NA;NA;
28;2;2.22;1.02;3.11;NA;2.95;4.05;ND;1.25;ND;NA;NA;NA;
28;3;2.97;1;3.33;NA;2.69;3.6;ND;1.8;ND;NA;NA;NA;
28;4;2.21;0.77;3.71;NA;5.35;3.28;ND;1.31;ND;NA;NA;NA;
28;5;2.27;1.06;2.83;NA;4.44;3.32;ND;0.96;ND;NA;NA;NA;
28;6;1.94;0.87;2.76;NA;5.77;3.61;ND;1.15;ND;NA;NA;NA;
28;7;1.89;1.11;4.26;NA;6.01;4.43;ND;2.41;ND;NA;NA;NA;
28;8;2.92;1.9;6.66;NA;17.88;5.11;ND;1.9;ND;NA;NA;NA;
28;9;5.17;2.17;7.69;NA;15.8;6.3;ND;1.71;ND;NA;NA;NA;
28;10;3.35;1.73;6.98;NA;4.72;4.5;ND;1.96;ND;NA;NA;NA;
28;11;2.03;1.34;3.72;NA;4.46;3.09;ND;3.23;ND;NA;NA;NA;
28;12;1.77;1.36;4.66;NA;3.36;2.28;ND;2.02;ND;NA;NA;NA;
28;13;1.65;1.24;3.17;NA;4.54;1.8;ND;1.24;ND;NA;NA;NA;
28;14;1.67;0.97;2.79;NA;4.19;2.59;ND;1.22;ND;NA;NA;NA;
28;15;1.27;0.92;2.74;NA;3.6;2.56;ND;1.27;ND;NA;NA;NA;
28;16;1.45;1.11;2.96;NA;3.75;2.16;ND;1.25;ND;NA;NA;NA;
28;17;1.73;1.18;3.97;NA;3.75;2.64;ND;0.98;ND;NA;NA;NA;
28;18;3.04;1.36;4;NA;4.28;3.38;ND;1.08;ND;NA;NA;NA;
28;19;3.68;1.39;3.11;NA;3.84;2.96;ND;1.01;ND;NA;NA;NA;
28;20;3.24;1.02;3.28;NA;4.96;2.94;ND;0.9;ND;NA;NA;NA;
28;21;2.56;1;3.34;NA;4.92;3.28;ND;0.78;ND;NA;NA;NA;
28;22;1.94;0.78;3.01;NA;5.27;3.31;ND;0.73;ND;NA;NA;NA;
28;23;1.54;0.55;3;NA;3.15;3.32;ND;0.77;ND;NA;NA;NA;
29;0;1.86;0.52;3.65;NA;2.85;3.32;ND;0.89;ND;NA;NA;NA;
29;1;2.47;0.59;ND;NA;ND;2.98;ND;0.9;ND;NA;NA;NA;
29;2;3.85;0.68;3.08;NA;14.17;5.52;ND;1.14;ND;NA;NA;NA;
29;3;3.63;0.47;4.6;NA;22.83;5.25;ND;1.02;ND;NA;NA;NA;
29;4;2.49;0.86;5.28;NA;20.04;6.51;ND;1.17;ND;NA;NA;NA;
29;5;2.42;0.72;4.33;NA;32.42;9.53;ND;0.9;ND;NA;NA;NA;
29;6;1.44;0.58;4.43;NA;21.67;7.2;ND;1.33;ND;NA;NA;NA;
29;7;2.25;1.17;5.29;NA;13.89;7.31;ND;1.16;ND;NA;NA;NA;
29;8;3.25;1.79;6.28;NA;15.07;7.34;ND;1.92;ND;NA;NA;NA;
29;9;3.16;1.92;7.16;NA;10.41;7.45;ND;1.92;ND;NA;NA;NA;
29;10;2.85;1.5;6.88;NA;3.8;4.37;ND;2.06;ND;NA;NA;NA;
29;11;2.12;1.33;3.86;NA;4.06;2.8;ND;2.95;ND;NA;NA;NA;
29;12;1.2;1.41;3.05;NA;3.21;2.52;ND;2.17;ND;NA;NA;NA;
29;13;1.39;1.23;2.79;NA;2.63;1.99;ND;1.77;ND;NA;NA;NA;
29;14;1.38;1.09;3.19;NA;2.28;2.29;ND;1.29;ND;NA;NA;NA;
29;15;1.47;0.8;3.79;NA;2.56;2.14;ND;1.17;ND;NA;NA;NA;
29;16;1.61;0.91;2.64;NA;2.97;1.65;ND;1.15;ND;NA;NA;NA;
29;17;1.45;0.97;3.62;NA;3.03;1.69;ND;1.22;ND;NA;NA;NA;
29;18;1.41;1.21;4.77;NA;4.33;1.19;ND;1.2;ND;NA;NA;NA;
29;19;3.29;1.48;6.09;NA;4.9;2.92;ND;1.06;ND;NA;NA;NA;
29;20;3.52;1.16;4.74;NA;6.18;4.39;ND;1.03;ND;NA;NA;NA;
29;21;2.66;0.9;4.23;NA;4.93;5.15;ND;0.75;ND;NA;NA;NA;
29;22;2.48;0.96;4.33;NA;3.25;4.49;ND;0.84;ND;NA;NA;NA;
29;23;2.67;1.2;3.89;NA;3.92;4.13;ND;0.74;ND;NA;NA;NA;
30;0;2.38;1.16;4.59;NA;3.65;4.21;ND;0.67;ND;NA;NA;NA;
30;1;ND;1.04;3.94;NA;3.8;ND;ND;0.69;ND;NA;NA;NA;
30;2;2.09;1.37;3.65;NA;4.04;5.07;ND;0.66;ND;NA;NA;NA;
30;3;1.66;0.94;2.8;NA;2.55;3.52;ND;0.72;ND;NA;NA;NA;
30;4;1.53;2.31;3.48;NA;4.05;3.41;ND;0.79;ND;NA;NA;NA;
30;5;2.22;3.38;3.28;NA;4.04;3.73;ND;0.67;ND;NA;NA;NA;
30;6;4.12;4.27;4.2;NA;9.28;4.8;ND;1.02;ND;NA;NA;NA;
30;7;4.96;6.06;6.58;NA;8.77;7.02;ND;1.35;ND;NA;NA;NA;
30;8;4.19;3.05;8.77;NA;7.76;7.48;ND;1.52;ND;NA;NA;NA;
30;9;3.8;2.09;8.11;NA;8.53;4.68;ND;1.22;ND;NA;NA;NA;
30;10;4.6;1.79;8.68;NA;5.49;3.21;ND;1.62;ND;NA;NA;NA;
30;11;4.99;1.41;9.46;NA;4.11;5.03;ND;2.34;ND;NA;NA;NA;
30;12;4.5;1.38;4.52;NA;3.95;5.04;ND;2.55;ND;NA;NA;NA;
30;13;2.46;1.15;4.46;NA;3.34;4.3;ND;1.77;ND;NA;NA;NA;
30;14;3.18;1.44;4.67;NA;2.76;ND;ND;1.74;ND;NA;NA;NA;
30;15;2.12;1.1;5.29;NA;2.94;ND;ND;1.82;ND;NA;NA;NA;
30;16;1.45;1.08;4.84;NA;3.05;ND;ND;1.68;ND;NA;NA;NA;
30;17;1.33;1.03;5;NA;4.85;2.34;ND;1.49;ND;NA;NA;NA;
30;18;1.8;1.14;5.03;NA;4.36;1.81;ND;1.27;ND;NA;NA;NA;
30;19;3.42;1.06;7.29;NA;5.51;1.8;ND;0.89;ND;NA;NA;NA;
30;20;4.24;1.16;9.13;NA;4.86;2.12;ND;0.94;ND;NA;NA;NA;
30;21;3.43;1.48;9.34;NA;4.67;2.63;ND;0.76;ND;NA;NA;NA;
30;22;3.33;1.23;9.11;NA;4.13;2.64;ND;0.91;ND;NA;NA;NA;
30;23;4.73;1.65;7.34;NA;2.71;2.28;ND;0.86;ND;NA;NA;NA;
31;0;2.83;2.46;5.38;NA;3.19;2.15;ND;0.86;ND;NA;NA;NA;
31;1;2.46;1.96;ND;NA;ND;2.79;ND;0.8;ND;NA;NA;NA;
31;2;2.73;1.21;4.08;NA;14.7;2.66;ND;0.76;ND;NA;NA;NA;
31;3;2.89;1.22;3.94;NA;6.12;2.32;ND;0.59;ND;NA;NA;NA;
31;4;2.05;0.93;3.49;NA;6.3;2.46;ND;0.68;ND;NA;NA;NA;
31;5;2.03;0.97;3.41;NA;7.45;2.4;ND;0.88;ND;NA;NA;NA;
31;6;2.32;1.15;4.32;NA;8.54;2.89;ND;1.38;ND;NA;NA;NA;
31;7;3.82;1.93;7.64;NA;9.55;5.33;ND;2.67;ND;NA;NA;NA;
31;8;6.14;2.3;9.74;NA;9.01;5.86;ND;2.32;ND;NA;NA;NA;
31;9;7.15;2.68;8.87;NA;7.04;4.83;ND;2.25;ND;NA;NA;NA;
31;10;7.22;3.91;10.72;NA;5.86;3.76;ND;2.36;ND;NA;NA;NA;
31;11;4.44;ND;5.48;NA;4.83;3.47;ND;2.42;ND;NA;NA;NA;
31;12;4.1;ND;5.22;NA;4.03;3.08;ND;3.08;ND;NA;NA;NA;
31;13;3.11;ND;4.94;NA;2.42;2.84;ND;2.2;ND;NA;NA;NA;
31;14;2.41;ND;4.1;NA;2.2;2.51;ND;1.57;ND;NA;NA;NA;
31;15;2.13;ND;5.56;NA;2.41;2.15;ND;1.31;ND;NA;NA;NA;
31;16;1.25;ND;5.26;NA;3.86;1.48;ND;1.26;ND;NA;NA;NA;
31;17;1.38;ND;6.06;NA;5.3;1.15;ND;1.27;ND;NA;NA;NA;
31;18;1.95;1.34;6.71;NA;5.42;1.74;ND;1.57;ND;NA;NA;NA;
31;19;2.49;1.09;7.24;NA;7.91;2.77;ND;1.15;ND;NA;NA;NA;
31;20;3.75;1.05;6;NA;6.03;3.13;ND;0.78;ND;NA;NA;NA;
31;21;2.05;0.94;4.15;NA;4.43;2.72;ND;0.76;ND;NA;NA;NA;
31;22;1.61;1.07;3.63;NA;4.19;2.88;ND;0.71;ND;NA;NA;NA;
31;23;2.6;0.91;3.69;NA;3.95;2.58;ND;0.69;ND;NA;NA;NA;
