DIA;HORA;Cotocollao;Carapungo;Belisario;Jipijapa;El Camal;Centro;Guamaní;Tumbaco;Los Chillos;El Condado;Turubamba;Chillogallo;
1;0;13.19;19.03;1.17;NA;6.63;2.11;15.19;ND;1.3;NA;NA;NA;
1;1;14.22;8.44;0.3;NA;8.86;2.49;ND;1.41;ND;NA;NA;NA;
1;2;ND;7.44;0;NA;14.84;ND;21.34;2.05;0.6;NA;NA;NA;
1;3;8.52;6.9;1.92;NA;6.95;2.67;17.85;0.95;3.05;NA;NA;NA;
1;4;5.38;4.22;1.24;NA;2.33;2.23;29.89;1.31;5.32;NA;NA;NA;
1;5;3.55;1.29;0;NA;3.4;4.45;10.23;0.84;0.99;NA;NA;NA;
1;6;3.31;2.19;0.34;NA;7.83;2.61;3.18;1.48;0.03;NA;NA;NA;
1;7;5.11;4.14;2.24;NA;7.97;4.23;20.43;3.65;0.97;NA;NA;NA;
1;8;18.78;15.18;5.68;NA;18.21;12.07;36.67;15.62;5.98;NA;NA;NA;
1;9;30.54;32.43;16.56;NA;43.12;24.25;58.59;33.12;19.61;NA;NA;NA;
1;10;49.84;52.43;27.22;NA;45;30.58;61.51;53.62;33.78;NA;NA;NA;
1;11;56.81;59.12;49.13;NA;50.26;45.33;68.02;67.83;37.7;NA;NA;NA;
1;12;46.5;53.07;59.96;NA;85.48;67.51;83.84;75.51;60.08;NA;NA;NA;
1;13;41.5;47;45.65;NA;61.62;56.87;88.12;59.29;67.94;NA;NA;NA;
1;14;38.86;49.32;39.99;NA;40.77;43.79;75.29;51.27;48.92;NA;NA;NA;
1;15;36.71;42.53;38.59;NA;26.34;36.54;62.45;45.15;36.78;NA;NA;NA;
1;16;30.9;ND;14.9;NA;23.59;13.25;28.57;33.44;22.68;NA;NA;NA;
1;17;22.12;29.54;14.68;NA;14.75;17.24;23.73;16.1;12.61;NA;NA;NA;
1;18;11.48;23.35;14.25;NA;12.44;5.35;21.2;16.1;3.68;NA;NA;NA;
1;19;2;15.39;0;NA;14.33;11.33;9.8;1.27;0;NA;NA;NA;
1;20;2.13;19.7;1.24;NA;3.48;11.33;10.87;11.25;0;NA;NA;NA;
1;21;1.92;19.26;0;NA;4.14;1.48;1.46;12.13;0.08;NA;NA;NA;
1;22;3.43;15.11;0;NA;5.66;1.31;10.86;2.75;0.54;NA;NA;NA;
1;23;1.97;22.33;0.07;NA;4.99;2.18;12.26;4.61;0;NA;NA;NA;
2;0;3.2;8.94;0.14;NA;4.42;5.07;6.27;1.14;0.08;NA;NA;NA;
2;1;5.72;1.38;1.9;NA;7.03;4.04;1.08;0.12;0.22;NA;NA;NA;
2;2;8.42;2.45;ND;NA;2.12;5.5;4.21;0.29;0;NA;NA;NA;
2;3;3.73;1.19;0.04;NA;3.01;1.92;4.35;0.52;0.11;NA;NA;NA;
2;4;1.56;1.36;0;NA;4.69;1.9;20.09;0.24;0;NA;NA;NA;
2;5;1.62;7.62;0;NA;5.66;1.58;7.56;0.45;0;NA;NA;NA;
2;6;3.28;3.74;0.27;NA;4.94;2.16;3.25;0.94;0;NA;NA;NA;
2;7;10.49;6.41;2.93;NA;6.41;3.32;19.34;2.75;0.88;NA;NA;NA;
2;8;15.98;17.48;7.86;NA;19.61;7.9;34.1;10.72;10.2;NA;NA;NA;
2;9;33.49;40.47;17.38;NA;38.01;26.19;41.28;28.03;20.5;NA;NA;NA;
2;10;47.24;ND;43.85;NA;49.47;44.1;49.63;41.38;32.39;NA;NA;NA;
2;11;48.81;ND;47.41;NA;51.26;40.98;59.86;58.49;49.39;NA;NA;NA;
2;12;ND;ND;46.21;NA;53.5;46.49;65.89;70.45;28.03;NA;NA;NA;
2;13;64.45;ND;46.58;NA;57.2;45.75;65.91;65.69;52.51;NA;NA;NA;
2;14;53.04;ND;58.85;NA;51.43;51.19;64.14;ND;47.88;NA;NA;NA;
2;15;42.85;ND;49.5;NA;46.06;49.1;58.78;ND;55.79;NA;NA;NA;
2;16;43.44;46.45;48.16;NA;43.63;42.41;50.9;54.77;47.97;NA;NA;NA;
2;17;42.45;44.09;34.59;NA;34.1;38.24;38.63;43.76;30.01;NA;NA;NA;
2;18;37.64;34.83;12.68;NA;24;17.75;21.7;39.36;18.97;NA;NA;NA;
2;19;22.83;26.43;3.78;NA;13.06;10.61;22.11;32.71;28.73;NA;NA;NA;
2;20;5.66;19.51;0.58;NA;6.27;1.82;21.41;25.44;22.27;NA;NA;NA;
2;21;1.86;12.67;0;NA;7.17;3.63;17.63;17.23;24.84;NA;NA;NA;
2;22;5.49;1.53;0;NA;4.34;2.32;22.16;ND;5.97;NA;NA;NA;
2;23;4.03;4.83;0.01;NA;2.96;3.12;23.67;ND;1.16;NA;NA;NA;
3;0;1.87;0.2;4.95;NA;13.08;7.92;29.31;ND;0.29;NA;NA;NA;
3;1;2.35;0.02;11.81;NA;15.26;10.69;ND;1.79;ND;NA;NA;NA;
3;2;3.46;ND;2.52;NA;ND;ND;35.89;3.37;0;NA;NA;NA;
3;3;1.76;0.08;0.06;NA;3.94;11.53;36;0.69;0.33;NA;NA;NA;
3;4;1.47;0.67;0;NA;6.1;2.25;32.27;2.43;0.04;NA;NA;NA;
3;5;1.59;2.35;0;NA;2.52;2.53;20.63;1.13;0;NA;NA;NA;
3;6;2.24;2.39;0.15;NA;7.1;2.55;6.48;1.28;0;NA;NA;NA;
3;7;6.64;5.49;3.47;NA;6.56;4.95;20.32;4.68;0.53;NA;NA;NA;
3;8;14.43;16.72;8.42;NA;19.62;17.9;39.67;16.22;7.93;NA;NA;NA;
3;9;25.91;33.95;18.39;NA;38.51;29.44;50.33;33.37;11.64;NA;NA;NA;
3;10;52.2;60.33;45.02;NA;55.61;45.26;55.25;56.36;17.54;NA;NA;NA;
3;11;58.23;63.6;ND;NA;61.06;53.89;58.98;73.57;26.89;NA;NA;NA;
3;12;61.37;64.78;49.76;NA;65.35;52.87;62.93;ND;53.33;NA;NA;NA;
3;13;60.74;59.79;47.39;NA;56.1;48.47;67.87;58.89;47.35;NA;NA;NA;
3;14;48.67;53.24;45.32;NA;54.75;48.25;54.66;ND;42.83;NA;NA;NA;
3;15;47.84;51.43;48.1;NA;ND;48.29;54.49;ND;44.86;NA;NA;NA;
3;16;42.05;49.66;35.05;NA;43.15;36.44;50.94;50.43;36.56;NA;NA;NA;
3;17;33.89;40.58;25.82;NA;32.03;26.3;36.95;45.74;27.55;NA;NA;NA;
3;18;25.66;27.26;6.44;NA;18.09;14.19;32.41;32;12.54;NA;NA;NA;
3;19;15.02;18.83;6.06;NA;5.16;2.54;25.64;14.11;13.69;NA;NA;NA;
3;20;4.14;16.63;0.29;NA;6.79;2.47;12.16;18.69;15.62;NA;NA;NA;
3;21;2.85;14.99;0.07;NA;6.26;1.9;24.4;19.34;2.35;NA;NA;NA;
3;22;2.03;12.2;0;NA;3.29;1.7;30.66;14.24;6.13;NA;NA;NA;
3;23;2.45;3.81;0.04;NA;5.78;10.03;33.98;17.01;0;NA;NA;NA;
4;0;2.37;8.28;7.77;NA;3.78;19.54;36.56;ND;0;NA;NA;NA;
4;1;2.13;14.39;0.04;NA;18.74;24.54;35.06;8.33;0;NA;NA;NA;
4;2;ND;9.29;ND;NA;20.2;21.23;35.31;1.02;0;NA;NA;NA;
4;3;2.4;2.39;27.22;NA;13.98;17.35;34.61;1.05;0;NA;NA;NA;
4;4;1.32;0.94;21.33;NA;7.71;12.16;36.36;0.8;0;NA;NA;NA;
4;5;1.35;1.56;14.87;NA;3.88;8.9;35.57;0.25;0;NA;NA;NA;
4;6;2.83;3.12;22.39;NA;3.98;15.36;33.37;0.86;0;NA;NA;NA;
4;7;11.83;9.51;25.42;NA;15.62;18.84;36.13;6.12;1.85;NA;NA;NA;
4;8;32.45;20.39;29.99;NA;30.87;30.14;38.57;18.9;17.45;NA;NA;NA;
4;9;36.88;39.19;34.77;NA;44.22;38.99;42.44;35.13;32.36;NA;NA;NA;
4;10;45.12;51.65;42.95;NA;56.38;49.07;49.47;45.55;38.71;NA;NA;NA;
4;11;45.74;54.78;44.67;NA;61.14;53.67;52.92;47.57;52.41;NA;NA;NA;
4;12;51.31;62.03;43.07;NA;59.02;48.22;52.2;43.84;ND;NA;NA;NA;
4;13;52.79;57.05;36.73;NA;53.92;42.45;48.15;39.72;ND;NA;NA;NA;
4;14;42.25;43.8;36.89;NA;47.5;41.28;46.05;38.13;36.45;NA;NA;NA;
4;15;39.51;46.56;36.65;NA;32.88;38.31;40.68;39.56;33.43;NA;NA;NA;
4;16;36.26;41.51;36.31;NA;30.41;33.38;38;43.22;31.84;NA;NA;NA;
4;17;32.58;36.55;31.93;NA;25.65;27.59;29.9;35.64;35.72;NA;NA;NA;
4;18;24.37;28.76;17.54;NA;15.5;19.42;22.38;25.09;27.14;NA;NA;NA;
4;19;19.08;23.99;6.03;NA;14.21;8.59;16.19;18.05;15.76;NA;NA;NA;
4;20;9.24;18.97;1.68;NA;16.59;13.03;15.38;7.73;7.07;NA;NA;NA;
4;21;3.89;16.28;7.79;NA;9.09;15.98;19.01;3.68;1.83;NA;NA;NA;
4;22;15.48;22.68;10.8;NA;23.32;8.03;27.54;19.51;0;NA;NA;NA;
4;23;16.68;27.31;8.31;NA;31.55;9.9;34.51;18.85;0;NA;NA;NA;
5;0;19.67;17.03;17.97;NA;32.8;21.21;37.53;11.71;12.19;NA;NA;NA;
5;1;29.36;22.9;26.54;NA;28.97;23.11;ND;18.96;ND;NA;NA;NA;
5;2;29.08;ND;ND;NA;ND;ND;35.96;21.41;9.87;NA;NA;NA;
5;3;17.72;21.77;29.05;NA;24.74;26.55;39.16;17.91;9.22;NA;NA;NA;
5;4;4.21;13.03;34.53;NA;19.39;21.96;40.36;9.34;12.14;NA;NA;NA;
5;5;2.88;6.6;38.2;NA;9.75;24.9;38.12;3.6;8.34;NA;NA;NA;
5;6;3.07;4.21;20.7;NA;6.63;15.95;37.26;1.66;3.58;NA;NA;NA;
5;7;8.5;11.42;15.82;NA;22.89;19.22;37.27;9.39;9.79;NA;NA;NA;
5;8;21.88;26.37;24.2;NA;26.92;24.09;38.04;15.87;14.3;NA;NA;NA;
5;9;41.19;36.71;36.73;NA;43.17;43.54;43.84;32.5;31.47;NA;NA;NA;
5;10;42.57;49.24;43.14;NA;55.92;43.9;48.92;51.07;48.51;NA;NA;NA;
5;11;47.63;56.27;44.06;NA;52.88;43;54.38;45.75;42.33;NA;NA;NA;
5;12;49.15;50.57;36.75;NA;43.27;38.76;59.15;41.24;38.41;NA;NA;NA;
5;13;46.76;50.27;39.7;NA;48.74;41.34;56.1;43.67;43.81;NA;NA;NA;
5;14;40.65;46.47;39.99;NA;51.19;43.83;55.53;42.75;45.06;NA;NA;NA;
5;15;40.13;48.21;34.27;NA;51.21;42.22;54.78;43.54;41.82;NA;NA;NA;
5;16;44.06;45.08;29.89;NA;43.65;39.67;42.63;42.31;36.91;NA;NA;NA;
5;17;33.42;37.11;24.65;NA;36.35;29.9;37.41;36.47;30.33;NA;NA;NA;
5;18;20.94;30.47;14.96;NA;18.16;16.54;33.68;32.4;25.55;NA;NA;NA;
5;19;19;27.87;12.99;NA;10.62;12.68;32.46;24.47;22.28;NA;NA;NA;
5;20;10.9;20.93;5.37;NA;15.51;15.96;19.01;28.91;18.19;NA;NA;NA;
5;21;7;14.5;15.68;NA;9.64;9.94;25.2;27.2;3.22;NA;NA;NA;
5;22;18.97;15.55;14.26;NA;10.9;9.33;28.57;11.41;4.63;NA;NA;NA;
5;23;5.98;8.88;24.03;NA;23.5;18.43;30.92;2.81;12.8;NA;NA;NA;
6;0;19.03;7.73;28.53;NA;19.82;24.73;32.78;ND;8.37;NA;NA;NA;
6;1;28.86;13.5;30.26;NA;32.51;23.56;34.25;2.1;7.93;NA;NA;NA;
6;2;ND;10.53;35.75;NA;30.45;26.65;36.83;3.54;9.48;NA;NA;NA;
6;3;11.65;6.72;36.46;NA;19.67;24.78;39.27;1.55;8;NA;NA;NA;
6;4;4.2;12.23;35.81;NA;25.76;25.41;40.38;1.7;8.35;NA;NA;NA;
6;5;2.42;3.96;35.55;NA;14.29;18.58;38.59;1.32;4.4;NA;NA;NA;
6;6;4.66;4.18;30.32;NA;11.01;13.33;36.77;2.21;0.99;NA;NA;NA;
6;7;19.66;17.24;31.01;NA;30.1;22.31;37.97;12.72;10.11;NA;NA;NA;
6;8;35.67;28.19;36.18;NA;33.5;33.47;40.82;29.97;27.99;NA;NA;NA;
6;9;41.64;43.89;41.09;NA;41.86;40.34;42.9;49.33;35.62;NA;NA;NA;
6;10;52.26;56.74;50.39;NA;49.51;48.56;47.39;58.93;42.17;NA;NA;NA;
6;11;61.92;62.56;58.01;NA;63.68;60.01;52.03;50.02;57.74;NA;NA;NA;
6;12;52.19;55.64;47.65;NA;74.35;52.64;56.64;48.05;59.4;NA;NA;NA;
6;13;47.45;50.42;41.53;NA;52.31;44.91;53.16;44.73;46.25;NA;NA;NA;
6;14;49.05;51.75;40.59;NA;53.52;41.53;49.74;44.7;43.01;NA;NA;NA;
6;15;44.67;48.15;41.42;NA;49.2;40.16;47.33;45.54;39.44;NA;NA;NA;
6;16;35.93;45.42;38.66;NA;46.77;38.46;42.8;44.91;40.37;NA;NA;NA;
6;17;35.35;47.66;35.19;NA;46;35.81;44.81;48.01;37.94;NA;NA;NA;
6;18;27.56;39.46;32.14;NA;39.38;29.33;41.82;43.13;34.06;NA;NA;NA;
6;19;25.34;32.43;16.8;NA;38.52;26.26;42.87;41.86;24.02;NA;NA;NA;
6;20;25.64;29.55;23.59;NA;33.2;26.58;46.01;32.41;30.14;NA;NA;NA;
6;21;31.7;25.03;35.59;NA;17.43;24.66;46.74;14.81;26.58;NA;NA;NA;
6;22;31.86;23.99;39.79;NA;16.34;26.23;50.51;14.68;19.89;NA;NA;NA;
6;23;25.3;23.35;41.11;NA;17.67;32.21;51.57;9.75;25.19;NA;NA;NA;
7;0;44.25;36.96;51.32;NA;31.24;41.7;53.69;11.18;32.69;NA;NA;NA;
7;1;46.05;45.87;53.54;NA;41.16;44.38;ND;21.93;ND;NA;NA;NA;
7;2;49.92;ND;ND;NA;ND;ND;60.1;21.02;38.23;NA;NA;NA;
7;3;44.56;45.36;57.28;NA;49.22;49.35;58.91;14.3;39.68;NA;NA;NA;
7;4;56.51;46.92;58.86;NA;41.39;50.35;61.28;12.44;25.21;NA;NA;NA;
7;5;60.82;38.71;60.66;NA;34.29;50.15;63.2;13.87;21.31;NA;NA;NA;
7;6;55.85;21.39;58.6;NA;32.98;47.69;59.2;10.55;16.6;NA;NA;NA;
7;7;57.88;42.24;57.91;NA;43.93;44.36;54.75;22.42;18.91;NA;NA;NA;
7;8;58.19;54.29;57.65;NA;51.5;52.58;55.61;51.06;43.9;NA;NA;NA;
7;9;59.87;66.52;60.12;NA;59.11;59.33;57.74;62.65;52.03;NA;NA;NA;
7;10;63.85;68.23;64.31;NA;66.57;66.28;62.23;57.64;58.49;NA;NA;NA;
7;11;59.55;64.16;59.17;NA;76.72;69.58;62.81;58.62;59.46;NA;NA;NA;
7;12;59.67;65.19;58.79;NA;69.22;60.65;63.75;61.44;59.45;NA;NA;NA;
7;13;60.79;66.25;61.1;NA;70.53;62.15;65.21;64.6;59.33;NA;NA;NA;
7;14;63.14;69.58;63.86;NA;72.81;65.2;67.11;63.79;63.17;NA;NA;NA;
7;15;61.08;64.95;61.72;NA;71.59;60.3;67.69;64.28;60.95;NA;NA;NA;
7;16;60.25;68.07;57.38;NA;66.83;59.78;69.04;60.21;56.07;NA;NA;NA;
7;17;52.58;59.44;52.14;NA;58.54;53.22;61.7;59.33;54.52;NA;NA;NA;
7;18;44.17;51.75;48.15;NA;50.51;52.26;48.57;58.44;46.55;NA;NA;NA;
7;19;37.7;49.31;36.71;NA;47.74;40.06;54.1;49.97;31.99;NA;NA;NA;
7;20;31.51;32.6;32.26;NA;48.08;36.35;42.73;34.09;22.95;NA;NA;NA;
7;21;39.16;24.02;33.34;NA;51.02;31.8;42.01;21.39;35.76;NA;NA;NA;
7;22;42.94;29.64;41.48;NA;50.53;41.1;48.9;20.42;26.99;NA;NA;NA;
7;23;38.16;37.43;43.65;NA;40.07;32.95;45.13;34.5;11.27;NA;NA;NA;
8;0;45.04;44.46;44.5;NA;32.89;34.57;43.17;ND;12.15;NA;NA;NA;
8;1;44.82;49.56;43.36;NA;43.61;34.62;45.57;29.24;19.94;NA;NA;NA;
8;2;ND;46.8;48.8;NA;33.06;38.4;46.63;35.82;15.22;NA;NA;NA;
8;3;48.93;42.22;51.4;NA;25;35.15;50.19;52.95;14.85;NA;NA;NA;
8;4;47.4;37.08;50.53;NA;14.23;17.25;52.43;57.33;10.07;NA;NA;NA;
8;5;43.41;28.97;37.99;NA;5.48;16.09;53.1;54.5;3.35;NA;NA;NA;
8;6;28.81;11.66;24.31;NA;7.49;19.84;51.57;57.42;0.61;NA;NA;NA;
8;7;38.48;29.42;21.89;NA;18.84;22.66;56.37;59.35;4.33;NA;NA;NA;
8;8;49.92;56.59;44.83;NA;53.14;50.16;63.04;65.26;33.71;NA;NA;NA;
8;9;61.71;69.5;59.32;NA;75.41;63.83;66.1;70.16;63.8;NA;NA;NA;
8;10;61.83;75.46;63.49;NA;72.66;70.39;77.93;67.04;69.17;NA;NA;NA;
8;11;64.58;75.37;60.38;NA;73;68.4;ND;59.9;65.73;NA;NA;NA;
8;12;62.48;68.11;57.77;NA;69.32;58.84;ND;60.96;61.26;NA;NA;NA;
8;13;58.92;64.72;54.71;NA;63.48;55.18;65.12;60.88;57.83;NA;NA;NA;
8;14;59.75;61.57;56.45;NA;67.69;55.26;58.36;62.72;57.44;NA;NA;NA;
8;15;58.03;ND;51.89;NA;67.77;56.82;56.49;58.03;51.51;NA;NA;NA;
8;16;52.8;ND;47;NA;65.4;51.56;55.86;56.45;54.26;NA;NA;NA;
8;17;46.13;51.71;37.98;NA;53.69;46.15;53.6;54.59;50.53;NA;NA;NA;
8;18;26.46;39.7;30.33;NA;35.69;34.95;47.69;52.24;40.99;NA;NA;NA;
8;19;26.68;33.47;21.59;NA;43.57;26.38;47.93;52.03;27.18;NA;NA;NA;
8;20;24.77;28.33;23.35;NA;28.48;22.53;44.26;52.09;13.78;NA;NA;NA;
8;21;22.83;28.01;25.76;NA;42.45;20.13;46.92;55.95;5.56;NA;NA;NA;
8;22;23;28.89;26.57;NA;47.24;27.37;47.37;59.63;2.65;NA;NA;NA;
8;23;34.09;40.16;37.78;NA;37.07;26.6;49.94;57.71;2.8;NA;NA;NA;
9;0;48.02;54.92;51.68;NA;40.23;39.58;44.01;54.66;2.87;NA;NA;NA;
9;1;52.23;48.47;55.11;NA;53.59;49.02;ND;48.95;ND;NA;NA;NA;
9;2;53;ND;ND;NA;ND;ND;45.18;47.13;12.33;NA;NA;NA;
9;3;49.76;52.08;46.54;NA;46.06;45.89;39.69;20.09;7.81;NA;NA;NA;
9;4;37.82;43.34;47.4;NA;35.83;46.45;44.85;12.14;2.55;NA;NA;NA;
9;5;38.05;34.47;43.85;NA;32.27;40.62;36.94;3.83;0.67;NA;NA;NA;
9;6;28.83;19.34;33.06;NA;7.73;14.51;32.02;3.46;0.68;NA;NA;NA;
9;7;35.69;32.2;37.01;NA;30.06;22.78;32.9;11.53;2.64;NA;NA;NA;
9;8;42.2;45.28;39.07;NA;47.11;36.04;50.24;47.84;10.8;NA;NA;NA;
9;9;45.89;53.84;44.65;NA;52.15;46.86;44.9;51.8;28.82;NA;NA;NA;
9;10;51.46;57.18;47.08;NA;52.21;50.98;47.78;55.46;48.33;NA;NA;NA;
9;11;53.33;56.6;49.28;NA;56.69;49.5;52;57.41;50.47;NA;NA;NA;
9;12;56.61;61.42;48.86;NA;59.1;54.95;55.88;55.27;54.05;NA;NA;NA;
9;13;52.24;55.07;43.3;NA;51.57;47.89;58.06;49.31;52.24;NA;NA;NA;
9;14;43.83;49.26;40.69;NA;53.78;47.44;53.3;49.04;48.56;NA;NA;NA;
9;15;42.89;52.1;36.31;NA;50.81;45.68;52.63;48.96;46.26;NA;NA;NA;
9;16;37.22;49.32;31.25;NA;42.2;39.17;48.6;45.51;46.45;NA;NA;NA;
9;17;31.57;47.03;27.96;NA;42.79;37.88;45.14;44.51;45.89;NA;NA;NA;
9;18;24.65;37.51;27.85;NA;24.87;29.33;35.99;41.96;37.92;NA;NA;NA;
9;19;24.61;37.73;24.36;NA;24.23;28.32;32.95;32.41;25.52;NA;NA;NA;
9;20;15.86;32.78;17.96;NA;25.22;14.07;17.95;17.91;11.32;NA;NA;NA;
9;21;14.93;27.38;17.58;NA;21.14;33.59;23.3;11.47;1.01;NA;NA;NA;
9;22;14.21;20.56;12.3;NA;25.76;25.94;31;6.63;0.14;NA;NA;NA;
9;23;27.46;30.89;18.57;NA;38.65;29.01;35.75;4.7;0.59;NA;NA;NA;
10;0;26.01;30.23;25.25;NA;31.55;12.43;39.14;ND;3.34;NA;NA;NA;
10;1;20.01;29.98;26.91;NA;30.26;28.48;38.79;4.12;4.48;NA;NA;NA;
10;2;ND;23.84;35.82;NA;34.39;31.93;41.29;2.59;6.84;NA;NA;NA;
10;3;23.17;17.2;38.59;NA;39.15;35.38;44.51;11.79;7.72;NA;NA;NA;
10;4;6.96;8.11;38.48;NA;28.6;24.32;44.76;12.4;7.23;NA;NA;NA;
10;5;2.34;2.5;26.73;NA;10.97;22.8;42.35;10.91;6.28;NA;NA;NA;
10;6;4.82;2.6;16.31;NA;5.98;6.76;41.17;4.79;0.98;NA;NA;NA;
10;7;15.42;21.55;28.79;NA;11.91;23.85;44.74;9.8;5.3;NA;NA;NA;
10;8;34.45;41.97;34.62;NA;29.77;34.9;46.2;16.94;6.1;NA;NA;NA;
10;9;44.37;54.51;41.97;NA;49.59;44.95;48.59;31;17.19;NA;NA;NA;
10;10;46.87;52.56;43.76;NA;54.4;43.38;50.94;45.94;37.52;NA;NA;NA;
10;11;47.34;49.14;45.23;NA;56.72;53.58;53.52;50.91;49.37;NA;NA;NA;
10;12;51.93;53.91;47.43;NA;60.97;ND;57.15;52.71;52.69;NA;NA;NA;
10;13;50.51;56.69;47.36;NA;57.75;ND;56.03;50.56;49.75;NA;NA;NA;
10;14;52;53.87;44.91;NA;51.77;47.88;49.2;49.7;47.27;NA;NA;NA;
10;15;48.06;50.57;45.96;NA;56.34;55.61;51.89;52.98;53;NA;NA;NA;
10;16;38.85;46.21;38.92;NA;50.61;55.17;53.61;49.6;48.41;NA;NA;NA;
10;17;34.85;41.99;31.01;NA;41.27;50.64;48.51;50.28;45.4;NA;NA;NA;
10;18;27.02;36.2;21.44;NA;34.97;42.54;41.7;47.28;43.45;NA;NA;NA;
10;19;21.73;30.27;23.01;NA;37.42;25.16;45.78;46.14;34.05;NA;NA;NA;
10;20;10.29;32.97;23.38;NA;24.78;23.93;44.88;30.23;9.4;NA;NA;NA;
10;21;7.61;32.46;30.51;NA;13.81;29.8;45.15;10.74;7.9;NA;NA;NA;
10;22;8.68;31.69;37.33;NA;11;27.1;46.44;3.85;1.42;NA;NA;NA;
10;23;22.5;37.69;31.86;NA;21.42;30.04;47.23;2.33;3.73;NA;NA;NA;
11;0;24.95;40.05;39.55;NA;34.08;39.11;46.84;1.32;16.59;NA;NA;NA;
11;1;23.15;40.57;43.93;NA;33.74;40.92;ND;1.81;ND;NA;NA;NA;
11;2;27.71;ND;ND;NA;ND;39.35;47.4;8.4;14.26;NA;NA;NA;
11;3;12.65;30.19;48.09;NA;40.09;37.39;48.35;1.82;14.04;NA;NA;NA;
11;4;18.04;33.09;47.82;NA;28.1;40.23;49.54;1.8;10.57;NA;NA;NA;
11;5;12.64;27.97;42.83;NA;17.99;30.9;47.36;2.17;9.17;NA;NA;NA;
11;6;6.94;14.08;14.58;NA;7.8;19.31;43.37;3.38;1.85;NA;NA;NA;
11;7;11.76;18.63;29.9;NA;22.09;29.95;44.07;9.93;6.01;NA;NA;NA;
11;8;36.34;28.73;40.68;NA;48.37;42.86;50.76;18.55;18.42;NA;NA;NA;
11;9;52.18;52.92;48.67;NA;57.74;51.58;54.71;44.11;38.63;NA;NA;NA;
11;10;57.73;60.19;54.77;NA;61.7;ND;60.03;60.02;50.58;NA;NA;NA;
11;11;58.25;63.14;52.31;NA;64.17;ND;61.22;60.61;51.08;NA;NA;NA;
11;12;61.12;64.33;54.1;NA;66.9;65.91;61.75;62.73;56.47;NA;NA;NA;
11;13;63.48;67.28;54.43;NA;69.25;69.79;62.21;63.24;59.9;NA;NA;NA;
11;14;63.49;69.41;54.85;NA;67;69.73;61.5;61.59;59.25;NA;NA;NA;
11;15;61.12;65.44;51.26;NA;67.66;68.86;60.56;58.65;55.86;NA;NA;NA;
11;16;55.88;56.67;46.18;NA;60.1;62.03;58.57;55.34;52.77;NA;NA;NA;
11;17;45.15;49.57;34.93;NA;37.51;55.01;56.11;53.32;49.52;NA;NA;NA;
11;18;30.21;41.14;15.41;NA;33.6;36.35;53.51;51.54;40.78;NA;NA;NA;
11;19;17.51;42.71;10.4;NA;33.58;21.12;48.85;36.53;32.98;NA;NA;NA;
11;20;9.07;37.47;9.36;NA;20.4;16.68;45.25;27.41;20.21;NA;NA;NA;
11;21;3.62;28.61;8.78;NA;25.67;17.56;45.44;8.73;11.42;NA;NA;NA;
11;22;6.95;14.02;33.48;NA;17.95;23.8;45.84;5.36;7.7;NA;NA;NA;
11;23;4.03;10.96;36.55;NA;17.83;28.43;47.77;5.4;4.93;NA;NA;NA;
12;0;6.04;3.1;44.12;NA;28.36;39.33;51.32;ND;6.59;NA;NA;NA;
12;1;6.47;9.32;48.43;NA;36.36;42.88;ND;5.88;12.24;NA;NA;NA;
12;2;ND;3.47;51.4;NA;49.58;ND;54.17;4.42;9.95;NA;NA;NA;
12;3;5.25;7.26;51.38;NA;45.62;45.7;54.28;1.51;14.7;NA;NA;NA;
12;4;5.52;4.05;51.89;NA;41.23;45.42;53.01;1.14;10.35;NA;NA;NA;
12;5;3.96;3.41;48.4;NA;27.9;37.89;52.14;0.94;7.05;NA;NA;NA;
12;6;6.01;4.11;43.27;NA;19.2;22.67;50.91;2.42;3.88;NA;NA;NA;
12;7;17.12;17.46;48.71;NA;45.42;42.41;51.52;9.7;12.49;NA;NA;NA;
12;8;36.24;36.59;52.52;NA;53.35;53.6;54.61;18.63;15.89;NA;NA;NA;
12;9;55.99;46.09;58.52;NA;59.76;61.91;58.34;50.19;22.46;NA;NA;NA;
12;10;63.11;63.29;64.52;NA;69.07;72.55;63.57;64.88;48.59;NA;NA;NA;
12;11;71.53;76.12;76.57;NA;77.3;81.6;70.33;82.61;67.7;NA;NA;NA;
12;12;73.85;81.26;86.73;NA;89.73;92.28;76.24;86.65;77.89;NA;NA;NA;
12;13;70.94;72.65;88.93;NA;97.02;102.82;86.68;76.77;62.87;NA;NA;NA;
12;14;60.76;65.29;66.56;NA;81.13;88.03;79.53;66.32;51.4;NA;NA;NA;
12;15;51.31;61.58;62.21;NA;64.51;68.25;59.31;53.57;44.23;NA;NA;NA;
12;16;48.02;58.89;53.02;NA;50.7;62.38;58.01;58.57;45.9;NA;NA;NA;
12;17;41.57;50.07;41.2;NA;41.2;49.81;40.55;49.97;24.31;NA;NA;NA;
12;18;33.9;37.42;26.01;NA;29.99;24.13;33.89;42.55;31.1;NA;NA;NA;
12;19;28.49;32.15;16.88;NA;28.66;13.97;37.87;38.87;21.76;NA;NA;NA;
12;20;27.12;33.24;19.25;NA;17;8.8;26.46;36.08;30.56;NA;NA;NA;
12;21;18.18;29.09;6.89;NA;16.23;4.66;32.49;24.73;29.01;NA;NA;NA;
12;22;17.89;18.43;5.1;NA;22.93;6.36;28.75;ND;18.82;NA;NA;NA;
12;23;11.27;14.94;3.87;NA;30.36;11.15;33.59;ND;0.4;NA;NA;NA;
13;0;7.83;5.45;1.43;NA;14.48;9.97;34.63;3.06;1.05;NA;NA;NA;
13;1;3.44;3.69;3.29;NA;15.02;14.48;34.92;4.52;ND;NA;NA;NA;
13;2;8.55;ND;ND;NA;ND;6.54;34.05;2.61;0.32;NA;NA;NA;
13;3;2.25;4.18;1.05;NA;6.83;15.99;20.68;1.13;0.18;NA;NA;NA;
13;4;2.56;4.11;0.96;NA;1.22;2.01;25.73;0.88;0.19;NA;NA;NA;
13;5;2.42;7.08;0.08;NA;5.85;2.1;10.59;0.47;0.06;NA;NA;NA;
13;6;2.88;4.13;0.82;NA;2.4;2.96;7.02;0.89;0.39;NA;NA;NA;
13;7;13.21;11.15;7.62;NA;7.89;7.87;25.92;2.85;3.54;NA;NA;NA;
13;8;22.94;31.94;13.31;NA;25.32;26.58;33.65;5.65;13.28;NA;NA;NA;
13;9;39.67;49.34;30.83;NA;45;33.78;39.86;22.78;29.76;NA;NA;NA;
13;10;64.18;67.32;44.53;NA;56.95;56.31;51.5;32.96;52.88;NA;NA;NA;
13;11;58.51;71.46;48.52;NA;57.47;57.8;56.11;59.05;34.56;NA;NA;NA;
13;12;56.5;63.27;57.91;NA;61.25;64.79;65.47;68.19;36.11;NA;NA;NA;
13;13;53.29;54.38;58.75;NA;61.49;68.11;56.2;68.44;43.82;NA;NA;NA;
13;14;46.62;52.41;54.81;NA;55.64;65.21;56.35;47.9;42.54;NA;NA;NA;
13;15;42.67;50.65;48.9;NA;49.24;54.97;50.63;43.17;38.1;NA;NA;NA;
13;16;40.44;47.99;45.07;NA;42.38;46.88;39.39;40.94;35.96;NA;NA;NA;
13;17;37.52;43.9;39.55;NA;36.49;42.02;30.62;43.02;37.04;NA;NA;NA;
13;18;29.96;37.3;21.31;NA;22.51;20.82;19.1;27.18;36.75;NA;NA;NA;
13;19;15.58;28.55;15.4;NA;20.72;15.15;16.4;16.1;26.48;NA;NA;NA;
13;20;3.92;24.47;2.64;NA;13.69;4.41;26.63;13.08;5.49;NA;NA;NA;
13;21;3.81;20.71;1.93;NA;4.57;6.9;28.59;3.36;0.65;NA;NA;NA;
13;22;4.6;18.25;2;NA;7.97;4.85;30.45;4.35;1.99;NA;NA;NA;
13;23;2.42;6.91;0.38;NA;17.99;2.44;30.3;2.13;0.6;NA;NA;NA;
14;0;3.21;7.91;0.27;NA;10.52;6.26;26.84;ND;0.21;NA;NA;NA;
14;1;5.62;3.64;0.3;NA;10.14;9.14;ND;1.88;0.17;NA;NA;NA;
14;2;ND;4.61;0.77;NA;3.41;ND;24.76;1.02;0.17;NA;NA;NA;
14;3;5.1;7.96;1.02;NA;0.81;7.16;32.67;1.85;0.13;NA;NA;NA;
14;4;6.34;4.2;0.71;NA;0.19;12.44;34.36;0.78;0.04;NA;NA;NA;
14;5;4.5;1.27;0.2;NA;1.29;7.3;34.41;1.63;0.04;NA;NA;NA;
14;6;3.98;0.94;1.26;NA;5.75;1.4;32.69;1.11;0.48;NA;NA;NA;
14;7;12.37;12.44;11.87;NA;26.4;12.67;34.88;5.62;6.1;NA;NA;NA;
14;8;30.72;35.25;25.45;NA;36.04;38.46;38.59;15.15;14.95;NA;NA;NA;
14;9;46.4;50.17;40.39;NA;46.51;52.54;40.76;46.96;26.49;NA;NA;NA;
14;10;45.65;57.87;40.39;NA;50.41;49.17;47.88;65.6;45.66;NA;NA;NA;
14;11;49.6;67.46;50.47;NA;54.23;47.36;51.23;61.29;48.41;NA;NA;NA;
14;12;53.45;65.5;47.26;NA;55.69;54.34;54.69;43.28;45.67;NA;NA;NA;
14;13;51.35;58.61;48.26;NA;53.86;53.35;48.18;43.77;41.41;NA;NA;NA;
14;14;46.86;53.52;48.39;NA;48.75;51.07;47.06;41.58;40.44;NA;NA;NA;
14;15;44.28;50.51;55.92;NA;45.87;54.89;44.46;43.55;38.67;NA;NA;NA;
14;16;40.59;46.69;44.7;NA;41.43;54.26;40.82;47.67;39.69;NA;NA;NA;
14;17;34.71;41.08;32.29;NA;36.11;42.09;33.85;39.46;30.21;NA;NA;NA;
14;18;23.22;35.01;12.14;NA;19.57;12.66;18;37.31;20.98;NA;NA;NA;
14;19;24.37;27.62;0.76;NA;18.5;5.82;7.13;36.02;9.45;NA;NA;NA;
14;20;18.97;28.93;2.66;NA;12.26;4.61;2.85;37.27;19.54;NA;NA;NA;
14;21;12;26.75;1.36;NA;7.28;2.57;5.21;26.82;28.94;NA;NA;NA;
14;22;8;16.82;7.41;NA;10.1;2.78;10.91;14.7;24.28;NA;NA;NA;
14;23;3.83;16.6;8.24;NA;9.35;1.56;28.49;15.58;4.27;NA;NA;NA;
15;0;2.25;14.77;2.28;NA;10.16;2.11;26.43;14.98;1.75;NA;NA;NA;
15;1;2.75;9.53;5.16;NA;11.7;6.99;26.8;17.02;ND;NA;NA;NA;
15;2;3.34;ND;ND;NA;ND;5.93;21.2;15.55;0.36;NA;NA;NA;
15;3;12.16;24.61;32;NA;14.83;22.81;21.78;13.94;0.21;NA;NA;NA;
15;4;6.22;20.64;26.25;NA;16.28;20.48;20.21;9.98;1.54;NA;NA;NA;
15;5;2.31;10.37;15.59;NA;9.94;14.49;27.44;4.82;1.59;NA;NA;NA;
15;6;3.07;2.9;1.41;NA;6.81;4.03;28.61;2.32;0.36;NA;NA;NA;
15;7;10.43;7.48;15.53;NA;20.2;19.19;29.58;6.6;3.09;NA;NA;NA;
15;8;23.67;15.39;10.35;NA;34.95;27.42;33.43;11.85;7.72;NA;NA;NA;
15;9;30.2;36.24;26.05;NA;42.75;39.75;39.47;22.42;9.13;NA;NA;NA;
15;10;37.14;49.72;30.12;NA;47.26;47.71;41.16;34.29;30.89;NA;NA;NA;
15;11;49.62;53.04;37.08;NA;57.78;55.22;46.05;56;47.2;NA;NA;NA;
15;12;54.23;59.93;38.19;NA;54.68;52.98;48.05;45.45;ND;NA;NA;NA;
15;13;43.81;49.47;37.78;NA;49.29;53.69;53.21;ND;38.14;NA;NA;NA;
15;14;39.03;43.95;37.15;NA;37.06;47.69;46.72;ND;36.1;NA;NA;NA;
15;15;39.11;41.3;43.93;NA;40.18;40.96;39.68;52.24;34.06;NA;NA;NA;
15;16;35.13;47.27;35.88;NA;39.15;45.53;41.84;48.36;37.38;NA;NA;NA;
15;17;29.47;42.1;19.88;NA;29.41;28.7;29.4;41.58;31.15;NA;NA;NA;
15;18;22.03;31.85;6.4;NA;13.08;7.63;15.21;36.23;16.43;NA;NA;NA;
15;19;12.21;26.32;0.6;NA;9.9;1.88;21.88;33.99;20.52;NA;NA;NA;
15;20;2.75;22.65;0.24;NA;15.32;2.92;15.69;25.82;20.01;NA;NA;NA;
15;21;2.1;14.11;2.02;NA;12.79;7.1;17.17;6.46;20.57;NA;NA;NA;
15;22;6.19;6.33;16.56;NA;7.41;13.17;21.18;9.57;9.65;NA;NA;NA;
15;23;3.02;2.49;22.11;NA;26.84;17.59;23.65;7.23;1.52;NA;NA;NA;
16;0;4.87;2.8;27.13;NA;22.37;22.92;25.38;ND;0.49;NA;NA;NA;
16;1;3.36;1.23;28.23;NA;23.2;22.97;ND;1.89;1.08;NA;NA;NA;
16;2;ND;1.36;30.4;NA;22.09;ND;26.26;2.76;0.2;NA;NA;NA;
16;3;2.83;0.86;28.32;NA;18.01;17.99;30.37;1.23;0.19;NA;NA;NA;
16;4;3.85;0.64;1.89;NA;26.56;13.33;33.62;0.73;0.26;NA;NA;NA;
16;5;2.5;1.6;20.37;NA;9.32;11.29;34.42;1.06;0.17;NA;NA;NA;
16;6;2.73;3.66;4.98;NA;5.06;7.84;32.74;1.11;0.56;NA;NA;NA;
16;7;7.17;6.26;6.62;NA;20.65;17.67;38.04;2.76;2.48;NA;NA;NA;
16;8;16.4;22.89;24.04;NA;36.4;35.71;40.62;7.71;5.53;NA;NA;NA;
16;9;34.52;39.39;28.72;NA;48.04;51.49;46.01;21.22;3.43;NA;NA;NA;
16;10;45.18;50.51;46.45;NA;57.09;55.12;49.99;35.6;26.09;NA;NA;NA;
16;11;51.62;60.71;46.63;NA;61.37;60.19;52.7;54.06;46.51;NA;NA;NA;
16;12;55.85;65.43;46;NA;57.52;57.86;55.63;47.79;47.59;NA;NA;NA;
16;13;54.16;54.62;51.4;NA;56.65;57.72;60.31;47.9;46.74;NA;NA;NA;
16;14;44.83;51.65;46.68;NA;52.78;57.71;52.74;45.28;44.91;NA;NA;NA;
16;15;44.64;53.23;47.51;NA;47.75;54.13;48.23;45.66;41.33;NA;NA;NA;
16;16;41.7;49.02;38.32;NA;42.75;47.33;39.25;43.91;34.09;NA;NA;NA;
16;17;38.41;42.29;22.48;NA;29.8;37.4;34.07;43.75;34.33;NA;NA;NA;
16;18;39.57;35.16;16.81;NA;12.28;19.11;21.55;31.41;23.52;NA;NA;NA;
16;19;22.19;26.23;17.58;NA;9.31;7.94;5.22;17.83;15.07;NA;NA;NA;
16;20;6.19;17.48;9.48;NA;7.9;3.18;6.74;15.86;10.84;NA;NA;NA;
16;21;7.97;13.73;8.81;NA;4.41;3.59;11.81;23.57;15.13;NA;NA;NA;
16;22;15.12;14.85;22.97;NA;4.34;5.88;20.24;13.89;1.77;NA;NA;NA;
16;23;20.03;17.72;16.47;NA;10.75;4.84;25.33;3.95;0.39;NA;NA;NA;
17;0;29.18;8.84;9.3;NA;5.45;10.26;28.51;2.65;1.03;NA;NA;NA;
17;1;23.9;3.37;8.48;NA;2.01;15.17;25.76;2.39;ND;NA;NA;NA;
17;2;22.95;ND;ND;NA;ND;10.95;17.55;0.25;2.02;NA;NA;NA;
17;3;17.46;0.96;3.1;NA;1.77;8.98;37.77;0.52;0.94;NA;NA;NA;
17;4;5.87;1.62;3.6;NA;2.63;6.58;37.44;0.17;0.24;NA;NA;NA;
17;5;2.26;2.73;5.77;NA;3.84;9.51;35.98;0.38;0.16;NA;NA;NA;
17;6;4.53;2.79;7.45;NA;4.5;12.17;33.4;1.01;0.74;NA;NA;NA;
17;7;7.8;7.15;11.44;NA;8.73;20.46;35.47;3.94;3.81;NA;NA;NA;
17;8;26.7;15.53;32.41;NA;30.84;39.87;43.82;8.94;15.85;NA;NA;NA;
17;9;47.17;ND;44.08;NA;53.85;52.8;50.67;20.04;21.55;NA;NA;NA;
17;10;52.61;ND;43.81;NA;56.6;54.96;56.66;48.29;26.45;NA;NA;NA;
17;11;66.21;61.95;56.22;NA;64.68;66.12;63.21;63.72;41.72;NA;NA;NA;
17;12;66.34;56.93;50.29;NA;61.83;67.46;68.62;51.43;49.95;NA;NA;NA;
17;13;64.5;58.2;51.29;NA;55.46;62.34;60.51;53.77;52.83;NA;NA;NA;
17;14;50.49;53.08;44.55;NA;54.3;59.78;57.3;54.2;50.14;NA;NA;NA;
17;15;47.43;50.75;51.76;NA;39.65;55.11;57.14;53.39;36.51;NA;NA;NA;
17;16;48.53;47.95;32.71;NA;22.18;23.72;27.73;42.56;27.26;NA;NA;NA;
17;17;38.63;35.07;6.27;NA;15.76;8.47;22.41;37.72;2.21;NA;NA;NA;
17;18;30.27;29.02;1.12;NA;12.01;6.87;16.12;34.84;9.57;NA;NA;NA;
17;19;16.3;26.02;0.21;NA;7.21;3.05;3.26;25.39;18.77;NA;NA;NA;
17;20;5.43;21.38;0.04;NA;3.71;1.42;4.98;31.44;9.36;NA;NA;NA;
17;21;3.85;14.36;0.02;NA;3;2.72;6.49;28.59;12.42;NA;NA;NA;
17;22;10.04;19.71;0;NA;8.87;1.48;22.79;30.37;9.7;NA;NA;NA;
17;23;2.79;11.55;0;NA;8.26;1.41;34.24;26.06;2.44;NA;NA;NA;
18;0;1.97;4.91;0.1;NA;12.01;10.57;35.58;ND;0.53;NA;NA;NA;
18;1;3.51;0.8;0.65;NA;13.13;9.97;ND;17.4;0.32;NA;NA;NA;
18;2;ND;0.98;0.26;NA;6.44;ND;36.6;7.15;1.35;NA;NA;NA;
18;3;4.52;0.44;2.21;NA;24.98;23.85;37.85;2.71;2.96;NA;NA;NA;
18;4;3.95;0.36;13.97;NA;18.69;21.98;36.29;0.39;0.21;NA;NA;NA;
18;5;1.44;0.15;22.66;NA;9.51;14.1;35.93;0.4;0.17;NA;NA;NA;
18;6;2.25;0.99;2.32;NA;4.79;4.48;34.66;0.73;0.66;NA;NA;NA;
18;7;8.22;6.41;14.86;NA;14.21;18.14;38.1;2.82;2.36;NA;NA;NA;
18;8;17.51;19.78;25.56;NA;38.36;33.77;41.56;7.11;1.83;NA;NA;NA;
18;9;39.43;35.36;44.73;NA;50.05;49.17;48.28;24.98;8.31;NA;NA;NA;
18;10;54.18;52.49;49.59;NA;55.06;56.18;55.17;51.32;37.34;NA;NA;NA;
18;11;71.79;69.14;55.41;NA;70.96;68.76;66.11;67.35;61.04;NA;NA;NA;
18;12;84.44;78.79;66.05;NA;66.56;72.22;76.77;81.3;ND;NA;NA;NA;
18;13;62.54;68.91;62.47;NA;68.05;81.7;70.95;78.77;ND;NA;NA;NA;
18;14;54.57;61.64;56.85;NA;41.52;62.99;63.67;51.19;ND;NA;NA;NA;
18;15;57.2;53.79;38.21;NA;29.62;31.04;43.88;36.22;ND;NA;NA;NA;
18;16;45.37;49.73;28.04;NA;43.28;44.71;46.76;33.02;ND;NA;NA;NA;
18;17;26.4;22.84;5.01;NA;24.59;14.9;34.08;9.87;ND;NA;NA;NA;
18;18;6.17;9.92;1.52;NA;13.93;15.07;25.45;4.82;ND;NA;NA;NA;
18;19;16.9;23.96;0.32;NA;7.36;6.48;20.63;0.9;ND;NA;NA;NA;
18;20;8.11;16.4;0.34;NA;3.5;8.89;1.47;1.03;ND;NA;NA;NA;
18;21;3.38;8.09;0.39;NA;3.39;18.37;2.81;1.65;ND;NA;NA;NA;
18;22;3.48;6.69;0.17;NA;3.63;12.79;1.52;1.06;ND;NA;NA;NA;
18;23;2.49;4.68;0.3;NA;1.97;4.12;1.55;0.47;ND;NA;NA;NA;
19;0;7.13;2.04;1.29;NA;4.15;7.14;21.04;0.36;0.17;NA;NA;NA;
19;1;7.09;1.59;2.24;NA;1.18;2.35;31.73;0.76;ND;NA;NA;NA;
19;2;7.08;ND;ND;NA;ND;2.35;36.8;0.27;0.12;NA;NA;NA;
19;3;3.9;0.15;2.65;NA;3.21;1.67;20.3;0.34;0.24;NA;NA;NA;
19;4;2.15;1.62;1.58;NA;3.12;1.55;23.39;0.12;0.6;NA;NA;NA;
19;5;2.51;1.62;0.41;NA;2.81;1.61;16.02;0.53;0.18;NA;NA;NA;
19;6;4.3;3.15;1.63;NA;5.61;2.98;11.83;1.12;0.58;NA;NA;NA;
19;7;10.49;8.12;5.49;NA;12.19;7.56;22.17;2.04;2.01;NA;NA;NA;
19;8;24.28;26.89;14.9;NA;23.65;21.11;38.97;6.51;11.61;NA;NA;NA;
19;9;50.68;34.31;22.09;NA;41.23;39.09;53.23;31.38;25.66;NA;NA;NA;
19;10;65.35;55.55;31.24;NA;ND;38.77;61.34;53.7;23.5;NA;NA;NA;
19;11;67.98;69.58;62.3;NA;70.38;61.65;ND;69.54;26.29;NA;NA;NA;
19;12;71.74;72.54;80.74;NA;89.41;88.02;89.75;88.23;61.91;NA;NA;NA;
19;13;58.37;69.54;70.17;NA;63.5;87.06;75.3;77.38;77.76;NA;NA;NA;
19;14;62.49;61.8;60.95;NA;42.07;53.3;51.06;65.08;56.26;NA;NA;NA;
19;15;55.58;56.31;40.18;NA;29.73;30.66;58.34;62.11;37.22;NA;NA;NA;
19;16;48.89;47.99;22.98;NA;38.52;40.46;40.97;50.68;36.31;NA;NA;NA;
19;17;42.37;39.39;10.77;NA;37.73;34.87;35.09;31.29;30.66;NA;NA;NA;
19;18;23.63;24.96;6.9;NA;14.7;5.82;19.42;25.13;16.83;NA;NA;NA;
19;19;16.36;22.81;6.39;NA;15.58;3.41;5.84;28.42;12.26;NA;NA;NA;
19;20;15.28;17.5;4.42;NA;11.01;7.88;2.51;9.6;11.72;NA;NA;NA;
19;21;15.78;22.7;1.3;NA;11.35;8.22;11.69;21.17;11.91;NA;NA;NA;
19;22;12.05;17.89;3.55;NA;10.21;2.41;4.63;19.52;2.24;NA;NA;NA;
19;23;10.94;22.93;3.13;NA;4.9;2.94;7.29;21.47;0.1;NA;NA;NA;
20;0;13.23;24.79;8.88;NA;4.48;7.16;6.19;ND;0.56;NA;NA;NA;
20;1;17.02;21.7;28.31;NA;3.96;20.1;ND;25.17;6.56;NA;NA;NA;
20;2;ND;19.55;18.99;NA;8.8;ND;15.76;25.46;0.2;NA;NA;NA;
20;3;19.11;22;18.82;NA;19.6;25.12;11.79;21.58;0.13;NA;NA;NA;
20;4;14.48;22.86;17.67;NA;23.33;19.69;5.6;15.66;0.13;NA;NA;NA;
20;5;3.97;21.94;13.1;NA;20.53;9.34;2.77;3.51;0.18;NA;NA;NA;
20;6;2.95;7.19;1.4;NA;3.53;3.73;4.88;2.57;0.86;NA;NA;NA;
20;7;8.84;8.69;8.25;NA;9.29;14.33;26.8;7.77;4.68;NA;NA;NA;
20;8;21.47;17.53;21.33;NA;37.66;37.18;44.69;20.3;14.53;NA;NA;NA;
20;9;41.23;38.54;37.58;NA;58.26;49.03;53.82;41.21;30.35;NA;NA;NA;
20;10;62.87;68.28;57.14;NA;68.9;64.51;71.13;57.43;46.96;NA;NA;NA;
20;11;80;78.12;73.49;NA;66.86;75.4;81.48;82.29;55.74;NA;NA;NA;
20;12;78.18;70.7;81.56;NA;79.14;91.96;83.67;80.99;73.07;NA;NA;NA;
20;13;57.94;62.49;65.17;NA;76;84.79;83.75;73.63;71.38;NA;NA;NA;
20;14;55.03;52.94;63.3;NA;55.75;72.21;61.36;64.49;53.43;NA;NA;NA;
20;15;51.59;51.47;53.01;NA;47.86;47.79;37.49;53.88;49.34;NA;NA;NA;
20;16;46.03;49.45;41.81;NA;45.15;59.83;37.07;50.41;46.05;NA;NA;NA;
20;17;38.55;43.79;33.87;NA;42.26;48.05;30.42;37.26;27.65;NA;NA;NA;
20;18;32.42;35.04;12.76;NA;24.04;14.05;22.45;24.05;13.32;NA;NA;NA;
20;19;18.45;26.83;8.44;NA;14.28;10.12;20.9;4.72;7.15;NA;NA;NA;
20;20;19.68;33.45;5.44;NA;3.06;2.31;7.52;22.96;1.35;NA;NA;NA;
20;21;24.19;31.1;0.14;NA;10.79;1.24;2.02;7.72;0.27;NA;NA;NA;
20;22;21.57;34.15;4.51;NA;2.89;0.99;9.04;4.25;0.8;NA;NA;NA;
20;23;34.53;37.33;17.21;NA;4.13;6.42;11.16;13.02;0.11;NA;NA;NA;
21;0;34.99;34.17;34.96;NA;4.77;4;19.89;5.48;0.14;NA;NA;NA;
21;1;41.79;41.81;43.16;NA;16.4;35.77;31.81;18.61;ND;NA;NA;NA;
21;2;50.59;ND;ND;NA;ND;51.39;41.14;26.24;0.13;NA;NA;NA;
21;3;49.93;48.63;44.81;NA;45.85;48.33;56.31;41.54;20.27;NA;NA;NA;
21;4;48.25;46.2;43.19;NA;44.03;48.73;54.46;43.2;30.97;NA;NA;NA;
21;5;42.3;43.28;40.13;NA;34.27;42.24;43.96;27.67;17.95;NA;NA;NA;
21;6;29.86;29.13;15.51;NA;20.42;16.15;33.36;17.89;9.78;NA;NA;NA;
21;7;22.7;22.16;8.3;NA;21.66;15.4;30.78;13.21;9.8;NA;NA;NA;
21;8;29.29;22.34;30.95;NA;32.07;46.06;61.97;25.15;15.76;NA;NA;NA;
21;9;38.58;28.95;57.38;NA;64.2;70.67;58.83;40.18;25.95;NA;NA;NA;
21;10;51.08;45.39;61.99;NA;67.32;72.07;60.09;56.89;42.07;NA;NA;NA;
21;11;66.1;65.66;67.82;NA;73.18;80.87;64.64;67.87;62.43;NA;NA;NA;
21;12;71.34;72.18;68.85;NA;78.23;85.23;64;79.97;57.15;NA;NA;NA;
21;13;68.63;69.15;71.72;NA;75.68;83.89;59.51;76.14;49.98;NA;NA;NA;
21;14;54.83;59.07;53.68;NA;63.95;71.64;51.68;64.69;57.85;NA;NA;NA;
21;15;46.8;47.12;51.32;NA;51.91;51.22;49.41;51.42;39.57;NA;NA;NA;
21;16;42.05;48.9;39.13;NA;42.39;33.9;59.39;50.67;32.61;NA;NA;NA;
21;17;34.67;42.33;24.74;NA;43.96;33.65;39.17;48.4;38.07;NA;NA;NA;
21;18;33.8;35.79;17.44;NA;32.69;34.81;25.48;35.53;29.9;NA;NA;NA;
21;19;18.51;31.91;5.59;NA;9.69;14.4;15.62;37.74;21.05;NA;NA;NA;
21;20;13.98;27.71;0.22;NA;3.63;10.24;16;35.1;7.8;NA;NA;NA;
21;21;5.13;9.72;0.1;NA;3.05;19.31;34.71;33.96;0.56;NA;NA;NA;
21;22;7.03;3.45;0.6;NA;2.89;19.35;40.27;11.7;0.32;NA;NA;NA;
21;23;2.32;14.89;0.68;NA;7.98;23.2;43.35;3.03;0.81;NA;NA;NA;
22;0;3.5;9.71;0.5;NA;27.16;20.99;47.75;ND;0.1;NA;NA;NA;
22;1;4.8;11.58;0.24;NA;44.96;39.79;ND;4.31;0.12;NA;NA;NA;
22;2;ND;25.32;31.81;NA;47.47;ND;47.9;0.13;0.08;NA;NA;NA;
22;3;14.1;20.62;34.81;NA;41.58;41.72;50.5;0.05;0.13;NA;NA;NA;
22;4;28.08;7.69;42.79;NA;29.6;31.66;51.66;0.1;0.16;NA;NA;NA;
22;5;26.09;6.66;42.86;NA;15.88;28.96;48.98;0.28;0.57;NA;NA;NA;
22;6;8.69;1.75;34.3;NA;34.94;18.78;42.56;0.42;0.69;NA;NA;NA;
22;7;5.14;2.55;30.18;NA;36.14;26.62;43.67;2.26;1.67;NA;NA;NA;
22;8;13.54;14.16;31.37;NA;43.98;34.14;45.09;10.96;4.33;NA;NA;NA;
22;9;45.97;19.86;39.83;NA;52.01;50.68;48.65;29.93;19.62;NA;NA;NA;
22;10;41.81;20.54;31.39;NA;52.6;51.91;47.71;36.53;32.59;NA;NA;NA;
22;11;40.69;29.15;34.1;NA;54.75;56.49;49.53;46.14;18.55;NA;NA;NA;
22;12;43.44;44.67;18.05;NA;53.93;54.8;51.98;54.7;21.65;NA;NA;NA;
22;13;56.86;61.22;19.31;NA;47.92;ND;57.44;60.81;21.3;NA;NA;NA;
22;14;71.28;69.13;51.62;NA;48.59;47.71;52.8;71.49;31.13;NA;NA;NA;
22;15;62.04;55.57;64;NA;67.98;71.46;50.3;72.68;27.28;NA;NA;NA;
22;16;48.04;41.31;32.11;NA;46.63;54.39;48.18;47;23.22;NA;NA;NA;
22;17;29.48;34.05;23.35;NA;21.17;16.09;22.3;42.51;19.49;NA;NA;NA;
22;18;15.19;30.08;1.18;NA;13.96;3.64;19.7;36.61;31.28;NA;NA;NA;
22;19;4.97;28.87;2;NA;8.12;5.32;7.25;34.93;28.1;NA;NA;NA;
22;20;5.03;23.79;1.87;NA;9.78;2.6;7.48;35.19;24.5;NA;NA;NA;
22;21;9.91;24.25;1.05;NA;13.87;5.86;14.04;31.23;15.98;NA;NA;NA;
22;22;3.52;24.5;3.59;NA;16.59;13.92;16.62;27.21;15.77;NA;NA;NA;
22;23;15.03;26.46;2.67;NA;22.56;12.36;22.21;32.85;19.33;NA;NA;NA;
23;0;24.03;29.38;15.99;NA;32.13;24.99;29.45;32.48;23.72;NA;NA;NA;
23;1;24.22;29.15;20.56;NA;33.11;24.3;26.25;29.33;ND;NA;NA;NA;
23;2;18.83;ND;ND;NA;ND;30.28;27.2;27.17;8.52;NA;NA;NA;
23;3;14.9;24.81;22.82;NA;33.12;31.76;23.27;22.57;0.36;NA;NA;NA;
23;4;14.04;24.98;22.4;NA;23.36;27.16;16.5;8.71;1.67;NA;NA;NA;
23;5;6.96;9.5;17.84;NA;8.6;13.9;3.38;1.04;0.27;NA;NA;NA;
23;6;3.29;7.42;3.09;NA;7.51;2.82;3.17;1.13;0.64;NA;NA;NA;
23;7;4.58;11.15;3.16;NA;14.8;8.04;21.37;6.45;2.96;NA;NA;NA;
23;8;17.64;23.35;9.46;NA;23.98;15.86;31.78;10.61;11.93;NA;NA;NA;
23;9;34.72;38.06;20.17;NA;31.05;29.57;38.44;31.26;25.97;NA;NA;NA;
23;10;51.96;43.33;25.86;NA;32.38;27.4;46.71;42.56;23.33;NA;NA;NA;
23;11;52.12;43.8;38.32;NA;38.7;41.39;52.89;51.05;24.09;NA;NA;NA;
23;12;41.89;44.51;ND;NA;49;54.37;49.47;51.32;48.28;NA;NA;NA;
23;13;37.46;32.95;35.6;NA;46.36;50.98;42.86;47.08;39.31;NA;NA;NA;
23;14;ND;33.99;28.7;NA;41.46;46.03;29.47;40.67;33.32;NA;NA;NA;
23;15;ND;36.3;26.44;NA;24.32;30.03;18.93;40.51;22.46;NA;NA;NA;
23;16;16.51;26.41;3.97;NA;18.29;8.64;25.39;44.74;6.17;NA;NA;NA;
23;17;17.23;22.86;3.64;NA;15.74;10.29;21.36;44.42;8.37;NA;NA;NA;
23;18;18.55;39.79;0.33;NA;6;4.79;18.19;26.9;6.58;NA;NA;NA;
23;19;11.19;29.31;0.35;NA;5.13;2.82;16.42;11.55;8.72;NA;NA;NA;
23;20;3.03;8.01;0.12;NA;9.74;2.75;21.34;5.07;0.45;NA;NA;NA;
23;21;2.75;0.33;0.05;NA;7.73;3.58;14.93;1.34;0.22;NA;NA;NA;
23;22;5.94;ND;0.17;NA;3.99;4.78;5.97;1.29;0.37;NA;NA;NA;
23;23;11.65;ND;0.02;NA;4.06;1.77;1.25;0.29;0.11;NA;NA;NA;
24;0;6.37;24.86;0;NA;5.06;1.02;6.99;ND;0.09;NA;NA;NA;
24;1;15.44;13.3;0.01;NA;1.21;2.05;ND;0.35;0.18;NA;NA;NA;
24;2;ND;2.29;0;NA;1.07;ND;21.59;0.16;0.12;NA;NA;NA;
24;3;12.04;0.39;1.8;NA;1.71;3.11;24.89;0.1;0.13;NA;NA;NA;
24;4;2.95;0.7;13.69;NA;2.82;10.36;25.61;0.1;0.14;NA;NA;NA;
24;5;2.22;0.03;17.6;NA;5.18;8.74;25.94;0.07;0.12;NA;NA;NA;
24;6;2.95;2.61;12.59;NA;3.8;3.69;26.45;0.34;0.58;NA;NA;NA;
24;7;6.01;3.35;13.85;NA;7.95;9.4;26.67;1.14;2.3;NA;NA;NA;
24;8;24.15;11.69;21.42;NA;23.36;22.77;33.82;2.89;6.74;NA;NA;NA;
24;9;37.82;18.48;32.51;NA;36.92;40.31;39.48;13;ND;NA;NA;NA;
24;10;50;36.36;43.55;NA;48.76;52.71;45.85;28.35;40.34;NA;NA;NA;
24;11;51.99;51.9;45.22;NA;58.66;58.56;51.96;43.55;53.08;NA;NA;NA;
24;12;61.48;61.2;45.35;NA;69.35;60.4;57.58;69.84;45.34;NA;NA;NA;
24;13;67.5;63.94;62.21;NA;67.13;67.01;63.41;72.86;48.13;NA;NA;NA;
24;14;71.61;63.37;70.25;NA;77.96;81.87;73.96;72.28;64.13;NA;NA;NA;
24;15;60.06;58.45;60.6;NA;53.55;69.49;57.9;62.75;59.74;NA;NA;NA;
24;16;53.64;47.91;56.42;NA;47.08;68.09;45.52;53.69;49.82;NA;NA;NA;
24;17;45.37;39.44;37.18;NA;41.51;42.04;30.9;49.76;44.38;NA;NA;NA;
24;18;31.18;27.29;16.39;NA;24.25;30.07;25.72;10.04;20.17;NA;NA;NA;
24;19;19.06;26.24;5.37;NA;15.88;12.79;19.83;3.7;3.39;NA;NA;NA;
24;20;6.06;17.93;9.3;NA;14.08;9.2;9.6;0.87;1.03;NA;NA;NA;
24;21;3.5;1.98;4.38;NA;16.15;2.94;11.67;0.31;1.86;NA;NA;NA;
24;22;3.5;0.41;4.99;NA;24.43;4.26;27.26;0.07;0.74;NA;NA;NA;
24;23;4.95;0.86;4.92;NA;10.48;9.01;31.71;0.5;0.35;NA;NA;NA;
25;0;3.69;0.4;13.21;NA;10.97;13.69;31.39;0.06;0.44;NA;NA;NA;
25;1;1.92;1.08;27;NA;19.72;16.6;35.67;0.26;ND;NA;NA;NA;
25;2;4.91;ND;ND;NA;ND;27.53;38.59;0.03;0.5;NA;NA;NA;
25;3;4.42;0.22;38.98;NA;38.52;ND;41.24;0.01;1.05;NA;NA;NA;
25;4;1.79;0.09;38.63;NA;29.89;ND;41.38;0.01;2.26;NA;NA;NA;
25;5;2.19;0.95;28.17;NA;7.44;ND;38.82;0.05;0.82;NA;NA;NA;
25;6;3.91;2.43;17.37;NA;6.42;ND;39.09;0.19;0.78;NA;NA;NA;
25;7;11.89;12.03;24.36;NA;20.19;ND;41.45;1.14;5.23;NA;NA;NA;
25;8;29.04;19.73;34.8;NA;44.35;ND;45.91;7.22;21.49;NA;NA;NA;
25;9;48.65;28.05;41.86;NA;48.61;ND;49.16;17.58;37.2;NA;NA;NA;
25;10;57.57;40.46;53.97;NA;57.26;ND;52.8;ND;45.73;NA;NA;NA;
25;11;64.05;64.85;66.8;NA;69.3;ND;59.88;ND;55.68;NA;NA;NA;
25;12;71.79;73.61;59.98;NA;76.18;ND;66.75;76.64;64.55;NA;NA;NA;
25;13;71.79;60.96;69;NA;78.65;ND;71.73;64.32;58.16;NA;NA;NA;
25;14;60.52;59.01;55.22;NA;60.34;ND;63.41;ND;46.78;NA;NA;NA;
25;15;54.2;56.21;42.58;NA;51.47;ND;47.48;53.58;46.02;NA;NA;NA;
25;16;50.66;51.94;32;NA;46.93;43.66;42.39;48.68;41.07;NA;NA;NA;
25;17;48.6;45.1;29.16;NA;39.81;35.69;41.76;41.98;33.67;NA;NA;NA;
25;18;36.42;38.37;23.31;NA;37.93;32.38;32.37;40.72;21.07;NA;NA;NA;
25;19;26.03;29.16;14.42;NA;35.27;18.15;40.05;21.1;21.39;NA;NA;NA;
25;20;13.45;24.14;13.43;NA;38.52;19.27;40.13;8.99;19.69;NA;NA;NA;
25;21;27.12;20.14;25.13;NA;10.08;20.05;41.04;5.11;10.11;NA;NA;NA;
25;22;30.36;15.67;32.18;NA;14.78;21.36;41.39;2.74;4.47;NA;NA;NA;
25;23;32.13;11.33;36.55;NA;15.43;30.23;42.55;11.28;6.15;NA;NA;NA;
26;0;40.52;18.13;39.82;NA;23.94;37.13;43.6;ND;4.04;NA;NA;NA;
26;1;43.81;21.98;42.69;NA;25.96;37.09;ND;11.22;5.09;NA;NA;NA;
26;2;ND;14.48;42.45;NA;25.72;ND;43.42;7.59;6.62;NA;NA;NA;
26;3;40.07;8.72;41.55;NA;24.98;30.69;44.78;0.65;3.76;NA;NA;NA;
26;4;37.18;0.54;41.69;NA;17.56;28.84;44.29;0.33;3.43;NA;NA;NA;
26;5;30.92;0.52;39.65;NA;7.84;25.2;42.96;0.53;1.28;NA;NA;NA;
26;6;34.23;2.53;25.03;NA;7.08;8.28;30.17;1.97;1.08;NA;NA;NA;
26;7;35.48;10.6;24.96;NA;17.54;16.13;39.47;3.89;7.45;NA;NA;NA;
26;8;45.17;38.98;40.86;NA;50.1;48.76;47.45;14.52;26.35;NA;NA;NA;
26;9;52.38;53.72;43.33;NA;56.99;51.72;55.4;45.79;44.86;NA;NA;NA;
26;10;57;53.65;46.21;NA;58.16;58.72;51.97;50.76;50.18;NA;NA;NA;
26;11;61.65;59.16;46.18;NA;57.48;57.7;57.13;53.14;49.46;NA;NA;NA;
26;12;64.92;63.78;50.69;NA;62.3;56.55;59.54;54.11;49.5;NA;NA;NA;
26;13;65.97;58.29;50.63;NA;62.09;57.86;57.97;51.51;50.13;NA;NA;NA;
26;14;61.34;54.13;48.51;NA;55.95;55.65;53.56;45.32;44.01;NA;NA;NA;
26;15;47.42;45.03;36.85;NA;46.6;46.38;41.18;41.58;37.64;NA;NA;NA;
26;16;37.1;37.41;28.42;NA;42.87;34.81;36.17;39.46;34.36;NA;NA;NA;
26;17;29.94;32.04;24.08;NA;31.36;28.72;31.26;42.06;35.21;NA;NA;NA;
26;18;20.77;28.05;22.19;NA;30.15;33.89;31.94;40.78;32.82;NA;NA;NA;
26;19;18.54;26.31;26.83;NA;19.47;26.54;28.94;39.59;18.31;NA;NA;NA;
26;20;13.59;25.87;21.64;NA;22.95;20.19;17.59;25.42;16.4;NA;NA;NA;
26;21;19.67;26.3;23.11;NA;22.58;15.83;21.31;14.3;6.11;NA;NA;NA;
26;22;23.8;27.3;20.61;NA;30.01;28.85;12.01;14.89;4.1;NA;NA;NA;
26;23;32.17;30.76;35.35;NA;25.16;20.9;6.29;7.23;14.49;NA;NA;NA;
27;0;38.41;35.37;39.14;NA;33.79;23.09;20.26;14.56;0.86;NA;NA;NA;
27;1;33.49;34.98;32.79;NA;37.69;17.57;15.1;15.13;ND;NA;NA;NA;
27;2;28.88;ND;ND;NA;30.45;11.87;17.34;2.91;0.27;NA;NA;NA;
27;3;16.48;27.12;10.58;NA;11.33;11.78;23.56;1.72;0.18;NA;NA;NA;
27;4;5.45;11.82;12.59;NA;11.45;6.41;5.54;2.25;0.29;NA;NA;NA;
27;5;3.66;5.82;2.69;NA;14.21;7.22;2.61;2.24;0.25;NA;NA;NA;
27;6;5.54;3.53;1.33;NA;8.98;3.41;3.54;6.95;1.74;NA;NA;NA;
27;7;10.99;6.04;5.49;NA;15.34;8.18;10.65;10.05;7.99;NA;NA;NA;
27;8;28.61;22.92;27.79;NA;26.28;21.77;30.2;24.32;10.11;NA;NA;NA;
27;9;47.15;40.24;38.59;NA;34.75;42.07;45.41;30.86;11.57;NA;NA;NA;
27;10;57.09;48.99;49.38;NA;45.05;50.55;47.23;47.23;7.03;NA;NA;NA;
27;11;59.26;51.6;51.99;NA;52.79;54.58;48.95;58.67;28.27;NA;NA;NA;
27;12;55.87;51.43;58.19;NA;58.6;66.37;54.67;58.04;40.06;NA;NA;NA;
27;13;55.57;50.61;47.38;NA;60.81;62.09;56.23;58.18;53.21;NA;NA;NA;
27;14;53.47;52.31;51.97;NA;55.42;57.36;51.28;57.42;49.82;NA;NA;NA;
27;15;48.04;49.12;44.29;NA;45.53;46.69;44.36;54.94;46.25;NA;NA;NA;
27;16;42.26;41.42;36.93;NA;39.66;40.68;43.66;44.54;42.6;NA;NA;NA;
27;17;38.73;32.02;33.4;NA;29.21;36.01;35.68;37.11;33.92;NA;NA;NA;
27;18;31.49;27.47;15.17;NA;17.36;14.25;24.16;31.57;26.98;NA;NA;NA;
27;19;15.47;24.68;2.38;NA;14.41;5.64;18.1;30.83;25.77;NA;NA;NA;
27;20;9.4;22;1.95;NA;8.69;5.8;16.55;33.1;20.71;NA;NA;NA;
27;21;6.58;24.57;3.34;NA;11.93;7.98;14.75;33.02;24.13;NA;NA;NA;
27;22;10.24;24.9;0.08;NA;8.31;2.1;2.89;30.82;17.06;NA;NA;NA;
27;23;6.77;29.54;0.23;NA;14.27;3.23;10.26;27.98;16.22;NA;NA;NA;
28;0;6.64;22.46;0.08;NA;9.74;1.75;20.64;ND;20.14;NA;NA;NA;
28;1;2.89;14;0.19;NA;2.13;1.36;ND;23.37;9.69;NA;NA;NA;
28;2;ND;5.79;0.1;NA;6.01;ND;14.1;22.75;9.38;NA;NA;NA;
28;3;2.09;2.28;0.01;NA;3.37;1.43;8.68;21.47;2.45;NA;NA;NA;
28;4;1.86;3.78;0;NA;2.84;1.09;6.85;16.03;8.28;NA;NA;NA;
28;5;2.19;0.64;0.01;NA;2.9;1.67;13.84;9.73;2.14;NA;NA;NA;
28;6;3.69;1.29;0.97;NA;2.1;2.44;25.62;5.69;1.43;NA;NA;NA;
28;7;10.88;5.65;6.37;NA;6.56;10.1;28.24;13.51;5.16;NA;NA;NA;
28;8;28.91;15.58;17.19;NA;25.87;29.09;28.59;16.58;12.39;NA;NA;NA;
28;9;40.3;33.26;27.83;NA;46.62;43.89;38.02;21.15;21.4;NA;NA;NA;
28;10;39.8;39;37.79;NA;54.81;47.71;42.55;38.63;36.49;NA;NA;NA;
28;11;50.69;43.9;42.34;NA;54.6;41.1;47.91;47.96;47.34;NA;NA;NA;
28;12;52.05;47.43;45.42;NA;52.04;52.4;46.09;52.91;50.4;NA;NA;NA;
28;13;59.01;50.83;49.43;NA;54.55;59.24;47.42;51.63;46.87;NA;NA;NA;
28;14;49.92;47.32;42.35;NA;54.48;52.91;45.81;48.57;48;NA;NA;NA;
28;15;50.4;50.24;51.6;NA;44.76;51.34;40.33;54.71;33.92;NA;NA;NA;
28;16;41.43;39.08;41.17;NA;46.67;53.03;44.91;48.34;39.88;NA;NA;NA;
28;17;36.53;37.97;32.39;NA;29.48;34.87;38.31;39.94;39.67;NA;NA;NA;
28;18;26.38;29.84;18.46;NA;18.43;17.22;23.98;36.11;12.52;NA;NA;NA;
28;19;12.38;23.07;3.77;NA;12.36;7.69;11.32;31.69;28.07;NA;NA;NA;
28;20;5.6;22.17;0.59;NA;9.37;3.23;7.6;20.2;15.66;NA;NA;NA;
28;21;2.87;16.86;10.1;NA;6.07;2.04;7.38;12.3;21.44;NA;NA;NA;
28;22;4.99;9.02;9.99;NA;4.98;1.43;4.36;20.41;11.69;NA;NA;NA;
28;23;3.77;2.41;13.24;NA;1.4;2.72;4.48;10.67;3.18;NA;NA;NA;
29;0;6.83;0.88;4.37;NA;3.74;2.1;29.78;17.89;0.59;NA;NA;NA;
29;1;9.64;6.2;0.28;NA;5.68;5.17;32.88;3.93;ND;NA;NA;NA;
29;2;12.25;ND;ND;NA;1.85;9.26;30.08;0.18;1.49;NA;NA;NA;
29;3;5.06;1.55;21.26;NA;4.59;13.16;30.54;0.16;1.79;NA;NA;NA;
29;4;2.11;1.47;11.57;NA;4.23;7.91;24.66;0.14;0.21;NA;NA;NA;
29;5;2.55;0;3.01;NA;0.58;3.08;33.35;0.24;0.2;NA;NA;NA;
29;6;4.28;1.48;1.46;NA;5.04;3.32;30.61;1.05;0.91;NA;NA;NA;
29;7;15.85;5.75;7.03;NA;6.85;8.06;38.5;4.36;2.89;NA;NA;NA;
29;8;25.13;21.41;27.92;NA;36.41;39.24;46.72;14.86;11.19;NA;NA;NA;
29;9;40;37.42;32.78;NA;55.19;41.29;49.27;22.92;7.6;NA;NA;NA;
29;10;52.03;50.06;39.76;NA;44.3;46.75;53.45;47.17;38.38;NA;NA;NA;
29;11;57.4;54.51;43.74;NA;53.54;57.78;54.4;53.35;47.79;NA;NA;NA;
29;12;61.33;57.93;47.89;NA;ND;ND;54.09;54.18;48.84;NA;NA;NA;
29;13;56.45;51.79;44.66;NA;50.61;ND;51.77;54.16;47.59;NA;NA;NA;
29;14;55.53;51.51;39.07;NA;48.4;ND;52.2;50.36;47.91;NA;NA;NA;
29;15;52.94;49.98;37.39;NA;ND;49.81;49.67;49.78;46.12;NA;NA;NA;
29;16;44.25;47.16;32.61;NA;36.7;44.26;50.18;48.38;41.54;NA;NA;NA;
29;17;38.37;42.71;28.36;NA;25.52;44.1;42.2;46.17;38.1;NA;NA;NA;
29;18;25.01;24.57;26.25;NA;30.03;38.38;33.72;41.66;35.46;NA;NA;NA;
29;19;21.06;30.83;19.79;NA;19.35;15.03;18.44;27.77;19.77;NA;NA;NA;
29;20;27.45;25.8;20.62;NA;19.3;22.05;36.46;7.9;2.6;NA;NA;NA;
29;21;20.42;29.08;16.13;NA;27.24;9.09;40.29;1.24;0.42;NA;NA;NA;
29;22;29.05;35.73;3.82;NA;29.98;24.71;44.29;1.01;0.42;NA;NA;NA;
29;23;38.58;38.01;10.05;NA;45.1;23.87;46.99;0.91;0.35;NA;NA;NA;
30;0;41.39;40;21.39;NA;47.59;37.54;40;ND;0.68;NA;NA;NA;
30;1;45.8;40.25;34.22;NA;39.09;29.57;ND;0.41;0.41;NA;NA;NA;
30;2;ND;43.63;39.26;NA;ND;ND;37.74;0.43;0.62;NA;NA;NA;
30;3;24.55;38.76;21.35;NA;38.26;34.32;28.39;0.46;2.91;NA;NA;NA;
30;4;16.32;20.8;11.63;NA;8.23;20.02;28.7;0.52;6.01;NA;NA;NA;
30;5;13.83;5.38;9.89;NA;18.15;15.97;12.87;0.58;0.83;NA;NA;NA;
30;6;15.14;5.32;4.45;NA;13.25;9.2;18.43;1.03;0.82;NA;NA;NA;
30;7;16.59;20.33;18.85;NA;15.15;28.92;22.42;2.24;3.99;NA;NA;NA;
30;8;39.3;34.04;34.28;NA;27.36;40.03;29.51;4.39;5.82;NA;NA;NA;
30;9;54.6;56.05;45.63;NA;43.29;56.77;33.08;27.36;26.37;NA;NA;NA;
30;10;55.36;53.25;ND;NA;54.34;60.58;46.07;48.95;47.7;NA;NA;NA;
30;11;61.07;57.99;ND;NA;52.61;57.79;ND;50.95;46.4;NA;NA;NA;
30;12;58.49;55.93;40.56;NA;52.32;58.27;49.66;49.38;49.49;NA;NA;NA;
30;13;56.81;51.75;44.08;NA;54.15;60.39;ND;47.84;49.51;NA;NA;NA;
30;14;56.66;52.11;43.73;NA;50.3;59.16;ND;50.59;48.28;NA;NA;NA;
30;15;58.7;55.41;ND;NA;55.47;61.17;ND;58.53;52.28;NA;NA;NA;
30;16;62.49;59.12;49.88;NA;58.15;64.32;55.15;60.13;53.18;NA;NA;NA;
30;17;57.36;55.74;43.64;NA;52.89;58.83;51.74;58.99;50.58;NA;NA;NA;
30;18;40.6;40.85;35.33;NA;37.4;44.47;41.01;56.06;45.33;NA;NA;NA;
30;19;34.66;29.75;32.58;NA;33.72;43.96;37.85;50.44;42.96;NA;NA;NA;
30;20;35.13;31.96;41.6;NA;42.26;51.23;40.62;38.92;23.1;NA;NA;NA;
30;21;42.9;32.26;45.88;NA;39.01;48.59;39.13;50.05;19.18;NA;NA;NA;
30;22;47.38;36.13;46.51;NA;40.55;46.92;47.59;58.22;23.24;NA;NA;NA;
30;23;50.56;41.48;49.78;NA;27.78;38.17;50.26;58.59;3.86;NA;NA;NA;
31;0;50.81;47.68;49.07;NA;19.83;41.04;49.28;55.17;5.69;NA;NA;NA;
31;1;48.11;49.1;54.25;NA;45.95;58.74;ND;50.63;ND;NA;NA;NA;
31;2;56.02;ND;ND;NA;58.7;61.17;43.22;50.93;22.19;NA;NA;NA;
31;3;29.25;47.29;52.35;NA;50.73;61.74;42.07;42.27;16.45;NA;NA;NA;
31;4;47.92;20.4;51.76;NA;30.23;54.45;48.54;55.79;12.01;NA;NA;NA;
31;5;57.13;35.11;58.49;NA;21.75;61.62;49.13;61.09;5.79;NA;NA;NA;
31;6;49.36;25.3;47.97;NA;26.88;50.72;50.9;62.1;3.89;NA;NA;NA;
31;7;45.15;43.29;25.59;NA;43;26.36;57.84;65.53;8.02;NA;NA;NA;
31;8;59.98;59.77;48.85;NA;53.05;50.36;72.09;68.68;27.59;NA;NA;NA;
31;9;67.8;64.34;53.03;NA;69.01;73.01;72.6;70.24;53.81;NA;NA;NA;
31;10;ND;67.55;55.9;NA;64.92;71.66;57.73;ND;57.15;NA;NA;NA;
31;11;ND;61.31;50.34;NA;54.49;62.45;54.74;ND;50.2;NA;NA;NA;
31;12;63.4;59.89;53.63;NA;60.08;67.86;55.87;59.71;53.05;NA;NA;NA;
31;13;64.99;60.36;54.35;NA;62.37;62.74;59.84;59.65;52.84;NA;NA;NA;
31;14;ND;59.97;53.48;NA;63.71;66.88;62.5;ND;55.44;NA;NA;NA;
31;15;61.79;58.3;47.89;NA;57.53;63.95;ND;61.26;53.29;NA;NA;NA;
31;16;58.14;54.34;40.42;NA;52.3;58.02;ND;57.38;48.88;NA;NA;NA;
31;17;49.98;53.27;31.47;NA;51.19;44.05;55.72;46.73;44.66;NA;NA;NA;
31;18;41.82;46.12;30.97;NA;38.34;37.64;51.63;44.57;40.59;NA;NA;NA;
31;19;37.52;36.85;33.81;NA;31.09;42.28;50.87;49.66;29.44;NA;NA;NA;
31;20;39.33;29.08;37.69;NA;37.16;46.04;49.8;45.32;28.91;NA;NA;NA;
31;21;32.8;21.93;22.88;NA;42.03;27.19;47.9;34.6;23.89;NA;NA;NA;
31;22;41.16;31.85;41.16;NA;26.21;44.32;49.93;59.24;1.36;NA;NA;NA;
31;23;52.15;41.73;55.15;NA;43.37;61.4;56.11;60.2;2.6;NA;NA;NA;
