DIA;HORA;Cotocollao;Carapungo;Belisario;Jipijapa;El Camal;Centro;Guamaní;Tumbaco;Los Chillos;El Condado;Turubamba;Chillogallo;
1;0;16.45;17.75;26.42;NA;27.46;21.77;NA;NA;ND;NA;NA;NA;
1;1;16.77;13.41;22.14;NA;25.49;26.54;NA;NA;ND;NA;NA;NA;
1;2;11.38;5.5;23.39;NA;23.43;26.28;NA;NA;ND;NA;NA;NA;
1;3;15.27;20.25;19.97;NA;12.33;17.76;NA;NA;ND;NA;NA;NA;
1;4;17.35;10.19;21.17;NA;16.26;17.72;NA;NA;ND;NA;NA;NA;
1;5;18.05;23.87;26.76;NA;31.77;25.3;NA;NA;ND;NA;NA;NA;
1;6;25.43;48.1;22.06;NA;44.81;22.79;NA;NA;ND;NA;NA;NA;
1;7;26.99;55.15;39.53;NA;41.56;48.05;NA;NA;ND;NA;NA;NA;
1;8;35.53;53.99;39.72;NA;41.89;52.31;NA;NA;ND;NA;NA;NA;
1;9;40.4;34.02;55.82;NA;29.58;32.56;NA;NA;ND;NA;NA;NA;
1;10;21.14;21.23;27.62;NA;20.94;15.68;NA;NA;ND;NA;NA;NA;
1;11;27.39;14.36;19.96;NA;8.13;29.87;NA;NA;ND;NA;NA;NA;
1;12;22.39;4.14;13.74;NA;23.06;28.66;NA;NA;ND;NA;NA;NA;
1;13;22.33;1.12;15.42;NA;8.63;36.11;NA;NA;ND;NA;NA;NA;
1;14;6.42;12.83;19.28;NA;20.58;23.07;NA;NA;ND;NA;NA;NA;
1;15;27.57;11.2;18.08;NA;32.29;18.88;NA;NA;ND;NA;NA;NA;
1;16;12.37;12.07;12.67;NA;25.42;13.3;NA;NA;ND;NA;NA;NA;
1;17;7.66;21.42;14.05;NA;24.69;9.53;NA;NA;ND;NA;NA;NA;
1;18;3.96;21.43;19.33;NA;12.03;5.62;NA;NA;ND;NA;NA;NA;
1;19;4.15;23.46;26.88;NA;13.64;13.27;NA;NA;ND;NA;NA;NA;
1;20;14.91;20.3;ND;NA;9.07;16.49;NA;NA;ND;NA;NA;NA;
1;21;4.61;17.28;30.44;NA;60.95;36.35;NA;NA;ND;NA;NA;NA;
1;22;9.97;5.66;16.83;NA;37.51;38.85;NA;NA;ND;NA;NA;NA;
1;23;10.45;37.22;19.6;NA;37.79;38.28;NA;NA;ND;NA;NA;NA;
2;0;14.85;30.7;19.33;NA;43.16;30.5;NA;NA;ND;NA;NA;NA;
2;1;14.78;25.82;16.12;NA;21.65;29.2;NA;NA;ND;NA;NA;NA;
2;2;12.4;25.97;22.31;NA;26.51;22.91;NA;NA;ND;NA;NA;NA;
2;3;11.6;33.23;16.27;NA;22.95;20.61;NA;NA;ND;NA;NA;NA;
2;4;18.69;36.65;19.81;NA;24.21;13.27;NA;NA;ND;NA;NA;NA;
2;5;17.44;15.16;16.51;NA;21.15;25.44;NA;NA;ND;NA;NA;NA;
2;6;32.96;32.21;28.95;NA;31.15;20.06;NA;NA;ND;NA;NA;NA;
2;7;44.98;43.36;22.92;NA;32.62;30.38;NA;NA;ND;NA;NA;NA;
2;8;26.31;23.58;9.42;NA;39.1;28.53;NA;NA;ND;NA;NA;NA;
2;9;17.32;16.6;10.52;NA;13.67;15.57;NA;NA;ND;NA;NA;NA;
2;10;18.33;9.57;20.4;NA;23.44;13.36;NA;NA;ND;NA;NA;NA;
2;11;20.02;3.78;23.08;NA;20.02;28.45;NA;NA;ND;NA;NA;NA;
2;12;10.65;9.1;22.53;NA;24.5;22.28;NA;NA;ND;NA;NA;NA;
2;13;20.55;4.77;19.06;NA;19.97;18.37;NA;NA;ND;NA;NA;NA;
2;14;8.66;5.46;16.15;NA;21.51;15.72;NA;NA;ND;NA;NA;NA;
2;15;1.52;1.9;7.8;NA;8.03;6.16;NA;NA;ND;NA;NA;NA;
2;16;5.86;16.53;8.9;NA;15.73;14.04;NA;NA;ND;NA;NA;NA;
2;17;13.32;8.12;13.72;NA;14.95;20.65;NA;NA;ND;NA;NA;NA;
2;18;2.47;19.58;10.91;NA;13.69;7.72;NA;NA;ND;NA;NA;NA;
2;19;6.08;9.45;13.94;NA;12.83;11.6;NA;NA;ND;NA;NA;NA;
2;20;8.04;11.63;17.55;NA;9.23;12.63;NA;NA;ND;NA;NA;NA;
2;21;2.97;6.07;10.09;NA;24.13;13.98;NA;NA;ND;NA;NA;NA;
2;22;13.74;8.59;7.57;NA;24.08;19.94;NA;NA;ND;NA;NA;NA;
2;23;1.94;8.99;8.04;NA;29.1;19.09;NA;NA;ND;NA;NA;NA;
3;0;6.79;4.98;18.79;NA;18.26;31.7;NA;NA;ND;NA;NA;NA;
3;1;2.45;6.64;6.46;NA;11.46;9.65;NA;NA;ND;NA;NA;NA;
3;2;8.67;0.13;6.33;NA;0.2;6.01;NA;NA;ND;NA;NA;NA;
3;3;4.73;6.12;6.73;NA;2.15;3.89;NA;NA;ND;NA;NA;NA;
3;4;7.09;2.48;4.9;NA;11.12;7.99;NA;NA;ND;NA;NA;NA;
3;5;6.84;11.98;4.84;NA;16.75;9.64;NA;NA;ND;NA;NA;NA;
3;6;4.06;22.82;10.27;NA;11.52;6.15;NA;NA;ND;NA;NA;NA;
3;7;9.59;15.67;4.86;NA;13.76;14.18;NA;NA;ND;NA;NA;NA;
3;8;8.36;5.23;15.44;NA;8.8;22.38;NA;NA;ND;NA;NA;NA;
3;9;13.19;7.67;17.38;NA;11.76;15.09;NA;NA;ND;NA;NA;NA;
3;10;15.32;9.1;15.51;NA;9.06;9.32;NA;NA;ND;NA;NA;NA;
3;11;20.1;5.47;27.39;NA;20.05;26.62;NA;NA;ND;NA;NA;NA;
3;12;4.42;0;14.41;NA;17.26;12.28;NA;NA;ND;NA;NA;NA;
3;13;0;2.29;11.65;NA;18.8;13.91;NA;NA;ND;NA;NA;NA;
3;14;0;16.12;17.34;NA;6.81;21.27;NA;NA;ND;NA;NA;NA;
3;15;15.39;12.79;20.56;NA;23.27;14.39;NA;NA;ND;NA;NA;NA;
3;16;10.43;7.79;11.25;NA;14.96;6.29;NA;NA;ND;NA;NA;NA;
3;17;11.04;20.57;10.04;NA;13.92;16.45;NA;NA;ND;NA;NA;NA;
3;18;6.13;20.18;13.75;NA;13.15;8.49;NA;NA;ND;NA;NA;NA;
3;19;13.37;15.31;10.86;NA;25.64;20;NA;NA;ND;NA;NA;NA;
3;20;7.5;6.36;11.02;NA;17.74;14.32;NA;NA;ND;NA;NA;NA;
3;21;11.02;6.64;18.47;NA;8.89;10.56;NA;NA;ND;NA;NA;NA;
3;22;8.46;24.42;8.98;NA;14.54;ND;NA;NA;ND;NA;NA;NA;
3;23;18.34;11.97;3.07;NA;14.4;ND;NA;NA;ND;NA;NA;NA;
4;0;17.76;10.04;16.47;NA;15.47;13.93;NA;NA;ND;NA;NA;NA;
4;1;19.41;3.59;16.89;NA;18.34;17.51;NA;NA;ND;NA;NA;NA;
4;2;2.55;21.34;13.99;NA;18.11;20;NA;NA;ND;NA;NA;NA;
4;3;6.6;6.21;10.34;NA;14.5;21.13;NA;NA;ND;NA;NA;NA;
4;4;8.32;2.78;5.55;NA;4.37;10.44;NA;NA;ND;NA;NA;NA;
4;5;0;6.19;3.94;NA;8.39;2.89;NA;NA;ND;NA;NA;NA;
4;6;18.27;4.47;10.28;NA;24.32;9.9;NA;NA;ND;NA;NA;NA;
4;7;52.72;21.9;24.87;NA;11.61;16;NA;NA;ND;NA;NA;NA;
4;8;23.87;6.35;22.19;NA;10.06;4.79;NA;NA;ND;NA;NA;NA;
4;9;32.07;2.27;15.88;NA;4.68;12.95;NA;NA;ND;NA;NA;NA;
4;10;23.58;17.2;14.63;NA;2.28;9.37;NA;NA;ND;NA;NA;NA;
4;11;19.97;17.96;31.35;NA;19.71;20.88;NA;NA;ND;NA;NA;NA;
4;12;27.91;10.44;24.52;NA;17.99;18.65;NA;NA;ND;NA;NA;NA;
4;13;10;3.54;26.04;NA;16.28;19.12;NA;NA;ND;NA;NA;NA;
4;14;16.98;7.04;15.43;NA;22.45;19.87;NA;NA;ND;NA;NA;NA;
4;15;5.88;17.97;22.5;NA;18.57;22.6;NA;NA;ND;NA;NA;NA;
4;16;4.76;11.95;8.41;NA;15.32;16.26;NA;NA;ND;NA;NA;NA;
4;17;14.18;5.73;16.32;NA;20.11;16.69;NA;NA;ND;NA;NA;NA;
4;18;8.99;27.12;21.96;NA;15;15;NA;NA;ND;NA;NA;NA;
4;19;9.91;20.31;19.1;NA;26.46;18.5;NA;NA;ND;NA;NA;NA;
4;20;12.34;19.82;20.91;NA;25.57;17.73;NA;NA;ND;NA;NA;NA;
4;21;11.62;20.51;24.71;NA;37.22;38.15;NA;NA;ND;NA;NA;NA;
4;22;11.3;9.32;37.75;NA;44.63;32.28;NA;NA;ND;NA;NA;NA;
4;23;ND;19.27;31.3;NA;27.42;ND;NA;NA;ND;NA;NA;NA;
5;0;11.46;15.33;24.59;NA;18.07;48.63;NA;NA;ND;NA;NA;NA;
5;1;12.69;17.03;17.58;NA;25.3;21.95;NA;NA;ND;NA;NA;NA;
5;2;0.25;2.98;8.9;NA;22.93;15.01;NA;NA;ND;NA;NA;NA;
5;3;2.81;0.47;5.95;NA;11.09;12.09;NA;NA;ND;NA;NA;NA;
5;4;7.79;2.19;2.06;NA;4.08;1.06;NA;NA;ND;NA;NA;NA;
5;5;4.15;48.87;1.82;NA;5.15;3.95;NA;NA;ND;NA;NA;NA;
5;6;7.04;90.35;8.67;NA;17.13;8.82;NA;NA;ND;NA;NA;NA;
5;7;21.48;51.65;30.39;NA;36.44;20.53;NA;NA;ND;NA;NA;NA;
5;8;13.09;11.96;18.1;NA;35.77;8.92;NA;NA;ND;NA;NA;NA;
5;9;18.42;27.53;24.29;NA;29.65;24.39;NA;NA;ND;NA;NA;NA;
5;10;22.53;13.16;22.87;NA;21.25;9.42;NA;NA;ND;NA;NA;NA;
5;11;22.73;4.29;20.14;NA;20.5;21.05;NA;NA;ND;NA;NA;NA;
5;12;20.94;12.45;21.57;NA;15.49;12.14;NA;NA;ND;NA;NA;NA;
5;13;15.62;5.92;21.29;NA;20.64;14.65;NA;NA;ND;NA;NA;NA;
5;14;4.77;16.07;17.53;NA;18.28;19.44;NA;NA;ND;NA;NA;NA;
5;15;5.21;8.85;26.88;NA;12.28;17.11;NA;NA;ND;NA;NA;NA;
5;16;5.61;8.51;13.49;NA;21.22;14.14;NA;NA;ND;NA;NA;NA;
5;17;7.11;14.86;27.27;NA;14.3;17.68;NA;NA;ND;NA;NA;NA;
5;18;12.49;21.09;20.42;NA;26.55;29.07;NA;NA;ND;NA;NA;NA;
5;19;6.26;22.2;29.66;NA;24.78;18.9;NA;NA;ND;NA;NA;NA;
5;20;14.83;13.1;27.11;NA;39.92;21.5;NA;NA;ND;NA;NA;NA;
5;21;8.04;15.08;14.51;NA;19.5;16.8;NA;NA;ND;NA;NA;NA;
5;22;16.41;16.08;15.53;NA;25.94;24.9;NA;NA;ND;NA;NA;NA;
5;23;ND;11.99;ND;NA;ND;12.43;NA;NA;ND;NA;NA;NA;
6;0;19.35;17.56;11.85;NA;20.27;25.1;NA;NA;ND;NA;NA;NA;
6;1;5.12;4.72;6.01;NA;15.09;11.01;NA;NA;ND;NA;NA;NA;
6;2;7.22;0.23;2.22;NA;3.27;5.91;NA;NA;ND;NA;NA;NA;
6;3;1.5;7.22;6.58;NA;4.44;3.41;NA;NA;ND;NA;NA;NA;
6;4;4.02;1.49;6.38;NA;1.53;4.91;NA;NA;ND;NA;NA;NA;
6;5;7.85;22.97;7.65;NA;5.08;1.75;NA;NA;ND;NA;NA;NA;
6;6;5.26;6.67;6.22;NA;18.05;8.8;NA;NA;ND;NA;NA;NA;
6;7;16.14;16.25;26.07;NA;31.75;20.7;NA;NA;ND;NA;NA;NA;
6;8;30.72;23.51;27.99;NA;37.29;19.73;NA;NA;ND;NA;NA;NA;
6;9;10.48;16.2;27;NA;21.06;16.76;NA;NA;ND;NA;NA;NA;
6;10;4.53;6.48;17.22;NA;3.18;10.13;NA;NA;ND;NA;NA;NA;
6;11;11.86;6.71;9.67;NA;17.73;12.04;NA;NA;ND;NA;NA;NA;
6;12;35.89;15.45;14.89;NA;11.12;15.2;NA;NA;ND;NA;NA;NA;
6;13;14.55;15.71;28.59;NA;30.89;19.12;NA;NA;ND;NA;NA;NA;
6;14;13;2.9;9.71;NA;16.54;5.72;NA;NA;ND;NA;NA;NA;
6;15;1.32;6.26;12.41;NA;8.93;13.22;NA;NA;ND;NA;NA;NA;
6;16;3.14;6.73;18.95;NA;11.43;17.64;NA;NA;ND;NA;NA;NA;
6;17;23.75;14.91;27.99;NA;22.08;28.16;NA;NA;ND;NA;NA;NA;
6;18;16.69;30.25;26.65;NA;32.34;33.05;NA;NA;ND;NA;NA;NA;
6;19;10.69;27.41;27.19;NA;40.76;45.82;NA;NA;ND;NA;NA;NA;
6;20;35.78;32.37;42.79;NA;58.85;39.98;NA;NA;ND;NA;NA;NA;
6;21;26.77;57.56;32.96;NA;33.87;30.67;NA;NA;ND;NA;NA;NA;
6;22;19.86;52.92;28.97;NA;59.4;27.19;NA;NA;ND;NA;NA;NA;
6;23;ND;46.58;29.74;NA;ND;42.17;NA;NA;ND;NA;NA;NA;
7;0;28;29.88;11.73;NA;46.61;33.34;NA;NA;ND;NA;NA;NA;
7;1;17.65;25.46;25.64;NA;34.84;26.8;NA;NA;ND;NA;NA;NA;
7;2;19.38;28.65;13.48;NA;17.94;20.25;NA;NA;ND;NA;NA;NA;
7;3;22.1;23.79;15.84;NA;29.55;29.75;NA;NA;ND;NA;NA;NA;
7;4;26.57;23.36;17.66;NA;35.19;29.21;NA;NA;ND;NA;NA;NA;
7;5;32.47;34.6;20.85;NA;28.48;27.86;NA;NA;ND;NA;NA;NA;
7;6;35.82;32.86;24.2;NA;42.45;36.82;NA;NA;ND;NA;NA;NA;
7;7;38.88;56.59;39.6;NA;49.34;67.1;NA;NA;ND;NA;NA;NA;
7;8;38.04;29.19;45.79;NA;51.33;ND;NA;NA;ND;NA;NA;NA;
7;9;34.96;31.56;56.17;NA;53.07;57.41;NA;NA;ND;NA;NA;NA;
7;10;31.59;28.56;46.89;NA;27.47;44.17;NA;NA;ND;NA;NA;NA;
7;11;33.12;19.9;36.91;NA;28.63;39.63;NA;NA;ND;NA;NA;NA;
7;12;25.59;14.3;26.08;NA;19.23;31.24;NA;NA;ND;NA;NA;NA;
7;13;6.04;8.05;22.5;NA;14.09;16.73;NA;NA;ND;NA;NA;NA;
7;14;2.8;5.6;11.59;NA;22.9;11.3;NA;NA;ND;NA;NA;NA;
7;15;0.18;0.99;11.65;NA;10.06;11.32;NA;NA;ND;NA;NA;NA;
7;16;14.96;13.69;27.77;NA;15.29;20.66;NA;NA;ND;NA;NA;NA;
7;17;15.03;22.02;48.35;NA;26.12;23.49;NA;NA;ND;NA;NA;NA;
7;18;29.72;20.97;34.95;NA;26.42;26.97;NA;NA;ND;NA;NA;NA;
7;19;6.61;14.71;29.02;NA;14.99;37.98;NA;NA;ND;NA;NA;NA;
7;20;19.53;17.79;22.12;NA;65.96;35.43;NA;NA;ND;NA;NA;NA;
7;21;13.05;20.98;17.2;NA;45.4;39.25;NA;NA;ND;NA;NA;NA;
7;22;14.21;9.44;28.97;NA;29.8;35.89;NA;NA;ND;NA;NA;NA;
7;23;ND;23.24;33.06;NA;50.85;49.78;NA;NA;ND;NA;NA;NA;
8;0;23.79;23.34;22.49;NA;46.53;33.89;NA;NA;ND;NA;NA;NA;
8;1;30.01;24.95;20.93;NA;52.32;31.92;NA;NA;ND;NA;NA;NA;
8;2;19.42;29.7;20.12;NA;39.94;28.11;NA;NA;ND;NA;NA;NA;
8;3;22.24;23.97;20.86;NA;41.72;36.74;NA;NA;ND;NA;NA;NA;
8;4;19.03;11.96;21.05;NA;37.8;31.95;NA;NA;ND;NA;NA;NA;
8;5;8.6;33.79;19.33;NA;31.21;32.22;NA;NA;ND;NA;NA;NA;
8;6;31.99;46.1;29.33;NA;42.91;35.31;NA;NA;ND;NA;NA;NA;
8;7;37.77;55.62;37.97;NA;61.33;63.08;NA;NA;ND;NA;NA;NA;
8;8;42.11;36.32;35.68;NA;66.87;ND;NA;NA;ND;NA;NA;NA;
8;9;36.34;19.88;48.32;NA;64.7;46.19;NA;NA;ND;NA;NA;NA;
8;10;22.42;14.08;43.27;NA;30.48;41.85;NA;NA;ND;NA;NA;NA;
8;11;21.65;23.47;33.23;NA;30.22;51.15;NA;NA;ND;NA;NA;NA;
8;12;10.7;0.45;24.01;NA;22.89;23.74;NA;NA;ND;NA;NA;NA;
8;13;24.66;14.55;18.91;NA;7.07;19.49;NA;NA;ND;NA;NA;NA;
8;14;1.64;1.27;13.01;NA;25.45;18.3;NA;NA;ND;NA;NA;NA;
8;15;2.29;17.08;20.95;NA;5.21;12.16;NA;NA;ND;NA;NA;NA;
8;16;7.1;23.72;32.25;NA;14.66;13.73;NA;NA;ND;NA;NA;NA;
8;17;9.42;5.19;ND;NA;11.27;11.35;NA;NA;ND;NA;NA;NA;
8;18;9.32;22.76;29.02;NA;41.15;10.77;NA;NA;ND;NA;NA;NA;
8;19;14.21;21.6;27.47;NA;32.27;15.28;NA;NA;ND;NA;NA;NA;
8;20;19.23;20.85;22.35;NA;41.42;18.56;NA;NA;ND;NA;NA;NA;
8;21;21.85;9.71;19.68;NA;43.04;13.56;NA;NA;ND;NA;NA;NA;
8;22;14.36;9.84;15.61;NA;31;17.81;NA;NA;ND;NA;NA;NA;
8;23;ND;17.03;17.1;NA;24.1;18.75;NA;NA;ND;NA;NA;NA;
9;0;19.37;9.73;12.68;NA;27.5;14.93;NA;NA;ND;NA;NA;NA;
9;1;11.55;10.77;15.18;NA;12.98;21.76;NA;NA;ND;NA;NA;NA;
9;2;13.36;2.93;8.36;NA;13.42;17.19;NA;NA;ND;NA;NA;NA;
9;3;10.56;11.57;12.08;NA;12.55;13.22;NA;NA;ND;NA;NA;NA;
9;4;4.76;4;7.68;NA;7.93;6.64;NA;NA;ND;NA;NA;NA;
9;5;5.62;3.38;2.23;NA;12.16;7.16;NA;NA;ND;NA;NA;NA;
9;6;5.46;1.98;10.94;NA;19.67;7.44;NA;NA;ND;NA;NA;NA;
9;7;10.73;9.27;16.81;NA;26.44;10.48;NA;NA;ND;NA;NA;NA;
9;8;7.37;7.16;17.01;NA;21.05;14.58;NA;NA;ND;NA;NA;NA;
9;9;22.66;3.15;14.78;NA;14.94;7.84;NA;NA;ND;NA;NA;NA;
9;10;11.5;8.96;17.89;NA;14.8;16.76;NA;NA;ND;NA;NA;NA;
9;11;21.45;16.87;14.24;NA;10.91;4.79;NA;NA;ND;NA;NA;NA;
9;12;17.77;13.1;29.36;NA;7.58;12.54;NA;NA;ND;NA;NA;NA;
9;13;20.42;10.46;30.44;NA;21.76;19.66;NA;NA;ND;NA;NA;NA;
9;14;2.1;12.92;16.65;NA;11.63;9.64;NA;NA;ND;NA;NA;NA;
9;15;16.94;21.3;22.99;NA;14.05;21.46;NA;NA;ND;NA;NA;NA;
9;16;7.39;7.03;17.2;NA;20.55;14.36;NA;NA;ND;NA;NA;NA;
9;17;7.76;12.77;20.46;NA;13.52;11.87;NA;NA;ND;NA;NA;NA;
9;18;12.63;14.18;17.87;NA;16.52;12.37;NA;NA;ND;NA;NA;NA;
9;19;10.91;13.16;19.63;NA;16.95;15.74;NA;NA;ND;NA;NA;NA;
9;20;14.94;13.35;10.92;NA;20.37;16.47;NA;NA;ND;NA;NA;NA;
9;21;4.54;22.4;19.27;NA;28.29;15.85;NA;NA;ND;NA;NA;NA;
9;22;11.07;23.52;24.92;NA;28.13;23.36;NA;NA;ND;NA;NA;NA;
9;23;ND;9.47;23.04;NA;32.25;30.17;NA;NA;ND;NA;NA;NA;
10;0;14.87;31.32;28.02;NA;33.26;44.37;NA;NA;ND;NA;NA;NA;
10;1;12.67;16.61;21.19;NA;36.1;37.91;NA;NA;ND;NA;NA;NA;
10;2;12.41;6.85;12.05;NA;30.36;23.17;NA;NA;ND;NA;NA;NA;
10;3;16.15;20.75;11.34;NA;14.89;16.92;NA;NA;ND;NA;NA;NA;
10;4;7.59;13.92;11.82;NA;30.8;15.25;NA;NA;ND;NA;NA;NA;
10;5;15.79;21.56;9.19;NA;17.91;17.64;NA;NA;ND;NA;NA;NA;
10;6;11.2;27.48;9.94;NA;28.5;19.19;NA;NA;ND;NA;NA;NA;
10;7;20.74;29.72;12.49;NA;25.46;17.45;NA;NA;ND;NA;NA;NA;
10;8;8.35;19;20;NA;25.84;12.16;NA;NA;ND;NA;NA;NA;
10;9;15.46;22.26;15.41;NA;3.87;10.43;NA;NA;ND;NA;NA;NA;
10;10;26.01;15.92;22.4;NA;16.27;10.03;NA;NA;ND;NA;NA;NA;
10;11;24.08;17.38;20.52;NA;15.94;17.46;NA;NA;ND;NA;NA;NA;
10;12;14.43;14.55;20.99;NA;24.61;21.7;NA;NA;ND;NA;NA;NA;
10;13;4.4;9.04;19.18;NA;9.4;21.73;NA;NA;ND;NA;NA;NA;
10;14;10.77;9.68;7.88;NA;1.9;16.2;NA;NA;ND;NA;NA;NA;
10;15;4.87;8.51;16.31;NA;9.19;12.72;NA;NA;ND;NA;NA;NA;
10;16;2.73;8.88;21.46;NA;13.32;21.05;NA;NA;ND;NA;NA;NA;
10;17;4.04;9.59;9.19;NA;25.99;8.78;NA;NA;ND;NA;NA;NA;
10;18;3.71;7.7;11.69;NA;26.42;7.51;NA;NA;ND;NA;NA;NA;
10;19;4.34;3.63;8.42;NA;19.53;11.34;NA;NA;ND;NA;NA;NA;
10;20;6.89;7.3;14.12;NA;11.74;7.79;NA;NA;ND;NA;NA;NA;
10;21;1.16;3.39;6.64;NA;7.74;4.84;NA;NA;ND;NA;NA;NA;
10;22;3.49;1.97;0.8;NA;5.17;4.03;NA;NA;ND;NA;NA;NA;
10;23;ND;10.81;4.43;NA;1.61;2.53;NA;NA;ND;NA;NA;NA;
11;0;8.85;6.14;18.24;NA;0.85;16.09;NA;NA;ND;NA;NA;NA;
11;1;2.44;8.16;3.79;NA;0.9;7.94;NA;NA;ND;NA;NA;NA;
11;2;6.65;1.41;1.99;NA;27.14;4.3;NA;NA;ND;NA;NA;NA;
11;3;17.57;1.56;2.43;NA;12.87;3.93;NA;NA;ND;NA;NA;NA;
11;4;2.62;12.21;3.88;NA;3.66;1.7;NA;NA;ND;NA;NA;NA;
11;5;3.39;5.08;3.18;NA;5.03;5.05;NA;NA;ND;NA;NA;NA;
11;6;9.46;16.47;9.5;NA;20.07;4.64;NA;NA;ND;NA;NA;NA;
11;7;11.62;21.74;25.63;NA;39.38;17.88;NA;NA;ND;NA;NA;NA;
11;8;18.39;10.69;24.08;NA;18.25;21.24;NA;NA;ND;NA;NA;NA;
11;9;19.99;27.78;39.49;NA;23.48;21.97;NA;NA;ND;NA;NA;NA;
11;10;24.34;13.44;45.1;NA;35;27.43;NA;NA;ND;NA;NA;NA;
11;11;9.38;4.02;29.6;NA;ND;43.08;NA;NA;ND;NA;NA;NA;
11;12;8.88;2.57;1.92;NA;ND;15.45;NA;NA;ND;NA;NA;NA;
11;13;3.43;3.09;18.73;NA;ND;22.41;NA;NA;ND;NA;NA;NA;
11;14;9.96;8.33;18.29;NA;13.77;9.36;NA;NA;ND;NA;NA;NA;
11;15;10.72;11.91;17.51;NA;4.47;19.08;NA;NA;ND;NA;NA;NA;
11;16;5.62;4.53;13.64;NA;ND;11.09;NA;NA;ND;NA;NA;NA;
11;17;6.58;7.19;17.83;NA;17.57;12.69;NA;NA;ND;NA;NA;NA;
11;18;7.61;13.75;31.77;NA;18.45;15.57;NA;NA;ND;NA;NA;NA;
11;19;0;9.32;33;NA;14.59;16.18;NA;NA;ND;NA;NA;NA;
11;20;2.95;10.66;19.04;NA;21.37;16.88;NA;NA;ND;NA;NA;NA;
11;21;8.01;3.58;12.09;NA;3.81;18.67;NA;NA;ND;NA;NA;NA;
11;22;14.82;14.16;8.56;NA;2.56;ND;NA;NA;ND;NA;NA;NA;
11;23;ND;2.45;7.38;NA;ND;7.44;NA;NA;ND;NA;NA;NA;
12;0;6.08;10.27;0.22;NA;4.18;3.82;NA;NA;ND;NA;NA;NA;
12;1;6.47;4.45;8.79;NA;0.75;7.09;NA;NA;ND;NA;NA;NA;
12;2;8.49;13.31;4.02;NA;2.58;2.02;NA;NA;ND;NA;NA;NA;
12;3;2.7;5.71;4.28;NA;1.44;5.55;NA;NA;ND;NA;NA;NA;
12;4;16.17;2.8;3.94;NA;6.5;1.11;NA;NA;ND;NA;NA;NA;
12;5;3.22;18.65;6.07;NA;7.65;4.33;NA;NA;ND;NA;NA;NA;
12;6;24.64;19.42;7.7;NA;36.69;8.66;NA;NA;ND;NA;NA;NA;
12;7;32.23;9.57;16.45;NA;43.57;16.58;NA;NA;ND;NA;NA;NA;
12;8;24.96;14.11;23.94;NA;40.2;17.97;NA;NA;ND;NA;NA;NA;
12;9;17.59;20.99;22.05;NA;16.37;15.04;NA;NA;ND;NA;NA;NA;
12;10;16.43;12.79;25.52;NA;15.93;17.56;NA;NA;ND;NA;NA;NA;
12;11;13.71;4.31;25.05;NA;21.89;19.2;NA;NA;ND;NA;NA;NA;
12;12;4.06;11.26;ND;NA;19.65;22.58;NA;NA;ND;NA;NA;NA;
12;13;7;5.8;18.39;NA;25.72;17.97;NA;NA;ND;NA;NA;NA;
12;14;9.6;1.68;ND;NA;8.33;13.92;NA;NA;ND;NA;NA;NA;
12;15;6.54;3.44;ND;NA;6.51;9.89;NA;NA;ND;NA;NA;NA;
12;16;7.58;11.79;24.18;NA;14.64;13.54;NA;NA;ND;NA;NA;NA;
12;17;2.77;16.31;28.22;NA;17.52;18.95;NA;NA;ND;NA;NA;NA;
12;18;6.6;8.86;22.44;NA;16.23;12.16;NA;NA;ND;NA;NA;NA;
12;19;5.78;15.36;23.92;NA;16.05;20.05;NA;NA;ND;NA;NA;NA;
12;20;0.55;10.7;15.49;NA;22.02;29.73;NA;NA;ND;NA;NA;NA;
12;21;4.32;14.38;12.87;NA;7.99;17.84;NA;NA;ND;NA;NA;NA;
12;22;0.93;4.11;9.32;NA;9.21;12.72;NA;NA;ND;NA;NA;NA;
12;23;4.65;7.12;1.56;NA;ND;15.61;NA;NA;ND;NA;NA;NA;
13;0;3.5;10.8;3.89;NA;0;12.03;NA;NA;ND;NA;NA;NA;
13;1;2.99;2.3;3.28;NA;16.11;8.97;NA;NA;ND;NA;NA;NA;
13;2;9.24;0.86;4.2;NA;9.05;5.19;NA;NA;ND;NA;NA;NA;
13;3;2.56;9.12;4.95;NA;2.79;ND;NA;NA;ND;NA;NA;NA;
13;4;3.07;3.88;3.56;NA;3.63;ND;NA;NA;ND;NA;NA;NA;
13;5;4.46;12.07;1.54;NA;4.06;ND;NA;NA;ND;NA;NA;NA;
13;6;7.85;18.77;14.09;NA;38.37;ND;NA;NA;ND;NA;NA;NA;
13;7;15.45;35.99;32.14;NA;39;ND;NA;NA;ND;NA;NA;NA;
13;8;22.49;20.87;51.18;NA;35.03;ND;NA;NA;ND;NA;NA;NA;
13;9;20.77;8.22;47.07;NA;24.16;ND;NA;NA;ND;NA;NA;NA;
13;10;25.07;15.83;40.75;NA;10.94;ND;NA;NA;ND;NA;NA;NA;
13;11;23.17;6.13;32.28;NA;12.76;ND;NA;NA;ND;NA;NA;NA;
13;12;11.42;3.96;23.35;NA;32.75;ND;NA;NA;ND;NA;NA;NA;
13;13;19.22;0;22.67;NA;19.26;0.65;NA;NA;ND;NA;NA;NA;
13;14;7.26;0;23.96;NA;8.73;0.27;NA;NA;ND;NA;NA;NA;
13;15;19.83;5.37;ND;NA;9;10.4;NA;NA;ND;NA;NA;NA;
13;16;7.6;7.16;26.78;NA;9.83;0;NA;NA;ND;NA;NA;NA;
13;17;0;16.89;24.39;NA;26.12;5.39;NA;NA;ND;NA;NA;NA;
13;18;9.45;15.94;23.2;NA;24.04;11.79;NA;NA;ND;NA;NA;NA;
13;19;8.28;17.16;21.54;NA;18.46;14.83;NA;NA;ND;NA;NA;NA;
13;20;11.81;17.11;26.04;NA;31.88;15.03;NA;NA;ND;NA;NA;NA;
13;21;9.02;20.17;19.8;NA;27.64;16.9;NA;NA;ND;NA;NA;NA;
13;22;9.41;13.42;20.73;NA;20.82;15;NA;NA;ND;NA;NA;NA;
13;23;7.81;10.3;18.01;NA;29.29;7.42;NA;NA;ND;NA;NA;NA;
14;0;5.35;15.34;15.24;NA;23;25.11;NA;NA;ND;NA;NA;NA;
14;1;7.81;8.01;12.54;NA;3.7;16.45;NA;NA;ND;NA;NA;NA;
14;2;7.75;7.7;4.97;NA;3.84;1.93;NA;NA;ND;NA;NA;NA;
14;3;15.04;15.06;2.81;NA;11.6;6.65;NA;NA;ND;NA;NA;NA;
14;4;12.7;20.22;10.22;NA;9.77;4.67;NA;NA;ND;NA;NA;NA;
14;5;17.53;17.54;6.48;NA;28.08;8.85;NA;NA;ND;NA;NA;NA;
14;6;26.13;15.27;14.11;NA;50.94;9.9;NA;NA;ND;NA;NA;NA;
14;7;27.89;17.48;19.61;NA;45.84;35.84;NA;NA;ND;NA;NA;NA;
14;8;21.62;22.11;41.44;NA;14.64;35.73;NA;NA;ND;NA;NA;NA;
14;9;45.69;17.11;28.6;NA;13.73;25.45;NA;NA;ND;NA;NA;NA;
14;10;27.78;8.26;30.75;NA;6.93;23.83;NA;NA;ND;NA;NA;NA;
14;11;17.95;8.09;39.9;NA;21.13;31.39;NA;NA;ND;NA;NA;NA;
14;12;28.5;9.17;32.61;NA;34.96;29.84;NA;NA;ND;NA;NA;NA;
14;13;ND;10.18;16.96;NA;23.9;23.83;NA;NA;ND;NA;NA;NA;
14;14;2.58;4.09;13.63;NA;1.15;3.69;NA;NA;ND;NA;NA;NA;
14;15;2.95;2.53;16.11;NA;2.28;3.33;NA;NA;ND;NA;NA;NA;
14;16;11.88;3.91;29.35;NA;16.75;11.55;NA;NA;ND;NA;NA;NA;
14;17;7.14;10.7;26.57;NA;7.5;22.75;NA;NA;ND;NA;NA;NA;
14;18;13.21;13.38;27.53;NA;34.3;15.18;NA;NA;ND;NA;NA;NA;
14;19;2.17;29.83;17.62;NA;29.21;22.39;NA;NA;ND;NA;NA;NA;
14;20;10.65;20.88;17.68;NA;21.1;23.71;NA;NA;ND;NA;NA;NA;
14;21;17.43;19.08;23.59;NA;25.99;29.53;NA;NA;ND;NA;NA;NA;
14;22;16.96;19.46;26.28;NA;25.29;18.02;NA;NA;ND;NA;NA;NA;
14;23;ND;11.99;14.7;NA;18.84;9.88;NA;NA;ND;NA;NA;NA;
15;0;0.12;2.68;37.29;NA;8.75;8.64;NA;NA;ND;NA;NA;NA;
15;1;5.03;11.25;7.82;NA;2.77;6.14;NA;NA;ND;NA;NA;NA;
15;2;5.27;2.3;3.87;NA;6.43;8.11;NA;NA;ND;NA;NA;NA;
15;3;2.89;4.43;9.12;NA;1.23;4.63;NA;NA;ND;NA;NA;NA;
15;4;10.32;3.36;4.83;NA;11.43;4.93;NA;NA;ND;NA;NA;NA;
15;5;4.1;4.92;3.47;NA;8.72;6.61;NA;NA;ND;NA;NA;NA;
15;6;1.81;20.31;15.28;NA;30.97;13.88;NA;NA;ND;NA;NA;NA;
15;7;19.55;28.74;19.05;NA;36.4;26.95;NA;NA;ND;NA;NA;NA;
15;8;8.15;12.81;23;NA;41.98;27.14;NA;NA;ND;NA;NA;NA;
15;9;21.79;0.75;43.65;NA;28.77;23.17;NA;NA;ND;NA;NA;NA;
15;10;20.27;8.03;48.64;NA;27.96;29.2;NA;NA;ND;NA;NA;NA;
15;11;13.82;5.09;40.8;NA;27.39;30.16;NA;NA;ND;NA;NA;NA;
15;12;1.44;13.97;14.22;NA;16.03;10.9;NA;NA;ND;NA;NA;NA;
15;13;3.09;4.97;11.36;NA;8.83;5.27;NA;NA;ND;NA;NA;NA;
15;14;15.63;1.76;ND;NA;25.6;20.42;NA;NA;ND;NA;NA;NA;
15;15;9.73;6.9;15.25;NA;18.58;10.34;NA;NA;ND;NA;NA;NA;
15;16;11.17;9.76;14.92;NA;14.67;15.06;NA;NA;ND;NA;NA;NA;
15;17;4.95;5.68;6.91;NA;23.99;19.41;NA;NA;ND;NA;NA;NA;
15;18;7.57;11.05;11.22;NA;22.41;14.31;NA;NA;ND;NA;NA;NA;
15;19;10.85;13.43;4.09;NA;30.95;16.4;NA;NA;ND;NA;NA;NA;
15;20;9.08;21.39;7.5;NA;32.52;26.08;NA;NA;ND;NA;NA;NA;
15;21;16.88;3.85;13.24;NA;37.68;20.07;NA;NA;ND;NA;NA;NA;
15;22;17.47;17.19;ND;NA;32.62;31.57;NA;NA;ND;NA;NA;NA;
15;23;ND;14.98;ND;NA;22.03;26.39;NA;NA;ND;NA;NA;NA;
16;0;26.94;9;20.95;NA;23.92;41.39;NA;NA;ND;NA;NA;NA;
16;1;13.42;8.18;17.1;NA;10.81;25.56;NA;NA;ND;NA;NA;NA;
16;2;13.67;5.47;16.49;NA;26.78;11.98;NA;NA;ND;NA;NA;NA;
16;3;10.45;8.46;10.45;NA;15.36;11.01;NA;NA;ND;NA;NA;NA;
16;4;13.76;14.75;10.16;NA;0.79;8.7;NA;NA;ND;NA;NA;NA;
16;5;11.02;9.88;6.9;NA;12;4.91;NA;NA;ND;NA;NA;NA;
16;6;12.99;10.92;12.19;NA;25.03;11.27;NA;NA;ND;NA;NA;NA;
16;7;16.52;25.82;24.24;NA;27.59;18.98;NA;NA;ND;NA;NA;NA;
16;8;20.68;21.91;9.12;NA;27.11;27.52;NA;NA;ND;NA;NA;NA;
16;9;19.98;16.63;23.3;NA;14.18;12.38;NA;NA;ND;NA;NA;NA;
16;10;15.15;13.57;25.12;NA;25.46;21.61;NA;NA;ND;NA;NA;NA;
16;11;27.03;6.52;26.41;NA;13.99;15.91;NA;NA;ND;NA;NA;NA;
16;12;18.89;6.19;19.44;NA;28.87;19.61;NA;NA;ND;NA;NA;NA;
16;13;13.05;1.14;18.45;NA;12.61;12.66;NA;NA;ND;NA;NA;NA;
16;14;13.86;8.11;16.06;NA;12.23;15.18;NA;NA;ND;NA;NA;NA;
16;15;7.97;8.14;25.35;NA;10.84;14.34;NA;NA;ND;NA;NA;NA;
16;16;14.54;17.61;6.59;NA;12.51;15.54;NA;NA;ND;NA;NA;NA;
16;17;0.01;9.12;14.62;NA;22.11;17.91;NA;NA;ND;NA;NA;NA;
16;18;8.56;19.76;16.03;NA;27.32;30.06;NA;NA;ND;NA;NA;NA;
16;19;2.25;8.46;15.34;NA;27.88;15.91;NA;NA;ND;NA;NA;NA;
16;20;9.13;7.6;18.76;NA;20.09;12.09;NA;NA;ND;NA;NA;NA;
16;21;5.75;7.24;17.42;NA;5.89;15.47;NA;NA;ND;NA;NA;NA;
16;22;5.35;10.26;10.21;NA;23.33;11.16;NA;NA;ND;NA;NA;NA;
16;23;ND;11.09;8.04;NA;20.15;8.2;NA;NA;ND;NA;NA;NA;
17;0;9.16;1.27;6.01;NA;4.26;12.17;NA;NA;ND;NA;NA;NA;
17;1;9.47;3.01;11.87;NA;9.77;13.62;NA;NA;ND;NA;NA;NA;
17;2;0.48;11.56;2.76;NA;6.77;2.88;NA;NA;ND;NA;NA;NA;
17;3;5.78;1.04;12.32;NA;0.82;2.38;NA;NA;ND;NA;NA;NA;
17;4;5.32;11.75;4.41;NA;23.48;3.4;NA;NA;ND;NA;NA;NA;
17;5;4.68;7.06;11.02;NA;10.32;7.27;NA;NA;ND;NA;NA;NA;
17;6;8.7;4.03;4.88;NA;1.97;3.81;NA;NA;ND;NA;NA;NA;
17;7;0.9;12.52;5.92;NA;16.91;11.11;NA;NA;ND;NA;NA;NA;
17;8;10.02;6.21;12.25;NA;16.88;12.62;NA;NA;ND;NA;NA;NA;
17;9;6.92;3.44;18.57;NA;13.05;2.29;NA;NA;ND;NA;NA;NA;
17;10;24.19;16.25;7.43;NA;14.58;17.58;NA;NA;ND;NA;NA;NA;
17;11;18.22;6.69;16.79;NA;8.21;11.76;NA;NA;ND;NA;NA;NA;
17;12;9.15;2.88;25.67;NA;13.21;12.82;NA;NA;ND;NA;NA;NA;
17;13;11.03;24.85;10.21;NA;13.03;17.34;NA;NA;ND;NA;NA;NA;
17;14;4.8;5.73;17.89;NA;15.24;19.63;NA;NA;ND;NA;NA;NA;
17;15;0.48;1.37;12.75;NA;10.22;15.8;NA;NA;ND;NA;NA;NA;
17;16;9.48;14.44;11.51;NA;5.62;10.33;NA;NA;ND;NA;NA;NA;
17;17;1.58;9.82;12.4;NA;17.42;11.15;NA;NA;ND;NA;NA;NA;
17;18;8.49;14.66;16.52;NA;18.15;11.58;NA;NA;ND;NA;NA;NA;
17;19;5.66;9.96;10.31;NA;20.19;8.52;NA;NA;ND;NA;NA;NA;
17;20;10.1;7.59;7.29;NA;22.96;9.7;NA;NA;ND;NA;NA;NA;
17;21;6.11;7.24;15.18;NA;25.81;10.65;NA;NA;ND;NA;NA;NA;
17;22;7.94;7.83;7.65;NA;18.83;8.1;NA;NA;ND;NA;NA;NA;
17;23;ND;4.55;2.74;NA;6.31;8.55;NA;NA;ND;NA;NA;NA;
18;0;7.34;15.79;0.65;NA;12.31;26.97;NA;NA;ND;NA;NA;NA;
18;1;15.69;17.54;7.4;NA;14.12;12.46;NA;NA;ND;NA;NA;NA;
18;2;13.52;1.3;7.15;NA;9.6;11.2;NA;NA;ND;NA;NA;NA;
18;3;12.33;5.16;12.03;NA;6.08;11.44;NA;NA;ND;NA;NA;NA;
18;4;22.02;3.37;4.74;NA;8.77;8.02;NA;NA;ND;NA;NA;NA;
18;5;5.58;3.97;6.72;NA;15.32;12.38;NA;NA;ND;NA;NA;NA;
18;6;17.25;11.33;21.81;NA;22.83;18.42;NA;NA;ND;NA;NA;NA;
18;7;16.07;21.6;31.79;NA;28.52;39.5;NA;NA;ND;NA;NA;NA;
18;8;25.31;14.72;29.92;NA;35.16;38.17;NA;NA;ND;NA;NA;NA;
18;9;23.5;7.27;29.97;NA;24.59;28.73;NA;NA;ND;NA;NA;NA;
18;10;21.68;10.18;35.27;NA;19.45;25.88;NA;NA;ND;NA;NA;NA;
18;11;9.46;5.46;25.75;NA;23.63;27.61;NA;NA;ND;NA;NA;NA;
18;12;10.26;7.71;22.19;NA;7.73;ND;NA;NA;ND;NA;NA;NA;
18;13;14.99;12.17;20.81;NA;6.68;ND;NA;NA;ND;NA;NA;NA;
18;14;6.33;16.3;27.07;NA;ND;ND;NA;NA;ND;NA;NA;NA;
18;15;2.3;4.02;13.76;NA;ND;ND;NA;NA;ND;NA;NA;NA;
18;16;11.61;13.44;18.64;NA;3.82;10.95;NA;NA;ND;NA;NA;NA;
18;17;4.43;23.86;26.08;NA;23.27;12.81;NA;NA;ND;NA;NA;NA;
18;18;3.97;11.03;22.43;NA;21.5;10.84;NA;NA;ND;NA;NA;NA;
18;19;16.36;6.63;18.19;NA;21.55;13.85;NA;NA;ND;NA;NA;NA;
18;20;11.31;7.97;12.45;NA;15.16;16.36;NA;NA;ND;NA;NA;NA;
18;21;4.81;14.54;5.68;NA;11.94;20.89;NA;NA;ND;NA;NA;NA;
18;22;13.81;10.47;7.13;NA;ND;6.24;NA;NA;ND;NA;NA;NA;
18;23;ND;8.27;6.32;NA;ND;2.8;NA;NA;ND;NA;NA;NA;
19;0;7.07;1.16;14.89;NA;2.92;2.23;NA;NA;ND;NA;NA;NA;
19;1;10.65;3.46;3.86;NA;15.91;3.94;NA;NA;ND;NA;NA;NA;
19;2;0.39;0.55;2.69;NA;10.96;5.64;NA;NA;ND;NA;NA;NA;
19;3;6.71;4.46;2.05;NA;10.09;8.44;NA;NA;ND;NA;NA;NA;
19;4;4;3.13;6.88;NA;12.66;2.85;NA;NA;ND;NA;NA;NA;
19;5;11.1;14.37;10.49;NA;13.8;8.86;NA;NA;ND;NA;NA;NA;
19;6;6.76;13.98;7.51;NA;20.77;10.42;NA;NA;ND;NA;NA;NA;
19;7;27.33;14.71;16.13;NA;21.49;21.35;NA;NA;ND;NA;NA;NA;
19;8;19.17;9.45;21.17;NA;24.92;20.02;NA;NA;ND;NA;NA;NA;
19;9;32.19;9.62;30.59;NA;30.11;19.32;NA;NA;ND;NA;NA;NA;
19;10;21;16.03;26.71;NA;15.14;21.33;NA;NA;ND;NA;NA;NA;
19;11;30.76;6.4;23.75;NA;23.28;18.41;NA;NA;ND;NA;NA;NA;
19;12;15.28;12.69;36.81;NA;21.17;22.33;NA;NA;ND;NA;NA;NA;
19;13;7.15;27.82;25.79;NA;11.75;8.59;NA;NA;ND;NA;NA;NA;
19;14;7.22;6.6;13.08;NA;22.4;20.54;NA;NA;ND;NA;NA;NA;
19;15;13.36;5.55;12.34;NA;3.93;6.15;NA;NA;ND;NA;NA;NA;
19;16;8.53;12.36;26.64;NA;20.69;20.95;NA;NA;ND;NA;NA;NA;
19;17;13.5;10.97;20.95;NA;11.15;19.58;NA;NA;ND;NA;NA;NA;
19;18;6.59;4.7;18.56;NA;28.1;18.36;NA;NA;ND;NA;NA;NA;
19;19;12.57;7.48;28.12;NA;28.69;22.77;NA;NA;ND;NA;NA;NA;
19;20;22.03;9.59;28.16;NA;30.01;25.17;NA;NA;ND;NA;NA;NA;
19;21;10.2;16.53;15.1;NA;18.73;15.57;NA;NA;ND;NA;NA;NA;
19;22;16.03;16.31;11.23;NA;17.32;13.06;NA;NA;ND;NA;NA;NA;
19;23;ND;13.34;8.14;NA;9.34;ND;NA;NA;ND;NA;NA;NA;
20;0;8.54;6.48;20.76;NA;30.25;20.8;NA;NA;ND;NA;NA;NA;
20;1;17.08;3.75;11.6;NA;18.69;12.15;NA;NA;ND;NA;NA;NA;
20;2;16.67;7.13;12.56;NA;18.14;15.77;NA;NA;ND;NA;NA;NA;
20;3;12.01;14.37;3.71;NA;9.91;10.05;NA;NA;ND;NA;NA;NA;
20;4;10.94;20.3;10.17;NA;11.5;9.21;NA;NA;ND;NA;NA;NA;
20;5;15.9;13.88;8.81;NA;11.92;9.93;NA;NA;ND;NA;NA;NA;
20;6;22.48;18.96;17.98;NA;28.86;20.46;NA;NA;ND;NA;NA;NA;
20;7;30.24;28.63;33.03;NA;45.51;23.5;NA;NA;ND;NA;NA;NA;
20;8;26.94;3.23;33.25;NA;37.23;29.9;NA;NA;ND;NA;NA;NA;
20;9;13.84;2.21;29.89;NA;23.97;24.89;NA;NA;ND;NA;NA;NA;
20;10;17.48;34;34.97;NA;30.49;20.93;NA;NA;ND;NA;NA;NA;
20;11;19.84;ND;24.07;NA;31.27;29.02;NA;NA;ND;NA;NA;NA;
20;12;5.2;4.73;26.32;NA;31.19;32.05;NA;NA;ND;NA;NA;NA;
20;13;10.64;ND;20.22;NA;27.52;28.95;NA;NA;ND;NA;NA;NA;
20;14;23.1;17.55;28.67;NA;24.69;25.86;NA;NA;ND;NA;NA;NA;
20;15;4.45;9.12;21.57;NA;20.78;14.41;NA;NA;ND;NA;NA;NA;
20;16;12.39;28.97;23.57;NA;14.56;22.61;NA;NA;ND;NA;NA;NA;
20;17;17.54;29.17;28.12;NA;34.22;33.84;NA;NA;ND;NA;NA;NA;
20;18;26.6;34.12;24.05;NA;20.72;ND;NA;NA;ND;NA;NA;NA;
20;19;16.76;21.88;24.44;NA;30.49;52.46;NA;NA;ND;NA;NA;NA;
20;20;5.34;17.93;15.69;NA;42.74;58.21;NA;NA;ND;NA;NA;NA;
20;21;7.42;11.06;25.33;NA;51.16;25.18;NA;NA;ND;NA;NA;NA;
20;22;0.47;12.03;21.53;NA;ND;29.54;NA;NA;ND;NA;NA;NA;
20;23;ND;8.92;17.53;NA;ND;23.03;NA;NA;ND;NA;NA;NA;
21;0;1.57;0.03;16.34;NA;30.18;33.25;NA;NA;ND;NA;NA;NA;
21;1;3.46;2.53;10.88;NA;19.78;22.06;NA;NA;ND;NA;NA;NA;
21;2;6.98;4.78;5.97;NA;10.24;4.81;NA;NA;ND;NA;NA;NA;
21;3;8.11;1.79;3.1;NA;1.99;3.97;NA;NA;ND;NA;NA;NA;
21;4;2.37;4.12;2.03;NA;3.74;5.78;NA;NA;ND;NA;NA;NA;
21;5;4.1;13.18;5.59;NA;14.98;2.58;NA;NA;ND;NA;NA;NA;
21;6;12.17;11.61;1.21;NA;12.14;2.79;NA;NA;ND;NA;NA;NA;
21;7;11.47;18.49;5.33;NA;18.2;8.42;NA;NA;ND;NA;NA;NA;
21;8;7.7;18.1;12.02;NA;20.1;13.79;NA;NA;ND;NA;NA;NA;
21;9;23.61;10.5;31.2;NA;21.35;18.03;NA;NA;ND;NA;NA;NA;
21;10;13.62;4.73;18.71;NA;4.54;17.05;NA;NA;ND;NA;NA;NA;
21;11;15.02;12.59;27.11;NA;25.48;22.08;NA;NA;ND;NA;NA;NA;
21;12;6.94;1.14;14.55;NA;23.87;16.52;NA;NA;ND;NA;NA;NA;
21;13;1.15;26.09;17.53;NA;13.48;10.39;NA;NA;ND;NA;NA;NA;
21;14;20.72;38.32;16.23;NA;7.75;11.48;NA;NA;ND;NA;NA;NA;
21;15;7.09;15.78;22.58;NA;16.27;16.82;NA;NA;ND;NA;NA;NA;
21;16;13.67;26.93;17.15;NA;22.45;19.03;NA;NA;ND;NA;NA;NA;
21;17;12.26;26.45;28.63;NA;31.38;29.74;NA;NA;ND;NA;NA;NA;
21;18;13.76;19.07;28.07;NA;27.38;27.7;NA;NA;ND;NA;NA;NA;
21;19;15.78;13.18;26.59;NA;16.81;21.31;NA;NA;ND;NA;NA;NA;
21;20;18.37;5.71;15.07;NA;17.99;16.88;NA;NA;ND;NA;NA;NA;
21;21;2.45;11.24;8.29;NA;18.29;14.05;NA;NA;ND;NA;NA;NA;
21;22;6.34;7.62;12.05;NA;17.18;17.07;NA;NA;ND;NA;NA;NA;
21;23;ND;9.58;9.1;NA;18.84;8.03;NA;NA;ND;NA;NA;NA;
22;0;8.5;3.38;0;NA;27.69;7.7;NA;NA;ND;NA;NA;NA;
22;1;2.52;10.96;3.74;NA;11.78;7.38;NA;NA;ND;NA;NA;NA;
22;2;0.97;2.17;1.64;NA;2.06;6.14;NA;NA;ND;NA;NA;NA;
22;3;6.66;35.86;1.45;NA;4.47;0.72;NA;NA;ND;NA;NA;NA;
22;4;1.25;17.47;8.39;NA;5.24;4.39;NA;NA;ND;NA;NA;NA;
22;5;4.84;2.69;0.96;NA;5.56;4.43;NA;NA;ND;NA;NA;NA;
22;6;6.58;6.08;4.99;NA;17.22;3.85;NA;NA;ND;NA;NA;NA;
22;7;15.88;11.84;5.13;NA;13.69;4.89;NA;NA;ND;NA;NA;NA;
22;8;4.08;1.3;10.24;NA;17.02;13.21;NA;NA;ND;NA;NA;NA;
22;9;6.63;3.96;11.87;NA;18.94;15.38;NA;NA;ND;NA;NA;NA;
22;10;17.69;7.37;20.35;NA;18.03;16.47;NA;NA;ND;NA;NA;NA;
22;11;22.89;9.08;22.48;NA;26;25.18;NA;NA;ND;NA;NA;NA;
22;12;16.02;7.27;16.94;NA;24.36;19.59;NA;NA;ND;NA;NA;NA;
22;13;1.33;11.99;19.48;NA;31.81;25.25;NA;NA;ND;NA;NA;NA;
22;14;10.99;7.15;5.76;NA;10.31;8.01;NA;NA;ND;NA;NA;NA;
22;15;8.75;5.26;8.66;NA;4.96;9.25;NA;NA;ND;NA;NA;NA;
22;16;17;9.81;21.45;NA;10.89;17.69;NA;NA;ND;NA;NA;NA;
22;17;4.97;6.95;8.74;NA;21.06;20.69;NA;NA;ND;NA;NA;NA;
22;18;6.72;12.74;6.76;NA;16.42;11.64;NA;NA;ND;NA;NA;NA;
22;19;0.14;24.09;10.65;NA;7.94;15.39;NA;NA;ND;NA;NA;NA;
22;20;5.77;12.03;10.79;NA;11.9;12.02;NA;NA;ND;NA;NA;NA;
22;21;3.57;20.72;12.28;NA;18.21;9.79;NA;NA;ND;NA;NA;NA;
22;22;7.39;14.63;16.26;NA;19.05;17.04;NA;NA;ND;NA;NA;NA;
22;23;ND;20.61;9.48;NA;15.36;22.19;NA;NA;ND;NA;NA;NA;
23;0;20.53;12.08;23.23;NA;24.72;19.81;NA;NA;ND;NA;NA;NA;
23;1;12.02;20.71;14.88;NA;21.84;18.83;NA;NA;ND;NA;NA;NA;
23;2;4.26;16.56;6.69;NA;31.14;22.19;NA;NA;ND;NA;NA;NA;
23;3;10.78;21.78;9.33;NA;23.47;19.12;NA;NA;ND;NA;NA;NA;
23;4;9.9;8.18;13.77;NA;27.69;21.85;NA;NA;ND;NA;NA;NA;
23;5;15.13;14.25;8.49;NA;34.58;22.99;NA;NA;ND;NA;NA;NA;
23;6;15.25;23.75;11.59;NA;46.94;30.21;NA;NA;ND;NA;NA;NA;
23;7;21.42;21.41;19.46;NA;34.36;30.23;NA;NA;ND;NA;NA;NA;
23;8;18.61;14.25;15.78;NA;44.35;26.91;NA;NA;ND;NA;NA;NA;
23;9;19.73;4.55;31.74;NA;35.42;38.13;NA;NA;ND;NA;NA;NA;
23;10;35.68;9.6;30.11;NA;30.38;22.86;NA;NA;ND;NA;NA;NA;
23;11;25.31;7.86;32.37;NA;11.31;20.61;NA;NA;ND;NA;NA;NA;
23;12;3.25;4.4;26.65;NA;17.96;33.48;NA;NA;ND;NA;NA;NA;
23;13;7.23;20.2;15.96;NA;37.84;33.69;NA;NA;ND;NA;NA;NA;
23;14;4.48;9.61;14.28;NA;10.68;18.07;NA;NA;ND;NA;NA;NA;
23;15;15.09;15.44;26.01;NA;16.07;16.05;NA;NA;ND;NA;NA;NA;
23;16;10.54;19.28;8.92;NA;17.49;11.8;NA;NA;ND;NA;NA;NA;
23;17;6.21;23.67;5.81;NA;15.34;19.86;NA;NA;ND;NA;NA;NA;
23;18;19.03;32.62;15.82;NA;23.78;22.83;NA;NA;ND;NA;NA;NA;
23;19;29.76;20.5;17.7;NA;22.06;36.48;NA;NA;ND;NA;NA;NA;
23;20;12.59;17.24;18.67;NA;37.97;37.83;NA;NA;ND;NA;NA;NA;
23;21;5.22;9.4;23.88;NA;32.56;25.17;NA;NA;ND;NA;NA;NA;
23;22;31.18;14.61;17.79;NA;24.37;35.34;NA;NA;ND;NA;NA;NA;
23;23;ND;19.02;16.53;NA;21.75;28.43;NA;NA;ND;NA;NA;NA;
24;0;23.57;18.7;7.12;NA;35.58;23.5;NA;NA;ND;NA;NA;NA;
24;1;35.61;15.3;15.49;NA;40.89;36.11;NA;NA;ND;NA;NA;NA;
24;2;32.85;25.18;17.31;NA;31.65;28.05;NA;NA;ND;NA;NA;NA;
24;3;31.1;24.51;16.09;NA;41.94;27.53;NA;NA;ND;NA;NA;NA;
24;4;17.1;24.15;7.5;NA;36.79;28.47;NA;NA;ND;NA;NA;NA;
24;5;5;19.66;12.24;NA;50.38;35.92;NA;NA;ND;NA;NA;NA;
24;6;18;37.49;22.62;NA;50.79;40.29;NA;NA;ND;NA;NA;NA;
24;7;12.45;26.7;24.13;NA;29.77;29.7;NA;NA;ND;NA;NA;NA;
24;8;24.19;17.13;21.53;NA;18.79;23.01;NA;NA;ND;NA;NA;NA;
24;9;35.21;12.83;25.47;NA;12.67;6.19;NA;NA;ND;NA;NA;NA;
24;10;30.06;10.08;25.71;NA;12.76;14.61;NA;NA;ND;NA;NA;NA;
24;11;18.79;3.24;18.9;NA;10.96;14.17;NA;NA;ND;NA;NA;NA;
24;12;19.5;16.47;22.44;NA;11.05;23.35;NA;NA;ND;NA;NA;NA;
24;13;18.41;12.26;18.02;NA;30.26;20.5;NA;NA;ND;NA;NA;NA;
24;14;6.35;12.58;13.97;NA;22.45;23.61;NA;NA;ND;NA;NA;NA;
24;15;6.47;5.48;22.88;NA;19.38;14.91;NA;NA;ND;NA;NA;NA;
24;16;5.73;9.16;10.14;NA;9.61;14.31;NA;NA;ND;NA;NA;NA;
24;17;9.95;24.62;18.22;NA;9.99;7.62;NA;NA;ND;NA;NA;NA;
24;18;10.34;21;10.13;NA;7.75;11.5;NA;NA;ND;NA;NA;NA;
24;19;5.58;14.71;11.64;NA;14.44;13.63;NA;NA;ND;NA;NA;NA;
24;20;10.8;18;16.54;NA;21.89;19.89;NA;NA;ND;NA;NA;NA;
24;21;9.2;12.29;14.94;NA;33.25;8.87;NA;NA;ND;NA;NA;NA;
24;22;10.96;8.57;14.52;NA;26.64;16.54;NA;NA;ND;NA;NA;NA;
24;23;ND;14.47;27.57;NA;21.4;26.72;NA;NA;ND;NA;NA;NA;
25;0;16.15;23.64;19.22;NA;34.14;10.96;NA;NA;ND;NA;NA;NA;
25;1;19.73;11.24;17.02;NA;27.63;22.69;NA;NA;ND;NA;NA;NA;
25;2;8.08;26.1;17.7;NA;28.37;28.17;NA;NA;ND;NA;NA;NA;
25;3;18.47;22.78;15.78;NA;3.07;21.74;NA;NA;ND;NA;NA;NA;
25;4;18.2;21.47;17.4;NA;8.89;9.89;NA;NA;ND;NA;NA;NA;
25;5;26.21;25.07;17.49;NA;6.76;15.5;NA;NA;ND;NA;NA;NA;
25;6;24.53;34.91;15.35;NA;40.67;17.73;NA;NA;ND;NA;NA;NA;
25;7;27.04;17.18;35.62;NA;45.23;39.65;NA;NA;ND;NA;NA;NA;
25;8;46.47;9.57;30.82;NA;34.03;32.05;NA;NA;ND;NA;NA;NA;
25;9;31.67;13.75;23.98;NA;27.32;24.62;NA;NA;ND;NA;NA;NA;
25;10;28.42;12.76;49.58;NA;26.51;26.94;NA;NA;ND;NA;NA;NA;
25;11;18.66;5.6;23.64;NA;28.37;31.14;NA;NA;ND;NA;NA;NA;
25;12;23.42;25.55;27.89;NA;26.69;29.4;NA;NA;ND;NA;NA;NA;
25;13;20.59;13.1;29.51;NA;26.75;35.09;NA;NA;ND;NA;NA;NA;
25;14;5.8;20.71;9.26;NA;21.25;21.69;NA;NA;ND;NA;NA;NA;
25;15;6.31;12.11;26.63;NA;21.81;16.31;NA;NA;ND;NA;NA;NA;
25;16;18.88;12.6;33.55;NA;19.42;19.47;NA;NA;ND;NA;NA;NA;
25;17;16.38;9.05;22.16;NA;22.29;9.89;NA;NA;ND;NA;NA;NA;
25;18;15.48;17.53;18.62;NA;22.46;14.74;NA;NA;ND;NA;NA;NA;
25;19;15.05;17.72;22.13;NA;18.31;22.6;NA;NA;ND;NA;NA;NA;
25;20;11.66;17.76;23.49;NA;10.17;14.22;NA;NA;ND;NA;NA;NA;
25;21;15.2;14.99;13.22;NA;4.88;10.08;NA;NA;ND;NA;NA;NA;
25;22;5.76;12.07;17.64;NA;ND;15.77;NA;NA;ND;NA;NA;NA;
25;23;ND;11.97;17.3;NA;ND;11.07;NA;NA;ND;NA;NA;NA;
26;0;7.81;6.23;29.68;NA;16.43;26.53;NA;NA;ND;NA;NA;NA;
26;1;14.01;9.62;13.56;NA;14.53;18;NA;NA;ND;NA;NA;NA;
26;2;7.48;10.29;14.28;NA;23.75;17.73;NA;NA;ND;NA;NA;NA;
26;3;16.4;16.98;14.85;NA;9.59;17.12;NA;NA;ND;NA;NA;NA;
26;4;18.52;13.04;7.95;NA;9.1;16.97;NA;NA;ND;NA;NA;NA;
26;5;3.85;10.69;10.95;NA;33.13;18.16;NA;NA;ND;NA;NA;NA;
26;6;22.66;20.14;23.06;NA;50.76;35.76;NA;NA;ND;NA;NA;NA;
26;7;40;27.41;37.58;NA;98.8;64.73;NA;NA;ND;NA;NA;NA;
26;8;34.67;32.88;35.81;NA;56.07;37.15;NA;NA;ND;NA;NA;NA;
26;9;53.46;27.26;24.42;NA;12.71;21.11;NA;NA;ND;NA;NA;NA;
26;10;40.67;12.65;27.56;NA;6.9;6.63;NA;NA;ND;NA;NA;NA;
26;11;12.49;3.27;19.3;NA;5.43;10;NA;NA;ND;NA;NA;NA;
26;12;17.79;21.32;19.1;NA;10.2;12.06;NA;NA;ND;NA;NA;NA;
26;13;23.82;18.65;15.89;NA;26.83;22.72;NA;NA;ND;NA;NA;NA;
26;14;4.26;6.98;24.77;NA;31.11;ND;NA;NA;ND;NA;NA;NA;
26;15;24.14;26.86;29.39;NA;16.5;22.72;NA;NA;ND;NA;NA;NA;
26;16;21.17;12.63;20.86;NA;11.11;31.74;NA;NA;ND;NA;NA;NA;
26;17;13.66;26.77;23.64;NA;31.46;37;NA;NA;ND;NA;NA;NA;
26;18;20.23;20.05;24.48;NA;36.34;55.09;NA;NA;ND;NA;NA;NA;
26;19;17.2;35.64;30.79;NA;ND;30.37;NA;NA;ND;NA;NA;NA;
26;20;20.18;42.82;31.91;NA;40.66;40.07;NA;NA;ND;NA;NA;NA;
26;21;25.19;32.62;44.59;NA;54.93;46.2;NA;NA;ND;NA;NA;NA;
26;22;19.71;30.4;39.61;NA;53.28;ND;NA;NA;ND;NA;NA;NA;
26;23;22.29;34.14;25.85;NA;51.35;52.76;NA;NA;ND;NA;NA;NA;
27;0;25.12;16.37;31.14;NA;37.96;16.78;NA;NA;ND;NA;NA;NA;
27;1;20.75;31.74;25.07;NA;36.5;35.05;NA;NA;ND;NA;NA;NA;
27;2;31.79;25.05;22.92;NA;38.76;37.28;NA;NA;ND;NA;NA;NA;
27;3;26.55;20.51;22.19;NA;40.01;27.95;NA;NA;ND;NA;NA;NA;
27;4;11.4;18.71;19.12;NA;30.65;26.54;NA;NA;ND;NA;NA;NA;
27;5;18.22;17.4;23.39;NA;23.43;22.74;NA;NA;ND;NA;NA;NA;
27;6;19.06;8.57;14.93;NA;44.39;32.08;NA;NA;ND;NA;NA;NA;
27;7;12.65;38.34;30.83;NA;39.25;32.65;NA;NA;ND;NA;NA;NA;
27;8;6.23;11.55;25.3;NA;6.81;16.3;NA;NA;ND;NA;NA;NA;
27;9;12.55;3.87;15.2;NA;22.41;11.88;NA;NA;ND;NA;NA;NA;
27;10;10.27;13;10.22;NA;26.46;6.52;NA;NA;ND;NA;NA;NA;
27;11;14.82;15.58;10.98;NA;27.09;18.3;NA;NA;ND;NA;NA;NA;
27;12;5.63;14.55;25.86;NA;21.02;17.22;NA;NA;ND;NA;NA;NA;
27;13;29.31;20.87;14.85;NA;19.19;16.86;NA;NA;ND;NA;NA;NA;
27;14;14.56;3.57;13.99;NA;8.95;15.34;NA;NA;ND;NA;NA;NA;
27;15;31.97;4.5;21.81;NA;16.24;14.88;NA;NA;ND;NA;NA;NA;
27;16;18.05;8.14;32.52;NA;14.88;10.36;NA;NA;ND;NA;NA;NA;
27;17;21.56;9.49;21.39;NA;11.45;19.51;NA;NA;ND;NA;NA;NA;
27;18;9.48;15.14;27.17;NA;22.05;28.42;NA;NA;ND;NA;NA;NA;
27;19;26.74;27.2;29.33;NA;36.97;47.8;NA;NA;ND;NA;NA;NA;
27;20;24.93;26.67;35.79;NA;52.16;49.04;NA;NA;ND;NA;NA;NA;
27;21;38.35;36.26;24.1;NA;65.01;45.47;NA;NA;ND;NA;NA;NA;
27;22;18.81;58.24;33.91;NA;78.56;42.74;NA;NA;ND;NA;NA;NA;
27;23;27.67;78.86;36.24;NA;81.92;50.9;NA;NA;ND;NA;NA;NA;
28;0;25.74;69.49;30.91;NA;85.45;43.47;NA;NA;ND;NA;NA;NA;
28;1;7.39;54.94;25.08;NA;52.98;35.92;NA;NA;ND;NA;NA;NA;
28;2;8.18;31.7;8.44;NA;28.65;29.18;NA;NA;ND;NA;NA;NA;
28;3;12.12;26.23;11.49;NA;27.86;32.5;NA;NA;ND;NA;NA;NA;
28;4;8.88;35.22;9.09;NA;30.86;32.1;NA;NA;ND;NA;NA;NA;
28;5;18.84;35.32;24.49;NA;34.39;30.48;NA;NA;ND;NA;NA;NA;
28;6;31.79;59.31;24.32;NA;57.35;42.56;NA;NA;ND;NA;NA;NA;
28;7;54.11;47.56;30.65;NA;75.95;49.97;NA;NA;ND;NA;NA;NA;
28;8;45.28;18.15;42.03;NA;48.92;45.31;NA;NA;ND;NA;NA;NA;
28;9;37.16;9.18;23.12;NA;15.91;20.82;NA;NA;ND;NA;NA;NA;
28;10;34.51;19.47;21.87;NA;19.32;11.24;NA;NA;ND;NA;NA;NA;
28;11;23.3;10.93;27.51;NA;10.66;18.3;NA;NA;ND;NA;NA;NA;
28;12;13.56;13.31;24.08;NA;15.03;17.93;NA;NA;ND;NA;NA;NA;
28;13;11.72;6.03;25.35;NA;13.81;23.12;NA;NA;ND;NA;NA;NA;
28;14;19.47;13.41;23.33;NA;32.43;19.33;NA;NA;ND;NA;NA;NA;
28;15;10.78;16.02;23.72;NA;ND;25.78;NA;NA;ND;NA;NA;NA;
28;16;22.12;15.36;48.54;NA;38.63;23.52;NA;NA;ND;NA;NA;NA;
28;17;25.37;39.69;39.26;NA;25.1;28.05;NA;NA;ND;NA;NA;NA;
28;18;5.69;18.2;21.78;NA;31.24;19.52;NA;NA;ND;NA;NA;NA;
28;19;8.22;27.08;28;NA;29.99;23.82;NA;NA;ND;NA;NA;NA;
28;20;10.42;20.24;35.29;NA;38.8;33.98;NA;NA;ND;NA;NA;NA;
28;21;21.04;19.04;32.92;NA;38.08;37.45;NA;NA;ND;NA;NA;NA;
28;22;29.95;31.02;32.67;NA;51.07;36.29;NA;NA;ND;NA;NA;NA;
28;23;19.18;38.89;39.55;NA;62.63;ND;NA;NA;ND;NA;NA;NA;
29;0;16.73;42.63;38.81;NA;47.57;70.44;NA;NA;ND;NA;NA;NA;
29;1;21.75;36.38;35.05;NA;56.19;48.27;NA;NA;ND;NA;NA;NA;
29;2;22.19;29.45;22.47;NA;48.69;34.54;NA;NA;ND;NA;NA;NA;
29;3;29.49;25;18.51;NA;40.11;40.11;NA;NA;ND;NA;NA;NA;
29;4;29.99;33.66;20.32;NA;40.44;35.67;NA;NA;ND;NA;NA;NA;
29;5;16.32;44.67;23.48;NA;45.13;40.17;NA;NA;ND;NA;NA;NA;
29;6;33.94;63.04;20.53;NA;60.82;48.62;NA;NA;ND;NA;NA;NA;
29;7;37.71;63.33;37.7;NA;94.23;70.54;NA;NA;ND;NA;NA;NA;
29;8;34.72;34.42;56.26;NA;74.31;67.4;NA;NA;ND;NA;NA;NA;
29;9;29.65;23.32;48.6;NA;26.1;38.38;NA;NA;ND;NA;NA;NA;
29;10;50.07;11.61;34.78;NA;28.27;46.35;NA;NA;ND;NA;NA;NA;
29;11;37.04;6.99;43.45;NA;25.19;40.26;NA;NA;ND;NA;NA;NA;
29;12;18.96;19.68;ND;NA;49.79;54.33;NA;NA;ND;NA;NA;NA;
29;13;23.75;27.08;43.69;NA;47.59;36.09;NA;NA;ND;NA;NA;NA;
29;14;17.25;22.9;25.86;NA;36.05;26.6;NA;NA;ND;NA;NA;NA;
29;15;16.08;22.87;30.94;NA;36.57;33.4;NA;NA;ND;NA;NA;NA;
29;16;13.57;10.96;36.51;NA;25.73;41.61;NA;NA;ND;NA;NA;NA;
29;17;12.83;19.78;28.35;NA;48;35.38;NA;NA;ND;NA;NA;NA;
29;18;11.11;30.96;34.91;NA;41.7;32.7;NA;NA;ND;NA;NA;NA;
29;19;27.54;22.11;29.22;NA;34.82;32.77;NA;NA;ND;NA;NA;NA;
29;20;28.57;28.63;32.98;NA;45.09;39.55;NA;NA;ND;NA;NA;NA;
29;21;25;28.06;36.91;NA;55.95;39.39;NA;NA;ND;NA;NA;NA;
29;22;35.94;30.18;32.91;NA;51.36;42.17;NA;NA;ND;NA;NA;NA;
29;23;34.03;16.81;31.78;NA;36.99;34.29;NA;NA;ND;NA;NA;NA;
30;0;29.78;27.57;46.66;NA;26.38;34.52;NA;NA;ND;NA;NA;NA;
30;1;34.84;37.49;30.88;NA;47.21;39.14;NA;NA;ND;NA;NA;NA;
30;2;30.62;28.58;43.15;NA;41.04;32.2;NA;NA;ND;NA;NA;NA;
30;3;22.39;27.48;32.35;NA;42.47;34.58;NA;NA;ND;NA;NA;NA;
30;4;38.65;41.7;27.43;NA;46.7;30.14;NA;NA;ND;NA;NA;NA;
30;5;32.28;29.99;27.56;NA;47.88;40.65;NA;NA;ND;NA;NA;NA;
30;6;30.21;41.57;27.62;NA;46.45;40.23;NA;NA;ND;NA;NA;NA;
30;7;34.38;36.13;34.49;NA;57.45;43.84;NA;NA;ND;NA;NA;NA;
30;8;30.92;26.97;36.73;NA;44.93;33.68;NA;NA;ND;NA;NA;NA;
30;9;40.23;29.66;48;NA;38.24;38.38;NA;NA;ND;NA;NA;NA;
30;10;49.11;34.73;39.73;NA;30.87;44.64;NA;NA;ND;NA;NA;NA;
30;11;33.02;44.97;40.03;NA;35.32;32.67;NA;NA;ND;NA;NA;NA;
30;12;39.91;29.13;42.55;NA;40.64;38.88;NA;NA;ND;NA;NA;NA;
30;13;16.36;18.09;32.77;NA;32.37;31.76;NA;NA;ND;NA;NA;NA;
30;14;24.62;22.25;34.71;NA;27.85;30.56;NA;NA;ND;NA;NA;NA;
30;15;24.83;11.8;35.95;NA;25.46;27.81;NA;NA;ND;NA;NA;NA;
30;16;21.31;41.57;28.65;NA;38.38;19.42;NA;NA;ND;NA;NA;NA;
30;17;20.82;34.99;35.36;NA;34.27;29.29;NA;NA;ND;NA;NA;NA;
30;18;16.67;22.35;21.08;NA;35.92;32.92;NA;NA;ND;NA;NA;NA;
30;19;27.51;29.95;22.84;NA;43.68;26.59;NA;NA;ND;NA;NA;NA;
30;20;35.39;25.53;24.93;NA;35.44;27.6;NA;NA;ND;NA;NA;NA;
30;21;31.55;24.63;18.86;NA;26.57;ND;NA;NA;ND;NA;NA;NA;
30;22;32.75;28.34;22.43;NA;28.98;25.37;NA;NA;ND;NA;NA;NA;
30;23;22.01;38.46;18.92;NA;34.1;34.47;NA;NA;ND;NA;NA;NA;
