DIA;HORA;Cotocollao;Carapungo;Belisario;Jipijapa;El Camal;Centro;Guamaní;Tumbaco;Los Chillos;El Condado;Turubamba;Chillogallo;
1;0;11.93;22.06;18.44;NA;26.57;23.81;NA;NA;ND;NA;NA;NA;
1;1;21.32;32.11;24.86;NA;29;21.6;NA;NA;ND;NA;NA;NA;
1;2;20.06;29.76;27.81;NA;23.92;25.51;NA;NA;ND;NA;NA;NA;
1;3;14.58;27.39;22.54;NA;20.92;26.41;NA;NA;ND;NA;NA;NA;
1;4;17.96;19.37;14.19;NA;21.57;24.05;NA;NA;ND;NA;NA;NA;
1;5;12.2;17.57;12.63;NA;7.91;15.78;NA;NA;ND;NA;NA;NA;
1;6;3.44;12.41;13.67;NA;23.76;19.56;NA;NA;ND;NA;NA;NA;
1;7;8.81;8.03;8.67;NA;25.79;12.87;NA;NA;ND;NA;NA;NA;
1;8;12.98;25.07;16.78;NA;24.49;4.66;NA;NA;ND;NA;NA;NA;
1;9;10.8;13.87;10.05;NA;2.09;8.29;NA;NA;ND;NA;NA;NA;
1;10;15.11;8.5;1.43;NA;5.07;4.04;NA;NA;ND;NA;NA;NA;
1;11;3.46;1.3;5.89;NA;2.73;2.31;NA;NA;ND;NA;NA;NA;
1;12;11.75;4.31;3.37;NA;4.77;2.51;NA;NA;ND;NA;NA;NA;
1;13;3.99;13.32;0.08;NA;1.15;2.5;NA;NA;ND;NA;NA;NA;
1;14;5.82;5.21;3.67;NA;3.96;9.47;NA;NA;ND;NA;NA;NA;
1;15;9.55;1.96;10.87;NA;1.87;2.76;NA;NA;ND;NA;NA;NA;
1;16;1.4;15.95;4.25;NA;0.88;6.08;NA;NA;ND;NA;NA;NA;
1;17;7.6;11.7;4.07;NA;11.38;0.24;NA;NA;ND;NA;NA;NA;
1;18;1.17;22.19;7.91;NA;5.52;5.59;NA;NA;ND;NA;NA;NA;
1;19;8.51;30.15;5.59;NA;11.93;3.39;NA;NA;ND;NA;NA;NA;
1;20;6.04;9.23;5.41;NA;9.82;3.51;NA;NA;ND;NA;NA;NA;
1;21;8.15;18.74;3.94;NA;9.39;5.31;NA;NA;ND;NA;NA;NA;
1;22;2.38;24.64;3.09;NA;6.54;3.96;NA;NA;ND;NA;NA;NA;
1;23;4.14;31.44;5.19;NA;4.48;3.97;NA;NA;ND;NA;NA;NA;
2;0;4.11;8.41;0.2;NA;8.77;4.65;NA;NA;ND;NA;NA;NA;
2;1;4.8;8.44;2.12;NA;5.5;7.23;NA;NA;ND;NA;NA;NA;
2;2;3.02;11.13;1.31;NA;4.07;7.31;NA;NA;ND;NA;NA;NA;
2;3;2.4;11.71;6.26;NA;2.75;4.83;NA;NA;ND;NA;NA;NA;
2;4;9.01;10.33;2.99;NA;5.88;5.07;NA;NA;ND;NA;NA;NA;
2;5;8.26;18.67;2.6;NA;7.24;5.71;NA;NA;ND;NA;NA;NA;
2;6;5.34;43.53;7.49;NA;32.29;5.36;NA;NA;ND;NA;NA;NA;
2;7;10.34;28.81;0.63;NA;23.96;10.13;NA;NA;ND;NA;NA;NA;
2;8;10.83;10.52;5.48;NA;14.27;5.43;NA;NA;ND;NA;NA;NA;
2;9;7.79;16.46;7.93;NA;14.01;11.57;NA;NA;ND;NA;NA;NA;
2;10;10.29;9.56;2.55;NA;10.01;5.87;NA;NA;ND;NA;NA;NA;
2;11;8.81;13.66;7.07;NA;1.18;1.57;NA;NA;ND;NA;NA;NA;
2;12;1.91;0.03;4.72;NA;2.68;5.04;NA;NA;ND;NA;NA;NA;
2;13;4.37;10.31;6.77;NA;5.53;10.69;NA;NA;ND;NA;NA;NA;
2;14;4.57;0;6.29;NA;4.13;2.9;NA;NA;ND;NA;NA;NA;
2;15;11.69;19.88;4.91;NA;4.96;9.79;NA;NA;ND;NA;NA;NA;
2;16;10.83;18.26;9.68;NA;12.24;4.81;NA;NA;ND;NA;NA;NA;
2;17;10.07;18.82;12.33;NA;3.47;7.06;NA;NA;ND;NA;NA;NA;
2;18;9.48;28.12;11.95;NA;15.62;5.57;NA;NA;ND;NA;NA;NA;
2;19;9.5;23.02;10.45;NA;23.38;9.61;NA;NA;ND;NA;NA;NA;
2;20;9.33;18.22;6.68;NA;20.56;5.68;NA;NA;ND;NA;NA;NA;
2;21;18.21;23.53;5.68;NA;15.33;4.67;NA;NA;ND;NA;NA;NA;
2;22;13.37;ND;4.04;NA;17.23;5.57;NA;NA;ND;NA;NA;NA;
2;23;16.49;ND;7.7;NA;8.87;3.68;NA;NA;ND;NA;NA;NA;
3;0;13.5;26.29;7.91;NA;37.92;6.97;NA;NA;ND;NA;NA;NA;
3;1;8.29;12.51;6.31;NA;35.88;21.1;NA;NA;ND;NA;NA;NA;
3;2;11.55;12.71;6.38;NA;28.72;12.47;NA;NA;ND;NA;NA;NA;
3;3;6.56;3.92;9.03;NA;9;9.2;NA;NA;ND;NA;NA;NA;
3;4;7.3;8.95;11.43;NA;15.37;7.86;NA;NA;ND;NA;NA;NA;
3;5;10.96;24.07;8.04;NA;16.09;9.4;NA;NA;ND;NA;NA;NA;
3;6;21.75;61.34;16.35;NA;29.5;16.49;NA;NA;ND;NA;NA;NA;
3;7;19.22;70.11;7.78;NA;43.69;19.08;NA;NA;ND;NA;NA;NA;
3;8;15.53;38.38;5.4;NA;36.59;9.08;NA;NA;ND;NA;NA;NA;
3;9;8.57;12.01;5.47;NA;13.85;4.53;NA;NA;ND;NA;NA;NA;
3;10;10.23;8.93;3.64;NA;4.34;6.31;NA;NA;ND;NA;NA;NA;
3;11;9.24;4.88;4.49;NA;5.68;2.3;NA;NA;ND;NA;NA;NA;
3;12;10.75;6.54;3.94;NA;9.18;3.06;NA;NA;ND;NA;NA;NA;
3;13;3.74;2.42;3.77;NA;2.01;2.28;NA;NA;ND;NA;NA;NA;
3;14;9.84;7.54;9.27;NA;8.63;15.94;NA;NA;ND;NA;NA;NA;
3;15;6.56;26.35;9.91;NA;1.82;2.35;NA;NA;ND;NA;NA;NA;
3;16;ND;18.84;10.74;NA;12.52;3.37;NA;NA;ND;NA;NA;NA;
3;17;29.92;32.95;13.86;NA;9.78;5.01;NA;NA;ND;NA;NA;NA;
3;18;27.73;49.85;16.06;NA;11.82;13.65;NA;NA;ND;NA;NA;NA;
3;19;15.93;56.31;22.38;NA;23.57;15.57;NA;NA;ND;NA;NA;NA;
3;20;26.27;33.63;25.83;NA;35.51;33.36;NA;NA;ND;NA;NA;NA;
3;21;24.61;34.29;17.56;NA;34.07;29.85;NA;NA;ND;NA;NA;NA;
3;22;23.85;20.17;14.99;NA;25.42;28.34;NA;NA;ND;NA;NA;NA;
3;23;15.55;25.36;19.32;NA;27.07;22.59;NA;NA;ND;NA;NA;NA;
4;0;32.12;20.38;39.76;NA;31.53;23.72;NA;NA;ND;NA;NA;NA;
4;1;15.62;18.8;24.72;NA;36.71;36.55;NA;NA;ND;NA;NA;NA;
4;2;19.47;17.05;18.67;NA;29.37;30.99;NA;NA;ND;NA;NA;NA;
4;3;20.96;25.55;24.09;NA;30.88;15.22;NA;NA;ND;NA;NA;NA;
4;4;16.72;35.18;9.35;NA;22.31;14.41;NA;NA;ND;NA;NA;NA;
4;5;21.77;26.34;18.11;NA;17.24;16.75;NA;NA;ND;NA;NA;NA;
4;6;29.95;30.16;23.54;NA;56.2;30.68;NA;NA;ND;NA;NA;NA;
4;7;32.8;37.16;41.31;NA;84.07;53.12;NA;NA;ND;NA;NA;NA;
4;8;31.23;28.49;40.97;NA;75.89;54.41;NA;NA;ND;NA;NA;NA;
4;9;23.33;39.17;45.49;NA;57.04;56.57;NA;NA;ND;NA;NA;NA;
4;10;18.45;9.39;30.66;NA;30.86;41.3;NA;NA;ND;NA;NA;NA;
4;11;14.65;10.42;7.85;NA;12.68;5.55;NA;NA;ND;NA;NA;NA;
4;12;17.98;8.75;6.47;NA;1.88;8.43;NA;NA;ND;NA;NA;NA;
4;13;17.99;22.7;2.98;NA;4.62;11.32;NA;NA;ND;NA;NA;NA;
4;14;9.54;26.76;8.9;NA;6.47;2.31;NA;NA;ND;NA;NA;NA;
4;15;8.6;15.34;14.13;NA;5.65;16.01;NA;NA;ND;NA;NA;NA;
4;16;17.43;25.84;11.83;NA;24.72;17.28;NA;NA;ND;NA;NA;NA;
4;17;11.38;27.01;22.07;NA;10.26;12.39;NA;NA;ND;NA;NA;NA;
4;18;12.71;20.35;13.89;NA;21.28;14.2;NA;NA;ND;NA;NA;NA;
4;19;10.72;35.4;21.29;NA;28.11;24.97;NA;NA;ND;NA;NA;NA;
4;20;12.33;23.48;22.39;NA;25.22;33.59;NA;NA;ND;NA;NA;NA;
4;21;26.94;24.55;15.33;NA;31.34;33.38;NA;NA;ND;NA;NA;NA;
4;22;21.05;26.43;21.73;NA;32.49;29.84;NA;NA;ND;NA;NA;NA;
4;23;16.32;20.42;30.03;NA;33.35;31.64;NA;NA;ND;NA;NA;NA;
5;0;19.19;26.58;19.36;NA;40.53;27.46;NA;NA;ND;NA;NA;NA;
5;1;17.81;20.64;29.98;NA;40.12;46.57;NA;NA;ND;NA;NA;NA;
5;2;17.93;20.77;21.76;NA;32.27;31.35;NA;NA;ND;NA;NA;NA;
5;3;18.99;28.74;20.73;NA;23.43;36.14;NA;NA;ND;NA;NA;NA;
5;4;21.31;30.56;27.67;NA;21.67;36.95;NA;NA;ND;NA;NA;NA;
5;5;16.39;29.87;23.54;NA;28.39;42.22;NA;NA;ND;NA;NA;NA;
5;6;22.35;25.85;21.02;NA;38.45;39.09;NA;NA;ND;NA;NA;NA;
5;7;26.25;34.09;26.69;NA;46.54;47.65;NA;NA;ND;NA;NA;NA;
5;8;22.88;44.36;36.85;NA;34.83;49.73;NA;NA;ND;NA;NA;NA;
5;9;19;50.46;31.44;NA;21.54;31.71;NA;NA;ND;NA;NA;NA;
5;10;7.3;24.51;ND;NA;33.7;21.84;NA;NA;ND;NA;NA;NA;
5;11;29.36;21.37;13.23;NA;20.81;18.61;NA;NA;ND;NA;NA;NA;
5;12;14.22;11.56;18.58;NA;17.61;14.74;NA;NA;ND;NA;NA;NA;
5;13;10.81;11.86;19.62;NA;15.24;15.69;NA;NA;ND;NA;NA;NA;
5;14;20.1;20.31;14.16;NA;11.31;13.74;NA;NA;ND;NA;NA;NA;
5;15;9.86;8.81;11.04;NA;16.85;12.7;NA;NA;ND;NA;NA;NA;
5;16;9.2;ND;14.54;NA;18.76;13.79;NA;NA;ND;NA;NA;NA;
5;17;13.38;ND;14.94;NA;24.77;13.29;NA;NA;ND;NA;NA;NA;
5;18;14.97;ND;17.18;NA;18.58;24.2;NA;NA;ND;NA;NA;NA;
5;19;27.53;ND;24.28;NA;21.05;28.15;NA;NA;ND;NA;NA;NA;
5;20;23.41;ND;23.63;NA;17.27;27.03;NA;NA;ND;NA;NA;NA;
5;21;31.99;ND;19.09;NA;35.54;35.8;NA;NA;ND;NA;NA;NA;
5;22;14.91;ND;27.49;NA;31.64;20.17;NA;NA;ND;NA;NA;NA;
5;23;24.44;ND;22.25;NA;32.78;37.02;NA;NA;ND;NA;NA;NA;
6;0;17.64;ND;42.21;NA;37.37;34.3;NA;NA;ND;NA;NA;NA;
6;1;23.45;ND;33.85;NA;36.69;33.27;NA;NA;ND;NA;NA;NA;
6;2;20.2;ND;30.71;NA;33.96;29.4;NA;NA;ND;NA;NA;NA;
6;3;17.38;ND;14.69;NA;21.77;27.12;NA;NA;ND;NA;NA;NA;
6;4;16.2;ND;17.35;NA;22.41;24.24;NA;NA;ND;NA;NA;NA;
6;5;11.91;ND;17.72;NA;31.46;28.85;NA;NA;ND;NA;NA;NA;
6;6;23.09;ND;34.36;NA;52.01;38.36;NA;NA;ND;NA;NA;NA;
6;7;33.32;ND;41.77;NA;76.22;57.21;NA;NA;ND;NA;NA;NA;
6;8;48.92;ND;44.24;NA;75.05;41.79;NA;NA;ND;NA;NA;NA;
6;9;44.23;ND;17.91;NA;27.23;11.62;NA;NA;ND;NA;NA;NA;
6;10;19.65;ND;0.81;NA;5.39;4.47;NA;NA;ND;NA;NA;NA;
6;11;14.95;ND;4.9;NA;8.57;4.91;NA;NA;ND;NA;NA;NA;
6;12;16.55;ND;13.45;NA;8.77;18.49;NA;NA;ND;NA;NA;NA;
6;13;10.45;ND;9.14;NA;0.98;21.99;NA;NA;ND;NA;NA;NA;
6;14;11.8;ND;10.32;NA;4.22;28.13;NA;NA;ND;NA;NA;NA;
6;15;12.5;ND;12.89;NA;7.61;25.39;NA;NA;ND;NA;NA;NA;
6;16;7.21;ND;16.22;NA;25.07;13.98;NA;NA;ND;NA;NA;NA;
6;17;13.06;ND;11.03;NA;25.13;1.3;NA;NA;ND;NA;NA;NA;
6;18;15.63;25.23;14.83;NA;22.09;2.75;NA;NA;ND;NA;NA;NA;
6;19;10.9;26.34;16.25;NA;20.55;4.51;NA;NA;ND;NA;NA;NA;
6;20;8.68;26.1;13.3;NA;23.98;12.9;NA;NA;ND;NA;NA;NA;
6;21;17.74;31.62;7.53;NA;36.28;12.43;NA;NA;ND;NA;NA;NA;
6;22;15.37;30.34;16.16;NA;36.61;14.06;NA;NA;ND;NA;NA;NA;
6;23;ND;28.06;7.65;NA;15.14;6.12;NA;NA;ND;NA;NA;NA;
7;0;ND;18.11;1.16;NA;11.4;13.06;NA;NA;ND;NA;NA;NA;
7;1;ND;28.3;11.2;NA;3.84;8.44;NA;NA;ND;NA;NA;NA;
7;2;ND;29.78;23.35;NA;16.86;8.72;NA;NA;ND;NA;NA;NA;
7;3;ND;14.53;22.8;NA;10.17;17.97;NA;NA;ND;NA;NA;NA;
7;4;ND;20.79;12.76;NA;10.58;14.11;NA;NA;ND;NA;NA;NA;
7;5;ND;27.86;17.51;NA;26.81;18.6;NA;NA;ND;NA;NA;NA;
7;6;ND;51.13;17.53;NA;39.17;29.17;NA;NA;ND;NA;NA;NA;
7;7;ND;29.75;12.54;NA;34.11;6.88;NA;NA;ND;NA;NA;NA;
7;8;ND;22.57;4.42;NA;23.43;5.56;NA;NA;ND;NA;NA;NA;
7;9;ND;29.1;3.17;NA;8.49;3.93;NA;NA;ND;NA;NA;NA;
7;10;ND;5.61;6.59;NA;7.61;10.29;NA;NA;ND;NA;NA;NA;
7;11;ND;9.24;2.9;NA;3.79;9.39;NA;NA;ND;NA;NA;NA;
7;12;ND;2.3;6.56;NA;0.44;5.57;NA;NA;ND;NA;NA;NA;
7;13;11.68;11.55;8.33;NA;2.14;15.06;NA;NA;ND;NA;NA;NA;
7;14;8;24.37;4.09;NA;8.78;4.42;NA;NA;ND;NA;NA;NA;
7;15;9.74;15.39;7.34;NA;2.66;5.94;NA;NA;ND;NA;NA;NA;
7;16;7.7;19.93;10.95;NA;10.97;9.9;NA;NA;ND;NA;NA;NA;
7;17;9.43;21.59;11;NA;4.51;11.61;NA;NA;ND;NA;NA;NA;
7;18;18.53;25.97;14.45;NA;10.17;5.58;NA;NA;ND;NA;NA;NA;
7;19;4.8;30.09;8.76;NA;14.73;4.1;NA;NA;ND;NA;NA;NA;
7;20;2.9;27.5;10.75;NA;15.39;14.38;NA;NA;ND;NA;NA;NA;
7;21;6.39;21.2;5.15;NA;13.49;6.53;NA;NA;ND;NA;NA;NA;
7;22;4.97;21.39;9.19;NA;13.23;9.25;NA;NA;ND;NA;NA;NA;
7;23;3.86;33.6;2.57;NA;8.86;6.36;NA;NA;ND;NA;NA;NA;
8;0;5.37;16.51;3.57;NA;17.54;0.76;NA;NA;ND;NA;NA;NA;
8;1;2.35;13.03;6.79;NA;1.6;3.59;NA;NA;ND;NA;NA;NA;
8;2;3.26;20.38;5.6;NA;10.01;8.75;NA;NA;ND;NA;NA;NA;
8;3;3.72;9.23;4.86;NA;10.63;3.28;NA;NA;ND;NA;NA;NA;
8;4;1.17;13.35;4.08;NA;4.96;3.29;NA;NA;ND;NA;NA;NA;
8;5;6.57;2.03;1.26;NA;6.53;2.86;NA;NA;ND;NA;NA;NA;
8;6;4.59;10.94;2.14;NA;3.65;5.9;NA;NA;ND;NA;NA;NA;
8;7;3.94;7.61;1.32;NA;4.15;4.61;NA;NA;ND;NA;NA;NA;
8;8;6.85;8.67;10.17;NA;4.52;5.48;NA;NA;ND;NA;NA;NA;
8;9;6.64;7.98;0;NA;14.57;9.71;NA;NA;ND;NA;NA;NA;
8;10;4.37;1.25;5.83;NA;2.73;6.21;NA;NA;ND;NA;NA;NA;
8;11;5.59;15.49;7.58;NA;7.46;3.63;NA;NA;ND;NA;NA;NA;
8;12;13.86;11.7;3.12;NA;1.96;6.12;NA;NA;ND;NA;NA;NA;
8;13;5.8;22.58;5.77;NA;0;5.7;NA;NA;ND;NA;NA;NA;
8;14;5.76;6.26;0.33;NA;3.53;10.58;NA;NA;ND;NA;NA;NA;
8;15;9.81;8.44;12.25;NA;4.49;9.03;NA;NA;ND;NA;NA;NA;
8;16;4.21;3.98;4.56;NA;3.4;5.92;NA;NA;ND;NA;NA;NA;
8;17;15.63;30.15;12.57;NA;16.07;18.1;NA;NA;ND;NA;NA;NA;
8;18;7.03;21.46;9.82;NA;19.09;7.82;NA;NA;ND;NA;NA;NA;
8;19;5.59;26.42;6.55;NA;7.69;6.14;NA;NA;ND;NA;NA;NA;
8;20;2.51;19.15;10.6;NA;10.74;8.22;NA;NA;ND;NA;NA;NA;
8;21;4.8;16.93;4.63;NA;19.92;8.27;NA;NA;ND;NA;NA;NA;
8;22;3.44;10.83;6.21;NA;13.3;9.8;NA;NA;ND;NA;NA;NA;
8;23;15.44;11.25;5.8;NA;6.52;5.71;NA;NA;ND;NA;NA;NA;
9;0;17.54;5.51;0.95;NA;16.5;10.92;NA;NA;ND;NA;NA;NA;
9;1;10.54;19.22;3.54;NA;6.79;7.03;NA;NA;ND;NA;NA;NA;
9;2;3.45;6.3;1.51;NA;7.75;7.19;NA;NA;ND;NA;NA;NA;
9;3;2.48;15.74;7.61;NA;11.25;1.93;NA;NA;ND;NA;NA;NA;
9;4;7.77;15.71;2.85;NA;10.63;4.58;NA;NA;ND;NA;NA;NA;
9;5;4.18;7.54;1.74;NA;8.49;7.89;NA;NA;ND;NA;NA;NA;
9;6;13.46;18.29;3.07;NA;23.81;7.51;NA;NA;ND;NA;NA;NA;
9;7;9.07;22.02;5.47;NA;15.94;3.13;NA;NA;ND;NA;NA;NA;
9;8;19.74;18.53;ND;NA;19.7;15.79;NA;NA;ND;NA;NA;NA;
9;9;6.91;6.88;ND;NA;7.81;3.81;NA;NA;ND;NA;NA;NA;
9;10;12.96;5.37;ND;NA;6.19;4.48;NA;NA;ND;NA;NA;NA;
9;11;10.6;13.22;ND;NA;9.49;10.28;NA;NA;ND;NA;NA;NA;
9;12;7.2;13.67;ND;NA;ND;10.52;NA;NA;ND;NA;NA;NA;
9;13;12.63;16.33;ND;NA;ND;6.92;NA;NA;ND;NA;NA;NA;
9;14;12.37;37.52;ND;NA;ND;12.35;NA;NA;ND;NA;NA;NA;
9;15;13.31;47.14;ND;NA;ND;15.8;NA;NA;ND;NA;NA;NA;
9;16;8.4;44.18;ND;NA;ND;10.46;NA;NA;ND;NA;NA;NA;
9;17;13.98;31.45;ND;NA;ND;6.24;NA;NA;ND;NA;NA;NA;
9;18;22.52;26.03;ND;NA;ND;1.72;NA;NA;ND;NA;NA;NA;
9;19;12.37;28.74;ND;NA;ND;11.17;NA;NA;ND;NA;NA;NA;
9;20;19.83;23.24;ND;NA;ND;27.29;NA;NA;ND;NA;NA;NA;
9;21;8.64;25.54;ND;NA;ND;21;NA;NA;ND;NA;NA;NA;
9;22;6.58;24.38;ND;NA;ND;10.47;NA;NA;ND;NA;NA;NA;
9;23;10.41;22.84;ND;NA;ND;7.3;NA;NA;ND;NA;NA;NA;
10;0;11.67;8.13;ND;NA;ND;16.53;NA;NA;ND;NA;NA;NA;
10;1;8.8;20.46;ND;NA;ND;12.78;NA;NA;ND;NA;NA;NA;
10;2;7.09;6.66;ND;NA;ND;6.82;NA;NA;ND;NA;NA;NA;
10;3;2.18;21.99;ND;NA;ND;5.61;NA;NA;ND;NA;NA;NA;
10;4;9.14;30.59;ND;NA;ND;5.13;NA;NA;ND;NA;NA;NA;
10;5;10.92;16.96;ND;NA;ND;8.99;NA;NA;ND;NA;NA;NA;
10;6;17.17;57.6;ND;NA;ND;10.87;NA;NA;ND;NA;NA;NA;
10;7;19.77;44.08;ND;NA;ND;17.99;NA;NA;ND;NA;NA;NA;
10;8;10.99;38.16;ND;NA;ND;21.24;NA;NA;ND;NA;NA;NA;
10;9;7.07;19.53;ND;NA;ND;6.87;NA;NA;ND;NA;NA;NA;
10;10;22.09;9.22;ND;NA;ND;15.96;NA;NA;ND;NA;NA;NA;
10;11;ND;3.62;ND;NA;ND;6.53;NA;NA;ND;NA;NA;NA;
10;12;ND;4.53;12.12;NA;ND;13.11;NA;NA;ND;NA;NA;NA;
10;13;ND;9.18;9.93;NA;ND;9.47;NA;NA;ND;NA;NA;NA;
10;14;ND;23.08;12.11;NA;ND;14.36;NA;NA;ND;NA;NA;NA;
10;15;ND;5.35;7.66;NA;ND;2.79;NA;NA;ND;NA;NA;NA;
10;16;ND;27.13;21.89;NA;ND;7.86;NA;NA;ND;NA;NA;NA;
10;17;ND;29.12;20.19;NA;ND;15.31;NA;NA;ND;NA;NA;NA;
10;18;ND;35.01;12.35;NA;ND;9.78;NA;NA;ND;NA;NA;NA;
10;19;ND;22.33;10.66;NA;ND;14.4;NA;NA;ND;NA;NA;NA;
10;20;ND;20.88;7.09;NA;ND;10.74;NA;NA;ND;NA;NA;NA;
10;21;ND;23.43;8.38;NA;ND;8.09;NA;NA;ND;NA;NA;NA;
10;22;ND;29.59;7.13;NA;ND;12.68;NA;NA;ND;NA;NA;NA;
10;23;ND;30.68;11.62;NA;ND;10.98;NA;NA;ND;NA;NA;NA;
11;0;ND;11.34;16.65;NA;ND;1.77;NA;NA;ND;NA;NA;NA;
11;1;ND;19.65;4.35;NA;ND;8.8;NA;NA;ND;NA;NA;NA;
11;2;ND;22.55;5.52;NA;ND;7.95;NA;NA;ND;NA;NA;NA;
11;3;ND;24.02;4.55;NA;ND;7.26;NA;NA;ND;NA;NA;NA;
11;4;ND;24.36;1.3;NA;ND;3.56;NA;NA;ND;NA;NA;NA;
11;5;ND;16.29;7.63;NA;ND;9.84;NA;NA;ND;NA;NA;NA;
11;6;ND;35.41;5.01;NA;ND;7.79;NA;NA;ND;NA;NA;NA;
11;7;ND;44.49;8.24;NA;ND;7.69;NA;NA;ND;NA;NA;NA;
11;8;ND;20.91;6.21;NA;ND;15.31;NA;NA;ND;NA;NA;NA;
11;9;ND;21.68;2.36;NA;ND;5.39;NA;NA;ND;NA;NA;NA;
11;10;ND;6.52;8.92;NA;ND;7.61;NA;NA;ND;NA;NA;NA;
11;11;ND;4.56;6.62;NA;ND;7;NA;NA;ND;NA;NA;NA;
11;12;ND;6.66;4.96;NA;ND;9.01;NA;NA;ND;NA;NA;NA;
11;13;ND;2.69;4.71;NA;4.56;3.48;NA;NA;ND;NA;NA;NA;
11;14;ND;15.03;5.06;NA;10.32;14.94;NA;NA;ND;NA;NA;NA;
11;15;ND;32.7;16.51;NA;3.54;18.3;NA;NA;ND;NA;NA;NA;
11;16;ND;26.2;13.86;NA;19.49;12.36;NA;NA;ND;NA;NA;NA;
11;17;0;26.34;14.61;NA;16.5;13.45;NA;NA;ND;NA;NA;NA;
11;18;0;25.15;21.7;NA;11.75;10.93;NA;NA;ND;NA;NA;NA;
11;19;0.46;28.48;21.67;NA;33.05;17.91;NA;NA;ND;NA;NA;NA;
11;20;1.79;28.18;17.11;NA;11.03;13.57;NA;NA;ND;NA;NA;NA;
11;21;1.48;22.51;17.1;NA;10.12;8.02;NA;NA;ND;NA;NA;NA;
11;22;14.45;24.37;30.11;NA;11.83;10.08;NA;NA;ND;NA;NA;NA;
11;23;12.34;16.38;23.48;NA;21.52;11.31;NA;NA;ND;NA;NA;NA;
12;0;21.18;42.23;14.74;NA;12.77;10.31;NA;NA;ND;NA;NA;NA;
12;1;27.46;25.05;34.76;NA;12.99;10.91;NA;NA;ND;NA;NA;NA;
12;2;16.96;10.97;6.77;NA;10.52;7.07;NA;NA;ND;NA;NA;NA;
12;3;18.55;26.9;9.68;NA;6.82;11.28;NA;NA;ND;NA;NA;NA;
12;4;28.49;23.52;18.59;NA;8.03;9.13;NA;NA;ND;NA;NA;NA;
12;5;12.28;37.94;26.09;NA;29.34;9.27;NA;NA;ND;NA;NA;NA;
12;6;22.54;32.99;31.7;NA;36.54;30.18;NA;NA;ND;NA;NA;NA;
12;7;33.32;38.93;32.94;NA;38.84;36.6;NA;NA;ND;NA;NA;NA;
12;8;24.4;39.05;47.9;NA;35.27;16.75;NA;NA;ND;NA;NA;NA;
12;9;43.58;32.32;36.36;NA;27.05;12.41;NA;NA;ND;NA;NA;NA;
12;10;26.43;22.67;11.68;NA;9.77;7.44;NA;NA;ND;NA;NA;NA;
12;11;41.62;31.72;17.35;NA;13.59;6.89;NA;NA;ND;NA;NA;NA;
12;12;20.15;18.63;18.11;NA;22.47;23;NA;NA;ND;NA;NA;NA;
12;13;23.06;19.98;8.91;NA;7.83;14.36;NA;NA;ND;NA;NA;NA;
12;14;14.25;45.45;20.36;NA;10.59;18.49;NA;NA;ND;NA;NA;NA;
12;15;28.81;30.98;26.15;NA;22.4;27.33;NA;NA;ND;NA;NA;NA;
12;16;14.91;36.73;21.94;NA;8.05;14.43;NA;NA;ND;NA;NA;NA;
12;17;6.48;26.93;13.04;NA;17.88;14.6;NA;NA;ND;NA;NA;NA;
12;18;13.36;25.33;15.78;NA;28.15;10.51;NA;NA;ND;NA;NA;NA;
12;19;20.47;32.94;20.72;NA;26.07;32.44;NA;NA;ND;NA;NA;NA;
12;20;22.67;56.39;19.73;NA;44.05;22.05;NA;NA;ND;NA;NA;NA;
12;21;22.56;30.12;17.8;NA;41.4;14.75;NA;NA;ND;NA;NA;NA;
12;22;19.28;25.52;20.38;NA;41.36;18.92;NA;NA;ND;NA;NA;NA;
12;23;16.02;39.91;19.47;NA;49.8;23.45;NA;NA;ND;NA;NA;NA;
13;0;10.7;37.54;5.78;NA;37.73;25.48;NA;NA;ND;NA;NA;NA;
13;1;9.58;46.43;24.68;NA;43.13;23.97;NA;NA;ND;NA;NA;NA;
13;2;11.78;33.4;16.19;NA;21.81;10.62;NA;NA;ND;NA;NA;NA;
13;3;10.97;19.54;13.48;NA;21.72;10.84;NA;NA;ND;NA;NA;NA;
13;4;13.25;21.22;16.34;NA;30.92;17.97;NA;NA;ND;NA;NA;NA;
13;5;23.08;27.31;20.77;NA;28.81;16.92;NA;NA;ND;NA;NA;NA;
13;6;21.45;30.14;19.29;NA;40.75;15.31;NA;NA;ND;NA;NA;NA;
13;7;34.94;45.48;41.11;NA;41.26;28.46;NA;NA;ND;NA;NA;NA;
13;8;13.09;35.38;41.5;NA;41.15;33.4;NA;NA;ND;NA;NA;NA;
13;9;37.2;14.86;24.5;NA;24.29;17.05;NA;NA;ND;NA;NA;NA;
13;10;30.67;15.36;1.63;NA;12.47;6.49;NA;NA;ND;NA;NA;NA;
13;11;19.06;13.29;18.15;NA;12.47;13.01;NA;NA;ND;NA;NA;NA;
13;12;12.98;22.12;6.7;NA;9.11;8.85;NA;NA;ND;NA;NA;NA;
13;13;22.02;6.96;8.61;NA;8.95;11.94;NA;NA;ND;NA;NA;NA;
13;14;4.81;17.43;4.46;NA;3.22;9.32;NA;NA;ND;NA;NA;NA;
13;15;15.06;26.95;7.2;NA;9.1;13.3;NA;NA;ND;NA;NA;NA;
13;16;13.06;26.72;21.19;NA;7.37;22.08;NA;NA;ND;NA;NA;NA;
13;17;22.26;36.97;14.16;NA;14.84;12.78;NA;NA;ND;NA;NA;NA;
13;18;18.98;47.5;20.46;NA;27.24;12.37;NA;NA;ND;NA;NA;NA;
13;19;15.95;38.3;28.74;NA;27.2;20.61;NA;NA;ND;NA;NA;NA;
13;20;16.23;30.63;18.17;NA;28.98;24.09;NA;NA;ND;NA;NA;NA;
13;21;19.36;24.68;18.78;NA;7.82;17.93;NA;NA;ND;NA;NA;NA;
13;22;19.98;26.82;11.61;NA;19.26;13.83;NA;NA;ND;NA;NA;NA;
13;23;27.18;36.51;9.52;NA;10.43;17.12;NA;NA;ND;NA;NA;NA;
14;0;26.41;31.3;15.63;NA;9.41;7.46;NA;NA;ND;NA;NA;NA;
14;1;22.33;29.86;16.45;NA;1.81;23.76;NA;NA;ND;NA;NA;NA;
14;2;15.03;22.79;24.94;NA;17.13;19.48;NA;NA;ND;NA;NA;NA;
14;3;17.58;26.25;3.7;NA;10.43;8.66;NA;NA;ND;NA;NA;NA;
14;4;25.5;26.16;12.67;NA;16;7.75;NA;NA;ND;NA;NA;NA;
14;5;14.86;16.11;17.2;NA;18.39;19.48;NA;NA;ND;NA;NA;NA;
14;6;20.7;30.1;23.9;NA;28.89;21.31;NA;NA;ND;NA;NA;NA;
14;7;15.72;33.04;21.74;NA;11.18;15.25;NA;NA;ND;NA;NA;NA;
14;8;25.55;28.47;12.85;NA;22.04;17.42;NA;NA;ND;NA;NA;NA;
14;9;32.11;31.51;9.43;NA;26.04;13.83;NA;NA;ND;NA;NA;NA;
14;10;32.11;22.2;19.64;NA;18.83;9.93;NA;NA;ND;NA;NA;NA;
14;11;14.95;11.58;18.15;NA;14.99;16.92;NA;NA;ND;NA;NA;NA;
14;12;11.15;17.68;14.78;NA;18.25;18.47;NA;NA;ND;NA;NA;NA;
14;13;10.63;1.94;16.8;NA;12.6;18;NA;NA;ND;NA;NA;NA;
14;14;14.35;23.31;8.12;NA;10.06;10.57;NA;NA;ND;NA;NA;NA;
14;15;12.34;30.9;10.01;NA;16.54;9.79;NA;NA;ND;NA;NA;NA;
14;16;13.97;42.87;12.65;NA;17.34;9.37;NA;NA;ND;NA;NA;NA;
14;17;23.01;29.08;20.49;NA;25.72;17.71;NA;NA;ND;NA;NA;NA;
14;18;17.83;28.5;12.36;NA;17.03;17.64;NA;NA;ND;NA;NA;NA;
14;19;22.98;30.69;18.75;NA;32.42;20.87;NA;NA;ND;NA;NA;NA;
14;20;24.93;28.89;21.69;NA;29;27.79;NA;NA;ND;NA;NA;NA;
14;21;19.65;18.02;20.71;NA;20.71;26.57;NA;NA;ND;NA;NA;NA;
14;22;25.92;49.15;24.77;NA;23.06;23.86;NA;NA;ND;NA;NA;NA;
14;23;20.31;51.91;12.92;NA;24.14;25.8;NA;NA;ND;NA;NA;NA;
15;0;12.96;45.56;7.37;NA;30.51;13.61;NA;NA;ND;NA;NA;NA;
15;1;12.36;33.65;11.16;NA;21.13;12.15;NA;NA;ND;NA;NA;NA;
15;2;9.58;22.13;8.39;NA;7.96;10.4;NA;NA;ND;NA;NA;NA;
15;3;13.6;26.61;6.81;NA;9.33;8.84;NA;NA;ND;NA;NA;NA;
15;4;17.07;21.29;9.57;NA;7.64;4.26;NA;NA;ND;NA;NA;NA;
15;5;14.34;20.03;7.33;NA;10.29;10.79;NA;NA;ND;NA;NA;NA;
15;6;22.87;30.67;6.32;NA;11.09;6.61;NA;NA;ND;NA;NA;NA;
15;7;23.62;27.51;10.5;NA;19.69;7.31;NA;NA;ND;NA;NA;NA;
15;8;4.51;27.62;8.86;NA;18.73;6.17;NA;NA;ND;NA;NA;NA;
15;9;14.71;9.5;5.75;NA;3.09;5.3;NA;NA;ND;NA;NA;NA;
15;10;8.6;7.99;1.43;NA;6.07;2.97;NA;NA;ND;NA;NA;NA;
15;11;7.63;2.97;1.75;NA;12.07;3.51;NA;NA;ND;NA;NA;NA;
15;12;8.4;0.74;2.96;NA;8.2;8.87;NA;NA;ND;NA;NA;NA;
15;13;8.13;20.2;3.07;NA;0.07;5.51;NA;NA;ND;NA;NA;NA;
15;14;4.93;18.6;6.9;NA;12.12;7.45;NA;NA;ND;NA;NA;NA;
15;15;12.19;40.32;3.92;NA;0.12;3.4;NA;NA;ND;NA;NA;NA;
15;16;15.55;27.61;7.62;NA;13.65;10.83;NA;NA;ND;NA;NA;NA;
15;17;14.23;18.78;17.42;NA;16.63;7.68;NA;NA;ND;NA;NA;NA;
15;18;17.9;27.21;20.3;NA;14.67;18.24;NA;NA;ND;NA;NA;NA;
15;19;14.67;17.52;11;NA;28.1;9.35;NA;NA;ND;NA;NA;NA;
15;20;27.2;36.14;9.21;NA;26.75;12.27;NA;NA;ND;NA;NA;NA;
15;21;7.67;16.13;9.95;NA;14.72;10.27;NA;NA;ND;NA;NA;NA;
15;22;13.35;20.15;6.86;NA;5.94;10;NA;NA;ND;NA;NA;NA;
15;23;5.75;16.3;8.37;NA;18.64;10.43;NA;NA;ND;NA;NA;NA;
16;0;12.89;15.07;8.95;NA;20.16;15.4;NA;NA;ND;NA;NA;NA;
16;1;5.69;6.68;9.24;NA;16.09;11.38;NA;NA;ND;NA;NA;NA;
16;2;3.67;2.23;9.59;NA;7.68;6.49;NA;NA;ND;NA;NA;NA;
16;3;4.99;6.15;8.83;NA;7.34;7.87;NA;NA;ND;NA;NA;NA;
16;4;6.44;9.24;4.94;NA;6.08;8.46;NA;NA;ND;NA;NA;NA;
16;5;7.58;15.01;8.18;NA;9.5;2.96;NA;NA;ND;NA;NA;NA;
16;6;7.9;37.63;6.9;NA;18.12;15.97;NA;NA;ND;NA;NA;NA;
16;7;13.69;41.62;4.42;NA;18.29;8.93;NA;NA;ND;NA;NA;NA;
16;8;19.28;34.29;5.21;NA;17.71;12.35;NA;NA;ND;NA;NA;NA;
16;9;19.14;28.61;4.94;NA;7.12;4.33;NA;NA;ND;NA;NA;NA;
16;10;5.92;33.03;4.48;NA;17.13;6.61;NA;NA;ND;NA;NA;NA;
16;11;7.65;10.13;4.42;NA;8.23;25.26;NA;NA;ND;NA;NA;NA;
16;12;11.36;11.31;3.35;NA;9.32;15.77;NA;NA;ND;NA;NA;NA;
16;13;0.18;9.06;12.29;NA;3.37;20.94;NA;NA;ND;NA;NA;NA;
16;14;14.2;10.88;5.32;NA;4.6;24.56;NA;NA;ND;NA;NA;NA;
16;15;13.28;26.39;8.14;NA;11.95;14.19;NA;NA;ND;NA;NA;NA;
16;16;13.1;28.41;13.99;NA;4.68;3.82;NA;NA;ND;NA;NA;NA;
16;17;12.7;22.02;17.58;NA;9.24;ND;NA;NA;ND;NA;NA;NA;
16;18;9.37;20.63;18.17;NA;18.64;ND;NA;NA;ND;NA;NA;NA;
16;19;16.98;27.04;13.32;NA;27.78;ND;NA;NA;ND;NA;NA;NA;
16;20;12.8;21.06;15.52;NA;14.84;ND;NA;NA;ND;NA;NA;NA;
16;21;8.96;21.12;22.79;NA;28.71;ND;NA;NA;ND;NA;NA;NA;
16;22;11.73;23.5;28.05;NA;24.53;ND;NA;NA;ND;NA;NA;NA;
16;23;12.61;20.13;10.67;NA;ND;ND;NA;NA;ND;NA;NA;NA;
17;0;20.56;34.88;9.31;NA;10.07;ND;NA;NA;ND;NA;NA;NA;
17;1;22.79;26.4;7.88;NA;9.55;ND;NA;NA;ND;NA;NA;NA;
17;2;28.3;15.44;2.8;NA;9.62;ND;NA;NA;ND;NA;NA;NA;
17;3;25.53;14.02;6.86;NA;3.22;ND;NA;NA;ND;NA;NA;NA;
17;4;11.2;25.7;3.82;NA;3.11;ND;NA;NA;ND;NA;NA;NA;
17;5;6.07;40.55;2.43;NA;6.53;ND;NA;NA;ND;NA;NA;NA;
17;6;2;19.68;5.18;NA;5.18;ND;NA;NA;ND;NA;NA;NA;
17;7;2.08;20.83;5.23;NA;0.02;ND;NA;NA;ND;NA;NA;NA;
17;8;13.28;16.34;5.15;NA;24.28;ND;NA;NA;ND;NA;NA;NA;
17;9;8.27;4.24;6.27;NA;13.36;ND;NA;NA;ND;NA;NA;NA;
17;10;17.63;7.99;5.29;NA;14.72;ND;NA;NA;ND;NA;NA;NA;
17;11;7.7;6.84;15.23;NA;10.98;ND;NA;NA;ND;NA;NA;NA;
17;12;14.33;20.17;4.49;NA;10.57;ND;NA;NA;ND;NA;NA;NA;
17;13;10.69;15.83;14.41;NA;6.09;ND;NA;NA;ND;NA;NA;NA;
17;14;8.02;18.81;7.63;NA;16.31;ND;NA;NA;ND;NA;NA;NA;
17;15;8.35;16.89;7.98;NA;10.35;ND;NA;NA;ND;NA;NA;NA;
17;16;16.62;29.12;13.09;NA;13.54;ND;NA;NA;ND;NA;NA;NA;
17;17;14.05;45.03;14.3;NA;17.21;ND;NA;NA;ND;NA;NA;NA;
17;18;10.16;53.71;19.27;NA;14.32;ND;NA;NA;ND;NA;NA;NA;
17;19;12.23;59.37;16.11;NA;22.77;ND;NA;NA;ND;NA;NA;NA;
17;20;13.31;26.45;13.56;NA;14.74;ND;NA;NA;ND;NA;NA;NA;
17;21;11.1;35.96;18.21;NA;18.6;ND;NA;NA;ND;NA;NA;NA;
17;22;10.65;25.29;6.33;NA;11.37;ND;NA;NA;ND;NA;NA;NA;
17;23;11.13;20.09;8.24;NA;ND;ND;NA;NA;ND;NA;NA;NA;
18;0;6.68;10.31;8.29;NA;5.91;ND;NA;NA;ND;NA;NA;NA;
18;1;5.63;9.24;7.03;NA;7.85;ND;NA;NA;ND;NA;NA;NA;
18;2;4.71;19.5;2.73;NA;4.54;ND;NA;NA;ND;NA;NA;NA;
18;3;1.97;14.95;3.04;NA;3.94;ND;NA;NA;ND;NA;NA;NA;
18;4;5.5;3.85;4.15;NA;12.39;ND;NA;NA;ND;NA;NA;NA;
18;5;12.75;26.46;1.97;NA;9.92;ND;NA;NA;ND;NA;NA;NA;
18;6;3.24;31.3;5.8;NA;7.21;ND;NA;NA;ND;NA;NA;NA;
18;7;9.77;49.28;4.55;NA;18.24;ND;NA;NA;ND;NA;NA;NA;
18;8;9.96;53.2;5.77;NA;6.03;ND;NA;NA;ND;NA;NA;NA;
18;9;5.28;50.29;12.05;NA;10.99;ND;NA;NA;ND;NA;NA;NA;
18;10;7.5;23.7;7.78;NA;11.58;ND;NA;NA;ND;NA;NA;NA;
18;11;13.46;18.73;2.91;NA;8.79;ND;NA;NA;ND;NA;NA;NA;
18;12;2.78;0.02;12.27;NA;7.1;ND;NA;NA;ND;NA;NA;NA;
18;13;8.72;5.1;3.95;NA;7.65;ND;NA;NA;ND;NA;NA;NA;
18;14;8.32;15.78;12.34;NA;10.21;ND;NA;NA;ND;NA;NA;NA;
18;15;10.48;10;7.7;NA;2.08;ND;NA;NA;ND;NA;NA;NA;
18;16;19.37;12.92;7.14;NA;9.72;ND;NA;NA;ND;NA;NA;NA;
18;17;4.6;27.48;13.52;NA;8.48;ND;NA;NA;ND;NA;NA;NA;
18;18;12.16;21.8;10.57;NA;10.74;ND;NA;NA;ND;NA;NA;NA;
18;19;5.58;24.64;10.04;NA;6.6;ND;NA;NA;ND;NA;NA;NA;
18;20;7.08;9.9;11.39;NA;9.32;ND;NA;NA;ND;NA;NA;NA;
18;21;5.2;32.07;10.29;NA;11.78;ND;NA;NA;ND;NA;NA;NA;
18;22;5.33;19.35;10.14;NA;9.77;ND;NA;NA;ND;NA;NA;NA;
18;23;6.53;30.21;8.45;NA;ND;ND;NA;NA;ND;NA;NA;NA;
19;0;10.17;5.74;8.39;NA;4.61;ND;NA;NA;ND;NA;NA;NA;
19;1;2.08;15.75;5;NA;7.86;ND;NA;NA;ND;NA;NA;NA;
19;2;3.65;16.55;3.85;NA;13.02;ND;NA;NA;ND;NA;NA;NA;
19;3;4.12;13.52;3.73;NA;5.1;ND;NA;NA;ND;NA;NA;NA;
19;4;7.72;3.32;4.91;NA;5.51;ND;NA;NA;ND;NA;NA;NA;
19;5;0.45;8.73;4.23;NA;16.89;ND;NA;NA;ND;NA;NA;NA;
19;6;9.4;14.83;3.8;NA;27.5;ND;NA;NA;ND;NA;NA;NA;
19;7;3.27;12.64;1.86;NA;16.1;ND;NA;NA;ND;NA;NA;NA;
19;8;4.08;4.83;8.75;NA;13.2;ND;NA;NA;ND;NA;NA;NA;
19;9;6.35;4.24;3.66;NA;0.93;ND;NA;NA;ND;NA;NA;NA;
19;10;14.45;11.41;1.96;NA;16.45;ND;NA;NA;ND;NA;NA;NA;
19;11;11.71;14.54;9.02;NA;4.76;ND;NA;NA;ND;NA;NA;NA;
19;12;12.54;8.91;5.9;NA;2.51;ND;NA;NA;ND;NA;NA;NA;
19;13;2.3;12.4;4.76;NA;0.23;ND;NA;NA;ND;NA;NA;NA;
19;14;4.51;8.12;10.19;NA;8.23;ND;NA;NA;ND;NA;NA;NA;
19;15;3.83;36.6;8.07;NA;8.11;ND;NA;NA;ND;NA;NA;NA;
19;16;11.15;28.1;9.97;NA;12.38;ND;NA;NA;ND;NA;NA;NA;
19;17;7.34;36.18;6.73;NA;6.61;0;NA;NA;ND;NA;NA;NA;
19;18;12.22;46.03;15.25;NA;16.88;0;NA;NA;ND;NA;NA;NA;
19;19;7.22;16.27;9.38;NA;25;0.84;NA;NA;ND;NA;NA;NA;
19;20;6.24;24.73;8.41;NA;30.5;0.69;NA;NA;ND;NA;NA;NA;
19;21;6.63;25.72;8.28;NA;25.12;5.3;NA;NA;ND;NA;NA;NA;
19;22;11.04;23.58;9.91;NA;15.17;5.28;NA;NA;ND;NA;NA;NA;
19;23;ND;19.63;6.26;NA;ND;1.79;NA;NA;ND;NA;NA;NA;
20;0;1.39;28.87;12.36;NA;11.29;11.15;NA;NA;ND;NA;NA;NA;
20;1;8.41;18.33;7.32;NA;11.95;13.92;NA;NA;ND;NA;NA;NA;
20;2;6.79;27.15;4.05;NA;26.18;4.74;NA;NA;ND;NA;NA;NA;
20;3;5.93;14.24;2.33;NA;11.37;1.28;NA;NA;ND;NA;NA;NA;
20;4;5.63;7.65;5.53;NA;5.8;8.07;NA;NA;ND;NA;NA;NA;
20;5;5.24;27.75;3.9;NA;10.17;2.97;NA;NA;ND;NA;NA;NA;
20;6;13.7;37.24;5.94;NA;25.42;4.29;NA;NA;ND;NA;NA;NA;
20;7;9.04;55.81;2.7;NA;35.05;5.71;NA;NA;ND;NA;NA;NA;
20;8;24.67;23.62;15.4;NA;43.7;18.24;NA;NA;ND;NA;NA;NA;
20;9;18.22;7.34;4.98;NA;8.07;7.13;NA;NA;ND;NA;NA;NA;
20;10;14.25;3.58;4.05;NA;18.53;3.13;NA;NA;ND;NA;NA;NA;
20;11;6.86;8.14;4.11;NA;14.74;8.1;NA;NA;ND;NA;NA;NA;
20;12;12.47;8.92;8.99;NA;7.32;5.38;NA;NA;ND;NA;NA;NA;
20;13;6.69;16.19;8.15;NA;9.73;8.48;NA;NA;ND;NA;NA;NA;
20;14;16;44.02;17.27;NA;0.12;11.4;NA;NA;ND;NA;NA;NA;
20;15;16.87;63.98;24.63;NA;30.56;13.71;NA;NA;ND;NA;NA;NA;
20;16;13.6;29.67;21.04;NA;21.56;12.93;NA;NA;ND;NA;NA;NA;
20;17;11.37;23.15;19.05;NA;27.68;19.62;NA;NA;ND;NA;NA;NA;
20;18;21.22;35.23;22.83;NA;34.87;23.49;NA;NA;ND;NA;NA;NA;
20;19;25.65;46.84;29.69;NA;34.42;24.91;NA;NA;ND;NA;NA;NA;
20;20;33.53;28.65;19.36;NA;28.24;9.55;NA;NA;ND;NA;NA;NA;
20;21;18.06;45.61;13.19;NA;25.9;17.89;NA;NA;ND;NA;NA;NA;
20;22;19.12;26.92;15.79;NA;14.16;16.41;NA;NA;ND;NA;NA;NA;
20;23;ND;48.86;8.25;NA;ND;14.59;NA;NA;ND;NA;NA;NA;
21;0;23.25;54.97;8.84;NA;22.38;2.6;NA;NA;ND;NA;NA;NA;
21;1;23.73;40.96;7.1;NA;23.53;7.76;NA;NA;ND;NA;NA;NA;
21;2;14.15;46.08;8.3;NA;10.17;8.5;NA;NA;ND;NA;NA;NA;
21;3;17.11;44.56;10.18;NA;23.32;14.48;NA;NA;ND;NA;NA;NA;
21;4;15.48;31.43;14.85;NA;16.45;19.71;NA;NA;ND;NA;NA;NA;
21;5;23.82;40;15.91;NA;13.13;10.05;NA;NA;ND;NA;NA;NA;
21;6;20.68;52.09;9.34;NA;15.42;6.26;NA;NA;ND;NA;NA;NA;
21;7;21.68;118.1;13.11;NA;13.42;9.5;NA;NA;ND;NA;NA;NA;
21;8;26.04;41.63;15.65;NA;16.93;14.78;NA;NA;ND;NA;NA;NA;
21;9;25.3;69.43;11.97;NA;8.62;12.9;NA;NA;ND;NA;NA;NA;
21;10;28.48;11.53;8.8;NA;11.66;10.19;NA;NA;ND;NA;NA;NA;
21;11;8.6;1.75;7.37;NA;18.38;12.52;NA;NA;ND;NA;NA;NA;
21;12;9.43;7.97;7.4;NA;8.15;11.79;NA;NA;ND;NA;NA;NA;
21;13;ND;16.17;4.43;NA;4.24;12.5;NA;NA;ND;NA;NA;NA;
21;14;ND;30.45;3.69;NA;1.78;3.74;NA;NA;ND;NA;NA;NA;
21;15;0;22.04;8.92;NA;6.99;10.81;NA;NA;ND;NA;NA;NA;
21;16;0;35.27;8.86;NA;15.99;9.05;NA;NA;ND;NA;NA;NA;
21;17;0;24.11;10.19;NA;10.49;4.16;NA;NA;ND;NA;NA;NA;
21;18;0;27.31;6.06;NA;13.76;6.82;NA;NA;ND;NA;NA;NA;
21;19;0;28.38;11.13;NA;12.71;5.81;NA;NA;ND;NA;NA;NA;
21;20;1.77;28.39;10.84;NA;7.14;12.2;NA;NA;ND;NA;NA;NA;
21;21;0;11.64;13.6;NA;6.04;14.36;NA;NA;ND;NA;NA;NA;
21;22;2.25;30.12;8.6;NA;5.87;12.85;NA;NA;ND;NA;NA;NA;
21;23;ND;4.68;8.25;NA;ND;32.17;NA;NA;ND;NA;NA;NA;
22;0;8.96;73.21;4.07;NA;6.26;12.22;NA;NA;ND;NA;NA;NA;
22;1;1.76;8.03;5.13;NA;2.59;8.96;NA;NA;ND;NA;NA;NA;
22;2;0.6;32.48;4.95;NA;14.06;6.98;NA;NA;ND;NA;NA;NA;
22;3;0;5.46;2.39;NA;12.12;6.04;NA;NA;ND;NA;NA;NA;
22;4;1.62;8.14;5.14;NA;6.94;6.52;NA;NA;ND;NA;NA;NA;
22;5;0.15;8.66;4.25;NA;10.96;1.35;NA;NA;ND;NA;NA;NA;
22;6;0;11.29;3.54;NA;14.75;3.83;NA;NA;ND;NA;NA;NA;
22;7;6;12.5;2.98;NA;22.92;10.54;NA;NA;ND;NA;NA;NA;
22;8;2.64;44.87;3.95;NA;12.19;2.07;NA;NA;ND;NA;NA;NA;
22;9;5.35;70.58;1.63;NA;7.4;5.58;NA;NA;ND;NA;NA;NA;
22;10;6.69;13.56;1.74;NA;1.59;3.37;NA;NA;ND;NA;NA;NA;
22;11;5.04;48.52;4.05;NA;6.63;9.92;NA;NA;ND;NA;NA;NA;
22;12;4.6;25.58;1.54;NA;8.66;3.82;NA;NA;ND;NA;NA;NA;
22;13;5.11;12.05;7.32;NA;6.4;9.78;NA;NA;ND;NA;NA;NA;
22;14;6.46;8.29;4.63;NA;5.46;8.34;NA;NA;ND;NA;NA;NA;
22;15;17.75;79.25;13.19;NA;0.5;12.57;NA;NA;ND;NA;NA;NA;
22;16;3.3;15.78;3.38;NA;5.35;7.58;NA;NA;ND;NA;NA;NA;
22;17;13.97;29.48;13.18;NA;3.29;1.2;NA;NA;ND;NA;NA;NA;
22;18;2.08;19.1;7.66;NA;18.15;1.22;NA;NA;ND;NA;NA;NA;
22;19;10.32;17.65;6.25;NA;9.05;1.79;NA;NA;ND;NA;NA;NA;
22;20;3.82;18.8;2.91;NA;2.7;6.02;NA;NA;ND;NA;NA;NA;
22;21;0.57;14.82;5.19;NA;11.5;4.57;NA;NA;ND;NA;NA;NA;
22;22;2.87;10.34;4.18;NA;3.25;2.3;NA;NA;ND;NA;NA;NA;
22;23;ND;11.8;3.98;NA;ND;2.81;NA;NA;ND;NA;NA;NA;
23;0;1.08;19.44;15.2;NA;2.58;17.62;NA;NA;ND;NA;NA;NA;
23;1;2.35;10.83;4.48;NA;8.08;7.44;NA;NA;ND;NA;NA;NA;
23;2;1.07;4.54;2.53;NA;3.59;3.59;NA;NA;ND;NA;NA;NA;
23;3;2.52;17.8;4.72;NA;6.07;5.76;NA;NA;ND;NA;NA;NA;
23;4;7.36;10.33;4.83;NA;5.07;3.64;NA;NA;ND;NA;NA;NA;
23;5;7.14;18.87;1.2;NA;13.59;9.2;NA;NA;ND;NA;NA;NA;
23;6;11.36;19.48;9.39;NA;28.32;6.33;NA;NA;ND;NA;NA;NA;
23;7;21.58;14.32;6.1;NA;47.86;6.95;NA;NA;ND;NA;NA;NA;
23;8;18.27;38.46;6.97;NA;43.67;8.91;NA;NA;ND;NA;NA;NA;
23;9;10.57;6.97;6.8;NA;14.46;4.23;NA;NA;ND;NA;NA;NA;
23;10;ND;10.61;2.95;NA;16.81;5.35;NA;NA;ND;NA;NA;NA;
23;11;17.87;21.36;7.79;NA;11.09;6.78;NA;NA;ND;NA;NA;NA;
23;12;10.12;24.5;14.5;NA;1.52;4.63;NA;NA;ND;NA;NA;NA;
23;13;12.99;19.16;7.93;NA;2;13.68;NA;NA;ND;NA;NA;NA;
23;14;10.46;66.36;7.91;NA;8.89;6.76;NA;NA;ND;NA;NA;NA;
23;15;15.38;56.76;1.47;NA;14.52;9.08;NA;NA;ND;NA;NA;NA;
23;16;14.65;26.79;5.89;NA;18.72;18.37;NA;NA;ND;NA;NA;NA;
23;17;12.87;35.04;11.34;NA;11.71;4.99;NA;NA;ND;NA;NA;NA;
23;18;11.96;31.3;7.77;NA;20.31;4.17;NA;NA;ND;NA;NA;NA;
23;19;10.69;36.4;6.31;NA;20.46;13.07;NA;NA;ND;NA;NA;NA;
23;20;9.28;27.79;13.41;NA;12.47;7.7;NA;NA;ND;NA;NA;NA;
23;21;5.18;3.89;9.28;NA;6.16;7.75;NA;NA;ND;NA;NA;NA;
23;22;4.25;3.99;5.96;NA;4.44;5.3;NA;NA;ND;NA;NA;NA;
23;23;ND;27.69;6.55;NA;ND;8.99;NA;NA;ND;NA;NA;NA;
24;0;0.09;20.69;0.25;NA;19.96;1.71;NA;NA;ND;NA;NA;NA;
24;1;7.68;19.53;5.93;NA;8.98;6.59;NA;NA;ND;NA;NA;NA;
24;2;1.67;4.5;5.28;NA;5.06;5.94;NA;NA;ND;NA;NA;NA;
24;3;2.86;10.81;2.47;NA;2.1;5.53;NA;NA;ND;NA;NA;NA;
24;4;3.53;8.83;4.55;NA;0;2.95;NA;NA;ND;NA;NA;NA;
24;5;5.61;14.65;2.64;NA;13.1;7.16;NA;NA;ND;NA;NA;NA;
24;6;5.58;24.4;3.42;NA;27.25;5.78;NA;NA;ND;NA;NA;NA;
24;7;6.27;37.16;4.69;NA;18.44;9.48;NA;NA;ND;NA;NA;NA;
24;8;4.64;19.91;7.08;NA;29.79;15.82;NA;NA;ND;NA;NA;NA;
24;9;9.41;11.75;6.32;NA;14.12;5.39;NA;NA;ND;NA;NA;NA;
24;10;12.08;6.68;15.83;NA;6.03;0.38;NA;NA;ND;NA;NA;NA;
24;11;9.9;6.97;9.15;NA;3.17;10.57;NA;NA;ND;NA;NA;NA;
24;12;3.5;0;4.71;NA;7.38;11.94;NA;NA;ND;NA;NA;NA;
24;13;6.5;24.47;6.14;NA;0.99;11.76;NA;NA;ND;NA;NA;NA;
24;14;4.16;25.52;7.66;NA;16.37;12.19;NA;NA;ND;NA;NA;NA;
24;15;8.28;28.49;6.33;NA;19.02;16.23;NA;NA;ND;NA;NA;NA;
24;16;6.22;29.44;12.44;NA;22.15;10.98;NA;NA;ND;NA;NA;NA;
24;17;10.46;13.69;8.69;NA;11.13;10.21;NA;NA;ND;NA;NA;NA;
24;18;7.91;18;12.68;NA;17.42;7.35;NA;NA;ND;NA;NA;NA;
24;19;6.37;35.92;11.71;NA;5.51;7.59;NA;NA;ND;NA;NA;NA;
24;20;19.46;17.62;14.77;NA;8.66;14.1;NA;NA;ND;NA;NA;NA;
24;21;9.82;25.03;11.3;NA;21.4;15.63;NA;NA;ND;NA;NA;NA;
24;22;9.63;21.57;3.51;NA;16.55;9.28;NA;NA;ND;NA;NA;NA;
24;23;ND;35.31;5.42;NA;ND;13.72;NA;NA;ND;NA;NA;NA;
25;0;3.81;16.92;7.22;NA;22.45;9.84;NA;NA;ND;NA;NA;NA;
25;1;0.39;46.89;7.59;NA;17.61;7.85;NA;NA;ND;NA;NA;NA;
25;2;6.8;38.31;4.88;NA;1.96;2.58;NA;NA;ND;NA;NA;NA;
25;3;8.82;31.98;1.81;NA;6.33;8.34;NA;NA;ND;NA;NA;NA;
25;4;18.64;17.94;6.66;NA;7.62;6.13;NA;NA;ND;NA;NA;NA;
25;5;8.61;6.28;2.11;NA;8.8;2.65;NA;NA;ND;NA;NA;NA;
25;6;1.86;47.94;3.57;NA;19.26;13.54;NA;NA;ND;NA;NA;NA;
25;7;2.7;27.19;4.66;NA;13.01;6.46;NA;NA;ND;NA;NA;NA;
25;8;23.82;20.65;4.54;NA;6.77;10.69;NA;NA;ND;NA;NA;NA;
25;9;11.44;21;7.35;NA;17.14;7.61;NA;NA;ND;NA;NA;NA;
25;10;15.86;22.2;3.78;NA;2.17;6.84;NA;NA;ND;NA;NA;NA;
25;11;12.33;1.13;12.62;NA;5.51;3.44;NA;NA;ND;NA;NA;NA;
25;12;4.65;58.9;14.36;NA;13.07;11.62;NA;NA;ND;NA;NA;NA;
25;13;12.77;36.19;18.05;NA;2.89;14.84;NA;NA;ND;NA;NA;NA;
25;14;11.17;50.58;18.25;NA;28.41;25.51;NA;NA;ND;NA;NA;NA;
25;15;6.32;32.09;13.57;NA;35.23;40.36;NA;NA;ND;NA;NA;NA;
25;16;7.04;3.28;13.28;NA;21.85;30.39;NA;NA;ND;NA;NA;NA;
25;17;2.77;24.44;16.75;NA;20.38;15.36;NA;NA;ND;NA;NA;NA;
25;18;5.06;26.75;11.62;NA;11.89;7.01;NA;NA;ND;NA;NA;NA;
25;19;14.16;27.88;15.41;NA;8.7;10.06;NA;NA;ND;NA;NA;NA;
25;20;4.4;17.37;10.98;NA;7.35;12.09;NA;NA;ND;NA;NA;NA;
25;21;6.48;15.53;10.78;NA;24.38;24;NA;NA;ND;NA;NA;NA;
25;22;4.2;16.9;15.89;NA;19.09;26.29;NA;NA;ND;NA;NA;NA;
25;23;ND;21.7;14.19;NA;ND;24.34;NA;NA;ND;NA;NA;NA;
26;0;4.16;15.32;5.86;NA;16.43;19.76;NA;NA;ND;NA;NA;NA;
26;1;11.16;9.48;13.03;NA;16.91;32.83;NA;NA;ND;NA;NA;NA;
26;2;6.82;9.1;15.91;NA;20.84;39.55;NA;NA;ND;NA;NA;NA;
26;3;5.55;24.35;33.01;NA;47.2;60.54;NA;NA;ND;NA;NA;NA;
26;4;1.5;29.02;19.25;NA;26.75;37.28;NA;NA;ND;NA;NA;NA;
26;5;7.16;9.09;15.14;NA;19.09;29.24;NA;NA;ND;NA;NA;NA;
26;6;8.72;22;15.35;NA;32.67;15.73;NA;NA;ND;NA;NA;NA;
26;7;10.18;26.25;8.62;NA;20.21;14.8;NA;NA;ND;NA;NA;NA;
26;8;12.64;28.52;15.01;NA;26.14;23.22;NA;NA;ND;NA;NA;NA;
26;9;17.94;23.63;11.91;NA;21.46;18.39;NA;NA;ND;NA;NA;NA;
26;10;13.21;18.73;4.15;NA;14.14;11.22;NA;NA;ND;NA;NA;NA;
26;11;11.18;31.12;10.71;NA;14.87;6.63;NA;NA;ND;NA;NA;NA;
26;12;20.76;17.33;7.32;NA;16.58;8.23;NA;NA;ND;NA;NA;NA;
26;13;10.34;39.94;3.84;NA;8.24;10.35;NA;NA;ND;NA;NA;NA;
26;14;19.92;44.86;14.07;NA;16.95;7.81;NA;NA;ND;NA;NA;NA;
26;15;18.58;33.57;10.12;NA;19.67;17.02;NA;NA;ND;NA;NA;NA;
26;16;20.35;50.38;14.66;NA;19.54;9.06;NA;NA;ND;NA;NA;NA;
26;17;12.69;33.52;8.71;NA;13.44;13.67;NA;NA;ND;NA;NA;NA;
26;18;36.16;32.6;17.26;NA;10.58;8.31;NA;NA;ND;NA;NA;NA;
26;19;13.1;41.97;12.44;NA;47.55;7.56;NA;NA;ND;NA;NA;NA;
26;20;16.28;28.05;12.72;NA;56.99;18.61;NA;NA;ND;NA;NA;NA;
26;21;9.15;35.98;20.06;NA;53.39;25.59;NA;NA;ND;NA;NA;NA;
26;22;10.7;10.96;13.33;NA;26.28;9.35;NA;NA;ND;NA;NA;NA;
26;23;ND;27.43;9.72;NA;ND;10.79;NA;NA;ND;NA;NA;NA;
27;0;8.53;20.14;13.99;NA;11.59;21.83;NA;NA;ND;NA;NA;NA;
27;1;7.52;24.44;10.98;NA;28.36;15.15;NA;NA;ND;NA;NA;NA;
27;2;7.51;19.69;7.52;NA;51.68;11.46;NA;NA;ND;NA;NA;NA;
27;3;6.03;16.45;3.37;NA;37.07;12.93;NA;NA;ND;NA;NA;NA;
27;4;13.93;32.52;7.1;NA;23.18;16.18;NA;NA;ND;NA;NA;NA;
27;5;10.89;45.31;3.19;NA;20.32;10.32;NA;NA;ND;NA;NA;NA;
27;6;10.94;33.25;4.62;NA;33.03;18.96;NA;NA;ND;NA;NA;NA;
27;7;5.63;32.8;7.6;NA;37.62;12.21;NA;NA;ND;NA;NA;NA;
27;8;8.01;40.79;11.14;NA;26.77;21.47;NA;NA;ND;NA;NA;NA;
27;9;16.54;16.66;10.69;NA;10.57;12.53;NA;NA;ND;NA;NA;NA;
27;10;15.67;16.97;8.81;NA;21.29;11.29;NA;NA;ND;NA;NA;NA;
27;11;16.03;33.75;3.96;NA;12.21;9.61;NA;NA;ND;NA;NA;NA;
27;12;5.95;19.78;7.39;NA;9.07;15.2;NA;NA;ND;NA;NA;NA;
27;13;5.8;13.67;8;NA;4.3;6.02;NA;NA;ND;NA;NA;NA;
27;14;5.18;3.37;4.83;NA;3.57;11.47;NA;NA;ND;NA;NA;NA;
27;15;2.83;14.14;7.26;NA;2.59;6.14;NA;NA;ND;NA;NA;NA;
27;16;14.13;31.16;16.64;NA;12.84;9.19;NA;NA;ND;NA;NA;NA;
27;17;9.17;7.07;5.97;NA;9.88;4.57;NA;NA;ND;NA;NA;NA;
27;18;7.79;16.01;11.95;NA;13.2;8.23;NA;NA;ND;NA;NA;NA;
27;19;10.36;48.53;4.27;NA;24.42;7.33;NA;NA;ND;NA;NA;NA;
27;20;12.29;33.48;11.1;NA;5.26;14.93;NA;NA;ND;NA;NA;NA;
27;21;16.41;32.75;6.13;NA;10.42;23.94;NA;NA;ND;NA;NA;NA;
27;22;6.82;39.32;10.43;NA;45.2;12.28;NA;NA;ND;NA;NA;NA;
27;23;ND;22.37;9.24;NA;ND;11.48;NA;NA;ND;NA;NA;NA;
28;0;5.47;27.85;12.07;NA;34.57;17.33;NA;NA;ND;NA;NA;NA;
28;1;9.82;7.78;12.22;NA;16.89;14.19;NA;NA;ND;NA;NA;NA;
28;2;13.18;16.66;4.38;NA;7.45;6.55;NA;NA;ND;NA;NA;NA;
28;3;6.61;18.79;5.25;NA;10.34;4.72;NA;NA;ND;NA;NA;NA;
28;4;3.04;17.96;2.65;NA;0.05;6.62;NA;NA;ND;NA;NA;NA;
28;5;11.17;8.96;2.89;NA;11.5;4.7;NA;NA;ND;NA;NA;NA;
28;6;5.95;27.66;4.26;NA;24.75;12.71;NA;NA;ND;NA;NA;NA;
28;7;6.86;34.42;3.9;NA;24.75;6.5;NA;NA;ND;NA;NA;NA;
28;8;8.8;18.79;6.25;NA;17.86;4.3;NA;NA;ND;NA;NA;NA;
28;9;9.01;7.08;7.69;NA;26.31;2.57;NA;NA;ND;NA;NA;NA;
28;10;15.47;25.02;2.21;NA;7.16;5.99;NA;NA;ND;NA;NA;NA;
28;11;10.04;1.96;4.23;NA;15.31;7.03;NA;NA;ND;NA;NA;NA;
28;12;13.13;0.73;6.34;NA;2.99;7.91;NA;NA;ND;NA;NA;NA;
28;13;4.38;14.11;0.65;NA;3.72;4.01;NA;NA;ND;NA;NA;NA;
28;14;6.77;21.99;6.65;NA;0.99;5.67;NA;NA;ND;NA;NA;NA;
28;15;8.63;25.11;6.79;NA;8.56;13.64;NA;NA;ND;NA;NA;NA;
28;16;6.05;15.49;10.91;NA;5.52;5.63;NA;NA;ND;NA;NA;NA;
28;17;3.47;6.19;8.48;NA;25.68;5.43;NA;NA;ND;NA;NA;NA;
28;18;2.05;16.92;5.29;NA;27.06;4.62;NA;NA;ND;NA;NA;NA;
28;19;5.89;45.21;9.43;NA;10.74;6.95;NA;NA;ND;NA;NA;NA;
28;20;17.2;31.46;8.42;NA;19.27;14.23;NA;NA;ND;NA;NA;NA;
28;21;17.57;30.15;15.3;NA;13.06;18.55;NA;NA;ND;NA;NA;NA;
28;22;15.9;12.53;7.57;NA;21.19;9.8;NA;NA;ND;NA;NA;NA;
28;23;ND;26.04;6.67;NA;ND;5.21;NA;NA;ND;NA;NA;NA;
29;0;5.43;2.23;11.98;NA;14.67;8.57;NA;NA;ND;NA;NA;NA;
29;1;7.97;32.38;6.02;NA;14.1;16.46;NA;NA;ND;NA;NA;NA;
29;2;12.59;14.32;8.09;NA;5.51;8.22;NA;NA;ND;NA;NA;NA;
29;3;12.7;16.41;5.2;NA;9.19;5.01;NA;NA;ND;NA;NA;NA;
29;4;16.67;18.98;11.02;NA;13.98;10.7;NA;NA;ND;NA;NA;NA;
29;5;15.72;19.95;15.82;NA;13.17;17.28;NA;NA;ND;NA;NA;NA;
29;6;18.51;3.48;13.33;NA;8.55;15.76;NA;NA;ND;NA;NA;NA;
29;7;13.09;35.82;21.42;NA;17.89;16.54;NA;NA;ND;NA;NA;NA;
29;8;18.57;13.18;46.25;NA;20.18;14.86;NA;NA;ND;NA;NA;NA;
29;9;25.16;24.21;31.75;NA;13.18;13.76;NA;NA;ND;NA;NA;NA;
29;10;31.92;20.55;9.87;NA;7.15;4.29;NA;NA;ND;NA;NA;NA;
29;11;24.52;13.29;17.97;NA;25.36;12.89;NA;NA;ND;NA;NA;NA;
29;12;11.03;13.26;1.67;NA;24.18;16.43;NA;NA;ND;NA;NA;NA;
29;13;7.94;9.75;7.69;NA;15.8;6.04;NA;NA;ND;NA;NA;NA;
29;14;9.81;19.33;7.54;NA;2.89;6.35;NA;NA;ND;NA;NA;NA;
29;15;6.29;7.59;3.31;NA;0.58;3.9;NA;NA;ND;NA;NA;NA;
29;16;13.16;24.19;10.14;NA;9.99;17.09;NA;NA;ND;NA;NA;NA;
29;17;19.01;22.57;13.66;NA;11.99;10.87;NA;NA;ND;NA;NA;NA;
29;18;7.69;15.64;15.13;NA;17.44;20.56;NA;NA;ND;NA;NA;NA;
29;19;15.4;8.73;6.53;NA;22;16.09;NA;NA;ND;NA;NA;NA;
29;20;11.91;2.77;14.39;NA;21.34;13.83;NA;NA;ND;NA;NA;NA;
29;21;20.87;20.61;15.3;NA;18.04;18.15;NA;NA;ND;NA;NA;NA;
29;22;11.28;28.82;12.3;NA;18.99;17.37;NA;NA;ND;NA;NA;NA;
29;23;ND;15.67;9.31;NA;ND;13.59;NA;NA;ND;NA;NA;NA;
30;0;6.05;26.32;18.68;NA;10.29;11.97;NA;NA;ND;NA;NA;NA;
30;1;13.61;18.88;6.22;NA;14.81;18.86;NA;NA;ND;NA;NA;NA;
30;2;13.58;11.15;7.44;NA;15.73;16.45;NA;NA;ND;NA;NA;NA;
30;3;11.41;7.36;5.51;NA;10.51;7.58;NA;NA;ND;NA;NA;NA;
30;4;13.22;13.33;13.61;NA;6.44;7.48;NA;NA;ND;NA;NA;NA;
30;5;11.85;28.36;5.56;NA;5.75;7.31;NA;NA;ND;NA;NA;NA;
30;6;16.96;37.16;12.07;NA;25.46;13.46;NA;NA;ND;NA;NA;NA;
30;7;16.83;38.47;6.57;NA;22.17;13.61;NA;NA;ND;NA;NA;NA;
30;8;21.9;14.68;10.58;NA;13.22;16.27;NA;NA;ND;NA;NA;NA;
30;9;20.13;29.39;11.01;NA;19.57;3.95;NA;NA;ND;NA;NA;NA;
30;10;8.1;14.52;2.23;NA;21.31;11.3;NA;NA;ND;NA;NA;NA;
30;11;3.16;2.26;6.08;NA;111.93;1.68;NA;NA;ND;NA;NA;NA;
30;12;10.78;2.28;9.15;NA;17.16;10.63;NA;NA;ND;NA;NA;NA;
30;13;7.13;2.42;1.85;NA;ND;8.06;NA;NA;ND;NA;NA;NA;
30;14;12.77;18.27;11.12;NA;ND;9.24;NA;NA;ND;NA;NA;NA;
30;15;3.39;7.04;8.56;NA;5.82;5.51;NA;NA;ND;NA;NA;NA;
30;16;8.57;7.46;10.98;NA;2.52;5.72;NA;NA;ND;NA;NA;NA;
30;17;15.16;37.55;9.63;NA;5.43;6.22;NA;NA;ND;NA;NA;NA;
30;18;19.81;38.32;18.31;NA;9.67;16.31;NA;NA;ND;NA;NA;NA;
30;19;14.42;34.93;24.46;NA;25.32;16.43;NA;NA;ND;NA;NA;NA;
30;20;18.53;35.49;17.81;NA;28.3;25.26;NA;NA;ND;NA;NA;NA;
30;21;19.58;30.54;22.57;NA;19.01;9.79;NA;NA;ND;NA;NA;NA;
30;22;17.32;14.93;22.11;NA;15.12;28.51;NA;NA;ND;NA;NA;NA;
30;23;ND;30.26;21.04;NA;23.26;24.58;NA;NA;ND;NA;NA;NA;
31;0;13.36;28.6;12.4;NA;18.82;34.45;NA;NA;ND;NA;NA;NA;
31;1;17.66;26.66;22.2;NA;20.6;23.64;NA;NA;ND;NA;NA;NA;
31;2;18.51;13.53;4.39;NA;7.44;12.15;NA;NA;ND;NA;NA;NA;
31;3;16.76;29.3;7.5;NA;7.48;3.67;NA;NA;ND;NA;NA;NA;
31;4;16.63;29.66;4.65;NA;3.09;4.72;NA;NA;ND;NA;NA;NA;
31;5;22.89;33.02;6.66;NA;1.15;8.06;NA;NA;ND;NA;NA;NA;
31;6;26.33;47.56;9.76;NA;15.52;9.64;NA;NA;ND;NA;NA;NA;
31;7;25.59;24.92;5.24;NA;8.03;10.05;NA;NA;ND;NA;NA;NA;
31;8;10.86;27.99;6.27;NA;12.83;8;NA;NA;ND;NA;NA;NA;
31;9;2.29;13.34;7.42;NA;10.34;12.37;NA;NA;ND;NA;NA;NA;
31;10;12.54;3.26;2.48;NA;10.05;4.32;NA;NA;ND;NA;NA;NA;
31;11;11.93;0.99;6.2;NA;8.43;10.95;NA;NA;ND;NA;NA;NA;
31;12;8.13;3.01;8.38;NA;14.64;13.05;NA;NA;ND;NA;NA;NA;
31;13;8.37;3.68;8.46;NA;13.88;8.38;NA;NA;ND;NA;NA;NA;
31;14;8.33;10.51;10.97;NA;4.76;14.89;NA;NA;ND;NA;NA;NA;
31;15;9.32;14.23;13.47;NA;7.39;11;NA;NA;ND;NA;NA;NA;
31;16;2.33;20.11;9.4;NA;1.6;3.45;NA;NA;ND;NA;NA;NA;
31;17;13.33;23.12;14.18;NA;13.98;11.99;NA;NA;ND;NA;NA;NA;
31;18;4.71;29.24;19.68;NA;10.44;10.48;NA;NA;ND;NA;NA;NA;
31;19;7.68;26.61;11.54;NA;10.9;18.78;NA;NA;ND;NA;NA;NA;
31;20;15.76;25.29;38.72;NA;26.34;20.47;NA;NA;ND;NA;NA;NA;
31;21;23.08;12.59;27.86;NA;15.47;17.24;NA;NA;ND;NA;NA;NA;
31;22;6.29;12.68;6.18;NA;14.47;20.65;NA;NA;ND;NA;NA;NA;
31;23;ND;38.51;5.81;NA;6.88;5.65;NA;NA;ND;NA;NA;NA;
