DIA;HORA;Cotocollao;Carapungo;Belisario;Jipijapa;El Camal;Centro;Guamaní;Tumbaco;Los Chillos;El Condado;Turubamba;Chillogallo;
1;0;0.35;ND;ND;NA;ND;0.8;0.57;NA;ND;NA;NA;NA;
1;1;0.22;0.21;0.24;NA;0.25;0.52;0.36;NA;ND;NA;NA;NA;
1;2;0.26;0.2;0.25;NA;0.22;0.34;0.33;NA;ND;NA;NA;NA;
1;3;0.29;0.2;0.25;NA;0.28;0.33;0.34;NA;ND;NA;NA;NA;
1;4;0.28;0.23;0.27;NA;0.36;0.42;0.34;NA;ND;NA;NA;NA;
1;5;0.41;0.26;0.36;NA;0.84;0.56;0.58;NA;ND;NA;NA;NA;
1;6;1.32;0.44;0.57;NA;1.61;0.91;0.94;NA;ND;NA;NA;NA;
1;7;1.07;0.44;1.14;NA;2.17;2.77;2.2;NA;ND;NA;NA;NA;
1;8;2.23;1.14;1.96;NA;2.22;2.02;0.99;NA;ND;NA;NA;NA;
1;9;1.7;0.68;1.55;NA;1.47;1.83;1.36;NA;ND;NA;NA;NA;
1;10;0.89;ND;1.55;NA;1.22;1.65;0.66;NA;ND;NA;NA;NA;
1;11;0.58;ND;0.9;NA;0.85;1.02;0.48;NA;ND;NA;NA;NA;
1;12;0.49;0.53;0.59;NA;0.58;0.63;0.47;NA;ND;NA;NA;NA;
1;13;0.38;0.62;0.56;NA;0.55;0.57;0.53;NA;ND;NA;NA;NA;
1;14;0.36;0.64;0.64;NA;0.69;0.63;0.54;NA;ND;NA;NA;NA;
1;15;0.35;0.49;0.49;NA;0.81;0.71;0.66;NA;ND;NA;NA;NA;
1;16;0.36;0.52;0.44;NA;0.7;0.75;0.65;NA;ND;NA;NA;NA;
1;17;0.39;0.52;1.01;NA;0.86;0.78;0.68;NA;ND;NA;NA;NA;
1;18;0.47;0.81;0.99;NA;1.01;0.97;0.74;NA;ND;NA;NA;NA;
1;19;0.57;0.87;0.9;NA;1.33;1.32;0.67;NA;ND;NA;NA;NA;
1;20;0.73;0.78;1.06;NA;1.63;1.81;0.67;NA;ND;NA;NA;NA;
1;21;0.47;0.85;0.83;NA;1.83;1.8;0.52;NA;ND;NA;NA;NA;
1;22;0.43;0.6;0.6;NA;1.22;1.72;0.47;NA;ND;NA;NA;NA;
1;23;0.4;0.49;1.04;NA;0.88;1.27;0.41;NA;ND;NA;NA;NA;
2;0;ND;0.87;0.48;NA;0.53;ND;ND;NA;ND;NA;NA;NA;
2;1;0.49;0.86;0.44;NA;0.57;0.53;0.36;NA;ND;NA;NA;NA;
2;2;0.36;0.88;0.34;NA;0.44;0.5;0.35;NA;ND;NA;NA;NA;
2;3;0.4;0.69;0.37;NA;0.53;0.49;0.35;NA;ND;NA;NA;NA;
2;4;0.46;0.69;0.22;NA;0.61;0.43;0.35;NA;ND;NA;NA;NA;
2;5;0.65;1.06;0.32;NA;0.79;1.16;0.38;NA;ND;NA;NA;NA;
2;6;1.18;2.09;1.37;NA;2.94;2.84;0.61;NA;ND;NA;NA;NA;
2;7;2.08;3.6;2.52;NA;2.87;1.72;0.54;NA;ND;NA;NA;NA;
2;8;0.93;1.12;1.75;NA;1.33;1.48;0.43;NA;ND;NA;NA;NA;
2;9;0.77;0.91;1.54;NA;1.34;1.9;0.47;NA;ND;NA;NA;NA;
2;10;0.55;0.76;0.87;NA;1.21;1.16;0.59;NA;ND;NA;NA;NA;
2;11;0.43;0.68;0.55;NA;1.05;0.84;0.75;NA;ND;NA;NA;NA;
2;12;0.45;0.54;0.76;NA;1.03;0.73;0.73;NA;ND;NA;NA;NA;
2;13;0.51;0.64;0.74;NA;0.66;0.63;0.68;NA;ND;NA;NA;NA;
2;14;0.45;0.6;0.77;NA;0.62;0.51;0.57;NA;ND;NA;NA;NA;
2;15;0.39;0.55;0.83;NA;0.6;0.61;0.58;NA;ND;NA;NA;NA;
2;16;0.38;0.6;0.56;NA;0.67;0.69;0.67;NA;ND;NA;NA;NA;
2;17;0.45;0.62;0.51;NA;0.73;0.66;0.72;NA;ND;NA;NA;NA;
2;18;0.64;0.69;1.24;NA;1.07;0.92;0.83;NA;ND;NA;NA;NA;
2;19;0.9;0.79;1.29;NA;1.17;1;0.78;NA;ND;NA;NA;NA;
2;20;0.97;0.71;1.61;NA;1.28;1.37;0.74;NA;ND;NA;NA;NA;
2;21;1;0.84;1.48;NA;1.66;1.63;0.55;NA;ND;NA;NA;NA;
2;22;1.04;0.98;1.37;NA;1.78;1.05;0.47;NA;ND;NA;NA;NA;
2;23;1.27;0.82;0.88;NA;1.79;1.87;0.41;NA;ND;NA;NA;NA;
3;0;0.8;ND;ND;NA;ND;1.76;0.37;NA;ND;NA;NA;NA;
3;1;0.69;0.86;1.41;NA;1.18;1.21;0.36;NA;ND;NA;NA;NA;
3;2;0.88;0.78;1.04;NA;0.96;1.15;0.35;NA;ND;NA;NA;NA;
3;3;1.17;0.96;0.83;NA;0.9;1.08;0.33;NA;ND;NA;NA;NA;
3;4;1.12;0.85;0.83;NA;0.99;0.54;0.36;NA;ND;NA;NA;NA;
3;5;1.25;1.05;1.05;NA;0.86;0.88;0.5;NA;ND;NA;NA;NA;
3;6;1.37;1.7;1.34;NA;1.48;1.48;1;NA;ND;NA;NA;NA;
3;7;1.53;2.07;1.84;NA;2.08;1.85;1.01;NA;ND;NA;NA;NA;
3;8;1.46;1.57;2.3;NA;1.78;2.1;0.75;NA;ND;NA;NA;NA;
3;9;0.94;0.68;1.88;NA;1.41;0.94;0.52;NA;ND;NA;NA;NA;
3;10;0.63;0.72;0.53;NA;0.61;0.49;0.52;NA;ND;NA;NA;NA;
3;11;0.39;0.67;0.55;NA;0.67;0.52;0.56;NA;ND;NA;NA;NA;
3;12;0.44;0.68;0.59;NA;0.68;0.53;0.58;NA;ND;NA;NA;NA;
3;13;0.4;0.58;0.5;NA;0.62;0.53;0.53;NA;ND;NA;NA;NA;
3;14;0.34;0.66;0.49;NA;0.59;0.52;0.57;NA;ND;NA;NA;NA;
3;15;0.39;0.68;0.51;NA;0.6;0.5;0.67;NA;ND;NA;NA;NA;
3;16;0.38;0.54;0.51;NA;0.6;0.52;0.69;NA;ND;NA;NA;NA;
3;17;0.4;0.64;0.55;NA;0.57;0.49;0.7;NA;ND;NA;NA;NA;
3;18;0.61;0.6;0.58;NA;0.75;0.61;0.78;NA;ND;NA;NA;NA;
3;19;0.67;0.73;0.57;NA;0.86;0.65;0.76;NA;ND;NA;NA;NA;
3;20;0.73;0.69;0.76;NA;0.79;0.72;0.52;NA;ND;NA;NA;NA;
3;21;0.52;0.6;0.43;NA;0.97;0.67;0.51;NA;ND;NA;NA;NA;
3;22;0.75;0.7;0.47;NA;1.67;0.8;0.45;NA;ND;NA;NA;NA;
3;23;0.92;0.92;0.4;NA;1.57;0.48;0.37;NA;ND;NA;NA;NA;
4;0;ND;1.17;0.37;NA;1.2;ND;ND;NA;ND;NA;NA;NA;
4;1;0.83;1.06;0.3;NA;1.15;1.32;0.35;NA;ND;NA;NA;NA;
4;2;0.8;0.68;0.58;NA;1.02;1.32;0.33;NA;ND;NA;NA;NA;
4;3;0.27;0.46;0.8;NA;0.84;1.17;0.35;NA;ND;NA;NA;NA;
4;4;0.3;0.43;0.34;NA;0.92;1.06;0.5;NA;ND;NA;NA;NA;
4;5;0.38;0.61;0.62;NA;1.01;1.04;0.43;NA;ND;NA;NA;NA;
4;6;0.53;0.95;0.84;NA;0.92;0.92;0.54;NA;ND;NA;NA;NA;
4;7;1.19;1.65;1.18;NA;1.25;1.06;0.68;NA;ND;NA;NA;NA;
4;8;0.72;0.62;0.96;NA;1.16;0.83;0.77;NA;ND;NA;NA;NA;
4;9;0.34;0.49;0.37;NA;0.74;0.41;0.49;NA;ND;NA;NA;NA;
4;10;0.3;0.54;0.37;NA;0.52;0.35;0.48;NA;ND;NA;NA;NA;
4;11;0.32;0.54;0.37;NA;0.56;0.38;0.51;NA;ND;NA;NA;NA;
4;12;0.26;0.54;0.35;NA;0.59;0.37;0.55;NA;ND;NA;NA;NA;
4;13;0.26;0.54;0.48;NA;0.58;0.35;0.58;NA;ND;NA;NA;NA;
4;14;0.29;0.48;0.37;NA;0.55;0.37;0.61;NA;ND;NA;NA;NA;
4;15;0.31;0.51;0.41;NA;0.54;0.42;0.63;NA;ND;NA;NA;NA;
4;16;0.34;0.52;0.36;NA;0.63;0.42;0.71;NA;ND;NA;NA;NA;
4;17;0.4;0.53;0.38;NA;0.77;0.54;0.74;NA;ND;NA;NA;NA;
4;18;0.51;0.59;0.48;NA;0.88;0.58;0.85;NA;ND;NA;NA;NA;
4;19;0.54;0.77;0.85;NA;0.98;0.92;0.96;NA;ND;NA;NA;NA;
4;20;0.39;0.66;0.69;NA;0.94;0.87;0.93;NA;ND;NA;NA;NA;
4;21;0.77;0.61;0.68;NA;0.79;0.97;0.66;NA;ND;NA;NA;NA;
4;22;0.68;0.56;0.34;NA;0.69;0.55;0.62;NA;ND;NA;NA;NA;
4;23;0.62;0.54;0.36;NA;0.84;0.75;0.71;NA;ND;NA;NA;NA;
5;0;0.36;ND;ND;NA;ND;0.71;0.75;NA;ND;NA;NA;NA;
5;1;0.3;0.4;0.35;NA;0.58;0.53;0.5;NA;ND;NA;NA;NA;
5;2;0.31;0.43;0.3;NA;0.57;0.47;0.53;NA;ND;NA;NA;NA;
5;3;0.31;0.42;0.31;NA;0.56;0.46;0.39;NA;ND;NA;NA;NA;
5;4;0.31;0.41;0.29;NA;0.57;0.44;0.54;NA;ND;NA;NA;NA;
5;5;0.46;0.49;0.34;NA;0.64;0.58;0.82;NA;ND;NA;NA;NA;
5;6;0.85;1.08;0.69;NA;1.07;0.99;0.91;NA;ND;NA;NA;NA;
5;7;1.67;1.37;1.1;NA;1.62;1.71;1.07;NA;ND;NA;NA;NA;
5;8;1.53;1.05;1.66;NA;1.65;1.23;0.53;NA;ND;NA;NA;NA;
5;9;0.93;0.88;1.53;NA;0.83;0.95;0.51;NA;ND;NA;NA;NA;
5;10;0.51;0.65;1.3;NA;0.87;0.92;0.51;NA;ND;NA;NA;NA;
5;11;0.38;0.46;1.07;NA;1.22;1;ND;NA;ND;NA;NA;NA;
5;12;0.36;0.47;0.78;NA;1.07;ND;0.64;NA;ND;NA;NA;NA;
5;13;0.41;0.61;ND;NA;0.97;ND;ND;NA;ND;NA;NA;NA;
5;14;0.32;0.47;ND;NA;1.01;ND;ND;NA;ND;NA;NA;NA;
5;15;0.3;0.48;0.55;NA;0.95;0.82;ND;NA;ND;NA;NA;NA;
5;16;0.35;0.62;ND;NA;0.89;0.81;0.52;NA;ND;NA;NA;NA;
5;17;0.39;0.56;0.76;NA;1;1.02;0.51;NA;ND;NA;NA;NA;
5;18;0.39;0.59;ND;NA;1.05;1.27;0.73;NA;ND;NA;NA;NA;
5;19;0.43;0.62;0.86;NA;1.32;1.47;0.7;NA;ND;NA;NA;NA;
5;20;0.71;0.67;0.93;NA;1.09;1.18;0.51;NA;ND;NA;NA;NA;
5;21;0.53;0.77;1;NA;1.18;1.17;0.46;NA;ND;NA;NA;NA;
5;22;0.52;0.58;0.58;NA;ND;0.8;0.5;NA;ND;NA;NA;NA;
5;23;0.49;0.43;0.5;NA;ND;0.73;0.4;NA;ND;NA;NA;NA;
6;0;ND;0.44;0.45;NA;0.71;ND;ND;NA;ND;NA;NA;NA;
6;1;0.41;0.43;0.41;NA;0.67;0.76;0.14;NA;ND;NA;NA;NA;
6;2;0.37;0.4;0.39;NA;0.77;0.71;0.2;NA;ND;NA;NA;NA;
6;3;0.32;0.38;0.42;NA;0.87;0.66;0.1;NA;ND;NA;NA;NA;
6;4;0.37;0.38;0.39;NA;0.98;0.88;0.12;NA;ND;NA;NA;NA;
6;5;0.48;0.59;0.61;NA;1.44;1.15;0.2;NA;ND;NA;NA;NA;
6;6;0.99;1.06;1.15;NA;3.48;2.33;0.3;NA;ND;NA;NA;NA;
6;7;1.26;1.72;2.44;NA;3.65;1.68;0.28;NA;ND;NA;NA;NA;
6;8;1.04;0.81;2.12;NA;2.37;1.7;0.28;NA;ND;NA;NA;NA;
6;9;0.72;0.66;1.82;NA;ND;1.66;0.22;NA;ND;NA;NA;NA;
6;10;0.36;0.64;1.39;NA;ND;1.24;0.19;NA;ND;NA;NA;NA;
6;11;0.32;0.49;0.82;NA;0.81;0.8;0.2;NA;ND;NA;NA;NA;
6;12;0.33;0.54;0.58;NA;0.89;0.73;0.24;NA;ND;NA;NA;NA;
6;13;0.34;0.58;0.59;NA;ND;0.76;0.27;NA;ND;NA;NA;NA;
6;14;0.39;0.56;0.56;NA;1.19;0.89;0.42;NA;ND;NA;NA;NA;
6;15;0.4;0.51;0.63;NA;ND;0.9;0.4;NA;ND;NA;NA;NA;
6;16;0.32;0.5;0.42;NA;1.03;1.11;0.43;NA;ND;NA;NA;NA;
6;17;0.37;0.59;0.4;NA;1.21;0.89;0.57;NA;ND;NA;NA;NA;
6;18;0.45;0.66;1.03;NA;1.11;0.98;0.88;NA;ND;NA;NA;NA;
6;19;0.57;0.68;1.48;NA;1.17;1.57;1.1;NA;ND;NA;NA;NA;
6;20;0.56;0.62;1.18;NA;1.2;1.3;0.79;NA;ND;NA;NA;NA;
6;21;0.68;0.58;0.92;NA;1.13;1.35;0.43;NA;ND;NA;NA;NA;
6;22;0.42;0.62;0.59;NA;0.98;1.11;0.29;NA;ND;NA;NA;NA;
6;23;0.42;0.66;0.43;NA;1.01;1.06;0.28;NA;ND;NA;NA;NA;
7;0;0.32;ND;ND;NA;0.83;1.03;0.21;NA;ND;NA;NA;NA;
7;1;0.32;0.67;0.46;NA;0.92;0.69;0.14;NA;ND;NA;NA;NA;
7;2;0.25;0.64;0.42;NA;0.8;0.53;0.14;NA;ND;NA;NA;NA;
7;3;0.24;0.76;0.33;NA;0.73;0.6;0.1;NA;ND;NA;NA;NA;
7;4;0.31;0.72;0.33;NA;0.85;0.69;0.11;NA;ND;NA;NA;NA;
7;5;0.59;1.16;0.46;NA;1.22;0.98;0.19;NA;ND;NA;NA;NA;
7;6;1.92;2.41;1.41;NA;2.53;1.36;0.34;NA;ND;NA;NA;NA;
7;7;1.25;2.44;1.96;NA;3.3;1.45;0.35;NA;ND;NA;NA;NA;
7;8;1.02;1.13;1.3;NA;1.3;1.31;0.2;NA;ND;NA;NA;NA;
7;9;0.71;0.64;1.19;NA;1.21;1.49;0.15;NA;ND;NA;NA;NA;
7;10;0.44;ND;0.66;NA;ND;0.81;0.22;NA;ND;NA;NA;NA;
7;11;0.33;ND;0.58;NA;ND;ND;0.22;NA;ND;NA;NA;NA;
7;12;0.33;ND;0.58;NA;0.48;0.39;0.29;NA;ND;NA;NA;NA;
7;13;ND;ND;0.71;NA;0.56;0.39;0.31;NA;ND;NA;NA;NA;
7;14;0.51;0.56;0.6;NA;0.53;0.41;0.43;NA;ND;NA;NA;NA;
7;15;0.52;0.58;0.53;NA;0.62;0.49;0.28;NA;ND;NA;NA;NA;
7;16;0.54;0.71;0.64;NA;0.64;0.63;0.4;NA;ND;NA;NA;NA;
7;17;0.64;0.63;0.58;NA;0.82;0.63;0.54;NA;ND;NA;NA;NA;
7;18;0.74;0.64;0.61;NA;1;0.89;0.69;NA;ND;NA;NA;NA;
7;19;0.7;0.69;0.61;NA;0.98;0.98;0.72;NA;ND;NA;NA;NA;
7;20;0.56;0.78;0.64;NA;0.82;0.83;0.5;NA;ND;NA;NA;NA;
7;21;0.62;0.76;0.52;NA;0.94;0.83;0.78;NA;ND;NA;NA;NA;
7;22;0.47;0.68;0.47;NA;1.04;0.91;0.71;NA;ND;NA;NA;NA;
7;23;0.45;0.59;0.59;NA;0.71;0.86;0.25;NA;ND;NA;NA;NA;
8;0;ND;0.67;0.48;NA;ND;ND;ND;NA;ND;NA;NA;NA;
8;1;0.4;0.55;0.45;NA;0.36;0.34;0.13;NA;ND;NA;NA;NA;
8;2;0.36;0.6;0.41;NA;0.34;0.3;0.13;NA;ND;NA;NA;NA;
8;3;0.39;0.62;0.37;NA;0.35;0.27;0.11;NA;ND;NA;NA;NA;
8;4;0.38;0.71;0.4;NA;0.43;0.32;0.12;NA;ND;NA;NA;NA;
8;5;0.72;1.26;0.52;NA;0.7;0.49;0.21;NA;ND;NA;NA;NA;
8;6;1.93;3.04;1.14;NA;2.06;1.43;0.37;NA;ND;NA;NA;NA;
8;7;1.32;2.3;1.3;NA;1.55;1.05;0.31;NA;ND;NA;NA;NA;
8;8;1.07;0.92;1.07;NA;0.61;0.77;0.25;NA;ND;NA;NA;NA;
8;9;0.6;0.72;0.73;NA;0.75;0.68;0.19;NA;ND;NA;NA;NA;
8;10;0.57;0.69;0.7;NA;0.6;0.47;0.21;NA;ND;NA;NA;NA;
8;11;0.5;0.7;0.6;NA;0.49;0.36;0.26;NA;ND;NA;NA;NA;
8;12;0.46;0.68;0.62;NA;0.59;0.4;0.31;NA;ND;NA;NA;NA;
8;13;0.48;0.81;0.64;NA;0.71;0.43;0.28;NA;ND;NA;NA;NA;
8;14;ND;0.61;0.63;NA;0.58;0.43;0.27;NA;ND;NA;NA;NA;
8;15;0.4;0.58;0.74;NA;0.56;0.43;0.36;NA;ND;NA;NA;NA;
8;16;0.39;0.62;0.73;NA;0.66;0.4;0.34;NA;ND;NA;NA;NA;
8;17;0.39;0.62;0.75;NA;0.71;0.45;0.38;NA;ND;NA;NA;NA;
8;18;0.59;0.88;1.07;NA;0.76;0.59;0.42;NA;ND;NA;NA;NA;
8;19;0.81;0.84;0.96;NA;0.6;0.69;0.42;NA;ND;NA;NA;NA;
8;20;0.81;0.93;1.01;NA;0.69;0.82;0.35;NA;ND;NA;NA;NA;
8;21;0.8;0.84;1.2;NA;0.79;0.98;0.24;NA;ND;NA;NA;NA;
8;22;0.68;0.74;0.77;NA;1.06;0.68;0.23;NA;ND;NA;NA;NA;
8;23;0.67;1.03;0.56;NA;0.58;0.49;0.16;NA;ND;NA;NA;NA;
9;0;0.81;ND;ND;NA;ND;0.34;0.14;NA;ND;NA;NA;NA;
9;1;0.57;0.57;0.24;NA;0.3;0.26;0.13;NA;ND;NA;NA;NA;
9;2;0.48;0.6;0.24;NA;0.28;0.27;0.12;NA;ND;NA;NA;NA;
9;3;0.42;0.64;0.23;NA;0.29;0.27;0.12;NA;ND;NA;NA;NA;
9;4;0.42;0.67;0.25;NA;0.3;0.32;0.13;NA;ND;NA;NA;NA;
9;5;0.62;1.26;0.32;NA;0.55;0.49;0.18;NA;ND;NA;NA;NA;
9;6;1.47;3.74;1.08;NA;1.43;0.95;0.39;NA;ND;NA;NA;NA;
9;7;1.69;6.4;0.88;NA;1.42;1.06;0.38;NA;ND;NA;NA;NA;
9;8;1;1.87;0.79;NA;0.62;0.83;0.3;NA;ND;NA;NA;NA;
9;9;0.73;1.13;0.8;NA;0.54;0.75;0.29;NA;ND;NA;NA;NA;
9;10;1.09;1.11;0.88;NA;0.53;0.63;0.38;NA;ND;NA;NA;NA;
9;11;0.77;0.91;0.87;NA;0.54;0.53;0.36;NA;ND;NA;NA;NA;
9;12;0.49;0.74;0.8;NA;0.6;0.53;0.27;NA;ND;NA;NA;NA;
9;13;0.44;0.78;0.67;NA;0.59;0.44;0.27;NA;ND;NA;NA;NA;
9;14;0.41;0.68;0.66;NA;0.59;0.41;0.32;NA;ND;NA;NA;NA;
9;15;0.41;0.65;0.66;NA;0.68;0.45;0.36;NA;ND;NA;NA;NA;
9;16;0.41;0.63;0.72;NA;0.71;0.46;0.34;NA;ND;NA;NA;NA;
9;17;0.57;0.64;0.91;NA;0.74;0.51;0.49;NA;ND;NA;NA;NA;
9;18;0.66;0.83;0.96;NA;0.94;0.55;0.57;NA;ND;NA;NA;NA;
9;19;0.74;0.78;1.07;NA;0.74;0.72;0.5;NA;ND;NA;NA;NA;
9;20;0.81;0.76;1.18;NA;0.76;0.91;0.36;NA;ND;NA;NA;NA;
9;21;1.12;0.67;1.09;NA;0.64;0.96;0.31;NA;ND;NA;NA;NA;
9;22;1.37;0.62;0.85;NA;0.91;0.72;0.25;NA;ND;NA;NA;NA;
9;23;1.4;0.64;0.49;NA;0.95;0.58;0.18;NA;ND;NA;NA;NA;
10;0;ND;0.79;0.54;NA;0.71;ND;ND;NA;ND;NA;NA;NA;
10;1;0.62;0.49;0.66;NA;0.5;0.51;0.13;NA;ND;NA;NA;NA;
10;2;0.66;0.6;0.75;NA;0.62;0.71;0.15;NA;ND;NA;NA;NA;
10;3;0.78;0.62;0.7;NA;1.09;0.99;0.15;NA;ND;NA;NA;NA;
10;4;0.79;0.58;0.74;NA;0.92;0.73;0.2;NA;ND;NA;NA;NA;
10;5;0.76;0.64;0.68;NA;0.77;0.55;0.33;NA;ND;NA;NA;NA;
10;6;0.97;1.23;0.95;NA;1.18;0.81;0.6;NA;ND;NA;NA;NA;
10;7;1.06;1.19;1.31;NA;1.38;0.94;0.85;NA;ND;NA;NA;NA;
10;8;1.07;0.95;1.49;NA;0.77;0.88;0.44;NA;ND;NA;NA;NA;
10;9;0.97;0.97;1.09;NA;0.78;0.6;0.25;NA;ND;NA;NA;NA;
10;10;0.68;0.71;0.98;NA;0.78;0.52;0.28;NA;ND;NA;NA;NA;
10;11;0.49;0.65;0.71;NA;0.68;0.55;0.42;NA;ND;NA;NA;NA;
10;12;0.43;0.72;0.68;NA;0.86;0.59;0.58;NA;ND;NA;NA;NA;
10;13;0.53;0.69;0.67;NA;0.93;0.54;0.61;NA;ND;NA;NA;NA;
10;14;0.49;0.76;0.73;NA;0.79;0.82;0.53;NA;ND;NA;NA;NA;
10;15;0.67;0.73;0.9;NA;0.94;0.9;0.74;NA;ND;NA;NA;NA;
10;16;0.77;0.7;1.12;NA;1.06;1.48;0.86;NA;ND;NA;NA;NA;
10;17;0.98;0.81;1.02;NA;2.02;1.96;0.77;NA;ND;NA;NA;NA;
10;18;1.04;0.72;1.07;NA;2.36;2.2;1.15;NA;ND;NA;NA;NA;
10;19;0.78;0.71;1.15;NA;2.46;1.43;0.97;NA;ND;NA;NA;NA;
10;20;0.85;0.76;1.11;NA;1.86;1;0.78;NA;ND;NA;NA;NA;
10;21;0.83;1.05;0.97;NA;1.4;1.15;0.52;NA;ND;NA;NA;NA;
10;22;0.71;0.87;0.99;NA;0.76;1.45;0.49;NA;ND;NA;NA;NA;
10;23;0.69;0.79;0.79;NA;0.77;1.45;0.67;NA;ND;NA;NA;NA;
11;0;0.72;ND;ND;NA;ND;1.1;0.22;NA;ND;NA;NA;NA;
11;1;0.44;0.57;0.51;NA;1.18;1.05;0.46;NA;ND;NA;NA;NA;
11;2;0.3;0.53;0.49;NA;0.78;0.58;0.59;NA;ND;NA;NA;NA;
11;3;0.38;0.52;0.48;NA;0.57;0.45;0.29;NA;ND;NA;NA;NA;
11;4;0.35;0.59;0.49;NA;0.68;0.6;0.38;NA;ND;NA;NA;NA;
11;5;0.33;0.88;0.45;NA;0.94;0.87;0.86;NA;ND;NA;NA;NA;
11;6;0.62;1.24;0.78;NA;1.03;0.93;1.99;NA;ND;NA;NA;NA;
11;7;0.51;1.08;0.84;NA;1.33;1.26;1.19;NA;ND;NA;NA;NA;
11;8;0.63;0.81;0.75;NA;1.2;1.01;0.24;NA;ND;NA;NA;NA;
11;9;0.52;0.71;0.82;NA;0.99;0.86;0.3;NA;ND;NA;NA;NA;
11;10;0.45;0.65;0.77;NA;0.72;0.61;0.34;NA;ND;NA;NA;NA;
11;11;0.32;0.57;0.65;NA;0.7;0.58;0.35;NA;ND;NA;NA;NA;
11;12;0.3;0.59;0.57;NA;0.63;0.51;0.35;NA;ND;NA;NA;NA;
11;13;0.41;0.7;0.46;NA;0.77;0.65;0.45;NA;ND;NA;NA;NA;
11;14;0.44;0.81;0.43;NA;0.81;0.69;0.62;NA;ND;NA;NA;NA;
11;15;0.47;0.7;0.5;NA;0.7;0.58;0.67;NA;ND;NA;NA;NA;
11;16;0.43;0.63;0.59;NA;0.83;0.71;0.82;NA;ND;NA;NA;NA;
11;17;0.58;0.76;0.67;NA;0.66;0.55;0.7;NA;ND;NA;NA;NA;
11;18;0.74;0.79;0.76;NA;0.94;0.82;0.71;NA;ND;NA;NA;NA;
11;19;0.47;0.82;0.74;NA;1.54;1.42;0.55;NA;ND;NA;NA;NA;
11;20;0.65;0.73;0.48;NA;0.65;0.53;0.44;NA;ND;NA;NA;NA;
11;21;0.64;0.6;0.72;NA;1.03;0.91;0.56;NA;ND;NA;NA;NA;
11;22;ND;0.64;0.69;NA;1.03;0.92;0.56;NA;ND;NA;NA;NA;
11;23;ND;0.8;0.63;NA;0.81;0.77;0.5;NA;ND;NA;NA;NA;
12;0;ND;0.63;0.4;NA;ND;ND;0.22;NA;ND;NA;NA;NA;
12;1;0.38;0.52;0.37;NA;0.59;0.43;0.15;NA;ND;NA;NA;NA;
12;2;0.27;0.44;0.3;NA;0.47;0.34;0.21;NA;ND;NA;NA;NA;
12;3;0.27;0.46;0.31;NA;0.49;0.38;0.26;NA;ND;NA;NA;NA;
12;4;0.29;0.59;0.34;NA;0.51;0.39;0.19;NA;ND;NA;NA;NA;
12;5;0.43;0.68;0.46;NA;0.72;0.67;0.44;NA;ND;NA;NA;NA;
12;6;1.39;1.34;1.24;NA;1.22;1.28;0.51;NA;ND;NA;NA;NA;
12;7;0.95;1.24;1.91;NA;2.22;2.13;0.82;NA;ND;NA;NA;NA;
12;8;0.82;0.93;1.54;NA;2.36;2.32;0.38;NA;ND;NA;NA;NA;
12;9;0.5;0.67;0.77;NA;ND;1.65;0.26;NA;ND;NA;NA;NA;
12;10;0.35;0.72;0.62;NA;ND;0.74;0.36;NA;ND;NA;NA;NA;
12;11;0.31;0.6;0.67;NA;ND;0.44;0.35;NA;ND;NA;NA;NA;
12;12;0.34;0.71;0.55;NA;0.64;0.43;0.36;NA;ND;NA;NA;NA;
12;13;0.29;0.68;0.52;NA;0.68;0.43;ND;NA;ND;NA;NA;NA;
12;14;0.31;0.59;0.53;NA;0.67;0.39;ND;NA;ND;NA;NA;NA;
12;15;0.33;0.64;0.6;NA;0.63;0.44;ND;NA;ND;NA;NA;NA;
12;16;0.32;0.6;0.52;NA;0.82;0.55;0.39;NA;ND;NA;NA;NA;
12;17;0.32;0.58;0.57;NA;0.85;0.63;0.49;NA;ND;NA;NA;NA;
12;18;0.63;0.7;0.84;NA;0.89;0.75;0.47;NA;ND;NA;NA;NA;
12;19;0.6;0.77;1.24;NA;1.16;1.06;0.62;NA;ND;NA;NA;NA;
12;20;0.49;0.7;0.61;NA;1.08;0.71;0.67;NA;ND;NA;NA;NA;
12;21;0.4;0.67;0.43;NA;0.91;0.64;0.61;NA;ND;NA;NA;NA;
12;22;0.36;0.64;0.51;NA;0.93;0.84;0.49;NA;ND;NA;NA;NA;
12;23;0.41;0.53;0.39;NA;0.94;0.64;0.45;NA;ND;NA;NA;NA;
13;0;0.32;ND;ND;NA;0.7;0.58;0.27;NA;ND;NA;NA;NA;
13;1;0.27;0.44;0.25;NA;0.59;0.35;0.24;NA;ND;NA;NA;NA;
13;2;0.27;0.42;0.26;NA;0.63;0.45;0.31;NA;ND;NA;NA;NA;
13;3;0.3;0.41;0.26;NA;0.56;0.38;0.28;NA;ND;NA;NA;NA;
13;4;0.26;0.53;0.3;NA;0.61;0.35;0.24;NA;ND;NA;NA;NA;
13;5;0.4;0.54;0.34;NA;0.74;0.52;0.45;NA;ND;NA;NA;NA;
13;6;1.01;1.08;0.69;NA;1.25;1.3;0.7;NA;ND;NA;NA;NA;
13;7;1.83;1.76;1;NA;1.85;1.82;0.51;NA;ND;NA;NA;NA;
13;8;1.1;0.73;1.41;NA;1.25;1.44;0.29;NA;ND;NA;NA;NA;
13;9;0.37;0.6;ND;NA;1.34;1.46;0.47;NA;ND;NA;NA;NA;
13;10;0.31;0.59;ND;NA;1.21;1.09;0.44;NA;ND;NA;NA;NA;
13;11;0.31;0.59;0.69;NA;0.78;0.42;0.41;NA;ND;NA;NA;NA;
13;12;0.31;0.64;0.65;NA;0.72;0.37;0.34;NA;ND;NA;NA;NA;
13;13;0.32;0.69;0.5;NA;0.76;0.38;0.3;NA;ND;NA;NA;NA;
13;14;0.33;0.66;0.52;NA;0.66;0.33;0.29;NA;ND;NA;NA;NA;
13;15;0.31;0.74;0.6;NA;0.66;ND;0.38;NA;ND;NA;NA;NA;
13;16;0.42;0.71;0.6;NA;0.65;ND;0.31;NA;ND;NA;NA;NA;
13;17;0.41;0.59;0.65;NA;0.72;0.4;0.38;NA;ND;NA;NA;NA;
13;18;0.54;0.81;0.75;NA;0.94;0.5;0.41;NA;ND;NA;NA;NA;
13;19;0.74;0.86;0.69;NA;1.05;0.8;0.45;NA;ND;NA;NA;NA;
13;20;0.6;0.79;1.13;NA;1.07;0.91;0.35;NA;ND;NA;NA;NA;
13;21;0.99;0.82;1.18;NA;1.22;0.8;0.26;NA;ND;NA;NA;NA;
13;22;0.77;0.72;0.76;NA;0.99;0.59;0.21;NA;ND;NA;NA;NA;
13;23;0.48;0.65;0.52;NA;0.87;0.41;0.16;NA;ND;NA;NA;NA;
14;0;ND;0.81;0.44;NA;ND;ND;ND;NA;ND;NA;NA;NA;
14;1;0.33;0.55;0.39;NA;0.58;0.35;0.11;NA;ND;NA;NA;NA;
14;2;0.3;0.49;0.32;NA;0.72;0.25;0.11;NA;ND;NA;NA;NA;
14;3;0.34;0.63;0.26;NA;0.7;0.39;0.1;NA;ND;NA;NA;NA;
14;4;0.43;0.47;0.35;NA;0.8;0.45;0.11;NA;ND;NA;NA;NA;
14;5;0.96;0.77;0.49;NA;1.36;0.67;0.16;NA;ND;NA;NA;NA;
14;6;2.1;2.06;1.04;NA;2.58;0.97;0.29;NA;ND;NA;NA;NA;
14;7;1;2.03;1.15;NA;1.94;0.98;0.26;NA;ND;NA;NA;NA;
14;8;1.15;1.04;0.95;NA;0.74;0.71;0.22;NA;ND;NA;NA;NA;
14;9;0.99;0.88;1.1;NA;0.74;0.56;0.21;NA;ND;NA;NA;NA;
14;10;ND;0.81;0.67;NA;0.73;0.51;0.27;NA;ND;NA;NA;NA;
14;11;ND;0.66;0.57;NA;0.71;0.39;0.26;NA;ND;NA;NA;NA;
14;12;ND;0.69;0.54;NA;0.72;0.39;0.26;NA;ND;NA;NA;NA;
14;13;0.31;0.67;0.54;NA;0.79;0.36;0.29;NA;ND;NA;NA;NA;
14;14;0.16;0.58;0.54;NA;0.75;0.37;0.32;NA;ND;NA;NA;NA;
14;15;0.19;0.52;0.41;NA;0.86;0.45;0.5;NA;ND;NA;NA;NA;
14;16;0.25;0.58;0.4;NA;0.98;0.47;0.5;NA;ND;NA;NA;NA;
14;17;0.39;0.57;0.51;NA;1;0.54;0.76;NA;ND;NA;NA;NA;
14;18;0.45;0.73;0.57;NA;1.03;0.56;0.78;NA;ND;NA;NA;NA;
14;19;0.58;0.66;0.48;NA;1.08;0.51;0.58;NA;ND;NA;NA;NA;
14;20;0.62;0.79;0.6;NA;1.14;0.67;0.52;NA;ND;NA;NA;NA;
14;21;0.61;0.71;0.55;NA;1.34;0.67;0.62;NA;ND;NA;NA;NA;
14;22;0.53;0.7;0.48;NA;1.11;0.65;0.63;NA;ND;NA;NA;NA;
14;23;0.44;0.64;0.4;NA;0.94;0.76;0.26;NA;ND;NA;NA;NA;
15;0;0.48;ND;ND;NA;1.04;0.5;0.17;NA;ND;NA;NA;NA;
15;1;0.55;1;0.56;NA;0.81;0.36;0.16;NA;ND;NA;NA;NA;
15;2;0.56;0.67;0.36;NA;0.75;0.35;0.14;NA;ND;NA;NA;NA;
15;3;0.54;0.82;0.45;NA;0.75;0.35;0.17;NA;ND;NA;NA;NA;
15;4;0.62;0.87;0.42;NA;0.84;0.49;0.14;NA;ND;NA;NA;NA;
15;5;0.49;1.6;0.48;NA;1.36;0.88;0.26;NA;ND;NA;NA;NA;
15;6;1.25;2.81;0.88;NA;2.92;1.83;0.46;NA;ND;NA;NA;NA;
15;7;1.57;2.62;2.05;NA;2.76;1.12;0.38;NA;ND;NA;NA;NA;
15;8;1.16;0.84;1.65;NA;1.59;0.94;0.31;NA;ND;NA;NA;NA;
15;9;0.51;0.62;0.73;NA;0.86;0.6;0.25;NA;ND;NA;NA;NA;
15;10;0.46;0.63;0.5;NA;ND;0.43;0.26;NA;ND;NA;NA;NA;
15;11;0.4;0.59;0.51;NA;ND;0.41;0.26;NA;ND;NA;NA;NA;
15;12;0.4;0.66;0.55;NA;0.37;0.44;0.28;NA;ND;NA;NA;NA;
15;13;0.36;0.7;0.53;NA;0.35;0.37;ND;NA;ND;NA;NA;NA;
15;14;0.41;0.7;0.55;NA;0.38;0.41;ND;NA;ND;NA;NA;NA;
15;15;0.48;0.6;0.56;NA;0.38;0.43;ND;NA;ND;NA;NA;NA;
15;16;0.43;0.56;0.64;NA;ND;0.58;0.44;NA;ND;NA;NA;NA;
15;17;0.51;0.58;0.84;NA;0.81;0.74;0.55;NA;ND;NA;NA;NA;
15;18;0.65;0.82;0.9;NA;0.95;0.95;0.75;NA;ND;NA;NA;NA;
15;19;0.82;0.92;0.92;NA;0.9;1.2;0.92;NA;ND;NA;NA;NA;
15;20;1.02;0.81;0.97;NA;1.09;1.52;0.67;NA;ND;NA;NA;NA;
15;21;0.98;0.89;0.79;NA;1.16;1.21;0.59;NA;ND;NA;NA;NA;
15;22;0.71;1.33;0.76;NA;0.79;0.97;0.63;NA;ND;NA;NA;NA;
15;23;1.15;1.25;0.64;NA;0.46;0.62;0.33;NA;ND;NA;NA;NA;
16;0;ND;0.77;0.42;NA;0.38;ND;ND;NA;ND;NA;NA;NA;
16;1;0.59;0.56;0.36;NA;0.3;0.46;0.23;NA;ND;NA;NA;NA;
16;2;0.65;0.57;0.43;NA;0.31;0.4;0.22;NA;ND;NA;NA;NA;
16;3;0.73;0.6;0.51;NA;0.31;0.43;0.21;NA;ND;NA;NA;NA;
16;4;0.63;0.59;0.51;NA;0.3;0.52;0.25;NA;ND;NA;NA;NA;
16;5;0.71;0.72;0.56;NA;0.58;0.73;0.31;NA;ND;NA;NA;NA;
16;6;1.49;1.25;0.85;NA;1.49;2.01;0.53;NA;ND;NA;NA;NA;
16;7;1.52;1;1.03;NA;1.81;1.65;0.52;NA;ND;NA;NA;NA;
16;8;1.17;0.73;1.71;NA;1.38;1.68;0.33;NA;ND;NA;NA;NA;
16;9;0.74;0.89;1.77;NA;1.06;1.04;0.34;NA;ND;NA;NA;NA;
16;10;0.62;0.75;0.73;NA;0.67;0.73;0.34;NA;ND;NA;NA;NA;
16;11;0.45;0.66;0.61;NA;0.5;0.45;0.43;NA;ND;NA;NA;NA;
16;12;0.54;0.65;0.65;NA;0.49;0.5;0.41;NA;ND;NA;NA;NA;
16;13;0.49;0.61;0.61;NA;0.69;0.64;0.49;NA;ND;NA;NA;NA;
16;14;0.52;0.6;0.5;NA;0.54;0.56;0.48;NA;ND;NA;NA;NA;
16;15;0.5;0.57;0.56;NA;0.7;0.63;0.54;NA;ND;NA;NA;NA;
16;16;0.5;0.55;0.44;NA;0.71;0.66;0.76;NA;ND;NA;NA;NA;
16;17;0.47;0.57;0.45;NA;0.8;0.6;0.88;NA;ND;NA;NA;NA;
16;18;0.65;0.74;0.78;NA;0.93;0.75;0.86;NA;ND;NA;NA;NA;
16;19;1.14;0.78;0.83;NA;1.21;1.16;0.84;NA;ND;NA;NA;NA;
16;20;1.01;0.77;0.83;NA;1.17;1.13;0.62;NA;ND;NA;NA;NA;
16;21;1.07;0.63;1.13;NA;0.94;1.91;0.6;NA;ND;NA;NA;NA;
16;22;0.78;0.64;1.04;NA;0.9;1.52;0.44;NA;ND;NA;NA;NA;
16;23;0.77;0.79;1.06;NA;0.73;1.19;0.49;NA;ND;NA;NA;NA;
17;0;0.59;ND;ND;NA;ND;0.85;0.42;NA;ND;NA;NA;NA;
17;1;0.68;0.57;0.64;NA;0.75;0.73;0.46;NA;ND;NA;NA;NA;
17;2;0.66;0.53;0.54;NA;0.82;0.77;0.52;NA;ND;NA;NA;NA;
17;3;0.62;0.57;0.56;NA;0.69;0.62;0.57;NA;ND;NA;NA;NA;
17;4;0.71;0.58;0.51;NA;0.68;0.58;0.37;NA;ND;NA;NA;NA;
17;5;0.65;0.59;0.48;NA;0.53;0.63;0.54;NA;ND;NA;NA;NA;
17;6;0.76;0.56;0.65;NA;0.81;0.74;0.86;NA;ND;NA;NA;NA;
17;7;0.85;1.04;1.03;NA;0.61;1.1;0.56;NA;ND;NA;NA;NA;
17;8;0.94;1.24;1.16;NA;0.81;1.06;0.47;NA;ND;NA;NA;NA;
17;9;1.33;0.89;1.18;NA;0.92;0.7;0.36;NA;ND;NA;NA;NA;
17;10;0.81;0.8;0.72;NA;0.78;0.54;0.42;NA;ND;NA;NA;NA;
17;11;0.61;0.74;0.57;NA;0.61;0.4;0.44;NA;ND;NA;NA;NA;
17;12;0.44;0.62;0.55;NA;0.59;0.37;0.41;NA;ND;NA;NA;NA;
17;13;0.46;0.6;0.56;NA;0.59;0.37;0.49;NA;ND;NA;NA;NA;
17;14;0.45;0.67;0.6;NA;0.78;0.43;0.52;NA;ND;NA;NA;NA;
17;15;0.44;0.57;0.51;NA;1;0.66;0.49;NA;ND;NA;NA;NA;
17;16;0.47;0.63;0.72;NA;0.85;1.14;0.61;NA;ND;NA;NA;NA;
17;17;0.53;0.61;1.27;NA;0.99;1.39;0.77;NA;ND;NA;NA;NA;
17;18;0.64;0.64;1.15;NA;0.84;1.09;0.8;NA;ND;NA;NA;NA;
17;19;0.69;0.7;0.92;NA;0.86;1.07;0.91;NA;ND;NA;NA;NA;
17;20;0.67;0.58;0.78;NA;0.54;0.89;0.68;NA;ND;NA;NA;NA;
17;21;0.67;0.62;0.89;NA;0.8;0.7;0.65;NA;ND;NA;NA;NA;
17;22;0.47;0.51;0.79;NA;0.84;0.64;0.62;NA;ND;NA;NA;NA;
17;23;0.42;0.57;0.63;NA;0.71;0.51;0.52;NA;ND;NA;NA;NA;
18;0;ND;0.41;0.53;NA;0.46;ND;ND;NA;ND;NA;NA;NA;
18;1;0.37;0.42;0.52;NA;0.48;0.58;0.39;NA;ND;NA;NA;NA;
18;2;0.41;0.4;0.54;NA;0.52;0.55;0.32;NA;ND;NA;NA;NA;
18;3;0.42;0.44;0.47;NA;0.51;0.5;0.33;NA;ND;NA;NA;NA;
18;4;0.52;0.46;0.4;NA;0.4;0.57;0.37;NA;ND;NA;NA;NA;
18;5;0.51;0.5;0.39;NA;0.44;0.52;0.38;NA;ND;NA;NA;NA;
18;6;0.56;0.9;0.54;NA;0.83;0.84;1.13;NA;ND;NA;NA;NA;
18;7;0.71;0.79;0.97;NA;0.88;1;0.91;NA;ND;NA;NA;NA;
18;8;0.95;0.83;0.87;NA;1.04;0.91;0.58;NA;ND;NA;NA;NA;
18;9;0.8;0.92;0.78;NA;0.66;0.57;0.38;NA;ND;NA;NA;NA;
18;10;0.65;0.78;0.74;NA;0.64;0.61;0.35;NA;ND;NA;NA;NA;
18;11;0.42;0.53;0.58;NA;0.72;0.53;0.4;NA;ND;NA;NA;NA;
18;12;0.42;0.6;0.47;NA;0.62;0.45;0.54;NA;ND;NA;NA;NA;
18;13;0.41;0.63;0.43;NA;0.9;0.46;0.59;NA;ND;NA;NA;NA;
18;14;0.39;0.54;0.38;NA;0.84;0.5;0.93;NA;ND;NA;NA;NA;
18;15;0.39;0.55;0.42;NA;0.67;0.52;0.82;NA;ND;NA;NA;NA;
18;16;0.44;0.54;0.61;NA;0.56;0.67;0.7;NA;ND;NA;NA;NA;
18;17;0.6;0.65;0.68;NA;0.62;0.77;0.57;NA;ND;NA;NA;NA;
18;18;0.62;0.78;0.76;NA;0.98;0.87;0.66;NA;ND;NA;NA;NA;
18;19;0.81;0.89;0.78;NA;1.31;0.82;1.33;NA;ND;NA;NA;NA;
18;20;0.79;ND;0.67;NA;1.17;0.85;1.24;NA;ND;NA;NA;NA;
18;21;0.58;0.48;0.57;NA;0.74;0.76;0.6;NA;ND;NA;NA;NA;
18;22;0.45;ND;0.49;NA;0.5;0.63;0.38;NA;ND;NA;NA;NA;
18;23;0.4;0.47;0.4;NA;0.51;0.58;0.31;NA;ND;NA;NA;NA;
19;0;0.36;0.47;ND;NA;ND;0.49;0.44;NA;ND;NA;NA;NA;
19;1;0.35;0.45;0.38;NA;0.44;0.47;0.34;NA;ND;NA;NA;NA;
19;2;0.35;0.44;0.31;NA;0.35;0.42;0.27;NA;ND;NA;NA;NA;
19;3;0.34;0.43;0.33;NA;0.34;0.37;0.33;NA;ND;NA;NA;NA;
19;4;0.35;0.44;0.34;NA;0.32;0.34;0.28;NA;ND;NA;NA;NA;
19;5;0.46;0.52;0.42;NA;0.44;0.43;0.4;NA;ND;NA;NA;NA;
19;6;0.85;1.01;0.67;NA;1.08;0.66;0.75;NA;ND;NA;NA;NA;
19;7;1.09;1.23;1.02;NA;1.53;1.04;0.68;NA;ND;NA;NA;NA;
19;8;1.3;1.13;1.22;NA;1.26;1.39;0.57;NA;ND;NA;NA;NA;
19;9;1.29;1.02;1.42;NA;0.88;0.91;0.5;NA;ND;NA;NA;NA;
19;10;1.12;0.91;0.96;NA;0.81;0.69;0.36;NA;ND;NA;NA;NA;
19;11;0.78;0.85;1;NA;0.65;0.56;0.38;NA;ND;NA;NA;NA;
19;12;0.55;0.7;0.98;NA;0.65;0.54;0.41;NA;ND;NA;NA;NA;
19;13;0.49;0.68;0.85;NA;0.83;0.71;0.51;NA;ND;NA;NA;NA;
19;14;0.46;0.62;0.86;NA;0.74;0.7;0.78;NA;ND;NA;NA;NA;
19;15;0.47;0.63;0.85;NA;ND;0.7;0.52;NA;ND;NA;NA;NA;
19;16;0.45;0.59;1.16;NA;0.78;0.84;0.58;NA;ND;NA;NA;NA;
19;17;0.52;ND;1.4;NA;0.98;1.12;0.67;NA;ND;NA;NA;NA;
19;18;0.54;0.69;1.74;NA;0.96;1.42;0.81;NA;ND;NA;NA;NA;
19;19;0.65;0.73;1.54;NA;0.96;1.27;0.62;NA;ND;NA;NA;NA;
19;20;0.66;0.7;0.94;NA;1.17;1.16;0.51;NA;ND;NA;NA;NA;
19;21;0.61;0.73;0.78;NA;1.2;0.6;0.59;NA;ND;NA;NA;NA;
19;22;0.66;0.6;0.72;NA;0.93;1.13;0.53;NA;ND;NA;NA;NA;
19;23;0.52;0.54;0.49;NA;0.83;0.64;0.37;NA;ND;NA;NA;NA;
20;0;ND;0.52;0.39;NA;0.79;ND;ND;NA;ND;NA;NA;NA;
20;1;0.4;0.49;0.32;NA;0.48;0.35;0.27;NA;ND;NA;NA;NA;
20;2;0.4;0.5;0.3;NA;0.4;0.29;0.29;NA;ND;NA;NA;NA;
20;3;0.4;0.5;0.3;NA;0.42;0.29;0.28;NA;ND;NA;NA;NA;
20;4;0.42;0.59;0.31;NA;0.47;0.3;0.32;NA;ND;NA;NA;NA;
20;5;0.49;0.62;0.37;NA;0.77;0.42;0.52;NA;ND;NA;NA;NA;
20;6;1.03;1.03;0.68;NA;1.27;0.65;0.7;NA;ND;NA;NA;NA;
20;7;1.33;1.17;1.09;NA;1.37;1.21;0.66;NA;ND;NA;NA;NA;
20;8;1.09;1.08;1.14;NA;0.98;1.04;0.49;NA;ND;NA;NA;NA;
20;9;0.84;0.85;1.2;NA;0.87;0.75;0.36;NA;ND;NA;NA;NA;
20;10;ND;ND;1.02;NA;0.84;0.87;0.39;NA;ND;NA;NA;NA;
20;11;ND;ND;0.92;NA;0.97;0.79;0.52;NA;ND;NA;NA;NA;
20;12;ND;0.53;0.74;NA;0.88;0.67;0.55;NA;ND;NA;NA;NA;
20;13;ND;0.53;0.71;NA;0.82;0.68;0.62;NA;ND;NA;NA;NA;
20;14;ND;0.37;0.65;NA;0.85;0.64;0.56;NA;ND;NA;NA;NA;
20;15;0.57;0.35;0.81;NA;0.84;0.56;0.62;NA;ND;NA;NA;NA;
20;16;0.45;0.37;1.35;NA;0.84;0.91;0.76;NA;ND;NA;NA;NA;
20;17;ND;0.41;1.75;NA;0.86;1.14;0.87;NA;ND;NA;NA;NA;
20;18;1.24;0.45;1.68;NA;1.06;1.18;1.08;NA;ND;NA;NA;NA;
20;19;1.27;0.48;1.39;NA;1.21;1.57;1.23;NA;ND;NA;NA;NA;
20;20;1.24;0.69;1.09;NA;1.47;1.12;0.98;NA;ND;NA;NA;NA;
20;21;1.03;0.59;0.87;NA;1.21;0.9;0.61;NA;ND;NA;NA;NA;
20;22;0.66;0.42;0.56;NA;1.07;0.63;0.66;NA;ND;NA;NA;NA;
20;23;0.49;0.24;0.5;NA;0.74;0.53;0.46;NA;ND;NA;NA;NA;
21;0;0.43;ND;ND;NA;ND;0.41;0.47;NA;ND;NA;NA;NA;
21;1;0.34;0.22;0.51;NA;0.54;0.44;0.4;NA;ND;NA;NA;NA;
21;2;0.31;0.21;0.31;NA;0.52;0.34;0.38;NA;ND;NA;NA;NA;
21;3;0.32;0.21;0.31;NA;0.45;0.28;0.34;NA;ND;NA;NA;NA;
21;4;0.33;0.21;0.32;NA;0.49;0.29;0.35;NA;ND;NA;NA;NA;
21;5;0.4;0.25;0.34;NA;0.65;0.3;0.45;NA;ND;NA;NA;NA;
21;6;1.14;0.59;0.78;NA;1.48;0.67;0.58;NA;ND;NA;NA;NA;
21;7;1.57;1.09;1.71;NA;1.75;1.59;0.72;NA;ND;NA;NA;NA;
21;8;1.58;0.9;1.72;NA;1.45;1.26;0.93;NA;ND;NA;NA;NA;
21;9;1.24;0.68;1.73;NA;0.89;0.96;0.57;NA;ND;NA;NA;NA;
21;10;0.8;0.52;1.11;NA;0.82;0.62;0.39;NA;ND;NA;NA;NA;
21;11;0.55;0.44;0.92;NA;0.8;0.53;0.45;NA;ND;NA;NA;NA;
21;12;0.57;0.44;0.74;NA;0.72;0.63;0.55;NA;ND;NA;NA;NA;
21;13;0.5;0.49;0.71;NA;1;0.67;0.51;NA;ND;NA;NA;NA;
21;14;0.45;0.49;0.68;NA;0.88;0.56;0.52;NA;ND;NA;NA;NA;
21;15;0.44;0.52;0.84;NA;0.91;1.03;0.69;NA;ND;NA;NA;NA;
21;16;0.44;0.59;1.13;NA;0.89;0.97;0.91;NA;ND;NA;NA;NA;
21;17;0.44;0.49;1.17;NA;0.99;0.86;0.95;NA;ND;NA;NA;NA;
21;18;0.66;0.48;1.53;NA;0.94;0.97;0.95;NA;ND;NA;NA;NA;
21;19;0.7;0.46;1.36;NA;1.1;1.04;0.94;NA;ND;NA;NA;NA;
21;20;0.81;0.42;1.16;NA;1.1;1.18;1.03;NA;ND;NA;NA;NA;
21;21;0.58;0.47;0.97;NA;0.89;1.07;0.92;NA;ND;NA;NA;NA;
21;22;0.61;0.38;0.83;NA;1.37;0.74;0.83;NA;ND;NA;NA;NA;
21;23;0.44;0.3;0.68;NA;0.96;0.73;0.43;NA;ND;NA;NA;NA;
22;0;ND;0.33;0.53;NA;0.71;ND;ND;NA;ND;NA;NA;NA;
22;1;0.33;0.25;0.39;NA;0.68;0.42;0.37;NA;ND;NA;NA;NA;
22;2;0.33;0.26;0.35;NA;0.61;0.35;0.32;NA;ND;NA;NA;NA;
22;3;0.35;0.26;0.38;NA;0.55;0.34;0.42;NA;ND;NA;NA;NA;
22;4;0.35;0.24;0.36;NA;0.59;0.34;0.56;NA;ND;NA;NA;NA;
22;5;0.41;0.29;0.39;NA;0.7;0.39;0.61;NA;ND;NA;NA;NA;
22;6;0.84;0.72;0.64;NA;1.4;0.71;1.1;NA;ND;NA;NA;NA;
22;7;1.07;0.74;1.24;NA;1.49;1.57;0.93;NA;ND;NA;NA;NA;
22;8;0.8;0.38;1.26;NA;1.16;0.97;0.47;NA;ND;NA;NA;NA;
22;9;0.69;0.62;0.98;NA;0.93;0.61;0.45;NA;ND;NA;NA;NA;
22;10;0.45;0.41;0.93;NA;0.78;0.57;0.5;NA;ND;NA;NA;NA;
22;11;0.4;0.36;0.92;NA;0.89;0.68;0.52;NA;ND;NA;NA;NA;
22;12;0.34;0.39;0.67;NA;0.91;0.6;0.51;NA;ND;NA;NA;NA;
22;13;0.39;0.45;0.62;NA;0.93;0.53;0.6;NA;ND;NA;NA;NA;
22;14;0.39;0.43;0.77;NA;0.87;0.57;0.53;NA;ND;NA;NA;NA;
22;15;0.52;0.45;0.77;NA;0.95;0.52;0.63;NA;ND;NA;NA;NA;
22;16;0.63;0.57;0.9;NA;1.03;0.97;0.76;NA;ND;NA;NA;NA;
22;17;0.66;0.49;1.17;NA;1.43;0.88;0.72;NA;ND;NA;NA;NA;
22;18;0.87;0.5;1.13;NA;1.58;1.33;0.98;NA;ND;NA;NA;NA;
22;19;0.68;0.54;1.37;NA;1.34;1.15;1.14;NA;ND;NA;NA;NA;
22;20;0.56;0.47;1.36;NA;1.32;1.21;1.08;NA;ND;NA;NA;NA;
22;21;0.58;0.36;1.28;NA;1.25;1;0.76;NA;ND;NA;NA;NA;
22;22;0.6;0.34;0.89;NA;0.85;0.69;0.57;NA;ND;NA;NA;NA;
22;23;0.44;0.3;0.64;NA;0.67;0.42;0.59;NA;ND;NA;NA;NA;
23;0;0.33;ND;ND;NA;ND;0.39;0.39;NA;ND;NA;NA;NA;
23;1;0.33;0.26;0.39;NA;0.56;0.4;0.41;NA;ND;NA;NA;NA;
23;2;0.38;0.28;0.4;NA;0.61;0.38;0.38;NA;ND;NA;NA;NA;
23;3;0.37;0.24;0.4;NA;0.65;0.39;0.37;NA;ND;NA;NA;NA;
23;4;0.35;0.24;0.42;NA;0.72;0.47;0.51;NA;ND;NA;NA;NA;
23;5;0.45;0.37;0.39;NA;0.8;0.45;0.67;NA;ND;NA;NA;NA;
23;6;1.03;1.12;0.85;NA;1.68;1.5;1.75;NA;ND;NA;NA;NA;
23;7;0.98;1.97;1.35;NA;2.83;1.89;1.75;NA;ND;NA;NA;NA;
23;8;1.1;0.78;1.5;NA;1.56;1.65;0.56;NA;ND;NA;NA;NA;
23;9;1.05;0.64;1.27;NA;1.29;0.94;0.6;NA;ND;NA;NA;NA;
23;10;0.77;0.56;1.18;NA;1.23;1;0.53;NA;ND;NA;NA;NA;
23;11;0.5;0.45;1.03;NA;1.04;0.86;0.57;NA;ND;NA;NA;NA;
23;12;0.41;0.46;0.88;NA;1.04;0.66;0.74;NA;ND;NA;NA;NA;
23;13;0.4;0.44;0.76;NA;1.12;0.82;0.71;NA;ND;NA;NA;NA;
23;14;0.39;0.35;0.82;NA;ND;0.63;0.74;NA;ND;NA;NA;NA;
23;15;0.42;0.41;1.16;NA;0.54;0.65;0.67;NA;ND;NA;NA;NA;
23;16;0.45;0.41;1.52;NA;0.67;0.56;0.75;NA;ND;NA;NA;NA;
23;17;0.57;0.44;1.52;NA;0.66;0.95;0.89;NA;ND;NA;NA;NA;
23;18;0.59;0.5;1.37;NA;1.04;0.83;1.15;NA;ND;NA;NA;NA;
23;19;0.78;0.6;1.43;NA;1.04;0.91;0.73;NA;ND;NA;NA;NA;
23;20;0.82;0.61;1.27;NA;0.99;1.64;1.15;NA;ND;NA;NA;NA;
23;21;0.73;0.63;1.37;NA;0.95;1.67;1.18;NA;ND;NA;NA;NA;
23;22;0.49;0.44;0.93;NA;0.56;0.88;0.49;NA;ND;NA;NA;NA;
23;23;0.39;0.38;0.78;NA;0.38;0.66;0.34;NA;ND;NA;NA;NA;
24;0;ND;0.26;0.47;NA;0.5;ND;ND;NA;ND;NA;NA;NA;
24;1;0.38;0.27;0.51;NA;0.39;0.51;0.43;NA;ND;NA;NA;NA;
24;2;0.57;0.29;0.64;NA;0.42;0.68;0.52;NA;ND;NA;NA;NA;
24;3;0.44;0.48;0.51;NA;0.39;0.47;0.33;NA;ND;NA;NA;NA;
24;4;0.39;0.29;0.46;NA;0.5;0.47;0.72;NA;ND;NA;NA;NA;
24;5;0.41;0.25;0.48;NA;0.53;0.49;1.23;NA;ND;NA;NA;NA;
24;6;0.5;0.35;0.64;NA;0.75;0.59;1.19;NA;ND;NA;NA;NA;
24;7;0.82;0.67;1.06;NA;0.74;0.7;0.88;NA;ND;NA;NA;NA;
24;8;0.85;0.7;0.87;NA;0.95;0.95;0.62;NA;ND;NA;NA;NA;
24;9;1.06;0.83;1.19;NA;0.75;0.92;0.4;NA;ND;NA;NA;NA;
24;10;0.68;0.67;0.91;NA;0.56;0.68;0.46;NA;ND;NA;NA;NA;
24;11;0.67;0.59;0.89;NA;0.6;0.72;0.44;NA;ND;NA;NA;NA;
24;12;0.51;0.43;0.83;NA;1.06;0.94;0.63;NA;ND;NA;NA;NA;
24;13;0.48;0.42;0.78;NA;0.81;0.5;0.59;NA;ND;NA;NA;NA;
24;14;0.47;0.44;0.84;NA;0.73;0.43;0.56;NA;ND;NA;NA;NA;
24;15;0.45;0.4;0.8;NA;0.48;0.49;0.57;NA;ND;NA;NA;NA;
24;16;0.46;0.38;0.76;NA;0.49;0.53;0.62;NA;ND;NA;NA;NA;
24;17;0.54;0.45;0.68;NA;0.53;0.72;0.58;NA;ND;NA;NA;NA;
24;18;0.75;0.5;0.8;NA;0.63;0.78;0.61;NA;ND;NA;NA;NA;
24;19;0.93;0.58;0.81;NA;0.75;0.76;0.62;NA;ND;NA;NA;NA;
24;20;0.79;0.4;0.78;NA;1.06;0.68;0.56;NA;ND;NA;NA;NA;
24;21;0.73;0.41;0.74;NA;0.8;0.61;0.49;NA;ND;NA;NA;NA;
24;22;0.66;0.43;0.61;NA;0.79;0.58;0.47;NA;ND;NA;NA;NA;
24;23;0.61;0.34;0.47;NA;0.47;0.37;0.45;NA;ND;NA;NA;NA;
25;0;0.57;ND;ND;NA;ND;0.51;0.45;NA;ND;NA;NA;NA;
25;1;0.69;0.28;0.54;NA;0.44;0.46;0.58;NA;ND;NA;NA;NA;
25;2;0.6;0.29;0.52;NA;0.4;0.47;0.43;NA;ND;NA;NA;NA;
25;3;0.48;0.25;0.4;NA;0.29;0.38;0.32;NA;ND;NA;NA;NA;
25;4;0.43;0.29;0.38;NA;0.3;0.27;0.31;NA;ND;NA;NA;NA;
25;5;0.45;0.27;0.4;NA;0.46;0.34;0.53;NA;ND;NA;NA;NA;
25;6;0.68;0.34;0.53;NA;0.75;0.73;1.22;NA;ND;NA;NA;NA;
25;7;0.86;0.5;0.7;NA;0.63;0.86;0.73;NA;ND;NA;NA;NA;
25;8;0.71;0.49;0.6;NA;0.6;0.62;0.52;NA;ND;NA;NA;NA;
25;9;0.64;0.53;0.55;NA;0.58;0.49;0.44;NA;ND;NA;NA;NA;
25;10;0.61;0.55;0.56;NA;0.56;0.4;0.45;NA;ND;NA;NA;NA;
25;11;0.49;0.39;0.62;NA;0.49;0.37;0.43;NA;ND;NA;NA;NA;
25;12;0.45;0.47;0.53;NA;0.57;0.46;0.42;NA;ND;NA;NA;NA;
25;13;0.47;0.42;0.59;NA;0.62;0.47;0.56;NA;ND;NA;NA;NA;
25;14;0.44;0.41;0.5;NA;0.75;0.51;0.58;NA;ND;NA;NA;NA;
25;15;0.46;0.36;0.59;NA;0.61;0.49;0.62;NA;ND;NA;NA;NA;
25;16;0.49;0.38;0.63;NA;0.5;0.48;0.77;NA;ND;NA;NA;NA;
25;17;0.71;0.6;0.64;NA;0.58;0.51;0.82;NA;ND;NA;NA;NA;
25;18;0.7;0.55;0.74;NA;0.72;0.62;0.89;NA;ND;NA;NA;NA;
25;19;0.81;0.45;0.88;NA;0.77;0.7;0.86;NA;ND;NA;NA;NA;
25;20;0.77;0.55;0.83;NA;0.66;0.56;0.61;NA;ND;NA;NA;NA;
25;21;0.61;0.6;0.51;NA;0.67;0.45;0.57;NA;ND;NA;NA;NA;
25;22;0.55;0.39;0.57;NA;0.55;0.62;0.74;NA;ND;NA;NA;NA;
25;23;0.54;0.33;0.51;NA;0.37;0.44;0.54;NA;ND;NA;NA;NA;
26;0;ND;0.37;0.46;NA;0.25;ND;ND;NA;ND;NA;NA;NA;
26;1;0.53;0.27;0.38;NA;0.28;0.3;0.33;NA;ND;NA;NA;NA;
26;2;0.47;0.27;0.41;NA;0.3;0.3;0.42;NA;ND;NA;NA;NA;
26;3;0.46;0.37;0.39;NA;0.36;0.29;0.55;NA;ND;NA;NA;NA;
26;4;0.5;0.38;0.42;NA;0.46;0.27;0.7;NA;ND;NA;NA;NA;
26;5;0.64;0.67;0.5;NA;0.78;0.42;0.97;NA;ND;NA;NA;NA;
26;6;2.03;1.06;1.06;NA;2.1;1.63;1.82;NA;ND;NA;NA;NA;
26;7;1.87;1.5;1.86;NA;2.31;2.28;2.14;NA;ND;NA;NA;NA;
26;8;1.41;0.79;1.42;NA;1.32;1.79;0.88;NA;ND;NA;NA;NA;
26;9;1.22;0.54;1.34;NA;0.88;0.94;0.39;NA;ND;NA;NA;NA;
26;10;1.03;0.74;1.35;NA;0.83;0.74;0.43;NA;ND;NA;NA;NA;
26;11;0.59;0.43;1.19;NA;0.9;1.07;0.55;NA;ND;NA;NA;NA;
26;12;0.53;0.47;0.77;NA;0.85;0.76;0.71;NA;ND;NA;NA;NA;
26;13;ND;0.39;0.68;NA;0.84;0.54;0.63;NA;ND;NA;NA;NA;
26;14;0.33;0.35;0.77;NA;0.67;0.61;0.63;NA;ND;NA;NA;NA;
26;15;0.37;0.38;0.82;NA;0.78;0.78;0.55;NA;ND;NA;NA;NA;
26;16;0.41;0.36;1.25;NA;0.71;0.61;0.63;NA;ND;NA;NA;NA;
26;17;0.53;0.38;1.18;NA;0.77;0.66;0.75;NA;ND;NA;NA;NA;
26;18;0.59;0.45;1.14;NA;0.87;0.72;0.82;NA;ND;NA;NA;NA;
26;19;0.69;0.47;1.14;NA;0.89;0.76;1.02;NA;ND;NA;NA;NA;
26;20;0.51;0.43;0.92;NA;1.25;0.74;0.8;NA;ND;NA;NA;NA;
26;21;0.49;0.39;0.76;NA;0.95;0.55;0.64;NA;ND;NA;NA;NA;
26;22;0.4;0.4;0.66;NA;0.58;0.47;0.47;NA;ND;NA;NA;NA;
26;23;0.43;0.32;0.58;NA;0.51;0.41;0.4;NA;ND;NA;NA;NA;
27;0;0.36;ND;ND;NA;ND;0.44;0.35;NA;ND;NA;NA;NA;
27;1;0.3;0.25;0.34;NA;0.38;0.38;0.34;NA;ND;NA;NA;NA;
27;2;0.28;0.23;0.34;NA;0.38;0.3;0.36;NA;ND;NA;NA;NA;
27;3;0.27;0.22;0.35;NA;0.34;0.29;0.35;NA;ND;NA;NA;NA;
27;4;0.31;0.24;0.38;NA;0.4;0.3;0.49;NA;ND;NA;NA;NA;
27;5;0.38;0.28;0.44;NA;0.53;0.36;0.55;NA;ND;NA;NA;NA;
27;6;0.9;0.64;0.87;NA;0.93;0.93;1.01;NA;ND;NA;NA;NA;
27;7;1.39;1.01;1.31;NA;1.08;0.87;0.73;NA;ND;NA;NA;NA;
27;8;1.07;0.7;1.22;NA;0.71;0.68;0.48;NA;ND;NA;NA;NA;
27;9;0.89;0.51;1.19;NA;0.81;0.8;0.5;NA;ND;NA;NA;NA;
27;10;0.52;0.51;1.03;NA;0.81;0.78;ND;NA;ND;NA;NA;NA;
27;11;0.36;0.46;0.92;NA;0.8;0.82;0.48;NA;ND;NA;NA;NA;
27;12;0.33;0.44;0.74;NA;0.77;0.69;0.56;NA;ND;NA;NA;NA;
27;13;0.38;0.42;0.71;NA;0.6;0.47;0.56;NA;ND;NA;NA;NA;
27;14;0.38;0.4;0.63;NA;0.73;0.61;0.47;NA;ND;NA;NA;NA;
27;15;0.85;0.53;1.38;NA;1.19;1.19;0.83;NA;ND;NA;NA;NA;
27;16;1.14;0.83;1.48;NA;1.4;1.55;1.28;NA;ND;NA;NA;NA;
27;17;1.05;0.75;1.83;NA;1.67;2.11;0.75;NA;ND;NA;NA;NA;
27;18;0.91;1.09;1.58;NA;1.88;1.41;1.14;NA;ND;NA;NA;NA;
27;19;1.45;2.26;2.07;NA;1.86;1.42;2.17;NA;ND;NA;NA;NA;
27;20;1.08;1.26;1.48;NA;2.85;1.93;2.13;NA;ND;NA;NA;NA;
27;21;1.49;1.51;1.75;NA;2.99;1.41;1.26;NA;ND;NA;NA;NA;
27;22;1.21;1.01;1.24;NA;2.97;0.92;1.05;NA;ND;NA;NA;NA;
27;23;1.36;1.06;1.5;NA;2.15;0.8;1.47;NA;ND;NA;NA;NA;
28;0;ND;1.22;0.68;NA;1.89;ND;ND;NA;ND;NA;NA;NA;
28;1;0.6;1.01;0.69;NA;1.51;0.59;0.47;NA;ND;NA;NA;NA;
28;2;0.83;0.94;0.73;NA;1.22;0.77;0.45;NA;ND;NA;NA;NA;
28;3;0.39;0.83;0.58;NA;1.07;0.79;0.46;NA;ND;NA;NA;NA;
28;4;0.44;0.85;0.5;NA;1.19;0.81;0.69;NA;ND;NA;NA;NA;
28;5;0.62;1.26;0.72;NA;1.43;1.27;0.78;NA;ND;NA;NA;NA;
28;6;2.05;2.76;1.64;NA;2.87;2.7;0.71;NA;ND;NA;NA;NA;
28;7;2.42;2.66;2.02;NA;3.51;3.2;0.55;NA;ND;NA;NA;NA;
28;8;1.24;1.43;2.19;NA;2;2.49;0.4;NA;ND;NA;NA;NA;
28;9;0.58;0.88;1.38;NA;1.42;1.13;0.39;NA;ND;NA;NA;NA;
28;10;0.42;0.46;1.13;NA;0.92;0.78;0.4;NA;ND;NA;NA;NA;
28;11;0.37;0.41;0.89;NA;0.75;0.7;0.49;NA;ND;NA;NA;NA;
28;12;0.31;0.4;0.65;NA;0.67;0.59;0.48;NA;ND;NA;NA;NA;
28;13;0.39;0.43;0.71;NA;0.66;0.47;0.49;NA;ND;NA;NA;NA;
28;14;0.36;0.4;0.62;NA;0.68;0.49;0.61;NA;ND;NA;NA;NA;
28;15;0.35;0.45;0.57;NA;0.86;0.57;0.59;NA;ND;NA;NA;NA;
28;16;0.36;0.44;0.74;NA;0.88;0.64;0.78;NA;ND;NA;NA;NA;
28;17;0.43;0.42;0.74;NA;0.93;0.8;0.75;NA;ND;NA;NA;NA;
28;18;0.64;0.44;1.27;NA;0.96;0.81;0.81;NA;ND;NA;NA;NA;
28;19;0.82;0.48;1.17;NA;0.89;0.98;0.78;NA;ND;NA;NA;NA;
28;20;0.66;0.6;0.94;NA;1.18;1.4;0.7;NA;ND;NA;NA;NA;
28;21;0.88;0.87;0.65;NA;1.43;1.24;0.72;NA;ND;NA;NA;NA;
28;22;0.91;0.96;0.89;NA;1.62;0.68;0.62;NA;ND;NA;NA;NA;
28;23;0.57;0.62;0.61;NA;1.5;0.43;0.37;NA;ND;NA;NA;NA;
29;0;0.46;ND;ND;NA;ND;0.52;0.31;NA;ND;NA;NA;NA;
29;1;0.4;0.3;0.34;NA;0.58;0.3;0.28;NA;ND;NA;NA;NA;
29;2;0.4;0.28;0.36;NA;0.55;0.27;0.28;NA;ND;NA;NA;NA;
29;3;0.59;0.27;0.38;NA;0.67;0.39;0.28;NA;ND;NA;NA;NA;
29;4;0.33;0.36;0.39;NA;0.65;0.5;0.3;NA;ND;NA;NA;NA;
29;5;0.44;0.99;0.5;NA;1.25;0.68;0.4;NA;ND;NA;NA;NA;
29;6;0.83;1.21;1.03;NA;3.79;2.59;0.56;NA;ND;NA;NA;NA;
29;7;1.09;1.69;1.99;NA;2.82;2.62;0.59;NA;ND;NA;NA;NA;
29;8;0.7;1.13;1.84;NA;0.84;0.95;0.5;NA;ND;NA;NA;NA;
29;9;0.81;0.67;1.31;NA;0.75;0.59;0.42;NA;ND;NA;NA;NA;
29;10;0.54;0.5;0.79;NA;0.63;0.5;0.43;NA;ND;NA;NA;NA;
29;11;0.37;0.44;0.73;NA;ND;0.39;0.4;NA;ND;NA;NA;NA;
29;12;0.32;0.44;0.7;NA;0.38;0.42;0.48;NA;ND;NA;NA;NA;
29;13;0.38;0.48;0.67;NA;0.42;0.37;0.49;NA;ND;NA;NA;NA;
29;14;0.34;0.38;0.61;NA;0.38;0.44;0.52;NA;ND;NA;NA;NA;
29;15;0.35;0.35;0.54;NA;0.67;0.48;0.65;NA;ND;NA;NA;NA;
29;16;0.34;0.38;0.74;NA;0.58;0.62;0.67;NA;ND;NA;NA;NA;
29;17;0.36;0.37;0.81;NA;0.65;0.87;0.88;NA;ND;NA;NA;NA;
29;18;0.45;0.47;1.09;NA;0.86;1.12;1.16;NA;ND;NA;NA;NA;
29;19;0.73;0.57;1.28;NA;0.94;1.32;1.16;NA;ND;NA;NA;NA;
29;20;0.92;0.53;1.15;NA;1.08;1.47;1.47;NA;ND;NA;NA;NA;
29;21;0.81;0.55;1.01;NA;1.27;1.62;0.97;NA;ND;NA;NA;NA;
29;22;0.83;0.55;0.87;NA;2.24;1.72;0.59;NA;ND;NA;NA;NA;
29;23;0.47;0.42;0.87;NA;1.67;1.13;0.45;NA;ND;NA;NA;NA;
30;0;ND;0.25;0.66;NA;0.63;ND;ND;NA;ND;NA;NA;NA;
30;1;0.33;0.25;0.7;NA;0.57;0.58;0.3;NA;ND;NA;NA;NA;
30;2;0.29;0.24;0.63;NA;0.43;0.72;0.29;NA;ND;NA;NA;NA;
30;3;0.29;0.38;0.55;NA;0.38;0.41;0.29;NA;ND;NA;NA;NA;
30;4;0.32;0.34;0.35;NA;0.39;0.39;0.29;NA;ND;NA;NA;NA;
30;5;0.46;0.4;0.36;NA;0.6;0.52;0.37;NA;ND;NA;NA;NA;
30;6;0.63;1.11;0.56;NA;1.27;1.01;0.51;NA;ND;NA;NA;NA;
30;7;0.97;1.23;0.7;NA;0.97;0.81;0.53;NA;ND;NA;NA;NA;
30;8;0.94;0.77;0.76;NA;0.54;0.7;0.47;NA;ND;NA;NA;NA;
30;9;0.7;0.74;0.73;NA;0.44;0.55;0.46;NA;ND;NA;NA;NA;
30;10;0.43;0.52;0.69;NA;0.42;0.46;0.47;NA;ND;NA;NA;NA;
30;11;0.38;0.46;0.69;NA;0.4;0.39;0.43;NA;ND;NA;NA;NA;
30;12;0.37;0.44;0.77;NA;0.42;0.36;0.45;NA;ND;NA;NA;NA;
30;13;0.39;0.45;0.79;NA;0.4;0.31;0.45;NA;ND;NA;NA;NA;
30;14;0.37;0.36;0.65;NA;0.45;0.44;0.51;NA;ND;NA;NA;NA;
30;15;0.39;0.41;0.77;NA;0.44;0.49;0.56;NA;ND;NA;NA;NA;
30;16;0.4;0.46;0.75;NA;0.54;0.45;0.54;NA;ND;NA;NA;NA;
30;17;0.47;0.55;1.09;NA;0.65;0.46;0.62;NA;ND;NA;NA;NA;
30;18;0.6;0.57;0.96;NA;0.72;0.59;0.73;NA;ND;NA;NA;NA;
30;19;0.97;0.73;1.06;NA;0.58;0.79;0.68;NA;ND;NA;NA;NA;
30;20;0.88;0.68;1.02;NA;0.46;0.72;0.51;NA;ND;NA;NA;NA;
30;21;0.78;0.76;0.78;NA;0.44;0.69;0.48;NA;ND;NA;NA;NA;
30;22;0.6;1.05;0.59;NA;0.43;0.57;0.39;NA;ND;NA;NA;NA;
30;23;0.49;0.79;0.46;NA;0.4;0.45;0.34;NA;ND;NA;NA;NA;
31;0;0.51;ND;ND;NA;ND;0.34;0.33;NA;ND;NA;NA;NA;
31;1;0.44;0.77;0.4;NA;0.35;0.31;0.31;NA;ND;NA;NA;NA;
31;2;0.34;0.92;0.4;NA;0.29;0.32;0.33;NA;ND;NA;NA;NA;
31;3;0.3;0.46;0.35;NA;0.33;0.33;0.32;NA;ND;NA;NA;NA;
31;4;0.41;0.56;0.34;NA;0.3;0.35;0.32;NA;ND;NA;NA;NA;
31;5;0.45;0.66;0.35;NA;0.67;0.49;0.39;NA;ND;NA;NA;NA;
31;6;0.77;1.38;0.42;NA;0.68;0.72;0.58;NA;ND;NA;NA;NA;
31;7;0.45;1.47;0.51;NA;0.44;0.68;0.69;NA;ND;NA;NA;NA;
31;8;0.5;0.78;0.66;NA;0.5;0.61;0.71;NA;ND;NA;NA;NA;
31;9;0.49;0.54;0.63;NA;0.52;0.52;0.59;NA;ND;NA;NA;NA;
31;10;0.41;0.45;0.64;NA;0.47;0.42;0.53;NA;ND;NA;NA;NA;
31;11;0.41;0.44;0.59;NA;0.52;0.37;0.6;NA;ND;NA;NA;NA;
31;12;0.35;0.44;0.66;NA;0.53;0.41;0.57;NA;ND;NA;NA;NA;
31;13;0.39;0.38;0.61;NA;0.58;0.37;0.58;NA;ND;NA;NA;NA;
31;14;0.35;0.4;0.59;NA;0.73;0.48;0.65;NA;ND;NA;NA;NA;
31;15;0.36;0.37;0.62;NA;0.94;0.61;0.64;NA;ND;NA;NA;NA;
31;16;0.42;0.49;0.59;NA;0.9;0.79;0.71;NA;ND;NA;NA;NA;
31;17;0.53;0.51;0.97;NA;0.99;1.03;0.95;NA;ND;NA;NA;NA;
31;18;0.59;0.46;1.19;NA;1.82;1.68;1.04;NA;ND;NA;NA;NA;
31;19;0.83;0.56;0.86;NA;1.77;1.31;0.81;NA;ND;NA;NA;NA;
31;20;1.12;0.62;0.79;NA;1.83;1.29;0.54;NA;ND;NA;NA;NA;
31;21;1.07;0.62;0.79;NA;1.1;0.81;0.48;NA;ND;NA;NA;NA;
31;22;0.84;0.4;0.58;NA;1.02;0.68;0.42;NA;ND;NA;NA;NA;
31;23;0.71;0.5;0.48;NA;0.93;0.6;0.37;NA;ND;NA;NA;NA;
