DIA;HORA;Cotocollao;Carapungo;Belisario;Jipijapa;El Camal;Centro;Guamaní;Tumbaco;Los Chillos;El Condado;Turubamba;Chillogallo;
1;0;18.58;20.87;ND;NA;17.65;18.01;NA;NA;ND;NA;NA;NA;
1;1;10.91;8.77;25.62;NA;31.03;20.78;NA;NA;ND;NA;NA;NA;
1;2;6.41;11.92;18.47;NA;28.52;27.55;NA;NA;ND;NA;NA;NA;
1;3;17.41;13.75;14.91;NA;27.92;20.76;NA;NA;ND;NA;NA;NA;
1;4;15.4;3.29;18.81;NA;22.11;25.64;NA;NA;ND;NA;NA;NA;
1;5;15.07;15.46;18.35;NA;24.25;27.69;NA;NA;ND;NA;NA;NA;
1;6;19.12;12.38;27.1;NA;40.22;33.29;NA;NA;ND;NA;NA;NA;
1;7;18.2;23.5;32.61;NA;57.32;44.54;NA;NA;ND;NA;NA;NA;
1;8;20.06;27.94;23.84;NA;49.78;31.96;NA;NA;ND;NA;NA;NA;
1;9;26.48;22.93;22.38;NA;33.16;34.3;NA;NA;ND;NA;NA;NA;
1;10;28.44;15.77;32.5;NA;38.53;27.67;NA;NA;ND;NA;NA;NA;
1;11;17;8.06;28.03;NA;23.96;34.69;NA;NA;ND;NA;NA;NA;
1;12;29.93;17.21;28.65;NA;22.05;33.84;NA;NA;ND;NA;NA;NA;
1;13;5.3;8.79;18.66;NA;15.89;27.39;NA;NA;ND;NA;NA;NA;
1;14;3.52;2.43;5.3;NA;13.98;2.66;NA;NA;ND;NA;NA;NA;
1;15;18.9;16.84;25.41;NA;15.72;8.92;NA;NA;ND;NA;NA;NA;
1;16;8.54;13.59;14.62;NA;18.67;11.99;NA;NA;ND;NA;NA;NA;
1;17;7.21;9.56;17.43;NA;ND;11.53;NA;NA;ND;NA;NA;NA;
1;18;7.67;14.21;10.56;NA;ND;12.23;NA;NA;ND;NA;NA;NA;
1;19;19.29;14.78;18.61;NA;22.31;13.88;NA;NA;ND;NA;NA;NA;
1;20;11.52;11.97;8.9;NA;28.61;26.31;NA;NA;ND;NA;NA;NA;
1;21;9.79;17.46;18.66;NA;25.88;16.08;NA;NA;ND;NA;NA;NA;
1;22;12.12;17.71;7.16;NA;11.12;9.89;NA;NA;ND;NA;NA;NA;
1;23;9.94;18.13;9.14;NA;29.27;14.66;NA;NA;ND;NA;NA;NA;
2;0;13.55;14.25;5.53;NA;35.72;20.06;NA;NA;ND;NA;NA;NA;
2;1;19.02;17.64;13.32;NA;5.87;25.06;NA;NA;ND;NA;NA;NA;
2;2;11.55;17.45;14.44;NA;13.66;17.63;NA;NA;ND;NA;NA;NA;
2;3;11.47;15.99;10.13;NA;23.86;9.05;NA;NA;ND;NA;NA;NA;
2;4;15.8;21.47;11.77;NA;21.61;15.85;NA;NA;ND;NA;NA;NA;
2;5;16.61;17.9;12.64;NA;30.41;13.34;NA;NA;ND;NA;NA;NA;
2;6;14.99;20.44;15.05;NA;22.99;25.36;NA;NA;ND;NA;NA;NA;
2;7;16.15;29.15;7.76;NA;36.91;20.27;NA;NA;ND;NA;NA;NA;
2;8;21.08;19.08;15.04;NA;41.64;26.83;NA;NA;ND;NA;NA;NA;
2;9;22.28;26.36;26.88;NA;37.24;27.29;NA;NA;ND;NA;NA;NA;
2;10;31.89;7.86;12.12;NA;ND;22.46;NA;NA;ND;NA;NA;NA;
2;11;17.75;20.49;27.54;NA;ND;22.67;NA;NA;ND;NA;NA;NA;
2;12;21.38;27.03;18.89;NA;ND;23.34;NA;NA;ND;NA;NA;NA;
2;13;8.36;17.56;20.68;NA;ND;24.61;NA;NA;ND;NA;NA;NA;
2;14;6.53;7.74;8.67;NA;ND;21.21;NA;NA;ND;NA;NA;NA;
2;15;7.83;13.68;11.65;NA;ND;6.99;NA;NA;ND;NA;NA;NA;
2;16;8.55;9.1;11.07;NA;ND;3.91;NA;NA;ND;NA;NA;NA;
2;17;10.18;8.7;16.84;NA;ND;18.13;NA;NA;ND;NA;NA;NA;
2;18;7.33;16.03;17.14;NA;ND;15.27;NA;NA;ND;NA;NA;NA;
2;19;21.59;13.3;11.39;NA;ND;13.94;NA;NA;ND;NA;NA;NA;
2;20;21.42;17.38;17.71;NA;ND;17.72;NA;NA;ND;NA;NA;NA;
2;21;25.45;16.67;19.09;NA;ND;18.08;NA;NA;ND;NA;NA;NA;
2;22;20.29;13.76;12.77;NA;ND;11.86;NA;NA;ND;NA;NA;NA;
2;23;40.82;20.7;11.94;NA;ND;17.49;NA;NA;ND;NA;NA;NA;
3;0;27.51;12.39;0.14;NA;ND;6.93;NA;NA;ND;NA;NA;NA;
3;1;16.12;27.93;9.82;NA;ND;17.14;NA;NA;ND;NA;NA;NA;
3;2;14.35;16.55;12.09;NA;ND;23.26;NA;NA;ND;NA;NA;NA;
3;3;6.32;33.54;12.34;NA;ND;13.4;NA;NA;ND;NA;NA;NA;
3;4;20.04;27.63;7.93;NA;ND;26.17;NA;NA;ND;NA;NA;NA;
3;5;15.85;33.45;10.3;NA;ND;24.41;NA;NA;ND;NA;NA;NA;
3;6;35.13;58.79;24.02;NA;ND;45.28;NA;NA;ND;NA;NA;NA;
3;7;38.28;62.2;45.36;NA;ND;61.29;NA;NA;ND;NA;NA;NA;
3;8;38.22;32.5;52.44;NA;ND;47.56;NA;NA;ND;NA;NA;NA;
3;9;38.34;14.24;26.62;NA;ND;19.91;NA;NA;ND;NA;NA;NA;
3;10;25.7;16.22;ND;NA;ND;22.3;NA;NA;ND;NA;NA;NA;
3;11;14.19;9.67;ND;NA;ND;32.34;NA;NA;ND;NA;NA;NA;
3;12;8.78;11.47;ND;NA;ND;12.05;NA;NA;ND;NA;NA;NA;
3;13;5.17;0.97;11.93;NA;56.74;4.1;NA;NA;ND;NA;NA;NA;
3;14;7.95;19.62;9.2;NA;ND;6.42;NA;NA;ND;NA;NA;NA;
3;15;9.85;13.42;ND;NA;ND;15.26;NA;NA;ND;NA;NA;NA;
3;16;8.38;16.53;28.41;NA;49.22;25.26;NA;NA;ND;NA;NA;NA;
3;17;10.07;9.32;17.67;NA;23.35;14.62;NA;NA;ND;NA;NA;NA;
3;18;5.63;13.15;18.13;NA;19.29;12.97;NA;NA;ND;NA;NA;NA;
3;19;4.92;22.21;21.38;NA;21.85;12.61;NA;NA;ND;NA;NA;NA;
3;20;8.08;22.29;19.02;NA;27.25;21.94;NA;NA;ND;NA;NA;NA;
3;21;9.2;20.36;18.85;NA;18.6;29.14;NA;NA;ND;NA;NA;NA;
3;22;13.84;20.24;14.52;NA;27.57;18.04;NA;NA;ND;NA;NA;NA;
3;23;13.38;19.85;20.89;NA;12.41;11.34;NA;NA;ND;NA;NA;NA;
4;0;20.37;14.11;20.45;NA;5.18;9.01;NA;NA;ND;NA;NA;NA;
4;1;18.79;19.03;15.82;NA;22.93;15.39;NA;NA;ND;NA;NA;NA;
4;2;26.45;15.67;18.48;NA;21.36;20.59;NA;NA;ND;NA;NA;NA;
4;3;28.45;11.19;14.95;NA;23.88;21.66;NA;NA;ND;NA;NA;NA;
4;4;26.41;18.75;22.79;NA;16.97;28.93;NA;NA;ND;NA;NA;NA;
4;5;28.75;18.86;19.54;NA;27.87;22.26;NA;NA;ND;NA;NA;NA;
4;6;33.06;28.86;27.91;NA;36.6;30.88;NA;NA;ND;NA;NA;NA;
4;7;36.5;35.65;34.03;NA;50.79;42.15;NA;NA;ND;NA;NA;NA;
4;8;34.52;30.81;41.7;NA;51.88;54.23;NA;NA;ND;NA;NA;NA;
4;9;31.73;38.61;50.72;NA;47.02;53.54;NA;NA;ND;NA;NA;NA;
4;10;38.15;34.23;43.59;NA;25.28;34.88;NA;NA;ND;NA;NA;NA;
4;11;21.15;29.26;29.8;NA;31.66;26.77;NA;NA;ND;NA;NA;NA;
4;12;13.8;21.16;35.8;NA;28.81;35.62;NA;NA;ND;NA;NA;NA;
4;13;7.74;31.94;18.34;NA;40.54;37.65;NA;NA;ND;NA;NA;NA;
4;14;5.78;16.41;13.58;NA;10.24;9.94;NA;NA;ND;NA;NA;NA;
4;15;6.75;8.73;11.07;NA;0.66;4.38;NA;NA;ND;NA;NA;NA;
4;16;2.76;18.89;8.41;NA;11.02;2.92;NA;NA;ND;NA;NA;NA;
4;17;14.53;14.35;18.15;NA;22.36;26.98;NA;NA;ND;NA;NA;NA;
4;18;4.37;15.71;16.06;NA;9.25;13.56;NA;NA;ND;NA;NA;NA;
4;19;6.44;12.85;19.4;NA;6.08;13.72;NA;NA;ND;NA;NA;NA;
4;20;11.98;11.41;11.52;NA;8.04;18.11;NA;NA;ND;NA;NA;NA;
4;21;5.86;12.75;16.81;NA;22.42;15.04;NA;NA;ND;NA;NA;NA;
4;22;3.79;ND;10.18;NA;8.85;11.81;NA;NA;ND;NA;NA;NA;
4;23;7.09;ND;10.46;NA;12;10.87;NA;NA;ND;NA;NA;NA;
5;0;5.03;14.15;10.41;NA;16.23;2.35;NA;NA;ND;NA;NA;NA;
5;1;5.7;9.89;9.71;NA;8.92;12.21;NA;NA;ND;NA;NA;NA;
5;2;9;8.84;8.19;NA;3.49;9.87;NA;NA;ND;NA;NA;NA;
5;3;5.09;8.3;8.03;NA;4.97;9.03;NA;NA;ND;NA;NA;NA;
5;4;8.66;2.8;8.85;NA;0.04;6.34;NA;NA;ND;NA;NA;NA;
5;5;7.63;15.13;9.09;NA;5.35;13.49;NA;NA;ND;NA;NA;NA;
5;6;19.82;25.96;13.59;NA;19.88;17.33;NA;NA;ND;NA;NA;NA;
5;7;24.07;23.59;25.71;NA;33.13;30.14;NA;NA;ND;NA;NA;NA;
5;8;20.78;12.75;26.43;NA;34.86;31.67;NA;NA;ND;NA;NA;NA;
5;9;21.72;23.63;17.75;NA;ND;20.25;NA;NA;ND;NA;NA;NA;
5;10;23.4;20.3;19.19;NA;ND;29.22;NA;NA;ND;NA;NA;NA;
5;11;21.3;16.42;13.86;NA;ND;16.11;NA;NA;ND;NA;NA;NA;
5;12;18.57;20.04;22.24;NA;ND;30;NA;NA;ND;NA;NA;NA;
5;13;1.9;54.02;27.92;NA;36.33;24.94;NA;NA;ND;NA;NA;NA;
5;14;13.27;24.71;31.69;NA;19;31.27;NA;NA;ND;NA;NA;NA;
5;15;9.98;21.81;15.3;NA;17.34;8.07;NA;NA;ND;NA;NA;NA;
5;16;20.35;11.94;18.12;NA;28.86;13.87;NA;NA;ND;NA;NA;NA;
5;17;9.82;5.69;23.95;NA;18.93;19.47;NA;NA;ND;NA;NA;NA;
5;18;3.54;35.78;28.11;NA;12.92;25.17;NA;NA;ND;NA;NA;NA;
5;19;7.28;28.53;23.54;NA;26.57;24.79;NA;NA;ND;NA;NA;NA;
5;20;9.59;24.08;25.84;NA;42.25;28.66;NA;NA;ND;NA;NA;NA;
5;21;12.55;16.36;22.61;NA;43.91;22.24;NA;NA;ND;NA;NA;NA;
5;22;14.03;23.09;25.15;NA;37.75;30.24;NA;NA;ND;NA;NA;NA;
5;23;17.51;18.59;17.16;NA;26.24;17.32;NA;NA;ND;NA;NA;NA;
6;0;20.07;30.98;14.17;NA;49.2;20.59;NA;NA;ND;NA;NA;NA;
6;1;20.17;14.49;22.72;NA;34.23;29.94;NA;NA;ND;NA;NA;NA;
6;2;27.87;23.25;29.43;NA;39.71;33.78;NA;NA;ND;NA;NA;NA;
6;3;19.29;19.48;25.17;NA;26.59;19.97;NA;NA;ND;NA;NA;NA;
6;4;23.12;11.24;27.85;NA;29.01;14.61;NA;NA;ND;NA;NA;NA;
6;5;24.74;21.5;10.03;NA;15.46;16.34;NA;NA;ND;NA;NA;NA;
6;6;17.23;28.06;24.03;NA;47.97;24.62;NA;NA;ND;NA;NA;NA;
6;7;20.82;26.24;30.87;NA;39.48;27.66;NA;NA;ND;NA;NA;NA;
6;8;24.58;26.79;29.17;NA;46.13;26.34;NA;NA;ND;NA;NA;NA;
6;9;12.39;23.3;16.96;NA;29.95;19.53;NA;NA;ND;NA;NA;NA;
6;10;21;16.52;15.15;NA;5.95;9.71;NA;NA;ND;NA;NA;NA;
6;11;16.91;16.7;10.33;NA;12.04;7.86;NA;NA;ND;NA;NA;NA;
6;12;13.14;1.78;14.72;NA;8.31;16.83;NA;NA;ND;NA;NA;NA;
6;13;15.93;24.32;15.12;NA;10.48;16.03;NA;NA;ND;NA;NA;NA;
6;14;4.87;29.09;9.55;NA;17.22;18.98;NA;NA;ND;NA;NA;NA;
6;15;11.83;31.62;13.43;NA;18.85;11.26;NA;NA;ND;NA;NA;NA;
6;16;11.1;18.69;8.6;NA;11.5;28.9;NA;NA;ND;NA;NA;NA;
6;17;15.99;12.23;22.76;NA;12.65;15.91;NA;NA;ND;NA;NA;NA;
6;18;11.05;12.89;11.88;NA;22.25;21.71;NA;NA;ND;NA;NA;NA;
6;19;9.13;16.49;10.84;NA;20.45;13.62;NA;NA;ND;NA;NA;NA;
6;20;7.73;18.85;5.91;NA;22.92;15.55;NA;NA;ND;NA;NA;NA;
6;21;8.49;18.51;19.08;NA;22.81;25.24;NA;NA;ND;NA;NA;NA;
6;22;13.73;24.91;21.89;NA;26.89;13.38;NA;NA;ND;NA;NA;NA;
6;23;7.58;22.71;22.56;NA;22.72;25.35;NA;NA;ND;NA;NA;NA;
7;0;21.55;12.4;25.69;NA;31.17;18.28;NA;NA;ND;NA;NA;NA;
7;1;21.67;9.58;19.93;NA;19.8;29.02;NA;NA;ND;NA;NA;NA;
7;2;17.5;2.67;22.12;NA;32.77;26.08;NA;NA;ND;NA;NA;NA;
7;3;12.37;16.75;15.66;NA;20.19;19.62;NA;NA;ND;NA;NA;NA;
7;4;14.34;11.57;20.87;NA;19.71;23.94;NA;NA;ND;NA;NA;NA;
7;5;15.33;16.25;17.88;NA;32.97;26.32;NA;NA;ND;NA;NA;NA;
7;6;21.82;23.74;29.06;NA;30.94;39.69;NA;NA;ND;NA;NA;NA;
7;7;30.4;36.65;38.09;NA;46.14;45.44;NA;NA;ND;NA;NA;NA;
7;8;35.35;34.11;30.99;NA;37.13;41.87;NA;NA;ND;NA;NA;NA;
7;9;25.65;21.03;28.36;NA;47.89;31.27;NA;NA;ND;NA;NA;NA;
7;10;33.32;ND;35.43;NA;34.36;38.4;NA;NA;ND;NA;NA;NA;
7;11;29.52;38.25;37.01;NA;34.79;35.93;NA;NA;ND;NA;NA;NA;
7;12;6.03;30.71;21.11;NA;32.43;23.38;NA;NA;ND;NA;NA;NA;
7;13;15.32;20.07;12.07;NA;17.78;16.72;NA;NA;ND;NA;NA;NA;
7;14;8.26;22.32;15.39;NA;3.39;23.8;NA;NA;ND;NA;NA;NA;
7;15;5.78;12.27;14.52;NA;13.97;13.5;NA;NA;ND;NA;NA;NA;
7;16;17.61;12.33;15.56;NA;32.88;32.1;NA;NA;ND;NA;NA;NA;
7;17;15.65;27.17;20.85;NA;23.42;24.28;NA;NA;ND;NA;NA;NA;
7;18;4.04;18.63;14.87;NA;15.21;12.24;NA;NA;ND;NA;NA;NA;
7;19;7.71;25.43;20.82;NA;12.62;15.18;NA;NA;ND;NA;NA;NA;
7;20;15.84;17.91;20.92;NA;33.19;13.91;NA;NA;ND;NA;NA;NA;
7;21;9.4;16.93;19.13;NA;19.01;17.88;NA;NA;ND;NA;NA;NA;
7;22;17.24;26.19;20.07;NA;26.36;20.55;NA;NA;ND;NA;NA;NA;
7;23;ND;19.21;16.1;NA;29.14;26.95;NA;NA;ND;NA;NA;NA;
8;0;20.46;12.47;12.93;NA;10.92;11.3;NA;NA;ND;NA;NA;NA;
8;1;15.63;13.34;25.37;NA;31.17;26.48;NA;NA;ND;NA;NA;NA;
8;2;12.89;13.92;17.98;NA;31.32;27.67;NA;NA;ND;NA;NA;NA;
8;3;19.41;15.01;24.83;NA;20.34;26.29;NA;NA;ND;NA;NA;NA;
8;4;19.66;27.35;19.88;NA;25.77;30.96;NA;NA;ND;NA;NA;NA;
8;5;23.24;22.66;33.91;NA;33.79;29.3;NA;NA;ND;NA;NA;NA;
8;6;30.55;24.04;29.47;NA;56.12;36.95;NA;NA;ND;NA;NA;NA;
8;7;30.81;43.28;32.34;NA;42.07;43.41;NA;NA;ND;NA;NA;NA;
8;8;54.14;37.64;39.86;NA;58.62;57.12;NA;NA;ND;NA;NA;NA;
8;9;31.83;34.13;32.7;NA;49.23;59.63;NA;NA;ND;NA;NA;NA;
8;10;19.95;19.83;14.76;NA;19.91;26.73;NA;NA;ND;NA;NA;NA;
8;11;9.41;15.08;17;NA;37.2;26.26;NA;NA;ND;NA;NA;NA;
8;12;17.47;16.08;16.52;NA;21.11;11.14;NA;NA;ND;NA;NA;NA;
8;13;8.31;15.69;15.66;NA;16.46;18.74;NA;NA;ND;NA;NA;NA;
8;14;13.57;23.53;25.26;NA;12.74;22.95;NA;NA;ND;NA;NA;NA;
8;15;11.39;17.03;12.62;NA;27.92;22.44;NA;NA;ND;NA;NA;NA;
8;16;6.92;12.79;8.19;NA;15.26;14.44;NA;NA;ND;NA;NA;NA;
8;17;16.75;12.77;22.13;NA;13.5;18.08;NA;NA;ND;NA;NA;NA;
8;18;13.71;19.09;14.05;NA;24.04;17.82;NA;NA;ND;NA;NA;NA;
8;19;7.05;21.32;9.54;NA;28.55;17.25;NA;NA;ND;NA;NA;NA;
8;20;9.6;20.91;10.29;NA;16.03;19.75;NA;NA;ND;NA;NA;NA;
8;21;9.5;16.3;15.53;NA;10.37;24.35;NA;NA;ND;NA;NA;NA;
8;22;12.46;25.05;5.31;NA;16.01;15.63;NA;NA;ND;NA;NA;NA;
8;23;ND;16.74;9.51;NA;4.9;9.25;NA;NA;ND;NA;NA;NA;
9;0;4.76;9.2;6.66;NA;20.41;8.52;NA;NA;ND;NA;NA;NA;
9;1;10.11;17.95;10.07;NA;9.48;6.77;NA;NA;ND;NA;NA;NA;
9;2;5.61;4.74;6.56;NA;11.08;17.25;NA;NA;ND;NA;NA;NA;
9;3;6.6;7.14;6.11;NA;18.55;15.1;NA;NA;ND;NA;NA;NA;
9;4;5.71;14.14;11.88;NA;8.93;3.8;NA;NA;ND;NA;NA;NA;
9;5;6.33;11.58;3.29;NA;3.03;8.58;NA;NA;ND;NA;NA;NA;
9;6;6.42;12.96;14.29;NA;12.24;12.2;NA;NA;ND;NA;NA;NA;
9;7;5.93;21.79;3.9;NA;11.79;17.02;NA;NA;ND;NA;NA;NA;
9;8;5.57;17.47;4.42;NA;13.47;2.27;NA;NA;ND;NA;NA;NA;
9;9;8.26;19.65;8.82;NA;12.21;3.16;NA;NA;ND;NA;NA;NA;
9;10;18.65;13.66;9.39;NA;2.48;7.35;NA;NA;ND;NA;NA;NA;
9;11;7.4;13.33;2.88;NA;9.13;1.52;NA;NA;ND;NA;NA;NA;
9;12;10.21;22.53;5.41;NA;3.95;7.75;NA;NA;ND;NA;NA;NA;
9;13;9.66;13.85;10;NA;13.59;4.36;NA;NA;ND;NA;NA;NA;
9;14;11.68;12.98;5.84;NA;11.19;6.98;NA;NA;ND;NA;NA;NA;
9;15;2.35;15.33;10.56;NA;6.08;4.86;NA;NA;ND;NA;NA;NA;
9;16;11.12;16.67;3.58;NA;13.83;6.14;NA;NA;ND;NA;NA;NA;
9;17;18.45;21.09;9.74;NA;12.38;6.18;NA;NA;ND;NA;NA;NA;
9;18;8.18;18.71;12.62;NA;11.36;14.64;NA;NA;ND;NA;NA;NA;
9;19;6.77;12.35;9.11;NA;13.22;9.98;NA;NA;ND;NA;NA;NA;
9;20;9.43;13.73;8.32;NA;14.49;7.07;NA;NA;ND;NA;NA;NA;
9;21;8.86;11.58;8.24;NA;16.61;11.29;NA;NA;ND;NA;NA;NA;
9;22;9.97;13.97;12.4;NA;11.29;7.93;NA;NA;ND;NA;NA;NA;
9;23;ND;14;8.96;NA;ND;12.13;NA;NA;ND;NA;NA;NA;
10;0;6.5;7.63;18.53;NA;18.05;6.86;NA;NA;ND;NA;NA;NA;
10;1;3.15;10.72;8.13;NA;9.12;13.89;NA;NA;ND;NA;NA;NA;
10;2;12.45;4.53;9.17;NA;10.34;8.37;NA;NA;ND;NA;NA;NA;
10;3;11.06;7.88;8.3;NA;4.32;9.01;NA;NA;ND;NA;NA;NA;
10;4;5.59;8.41;10.88;NA;9.84;10.64;NA;NA;ND;NA;NA;NA;
10;5;8.92;18.06;10.5;NA;18.61;14.78;NA;NA;ND;NA;NA;NA;
10;6;24.69;33;17.68;NA;17.17;26.31;NA;NA;ND;NA;NA;NA;
10;7;19.77;53.7;27.7;NA;49.74;45.17;NA;NA;ND;NA;NA;NA;
10;8;29.89;47.04;47.49;NA;63.86;51.77;NA;NA;ND;NA;NA;NA;
10;9;24.32;30.36;44.17;NA;28.4;24.56;NA;NA;ND;NA;NA;NA;
10;10;21.57;27.56;19.6;NA;26.17;16.35;NA;NA;ND;NA;NA;NA;
10;11;16.38;17.78;26.24;NA;19.16;17.18;NA;NA;ND;NA;NA;NA;
10;12;11.03;12.14;2.5;NA;20.99;6.74;NA;NA;ND;NA;NA;NA;
10;13;17.78;23.42;14.58;NA;13.62;7.01;NA;NA;ND;NA;NA;NA;
10;14;17.8;ND;11.99;NA;14.88;15.39;NA;NA;ND;NA;NA;NA;
10;15;10.67;29.1;16;NA;22.51;16.6;NA;NA;ND;NA;NA;NA;
10;16;14.37;25.88;18.41;NA;17.3;15.14;NA;NA;ND;NA;NA;NA;
10;17;13.36;36.62;13.09;NA;17.52;14.98;NA;NA;ND;NA;NA;NA;
10;18;20.34;27.65;22.44;NA;24.44;20.39;NA;NA;ND;NA;NA;NA;
10;19;12.62;23.7;18.63;NA;18.42;24.08;NA;NA;ND;NA;NA;NA;
10;20;12.33;15.72;22.73;NA;24.58;30.81;NA;NA;ND;NA;NA;NA;
10;21;11.51;25.5;27.96;NA;24.73;19.63;NA;NA;ND;NA;NA;NA;
10;22;14.49;14.12;15.62;NA;7.09;19.97;NA;NA;ND;NA;NA;NA;
10;23;ND;28.19;2.41;NA;ND;12.5;NA;NA;ND;NA;NA;NA;
11;0;18.75;24.59;14.73;NA;16.59;18.86;NA;NA;ND;NA;NA;NA;
11;1;18.48;22.91;10.06;NA;17.52;16.79;NA;NA;ND;NA;NA;NA;
11;2;22.02;14;17.09;NA;16.47;14.82;NA;NA;ND;NA;NA;NA;
11;3;28.45;17.31;17.27;NA;4.2;19.34;NA;NA;ND;NA;NA;NA;
11;4;26.75;23.67;11.54;NA;18.32;15.53;NA;NA;ND;NA;NA;NA;
11;5;28.3;28.51;15.67;NA;19.66;21.57;NA;NA;ND;NA;NA;NA;
11;6;28.67;31.94;26.85;NA;32.7;35.58;NA;NA;ND;NA;NA;NA;
11;7;40.64;41.31;44.74;NA;59.04;60.5;NA;NA;ND;NA;NA;NA;
11;8;35.89;39.07;46.03;NA;47.96;54.54;NA;NA;ND;NA;NA;NA;
11;9;23.56;34.23;29.76;NA;26.35;20.97;NA;NA;ND;NA;NA;NA;
11;10;21.26;19.92;27.79;NA;39.43;27.96;NA;NA;ND;NA;NA;NA;
11;11;22.82;14.02;22.62;NA;14.12;15.56;NA;NA;ND;NA;NA;NA;
11;12;23.71;20.51;15.57;NA;12.55;16.02;NA;NA;ND;NA;NA;NA;
11;13;ND;33.65;21.92;NA;9.89;24.49;NA;NA;ND;NA;NA;NA;
11;14;ND;37.2;28.62;NA;16.77;27.29;NA;NA;ND;NA;NA;NA;
11;15;60.15;45.43;20.26;NA;27.19;28.97;NA;NA;ND;NA;NA;NA;
11;16;16.75;23.31;21.83;NA;10.32;11.67;NA;NA;ND;NA;NA;NA;
11;17;11.52;23.94;22.85;NA;16.29;27.65;NA;NA;ND;NA;NA;NA;
11;18;10.41;27.19;21.11;NA;13.15;18.11;NA;NA;ND;NA;NA;NA;
11;19;10.34;16.76;17.59;NA;8.67;16.05;NA;NA;ND;NA;NA;NA;
11;20;7.95;9.81;15.8;NA;15.47;17.97;NA;NA;ND;NA;NA;NA;
11;21;10.78;11.59;13.17;NA;18.92;15.93;NA;NA;ND;NA;NA;NA;
11;22;10.81;8.37;14.52;NA;11.39;8.93;NA;NA;ND;NA;NA;NA;
11;23;ND;3.73;7.64;NA;ND;13.37;NA;NA;ND;NA;NA;NA;
12;0;13.86;8.58;20.13;NA;21.35;0.91;NA;NA;ND;NA;NA;NA;
12;1;8.65;4.58;9.65;NA;10.82;10.54;NA;NA;ND;NA;NA;NA;
12;2;5.69;4.8;8.3;NA;18.8;11.65;NA;NA;ND;NA;NA;NA;
12;3;7.24;12;10.9;NA;16.51;13.09;NA;NA;ND;NA;NA;NA;
12;4;12.62;13.55;12.49;NA;10.84;8.83;NA;NA;ND;NA;NA;NA;
12;5;12.28;4.34;8.18;NA;7.69;12.34;NA;NA;ND;NA;NA;NA;
12;6;19.1;13.67;17.77;NA;38.18;17.12;NA;NA;ND;NA;NA;NA;
12;7;31.47;31.72;27.84;NA;38.97;24.41;NA;NA;ND;NA;NA;NA;
12;8;32.69;37.48;26.74;NA;25.84;25.96;NA;NA;ND;NA;NA;NA;
12;9;43.08;29.55;34.18;NA;29.31;29.73;NA;NA;ND;NA;NA;NA;
12;10;44.52;23.84;30.54;NA;33;28.49;NA;NA;ND;NA;NA;NA;
12;11;16.93;27.61;35.51;NA;25.9;25.57;NA;NA;ND;NA;NA;NA;
12;12;25.3;28.22;30.6;NA;15.52;22.81;NA;NA;ND;NA;NA;NA;
12;13;18.79;24.16;30.41;NA;26.59;32.13;NA;NA;ND;NA;NA;NA;
12;14;10.47;26.72;16.85;NA;23.92;24.02;NA;NA;ND;NA;NA;NA;
12;15;9.03;16.65;16.82;NA;9.97;23.68;NA;NA;ND;NA;NA;NA;
12;16;2.39;22.35;15.44;NA;18.21;13.91;NA;NA;ND;NA;NA;NA;
12;17;1.21;10.86;20.23;NA;9.24;12.77;NA;NA;ND;NA;NA;NA;
12;18;3.34;17.92;16.93;NA;14.61;3.1;NA;NA;ND;NA;NA;NA;
12;19;10.44;18.26;14.74;NA;10.75;13.19;NA;NA;ND;NA;NA;NA;
12;20;11.68;10.44;16.11;NA;7.13;20.95;NA;NA;ND;NA;NA;NA;
12;21;5.7;10.39;8.56;NA;4.77;14.22;NA;NA;ND;NA;NA;NA;
12;22;5.95;20.56;9.55;NA;3.95;11.52;NA;NA;ND;NA;NA;NA;
12;23;ND;11.07;7.02;NA;ND;7.57;NA;NA;ND;NA;NA;NA;
13;0;2.83;1.39;8.48;NA;9.88;1.42;NA;NA;ND;NA;NA;NA;
13;1;3.28;5.69;7.06;NA;9.39;3.62;NA;NA;ND;NA;NA;NA;
13;2;8.01;5.09;2.63;NA;3.92;10.79;NA;NA;ND;NA;NA;NA;
13;3;7.9;10.31;6.86;NA;5.54;6.71;NA;NA;ND;NA;NA;NA;
13;4;4.42;4.02;2.97;NA;6.33;1.59;NA;NA;ND;NA;NA;NA;
13;5;8.48;6.16;3.73;NA;5.48;5.34;NA;NA;ND;NA;NA;NA;
13;6;16.01;10.04;6.64;NA;34.62;8.9;NA;NA;ND;NA;NA;NA;
13;7;15.4;14.74;22.86;NA;42.22;21.1;NA;NA;ND;NA;NA;NA;
13;8;16.42;19.43;26.27;NA;22.64;23.31;NA;NA;ND;NA;NA;NA;
13;9;7.46;6.38;17.04;NA;27.46;23.05;NA;NA;ND;NA;NA;NA;
13;10;22.84;9.57;24.3;NA;14.48;20.82;NA;NA;ND;NA;NA;NA;
13;11;22.14;29.32;17.88;NA;27.31;25.44;NA;NA;ND;NA;NA;NA;
13;12;14.33;7.81;30.04;NA;23.52;33.4;NA;NA;ND;NA;NA;NA;
13;13;3.83;18.19;20.96;NA;8.74;15.09;NA;NA;ND;NA;NA;NA;
13;14;13.71;10.57;26.43;NA;20.44;11.16;NA;NA;ND;NA;NA;NA;
13;15;6.97;9.95;17.54;NA;7.35;9.66;NA;NA;ND;NA;NA;NA;
13;16;8.27;25.14;20.88;NA;18.51;16.78;NA;NA;ND;NA;NA;NA;
13;17;6.59;11.98;16.44;NA;19.14;12.58;NA;NA;ND;NA;NA;NA;
13;18;13.24;16.18;20.64;NA;9.79;20.58;NA;NA;ND;NA;NA;NA;
13;19;23.22;22.94;15.68;NA;20.62;23.15;NA;NA;ND;NA;NA;NA;
13;20;22.25;12.2;14.99;NA;16.38;16.51;NA;NA;ND;NA;NA;NA;
13;21;12.11;18.88;9.6;NA;26.16;10.34;NA;NA;ND;NA;NA;NA;
13;22;7.12;12.9;19.96;NA;29.83;14.12;NA;NA;ND;NA;NA;NA;
13;23;ND;7.55;7.84;NA;ND;16.16;NA;NA;ND;NA;NA;NA;
14;0;17.43;17.16;5.72;NA;18.03;24.54;NA;NA;ND;NA;NA;NA;
14;1;10.04;11.78;19.47;NA;11.43;21.96;NA;NA;ND;NA;NA;NA;
14;2;14.6;16.48;15.59;NA;18.87;15.04;NA;NA;ND;NA;NA;NA;
14;3;17.25;9.51;17.87;NA;19.27;18.87;NA;NA;ND;NA;NA;NA;
14;4;17.11;13.09;16.12;NA;20.23;22.05;NA;NA;ND;NA;NA;NA;
14;5;13.81;18.07;15.18;NA;20.95;25.05;NA;NA;ND;NA;NA;NA;
14;6;38.55;41.97;26.52;NA;49.41;34.87;NA;NA;ND;NA;NA;NA;
14;7;37.45;40.91;23.88;NA;77.25;50.12;NA;NA;ND;NA;NA;NA;
14;8;31.68;31.91;53.85;NA;54.85;50.94;NA;NA;ND;NA;NA;NA;
14;9;33.24;30.16;53.92;NA;42.18;51.65;NA;NA;ND;NA;NA;NA;
14;10;52.6;33.09;38.51;NA;22.8;39.23;NA;NA;ND;NA;NA;NA;
14;11;34.64;28.06;41.06;NA;10.65;42.69;NA;NA;ND;NA;NA;NA;
14;12;15.49;15.11;24.06;NA;15.01;29.16;NA;NA;ND;NA;NA;NA;
14;13;1.86;8.04;12.53;NA;16.36;18.64;NA;NA;ND;NA;NA;NA;
14;14;7.34;5.94;10.68;NA;6.57;3.89;NA;NA;ND;NA;NA;NA;
14;15;14.92;19.04;12.95;NA;15.37;9.77;NA;NA;ND;NA;NA;NA;
14;16;13.25;29.91;18.31;NA;10.83;4.88;NA;NA;ND;NA;NA;NA;
14;17;14.15;24.55;19.65;NA;8.44;13.76;NA;NA;ND;NA;NA;NA;
14;18;6.46;19.68;21.06;NA;10.82;15.29;NA;NA;ND;NA;NA;NA;
14;19;7.96;20.24;16.78;NA;15.74;8.75;NA;NA;ND;NA;NA;NA;
14;20;16.34;18.17;22.59;NA;25.91;18.55;NA;NA;ND;NA;NA;NA;
14;21;13.25;20.51;19.49;NA;19.81;23.8;NA;NA;ND;NA;NA;NA;
14;22;10.96;19.58;23.86;NA;26.64;21.18;NA;NA;ND;NA;NA;NA;
14;23;ND;28.62;16.41;NA;ND;18.1;NA;NA;ND;NA;NA;NA;
15;0;4.55;26.09;16.62;NA;18.63;ND;NA;NA;ND;NA;NA;NA;
15;1;19.73;19.96;20.88;NA;39.47;ND;NA;NA;ND;NA;NA;NA;
15;2;13.41;31.6;23.33;NA;35.16;ND;NA;NA;ND;NA;NA;NA;
15;3;20.57;13.42;13.23;NA;38.46;ND;NA;NA;ND;NA;NA;NA;
15;4;11.84;21.58;18.11;NA;45.98;21.05;NA;NA;ND;NA;NA;NA;
15;5;19.21;29.7;17.41;NA;40.82;31.56;NA;NA;ND;NA;NA;NA;
15;6;17.96;52.37;22.82;NA;56.39;29.5;NA;NA;ND;NA;NA;NA;
15;7;26.28;55.84;11.36;NA;72.61;32.49;NA;NA;ND;NA;NA;NA;
15;8;35.96;41.19;44.54;NA;55.95;ND;NA;NA;ND;NA;NA;NA;
15;9;25.69;35;23.36;NA;24.41;30.32;NA;NA;ND;NA;NA;NA;
15;10;31.57;15.6;15.04;NA;16;19.13;NA;NA;ND;NA;NA;NA;
15;11;21.53;23.67;21.41;NA;7.59;14.47;NA;NA;ND;NA;NA;NA;
15;12;9.44;20.57;14.92;NA;1.32;19.46;NA;NA;ND;NA;NA;NA;
15;13;10.16;11.03;19.66;NA;3.89;10.83;NA;NA;ND;NA;NA;NA;
15;14;8.88;14.4;20.81;NA;4.96;11.23;NA;NA;ND;NA;NA;NA;
15;15;16.94;18.72;10.74;NA;21.31;17.16;NA;NA;ND;NA;NA;NA;
15;16;8.08;5.3;10.22;NA;18.32;18.45;NA;NA;ND;NA;NA;NA;
15;17;5.83;14.84;9.77;NA;4.78;3.22;NA;NA;ND;NA;NA;NA;
15;18;5.76;14.54;17.88;NA;10.29;16.41;NA;NA;ND;NA;NA;NA;
15;19;12.92;26.33;9.84;NA;20.97;7.1;NA;NA;ND;NA;NA;NA;
15;20;12.7;33.31;6.44;NA;19.91;ND;NA;NA;ND;NA;NA;NA;
15;21;19.61;18.57;15.63;NA;32.3;19.8;NA;NA;ND;NA;NA;NA;
15;22;16.9;22.89;13.76;NA;41.04;25.32;NA;NA;ND;NA;NA;NA;
15;23;ND;33.06;14.76;NA;ND;39.74;NA;NA;ND;NA;NA;NA;
16;0;30.15;20.31;29.04;NA;22.18;24.81;NA;NA;ND;NA;NA;NA;
16;1;9.89;22.23;13.29;NA;32.17;10.2;NA;NA;ND;NA;NA;NA;
16;2;12.93;17.87;10.37;NA;27.51;10.28;NA;NA;ND;NA;NA;NA;
16;3;8.43;31.87;13.4;NA;31.4;13.71;NA;NA;ND;NA;NA;NA;
16;4;4.98;24.34;6.58;NA;30.03;15.84;NA;NA;ND;NA;NA;NA;
16;5;11.38;23.28;4.98;NA;25.06;14.53;NA;NA;ND;NA;NA;NA;
16;6;7.62;33.63;10.89;NA;40;28.31;NA;NA;ND;NA;NA;NA;
16;7;8.41;34.48;13.94;NA;35.84;28.13;NA;NA;ND;NA;NA;NA;
16;8;25.09;24.66;19.32;NA;47.51;ND;NA;NA;ND;NA;NA;NA;
16;9;15.15;17.12;15.84;NA;19.71;ND;NA;NA;ND;NA;NA;NA;
16;10;19.35;21.97;12.47;NA;5.67;ND;NA;NA;ND;NA;NA;NA;
16;11;22.86;21.57;11.76;NA;15.2;ND;NA;NA;ND;NA;NA;NA;
16;12;14.99;13.36;21.75;NA;12.25;ND;NA;NA;ND;NA;NA;NA;
16;13;4.89;15.96;9.77;NA;22.99;ND;NA;NA;ND;NA;NA;NA;
16;14;10.7;10.01;9.76;NA;10.97;21.81;NA;NA;ND;NA;NA;NA;
16;15;7.42;19.72;8.39;NA;14.37;6.76;NA;NA;ND;NA;NA;NA;
16;16;7.34;12.31;6.48;NA;8.96;5.58;NA;NA;ND;NA;NA;NA;
16;17;10.19;14.93;14.82;NA;8.46;14.57;NA;NA;ND;NA;NA;NA;
16;18;10.25;19.73;12.44;NA;8.56;13.47;NA;NA;ND;NA;NA;NA;
16;19;13.64;15.18;14.22;NA;12.25;15.11;NA;NA;ND;NA;NA;NA;
16;20;16.23;16;8.32;NA;18.13;18.09;NA;NA;ND;NA;NA;NA;
16;21;12.1;10.79;10.16;NA;19.16;16.31;NA;NA;ND;NA;NA;NA;
16;22;9.43;16.94;15.09;NA;13.96;18.18;NA;NA;ND;NA;NA;NA;
16;23;ND;32.12;12.21;NA;ND;4.89;NA;NA;ND;NA;NA;NA;
17;0;13.3;28.09;6.19;NA;27.52;6.07;NA;NA;ND;NA;NA;NA;
17;1;6.8;12.86;10.83;NA;23.22;17.21;NA;NA;ND;NA;NA;NA;
17;2;8.01;16.39;11.58;NA;25.05;10.06;NA;NA;ND;NA;NA;NA;
17;3;8.15;20.37;5.57;NA;22.57;8.43;NA;NA;ND;NA;NA;NA;
17;4;5.26;21.71;6.73;NA;26.65;10.55;NA;NA;ND;NA;NA;NA;
17;5;12.81;30.94;10.28;NA;34.9;18.48;NA;NA;ND;NA;NA;NA;
17;6;19.92;80.66;11.07;NA;77;32.2;NA;NA;ND;NA;NA;NA;
17;7;46.79;66.44;30.66;NA;103.74;51.85;NA;NA;ND;NA;NA;NA;
17;8;40.98;44.08;38.98;NA;60.05;42.37;NA;NA;ND;NA;NA;NA;
17;9;36.75;29.02;30.84;NA;24.54;22.63;NA;NA;ND;NA;NA;NA;
17;10;24.3;18.71;25.12;NA;9.01;ND;NA;NA;ND;NA;NA;NA;
17;11;23.4;5.31;15.9;NA;21.54;ND;NA;NA;ND;NA;NA;NA;
17;12;16.37;41.66;18.95;NA;20.99;ND;NA;NA;ND;NA;NA;NA;
17;13;10.83;21.56;13.59;NA;20.09;ND;NA;NA;ND;NA;NA;NA;
17;14;8.96;34.47;19.46;NA;19.71;ND;NA;NA;ND;NA;NA;NA;
17;15;14.98;44.16;21.56;NA;17.63;ND;NA;NA;ND;NA;NA;NA;
17;16;11.06;26.89;16.1;NA;10.19;ND;NA;NA;ND;NA;NA;NA;
17;17;25.8;20.17;25.88;NA;20.18;5.54;NA;NA;ND;NA;NA;NA;
17;18;35.58;21.99;23.68;NA;19.47;9.37;NA;NA;ND;NA;NA;NA;
17;19;20.42;28.72;16.5;NA;19.33;1.59;NA;NA;ND;NA;NA;NA;
17;20;17.3;24.09;18.67;NA;22.94;5.41;NA;NA;ND;NA;NA;NA;
17;21;14.08;18.4;14.49;NA;ND;13.07;NA;NA;ND;NA;NA;NA;
17;22;12.14;19.58;16.35;NA;35.43;18.05;NA;NA;ND;NA;NA;NA;
17;23;ND;32.14;14.6;NA;ND;6.21;NA;NA;ND;NA;NA;NA;
18;0;29.1;22.98;7.66;NA;29.35;1.07;NA;NA;ND;NA;NA;NA;
18;1;23.05;21.29;17.96;NA;20.97;17.64;NA;NA;ND;NA;NA;NA;
18;2;31.87;21.11;12.53;NA;31.39;9.43;NA;NA;ND;NA;NA;NA;
18;3;33.93;22.49;11.51;NA;21.59;16.29;NA;NA;ND;NA;NA;NA;
18;4;24.43;19.01;15.06;NA;20.27;9.31;NA;NA;ND;NA;NA;NA;
18;5;28.91;ND;9.5;NA;31.43;12.58;NA;NA;ND;NA;NA;NA;
18;6;41.37;ND;26.86;NA;44.07;16.36;NA;NA;ND;NA;NA;NA;
18;7;47.74;43.82;28.04;NA;112.76;23.49;NA;NA;ND;NA;NA;NA;
18;8;36.83;52;44.99;NA;72.56;48.97;NA;NA;ND;NA;NA;NA;
18;9;36.17;38.92;44.96;NA;32.35;22.08;NA;NA;ND;NA;NA;NA;
18;10;38.55;20.31;38.37;NA;42.57;26.2;NA;NA;ND;NA;NA;NA;
18;11;25.66;25.06;33.41;NA;38.67;38.79;NA;NA;ND;NA;NA;NA;
18;12;27.78;42.28;31.76;NA;ND;33.83;NA;NA;ND;NA;NA;NA;
18;13;12.7;34.61;24.73;NA;ND;ND;NA;NA;ND;NA;NA;NA;
18;14;17.64;43.68;32.28;NA;20.41;27.07;NA;NA;ND;NA;NA;NA;
18;15;16.12;47.27;22.9;NA;18.98;24.08;NA;NA;ND;NA;NA;NA;
18;16;21.66;55.99;32.09;NA;13.1;25.49;NA;NA;ND;NA;NA;NA;
18;17;17.62;38.88;29.42;NA;20.5;29.98;NA;NA;ND;NA;NA;NA;
18;18;16.11;35.79;26.88;NA;21.96;30.9;NA;NA;ND;NA;NA;NA;
18;19;14.69;26.87;18.73;NA;18.51;24.99;NA;NA;ND;NA;NA;NA;
18;20;21.48;22.21;22.15;NA;41.41;21.22;NA;NA;ND;NA;NA;NA;
18;21;17.1;24.83;13.52;NA;22.84;16.99;NA;NA;ND;NA;NA;NA;
18;22;22.19;14.5;20.14;NA;27.79;20.02;NA;NA;ND;NA;NA;NA;
18;23;ND;26.57;15.7;NA;ND;17.51;NA;NA;ND;NA;NA;NA;
19;0;13.84;9.36;15.62;NA;39.94;15.01;NA;NA;ND;NA;NA;NA;
19;1;20.68;27.89;20.45;NA;31.87;28.14;NA;NA;ND;NA;NA;NA;
19;2;19.43;9.57;24.86;NA;26.08;22.43;NA;NA;ND;NA;NA;NA;
19;3;25.39;19.98;19.4;NA;19.05;21.33;NA;NA;ND;NA;NA;NA;
19;4;21.58;24.88;17.34;NA;14.65;24.09;NA;NA;ND;NA;NA;NA;
19;5;26.64;26.31;21.68;NA;22.5;21.56;NA;NA;ND;NA;NA;NA;
19;6;38.38;44.19;28.92;NA;31.63;35.19;NA;NA;ND;NA;NA;NA;
19;7;40.95;44.6;40.08;NA;60.71;47.36;NA;NA;ND;NA;NA;NA;
19;8;37.6;40.64;56.2;NA;69.71;51.23;NA;NA;ND;NA;NA;NA;
19;9;31.55;52.53;63.63;NA;45.9;30.29;NA;NA;ND;NA;NA;NA;
19;10;35.71;41.21;50.51;NA;33.04;24.69;NA;NA;ND;NA;NA;NA;
19;11;32.35;49.38;32.91;NA;40.95;25.27;NA;NA;ND;NA;NA;NA;
19;12;29.52;32.73;34.81;NA;37.56;47.15;NA;NA;ND;NA;NA;NA;
19;13;20.67;34.89;35.4;NA;28.04;35.31;NA;NA;ND;NA;NA;NA;
19;14;13.7;28.99;31.39;NA;32.35;32.02;NA;NA;ND;NA;NA;NA;
19;15;12.25;24.88;28.54;NA;28.61;30.19;NA;NA;ND;NA;NA;NA;
19;16;16.41;29.21;30.02;NA;28.64;30.39;NA;NA;ND;NA;NA;NA;
19;17;17;30.63;33.23;NA;33.18;29.22;NA;NA;ND;NA;NA;NA;
19;18;21.58;33.34;27.96;NA;30.48;27.39;NA;NA;ND;NA;NA;NA;
19;19;23.65;22.76;32.23;NA;30.65;31.9;NA;NA;ND;NA;NA;NA;
19;20;19.36;29.78;34.42;NA;34.26;33.5;NA;NA;ND;NA;NA;NA;
19;21;28.69;27.08;22.54;NA;32.46;30.89;NA;NA;ND;NA;NA;NA;
19;22;ND;24.93;23.17;NA;18.08;23.15;NA;NA;ND;NA;NA;NA;
19;23;ND;32.18;22.81;NA;ND;26.41;NA;NA;ND;NA;NA;NA;
20;0;35.68;30.13;33.02;NA;35.37;24.53;NA;NA;ND;NA;NA;NA;
20;1;33.49;38.48;30.91;NA;37.61;32.61;NA;NA;ND;NA;NA;NA;
20;2;30.7;29.83;23.78;NA;32.76;27.87;NA;NA;ND;NA;NA;NA;
20;3;25.1;24.29;24.62;NA;34.6;27.53;NA;NA;ND;NA;NA;NA;
20;4;31.79;34.52;22.98;NA;37.5;25.66;NA;NA;ND;NA;NA;NA;
20;5;32.12;41.9;21.4;NA;49.35;28.23;NA;NA;ND;NA;NA;NA;
20;6;40.73;70;33.89;NA;75.3;43.52;NA;NA;ND;NA;NA;NA;
20;7;76.88;95.7;50.72;NA;100.41;72.53;NA;NA;ND;NA;NA;NA;
20;8;68.27;58.4;50.78;NA;96.54;86.5;NA;NA;ND;NA;NA;NA;
20;9;45.2;67.66;57.74;NA;78.71;81.65;NA;NA;ND;NA;NA;NA;
20;10;34.96;47.35;69.12;NA;47.22;27.78;NA;NA;ND;NA;NA;NA;
20;11;37.76;26.28;38.03;NA;39.59;21.43;NA;NA;ND;NA;NA;NA;
20;12;36.07;34.46;28.77;NA;30.58;22.7;NA;NA;ND;NA;NA;NA;
20;13;30.79;22.4;31.89;NA;20.59;28.37;NA;NA;ND;NA;NA;NA;
20;14;25.46;30.06;29.85;NA;17.1;26.16;NA;NA;ND;NA;NA;NA;
20;15;19.35;36.51;ND;NA;23.13;32.82;NA;NA;ND;NA;NA;NA;
20;16;23.24;28.55;30.49;NA;24.56;38.39;NA;NA;ND;NA;NA;NA;
20;17;20.9;24.88;30.2;NA;23.37;36.6;NA;NA;ND;NA;NA;NA;
20;18;8.14;18.15;18.28;NA;26.56;33.26;NA;NA;ND;NA;NA;NA;
20;19;13.63;25.1;24.46;NA;ND;19.16;NA;NA;ND;NA;NA;NA;
20;20;ND;22.99;23.48;NA;35.68;30.42;NA;NA;ND;NA;NA;NA;
20;21;22.42;13.57;29.63;NA;38.78;26.63;NA;NA;ND;NA;NA;NA;
20;22;23.56;15.42;25.88;NA;32.25;23.91;NA;NA;ND;NA;NA;NA;
20;23;ND;30.39;18.2;NA;ND;25.79;NA;NA;ND;NA;NA;NA;
21;0;19.63;14.43;24.11;NA;30.7;18.7;NA;NA;ND;NA;NA;NA;
21;1;18.94;25.26;25.58;NA;26.49;26.62;NA;NA;ND;NA;NA;NA;
21;2;21.25;20.93;21.32;NA;23.47;19.2;NA;NA;ND;NA;NA;NA;
21;3;28.34;27.21;27.12;NA;33.56;30.34;NA;NA;ND;NA;NA;NA;
21;4;29.56;24.94;25.13;NA;27.12;28.19;NA;NA;ND;NA;NA;NA;
21;5;27.74;28.33;22.79;NA;37.7;28.85;NA;NA;ND;NA;NA;NA;
21;6;38.52;31.58;29.09;NA;51.18;44.36;NA;NA;ND;NA;NA;NA;
21;7;50.8;47.01;50;NA;79.14;62.16;NA;NA;ND;NA;NA;NA;
21;8;57.92;45.79;71.88;NA;86.16;59.28;NA;NA;ND;NA;NA;NA;
21;9;41.16;60.46;55.5;NA;53.96;33.87;NA;NA;ND;NA;NA;NA;
21;10;34.24;40.76;27.18;NA;48.18;15.89;NA;NA;ND;NA;NA;NA;
21;11;27.12;24.36;14.09;NA;3.8;3.92;NA;NA;ND;NA;NA;NA;
21;12;16.06;21.59;6.81;NA;9.8;2.91;NA;NA;ND;NA;NA;NA;
21;13;15.53;25.77;16.92;NA;20.13;28;NA;NA;ND;NA;NA;NA;
21;14;14.42;11.33;24.09;NA;20.45;19.27;NA;NA;ND;NA;NA;NA;
21;15;15.1;21.12;9.1;NA;21;13.73;NA;NA;ND;NA;NA;NA;
21;16;14.59;32.12;20.07;NA;22.13;24.92;NA;NA;ND;NA;NA;NA;
21;17;23.7;18.47;16.84;NA;19.53;23.36;NA;NA;ND;NA;NA;NA;
21;18;7.32;23.22;22.52;NA;6.82;23.42;NA;NA;ND;NA;NA;NA;
21;19;9.1;20.58;16.63;NA;21.04;21.39;NA;NA;ND;NA;NA;NA;
21;20;17.42;17.87;17.78;NA;26.89;24;NA;NA;ND;NA;NA;NA;
21;21;12.72;17.67;21.18;NA;28.19;24.24;NA;NA;ND;NA;NA;NA;
21;22;13.68;11.27;24.55;NA;29.38;20.89;NA;NA;ND;NA;NA;NA;
21;23;ND;15.8;16.54;NA;ND;14.53;NA;NA;ND;NA;NA;NA;
22;0;19.94;11.91;20.19;NA;33.79;27.6;NA;NA;ND;NA;NA;NA;
22;1;16.57;13.69;27.64;NA;22.77;25.31;NA;NA;ND;NA;NA;NA;
22;2;23.6;16.18;22.8;NA;19.23;21.64;NA;NA;ND;NA;NA;NA;
22;3;17.9;13.37;12.52;NA;20.29;17.56;NA;NA;ND;NA;NA;NA;
22;4;17.61;17.38;16.03;NA;21.05;15.12;NA;NA;ND;NA;NA;NA;
22;5;17.57;18.97;11.72;NA;21.94;14.16;NA;NA;ND;NA;NA;NA;
22;6;19.58;23.71;5.88;NA;18.35;17.63;NA;NA;ND;NA;NA;NA;
22;7;26.58;22.64;12.7;NA;13.32;20.79;NA;NA;ND;NA;NA;NA;
22;8;7.27;25;17.04;NA;21.06;22.37;NA;NA;ND;NA;NA;NA;
22;9;5.98;19.47;19.2;NA;33.62;17.21;NA;NA;ND;NA;NA;NA;
22;10;18.06;20.24;24.67;NA;34;31.43;NA;NA;ND;NA;NA;NA;
22;11;11.31;8.77;17.68;NA;19.11;25.93;NA;NA;ND;NA;NA;NA;
22;12;11.96;12.14;17.96;NA;12.87;9.7;NA;NA;ND;NA;NA;NA;
22;13;8.1;9.96;8.39;NA;17.69;19.99;NA;NA;ND;NA;NA;NA;
22;14;15.7;14.08;18.04;NA;18.92;16.57;NA;NA;ND;NA;NA;NA;
22;15;5.66;14.33;11.86;NA;20.76;9.25;NA;NA;ND;NA;NA;NA;
22;16;20.2;16.71;12.01;NA;17.37;17.2;NA;NA;ND;NA;NA;NA;
22;17;8.11;11.75;17.48;NA;13.97;18.06;NA;NA;ND;NA;NA;NA;
22;18;17.86;19.7;17.93;NA;21.93;26.92;NA;NA;ND;NA;NA;NA;
22;19;17.58;21.23;21.05;NA;35.62;24.88;NA;NA;ND;NA;NA;NA;
22;20;11.33;26.05;14.07;NA;49.35;29.64;NA;NA;ND;NA;NA;NA;
22;21;20.19;40.56;24.82;NA;38.5;17.8;NA;NA;ND;NA;NA;NA;
22;22;16.2;29.95;18.8;NA;30.62;33.58;NA;NA;ND;NA;NA;NA;
22;23;ND;35.77;20.79;NA;ND;25.04;NA;NA;ND;NA;NA;NA;
23;0;27.83;37.42;34.26;NA;58.29;28.84;NA;NA;ND;NA;NA;NA;
23;1;25.39;27.61;31.63;NA;39.19;33.21;NA;NA;ND;NA;NA;NA;
23;2;14.49;21.43;21.79;NA;30.89;21.67;NA;NA;ND;NA;NA;NA;
23;3;4.13;26.89;17.66;NA;27.9;18.01;NA;NA;ND;NA;NA;NA;
23;4;11.25;34.18;12.94;NA;35.03;23.09;NA;NA;ND;NA;NA;NA;
23;5;11.59;33.08;13.97;NA;22.33;15.85;NA;NA;ND;NA;NA;NA;
23;6;27.26;38.01;11.83;NA;27.63;21.61;NA;NA;ND;NA;NA;NA;
23;7;26.8;39.68;24.86;NA;25.86;5.61;NA;NA;ND;NA;NA;NA;
23;8;29.28;27.01;19.81;NA;32.87;10.23;NA;NA;ND;NA;NA;NA;
23;9;21.65;21.85;13.46;NA;16.2;7.51;NA;NA;ND;NA;NA;NA;
23;10;20.33;10.93;6.15;NA;8.8;1.54;NA;NA;ND;NA;NA;NA;
23;11;20.6;9.93;8.5;NA;1.88;9.73;NA;NA;ND;NA;NA;NA;
23;12;15.06;14.39;7.61;NA;7.85;8.99;NA;NA;ND;NA;NA;NA;
23;13;19.6;18;5.18;NA;2.73;19.22;NA;NA;ND;NA;NA;NA;
23;14;8.52;27.81;20.66;NA;8.13;8.04;NA;NA;ND;NA;NA;NA;
23;15;23.59;31.22;10.86;NA;10.66;27.27;NA;NA;ND;NA;NA;NA;
23;16;16.83;23.49;13;NA;18.82;17.59;NA;NA;ND;NA;NA;NA;
23;17;14.88;23.5;19.38;NA;21.37;16.92;NA;NA;ND;NA;NA;NA;
23;18;14.92;15.26;10.92;NA;14.34;16.36;NA;NA;ND;NA;NA;NA;
23;19;6.65;19.69;9.66;NA;16.15;5.59;NA;NA;ND;NA;NA;NA;
23;20;2.97;21.69;3.52;NA;26.6;8.84;NA;NA;ND;NA;NA;NA;
23;21;6.15;21.27;8.23;NA;23.56;7.81;NA;NA;ND;NA;NA;NA;
23;22;10.57;12.49;5.6;NA;8.97;14.27;NA;NA;ND;NA;NA;NA;
23;23;ND;22.89;3.2;NA;ND;13.8;NA;NA;ND;NA;NA;NA;
24;0;8.1;29.09;13.45;NA;27.22;7.13;NA;NA;ND;NA;NA;NA;
24;1;6.9;8.72;8.8;NA;8.75;10.01;NA;NA;ND;NA;NA;NA;
24;2;2.07;9.08;8.01;NA;3.54;7.09;NA;NA;ND;NA;NA;NA;
24;3;8.49;9.12;5.12;NA;2.74;6.97;NA;NA;ND;NA;NA;NA;
24;4;3.82;11.9;5.37;NA;14.29;4.51;NA;NA;ND;NA;NA;NA;
24;5;12.83;15.31;4.13;NA;6.19;6.66;NA;NA;ND;NA;NA;NA;
24;6;13.33;21.07;8.95;NA;19.19;6.01;NA;NA;ND;NA;NA;NA;
24;7;15.18;29.16;9.38;NA;13.91;2.43;NA;NA;ND;NA;NA;NA;
24;8;12.13;38.38;24.34;NA;6.86;7.51;NA;NA;ND;NA;NA;NA;
24;9;22.29;34.31;25.08;NA;20.86;13.25;NA;NA;ND;NA;NA;NA;
24;10;16.66;10.8;24.88;NA;5.6;17.93;NA;NA;ND;NA;NA;NA;
24;11;7.43;8.86;18.01;NA;12;19.6;NA;NA;ND;NA;NA;NA;
24;12;18.3;17.04;8.59;NA;6.99;5.46;NA;NA;ND;NA;NA;NA;
24;13;17.3;18.12;13.76;NA;12.83;19.06;NA;NA;ND;NA;NA;NA;
24;14;11.61;15.11;16.38;NA;27.69;36.65;NA;NA;ND;NA;NA;NA;
24;15;19.94;21.07;10.21;NA;9.96;18.68;NA;NA;ND;NA;NA;NA;
24;16;9.08;23.87;19.42;NA;14.18;10.53;NA;NA;ND;NA;NA;NA;
24;17;17.83;23.09;27.28;NA;13.99;24.97;NA;NA;ND;NA;NA;NA;
24;18;8.25;12.42;18.85;NA;14.39;17.71;NA;NA;ND;NA;NA;NA;
24;19;10.22;22.79;23.5;NA;30.55;23.35;NA;NA;ND;NA;NA;NA;
24;20;11.81;13.62;12.78;NA;19.58;14.68;NA;NA;ND;NA;NA;NA;
24;21;8.65;14.26;14.72;NA;16.43;20.24;NA;NA;ND;NA;NA;NA;
24;22;15.96;10.73;5.45;NA;17.42;11.48;NA;NA;ND;NA;NA;NA;
24;23;ND;10.82;11.48;NA;ND;10.35;NA;NA;ND;NA;NA;NA;
25;0;13.59;8.13;21.28;NA;26.55;11.47;NA;NA;ND;NA;NA;NA;
25;1;6.94;5.02;18.39;NA;23.26;18.99;NA;NA;ND;NA;NA;NA;
25;2;14.74;8.82;9.58;NA;11.54;13.99;NA;NA;ND;NA;NA;NA;
25;3;6.42;10.62;12.73;NA;16.79;6.59;NA;NA;ND;NA;NA;NA;
25;4;9.19;11.49;6.31;NA;9.86;3.31;NA;NA;ND;NA;NA;NA;
25;5;9.46;10.92;7.59;NA;3.49;16.12;NA;NA;ND;NA;NA;NA;
25;6;6.85;12.01;11.41;NA;24.15;12.41;NA;NA;ND;NA;NA;NA;
25;7;13.99;11.84;6.2;NA;22.9;4.82;NA;NA;ND;NA;NA;NA;
25;8;12.2;18.36;16.69;NA;19.85;21.4;NA;NA;ND;NA;NA;NA;
25;9;19.21;23.51;18.38;NA;22.61;20.74;NA;NA;ND;NA;NA;NA;
25;10;15.81;2.81;10.55;NA;8.49;4.09;NA;NA;ND;NA;NA;NA;
25;11;18.88;9.33;4.71;NA;4.08;4.51;NA;NA;ND;NA;NA;NA;
25;12;15.3;20.06;12.1;NA;0.14;9.54;NA;NA;ND;NA;NA;NA;
25;13;9.53;23.56;13.71;NA;9.62;7.7;NA;NA;ND;NA;NA;NA;
25;14;18.41;25.02;11.99;NA;14.78;31.55;NA;NA;ND;NA;NA;NA;
25;15;7.44;30.16;21.06;NA;1.06;18.61;NA;NA;ND;NA;NA;NA;
25;16;16.8;16.35;16.32;NA;4.09;9.7;NA;NA;ND;NA;NA;NA;
25;17;2.89;12.9;11.95;NA;23.58;24.66;NA;NA;ND;NA;NA;NA;
25;18;3.62;16.87;0.67;NA;13.29;2.33;NA;NA;ND;NA;NA;NA;
25;19;1.85;11.15;10.87;NA;8.29;20.46;NA;NA;ND;NA;NA;NA;
25;20;3.34;12.19;20.83;NA;23.31;13.62;NA;NA;ND;NA;NA;NA;
25;21;10.72;5.19;12.81;NA;28.36;16.68;NA;NA;ND;NA;NA;NA;
25;22;3.65;8.18;9.21;NA;13.15;10.79;NA;NA;ND;NA;NA;NA;
25;23;ND;5.08;5.87;NA;ND;5.43;NA;NA;ND;NA;NA;NA;
26;0;0.59;3.53;3.7;NA;20.78;1.51;NA;NA;ND;NA;NA;NA;
26;1;2.76;5.1;6.16;NA;10.31;12.31;NA;NA;ND;NA;NA;NA;
26;2;8.82;11.06;4.54;NA;2.14;6.75;NA;NA;ND;NA;NA;NA;
26;3;5;4.62;8.96;NA;13.24;5.33;NA;NA;ND;NA;NA;NA;
26;4;7.06;17.77;4.59;NA;8.56;8.02;NA;NA;ND;NA;NA;NA;
26;5;10.15;11.09;13.08;NA;20.81;13.84;NA;NA;ND;NA;NA;NA;
26;6;14.3;35.97;7.23;NA;38.82;26.03;NA;NA;ND;NA;NA;NA;
26;7;26.27;41.95;15.08;NA;54.4;38.13;NA;NA;ND;NA;NA;NA;
26;8;15.38;39.21;31.81;NA;30.31;59.47;NA;NA;ND;NA;NA;NA;
26;9;11.97;18.61;ND;NA;19.09;29.96;NA;NA;ND;NA;NA;NA;
26;10;17.4;23.8;ND;NA;25.27;15.7;NA;NA;ND;NA;NA;NA;
26;11;9.5;ND;33.22;NA;23.04;14.1;NA;NA;ND;NA;NA;NA;
26;12;12.85;ND;16.37;NA;3.48;9.26;NA;NA;ND;NA;NA;NA;
26;13;14.25;ND;20.53;NA;17.2;19.25;NA;NA;ND;NA;NA;NA;
26;14;11.51;21.43;20.09;NA;23.61;18.95;NA;NA;ND;NA;NA;NA;
26;15;16.52;36.08;21.68;NA;21.57;33.68;NA;NA;ND;NA;NA;NA;
26;16;0.05;10.07;2.94;NA;16.61;10.49;NA;NA;ND;NA;NA;NA;
26;17;4.97;9.02;0.9;NA;12.48;2.64;NA;NA;ND;NA;NA;NA;
26;18;9.15;17.69;15.7;NA;21.03;11.65;NA;NA;ND;NA;NA;NA;
26;19;14.55;19.52;5.93;NA;16.34;17.77;NA;NA;ND;NA;NA;NA;
26;20;14.69;10.33;14.07;NA;24.8;18.7;NA;NA;ND;NA;NA;NA;
26;21;16.49;23.62;2.45;NA;21.04;11.92;NA;NA;ND;NA;NA;NA;
26;22;8.05;14.64;6.53;NA;22;ND;NA;NA;ND;NA;NA;NA;
26;23;ND;17.14;4.81;NA;ND;ND;NA;NA;ND;NA;NA;NA;
27;0;0.94;25.23;6.8;NA;27.8;26.67;NA;NA;ND;NA;NA;NA;
27;1;2.71;10.98;10.27;NA;35.03;16.01;NA;NA;ND;NA;NA;NA;
27;2;3.26;15.84;7.35;NA;20.4;13.05;NA;NA;ND;NA;NA;NA;
27;3;2.97;12.09;10.32;NA;17.09;16.86;NA;NA;ND;NA;NA;NA;
27;4;8.09;19.48;10.58;NA;15.33;20.1;NA;NA;ND;NA;NA;NA;
27;5;9.37;20.53;6.92;NA;23.77;17.13;NA;NA;ND;NA;NA;NA;
27;6;13.02;47.64;21.94;NA;50.19;27.49;NA;NA;ND;NA;NA;NA;
27;7;29.75;87.45;29.94;NA;56.3;51.96;NA;NA;ND;NA;NA;NA;
27;8;18.97;57.62;29.46;NA;60.63;45.41;NA;NA;ND;NA;NA;NA;
27;9;7.23;19.24;2.41;NA;33.56;2.72;NA;NA;ND;NA;NA;NA;
27;10;19.58;8.52;8.07;NA;22.03;9.42;NA;NA;ND;NA;NA;NA;
27;11;ND;2.8;15.35;NA;23.7;ND;NA;NA;ND;NA;NA;NA;
27;12;ND;1.82;5.78;NA;2.96;ND;NA;NA;ND;NA;NA;NA;
27;13;18.38;9.75;12.7;NA;1.36;13.72;NA;NA;ND;NA;NA;NA;
27;14;12.75;5.9;7.82;NA;9.46;ND;NA;NA;ND;NA;NA;NA;
27;15;9.54;10.68;7.22;NA;2.06;ND;NA;NA;ND;NA;NA;NA;
27;16;4.31;17.02;12.99;NA;4.32;6.3;NA;NA;ND;NA;NA;NA;
27;17;12.86;9.41;7.27;NA;8.87;7.63;NA;NA;ND;NA;NA;NA;
27;18;11.1;19.33;18.75;NA;19.51;24.29;NA;NA;ND;NA;NA;NA;
27;19;6.53;14.84;14.05;NA;22.98;15.71;NA;NA;ND;NA;NA;NA;
27;20;12.62;16.49;5.82;NA;12.52;8.4;NA;NA;ND;NA;NA;NA;
27;21;10.72;10.71;12.31;NA;25.19;8.27;NA;NA;ND;NA;NA;NA;
27;22;9.2;18.5;10.38;NA;22.13;20.86;NA;NA;ND;NA;NA;NA;
27;23;ND;10.4;9.73;NA;ND;12.59;NA;NA;ND;NA;NA;NA;
28;0;5.45;16.02;23.4;NA;32.2;6.74;NA;NA;ND;NA;NA;NA;
28;1;6.39;5.64;10.48;NA;8.75;19.77;NA;NA;ND;NA;NA;NA;
28;2;4.39;5.98;5.09;NA;7.44;9.89;NA;NA;ND;NA;NA;NA;
28;3;10.68;15.24;7.35;NA;15.39;20.61;NA;NA;ND;NA;NA;NA;
28;4;8.32;6.75;9.35;NA;16.29;19.71;NA;NA;ND;NA;NA;NA;
28;5;17.32;10.22;10.47;NA;11.66;13.06;NA;NA;ND;NA;NA;NA;
28;6;12.06;20.45;19.18;NA;43.47;24.89;NA;NA;ND;NA;NA;NA;
28;7;11.45;35.19;34.61;NA;64.9;39.93;NA;NA;ND;NA;NA;NA;
28;8;13.5;18.02;33.76;NA;56.59;33.35;NA;NA;ND;NA;NA;NA;
28;9;18.88;18.45;16.27;NA;25.18;13.19;NA;NA;ND;NA;NA;NA;
28;10;10.33;14.41;11.13;NA;11.46;8.1;NA;NA;ND;NA;NA;NA;
28;11;11.08;4.16;6.66;NA;2.18;2.05;NA;NA;ND;NA;NA;NA;
28;12;11.56;14.96;3.64;NA;6.53;6.08;NA;NA;ND;NA;NA;NA;
28;13;10.17;18.21;9.06;NA;14.85;1.37;NA;NA;ND;NA;NA;NA;
28;14;7.34;16.22;4.39;NA;5.07;2.1;NA;NA;ND;NA;NA;NA;
28;15;11.26;27.09;3.23;NA;5.56;13.45;NA;NA;ND;NA;NA;NA;
28;16;15.68;18.86;19.25;NA;8.82;12.99;NA;NA;ND;NA;NA;NA;
28;17;11.88;19.79;16.7;NA;18.42;17.41;NA;NA;ND;NA;NA;NA;
28;18;9.59;16.15;15.93;NA;25.93;20.94;NA;NA;ND;NA;NA;NA;
28;19;12.32;27.13;20.42;NA;23.08;20.22;NA;NA;ND;NA;NA;NA;
28;20;20.62;19.35;11.8;NA;31.01;17.41;NA;NA;ND;NA;NA;NA;
28;21;20.3;23.47;16.98;NA;21.1;27.18;NA;NA;ND;NA;NA;NA;
28;22;12.13;15.47;8.99;NA;31.42;25.71;NA;NA;ND;NA;NA;NA;
28;23;ND;35.18;10.09;NA;ND;30.92;NA;NA;ND;NA;NA;NA;
29;0;15.96;16.75;16.58;NA;38.21;35.87;NA;NA;ND;NA;NA;NA;
29;1;20.63;28.33;18.89;NA;32.27;35.4;NA;NA;ND;NA;NA;NA;
29;2;14.41;20.05;13.51;NA;20.75;25.17;NA;NA;ND;NA;NA;NA;
29;3;17.57;23.47;22.15;NA;29.29;22.09;NA;NA;ND;NA;NA;NA;
29;4;17.46;20.76;13.12;NA;23.46;19.56;NA;NA;ND;NA;NA;NA;
29;5;16.87;37.29;19.36;NA;44.99;17.66;NA;NA;ND;NA;NA;NA;
29;6;10.52;40.47;16.72;NA;28.31;25.29;NA;NA;ND;NA;NA;NA;
29;7;7.49;41.19;11.65;NA;41.34;18.15;NA;NA;ND;NA;NA;NA;
29;8;14.69;26.01;27.82;NA;29.47;11.95;NA;NA;ND;NA;NA;NA;
29;9;25.07;16.65;5.01;NA;19.41;0.94;NA;NA;ND;NA;NA;NA;
29;10;21.33;7.75;23.87;NA;9.66;14.11;NA;NA;ND;NA;NA;NA;
29;11;21.05;13.81;11.37;NA;3.99;9.87;NA;NA;ND;NA;NA;NA;
29;12;21.23;20.94;11.47;NA;4.19;10.87;NA;NA;ND;NA;NA;NA;
29;13;16.6;27.99;14.91;NA;16.18;11.87;NA;NA;ND;NA;NA;NA;
29;14;ND;19.99;20.18;NA;11.8;18.83;NA;NA;ND;NA;NA;NA;
29;15;ND;22.62;15.3;NA;23.42;18.22;NA;NA;ND;NA;NA;NA;
29;16;ND;6.86;13.7;NA;20.16;17.88;NA;NA;ND;NA;NA;NA;
29;17;ND;25.99;17.27;NA;15.45;25.32;NA;NA;ND;NA;NA;NA;
29;18;0;25.76;20.05;NA;25.96;19.3;NA;NA;ND;NA;NA;NA;
29;19;0;20.67;16.71;NA;22.05;27.86;NA;NA;ND;NA;NA;NA;
29;20;0;22.4;18.16;NA;27.85;23.27;NA;NA;ND;NA;NA;NA;
29;21;0;21.46;26.24;NA;28.92;39.66;NA;NA;ND;NA;NA;NA;
29;22;1.13;21.08;21.02;NA;19.78;24.12;NA;NA;ND;NA;NA;NA;
29;23;ND;20.84;22.42;NA;ND;23.15;NA;NA;ND;NA;NA;NA;
30;0;0.43;23.36;2.46;NA;45.97;36.4;NA;NA;ND;NA;NA;NA;
30;1;1.94;16.74;17.28;NA;18.58;25.83;NA;NA;ND;NA;NA;NA;
30;2;4.98;12.88;14.56;NA;15.68;21.38;NA;NA;ND;NA;NA;NA;
30;3;2.39;20.2;21.33;NA;30.93;24.91;NA;NA;ND;NA;NA;NA;
30;4;9.99;16.63;23.06;NA;19.09;20.83;NA;NA;ND;NA;NA;NA;
30;5;5.79;14.53;18.55;NA;24.93;27.06;NA;NA;ND;NA;NA;NA;
30;6;5.22;29.24;12.76;NA;29.1;28.46;NA;NA;ND;NA;NA;NA;
30;7;2.36;41.74;18.16;NA;37.04;17.99;NA;NA;ND;NA;NA;NA;
30;8;16.22;21.68;15.82;NA;28.34;32.14;NA;NA;ND;NA;NA;NA;
30;9;9.56;17.1;14.8;NA;18.8;5.51;NA;NA;ND;NA;NA;NA;
30;10;17.93;2.81;11.16;NA;10.65;7.28;NA;NA;ND;NA;NA;NA;
30;11;7.32;4.21;7.7;NA;2.33;1.17;NA;NA;ND;NA;NA;NA;
30;12;14.75;16.27;2.12;NA;4.77;13.04;NA;NA;ND;NA;NA;NA;
30;13;15.02;26.5;8.26;NA;8.86;8.38;NA;NA;ND;NA;NA;NA;
30;14;5.66;25.03;22.44;NA;12.45;12.22;NA;NA;ND;NA;NA;NA;
30;15;17.94;12.86;6.14;NA;10.32;9.89;NA;NA;ND;NA;NA;NA;
30;16;14.55;14.79;16.75;NA;11.25;23.57;NA;NA;ND;NA;NA;NA;
30;17;12.1;15.57;12.67;NA;9.91;20.67;NA;NA;ND;NA;NA;NA;
30;18;5.28;14.78;12.41;NA;4.99;13.51;NA;NA;ND;NA;NA;NA;
30;19;3.31;14.41;10.16;NA;6.94;17.81;NA;NA;ND;NA;NA;NA;
30;20;4.66;12.28;12.44;NA;18.56;21.7;NA;NA;ND;NA;NA;NA;
30;21;18.31;15.71;16.14;NA;23.83;19.5;NA;NA;ND;NA;NA;NA;
30;22;5.01;16.86;15.46;NA;25.81;8.71;NA;NA;ND;NA;NA;NA;
30;23;ND;9.13;9.92;NA;ND;14.59;NA;NA;ND;NA;NA;NA;
31;0;4.68;3.05;11.34;NA;18.04;19.91;NA;NA;ND;NA;NA;NA;
31;1;5.28;7.1;9.21;NA;21.24;17.33;NA;NA;ND;NA;NA;NA;
31;2;4.02;15.07;7.85;NA;12.68;12.28;NA;NA;ND;NA;NA;NA;
31;3;8.64;12.14;7.27;NA;15.63;15.81;NA;NA;ND;NA;NA;NA;
31;4;6.94;5.08;14.84;NA;10.78;16.66;NA;NA;ND;NA;NA;NA;
31;5;10.4;3.89;14.02;NA;23.46;19.82;NA;NA;ND;NA;NA;NA;
31;6;10.38;15.22;17.36;NA;15.09;18.55;NA;NA;ND;NA;NA;NA;
31;7;14.62;17.35;10.78;NA;20.58;22.36;NA;NA;ND;NA;NA;NA;
31;8;11.46;20.89;17.15;NA;18.08;19.36;NA;NA;ND;NA;NA;NA;
31;9;10.65;19.82;17.53;NA;16;4.7;NA;NA;ND;NA;NA;NA;
31;10;26.85;11.74;13.15;NA;16.63;6.34;NA;NA;ND;NA;NA;NA;
31;11;22.03;20.25;11.72;NA;14.25;14.22;NA;NA;ND;NA;NA;NA;
31;12;13.61;12.28;18.76;NA;17.74;17.66;NA;NA;ND;NA;NA;NA;
31;13;12.63;16.37;11.06;NA;10.77;7.97;NA;NA;ND;NA;NA;NA;
31;14;10.66;16.07;15.16;NA;5.43;7.52;NA;NA;ND;NA;NA;NA;
31;15;3.7;94.54;6.28;NA;23.12;22.2;NA;NA;ND;NA;NA;NA;
31;16;8.36;31.14;10.75;NA;12.62;9.46;NA;NA;ND;NA;NA;NA;
31;17;9.54;52.99;8.75;NA;14.72;15.34;NA;NA;ND;NA;NA;NA;
31;18;13.59;19.25;12.72;NA;10.79;14.61;NA;NA;ND;NA;NA;NA;
31;19;13.63;28.71;10.47;NA;16.17;22.33;NA;NA;ND;NA;NA;NA;
31;20;23.01;31.1;14.64;NA;20.61;15.52;NA;NA;ND;NA;NA;NA;
31;21;22.44;38.18;13.5;NA;36.42;18.07;NA;NA;ND;NA;NA;NA;
31;22;15.47;33.01;13.33;NA;31.95;10.95;NA;NA;ND;NA;NA;NA;
31;23;ND;38.75;20.08;NA;ND;15.61;NA;NA;ND;NA;NA;NA;
