DIA;HORA;Cotocollao;Carapungo;Belisario;Jipijapa;El Camal;Centro;Guamaní;Tumbaco;Los Chillos;El Condado;Turubamba;Chillogallo;
1;0;5.77;31.56;4.09;NA;16.16;1.17;NA;NA;ND;NA;NA;NA;
1;1;18.28;23.79;2.46;NA;4.1;10.28;NA;NA;ND;NA;NA;NA;
1;2;11.09;24.48;11.76;NA;10.74;7.63;NA;NA;ND;NA;NA;NA;
1;3;24.38;17.98;15.62;NA;4.07;10.23;NA;NA;ND;NA;NA;NA;
1;4;12.16;17.52;9.81;NA;10.96;23.63;NA;NA;ND;NA;NA;NA;
1;5;15.5;25.55;16.33;NA;14.01;14.94;NA;NA;ND;NA;NA;NA;
1;6;24.64;29.44;19.53;NA;10.91;12.9;NA;NA;ND;NA;NA;NA;
1;7;26.59;26.39;19.26;NA;10;17.41;NA;NA;ND;NA;NA;NA;
1;8;16.74;26.59;6.75;NA;18.15;7.32;NA;NA;ND;NA;NA;NA;
1;9;8.47;13.43;14.61;NA;7.82;1.04;NA;NA;ND;NA;NA;NA;
1;10;7.76;3.71;2.26;NA;6.46;2.12;NA;NA;ND;NA;NA;NA;
1;11;13.69;5.3;7.8;NA;7.3;4.53;NA;NA;ND;NA;NA;NA;
1;12;8.18;10.11;4.88;NA;10.81;8.05;NA;NA;ND;NA;NA;NA;
1;13;7.26;1.13;0.76;NA;3.2;4.4;NA;NA;ND;NA;NA;NA;
1;14;10.16;8.04;11.85;NA;12.05;2.72;NA;NA;ND;NA;NA;NA;
1;15;6.88;19.45;4.37;NA;2.81;4.65;NA;NA;ND;NA;NA;NA;
1;16;6.9;2.32;5.2;NA;9.62;7.78;NA;NA;ND;NA;NA;NA;
1;17;16.08;28.13;6.95;NA;10.45;7.03;NA;NA;ND;NA;NA;NA;
1;18;15.72;37.04;9.93;NA;7.06;9.21;NA;NA;ND;NA;NA;NA;
1;19;29.64;35.52;16.64;NA;8.34;10.15;NA;NA;ND;NA;NA;NA;
1;20;19.44;19.85;9.07;NA;11.75;12.52;NA;NA;ND;NA;NA;NA;
1;21;32.53;38.21;15.82;NA;10.91;10.73;NA;NA;ND;NA;NA;NA;
1;22;31.06;29.27;5.65;NA;3.64;4.58;NA;NA;ND;NA;NA;NA;
1;23;16.8;34.24;8.66;NA;ND;13.26;NA;NA;ND;NA;NA;NA;
2;0;28.48;9.94;4.97;NA;20.99;1.65;NA;NA;ND;NA;NA;NA;
2;1;23;29.25;10.38;NA;20.55;10.57;NA;NA;ND;NA;NA;NA;
2;2;14.07;24.18;11.41;NA;11.67;15.8;NA;NA;ND;NA;NA;NA;
2;3;16.59;23.36;8.25;NA;25.01;9.3;NA;NA;ND;NA;NA;NA;
2;4;26.82;24.56;9.08;NA;14.28;11.79;NA;NA;ND;NA;NA;NA;
2;5;19.31;19.98;11.84;NA;24.61;14.99;NA;NA;ND;NA;NA;NA;
2;6;35.08;32.9;19.31;NA;30.35;19.38;NA;NA;ND;NA;NA;NA;
2;7;34.37;38.63;22.08;NA;46.1;17.94;NA;NA;ND;NA;NA;NA;
2;8;23.97;22.17;7.29;NA;40.01;9.79;NA;NA;ND;NA;NA;NA;
2;9;10.17;12.12;9.31;NA;23.3;5.24;NA;NA;ND;NA;NA;NA;
2;10;8.83;8.37;7.29;NA;6.2;3.55;NA;NA;ND;NA;NA;NA;
2;11;5.02;3.99;6.74;NA;10.02;3.26;NA;NA;ND;NA;NA;NA;
2;12;13.55;12.16;5.98;NA;10.88;7.41;NA;NA;ND;NA;NA;NA;
2;13;13.39;10;10.54;NA;6.84;4.64;NA;NA;ND;NA;NA;NA;
2;14;8.77;8.78;ND;NA;13.21;6.74;NA;NA;ND;NA;NA;NA;
2;15;22.68;17.2;ND;NA;5.39;11.38;NA;NA;ND;NA;NA;NA;
2;16;18.51;ND;ND;NA;16.61;15.82;NA;NA;ND;NA;NA;NA;
2;17;24.98;25.58;21.44;NA;12.94;19.69;NA;NA;ND;NA;NA;NA;
2;18;17.4;37.13;21.19;NA;15.39;35.46;NA;NA;ND;NA;NA;NA;
2;19;17.96;29.53;23.67;NA;22.27;32.31;NA;NA;ND;NA;NA;NA;
2;20;16.52;23.7;22.72;NA;19.58;37.54;NA;NA;ND;NA;NA;NA;
2;21;29.8;28.79;25.09;NA;29.4;35.23;NA;NA;ND;NA;NA;NA;
2;22;23.16;18.37;28.36;NA;29.88;34.18;NA;NA;ND;NA;NA;NA;
2;23;23.19;32.6;24.5;NA;ND;33.29;NA;NA;ND;NA;NA;NA;
3;0;17.33;47.94;29.96;NA;40.06;54.62;NA;NA;ND;NA;NA;NA;
3;1;31.22;29.02;37.03;NA;32.77;40.69;NA;NA;ND;NA;NA;NA;
3;2;34.47;37.93;31.06;NA;35.53;34.31;NA;NA;ND;NA;NA;NA;
3;3;27.57;33.43;33.75;NA;34.2;30.15;NA;NA;ND;NA;NA;NA;
3;4;40.95;34.18;25.14;NA;20.94;22.66;NA;NA;ND;NA;NA;NA;
3;5;35.81;29.18;21.84;NA;36.74;35.43;NA;NA;ND;NA;NA;NA;
3;6;48.74;42.47;32.87;NA;40.81;50.16;NA;NA;ND;NA;NA;NA;
3;7;42.25;48.09;51.78;NA;57.7;42.92;NA;NA;ND;NA;NA;NA;
3;8;51.5;49.96;53.76;NA;62.84;52.19;NA;NA;ND;NA;NA;NA;
3;9;41.81;23.01;56.92;NA;30.62;27.51;NA;NA;ND;NA;NA;NA;
3;10;19.87;32.64;24.87;NA;38.03;24.15;NA;NA;ND;NA;NA;NA;
3;11;19.59;23.27;16.15;NA;12.72;14.43;NA;NA;ND;NA;NA;NA;
3;12;19.6;9.86;15.97;NA;6.87;5.69;NA;NA;ND;NA;NA;NA;
3;13;31.12;31.33;12.58;NA;24.37;11.79;NA;NA;ND;NA;NA;NA;
3;14;27.24;31.25;16.17;NA;17.15;27.43;NA;NA;ND;NA;NA;NA;
3;15;22.04;49.61;27.69;NA;22.71;20.56;NA;NA;ND;NA;NA;NA;
3;16;23.44;32.27;25.18;NA;17.41;22.76;NA;NA;ND;NA;NA;NA;
3;17;22.75;25.8;24.96;NA;13.76;32.39;NA;NA;ND;NA;NA;NA;
3;18;15.08;22.75;3.94;NA;11.68;10.03;NA;NA;ND;NA;NA;NA;
3;19;28.41;24.08;22.76;NA;19.25;14.49;NA;NA;ND;NA;NA;NA;
3;20;21.8;26.37;15.01;NA;36.22;27.95;NA;NA;ND;NA;NA;NA;
3;21;31.55;19.92;20.65;NA;29.41;31.44;NA;NA;ND;NA;NA;NA;
3;22;22.03;23.45;18.72;NA;33.69;ND;NA;NA;ND;NA;NA;NA;
3;23;25.15;31.88;18.71;NA;ND;ND;NA;NA;ND;NA;NA;NA;
4;0;39.33;28.9;29.87;NA;49.9;17.42;NA;NA;ND;NA;NA;NA;
4;1;40.11;22.64;20.65;NA;31.02;24.97;NA;NA;ND;NA;NA;NA;
4;2;25.18;29.65;25.27;NA;39.08;23.99;NA;NA;ND;NA;NA;NA;
4;3;26.43;39.26;37.16;NA;48.86;41.81;NA;NA;ND;NA;NA;NA;
4;4;36.17;28.02;34.91;NA;43.04;32.97;NA;NA;ND;NA;NA;NA;
4;5;37.06;44.88;15.32;NA;39.43;20.95;NA;NA;ND;NA;NA;NA;
4;6;36.2;52.49;27.02;NA;56.29;27.54;NA;NA;ND;NA;NA;NA;
4;7;46.54;44.79;35.56;NA;44.06;14.06;NA;NA;ND;NA;NA;NA;
4;8;42.13;31.27;23.86;NA;30.69;10.92;NA;NA;ND;NA;NA;NA;
4;9;21.44;37.85;22.42;NA;19.54;16.43;NA;NA;ND;NA;NA;NA;
4;10;15.41;12.25;11.59;NA;10.9;5.58;NA;NA;ND;NA;NA;NA;
4;11;17.03;9.03;10.26;NA;14.26;1.45;NA;NA;ND;NA;NA;NA;
4;12;8.38;9.96;10.72;NA;1.85;8.94;NA;NA;ND;NA;NA;NA;
4;13;14.03;14.26;12.18;NA;15.38;5.85;NA;NA;ND;NA;NA;NA;
4;14;25.74;26.34;14.6;NA;ND;6.54;NA;NA;ND;NA;NA;NA;
4;15;20.71;22.14;15.8;NA;ND;28.89;NA;NA;ND;NA;NA;NA;
4;16;10.34;15.9;17.69;NA;ND;20.49;NA;NA;ND;NA;NA;NA;
4;17;12.47;31.48;16.32;NA;11.61;19.27;NA;NA;ND;NA;NA;NA;
4;18;19.22;29.43;23.63;NA;14.59;27.42;NA;NA;ND;NA;NA;NA;
4;19;19.15;24.73;14.12;NA;19.82;16.01;NA;NA;ND;NA;NA;NA;
4;20;29.32;28.35;17.39;NA;14.49;26.22;NA;NA;ND;NA;NA;NA;
4;21;23.39;23.57;20.79;NA;25.36;14.37;NA;NA;ND;NA;NA;NA;
4;22;29.21;18.52;16.36;NA;28.8;29.07;NA;NA;ND;NA;NA;NA;
4;23;24.97;27.86;17.56;NA;ND;27.24;NA;NA;ND;NA;NA;NA;
5;0;37.71;32.22;21.74;NA;30.78;28.65;NA;NA;ND;NA;NA;NA;
5;1;36.83;18.6;18.09;NA;10.22;13.57;NA;NA;ND;NA;NA;NA;
5;2;31.85;21.69;7.8;NA;7.42;8.78;NA;NA;ND;NA;NA;NA;
5;3;25.44;24.16;7.98;NA;15.4;5.74;NA;NA;ND;NA;NA;NA;
5;4;23.61;29.34;4.92;NA;15.37;9.8;NA;NA;ND;NA;NA;NA;
5;5;25.18;27.13;2.62;NA;11.63;4.65;NA;NA;ND;NA;NA;NA;
5;6;28.45;42.53;7.48;NA;37.49;12.44;NA;NA;ND;NA;NA;NA;
5;7;32.55;41.5;8.9;NA;25.63;14;NA;NA;ND;NA;NA;NA;
5;8;13.05;27.05;4.58;NA;11.98;4.94;NA;NA;ND;NA;NA;NA;
5;9;10.53;15.42;9.53;NA;6.59;2.5;NA;NA;ND;NA;NA;NA;
5;10;15.05;10.6;7.48;NA;6.69;3.23;NA;NA;ND;NA;NA;NA;
5;11;15.89;9.2;11.27;NA;16.09;9.28;NA;NA;ND;NA;NA;NA;
5;12;7.8;6.31;7.85;NA;6.99;2.25;NA;NA;ND;NA;NA;NA;
5;13;6.42;2.46;6.4;NA;3.61;6.52;NA;NA;ND;NA;NA;NA;
5;14;14.66;19.29;12.5;NA;13.6;7.35;NA;NA;ND;NA;NA;NA;
5;15;15.8;27.05;11.36;NA;2.58;8.07;NA;NA;ND;NA;NA;NA;
5;16;17.41;22.75;13.16;NA;10.33;14.63;NA;NA;ND;NA;NA;NA;
5;17;25.79;24.51;10.84;NA;8.81;17.82;NA;NA;ND;NA;NA;NA;
5;18;9.22;18.91;15.3;NA;15.65;15.31;NA;NA;ND;NA;NA;NA;
5;19;13.17;26.41;26.43;NA;13.85;20.68;NA;NA;ND;NA;NA;NA;
5;20;28.46;18.02;22.55;NA;18.77;13.94;NA;NA;ND;NA;NA;NA;
5;21;22.69;27.46;12.3;NA;7.89;16.9;NA;NA;ND;NA;NA;NA;
5;22;20.27;28.32;9.92;NA;ND;13.33;NA;NA;ND;NA;NA;NA;
5;23;10.82;25.77;9.95;NA;ND;13.23;NA;NA;ND;NA;NA;NA;
6;0;16.15;32.26;6.35;NA;10.28;20.8;NA;NA;ND;NA;NA;NA;
6;1;10.79;16.96;5.84;NA;12.51;9.37;NA;NA;ND;NA;NA;NA;
6;2;2.97;23.22;5;NA;12.79;5.11;NA;NA;ND;NA;NA;NA;
6;3;5.19;21.77;4.26;NA;4.69;7.26;NA;NA;ND;NA;NA;NA;
6;4;7.75;18.67;5.28;NA;11.92;6.26;NA;NA;ND;NA;NA;NA;
6;5;17.41;20.31;2.26;NA;15.83;10.09;NA;NA;ND;NA;NA;NA;
6;6;17.07;52.22;8.25;NA;35.11;15.38;NA;NA;ND;NA;NA;NA;
6;7;23.17;89.68;17.39;NA;47.34;17.16;NA;NA;ND;NA;NA;NA;
6;8;16.9;30.93;14.55;NA;25.69;18.04;NA;NA;ND;NA;NA;NA;
6;9;12.7;30.79;6.62;NA;7.28;18.26;NA;NA;ND;NA;NA;NA;
6;10;16.21;30.72;15.1;NA;8.26;19.62;NA;NA;ND;NA;NA;NA;
6;11;10.69;17.16;7.06;NA;21.77;10.2;NA;NA;ND;NA;NA;NA;
6;12;11.71;9.71;12.18;NA;21.4;16.07;NA;NA;ND;NA;NA;NA;
6;13;19.51;19.04;14.59;NA;14.5;14.63;NA;NA;ND;NA;NA;NA;
6;14;18.6;14.66;22.35;NA;31.15;17.62;NA;NA;ND;NA;NA;NA;
6;15;14.26;12.58;8.18;NA;23.42;12.19;NA;NA;ND;NA;NA;NA;
6;16;13.96;26.27;8.97;NA;13.54;12.96;NA;NA;ND;NA;NA;NA;
6;17;15.67;24.64;22.26;NA;16.39;8.68;NA;NA;ND;NA;NA;NA;
6;18;27.38;24.53;15.69;NA;13.43;19.34;NA;NA;ND;NA;NA;NA;
6;19;26.79;15.84;27.4;NA;9.25;25.73;NA;NA;ND;NA;NA;NA;
6;20;29.97;22.46;28.25;NA;11.64;35.16;NA;NA;ND;NA;NA;NA;
6;21;23.16;18.92;25.74;NA;21.33;29.02;NA;NA;ND;NA;NA;NA;
6;22;27.7;16.09;31.21;NA;14.48;20.8;NA;NA;ND;NA;NA;NA;
6;23;17.8;38.06;18.65;NA;ND;20.86;NA;NA;ND;NA;NA;NA;
7;0;21.89;26.7;7.28;NA;30.03;35.76;NA;NA;ND;NA;NA;NA;
7;1;25.38;32.75;20.01;NA;17.06;17.61;NA;NA;ND;NA;NA;NA;
7;2;16.1;32.92;11.16;NA;20.73;6.74;NA;NA;ND;NA;NA;NA;
7;3;17.02;40.64;12.52;NA;7.36;13.58;NA;NA;ND;NA;NA;NA;
7;4;17.87;37.6;11.3;NA;11.63;9.57;NA;NA;ND;NA;NA;NA;
7;5;23.09;40.28;6.47;NA;13.78;9.49;NA;NA;ND;NA;NA;NA;
7;6;19.47;47.97;3.5;NA;15.32;14.91;NA;NA;ND;NA;NA;NA;
7;7;18.56;22.92;2.9;NA;29.15;4.29;NA;NA;ND;NA;NA;NA;
7;8;32.94;22.41;7.81;NA;27.81;3.2;NA;NA;ND;NA;NA;NA;
7;9;16.62;17.41;6.24;NA;13.19;1.46;NA;NA;ND;NA;NA;NA;
7;10;11.56;23.38;3;NA;2.85;2.72;NA;NA;ND;NA;NA;NA;
7;11;5.67;1.61;12.94;NA;7.1;2.11;NA;NA;ND;NA;NA;NA;
7;12;16.17;15.48;10.9;NA;15.88;15.47;NA;NA;ND;NA;NA;NA;
7;13;15.65;15.27;2.74;NA;0.08;9.3;NA;NA;ND;NA;NA;NA;
7;14;22.33;28.85;21;NA;4.17;5.6;NA;NA;ND;NA;NA;NA;
7;15;6.46;14.15;11.24;NA;2.22;13.63;NA;NA;ND;NA;NA;NA;
7;16;21.07;18.29;21.02;NA;19.67;15.21;NA;NA;ND;NA;NA;NA;
7;17;23.96;33.33;19.58;NA;34.47;28.93;NA;NA;ND;NA;NA;NA;
7;18;23.88;25.73;20.39;NA;27.26;18.59;NA;NA;ND;NA;NA;NA;
7;19;15.88;23.95;15.08;NA;18.29;16.34;NA;NA;ND;NA;NA;NA;
7;20;17.89;13.47;17.16;NA;30.96;25.41;NA;NA;ND;NA;NA;NA;
7;21;25.76;20.95;19.87;NA;19.45;29.56;NA;NA;ND;NA;NA;NA;
7;22;17.22;19.73;16.79;NA;25.67;17.1;NA;NA;ND;NA;NA;NA;
7;23;27.17;91.69;10.12;NA;ND;25.67;NA;NA;ND;NA;NA;NA;
8;0;37.79;37.03;9.52;NA;28.27;25.9;NA;NA;ND;NA;NA;NA;
8;1;32.49;28.66;21;NA;18.18;22.76;NA;NA;ND;NA;NA;NA;
8;2;19.05;23.05;18.06;NA;17.46;21.39;NA;NA;ND;NA;NA;NA;
8;3;23.09;21.54;17.12;NA;17.76;13.16;NA;NA;ND;NA;NA;NA;
8;4;24.72;30.62;6.98;NA;1.46;6.12;NA;NA;ND;NA;NA;NA;
8;5;17.34;27.42;7.82;NA;14.6;5.95;NA;NA;ND;NA;NA;NA;
8;6;21.27;25.42;12.54;NA;5.99;10.38;NA;NA;ND;NA;NA;NA;
8;7;18.85;18.19;13.47;NA;6.78;4.04;NA;NA;ND;NA;NA;NA;
8;8;21;15.4;17.84;NA;10.75;8.74;NA;NA;ND;NA;NA;NA;
8;9;8.57;17.11;13.98;NA;11.77;19.62;NA;NA;ND;NA;NA;NA;
8;10;24.49;24.6;13.21;NA;22.43;17.47;NA;NA;ND;NA;NA;NA;
8;11;10.99;10.61;22.07;NA;5.71;8.31;NA;NA;ND;NA;NA;NA;
8;12;15.09;10.68;7.02;NA;10.88;9.43;NA;NA;ND;NA;NA;NA;
8;13;17.09;25.01;7.2;NA;17.94;12.01;NA;NA;ND;NA;NA;NA;
8;14;16.14;12.48;13.98;NA;10.34;10.03;NA;NA;ND;NA;NA;NA;
8;15;8.8;9.47;3.47;NA;4.88;12.69;NA;NA;ND;NA;NA;NA;
8;16;15.56;30.2;26.26;NA;24.18;29.14;NA;NA;ND;NA;NA;NA;
8;17;12.8;23.22;8.6;NA;13.97;22.94;NA;NA;ND;NA;NA;NA;
8;18;8.8;12.15;19.18;NA;10.99;11.88;NA;NA;ND;NA;NA;NA;
8;19;20.02;24.76;18.22;NA;16.34;23.38;NA;NA;ND;NA;NA;NA;
8;20;19.81;25.46;15.94;NA;26.83;22.73;NA;NA;ND;NA;NA;NA;
8;21;18.15;10.32;22.61;NA;36.48;27.82;NA;NA;ND;NA;NA;NA;
8;22;25.34;13.75;17.9;NA;28.04;ND;NA;NA;ND;NA;NA;NA;
8;23;17.54;21.8;13.5;NA;ND;ND;NA;NA;ND;NA;NA;NA;
9;0;16.13;26.39;12.91;NA;45.72;15.63;NA;NA;ND;NA;NA;NA;
9;1;17.45;20.1;20.05;NA;30.53;26.73;NA;NA;ND;NA;NA;NA;
9;2;7.97;22.42;12.74;NA;21.77;21.39;NA;NA;ND;NA;NA;NA;
9;3;14.06;23.88;17;NA;2.98;14.96;NA;NA;ND;NA;NA;NA;
9;4;23.29;20.78;15.86;NA;17.11;9.09;NA;NA;ND;NA;NA;NA;
9;5;24.93;28.5;19.26;NA;15.8;6.92;NA;NA;ND;NA;NA;NA;
9;6;43.75;70.87;15.23;NA;29.7;14.44;NA;NA;ND;NA;NA;NA;
9;7;61.2;52.36;12.46;NA;20.11;13.03;NA;NA;ND;NA;NA;NA;
9;8;34.94;26.67;7.2;NA;17.7;6.15;NA;NA;ND;NA;NA;NA;
9;9;11.64;25.53;3.58;NA;10.23;2.29;NA;NA;ND;NA;NA;NA;
9;10;12.83;15.07;5.87;NA;15.39;8.05;NA;NA;ND;NA;NA;NA;
9;11;19.79;6.47;15.67;NA;ND;6.73;NA;NA;ND;NA;NA;NA;
9;12;10.98;15.46;11.44;NA;5.47;9.68;NA;NA;ND;NA;NA;NA;
9;13;20.31;24.93;9.8;NA;27.69;8.4;NA;NA;ND;NA;NA;NA;
9;14;21.92;17.86;23.04;NA;9.18;22.58;NA;NA;ND;NA;NA;NA;
9;15;10.83;12.52;8.76;NA;6.99;8.25;NA;NA;ND;NA;NA;NA;
9;16;19.16;11.85;18.09;NA;26.27;10.24;NA;NA;ND;NA;NA;NA;
9;17;21.01;24.57;18.84;NA;18.33;10.77;NA;NA;ND;NA;NA;NA;
9;18;14.14;24.07;27.24;NA;16.55;27.03;NA;NA;ND;NA;NA;NA;
9;19;17.61;22.34;21.33;NA;8.04;26.01;NA;NA;ND;NA;NA;NA;
9;20;20.24;21.44;27.77;NA;23.17;29.67;NA;NA;ND;NA;NA;NA;
9;21;24.95;9.19;21.1;NA;24.42;31.71;NA;NA;ND;NA;NA;NA;
9;22;22.07;7.83;29.31;NA;17.42;28.55;NA;NA;ND;NA;NA;NA;
9;23;20.94;13.43;22.08;NA;ND;25.57;NA;NA;ND;NA;NA;NA;
10;0;ND;12.8;41.27;NA;21.04;21.54;NA;NA;ND;NA;NA;NA;
10;1;ND;21.92;25.51;NA;18.41;27.92;NA;NA;ND;NA;NA;NA;
10;2;ND;7.04;22.54;NA;19.16;20.47;NA;NA;ND;NA;NA;NA;
10;3;ND;11.8;20.87;NA;16.28;24.63;NA;NA;ND;NA;NA;NA;
10;4;ND;7.76;19.8;NA;7.53;22.35;NA;NA;ND;NA;NA;NA;
10;5;ND;25.15;15.98;NA;16.45;12.34;NA;NA;ND;NA;NA;NA;
10;6;ND;45.68;23.59;NA;42.31;36.39;NA;NA;ND;NA;NA;NA;
10;7;ND;41.19;38.94;NA;49.66;20.1;NA;NA;ND;NA;NA;NA;
10;8;ND;26.32;15.03;NA;31.31;14.42;NA;NA;ND;NA;NA;NA;
10;9;ND;24.04;18.2;NA;14.17;0.58;NA;NA;ND;NA;NA;NA;
10;10;ND;9.05;11.08;NA;1.52;2.11;NA;NA;ND;NA;NA;NA;
10;11;ND;2.38;9.33;NA;16.71;4.22;NA;NA;ND;NA;NA;NA;
10;12;ND;17.28;11.08;NA;11.96;5.73;NA;NA;ND;NA;NA;NA;
10;13;ND;10.56;6.99;NA;7.13;10.9;NA;NA;ND;NA;NA;NA;
10;14;ND;30.42;11.09;NA;7.09;15.6;NA;NA;ND;NA;NA;NA;
10;15;0;4.39;15.14;NA;0.56;2.97;NA;NA;ND;NA;NA;NA;
10;16;0;11.23;5.51;NA;7.29;8;NA;NA;ND;NA;NA;NA;
10;17;0;26.48;19.52;NA;6.21;11.38;NA;NA;ND;NA;NA;NA;
10;18;4.3;22.62;16.15;NA;7.36;11.61;NA;NA;ND;NA;NA;NA;
10;19;1.52;32.64;19.77;NA;16.88;14.3;NA;NA;ND;NA;NA;NA;
10;20;20.67;32.1;17.57;NA;10.16;18.73;NA;NA;ND;NA;NA;NA;
10;21;11.35;22.48;13.76;NA;7.28;18.86;NA;NA;ND;NA;NA;NA;
10;22;9.65;9.25;15.53;NA;20.73;16.35;NA;NA;ND;NA;NA;NA;
10;23;17.55;7.38;5.26;NA;ND;13.87;NA;NA;ND;NA;NA;NA;
11;0;26.79;16.7;8.19;NA;11.2;1.29;NA;NA;ND;NA;NA;NA;
11;1;24.97;6.52;7.23;NA;14.32;10.1;NA;NA;ND;NA;NA;NA;
11;2;18.96;19.7;7.35;NA;3.88;4.7;NA;NA;ND;NA;NA;NA;
11;3;16.53;13.81;3.68;NA;4.14;6.7;NA;NA;ND;NA;NA;NA;
11;4;3.24;18.88;6.6;NA;4.24;6.83;NA;NA;ND;NA;NA;NA;
11;5;1.63;16.01;6.72;NA;2.4;8.91;NA;NA;ND;NA;NA;NA;
11;6;11.99;23.39;4.12;NA;11.27;2.56;NA;NA;ND;NA;NA;NA;
11;7;22.32;15.77;4.76;NA;15.69;9.41;NA;NA;ND;NA;NA;NA;
11;8;13.21;19.75;7.68;NA;25.73;4.54;NA;NA;ND;NA;NA;NA;
11;9;9.43;8.55;11.22;NA;13.12;2.24;NA;NA;ND;NA;NA;NA;
11;10;8.68;16.78;7.06;NA;7.06;8.64;NA;NA;ND;NA;NA;NA;
11;11;11.85;15.83;5.44;NA;13.21;0.86;NA;NA;ND;NA;NA;NA;
11;12;12.42;6.65;11.46;NA;9.71;12.9;NA;NA;ND;NA;NA;NA;
11;13;23.4;28.88;19.22;NA;17.66;24.45;NA;NA;ND;NA;NA;NA;
11;14;25.66;35.12;28.46;NA;7.99;17.49;NA;NA;ND;NA;NA;NA;
11;15;8.73;2.99;12.02;NA;11.28;27.47;NA;NA;ND;NA;NA;NA;
11;16;8.9;0.46;13.65;NA;14.27;16.33;NA;NA;ND;NA;NA;NA;
11;17;17.59;23.19;26.34;NA;21.04;20.64;NA;NA;ND;NA;NA;NA;
11;18;13.12;26.8;31.18;NA;29.8;36.74;NA;NA;ND;NA;NA;NA;
11;19;21.47;18.94;26.7;NA;30.94;33.54;NA;NA;ND;NA;NA;NA;
11;20;20.14;9.71;23.48;NA;32;25.71;NA;NA;ND;NA;NA;NA;
11;21;29.14;12.71;26.5;NA;28.41;28.76;NA;NA;ND;NA;NA;NA;
11;22;18.02;16.1;23.64;NA;25.71;29.08;NA;NA;ND;NA;NA;NA;
11;23;22.45;21.87;21.74;NA;ND;24.8;NA;NA;ND;NA;NA;NA;
12;0;14.54;29.89;23.77;NA;29.76;31.42;NA;NA;ND;NA;NA;NA;
12;1;20.26;7.73;24.76;NA;19.89;26.54;NA;NA;ND;NA;NA;NA;
12;2;24.83;3.02;24.07;NA;23.6;24.15;NA;NA;ND;NA;NA;NA;
12;3;24.27;21.95;25.1;NA;27.14;23.73;NA;NA;ND;NA;NA;NA;
12;4;20.06;29.23;19.82;NA;26.8;23.36;NA;NA;ND;NA;NA;NA;
12;5;29.23;27;31.72;NA;26.55;31.95;NA;NA;ND;NA;NA;NA;
12;6;36.33;31.17;29.23;NA;65.4;31.21;NA;NA;ND;NA;NA;NA;
12;7;27.77;36.73;49.26;NA;91.02;40;NA;NA;ND;NA;NA;NA;
12;8;40.26;20.9;33.62;NA;62.12;36.51;NA;NA;ND;NA;NA;NA;
12;9;33.17;17.53;24.64;NA;31.75;7.64;NA;NA;ND;NA;NA;NA;
12;10;23.5;13.92;12.25;NA;13.56;12.76;NA;NA;ND;NA;NA;NA;
12;11;8.55;23.53;16.17;NA;19.2;9.49;NA;NA;ND;NA;NA;NA;
12;12;18.78;5.9;13.79;NA;9.46;15.97;NA;NA;ND;NA;NA;NA;
12;13;18.78;24.64;10.66;NA;10.81;ND;NA;NA;ND;NA;NA;NA;
12;14;27.85;32.13;24.91;NA;24.83;ND;NA;NA;ND;NA;NA;NA;
12;15;20.42;105.61;24.95;NA;20.06;32.47;NA;NA;ND;NA;NA;NA;
12;16;22.18;23.62;32.03;NA;15.54;23.25;NA;NA;ND;NA;NA;NA;
12;17;25.01;16.19;19.95;NA;6.23;12.97;NA;NA;ND;NA;NA;NA;
12;18;18.21;19.44;25.45;NA;24.68;22.51;NA;NA;ND;NA;NA;NA;
12;19;22.79;13.92;21.12;NA;27.62;30.49;NA;NA;ND;NA;NA;NA;
12;20;16.56;13.46;27.71;NA;27.91;44.75;NA;NA;ND;NA;NA;NA;
12;21;24.51;25.24;26.13;NA;28.15;26.21;NA;NA;ND;NA;NA;NA;
12;22;22.01;14.08;20.49;NA;18.01;40.39;NA;NA;ND;NA;NA;NA;
12;23;28.43;29.36;26.71;NA;ND;22.61;NA;NA;ND;NA;NA;NA;
13;0;34.36;25.61;32.22;NA;31.98;21.73;NA;NA;ND;NA;NA;NA;
13;1;34.91;11.95;28.1;NA;31.25;31.33;NA;NA;ND;NA;NA;NA;
13;2;31.76;23.11;18.91;NA;25.52;22.57;NA;NA;ND;NA;NA;NA;
13;3;29.68;28.5;21.56;NA;29.85;17.55;NA;NA;ND;NA;NA;NA;
13;4;33.44;25.95;23.28;NA;31.77;19.76;NA;NA;ND;NA;NA;NA;
13;5;30.24;27.59;27.28;NA;41.57;31.08;NA;NA;ND;NA;NA;NA;
13;6;44.95;36.22;30.06;NA;70.88;39.58;NA;NA;ND;NA;NA;NA;
13;7;32.93;30;53.23;NA;47.34;68.34;NA;NA;ND;NA;NA;NA;
13;8;68.03;23.72;46.75;NA;55.33;43.23;NA;NA;ND;NA;NA;NA;
13;9;44.25;33.92;36.85;NA;19.31;16.21;NA;NA;ND;NA;NA;NA;
13;10;22.05;26.13;16.97;NA;24.88;11.53;NA;NA;ND;NA;NA;NA;
13;11;18.21;24.37;25.32;NA;19.71;18.49;NA;NA;ND;NA;NA;NA;
13;12;23.84;11.9;16.68;NA;8.35;10.72;NA;NA;ND;NA;NA;NA;
13;13;28.99;19.89;16.86;NA;8.99;10.24;NA;NA;ND;NA;NA;NA;
13;14;24.14;26.35;31.7;NA;20.43;39.01;NA;NA;ND;NA;NA;NA;
13;15;31.36;33.73;44.47;NA;32.92;51.54;NA;NA;ND;NA;NA;NA;
13;16;38.52;10.74;15.34;NA;10.66;16.35;NA;NA;ND;NA;NA;NA;
13;17;30.55;29.18;33.08;NA;40.83;35.76;NA;NA;ND;NA;NA;NA;
13;18;25.4;19.03;17.71;NA;43.5;30.78;NA;NA;ND;NA;NA;NA;
13;19;33.12;24.93;29.3;NA;53.06;40.74;NA;NA;ND;NA;NA;NA;
13;20;22.59;20.94;37.79;NA;54.41;47.29;NA;NA;ND;NA;NA;NA;
13;21;39.03;43.76;36.5;NA;37.61;46.04;NA;NA;ND;NA;NA;NA;
13;22;44.69;66.19;24.87;NA;63.45;29.29;NA;NA;ND;NA;NA;NA;
13;23;32;53.86;28.17;NA;ND;37.6;NA;NA;ND;NA;NA;NA;
14;0;59.91;47.88;33.05;NA;72.58;60.49;NA;NA;ND;NA;NA;NA;
14;1;55.33;54.78;31.47;NA;61.99;61.38;NA;NA;ND;NA;NA;NA;
14;2;47.33;54.09;18.42;NA;47.37;30.41;NA;NA;ND;NA;NA;NA;
14;3;37.32;53.77;16.27;NA;31.77;24.75;NA;NA;ND;NA;NA;NA;
14;4;48.25;35.37;15.41;NA;24.95;22.91;NA;NA;ND;NA;NA;NA;
14;5;34.39;51.36;12.79;NA;19.26;25.46;NA;NA;ND;NA;NA;NA;
14;6;32.82;61.36;19.3;NA;28.24;39.69;NA;NA;ND;NA;NA;NA;
14;7;24.92;61.85;24.91;NA;36.43;23.28;NA;NA;ND;NA;NA;NA;
14;8;35.26;38.22;25.54;NA;46.97;17.29;NA;NA;ND;NA;NA;NA;
14;9;20.4;13.38;8.32;NA;14.7;2.32;NA;NA;ND;NA;NA;NA;
14;10;25.33;18.71;19.03;NA;23.46;16.77;NA;NA;ND;NA;NA;NA;
14;11;17.15;11.72;6.5;NA;6.52;2.56;NA;NA;ND;NA;NA;NA;
14;12;11.07;16.55;12.5;NA;5.93;6.56;NA;NA;ND;NA;NA;NA;
14;13;19.42;5.62;15.42;NA;7.51;12.7;NA;NA;ND;NA;NA;NA;
14;14;6.65;13.33;3.94;NA;7.11;4.59;NA;NA;ND;NA;NA;NA;
14;15;27.09;28.54;13.94;NA;1.83;8.44;NA;NA;ND;NA;NA;NA;
14;16;17.18;27.4;25.14;NA;23.97;25.39;NA;NA;ND;NA;NA;NA;
14;17;16.71;21.08;13.05;NA;24.24;22.57;NA;NA;ND;NA;NA;NA;
14;18;19.69;25.7;18.55;NA;22.54;18.08;NA;NA;ND;NA;NA;NA;
14;19;23.63;24.27;15.31;NA;16.67;24.41;NA;NA;ND;NA;NA;NA;
14;20;15.3;21.16;21.97;NA;24.53;23.51;NA;NA;ND;NA;NA;NA;
14;21;15.26;23;11.81;NA;33.66;21.35;NA;NA;ND;NA;NA;NA;
14;22;23.23;21.97;15.14;NA;44.61;18.03;NA;NA;ND;NA;NA;NA;
14;23;24.05;30.53;14.87;NA;ND;16.61;NA;NA;ND;NA;NA;NA;
15;0;28.61;16.09;27.67;NA;25.83;30.31;NA;NA;ND;NA;NA;NA;
15;1;19.19;26.24;18.08;NA;32.1;11.47;NA;NA;ND;NA;NA;NA;
15;2;16.27;22.08;6.65;NA;13;12.8;NA;NA;ND;NA;NA;NA;
15;3;20.56;18.42;6.14;NA;11.8;11.6;NA;NA;ND;NA;NA;NA;
15;4;16.39;15.65;8.79;NA;11.39;16.67;NA;NA;ND;NA;NA;NA;
15;5;17.99;26.22;14.74;NA;19.28;12.64;NA;NA;ND;NA;NA;NA;
15;6;17.53;36.12;2.39;NA;22.91;12.54;NA;NA;ND;NA;NA;NA;
15;7;11.96;25.25;7.97;NA;22.22;6.12;NA;NA;ND;NA;NA;NA;
15;8;8.61;16.88;5.75;NA;24.41;4.92;NA;NA;ND;NA;NA;NA;
15;9;10.96;8.15;4.37;NA;6.13;0.99;NA;NA;ND;NA;NA;NA;
15;10;9.12;16.35;9.77;NA;8.84;2;NA;NA;ND;NA;NA;NA;
15;11;10.61;9.76;4.51;NA;3.51;3.86;NA;NA;ND;NA;NA;NA;
15;12;9.93;2.86;9.08;NA;8.7;0.86;NA;NA;ND;NA;NA;NA;
15;13;2.51;7.43;6.46;NA;1.95;4.74;NA;NA;ND;NA;NA;NA;
15;14;11.57;9.79;3.91;NA;10.55;10.07;NA;NA;ND;NA;NA;NA;
15;15;17.21;17.37;8.82;NA;9.1;7.06;NA;NA;ND;NA;NA;NA;
15;16;25.08;23.78;11.37;NA;13.39;8.68;NA;NA;ND;NA;NA;NA;
15;17;15.93;26.22;14.6;NA;9.71;7.61;NA;NA;ND;NA;NA;NA;
15;18;16.83;24.29;8.93;NA;5.44;14;NA;NA;ND;NA;NA;NA;
15;19;17.79;22.12;14.76;NA;12.37;12.44;NA;NA;ND;NA;NA;NA;
15;20;21.07;15.38;9.21;NA;17.48;7.45;NA;NA;ND;NA;NA;NA;
15;21;13.87;19.42;12.16;NA;9.96;12.3;NA;NA;ND;NA;NA;NA;
15;22;7.61;6.88;6.82;NA;11.12;6.21;NA;NA;ND;NA;NA;NA;
15;23;3.51;9.13;5.36;NA;ND;6.33;NA;NA;ND;NA;NA;NA;
16;0;8.09;23.68;8.63;NA;8.99;6.45;NA;NA;ND;NA;NA;NA;
16;1;11.35;3.87;3.51;NA;2.57;6.08;NA;NA;ND;NA;NA;NA;
16;2;8.95;14.35;3.8;NA;9.12;6.2;NA;NA;ND;NA;NA;NA;
16;3;0.78;7.11;6.81;NA;8.39;2.27;NA;NA;ND;NA;NA;NA;
16;4;5.93;5.94;3.34;NA;3.05;2.42;NA;NA;ND;NA;NA;NA;
16;5;20.17;4.44;2.47;NA;13.63;9.93;NA;NA;ND;NA;NA;NA;
16;6;15.3;30.98;7.22;NA;43.23;21.98;NA;NA;ND;NA;NA;NA;
16;7;16.26;33.52;34.64;NA;86.17;35.35;NA;NA;ND;NA;NA;NA;
16;8;7.07;13.83;9.77;NA;47.25;3.87;NA;NA;ND;NA;NA;NA;
16;9;12.73;17.94;19.31;NA;14.74;12.34;NA;NA;ND;NA;NA;NA;
16;10;4.43;2.83;6.13;NA;16.85;2.35;NA;NA;ND;NA;NA;NA;
16;11;10.81;21.54;5.69;NA;11.29;5;NA;NA;ND;NA;NA;NA;
16;12;10.58;33.33;10.57;NA;6.69;3.42;NA;NA;ND;NA;NA;NA;
16;13;12.06;33.58;7.71;NA;2.44;4.14;NA;NA;ND;NA;NA;NA;
16;14;9.33;30.74;5.91;NA;1.94;11.67;NA;NA;ND;NA;NA;NA;
16;15;9.86;20.96;12.8;NA;20.61;3.99;NA;NA;ND;NA;NA;NA;
16;16;13.03;24.3;10.33;NA;9.68;8.83;NA;NA;ND;NA;NA;NA;
16;17;9.36;31.9;11.26;NA;14.78;7.87;NA;NA;ND;NA;NA;NA;
16;18;11.93;27.94;9.65;NA;15.08;12.12;NA;NA;ND;NA;NA;NA;
16;19;14.74;24.75;9.12;NA;0.78;7.5;NA;NA;ND;NA;NA;NA;
16;20;20.08;32.34;6.22;NA;20.86;13.74;NA;NA;ND;NA;NA;NA;
16;21;31.93;26.14;8.59;NA;11.79;4.89;NA;NA;ND;NA;NA;NA;
16;22;23.53;29.69;8.38;NA;3.83;10.74;NA;NA;ND;NA;NA;NA;
16;23;17.16;28.17;5.15;NA;ND;5.47;NA;NA;ND;NA;NA;NA;
17;0;40.57;41.46;16.32;NA;28.44;1.84;NA;NA;ND;NA;NA;NA;
17;1;19.31;18.76;7.33;NA;23.46;13.12;NA;NA;ND;NA;NA;NA;
17;2;15.69;24.13;10.44;NA;18.92;18.27;NA;NA;ND;NA;NA;NA;
17;3;11.75;16.06;13.56;NA;11.84;17.21;NA;NA;ND;NA;NA;NA;
17;4;17.06;25.23;4.88;NA;22.43;14.36;NA;NA;ND;NA;NA;NA;
17;5;14.62;27.88;8.4;NA;29.77;20.69;NA;NA;ND;NA;NA;NA;
17;6;34.43;72.85;12.17;NA;57.71;25.19;NA;NA;ND;NA;NA;NA;
17;7;50.68;88.35;26.87;NA;76.49;58.8;NA;NA;ND;NA;NA;NA;
17;8;14.12;41.2;27.25;NA;85.65;44.84;NA;NA;ND;NA;NA;NA;
17;9;18.91;15.94;19.35;NA;53.71;29.68;NA;NA;ND;NA;NA;NA;
17;10;18.1;15.24;9.9;NA;26.7;6.2;NA;NA;ND;NA;NA;NA;
17;11;8.04;8.57;5.14;NA;7.41;3.98;NA;NA;ND;NA;NA;NA;
17;12;20.88;17.96;5.13;NA;6.72;6.11;NA;NA;ND;NA;NA;NA;
17;13;21.12;17.99;10.47;NA;9.35;9.5;NA;NA;ND;NA;NA;NA;
17;14;25.52;32.4;14.31;NA;16.62;10.88;NA;NA;ND;NA;NA;NA;
17;15;22.66;8.88;19.84;NA;15.32;24.19;NA;NA;ND;NA;NA;NA;
17;16;18.97;35.19;20.27;NA;28.55;28.06;NA;NA;ND;NA;NA;NA;
17;17;29.89;47.85;22.09;NA;22.76;26.33;NA;NA;ND;NA;NA;NA;
17;18;30.65;32.67;31.2;NA;29.39;31.97;NA;NA;ND;NA;NA;NA;
17;19;37.68;29.38;34.8;NA;33.93;34.74;NA;NA;ND;NA;NA;NA;
17;20;40.86;28.08;23.98;NA;31.21;30.54;NA;NA;ND;NA;NA;NA;
17;21;40.56;22.58;32.22;NA;46.75;27.72;NA;NA;ND;NA;NA;NA;
17;22;51.57;23.71;32.85;NA;ND;31.63;NA;NA;ND;NA;NA;NA;
17;23;48.35;31.87;31.37;NA;ND;40.41;NA;NA;ND;NA;NA;NA;
18;0;25.48;15.19;30.5;NA;35.71;42.34;NA;NA;ND;NA;NA;NA;
18;1;34.77;19.08;30.7;NA;34.5;35.48;NA;NA;ND;NA;NA;NA;
18;2;28.08;9.88;26.98;NA;24.03;25.63;NA;NA;ND;NA;NA;NA;
18;3;39.2;15.12;22.29;NA;17.99;26.89;NA;NA;ND;NA;NA;NA;
18;4;30.8;19.81;24.95;NA;43.44;25.93;NA;NA;ND;NA;NA;NA;
18;5;23.56;15.47;22.82;NA;40.08;33.89;NA;NA;ND;NA;NA;NA;
18;6;26.64;49.18;35.94;NA;59.46;44.23;NA;NA;ND;NA;NA;NA;
18;7;35.61;44.94;51.86;NA;60.19;66.3;NA;NA;ND;NA;NA;NA;
18;8;37.05;29.99;20.56;NA;52.37;25.97;NA;NA;ND;NA;NA;NA;
18;9;10.39;18.43;11.92;NA;21.29;13.32;NA;NA;ND;NA;NA;NA;
18;10;6.95;9.07;5.16;NA;8.73;2.5;NA;NA;ND;NA;NA;NA;
18;11;8.61;12.04;5.79;NA;12.59;5.3;NA;NA;ND;NA;NA;NA;
18;12;6.86;2.09;6.64;NA;14.36;3.51;NA;NA;ND;NA;NA;NA;
18;13;5.95;15.88;3.79;NA;ND;5.62;NA;NA;ND;NA;NA;NA;
18;14;8;11.6;18.93;NA;6.93;12.17;NA;NA;ND;NA;NA;NA;
18;15;17.45;18.14;7.49;NA;13.99;6.99;NA;NA;ND;NA;NA;NA;
18;16;25.15;15.89;ND;NA;10.33;2.68;NA;NA;ND;NA;NA;NA;
18;17;25.39;28.81;14.99;NA;10.34;14.13;NA;NA;ND;NA;NA;NA;
18;18;15.45;24.67;27.16;NA;22.48;28.87;NA;NA;ND;NA;NA;NA;
18;19;13.82;19.34;20.86;NA;23.34;26.34;NA;NA;ND;NA;NA;NA;
18;20;14.83;28.14;10.03;NA;21.57;18.49;NA;NA;ND;NA;NA;NA;
18;21;19.09;20.83;17.41;NA;30.07;36.51;NA;NA;ND;NA;NA;NA;
18;22;18.54;18.74;11.4;NA;33.88;48.59;NA;NA;ND;NA;NA;NA;
18;23;20.99;17.94;16.65;NA;33.19;32.64;NA;NA;ND;NA;NA;NA;
19;0;23.27;38.64;16.98;NA;40.09;34.18;NA;NA;ND;NA;NA;NA;
19;1;25.9;21.14;18.18;NA;20.46;25.78;NA;NA;ND;NA;NA;NA;
19;2;20.19;33.38;23.25;NA;16.67;21.98;NA;NA;ND;NA;NA;NA;
19;3;10.68;37.62;13.38;NA;15.57;20.25;NA;NA;ND;NA;NA;NA;
19;4;17.29;37.28;16.2;NA;7.62;11.44;NA;NA;ND;NA;NA;NA;
19;5;25.36;19.58;27.65;NA;21.87;26.07;NA;NA;ND;NA;NA;NA;
19;6;39.86;45.26;29.44;NA;44.59;37.34;NA;NA;ND;NA;NA;NA;
19;7;41.69;43.71;22.87;NA;82.82;32.65;NA;NA;ND;NA;NA;NA;
19;8;21.31;13.3;13.86;NA;42.74;15.53;NA;NA;ND;NA;NA;NA;
19;9;12.36;9.09;8.13;NA;19.71;4.45;NA;NA;ND;NA;NA;NA;
19;10;9.78;4.1;5.28;NA;2.27;3.25;NA;NA;ND;NA;NA;NA;
19;11;8.02;24.23;5.27;NA;15.18;1.59;NA;NA;ND;NA;NA;NA;
19;12;7.18;21.17;6.66;NA;4.97;4.78;NA;NA;ND;NA;NA;NA;
19;13;8.72;12.18;5.41;NA;3.26;1.24;NA;NA;ND;NA;NA;NA;
19;14;9.42;8.21;7.46;NA;10.08;4.68;NA;NA;ND;NA;NA;NA;
19;15;11.56;8.27;9.24;NA;10.95;6.43;NA;NA;ND;NA;NA;NA;
19;16;9.34;12.31;8.94;NA;5.3;21.06;NA;NA;ND;NA;NA;NA;
19;17;11.97;10.72;10.9;NA;3.28;14.12;NA;NA;ND;NA;NA;NA;
19;18;13.21;22.76;10.79;NA;8.11;10.86;NA;NA;ND;NA;NA;NA;
19;19;8.67;24;16.49;NA;10.37;12.06;NA;NA;ND;NA;NA;NA;
19;20;15.71;22.31;11.05;NA;20.13;11.34;NA;NA;ND;NA;NA;NA;
19;21;8.02;11.32;10.71;NA;2.86;16.25;NA;NA;ND;NA;NA;NA;
19;22;11.7;1.42;12.73;NA;1.7;10.94;NA;NA;ND;NA;NA;NA;
19;23;6.71;5.31;4.46;NA;8.26;8.58;NA;NA;ND;NA;NA;NA;
20;0;12.3;29.98;3.62;NA;20.54;19.52;NA;NA;ND;NA;NA;NA;
20;1;11.75;15.78;3.08;NA;8.12;10.83;NA;NA;ND;NA;NA;NA;
20;2;4.98;13.08;11.82;NA;3.35;3.21;NA;NA;ND;NA;NA;NA;
20;3;5.67;18.09;0.54;NA;4.89;10.38;NA;NA;ND;NA;NA;NA;
20;4;7.02;4.49;1.92;NA;10.35;4.49;NA;NA;ND;NA;NA;NA;
20;5;3.77;11.59;8.62;NA;9.24;11.67;NA;NA;ND;NA;NA;NA;
20;6;12.3;32.9;4.75;NA;3.17;10.07;NA;NA;ND;NA;NA;NA;
20;7;7.28;42.26;11.34;NA;4.39;12.5;NA;NA;ND;NA;NA;NA;
20;8;2.64;8.34;5.78;NA;15.92;8.93;NA;NA;ND;NA;NA;NA;
20;9;12.53;23.58;11.01;NA;15.45;17.43;NA;NA;ND;NA;NA;NA;
20;10;6.24;14.22;5.69;NA;10.6;9.08;NA;NA;ND;NA;NA;NA;
20;11;9.19;15;11.03;NA;14.19;12.12;NA;NA;ND;NA;NA;NA;
20;12;11.63;10.91;8.64;NA;9.77;1.09;NA;NA;ND;NA;NA;NA;
20;13;10.69;10.35;14.47;NA;7.18;8.73;NA;NA;ND;NA;NA;NA;
20;14;13.84;10.98;17.49;NA;14.29;7.86;NA;NA;ND;NA;NA;NA;
20;15;13.64;6.74;7.85;NA;13.94;15.79;NA;NA;ND;NA;NA;NA;
20;16;11.36;17.72;15.76;NA;3.01;11.1;NA;NA;ND;NA;NA;NA;
20;17;12.92;23.11;14.7;NA;2.92;11.35;NA;NA;ND;NA;NA;NA;
20;18;19.77;26.17;15.5;NA;10.56;15.72;NA;NA;ND;NA;NA;NA;
20;19;15.61;25.06;19.32;NA;21.89;22.41;NA;NA;ND;NA;NA;NA;
20;20;14.31;28.34;12.61;NA;12.95;27.22;NA;NA;ND;NA;NA;NA;
20;21;13.27;11.35;11.87;NA;7.12;17.73;NA;NA;ND;NA;NA;NA;
20;22;11.32;29.22;ND;NA;18.15;14.72;NA;NA;ND;NA;NA;NA;
20;23;7.75;31.6;ND;NA;10.23;13.37;NA;NA;ND;NA;NA;NA;
21;0;10.58;21.98;21.29;NA;19.17;11.7;NA;NA;ND;NA;NA;NA;
21;1;17.08;23.68;3.84;NA;11.74;12.7;NA;NA;ND;NA;NA;NA;
21;2;17.35;15.41;7.99;NA;9.77;5.77;NA;NA;ND;NA;NA;NA;
21;3;19.01;26.52;11.51;NA;11;5.42;NA;NA;ND;NA;NA;NA;
21;4;44.75;20.11;10.08;NA;8.9;17.88;NA;NA;ND;NA;NA;NA;
21;5;28.71;39.47;6.87;NA;14.67;21.68;NA;NA;ND;NA;NA;NA;
21;6;18.63;55.34;13.16;NA;22.69;25.94;NA;NA;ND;NA;NA;NA;
21;7;22.35;56.19;28.74;NA;31.3;9.55;NA;NA;ND;NA;NA;NA;
21;8;29.26;20.13;25.07;NA;25.44;7.91;NA;NA;ND;NA;NA;NA;
21;9;24.11;13.17;3.19;NA;23.02;0.24;NA;NA;ND;NA;NA;NA;
21;10;14.64;8.94;10.96;NA;6.79;3.99;NA;NA;ND;NA;NA;NA;
21;11;11.41;8.64;6.47;NA;14.93;6.6;NA;NA;ND;NA;NA;NA;
21;12;8.97;9.32;4.89;NA;5.55;9.92;NA;NA;ND;NA;NA;NA;
21;13;14.68;14.55;3.89;NA;14.05;7.28;NA;NA;ND;NA;NA;NA;
21;14;22.72;35.81;ND;NA;11.24;11.61;NA;NA;ND;NA;NA;NA;
21;15;22.47;26.7;5.01;NA;13.4;15.05;NA;NA;ND;NA;NA;NA;
21;16;28.55;39.33;27.24;NA;11.12;19.95;NA;NA;ND;NA;NA;NA;
21;17;37.33;50.14;28.68;NA;11.63;24.99;NA;NA;ND;NA;NA;NA;
21;18;22.66;48.96;29.67;NA;15.45;24.35;NA;NA;ND;NA;NA;NA;
21;19;20.7;23.48;21.38;NA;5.67;10.59;NA;NA;ND;NA;NA;NA;
21;20;22.19;15.51;13.33;NA;9.97;20.39;NA;NA;ND;NA;NA;NA;
21;21;44.02;12.25;15.45;NA;11.78;19.35;NA;NA;ND;NA;NA;NA;
21;22;38.33;14.55;12.49;NA;13.2;20.06;NA;NA;ND;NA;NA;NA;
21;23;ND;25.38;9.67;NA;12.22;16.76;NA;NA;ND;NA;NA;NA;
22;0;30.67;22.8;14.14;NA;15.52;15.27;NA;NA;ND;NA;NA;NA;
22;1;14.93;20.06;7.84;NA;6.92;16.68;NA;NA;ND;NA;NA;NA;
22;2;6.24;13.67;7.33;NA;9.72;7.57;NA;NA;ND;NA;NA;NA;
22;3;9.67;19.08;6.97;NA;8.66;8.91;NA;NA;ND;NA;NA;NA;
22;4;5.1;18.69;4.08;NA;3.32;7.26;NA;NA;ND;NA;NA;NA;
22;5;7.62;26.74;4.78;NA;13.24;8.96;NA;NA;ND;NA;NA;NA;
22;6;8.07;27.41;6.2;NA;19.5;7.94;NA;NA;ND;NA;NA;NA;
22;7;2.22;10.01;1.11;NA;10.81;1.34;NA;NA;ND;NA;NA;NA;
22;8;3.08;8.77;8.04;NA;17.3;5.62;NA;NA;ND;NA;NA;NA;
22;9;10.32;7.25;3.32;NA;8.17;1.05;NA;NA;ND;NA;NA;NA;
22;10;8.95;12.77;6.15;NA;9.83;2.72;NA;NA;ND;NA;NA;NA;
22;11;12.14;7.69;7.41;NA;12.43;5.5;NA;NA;ND;NA;NA;NA;
22;12;9.67;31.31;3.49;NA;8.26;8.59;NA;NA;ND;NA;NA;NA;
22;13;20.82;42.95;6.8;NA;8.47;4.98;NA;NA;ND;NA;NA;NA;
22;14;24.3;21.66;9.56;NA;10.36;5.9;NA;NA;ND;NA;NA;NA;
22;15;21.32;22.04;31.72;NA;7.8;13.48;NA;NA;ND;NA;NA;NA;
22;16;29.06;45.56;9.33;NA;3.82;24.82;NA;NA;ND;NA;NA;NA;
22;17;27.79;48.32;17.07;NA;8.53;35.56;NA;NA;ND;NA;NA;NA;
22;18;34.27;45.22;25.5;NA;15.79;21.99;NA;NA;ND;NA;NA;NA;
22;19;16.17;33.2;31.94;NA;13.21;20.45;NA;NA;ND;NA;NA;NA;
22;20;17.34;31.08;32.39;NA;13.14;18.49;NA;NA;ND;NA;NA;NA;
22;21;15.04;24.94;21.39;NA;6.9;10.29;NA;NA;ND;NA;NA;NA;
22;22;21.92;21.09;7.56;NA;9.26;8.6;NA;NA;ND;NA;NA;NA;
22;23;23.21;26.4;5.19;NA;7.61;9.81;NA;NA;ND;NA;NA;NA;
23;0;25.37;15.05;3.39;NA;20.89;19.38;NA;NA;ND;NA;NA;NA;
23;1;29.83;16.42;8.45;NA;3.08;11.82;NA;NA;ND;NA;NA;NA;
23;2;17.82;9.48;8.32;NA;4.33;6.36;NA;NA;ND;NA;NA;NA;
23;3;2.43;16.89;3.49;NA;6.78;2.31;NA;NA;ND;NA;NA;NA;
23;4;11.84;11.83;5.27;NA;13.48;6.05;NA;NA;ND;NA;NA;NA;
23;5;2.84;23.17;2.39;NA;4.93;12.36;NA;NA;ND;NA;NA;NA;
23;6;15.64;27.43;8.15;NA;21.57;8.18;NA;NA;ND;NA;NA;NA;
23;7;13.21;30.6;10.69;NA;8.72;6.81;NA;NA;ND;NA;NA;NA;
23;8;23.53;18.15;10.22;NA;14.95;2.89;NA;NA;ND;NA;NA;NA;
23;9;16.9;6.23;19.93;NA;7.9;3.4;NA;NA;ND;NA;NA;NA;
23;10;12.89;10.16;11.96;NA;10.95;6.17;NA;NA;ND;NA;NA;NA;
23;11;12.15;7.22;16.63;NA;7.72;13.99;NA;NA;ND;NA;NA;NA;
23;12;12.14;34.46;29.27;NA;10.19;6.44;NA;NA;ND;NA;NA;NA;
23;13;11.03;37.51;17.01;NA;2.21;15.9;NA;NA;ND;NA;NA;NA;
23;14;11.7;24.55;ND;NA;23.14;16.89;NA;NA;ND;NA;NA;NA;
23;15;5.46;11;17.33;NA;11.23;14.62;NA;NA;ND;NA;NA;NA;
23;16;21.96;43.07;34.77;NA;11.19;7.45;NA;NA;ND;NA;NA;NA;
23;17;17.07;22.71;21.96;NA;16.22;18.51;NA;NA;ND;NA;NA;NA;
23;18;16.12;35.97;51.06;NA;11.31;14.41;NA;NA;ND;NA;NA;NA;
23;19;20.55;21.76;43.21;NA;7.72;12.18;NA;NA;ND;NA;NA;NA;
23;20;19.26;16.27;21.48;NA;18.49;15.78;NA;NA;ND;NA;NA;NA;
23;21;10.77;18.94;9.76;NA;19.53;23.7;NA;NA;ND;NA;NA;NA;
23;22;18.07;20.23;12.7;NA;17.55;14.14;NA;NA;ND;NA;NA;NA;
23;23;17.88;24.31;3.18;NA;8.04;8.66;NA;NA;ND;NA;NA;NA;
24;0;17;16.43;11.31;NA;3.61;5.62;NA;NA;ND;NA;NA;NA;
24;1;16.18;9.84;6.51;NA;16.25;6.39;NA;NA;ND;NA;NA;NA;
24;2;17.26;10.66;1.94;NA;9.75;6.9;NA;NA;ND;NA;NA;NA;
24;3;13.07;11.88;9.4;NA;5.04;10.82;NA;NA;ND;NA;NA;NA;
24;4;4.41;11.37;2.19;NA;12.13;3.34;NA;NA;ND;NA;NA;NA;
24;5;7.34;11.64;1.44;NA;7.99;3.46;NA;NA;ND;NA;NA;NA;
24;6;10.95;27.84;7.84;NA;27.54;12.47;NA;NA;ND;NA;NA;NA;
24;7;5.89;38.19;7.26;NA;30.01;7.39;NA;NA;ND;NA;NA;NA;
24;8;10.82;32.57;16.29;NA;5.04;10.92;NA;NA;ND;NA;NA;NA;
24;9;9.98;13.64;12.75;NA;7.12;8.62;NA;NA;ND;NA;NA;NA;
24;10;12.55;15.94;14.5;NA;10.32;3.66;NA;NA;ND;NA;NA;NA;
24;11;11.08;12.39;7.38;NA;9.74;6.78;NA;NA;ND;NA;NA;NA;
24;12;11.37;1.19;10.89;NA;29.53;2.64;NA;NA;ND;NA;NA;NA;
24;13;2.59;11.37;5.5;NA;17.56;5.91;NA;NA;ND;NA;NA;NA;
24;14;11.24;8.46;18.76;NA;5.79;12.26;NA;NA;ND;NA;NA;NA;
24;15;6.84;10.59;13.64;NA;2.97;5.68;NA;NA;ND;NA;NA;NA;
24;16;10.46;12.67;10.23;NA;8.24;9.61;NA;NA;ND;NA;NA;NA;
24;17;12.94;8.53;15.51;NA;13.09;13.5;NA;NA;ND;NA;NA;NA;
24;18;17.2;21.04;19.61;NA;17.82;19.19;NA;NA;ND;NA;NA;NA;
24;19;9.89;25.23;8.57;NA;10.76;21.46;NA;NA;ND;NA;NA;NA;
24;20;10.79;11.15;8.41;NA;14.08;19.22;NA;NA;ND;NA;NA;NA;
24;21;9.67;8.72;5.27;NA;6.93;15.42;NA;NA;ND;NA;NA;NA;
24;22;8.67;18.96;ND;NA;14.61;10.54;NA;NA;ND;NA;NA;NA;
24;23;4.1;12.99;ND;NA;9.54;8.74;NA;NA;ND;NA;NA;NA;
25;0;8.47;7.06;21.65;NA;5.97;8.25;NA;NA;ND;NA;NA;NA;
25;1;10.35;14.44;3.62;NA;0;4.42;NA;NA;ND;NA;NA;NA;
25;2;5.84;6.86;3.71;NA;9.07;4.87;NA;NA;ND;NA;NA;NA;
25;3;3.99;4.57;7.59;NA;8.75;5.3;NA;NA;ND;NA;NA;NA;
25;4;3.57;4.7;3.07;NA;2.48;3.69;NA;NA;ND;NA;NA;NA;
25;5;7.77;11.7;4.12;NA;3.2;6.7;NA;NA;ND;NA;NA;NA;
25;6;5.73;25.77;5.93;NA;18.26;10.54;NA;NA;ND;NA;NA;NA;
25;7;8.66;16.51;4.4;NA;10.94;7.26;NA;NA;ND;NA;NA;NA;
25;8;10.44;24.83;10.97;NA;12.88;6.51;NA;NA;ND;NA;NA;NA;
25;9;11.48;9.45;11.13;NA;3.85;5.11;NA;NA;ND;NA;NA;NA;
25;10;8.73;5.19;15.07;NA;17.17;5.95;NA;NA;ND;NA;NA;NA;
25;11;10.58;13.15;6.72;NA;15.64;4.77;NA;NA;ND;NA;NA;NA;
25;12;7.75;6;8.84;NA;5.64;5.9;NA;NA;ND;NA;NA;NA;
25;13;13.85;9;9.3;NA;13.86;9.36;NA;NA;ND;NA;NA;NA;
25;14;19.63;29.31;7.68;NA;8.89;12.19;NA;NA;ND;NA;NA;NA;
25;15;24.77;31.81;14.23;NA;25.95;16.52;NA;NA;ND;NA;NA;NA;
25;16;19.6;17.06;19.98;NA;14.56;24.15;NA;NA;ND;NA;NA;NA;
25;17;36.74;29.9;27.25;NA;25.07;18.14;NA;NA;ND;NA;NA;NA;
25;18;29.49;39.57;31.58;NA;26.81;34.89;NA;NA;ND;NA;NA;NA;
25;19;24.97;22.7;30.98;NA;29.05;39.1;NA;NA;ND;NA;NA;NA;
25;20;32.08;28.48;24.33;NA;24.4;29.33;NA;NA;ND;NA;NA;NA;
25;21;35.41;27.13;29.64;NA;30.05;18.49;NA;NA;ND;NA;NA;NA;
25;22;34.09;30.63;26.92;NA;18.98;11.11;NA;NA;ND;NA;NA;NA;
25;23;25.48;26.33;17.75;NA;14.39;16.99;NA;NA;ND;NA;NA;NA;
26;0;26.35;24.86;20.9;NA;34.25;8.73;NA;NA;ND;NA;NA;NA;
26;1;32.01;28.47;19.88;NA;23;13.94;NA;NA;ND;NA;NA;NA;
26;2;24.77;32.16;16.73;NA;8.74;12.14;NA;NA;ND;NA;NA;NA;
26;3;30.83;21.58;15.17;NA;18.35;18.08;NA;NA;ND;NA;NA;NA;
26;4;36.08;24.15;17.19;NA;3.51;6.5;NA;NA;ND;NA;NA;NA;
26;5;32.32;33.85;9.36;NA;4;14.67;NA;NA;ND;NA;NA;NA;
26;6;52.74;77.7;3.97;NA;10.07;12.18;NA;NA;ND;NA;NA;NA;
26;7;29.25;52.67;9.63;NA;16.35;5.6;NA;NA;ND;NA;NA;NA;
26;8;26.1;17.77;3.77;NA;13.68;6.75;NA;NA;ND;NA;NA;NA;
26;9;7.76;10.15;14.75;NA;8.59;1.89;NA;NA;ND;NA;NA;NA;
26;10;5.54;3.39;12.14;NA;8.59;2.65;NA;NA;ND;NA;NA;NA;
26;11;8.87;6.6;4.12;NA;8.01;7.07;NA;NA;ND;NA;NA;NA;
26;12;12.5;18.55;14.53;NA;8.49;21.78;NA;NA;ND;NA;NA;NA;
26;13;18.92;24.66;8.3;NA;3.33;1.62;NA;NA;ND;NA;NA;NA;
26;14;20.44;16.54;23.05;NA;17.65;23.79;NA;NA;ND;NA;NA;NA;
26;15;19.21;25.39;18.52;NA;24.17;21.31;NA;NA;ND;NA;NA;NA;
26;16;23.51;29.37;19.91;NA;31.36;33.14;NA;NA;ND;NA;NA;NA;
26;17;28.34;28.78;27.98;NA;32.62;31.14;NA;NA;ND;NA;NA;NA;
26;18;35.54;38.78;41.06;NA;40.35;38.57;NA;NA;ND;NA;NA;NA;
26;19;18.5;24.23;34.44;NA;25.49;37.87;NA;NA;ND;NA;NA;NA;
26;20;20.77;23.45;27.87;NA;28.77;43.15;NA;NA;ND;NA;NA;NA;
26;21;22.15;17.75;37.14;NA;37.69;35.31;NA;NA;ND;NA;NA;NA;
26;22;19.31;20.02;35.05;NA;39.93;37.7;NA;NA;ND;NA;NA;NA;
26;23;15.89;18.41;28.11;NA;41.06;37.06;NA;NA;ND;NA;NA;NA;
27;0;35.21;15.96;48.24;NA;24.73;30.95;NA;NA;ND;NA;NA;NA;
27;1;35.11;15.76;35.01;NA;10.36;18.14;NA;NA;ND;NA;NA;NA;
27;2;26.05;18.64;10.75;NA;10.81;15.79;NA;NA;ND;NA;NA;NA;
27;3;20.5;17.28;18.96;NA;2.9;13.71;NA;NA;ND;NA;NA;NA;
27;4;25.34;20.28;20.75;NA;13.44;16.83;NA;NA;ND;NA;NA;NA;
27;5;8.39;18.93;23.35;NA;20.75;15.65;NA;NA;ND;NA;NA;NA;
27;6;32.26;31.47;28.52;NA;24.17;25.17;NA;NA;ND;NA;NA;NA;
27;7;44.81;27.46;37.45;NA;20.58;17.7;NA;NA;ND;NA;NA;NA;
27;8;43.62;23.05;31.86;NA;19.25;17.77;NA;NA;ND;NA;NA;NA;
27;9;20.46;13.29;13.28;NA;15.06;8.37;NA;NA;ND;NA;NA;NA;
27;10;24.61;6.97;4.18;NA;11.25;0.18;NA;NA;ND;NA;NA;NA;
27;11;13.63;14.47;15.6;NA;8.64;14.89;NA;NA;ND;NA;NA;NA;
27;12;18.91;18.32;7.53;NA;20.25;8.38;NA;NA;ND;NA;NA;NA;
27;13;15.17;25.68;7.57;NA;13.02;8.73;NA;NA;ND;NA;NA;NA;
27;14;26.95;24.06;18.95;NA;0.68;12.61;NA;NA;ND;NA;NA;NA;
27;15;21.77;29.47;22.82;NA;19.14;18.99;NA;NA;ND;NA;NA;NA;
27;16;23.92;6.88;19.23;NA;32.06;22.02;NA;NA;ND;NA;NA;NA;
27;17;27.52;36.49;20.99;NA;26.56;26.46;NA;NA;ND;NA;NA;NA;
27;18;ND;32.76;22.79;NA;19.31;33.11;NA;NA;ND;NA;NA;NA;
27;19;0;23.35;24.22;NA;23.17;26.99;NA;NA;ND;NA;NA;NA;
27;20;0;27.59;18.37;NA;30.84;35.98;NA;NA;ND;NA;NA;NA;
27;21;0.74;18.72;24.41;NA;31.7;36.82;NA;NA;ND;NA;NA;NA;
27;22;2.3;30.83;ND;NA;30.36;34.45;NA;NA;ND;NA;NA;NA;
27;23;2.97;35.89;29.24;NA;28.59;25.84;NA;NA;ND;NA;NA;NA;
28;0;23.53;21.64;49.09;NA;38.9;32.08;NA;NA;ND;NA;NA;NA;
28;1;19.8;26.12;23.29;NA;43.81;34.68;NA;NA;ND;NA;NA;NA;
28;2;13.87;25.13;20.57;NA;23.45;31.12;NA;NA;ND;NA;NA;NA;
28;3;14.67;10.17;21.16;NA;27.44;31.11;NA;NA;ND;NA;NA;NA;
28;4;26.74;34.89;27.7;NA;27.25;30.18;NA;NA;ND;NA;NA;NA;
28;5;23.77;34.25;27.79;NA;29.68;32.52;NA;NA;ND;NA;NA;NA;
28;6;28.12;36.6;27.85;NA;31.3;33.74;NA;NA;ND;NA;NA;NA;
28;7;30.87;30.12;29.18;NA;43.38;38.96;NA;NA;ND;NA;NA;NA;
28;8;18.31;19.91;32.73;NA;31.96;29;NA;NA;ND;NA;NA;NA;
28;9;16.29;24.36;26.39;NA;31.98;38.39;NA;NA;ND;NA;NA;NA;
28;10;9.56;6.32;21.91;NA;45.5;21.67;NA;NA;ND;NA;NA;NA;
28;11;12.15;14.31;12.58;NA;21.95;6.5;NA;NA;ND;NA;NA;NA;
28;12;23.25;19.38;18.02;NA;14.83;8.15;NA;NA;ND;NA;NA;NA;
28;13;13.79;18.89;20.14;NA;12.02;13.72;NA;NA;ND;NA;NA;NA;
28;14;19.74;20.81;11.09;NA;13.1;16.03;NA;NA;ND;NA;NA;NA;
28;15;21.6;29.75;20.37;NA;13.22;18.81;NA;NA;ND;NA;NA;NA;
28;16;16.62;17.31;22.02;NA;15.57;17.47;NA;NA;ND;NA;NA;NA;
28;17;26.01;28.98;12.52;NA;15.96;21.3;NA;NA;ND;NA;NA;NA;
28;18;28.35;35.83;21.04;NA;8.68;31.88;NA;NA;ND;NA;NA;NA;
28;19;25.96;19.22;31.44;NA;18.6;20.09;NA;NA;ND;NA;NA;NA;
28;20;37.87;21.68;27.7;NA;12.1;31.35;NA;NA;ND;NA;NA;NA;
28;21;20.18;15.67;25.42;NA;35.05;35.81;NA;NA;ND;NA;NA;NA;
28;22;19.49;17.4;22.68;NA;24.9;25.71;NA;NA;ND;NA;NA;NA;
28;23;21.93;22.17;17.86;NA;26.51;29.06;NA;NA;ND;NA;NA;NA;
29;0;21.46;25.15;27.54;NA;42.31;22.47;NA;NA;ND;NA;NA;NA;
29;1;40.17;15.18;31.45;NA;35.02;31.63;NA;NA;ND;NA;NA;NA;
29;2;26.56;19.77;31.25;NA;29.26;34.7;NA;NA;ND;NA;NA;NA;
29;3;26.2;29.22;27.81;NA;26.31;30.89;NA;NA;ND;NA;NA;NA;
29;4;30.99;25.86;32.94;NA;31.93;34.85;NA;NA;ND;NA;NA;NA;
29;5;29.45;22.97;26.03;NA;25.11;30.15;NA;NA;ND;NA;NA;NA;
29;6;25.89;24.13;25.38;NA;34.34;34.02;NA;NA;ND;NA;NA;NA;
29;7;15.29;11.29;21.51;NA;30.01;25.93;NA;NA;ND;NA;NA;NA;
29;8;3.33;5.5;7.07;NA;11.92;7.97;NA;NA;ND;NA;NA;NA;
29;9;11.9;3.63;2.32;NA;6.09;2.82;NA;NA;ND;NA;NA;NA;
29;10;4.45;14.65;1.27;NA;9.37;0;NA;NA;ND;NA;NA;NA;
29;11;8.77;12.58;1.27;NA;17.1;2.54;NA;NA;ND;NA;NA;NA;
29;12;9.44;11.57;7.94;NA;14.57;9.61;NA;NA;ND;NA;NA;NA;
29;13;17.75;8.62;10.77;NA;12.05;3.35;NA;NA;ND;NA;NA;NA;
29;14;11.4;8.31;10.09;NA;10.3;11.63;NA;NA;ND;NA;NA;NA;
29;15;25.33;24.68;17.43;NA;18.44;15.67;NA;NA;ND;NA;NA;NA;
29;16;15.34;29.07;14.51;NA;29.83;24.15;NA;NA;ND;NA;NA;NA;
29;17;26.48;12.79;28.45;NA;24.14;21.38;NA;NA;ND;NA;NA;NA;
29;18;17.86;25.07;16.16;NA;47.38;34.55;NA;NA;ND;NA;NA;NA;
29;19;16.42;17.01;13.61;NA;22.36;21.37;NA;NA;ND;NA;NA;NA;
29;20;19.56;20.04;19.2;NA;13.88;17.88;NA;NA;ND;NA;NA;NA;
29;21;20.89;18.45;12.34;NA;10.46;8.93;NA;NA;ND;NA;NA;NA;
29;22;12.48;12.55;7.59;NA;12.23;10.96;NA;NA;ND;NA;NA;NA;
29;23;9.46;7.65;8.87;NA;23.49;19.17;NA;NA;ND;NA;NA;NA;
30;0;19.44;2.74;30.29;NA;26.1;13.06;NA;NA;ND;NA;NA;NA;
30;1;17.7;15.85;14.02;NA;15.67;15.03;NA;NA;ND;NA;NA;NA;
30;2;11.36;9.26;11.71;NA;8.78;12.23;NA;NA;ND;NA;NA;NA;
30;3;8.11;6.52;4.93;NA;7.3;8.2;NA;NA;ND;NA;NA;NA;
30;4;2.54;3.55;3.34;NA;15.96;3.45;NA;NA;ND;NA;NA;NA;
30;5;1.81;8.95;5.01;NA;2.7;7.33;NA;NA;ND;NA;NA;NA;
30;6;24.17;28.27;5.92;NA;15.44;12.94;NA;NA;ND;NA;NA;NA;
30;7;37.65;31.44;21.42;NA;32.97;30.95;NA;NA;ND;NA;NA;NA;
30;8;31.71;18.93;39.16;NA;44.08;34.42;NA;NA;ND;NA;NA;NA;
30;9;38.4;12.29;31.18;NA;30.92;13.8;NA;NA;ND;NA;NA;NA;
30;10;33.71;13.79;26.16;NA;31.18;15.22;NA;NA;ND;NA;NA;NA;
30;11;1.05;15.34;11.31;NA;31.69;13.63;NA;NA;ND;NA;NA;NA;
30;12;14.85;16.76;11.56;NA;3.14;3.22;NA;NA;ND;NA;NA;NA;
30;13;14.02;28.49;14.33;NA;11.99;17.35;NA;NA;ND;NA;NA;NA;
30;14;14.35;14.81;11.35;NA;26.95;25.93;NA;NA;ND;NA;NA;NA;
30;15;19.54;22.99;18.92;NA;16.12;20.81;NA;NA;ND;NA;NA;NA;
30;16;8.03;5.29;21.77;NA;9.73;17.51;NA;NA;ND;NA;NA;NA;
30;17;13.62;4.28;13.62;NA;16.07;15.68;NA;NA;ND;NA;NA;NA;
30;18;13.92;39.81;25.66;NA;19.78;25.93;NA;NA;ND;NA;NA;NA;
30;19;13.04;17.3;22;NA;31.2;32.35;NA;NA;ND;NA;NA;NA;
30;20;25.61;22.95;16.33;NA;27.25;37.64;NA;NA;ND;NA;NA;NA;
30;21;25.29;19.74;15.66;NA;29.65;31.97;NA;NA;ND;NA;NA;NA;
30;22;18;23.95;19.06;NA;10.4;24.58;NA;NA;ND;NA;NA;NA;
30;23;13.61;26.75;23.02;NA;26.47;21.4;NA;NA;ND;NA;NA;NA;
