DIA;HORA;Cotocollao;Carapungo;Belisario;Jipijapa;El Camal;Centro;Guamaní;Tumbaco;Los Chillos;El Condado;Turubamba;Chillogallo;
1;0;7.76;19.49;13.61;NA;40.26;10.66;ND;30.43;20.95;NA;NA;NA;
1;1;ND;12.59;5.34;NA;18.84;10.02;ND;11.08;20.56;NA;NA;NA;
1;2;5.27;11.57;2.7;NA;12.2;7.88;ND;8.73;16.66;NA;NA;NA;
1;3;4.41;6.09;3.47;NA;15.58;7.85;ND;7.97;13.17;NA;NA;NA;
1;4;3.07;0.99;3.85;NA;22.98;7.93;ND;7.69;10.4;NA;NA;NA;
1;5;2.69;0.86;2.58;NA;17.39;8.61;ND;5.94;16.99;NA;NA;NA;
1;6;2.36;0.68;2.67;NA;9.67;11.46;ND;6.02;23.2;NA;NA;NA;
1;7;2.74;0.81;1.74;NA;4.42;6.58;ND;6.54;26.43;NA;NA;NA;
1;8;2.4;1.28;1.67;NA;3.25;3.62;ND;7.62;24.45;NA;NA;NA;
1;9;2.24;1.17;1.94;NA;5.85;4.55;ND;9.52;20.02;NA;NA;NA;
1;10;1.63;1.36;2.76;NA;5.65;4.19;ND;10.81;31.74;NA;NA;NA;
1;11;3.28;2.76;3.7;NA;3.99;3.74;ND;12;5.85;NA;NA;NA;
1;12;3.67;2.43;4.23;NA;8.43;3.54;ND;17.36;19.36;NA;NA;NA;
1;13;2.05;2.23;6;NA;15.35;7.39;ND;15.08;17.47;NA;NA;NA;
1;14;2.17;1.25;4.54;NA;7.89;6.2;ND;12.82;8.35;NA;NA;NA;
1;15;1.23;0.41;3.57;NA;7.54;4.05;ND;9.32;6.78;NA;NA;NA;
1;16;1;0.41;1.19;NA;3.02;3.23;ND;6.91;5.56;NA;NA;NA;
1;17;1.21;0.63;0.64;NA;2.5;2.24;ND;6.45;7.29;NA;NA;NA;
1;18;1.3;0.75;1.54;NA;2.74;2.48;ND;5.09;9.68;NA;NA;NA;
1;19;1.57;0.56;1.29;NA;2.4;2.16;ND;4.93;37.27;NA;NA;NA;
1;20;1.47;0.33;1.06;NA;2.01;1.94;ND;5.44;23.36;NA;NA;NA;
1;21;1.07;0.39;0.76;NA;1.87;2.27;ND;5.13;21.78;NA;NA;NA;
1;22;1.08;0.17;0.19;NA;1.5;1.79;ND;5.24;24.64;NA;NA;NA;
1;23;0.98;0.1;0.31;NA;1.17;1.59;ND;5.04;4.91;NA;NA;NA;
2;0;1.04;0.24;0;NA;0.7;1.35;ND;4.46;20.6;NA;NA;NA;
2;1;0.81;ND;ND;NA;0.85;1.24;ND;4.56;4.44;NA;NA;NA;
2;2;0.92;0.13;0.78;NA;1.29;2.15;ND;4.53;4.46;NA;NA;NA;
2;3;1.12;0.14;1.45;NA;1.69;1.96;ND;4.46;4.55;NA;NA;NA;
2;4;1.54;0.47;2.04;NA;1.79;2.26;ND;4.66;5.05;NA;NA;NA;
2;5;2.32;1.8;2.82;NA;3.96;2.73;ND;5.18;6.09;NA;NA;NA;
2;6;4.63;3.2;3.87;NA;5.94;5;ND;5.81;7.64;NA;NA;NA;
2;7;3.36;2.91;3.16;NA;6.75;5.34;ND;20.5;12.05;NA;NA;NA;
2;8;3.43;1.36;5.68;NA;6.6;6.5;ND;18.49;11.05;NA;NA;NA;
2;9;5.56;3.05;8.88;NA;10.73;8.87;ND;9.81;16.25;NA;NA;NA;
2;10;6.89;5.74;8.76;NA;6.39;5.68;ND;7.98;39.58;NA;NA;NA;
2;11;4.08;4.07;4.41;NA;2.13;5.39;ND;10.48;28.58;NA;NA;NA;
2;12;4.77;6.72;4.52;NA;3.74;5.15;ND;9.32;14.53;NA;NA;NA;
2;13;5.25;3.06;5.61;NA;7.9;6.31;ND;9.81;22.95;NA;NA;NA;
2;14;2.99;0.96;3.44;NA;3.58;ND;ND;6.21;ND;NA;NA;NA;
2;15;2.88;1.13;2.74;NA;3.18;2.86;ND;5.87;ND;NA;NA;NA;
2;16;1.99;0.76;2.96;NA;2.41;3.43;ND;5.47;2.07;NA;NA;NA;
2;17;1.82;0.54;1.94;NA;2.45;2.23;ND;5.36;6.22;NA;NA;NA;
2;18;1.78;0.87;2.57;NA;2.69;1.92;ND;6.15;17.34;NA;NA;NA;
2;19;2.22;1.04;2.48;NA;3.57;2.64;ND;6.39;17.85;NA;NA;NA;
2;20;2.69;0.26;2.37;NA;3.41;2.7;ND;6.13;13.23;NA;NA;NA;
2;21;2.06;0.13;1.2;NA;2.42;1.93;ND;5.95;5.43;NA;NA;NA;
2;22;1.48;0.08;0.84;NA;1.41;1.33;ND;5.22;7.53;NA;NA;NA;
2;23;1.31;0.04;0.61;NA;1.16;1.1;ND;5.8;9.55;NA;NA;NA;
3;0;1.32;0.03;0.23;NA;1.03;1.09;ND;4.48;7.02;NA;NA;NA;
3;1;ND;0;0.18;NA;0.63;1.03;ND;4.46;7.53;NA;NA;NA;
3;2;1.48;0.06;0.47;NA;0.64;1.2;ND;4.3;3.07;NA;NA;NA;
3;3;1.61;0;1.01;NA;0.78;1.22;ND;5.46;2.47;NA;NA;NA;
3;4;2.01;0;0.82;NA;1.76;1.54;ND;5.47;5.42;NA;NA;NA;
3;5;1.61;0;0.49;NA;1.77;1.38;ND;5.2;8.43;NA;NA;NA;
3;6;3.88;ND;1.76;NA;4.37;2.95;ND;5.24;6.21;NA;NA;NA;
3;7;2.6;ND;3.23;NA;6.44;5.04;ND;5.64;10.26;NA;NA;NA;
3;8;4.5;0.36;5.84;NA;6.88;6.61;ND;17.31;18.86;NA;NA;NA;
3;9;4;1.66;6.96;NA;10.24;5.74;ND;14.16;23.05;NA;NA;NA;
3;10;ND;6.46;13.18;NA;14.78;9.14;ND;11.82;27.28;NA;NA;NA;
3;11;ND;1.2;11.26;NA;18.19;11.87;ND;14.83;23.08;NA;NA;NA;
3;12;ND;0.05;9.57;NA;11.56;8.98;ND;14.95;12.45;NA;NA;NA;
3;13;ND;1.95;8.37;NA;9.28;8.4;ND;7.63;3.57;NA;NA;NA;
3;14;ND;3.73;2.47;NA;ND;4.5;ND;4.68;2.05;NA;NA;NA;
3;15;ND;ND;3.04;NA;1.81;ND;ND;4.32;1.84;NA;NA;NA;
3;16;ND;ND;2.31;NA;2.51;3.32;ND;4.45;1.89;NA;NA;NA;
3;17;ND;0.61;2.76;NA;2.22;3.04;ND;4.94;2.01;NA;NA;NA;
3;18;ND;0.86;3.35;NA;2.27;3.19;ND;5.34;4.59;NA;NA;NA;
3;19;ND;0.61;4.11;NA;4.14;3.87;ND;5.19;4.12;NA;NA;NA;
3;20;ND;0.63;7.05;NA;7.97;7.37;ND;5.29;3.95;NA;NA;NA;
3;21;ND;0.4;7.93;NA;8.2;7.91;ND;4.67;5.18;NA;NA;NA;
3;22;ND;0.64;6.04;NA;6.16;4.62;ND;4.3;6;NA;NA;NA;
3;23;ND;0.38;2.98;NA;7.55;4.36;ND;4.24;3.75;NA;NA;NA;
4;0;ND;0.38;1.8;NA;4.97;3.24;ND;4.29;3.49;NA;NA;NA;
4;1;ND;0.09;ND;NA;3.8;ND;ND;4.23;3.23;NA;NA;NA;
4;2;ND;0.02;0.51;NA;3.02;3.93;ND;4.15;4.86;NA;NA;NA;
4;3;ND;0;0.63;NA;2.86;2.26;ND;4.23;3.37;NA;NA;NA;
4;4;ND;0;0.57;NA;1.71;1.84;ND;4.11;4.39;NA;NA;NA;
4;5;ND;0;0.45;NA;2.16;1.92;ND;4.39;3.26;NA;NA;NA;
4;6;ND;0.15;1.19;NA;3.37;2.1;ND;4.9;2.34;NA;NA;NA;
4;7;ND;2.02;4.03;NA;3.96;2.98;ND;5.5;2.93;NA;NA;NA;
4;8;ND;1.49;4.41;NA;5.13;2.81;ND;5.91;5.6;NA;NA;NA;
4;9;ND;0.88;3.2;NA;5.74;2.67;ND;6.09;32.08;NA;NA;NA;
4;10;ND;0.98;2.58;NA;4.58;2.73;ND;6.63;25.57;NA;NA;NA;
4;11;ND;0.59;1.56;NA;3.47;1.71;ND;5.91;23.59;NA;NA;NA;
4;12;ND;1.08;2.06;NA;ND;1.32;ND;4.88;6.88;NA;NA;NA;
4;13;ND;0.78;1.73;NA;ND;2.56;ND;4.76;2.1;NA;NA;NA;
4;14;ND;1.12;1.78;NA;1.66;1.49;ND;5;1.8;NA;NA;NA;
4;15;ND;0.83;2.37;NA;2.04;1.57;ND;4.91;2.37;NA;NA;NA;
4;16;ND;0.64;2.49;NA;2.2;1.34;ND;4.94;1.91;NA;NA;NA;
4;17;ND;0.8;2.18;NA;2.68;1.83;ND;4.99;1.8;NA;NA;NA;
4;18;ND;0.5;2.96;NA;3.04;2.28;ND;4.83;10.59;NA;NA;NA;
4;19;ND;0.66;3.41;NA;2.93;2.2;ND;4.76;20.77;NA;NA;NA;
4;20;ND;0.87;2.72;NA;4.58;3.42;ND;4.89;11.85;NA;NA;NA;
4;21;ND;1.05;3.65;NA;5.71;3.59;ND;4.55;10.17;NA;NA;NA;
4;22;ND;0.38;3.37;NA;4.8;3.66;ND;4.71;2.87;NA;NA;NA;
4;23;ND;0.32;2.38;NA;4.98;3.66;ND;4.36;29.87;NA;NA;NA;
5;0;ND;0.32;3.61;NA;4.17;4.03;ND;4.21;22.98;NA;NA;NA;
5;1;ND;ND;4.58;NA;ND;4.21;ND;4.21;18.34;NA;NA;NA;
5;2;ND;0.27;3.83;NA;10.05;4.11;ND;4.24;7.25;NA;NA;NA;
5;3;ND;0.64;2.19;NA;4.46;3.05;ND;4.33;12.21;NA;NA;NA;
5;4;ND;0.41;1.8;NA;3.55;3.33;ND;4.31;5.58;NA;NA;NA;
5;5;ND;0.28;1.37;NA;4.18;3.03;ND;4.24;5.84;NA;NA;NA;
5;6;ND;0.1;1.85;NA;4.3;2.78;ND;4.04;2.83;NA;NA;NA;
5;7;ND;0.79;2.09;NA;2.9;2.99;ND;4.7;3.63;NA;NA;NA;
5;8;ND;1.62;3.17;NA;3.5;3.06;ND;4.71;50.71;NA;NA;NA;
5;9;ND;0.93;5.2;NA;2.19;2.21;ND;5.37;42.47;NA;NA;NA;
5;10;ND;0.48;3.06;NA;2.6;1.81;ND;5.8;34.8;NA;NA;NA;
5;11;ND;0.3;1.4;NA;ND;1.92;ND;6.12;ND;NA;NA;NA;
5;12;ND;0.34;1.4;NA;6.34;1.55;ND;5.01;ND;NA;NA;NA;
5;13;ND;0.57;0.94;NA;2.62;1.25;ND;4.47;2.13;NA;NA;NA;
5;14;ND;0.22;0.97;NA;2.07;1.02;ND;4.29;1.78;NA;NA;NA;
5;15;ND;0.13;1.02;NA;1.77;1.47;ND;4.81;1.83;NA;NA;NA;
5;16;ND;0.7;1.64;NA;2.74;1.24;ND;5.53;11.18;NA;NA;NA;
5;17;ND;0.85;1.85;NA;2.76;1.23;ND;4.61;13.1;NA;NA;NA;
5;18;ND;0.9;3.17;NA;3.61;2.03;ND;4.52;7.66;NA;NA;NA;
5;19;ND;0.92;4.69;NA;5.26;2.58;ND;4.36;3.23;NA;NA;NA;
5;20;ND;0.67;4.6;NA;5.51;3.55;ND;4.6;3.32;NA;NA;NA;
5;21;ND;0.88;4.38;NA;6.86;4.69;ND;4.69;5.92;NA;NA;NA;
5;22;ND;2.24;5.53;NA;6.36;4.75;ND;4.78;2.92;NA;NA;NA;
5;23;ND;1.92;5.39;NA;7.91;6.18;ND;4.77;7.62;NA;NA;NA;
6;0;ND;1.03;4.24;NA;7.72;6.58;ND;4.8;4.24;NA;NA;NA;
6;1;ND;0.84;ND;NA;7.02;ND;ND;5.19;7.32;NA;NA;NA;
6;2;ND;0.71;3.41;NA;8.01;6.21;ND;5.84;5.38;NA;NA;NA;
6;3;ND;0.57;3.6;NA;12.32;10.3;ND;4.76;4.41;NA;NA;NA;
6;4;ND;1.57;2.93;NA;19.2;9.01;ND;4.87;4.61;NA;NA;NA;
6;5;ND;1.08;3.02;NA;12.56;6.24;ND;4.73;4.64;NA;NA;NA;
6;6;ND;1.09;2.6;NA;9.47;7.07;ND;4.77;4.06;NA;NA;NA;
6;7;ND;2.05;4.57;NA;8.88;7.73;ND;5.08;2.93;NA;NA;NA;
6;8;ND;2.78;4.3;NA;4.85;4.43;ND;5.29;4.33;NA;NA;NA;
6;9;ND;1.66;1.36;NA;2.18;2.06;ND;6.38;4.89;NA;NA;NA;
6;10;ND;0.84;0.91;NA;1.59;1.2;ND;6.35;2.93;NA;NA;NA;
6;11;ND;0.61;0.75;NA;1.44;1.1;ND;5.13;2.01;NA;NA;NA;
6;12;ND;0.5;0.62;NA;1.11;0.61;ND;4.39;1.65;NA;NA;NA;
6;13;ND;1.03;0.4;NA;1.09;0.64;ND;4.22;1.99;NA;NA;NA;
6;14;ND;1.26;0.91;NA;1.7;0.96;ND;5.13;1.98;NA;NA;NA;
6;15;ND;0.34;0.9;NA;2.06;1.18;ND;4.9;2.4;NA;NA;NA;
6;16;ND;0.5;0.72;NA;2.05;1.23;ND;4.95;1.82;NA;NA;NA;
6;17;ND;1.82;1.11;NA;2.38;1.11;ND;5.65;2.64;NA;NA;NA;
6;18;ND;2.11;1.53;NA;2.69;1.67;ND;5.33;7.2;NA;NA;NA;
6;19;ND;2.35;1.73;NA;3.26;1.69;ND;5.32;7.2;NA;NA;NA;
6;20;ND;1.75;1.36;NA;3.06;2.12;ND;5.35;3.38;NA;NA;NA;
6;21;ND;2.32;1.78;NA;3.47;2.26;ND;4.88;4.63;NA;NA;NA;
6;22;ND;2.44;2.67;NA;3.19;2.82;ND;5.12;3.75;NA;NA;NA;
6;23;ND;1.82;3.07;NA;3.42;2.74;ND;4.48;3.57;NA;NA;NA;
7;0;ND;0.66;3.12;NA;3.69;3.08;ND;4.19;3.32;NA;NA;NA;
7;1;ND;ND;2.4;NA;ND;2.85;ND;4.17;13.88;NA;NA;NA;
7;2;ND;0.97;1.7;NA;26.88;2.71;ND;4.69;3.6;NA;NA;NA;
7;3;ND;2.76;1.91;NA;2.7;2.55;ND;4.95;5.13;NA;NA;NA;
7;4;ND;5.41;1.32;NA;2.65;2.66;ND;6.23;10.69;NA;NA;NA;
7;5;ND;5.34;1.09;NA;2.88;2.67;ND;6.41;8.8;NA;NA;NA;
7;6;ND;5.83;2.39;NA;4.79;3.88;ND;7.35;7.96;NA;NA;NA;
7;7;ND;6.18;6.82;NA;7.15;5.45;ND;7.52;6.53;NA;NA;NA;
7;8;ND;5.58;10.01;NA;6.91;5.54;ND;10.33;8.13;NA;NA;NA;
7;9;ND;3.85;8.38;NA;7.16;4.59;ND;22.94;7.98;NA;NA;NA;
7;10;ND;2.64;2.66;NA;2.01;2.28;ND;15.76;6.45;NA;NA;NA;
7;11;ND;3.22;4.8;NA;4.94;3.23;ND;12.1;3.62;NA;NA;NA;
7;12;ND;2.94;6.06;NA;4.16;4.06;ND;9.69;11.22;NA;NA;NA;
7;13;ND;1.42;4.41;NA;3.11;4.69;ND;5.62;2.6;NA;NA;NA;
7;14;ND;0.82;3.31;NA;2.23;2.36;ND;ND;1.95;NA;NA;NA;
7;15;ND;0.81;2.31;NA;1.76;2.4;ND;ND;2.07;NA;NA;NA;
7;16;ND;1.36;2.21;NA;2.6;2.1;ND;0.95;1.88;NA;NA;NA;
7;17;ND;1.77;2.69;NA;3.2;1.72;ND;1.38;2.16;NA;NA;NA;
7;18;ND;1.66;3.81;NA;2.8;2.24;ND;3.46;2.65;NA;NA;NA;
7;19;3.42;1.43;2.49;NA;4.52;2.9;ND;2.72;2.55;NA;NA;NA;
7;20;3.8;1.78;3.01;NA;3.97;3.6;ND;2.25;10.18;NA;NA;NA;
7;21;6.1;3.3;2.5;NA;4.28;3.18;ND;2.02;11.61;NA;NA;NA;
7;22;7.68;6.16;5.48;NA;4.57;4.29;ND;1.47;9.38;NA;NA;NA;
7;23;8.41;4.14;4.8;NA;12.09;4.77;ND;2.97;10.23;NA;NA;NA;
8;0;8.82;4.26;5.31;NA;7.74;2.7;ND;2.19;8.93;NA;NA;NA;
8;1;ND;3.75;ND;NA;6.55;ND;ND;2;6.2;NA;NA;NA;
8;2;5.96;2.51;1.48;NA;4.8;1.33;ND;3.15;5.68;NA;NA;NA;
8;3;5.33;2.03;0.56;NA;4.8;1.49;ND;8.69;5.04;NA;NA;NA;
8;4;5.73;1.82;0.6;NA;6.28;2.08;ND;4.94;5.81;NA;NA;NA;
8;5;10.51;3.45;0.82;NA;7.71;3.18;ND;5.69;6.18;NA;NA;NA;
8;6;11.89;7.29;3.06;NA;12.16;3.19;ND;6.96;7.81;NA;NA;NA;
8;7;8.21;9.02;2.96;NA;12.13;7.81;ND;14.67;11.43;NA;NA;NA;
8;8;4.14;4.98;2.78;NA;2.8;2.53;ND;13.78;6.39;NA;NA;NA;
8;9;3.99;1.94;2.75;NA;2.46;2.17;ND;9.37;2.81;NA;NA;NA;
8;10;2.79;ND;1.53;NA;2.71;2.62;ND;1.37;1.96;NA;NA;NA;
8;11;ND;ND;ND;NA;3.23;1.24;ND;0.69;2.35;NA;NA;NA;
8;12;ND;ND;ND;NA;2.53;0.61;ND;0.57;1.48;NA;NA;NA;
8;13;1.16;ND;1.77;NA;3.11;0.81;ND;0.49;2;NA;NA;NA;
8;14;0.77;ND;1.17;NA;2.25;1.07;ND;0.71;1.89;NA;NA;NA;
8;15;1.32;ND;1.75;NA;3.22;0.77;ND;0.72;1.63;NA;NA;NA;
8;16;0.86;ND;1.42;NA;3.96;0.68;ND;0.75;2.05;NA;NA;NA;
8;17;1.46;ND;1.9;NA;3.36;1.47;ND;0.91;2.06;NA;NA;NA;
8;18;2.07;ND;2.38;NA;4.88;1.81;ND;0.59;2.77;NA;NA;NA;
8;19;3.55;ND;1.7;NA;11.37;2.62;ND;0.64;2.67;NA;NA;NA;
8;20;2.37;ND;3.29;NA;3.45;7.62;ND;1.13;4.85;NA;NA;NA;
8;21;4.67;ND;3.49;NA;1.63;4.02;ND;1.59;6.94;NA;NA;NA;
8;22;7.81;ND;1.5;NA;1.62;2.01;ND;6.52;5.15;NA;NA;NA;
8;23;7.94;ND;2.03;NA;1.53;1.62;ND;9.72;3.83;NA;NA;NA;
9;0;13.21;ND;1.39;NA;0.96;1.29;ND;8.08;3.84;NA;NA;NA;
9;1;10.82;ND;0.99;NA;ND;1.4;ND;14.2;4.24;NA;NA;NA;
9;2;6.96;ND;1.33;NA;0.83;1.16;ND;10.69;4.53;NA;NA;NA;
9;3;4.25;ND;1.29;NA;0.89;0.98;ND;7.99;8.96;NA;NA;NA;
9;4;8.47;ND;0.9;NA;5.3;1.42;ND;6.08;8.73;NA;NA;NA;
9;5;6.5;ND;0.64;NA;11.4;5.01;ND;5.71;12.6;NA;NA;NA;
9;6;11.77;ND;2.87;NA;19.91;11.81;ND;7.9;9.45;NA;NA;NA;
9;7;12.27;ND;3.26;NA;28.89;9.04;ND;14.7;16.48;NA;NA;NA;
9;8;4.59;ND;2.8;NA;5.46;2.2;ND;25.36;18.83;NA;NA;NA;
9;9;4.17;ND;3.63;NA;2.57;1.92;ND;31.61;18.65;NA;NA;NA;
9;10;3.11;ND;2.9;NA;4.79;1.44;ND;23.64;4.35;NA;NA;NA;
9;11;2.32;ND;3.21;NA;2.89;ND;ND;4.4;2.37;NA;NA;NA;
9;12;4.16;ND;2.68;NA;7.48;ND;ND;2.13;2.25;NA;NA;NA;
9;13;5.55;ND;5.6;NA;5.73;2.76;ND;4.75;2.31;NA;NA;NA;
9;14;4.41;ND;6.44;NA;5.07;5.5;ND;4.3;2.41;NA;NA;NA;
9;15;4.26;ND;3.8;NA;2.95;3.13;ND;0.85;2.28;NA;NA;NA;
9;16;1.95;ND;2.54;NA;1.95;5.29;ND;1.07;2.26;NA;NA;NA;
9;17;2.02;ND;2.34;NA;5.41;3.92;ND;1.07;2.5;NA;NA;NA;
9;18;4.2;ND;2.72;NA;10.88;1.31;ND;1.04;2.52;NA;NA;NA;
9;19;4.93;ND;2.27;NA;4.71;1.14;ND;1.27;3.36;NA;NA;NA;
9;20;2.34;ND;1.5;NA;6.07;1.06;ND;2.24;3.26;NA;NA;NA;
9;21;4.07;ND;2.75;NA;4.8;4.29;ND;2.57;4.07;NA;NA;NA;
9;22;3.01;ND;4.34;NA;1.01;1.91;ND;3.28;6.1;NA;NA;NA;
9;23;1.67;ND;2.64;NA;2.57;3.01;ND;1.87;6.9;NA;NA;NA;
10;0;4.84;ND;2.95;NA;4.2;3.21;ND;2.33;17.54;NA;NA;NA;
10;1;ND;ND;ND;NA;3.78;ND;ND;2.11;10.07;NA;NA;NA;
10;2;5.36;ND;2.76;NA;3.2;2.14;ND;1.78;12.95;NA;NA;NA;
10;3;3.05;ND;3.85;NA;5.68;4.53;ND;1.83;14.79;NA;NA;NA;
10;4;2.16;ND;3.86;NA;9.99;11.66;ND;1.58;15.6;NA;NA;NA;
10;5;3.49;ND;3.84;NA;4.34;4.67;ND;1.53;22.35;NA;NA;NA;
10;6;6.22;ND;5.16;NA;5.67;5.91;ND;2.54;34.66;NA;NA;NA;
10;7;7.35;ND;7.8;NA;5.6;7.4;ND;3.42;32.31;NA;NA;NA;
10;8;4.27;ND;4.33;NA;6.46;5.73;ND;3.07;41.28;NA;NA;NA;
10;9;2.91;ND;4.84;NA;6.54;4.01;ND;3.39;45.35;NA;NA;NA;
10;10;4.02;ND;4.49;NA;4.92;2.69;ND;2.89;58.45;NA;NA;NA;
10;11;3.93;ND;2.94;NA;5.54;2.32;ND;ND;37.36;NA;NA;NA;
10;12;5.23;ND;3.33;NA;2.26;2;ND;4.17;21.89;NA;NA;NA;
10;13;6.1;ND;4.45;NA;2.89;2.76;ND;2.35;3.93;NA;NA;NA;
10;14;1.86;ND;3.1;NA;1.81;1.85;ND;ND;2.13;NA;NA;NA;
10;15;0.67;ND;2.08;NA;1.47;1.21;ND;0.82;2.4;NA;NA;NA;
10;16;0.72;ND;2.11;NA;3.9;0.96;ND;0.65;2.6;NA;NA;NA;
10;17;1.12;ND;2.54;NA;2.34;1.54;ND;0.7;2.37;NA;NA;NA;
10;18;1.05;ND;2.59;NA;1.59;1.72;ND;0.72;2.47;NA;NA;NA;
10;19;1.75;ND;2.44;NA;4.89;2.51;ND;0.68;3.8;NA;NA;NA;
10;20;2.27;ND;2.56;NA;6.98;2.44;ND;0.79;5.28;NA;NA;NA;
10;21;2.62;ND;3;NA;5.21;2.09;ND;0.92;4.84;NA;NA;NA;
10;22;2.68;ND;3.66;NA;6.95;4.86;ND;0.96;72.25;NA;NA;NA;
10;23;2.88;ND;27.44;NA;6.34;3.54;ND;0.85;27.19;NA;NA;NA;
11;0;2.79;ND;25.66;NA;5.95;4.96;ND;0.91;12.41;NA;NA;NA;
11;1;3.21;ND;10.25;NA;6.02;3.68;ND;0.77;11.58;NA;NA;NA;
11;2;2.46;ND;7.15;NA;7.4;4.56;ND;0.63;20.8;NA;NA;NA;
11;3;2.61;ND;5.45;NA;5.75;3.99;ND;0.69;27.47;NA;NA;NA;
11;4;0.69;ND;3.46;NA;ND;2.4;ND;0.81;12.17;NA;NA;NA;
11;5;0.55;ND;2.02;NA;2.89;2.11;ND;6.25;12.42;NA;NA;NA;
11;6;1.67;ND;3.4;NA;5.09;3.58;ND;5.27;19.12;NA;NA;NA;
11;7;2.34;ND;6.61;NA;8.5;6.88;ND;5.08;14.4;NA;NA;NA;
11;8;3.11;ND;9.78;NA;4.24;5.07;ND;8.18;15.46;NA;NA;NA;
11;9;5.96;ND;7.53;NA;2.08;2.08;ND;2.78;12.32;NA;NA;NA;
11;10;3.51;ND;3.84;NA;1.64;1.17;ND;2.04;10.89;NA;NA;NA;
11;11;2.37;ND;4.01;NA;1.02;1.28;ND;1.79;17.17;NA;NA;NA;
11;12;1.21;ND;3.17;NA;3.29;2.52;ND;0.97;16.23;NA;NA;NA;
11;13;0.67;ND;ND;NA;1.35;1.18;ND;0.84;ND;NA;NA;NA;
11;14;0.32;ND;ND;NA;1.72;1.21;ND;0.98;ND;NA;NA;NA;
11;15;0.26;ND;2.55;NA;1.67;1.26;ND;0.86;3.2;NA;NA;NA;
11;16;0.3;ND;2.36;NA;1.47;1.47;ND;1.11;5.09;NA;NA;NA;
11;17;0.3;ND;2.71;NA;1.28;1.16;ND;1.11;8.32;NA;NA;NA;
11;18;0.44;ND;4.68;NA;1.86;1.55;ND;1.18;4.13;NA;NA;NA;
11;19;0.5;ND;4.1;NA;2.3;1.89;ND;1.05;3.76;NA;NA;NA;
11;20;0.48;ND;3.4;NA;3.15;2.51;ND;0.95;3.73;NA;NA;NA;
11;21;1.07;ND;4.59;NA;3.24;2.4;ND;1;3.4;NA;NA;NA;
11;22;1.37;ND;3.55;NA;2.58;2.3;ND;0.8;3.3;NA;NA;NA;
11;23;0.44;ND;2.18;NA;2.07;2.51;ND;0.6;3.51;NA;NA;NA;
12;0;0.24;ND;2.66;NA;2.24;2.49;ND;0.63;3.26;NA;NA;NA;
12;1;ND;ND;1.96;NA;2.14;ND;ND;0.73;3.52;NA;NA;NA;
12;2;1.12;ND;1.46;NA;1.8;2.53;ND;0.76;3.27;NA;NA;NA;
12;3;0.8;ND;1.69;NA;1.64;1.99;ND;0.84;3.25;NA;NA;NA;
12;4;0.42;ND;0.89;NA;1.82;1.4;ND;0.85;3.8;NA;NA;NA;
12;5;1.21;ND;1.54;NA;1.63;1.56;ND;0.88;4.42;NA;NA;NA;
12;6;1.76;ND;2.38;NA;1.7;2.09;ND;1.31;11.23;NA;NA;NA;
12;7;2.51;ND;3.35;NA;2.35;2.35;ND;1.31;19.24;NA;NA;NA;
12;8;2.74;ND;3.66;NA;2.61;2.59;ND;1.8;6.42;NA;NA;NA;
12;9;3.25;ND;3.44;NA;1.37;1.95;ND;1.14;4.1;NA;NA;NA;
12;10;2.08;ND;3.42;NA;ND;1.87;ND;0.97;3.28;NA;NA;NA;
12;11;1;ND;2.59;NA;ND;1.29;ND;0.97;3.17;NA;NA;NA;
12;12;0.4;ND;1.99;NA;ND;1.2;ND;0.87;3.27;NA;NA;NA;
12;13;0.35;ND;2.29;NA;ND;0.9;ND;0.76;3.21;NA;NA;NA;
12;14;0.19;ND;2.62;NA;ND;0.98;ND;0.75;3.25;NA;NA;NA;
12;15;0.21;ND;2.05;NA;ND;0.85;ND;0.83;2.97;NA;NA;NA;
12;16;0.19;ND;2.29;NA;ND;0.41;ND;0.83;2.6;NA;NA;NA;
12;17;0.32;0.67;2.92;NA;ND;0.65;ND;0.73;2.87;NA;NA;NA;
12;18;0.19;0.32;2.33;NA;ND;0.94;ND;0.76;3.38;NA;NA;NA;
12;19;0.48;0.64;1.37;NA;ND;1.59;ND;0.65;4.94;NA;NA;NA;
12;20;0.56;0.37;1.11;NA;ND;1.54;ND;0.69;4.81;NA;NA;NA;
12;21;0.51;0.6;1.23;NA;ND;1.69;ND;0.58;5.23;NA;NA;NA;
12;22;0.3;0.39;0.78;NA;ND;1.49;ND;0.67;3.74;NA;NA;NA;
12;23;0.17;0.45;0.57;NA;ND;1.31;ND;0.56;4.04;NA;NA;NA;
13;0;0.08;0.26;0.58;NA;ND;1.08;ND;0.56;3.89;NA;NA;NA;
13;1;0.03;ND;ND;NA;ND;1.2;ND;0.57;3.83;NA;NA;NA;
13;2;0.05;0.18;0.66;NA;ND;1.18;ND;0.42;3.41;NA;NA;NA;
13;3;0.02;0.44;0.72;NA;ND;0.94;ND;0.55;3.56;NA;NA;NA;
13;4;0.05;0.31;0.54;NA;ND;0.82;ND;0.52;2.84;NA;NA;NA;
13;5;0;0.21;0.31;NA;ND;0.57;ND;0.53;3.47;NA;NA;NA;
13;6;0.07;0.85;0.62;NA;ND;1.01;ND;0.59;3.16;NA;NA;NA;
13;7;1.24;1.44;1.28;NA;ND;1.43;ND;0.81;4.17;NA;NA;NA;
13;8;1.35;1.57;1.89;NA;ND;1.41;ND;0.59;4.22;NA;NA;NA;
13;9;1.31;2.15;2.1;NA;ND;1.44;ND;0.73;2.93;NA;NA;NA;
13;10;1.26;1.11;2.05;NA;ND;0.47;ND;0.93;3.22;NA;NA;NA;
13;11;0.75;0.76;1.91;NA;ND;0.18;ND;0.78;3.09;NA;NA;NA;
13;12;0.24;0.37;1.5;NA;ND;0.13;ND;0.73;2.92;NA;NA;NA;
13;13;0.11;0.52;0.87;NA;ND;0.04;ND;0.74;2.85;NA;NA;NA;
13;14;0.03;0.64;1.17;NA;ND;0.24;ND;0.56;2.65;NA;NA;NA;
13;15;0.02;0.5;1.32;NA;ND;0.37;ND;0.73;2.57;NA;NA;NA;
13;16;ND;0.37;1.32;NA;ND;0.6;ND;0.41;3.02;NA;NA;NA;
13;17;ND;0.35;2.66;NA;ND;0.81;ND;0.51;ND;NA;NA;NA;
13;18;ND;0.57;2.39;NA;ND;0.57;ND;0.51;4.71;NA;NA;NA;
13;19;1.6;0.7;1.34;NA;ND;0.98;ND;0.57;3.3;NA;NA;NA;
13;20;ND;0.72;0.97;NA;ND;1.29;ND;0.54;3.72;NA;NA;NA;
13;21;0.59;0.96;0.71;NA;ND;1.13;ND;0.41;3.63;NA;NA;NA;
13;22;0.4;0.47;0.65;NA;ND;1.14;ND;0.52;3.54;NA;NA;NA;
13;23;0.12;0.53;0.55;NA;ND;1.59;ND;0.47;3.29;NA;NA;NA;
14;0;0.06;0.42;0.5;NA;ND;1.96;ND;0.56;3.29;NA;NA;NA;
14;1;0;0.31;0;NA;ND;ND;ND;0.7;3.26;NA;NA;NA;
14;2;0.4;0.4;0.77;NA;ND;2.91;ND;0.59;3.92;NA;NA;NA;
14;3;0.27;0.67;0.64;NA;ND;2.23;ND;0.71;4.3;NA;NA;NA;
14;4;0.3;0.44;0.16;NA;ND;2.01;ND;0.7;4.77;NA;NA;NA;
14;5;0.62;0.83;0.47;NA;ND;2.19;ND;0.72;4.96;NA;NA;NA;
14;6;1.6;1.83;2.01;NA;ND;3.28;ND;0.83;5.98;NA;NA;NA;
14;7;3.31;2.41;3.65;NA;ND;4.6;ND;1.18;9.41;NA;NA;NA;
14;8;3.88;2.58;3.03;NA;ND;2.94;ND;1.52;5.53;NA;NA;NA;
14;9;2.84;1.99;2.65;NA;ND;1.89;ND;0.97;4.63;NA;NA;NA;
14;10;2.76;1.64;2.14;NA;ND;1.76;ND;1;4.36;NA;NA;NA;
14;11;2.55;1.16;2.98;NA;ND;2.37;ND;0.67;4.29;NA;NA;NA;
14;12;ND;0.54;3.03;NA;ND;3.71;ND;0.8;8.24;NA;NA;NA;
14;13;ND;0.52;2.7;NA;ND;2.16;ND;0.73;5.35;NA;NA;NA;
14;14;ND;0.64;3.09;NA;ND;1.82;ND;0.78;3.36;NA;NA;NA;
14;15;0.77;0.42;ND;NA;ND;2.16;ND;0.84;3.3;NA;NA;NA;
14;16;0.43;0.49;3.47;NA;ND;1.38;ND;0.65;3.62;NA;NA;NA;
14;17;0.5;0.35;4.53;NA;ND;1.8;ND;0.57;6.93;NA;NA;NA;
14;18;0.96;0.45;3.22;NA;ND;2.68;ND;1.75;4.69;NA;NA;NA;
14;19;2.2;0.37;2.7;NA;ND;2.25;ND;1.42;5.49;NA;NA;NA;
14;20;2.47;1.66;2.34;NA;ND;2.3;ND;1.28;5.54;NA;NA;NA;
14;21;1.86;2.08;3.45;NA;ND;2.45;ND;4.96;6;NA;NA;NA;
14;22;2.3;2.03;3.6;NA;ND;3.84;ND;6.02;5.71;NA;NA;NA;
14;23;1.56;6.76;2.91;NA;ND;3.62;ND;3.96;5.76;NA;NA;NA;
15;0;3.13;7.38;2.81;NA;ND;2.85;ND;2.86;5.15;NA;NA;NA;
15;1;2.59;ND;ND;NA;ND;2.63;ND;2.91;5.74;NA;NA;NA;
15;2;2.48;2.55;2.78;NA;ND;2.13;ND;2.81;5.45;NA;NA;NA;
15;3;1.2;2.9;3.34;NA;ND;4.65;ND;1.88;5.29;NA;NA;NA;
15;4;1.27;2.63;8.29;NA;ND;9.19;ND;1.6;5.93;NA;NA;NA;
15;5;1.88;4.62;9.39;NA;ND;10.24;ND;1.7;5.81;NA;NA;NA;
15;6;9.77;7.98;8.01;NA;ND;8.66;ND;2.13;8.17;NA;NA;NA;
15;7;11.38;9.27;8.99;NA;ND;12.47;ND;2.54;11.42;NA;NA;NA;
15;8;9.87;6.21;7.74;NA;ND;14.11;ND;2.78;7.96;NA;NA;NA;
15;9;6.2;3.13;6.76;NA;ND;5.05;ND;1.68;5.95;NA;NA;NA;
15;10;6.14;2.76;6.7;NA;ND;4.5;ND;1.3;9.55;NA;NA;NA;
15;11;4.24;7.55;5.76;NA;ND;4.36;ND;1.05;6.24;NA;NA;NA;
15;12;3.38;5.74;7.18;NA;ND;3.92;ND;4.06;4.47;NA;NA;NA;
15;13;1.12;ND;6.97;NA;ND;5.8;ND;6.56;5.97;NA;NA;NA;
15;14;0.94;ND;4.48;NA;ND;3.41;ND;3.73;5.78;NA;NA;NA;
15;15;0.63;ND;3.15;NA;ND;2.88;ND;1.86;4.82;NA;NA;NA;
15;16;0.7;1.15;3.18;NA;ND;3.51;ND;1.16;4.26;NA;NA;NA;
15;17;0.48;0.99;3.42;NA;ND;3.1;ND;1.11;4.43;NA;NA;NA;
15;18;0.83;2.21;3.54;NA;ND;3.23;ND;1.16;9.98;NA;NA;NA;
15;19;1.03;1.97;3.07;NA;ND;3.11;ND;0.96;6.02;NA;NA;NA;
15;20;1.15;1.9;3.02;NA;ND;2.8;ND;1.08;4.04;NA;NA;NA;
15;21;1.11;1.67;2.29;NA;ND;2.55;ND;0.94;4.54;NA;NA;NA;
15;22;1;1.75;2.79;NA;ND;2.45;ND;0.77;ND;NA;NA;NA;
15;23;0.89;1.59;1.5;NA;ND;2.18;ND;0.81;ND;NA;NA;NA;
16;0;0.69;1.47;1.23;NA;ND;1.82;ND;0.9;4.12;NA;NA;NA;
16;1;ND;1.53;0.99;NA;ND;ND;ND;0.92;4.01;NA;NA;NA;
16;2;0.78;1.31;0.91;NA;ND;2.08;ND;0.81;4.09;NA;NA;NA;
16;3;0.77;1.1;0.45;NA;ND;1.67;ND;0.92;4.05;NA;NA;NA;
16;4;0.46;0.57;0.46;NA;ND;1.38;ND;0.89;3.82;NA;NA;NA;
16;5;0.68;0.88;0.3;NA;ND;1.42;ND;0.88;4.32;NA;NA;NA;
16;6;2.27;0.89;1.13;NA;ND;1.53;ND;0.93;4.27;NA;NA;NA;
16;7;2.9;1.95;2.59;NA;ND;1.65;ND;1.17;5.87;NA;NA;NA;
16;8;2.43;1.32;3.29;NA;ND;1.74;ND;1.33;4.8;NA;NA;NA;
16;9;2.33;0.99;3.56;NA;ND;1.31;ND;0.97;18.36;NA;NA;NA;
16;10;2.43;1.03;3.41;NA;ND;1.16;ND;0.84;ND;NA;NA;NA;
16;11;1.62;1.09;3.01;NA;ND;0.96;ND;0.88;ND;NA;NA;NA;
16;12;0.93;0.95;3.01;NA;ND;0.9;ND;1.01;13.76;NA;NA;NA;
16;13;0.66;0.78;2.46;NA;ND;1.26;ND;0.98;ND;NA;NA;NA;
16;14;0.5;0.81;ND;NA;ND;1.3;ND;0.9;6.84;NA;NA;NA;
16;15;0.54;0.72;ND;NA;ND;1.11;ND;0.99;6.75;NA;NA;NA;
16;16;0.43;0.6;2.57;NA;ND;0.93;ND;0.89;4.7;NA;NA;NA;
16;17;0.6;0.53;4.38;NA;ND;1.11;ND;0.89;7.76;NA;NA;NA;
16;18;0.5;0.54;3.75;NA;ND;1.35;ND;1.01;31.57;NA;NA;NA;
16;19;0.88;1.04;3.32;NA;ND;1.94;ND;0.84;16.1;NA;NA;NA;
16;20;0.99;1.19;2.6;NA;ND;1.87;ND;0.94;5.4;NA;NA;NA;
16;21;0.98;0.98;1.73;NA;ND;1.36;ND;0.73;9.81;NA;NA;NA;
16;22;0.74;0.94;1.07;NA;ND;1.29;ND;0.67;8.75;NA;NA;NA;
16;23;0.39;0.76;1.2;NA;ND;1.05;ND;0.9;2.78;NA;NA;NA;
17;0;0.58;0.99;1.44;NA;ND;1.09;ND;0.76;2.84;NA;NA;NA;
17;1;1.29;ND;ND;NA;ND;1.18;ND;0.76;2.37;NA;NA;NA;
17;2;0.72;0.93;1.37;NA;ND;1.17;ND;0.85;2.14;NA;NA;NA;
17;3;0.49;0.95;1.44;NA;ND;0.96;ND;0.92;2.15;NA;NA;NA;
17;4;0.63;1.06;3.46;NA;ND;1.12;ND;0.77;2.24;NA;NA;NA;
17;5;1.15;1.09;3.97;NA;ND;0.88;ND;1.04;2.24;NA;NA;NA;
17;6;4.19;1.52;2.72;NA;ND;1.6;ND;0.89;4.76;NA;NA;NA;
17;7;3.53;2.21;4.75;NA;ND;2.68;ND;0.81;10.52;NA;NA;NA;
17;8;2.55;1.83;5.53;NA;ND;2.21;ND;0.69;5.47;NA;NA;NA;
17;9;1.71;1.75;5.58;NA;ND;2;ND;0.68;4.21;NA;NA;NA;
17;10;1.7;1.03;4.89;NA;ND;1.84;ND;0.63;14.82;NA;NA;NA;
17;11;1;0.98;2.99;NA;ND;1.61;ND;0.75;28.56;NA;NA;NA;
17;12;0.84;0.99;1.99;NA;ND;1.36;ND;0.69;12.09;NA;NA;NA;
17;13;0.69;0.94;2.12;NA;ND;1.49;ND;0.64;11.97;NA;NA;NA;
17;14;0.63;0.84;ND;NA;ND;1.59;ND;0.72;6.19;NA;NA;NA;
17;15;0.5;0.69;ND;NA;ND;1.41;ND;0.59;3.68;NA;NA;NA;
17;16;0.38;0.63;3.22;NA;ND;1.82;ND;0.54;2.89;NA;NA;NA;
17;17;0.5;1.08;4.35;NA;ND;1.51;ND;0.72;2.61;NA;NA;NA;
17;18;0.78;0.84;5.16;NA;ND;2.03;ND;0.65;25.81;NA;NA;NA;
17;19;1.02;1.29;4.43;NA;ND;2.27;ND;0.61;4.72;NA;NA;NA;
17;20;1.35;1.26;3.88;NA;ND;1.89;ND;0.59;2.77;NA;NA;NA;
17;21;1.26;1.15;3.35;NA;ND;1.82;ND;0.63;3.07;NA;NA;NA;
17;22;1.24;1.11;2.81;NA;ND;2.02;ND;0.82;4.43;NA;NA;NA;
17;23;0.99;0.89;2.77;NA;ND;1.73;ND;0.55;3.15;NA;NA;NA;
18;0;1.35;0.85;1.89;NA;ND;1.5;ND;0.94;3.7;NA;NA;NA;
18;1;ND;0.98;1.16;NA;ND;ND;ND;0.7;2.41;NA;NA;NA;
18;2;0.89;0.82;1.06;NA;ND;2.14;ND;0.78;2.49;NA;NA;NA;
18;3;1.18;0.65;1.22;NA;ND;1.34;ND;0.88;2.69;NA;NA;NA;
18;4;0.96;1;1.42;NA;ND;1.31;ND;0.74;3.12;NA;NA;NA;
18;5;0.76;1.4;1.65;NA;ND;1.73;ND;0.78;4.32;NA;NA;NA;
18;6;3.43;2.14;2.84;NA;ND;2.71;ND;0.84;4.14;NA;NA;NA;
18;7;2.66;2.22;5.48;NA;ND;5.7;ND;0.95;9;NA;NA;NA;
18;8;2.25;1.27;7.44;NA;ND;8.34;ND;0.84;7.26;NA;NA;NA;
18;9;2.06;1.17;6.25;NA;ND;6.46;ND;0.86;37.4;NA;NA;NA;
18;10;2.43;1.25;6.95;NA;ND;5.61;ND;0.93;65.22;NA;NA;NA;
18;11;2.67;1.28;6.9;NA;ND;5.09;ND;1.16;80.49;NA;NA;NA;
18;12;4;1.46;6.79;NA;ND;5.51;ND;1.53;61.8;NA;NA;NA;
18;13;3.76;1.06;5.24;NA;ND;4.45;ND;1.37;16.9;NA;NA;NA;
18;14;2.77;1.2;5.48;NA;ND;4.56;ND;1.16;11.09;NA;NA;NA;
18;15;1.59;0.85;4.93;NA;ND;3.61;ND;1.26;12.76;NA;NA;NA;
18;16;4.06;1.35;5.78;NA;ND;4.08;ND;1.26;13.25;NA;NA;NA;
18;17;3.21;1.33;5.65;NA;ND;5.19;ND;0.87;15.61;NA;NA;NA;
18;18;3.07;1.43;5.18;NA;ND;5.52;ND;0.82;6.52;NA;NA;NA;
18;19;3.99;1.4;6.01;NA;ND;5.49;ND;0.81;4.37;NA;NA;NA;
18;20;3.93;1.27;7.45;NA;ND;5.29;ND;0.82;8.1;NA;NA;NA;
18;21;3.08;1.51;6.28;NA;ND;5.09;ND;0.84;28.26;NA;NA;NA;
18;22;3.61;2.44;4.19;NA;ND;4.72;ND;0.77;6.54;NA;NA;NA;
18;23;3.87;2.37;5.06;NA;ND;4.49;ND;1;4.99;NA;NA;NA;
19;0;4.05;2.51;4.06;NA;ND;4.12;ND;1.1;3.68;NA;NA;NA;
19;1;3.56;ND;3.77;NA;ND;2.93;ND;1.21;3.79;NA;NA;NA;
19;2;3.22;2.79;3.28;NA;ND;3.19;ND;1.41;5.61;NA;NA;NA;
19;3;3.57;3.16;3.91;NA;ND;4.88;ND;1.41;8.53;NA;NA;NA;
19;4;3.4;4.71;4.03;NA;ND;4.98;ND;1.78;6.04;NA;NA;NA;
19;5;3.62;3.07;3.27;NA;ND;4.8;ND;1.83;9.42;NA;NA;NA;
19;6;6.29;7.56;4.52;NA;ND;5.37;ND;1.68;5.44;NA;NA;NA;
19;7;9.84;12.53;5.79;NA;ND;6.06;ND;4.75;8.63;NA;NA;NA;
19;8;9.43;5.6;8.62;NA;ND;5.32;ND;10.09;7.49;NA;NA;NA;
19;9;5.95;5.22;3.84;NA;ND;2.8;ND;4.53;6.5;NA;NA;NA;
19;10;4.3;3.63;3.42;NA;ND;3.16;ND;1.97;4.91;NA;NA;NA;
19;11;3.05;3.64;3.03;NA;ND;2.6;ND;1.2;23.23;NA;NA;NA;
19;12;7.4;9.05;2.67;NA;ND;1.75;ND;1.1;12.85;NA;NA;NA;
19;13;11.01;4.1;4.38;NA;ND;1.67;ND;1.1;5.93;NA;NA;NA;
19;14;3.77;2.28;6.3;NA;ND;3.8;ND;2.44;7.31;NA;NA;NA;
19;15;3.1;2.63;5.69;NA;ND;4.78;ND;2.49;13.26;NA;NA;NA;
19;16;4.37;3.24;4.96;NA;ND;4.99;ND;1.4;11.88;NA;NA;NA;
19;17;3.29;3.37;5.08;NA;ND;3.7;ND;1.65;17.27;NA;NA;NA;
19;18;3.04;3.59;4.81;NA;ND;4.54;ND;1.28;9.5;NA;NA;NA;
19;19;3.21;3.89;4.59;NA;ND;5.01;ND;0.98;8.06;NA;NA;NA;
19;20;3.17;3.52;4.53;NA;ND;5.48;ND;1.04;8.97;NA;NA;NA;
19;21;3.21;3.32;5.28;NA;ND;4.9;ND;1.05;3.93;NA;NA;NA;
19;22;5.8;2.98;5.2;NA;ND;4.88;ND;1.08;13.41;NA;NA;NA;
19;23;5.22;2.16;3.91;NA;ND;4.68;ND;0.9;10.99;NA;NA;NA;
20;0;6.65;1.7;3.65;NA;ND;3.4;ND;0.92;7.91;NA;NA;NA;
20;1;ND;3.58;3.74;NA;ND;ND;ND;0.96;7.71;NA;NA;NA;
20;2;6.89;5.54;5.72;NA;ND;4.53;ND;1.66;9.65;NA;NA;NA;
20;3;4.92;5.39;6.93;NA;ND;8.57;ND;3.84;13.62;NA;NA;NA;
20;4;4.62;4.37;6.3;NA;ND;12.54;ND;3.44;10.06;NA;NA;NA;
20;5;4.94;4.43;5.5;NA;ND;13.01;ND;4.3;8.31;NA;NA;NA;
20;6;5.02;2.99;7.19;NA;ND;9.02;ND;7.01;21.77;NA;NA;NA;
20;7;8.24;2.42;11.8;NA;ND;7.86;ND;7.35;10.04;NA;NA;NA;
20;8;6.5;4.91;4.88;NA;ND;4.91;ND;6.21;12.23;NA;NA;NA;
20;9;5.55;6.06;3.91;NA;ND;2.18;ND;3.98;29.47;NA;NA;NA;
20;10;3.13;4.55;3.22;NA;ND;2.72;ND;1.89;45.32;NA;NA;NA;
20;11;1.65;3.08;1.69;NA;ND;2.27;ND;1.38;23.64;NA;NA;NA;
20;12;1.71;2.96;1.55;NA;ND;1.6;ND;1.33;11.06;NA;NA;NA;
20;13;1.68;2.41;1.12;NA;ND;1.57;ND;1.14;2.74;NA;NA;NA;
20;14;1.28;1.46;1.35;NA;ND;1.91;ND;1.04;3.3;NA;NA;NA;
20;15;0.95;1.07;1.46;NA;ND;1.9;ND;1.05;3.07;NA;NA;NA;
20;16;1.08;1.27;1.11;NA;ND;1.79;ND;1.09;3.4;NA;NA;NA;
20;17;1.1;0.96;2.23;NA;ND;1.46;ND;1.25;13.94;NA;NA;NA;
20;18;1.3;2.86;3.36;NA;ND;1.39;ND;1.07;52.84;NA;NA;NA;
20;19;1.44;3.21;3.34;NA;ND;2.64;ND;1.34;8.84;NA;NA;NA;
20;20;1.64;3.15;4.29;NA;ND;3.23;ND;1.25;9.31;NA;NA;NA;
20;21;1.62;2.64;3.91;NA;ND;3.15;ND;1.11;4.67;NA;NA;NA;
20;22;1.48;2.54;ND;NA;ND;3.16;ND;1.11;5.02;NA;NA;NA;
20;23;0.61;1.84;ND;NA;ND;2.91;ND;1.24;15.13;NA;NA;NA;
21;0;0.39;2.36;1.65;NA;ND;2.3;ND;1.07;7.63;NA;NA;NA;
21;1;0.45;ND;1.36;NA;ND;2.35;ND;1.16;8.83;NA;NA;NA;
21;2;0.6;1.9;1.08;NA;ND;2.08;ND;3.18;11.8;NA;NA;NA;
21;3;1.72;2.25;1.31;NA;ND;2.49;ND;5.13;4.12;NA;NA;NA;
21;4;1.56;2.69;2.06;NA;ND;7.49;ND;3.12;2.96;NA;NA;NA;
21;5;2.14;6.31;5.64;NA;ND;8.05;ND;2.66;3.4;NA;NA;NA;
21;6;2.3;7.7;6.82;NA;ND;13.15;ND;2.7;8.61;NA;NA;NA;
21;7;5.56;12.36;13.44;NA;ND;26.61;ND;3.88;18.88;NA;NA;NA;
21;8;9.62;8.75;11.91;NA;ND;11.16;ND;3.9;17.81;NA;NA;NA;
21;9;7.19;4.42;4.53;NA;ND;4.32;ND;2.53;104.97;NA;NA;NA;
21;10;4.21;3.24;3.62;NA;ND;3.12;ND;1.58;65.21;NA;NA;NA;
21;11;3.15;3.13;2.61;NA;ND;3.23;ND;1.24;14.24;NA;NA;NA;
21;12;2.37;2.38;1.94;NA;ND;2.16;ND;0.97;15.46;NA;NA;NA;
21;13;1.4;1.14;2.01;NA;ND;1.75;ND;0.88;15.24;NA;NA;NA;
21;14;1.41;2.1;2.22;NA;ND;2.7;ND;1.04;11.69;NA;NA;NA;
21;15;1.32;2.41;2.3;NA;ND;2.56;ND;1.13;9.86;NA;NA;NA;
21;16;1;1.39;2.79;NA;ND;2.16;ND;1.16;19.26;NA;NA;NA;
21;17;1.14;1.43;3.67;NA;ND;2.05;ND;1.38;25.8;NA;NA;NA;
21;18;1.41;2.93;5.01;NA;ND;2.28;ND;1.29;5.16;NA;NA;NA;
21;19;2.09;3.83;5.58;NA;ND;3.5;ND;1.15;6.72;NA;NA;NA;
21;20;3.13;3.31;ND;NA;ND;4.19;ND;0.87;6.11;NA;NA;NA;
21;21;2.54;2.85;ND;NA;ND;3.64;ND;0.91;3.82;NA;NA;NA;
21;22;3.12;2.88;ND;NA;ND;4.06;ND;1.16;9.08;NA;NA;NA;
21;23;2.01;3.94;ND;NA;ND;4.08;ND;1.18;19.53;NA;NA;NA;
22;0;2.21;4.44;4.11;NA;ND;4.35;ND;1.34;15.08;NA;NA;NA;
22;1;ND;3.99;5.08;NA;ND;ND;ND;1.21;4.87;NA;NA;NA;
22;2;4.03;5.37;4.84;NA;ND;4.47;ND;1.33;5.54;NA;NA;NA;
22;3;3.33;4.28;3.51;NA;ND;4.05;ND;1.14;6.99;NA;NA;NA;
22;4;2.72;8.74;4.51;NA;ND;4.05;ND;1.12;6.55;NA;NA;NA;
22;5;2.94;5.77;3.76;NA;ND;3.38;ND;1.07;6.9;NA;NA;NA;
22;6;7.84;15.66;5.44;NA;ND;3.86;ND;2.34;9.99;NA;NA;NA;
22;7;9.13;17.82;6.05;NA;ND;5.35;ND;3.34;14.64;NA;NA;NA;
22;8;14.66;12.83;11.3;NA;ND;7.56;ND;2.4;28.15;NA;NA;NA;
22;9;15.25;11.71;20.36;NA;ND;7.48;ND;1.64;58.19;NA;NA;NA;
22;10;9.52;6.96;ND;NA;ND;8.05;ND;1.64;67.59;NA;NA;NA;
22;11;10.85;7.31;8.42;NA;ND;9.38;ND;2.18;26.29;NA;NA;NA;
22;12;9.2;6.4;4.96;NA;ND;5.91;ND;2.09;22.28;NA;NA;NA;
22;13;9.77;5.23;ND;NA;ND;5.5;ND;1.68;12.63;NA;NA;NA;
22;14;3.51;1.79;ND;NA;ND;6.32;ND;3.25;20.74;NA;NA;NA;
22;15;5.34;1.62;11.44;NA;ND;11.27;ND;2.19;33.63;NA;NA;NA;
22;16;3.51;1.86;6.17;NA;ND;8.97;ND;1.96;11.81;NA;NA;NA;
22;17;5.24;1.36;13.23;NA;ND;9.63;ND;2.14;12.99;NA;NA;NA;
22;18;20.46;2.15;30.41;NA;ND;23.36;ND;3.29;22.24;NA;NA;NA;
22;19;32.94;5.24;56.15;NA;ND;34.04;ND;3.11;34.09;NA;NA;NA;
22;20;31.11;5.92;53.59;NA;ND;56.61;ND;2.44;17.44;NA;NA;NA;
22;21;23.28;5.69;27.09;NA;ND;37.51;ND;2.08;16.02;NA;NA;NA;
22;22;12.48;5.13;15.07;NA;ND;28.06;ND;1.57;8.51;NA;NA;NA;
22;23;6.14;5.05;19.07;NA;ND;26.74;ND;1.33;13.85;NA;NA;NA;
23;0;5.26;5.45;31.73;NA;ND;20.39;ND;1.34;27.91;NA;NA;NA;
23;1;4.15;ND;12.81;NA;ND;11.13;ND;1.62;110.36;NA;NA;NA;
23;2;3.53;3.44;6.77;NA;ND;8.4;ND;1.47;49.85;NA;NA;NA;
23;3;8.66;4.07;5.59;NA;ND;9.17;ND;1.61;25.06;NA;NA;NA;
23;4;5.22;3.58;9.53;NA;ND;15.37;ND;2;13.23;NA;NA;NA;
23;5;9.26;9.66;11.8;NA;ND;15.94;ND;2.63;15.88;NA;NA;NA;
23;6;10.76;17.47;12.56;NA;ND;19.9;ND;5.43;14.01;NA;NA;NA;
23;7;9.83;18.37;17.74;NA;ND;26.48;ND;6.62;25.6;NA;NA;NA;
23;8;31.18;21.58;22.46;NA;ND;23.46;ND;8.43;28.12;NA;NA;NA;
23;9;37.15;20.1;22.83;NA;ND;17.69;ND;7.25;23.9;NA;NA;NA;
23;10;41.51;21.3;21.77;NA;ND;13.39;ND;28.07;19.78;NA;NA;NA;
23;11;41.73;23.59;32.21;NA;ND;27.8;ND;38;11.41;NA;NA;NA;
23;12;29.91;22.48;33.81;NA;ND;29.41;ND;32.83;73.27;NA;NA;NA;
23;13;20.18;8.65;31.05;NA;ND;33.78;ND;32.36;61.72;NA;NA;NA;
23;14;12.64;4.37;17.89;NA;ND;20.82;ND;28.47;33.23;NA;NA;NA;
23;15;10.74;3.2;15.01;NA;ND;15.16;ND;14.55;12.75;NA;NA;NA;
23;16;8.9;2.63;11.11;NA;ND;9.22;ND;10.26;6.43;NA;NA;NA;
23;17;6.53;1.64;12.15;NA;ND;6.85;ND;6.89;16.31;NA;NA;NA;
23;18;5.4;3.55;11.67;NA;ND;9.41;ND;2.75;19.64;NA;NA;NA;
23;19;3.39;4.6;8.04;NA;ND;7.27;ND;2.04;20.54;NA;NA;NA;
23;20;3.22;3.57;6.24;NA;ND;6.49;ND;2.06;29.14;NA;NA;NA;
23;21;3.67;3.16;4.61;NA;ND;5.81;ND;1.58;12.05;NA;NA;NA;
23;22;2.55;3.28;3.96;NA;ND;4.89;ND;1.74;14.59;NA;NA;NA;
23;23;2.56;2.74;3.4;NA;ND;5.03;ND;1.4;4.51;NA;NA;NA;
24;0;2.57;2.81;3.24;NA;ND;4.86;ND;1.62;11.1;NA;NA;NA;
24;1;ND;2.33;2.47;NA;ND;ND;ND;1.36;11;NA;NA;NA;
24;2;2.27;2.59;1.83;NA;ND;4.33;ND;1.47;12.66;NA;NA;NA;
24;3;2.63;2.18;1.71;NA;ND;3.9;ND;1.48;10.89;NA;NA;NA;
24;4;2.05;2.42;3.82;NA;ND;5.14;ND;2.92;8.9;NA;NA;NA;
24;5;2.45;2.88;4.7;NA;ND;4.85;ND;6.15;7.18;NA;NA;NA;
24;6;2.32;2.68;4.14;NA;ND;4.69;ND;3.04;9.96;NA;NA;NA;
24;7;3.5;2.5;5.8;NA;ND;5.23;ND;2.84;14.97;NA;NA;NA;
24;8;6.45;3.82;7.97;NA;ND;5.05;ND;5.17;20.01;NA;NA;NA;
24;9;5.67;3.39;7.89;NA;ND;3.89;ND;10.84;78.84;NA;NA;NA;
24;10;3.99;3.09;ND;NA;ND;3.19;ND;14.27;77.02;NA;NA;NA;
24;11;2.01;1.4;ND;NA;ND;3.7;ND;5.53;23;NA;NA;NA;
24;12;0.94;1.09;ND;NA;4.58;3.49;ND;2.13;13.73;NA;NA;NA;
24;13;0.9;1.25;ND;NA;2.19;4.74;ND;1.5;4.71;NA;NA;NA;
24;14;0.99;1.17;ND;NA;1.4;3.95;ND;1.3;4.33;NA;NA;NA;
24;15;0.76;1.01;ND;NA;1.36;2.85;ND;1.18;4.19;NA;NA;NA;
24;16;0.9;1.04;ND;NA;1.6;2.25;ND;1.37;3.37;NA;NA;NA;
24;17;1.57;1.16;1.96;NA;2.62;3.1;ND;5.03;3.25;NA;NA;NA;
24;18;2.1;2.25;2.63;NA;4.05;3.44;ND;20.59;3.85;NA;NA;NA;
24;19;2.04;2.94;3.75;NA;7.13;4.1;ND;37.8;4.14;NA;NA;NA;
24;20;1.91;5.51;4.32;NA;6.83;4.4;ND;22.07;5.65;NA;NA;NA;
24;21;4.19;5.53;4.37;NA;9.57;4.93;ND;24.23;7.71;NA;NA;NA;
24;22;4.67;5.11;4.15;NA;ND;5.36;ND;19.05;5.94;NA;NA;NA;
24;23;3.34;4.14;4.43;NA;ND;4.94;ND;19.16;8.55;NA;NA;NA;
25;0;2.25;4.92;4.05;NA;6.1;5.3;ND;16.96;5.19;NA;NA;NA;
25;1;2.11;ND;5.84;NA;ND;6.36;ND;14.96;7.24;NA;NA;NA;
25;2;2.9;21.86;6.04;NA;18.41;5.62;ND;11.2;8.5;NA;NA;NA;
25;3;6.43;14.89;4.23;NA;10.66;4.12;ND;14.79;8.23;NA;NA;NA;
25;4;14.98;10.39;4.27;NA;14.13;5.31;ND;15.45;11.39;NA;NA;NA;
25;5;14.23;8.61;4.68;NA;18.65;6.12;ND;13.08;8.42;NA;NA;NA;
25;6;9.38;12.09;4.95;NA;26.97;8.31;ND;14.15;8.58;NA;NA;NA;
25;7;9.84;13.6;11.32;NA;30.48;11.79;ND;13.52;8.82;NA;NA;NA;
25;8;6.49;10.38;12.26;NA;23.34;15.14;ND;30.15;12.86;NA;NA;NA;
25;9;5.47;6.09;8.91;NA;10.47;9.55;ND;46.03;64.85;NA;NA;NA;
25;10;4.59;3.33;7.76;NA;8.28;5.68;ND;14.54;10.63;NA;NA;NA;
25;11;4.61;2.41;7.86;NA;10.33;3.93;ND;5.68;8.92;NA;NA;NA;
25;12;3.45;1.76;6.84;NA;11.32;ND;ND;5.29;13.43;NA;NA;NA;
25;13;3.22;1.48;4.6;NA;6.42;ND;ND;5.16;7.05;NA;NA;NA;
25;14;2.42;1.44;4.27;NA;4.24;ND;ND;5.42;27.55;NA;NA;NA;
25;15;1.68;1.33;4.14;NA;3.21;ND;ND;4.81;15.68;NA;NA;NA;
25;16;1.59;0.98;4.2;NA;2.99;ND;ND;2.59;7.01;NA;NA;NA;
25;17;1.42;0.74;5.37;NA;3.18;ND;ND;2.05;4.65;NA;NA;NA;
25;18;1.28;0.82;4.15;NA;3.24;ND;ND;1.94;3.67;NA;NA;NA;
25;19;1.54;2.28;5.46;NA;10.2;ND;ND;1.75;10.55;NA;NA;NA;
25;20;2.15;2.52;5.37;NA;14.81;ND;ND;6.74;15.65;NA;NA;NA;
25;21;1.72;4.01;5.08;NA;5.78;ND;ND;2.16;9.56;NA;NA;NA;
25;22;1.47;2.84;6.02;NA;9.11;ND;ND;1.7;11.5;NA;NA;NA;
25;23;1.22;2.54;4.86;NA;15.12;ND;ND;1.68;11.74;NA;NA;NA;
26;0;1.9;2.03;18.82;NA;8.54;ND;ND;1.36;12.21;NA;NA;NA;
26;1;ND;2.34;19.69;NA;3.63;ND;ND;1.33;9.81;NA;NA;NA;
26;2;1.66;1.66;4.55;NA;5.79;ND;ND;1.22;8.22;NA;NA;NA;
26;3;1.45;1.54;11.97;NA;48.78;ND;ND;1.14;7.29;NA;NA;NA;
26;4;1.69;1.53;29.88;NA;33.38;ND;ND;1.58;5.96;NA;NA;NA;
26;5;1.75;1.5;28.57;NA;10.3;ND;ND;4.17;8.48;NA;NA;NA;
26;6;1.97;1.93;20.81;NA;19.96;ND;ND;2.73;10.03;NA;NA;NA;
26;7;3.51;15.19;16.47;NA;18.51;ND;ND;12.97;12.13;NA;NA;NA;
26;8;4.44;10.06;16.12;NA;14.1;ND;ND;25.63;11.86;NA;NA;NA;
26;9;3.44;4.17;18.17;NA;14.45;ND;ND;14.8;29.99;NA;NA;NA;
26;10;3.83;3.8;10.58;NA;18.75;ND;ND;5.02;57.16;NA;NA;NA;
26;11;4.63;4.37;6.48;NA;11.28;ND;ND;3.62;53.27;NA;NA;NA;
26;12;10.65;5.19;6.54;NA;7.42;ND;ND;6.17;21.63;NA;NA;NA;
26;13;8.99;3.46;9.03;NA;5.42;ND;ND;9.48;8.95;NA;NA;NA;
26;14;4.37;2.04;3.19;NA;4.21;ND;ND;4.77;20.78;NA;NA;NA;
26;15;3.06;1.58;2.48;NA;3.9;ND;ND;2.69;2.9;NA;NA;NA;
26;16;2;1.18;2.38;NA;2.78;ND;ND;2.93;2.65;NA;NA;NA;
26;17;1.59;1.23;2.2;NA;3.65;ND;ND;3.32;34.25;NA;NA;NA;
26;18;2.12;1.07;3.08;NA;2.91;ND;ND;1.75;21.52;NA;NA;NA;
26;19;2.17;2.53;3.05;NA;3.01;ND;ND;1.7;3.84;NA;NA;NA;
26;20;2.32;2.74;5.01;NA;2.55;ND;ND;1.34;2.9;NA;NA;NA;
26;21;1.93;2.42;3.56;NA;4.34;ND;ND;1.19;2.72;NA;NA;NA;
26;22;1.44;1.95;2.51;NA;3.56;ND;ND;1.2;5.06;NA;NA;NA;
26;23;1.33;1.65;2.54;NA;2.79;ND;ND;1.15;8.87;NA;NA;NA;
27;0;1.75;1.87;1.84;NA;3.3;ND;ND;1.66;4.64;NA;NA;NA;
27;1;1.76;ND;2.72;NA;ND;ND;ND;1.3;6.87;NA;NA;NA;
27;2;1.3;1.81;2.54;NA;7.82;ND;ND;2.18;6.44;NA;NA;NA;
27;3;1.51;1.76;2.38;NA;6.2;ND;ND;2.33;15.98;NA;NA;NA;
27;4;1.89;1.89;2.17;NA;5.88;ND;ND;2.17;19.49;NA;NA;NA;
27;5;2.19;2.24;2.08;NA;25.87;ND;ND;2.31;9.12;NA;NA;NA;
27;6;2.76;4.94;2.87;NA;44.96;ND;ND;3.1;8.08;NA;NA;NA;
27;7;5.07;5.75;9.41;NA;21.13;ND;ND;11.23;16.95;NA;NA;NA;
27;8;6;7.11;6;NA;20.67;ND;ND;17.26;16.7;NA;NA;NA;
27;9;5.59;7.84;3.57;NA;5.3;ND;ND;13.26;60.79;NA;NA;NA;
27;10;3.29;5.65;1.26;NA;3.81;ND;ND;9.42;57.43;NA;NA;NA;
27;11;1.6;2.76;1.05;NA;2.29;ND;ND;4.26;10.48;NA;NA;NA;
27;12;1.06;2.49;0.81;NA;3.44;ND;ND;1.46;5.78;NA;NA;NA;
27;13;1.49;1.53;0.78;NA;3.47;ND;ND;1.07;2.46;NA;NA;NA;
27;14;1.81;1.18;0.59;NA;1.79;ND;ND;0.98;2.56;NA;NA;NA;
27;15;0.9;1.2;0.55;NA;1.76;ND;ND;1.15;2.27;NA;NA;NA;
27;16;1.11;0.74;0.8;NA;2.12;ND;ND;1.59;4.75;NA;NA;NA;
27;17;1.21;0.78;1.16;NA;2.18;ND;ND;2.01;4.26;NA;NA;NA;
27;18;0.99;0.77;2.92;NA;2.15;ND;ND;1.84;9.81;NA;NA;NA;
27;19;1.27;1.78;4.07;NA;3.83;ND;ND;1.51;14.63;NA;NA;NA;
27;20;1.6;1.9;3.86;NA;3.69;ND;ND;1.35;4.63;NA;NA;NA;
27;21;1.3;1.55;3.29;NA;4.51;ND;ND;1.03;10.16;NA;NA;NA;
27;22;1.33;1.45;3.48;NA;4.15;ND;ND;1.09;15.02;NA;NA;NA;
27;23;ND;1.31;1.27;NA;3.54;ND;ND;1.83;6.72;NA;NA;NA;
28;0;1.24;1;0.89;NA;2.38;ND;ND;1.52;7.94;NA;NA;NA;
28;1;ND;0.81;0.76;NA;1.88;ND;ND;1.01;7.63;NA;NA;NA;
28;2;1.26;0.91;0.4;NA;1.8;ND;ND;0.87;6.09;NA;NA;NA;
28;3;1.1;1.09;0.42;NA;1.42;ND;ND;1.15;5.36;NA;NA;NA;
28;4;1.75;1.19;1.87;NA;2.08;ND;ND;0.89;5.54;NA;NA;NA;
28;5;2.63;1.52;0.52;NA;7.45;ND;ND;1.21;7.26;NA;NA;NA;
28;6;5.2;2.72;3.54;NA;10.14;ND;ND;1.12;9.48;NA;NA;NA;
28;7;4.46;3.1;5.69;NA;9.7;ND;ND;1.61;8.03;NA;NA;NA;
28;8;3.55;3.69;7.58;NA;9.89;ND;ND;2.01;12.39;NA;NA;NA;
28;9;5.77;3.54;7.18;NA;11.7;ND;ND;4.27;18.91;NA;NA;NA;
28;10;7.64;3.45;6.07;NA;8.86;ND;ND;8.36;25.55;NA;NA;NA;
28;11;5.02;2.54;4.63;NA;4.96;ND;ND;6.62;51.15;NA;NA;NA;
28;12;3.44;1.58;3.25;NA;6.76;ND;ND;4.52;18.95;NA;NA;NA;
28;13;3.14;1.12;2;NA;3.62;ND;ND;2.97;3.31;NA;NA;NA;
28;14;1.94;1.14;1.68;NA;4.01;ND;ND;2.09;2.84;NA;NA;NA;
28;15;1.32;1.61;2.54;NA;3.63;ND;ND;3.09;ND;NA;NA;NA;
28;16;1.25;2.18;2.58;NA;5.18;ND;ND;2.09;3.96;NA;NA;NA;
28;17;1.09;2.79;4.1;NA;3.96;ND;ND;2.16;3.21;NA;NA;NA;
28;18;1.67;2.7;5.07;NA;5.27;ND;ND;2.59;8.02;NA;NA;NA;
28;19;2.56;2.9;3.06;NA;5.7;ND;ND;2.68;10.03;NA;NA;NA;
28;20;3.11;4.01;5.51;NA;4.9;ND;ND;2.48;10.91;NA;NA;NA;
28;21;2.85;2.48;6.3;NA;4.3;ND;ND;1.67;10.57;NA;NA;NA;
28;22;3.11;2.22;4.7;NA;8.6;ND;ND;1.4;4.77;NA;NA;NA;
28;23;3.77;2;3.98;NA;6.93;ND;ND;1.16;2.88;NA;NA;NA;
29;0;5.11;2.51;4.46;NA;6.6;ND;ND;1.17;8.96;NA;NA;NA;
29;1;3.44;ND;2.57;NA;ND;ND;ND;1.44;16.81;NA;NA;NA;
29;2;6.32;4.72;3.49;NA;4.84;ND;ND;1.6;7.18;NA;NA;NA;
29;3;5.03;9.48;5.81;NA;5.67;ND;ND;1.6;13.44;NA;NA;NA;
29;4;4.71;6.64;5.46;NA;6.25;ND;ND;1.72;19.16;NA;NA;NA;
29;5;5.75;5.25;5.35;NA;7.02;ND;ND;2.87;13.55;NA;NA;NA;
29;6;11.4;9.39;10.23;NA;9.11;ND;ND;3.98;11.45;NA;NA;NA;
29;7;10.98;9.12;12.18;NA;12.26;ND;ND;11.36;13.93;NA;NA;NA;
29;8;14.15;7.15;13.44;NA;12.7;ND;ND;25.35;18.34;NA;NA;NA;
29;9;8.85;5.75;14.04;NA;6.92;ND;ND;17.81;39.83;NA;NA;NA;
29;10;9.58;6.02;10.96;NA;15.34;ND;ND;14.27;78.34;NA;NA;NA;
29;11;8.74;5.95;7.76;NA;8.63;ND;ND;10.86;29.72;NA;NA;NA;
29;12;6.6;3.87;5.49;NA;5.71;ND;ND;5.59;15.17;NA;NA;NA;
29;13;2.65;1.99;ND;NA;4.1;ND;ND;2.19;6.3;NA;NA;NA;
29;14;1.39;1.33;ND;NA;3.15;ND;ND;2.77;3.03;NA;NA;NA;
29;15;1.01;1.43;2.18;NA;3.03;ND;ND;2.95;6.78;NA;NA;NA;
29;16;1.12;1.04;1.24;NA;2.68;ND;ND;2.9;5.83;NA;NA;NA;
29;17;1.32;0.95;2.24;NA;2.71;ND;ND;3.49;37.87;NA;NA;NA;
29;18;1.55;2.29;3.58;NA;3.88;ND;ND;2.43;8.3;NA;NA;NA;
29;19;1.64;2.83;4.79;NA;5.04;ND;ND;2.32;9.49;NA;NA;NA;
29;20;1.24;2.61;4.15;NA;5.57;ND;ND;1.43;4.12;NA;NA;NA;
29;21;1.37;2.27;5.36;NA;7.27;ND;ND;1.46;18.94;NA;NA;NA;
29;22;1.98;1.82;6.58;NA;8.68;ND;ND;1.72;10.27;NA;NA;NA;
29;23;2.49;3.05;3.13;NA;6.82;ND;ND;1.22;10.24;NA;NA;NA;
30;0;1.27;3.74;2.99;NA;10.47;ND;ND;1.13;14;NA;NA;NA;
30;1;ND;4.95;3.66;NA;7.06;ND;ND;1.2;16.8;NA;NA;NA;
30;2;3.67;4.33;3.09;NA;3.46;ND;ND;1.45;8.99;NA;NA;NA;
30;3;3.93;7.18;2.86;NA;4.58;ND;ND;1.58;9.59;NA;NA;NA;
30;4;4.68;5.24;2.96;NA;4.01;ND;ND;1.48;8.35;NA;NA;NA;
30;5;6.03;4.87;3.82;NA;4.93;ND;ND;5.94;20.36;NA;NA;NA;
30;6;8.48;5.57;6.91;NA;8.64;ND;ND;5.58;22.41;NA;NA;NA;
30;7;17.38;10.68;11.03;NA;15.38;ND;ND;12.64;16.52;NA;NA;NA;
30;8;14.65;15.05;11.94;NA;9.44;ND;ND;26.42;8.76;NA;NA;NA;
30;9;11.03;6.1;5.08;NA;5.26;ND;ND;17.56;14.8;NA;NA;NA;
30;10;4.62;4.3;4.77;NA;3.17;ND;ND;9.52;86.69;NA;NA;NA;
30;11;3.37;3.11;3.15;NA;3.79;ND;ND;3.56;9.09;NA;NA;NA;
30;12;2.58;2.41;2.45;NA;3.02;ND;ND;1.62;2.47;NA;NA;NA;
30;13;1.61;1.6;1.94;NA;2.98;ND;ND;1.02;2.71;NA;NA;NA;
30;14;1.63;1.27;2.56;NA;1.84;ND;ND;1.74;2.75;NA;NA;NA;
30;15;1.09;1.47;2.95;NA;3.39;ND;ND;2.46;3.68;NA;NA;NA;
30;16;2.06;1.34;2.92;NA;3.49;ND;ND;1.86;3.28;NA;NA;NA;
30;17;1.74;1.36;2.56;NA;3.8;ND;ND;1.96;18.22;NA;NA;NA;
30;18;1.08;2.44;5.03;NA;4.73;ND;ND;1.4;32.1;NA;NA;NA;
30;19;1.48;2.95;4.9;NA;5.81;ND;ND;1.42;6.18;NA;NA;NA;
30;20;2.04;2.35;6.26;NA;4.77;ND;ND;1.18;4.81;NA;NA;NA;
30;21;2.73;2.42;6.49;NA;7.79;ND;ND;0.92;3.01;NA;NA;NA;
30;22;3.12;2.12;6.27;NA;8.68;ND;ND;1.26;3.31;NA;NA;NA;
30;23;1.32;1.72;4.02;NA;9.42;ND;ND;0.77;23.42;NA;NA;NA;
31;0;1.94;2.25;4.52;NA;3.39;ND;ND;0.91;9.56;NA;NA;NA;
31;1;2.75;ND;5.77;NA;ND;ND;ND;0.97;28.03;NA;NA;NA;
31;2;2.64;4.82;5.96;NA;3.22;ND;ND;1.26;15.6;NA;NA;NA;
31;3;2.37;3.25;4.42;NA;4.04;ND;ND;1.08;10.61;NA;NA;NA;
31;4;2.5;4.2;2.71;NA;3.64;ND;ND;1;7.96;NA;NA;NA;
31;5;3.4;5.29;4.07;NA;3.75;ND;ND;1.51;6.02;NA;NA;NA;
31;6;7.64;10.03;4.74;NA;5.81;ND;ND;3.34;5.61;NA;NA;NA;
31;7;10.85;10.17;8.18;NA;19.21;ND;ND;5;11.69;NA;NA;NA;
31;8;13.49;7.96;10.74;NA;19.41;ND;ND;9.59;19.08;NA;NA;NA;
31;9;6.64;3.38;9.32;NA;6.11;ND;ND;12.42;22.06;NA;NA;NA;
31;10;5.33;2.4;5.25;NA;4.08;ND;ND;10.75;74.75;NA;NA;NA;
31;11;4.4;2.2;2.95;NA;2.18;ND;ND;5.43;18.09;NA;NA;NA;
31;12;2.73;1.3;2.4;NA;4.8;ND;ND;1.83;3.14;NA;NA;NA;
31;13;1.48;1.21;2.34;NA;2.8;ND;ND;1.59;2.78;NA;NA;NA;
31;14;1.01;0.91;3.29;NA;2.12;ND;ND;1.9;2.54;NA;NA;NA;
31;15;0.9;1.06;2.28;NA;2.78;ND;ND;1.52;ND;NA;NA;NA;
31;16;0.79;1.07;2.56;NA;2.54;ND;ND;1.59;ND;NA;NA;NA;
31;17;0.83;0.89;2.81;NA;2.36;ND;ND;1.33;11.62;NA;NA;NA;
31;18;1.02;1.44;5.02;NA;2.36;ND;ND;1.31;8.8;NA;NA;NA;
31;19;1.01;2.33;5.44;NA;2.68;ND;ND;1.12;2.72;NA;NA;NA;
31;20;1.72;2.09;5.37;NA;3.83;ND;ND;1.19;4.29;NA;NA;NA;
31;21;2.09;2.22;4.86;NA;2.8;ND;ND;1.27;9.06;NA;NA;NA;
31;22;2.13;2.43;3.2;NA;4.64;ND;ND;1.09;3.48;NA;NA;NA;
31;23;1.73;1.67;3.6;NA;5.23;ND;ND;0.81;11.38;NA;NA;NA;
