DIA;HORA;Cotocollao;Carapungo;Belisario;Jipijapa;El Camal;Centro;Guamaní;Tumbaco;Los Chillos;El Condado;Turubamba;Chillogallo;
1;0;1.39;1.63;1.49;NA;1.89;0.66;ND;1.55;8.05;NA;NA;NA;
1;1;ND;3.21;2.68;NA;1.8;ND;ND;4.8;6.04;NA;NA;NA;
1;2;3.69;7.32;2.74;NA;2.74;0.82;ND;1.8;10.84;NA;NA;NA;
1;3;9.6;5.71;3.69;NA;3.56;1.62;ND;1.55;14.24;NA;NA;NA;
1;4;7.83;8.21;4.77;NA;3.58;1.73;ND;2.69;19.38;NA;NA;NA;
1;5;7.96;10.35;3.64;NA;3.59;1.82;ND;3.55;10.08;NA;NA;NA;
1;6;9.9;12.46;4.22;NA;10.32;3.31;ND;6.9;8.96;NA;NA;NA;
1;7;12.58;15.77;8.32;NA;13.39;4.41;ND;25.99;13.98;NA;NA;NA;
1;8;11.52;10.27;10.67;NA;5.34;2.83;ND;20.37;26.08;NA;NA;NA;
1;9;6.19;8.83;12.25;NA;4.72;1.95;ND;15.15;14.81;NA;NA;NA;
1;10;5.59;8.52;7.19;NA;3.01;1.99;ND;7.11;29.2;NA;NA;NA;
1;11;5.3;3.8;9.81;NA;4.15;3.36;ND;7.38;26.9;NA;NA;NA;
1;12;3.46;3.51;4.9;NA;6.74;2.92;ND;ND;29.49;NA;NA;NA;
1;13;3.31;2.26;9.14;NA;8.51;2.82;ND;ND;ND;NA;NA;NA;
1;14;1.74;1.73;6.44;NA;5.65;2.6;ND;4.46;ND;NA;NA;NA;
1;15;1.66;1.59;4.54;NA;2.33;1.13;ND;2.4;ND;NA;NA;NA;
1;16;3;1.93;2.48;NA;7.24;1.11;ND;1.97;1.27;NA;NA;NA;
1;17;1.41;1.21;1.21;NA;4.72;1.95;ND;1.91;2.37;NA;NA;NA;
1;18;0.6;1.31;3.77;NA;9.83;2.37;ND;1.86;7.91;NA;NA;NA;
1;19;0.48;1.21;3.14;NA;9.9;2.58;ND;1.66;1.43;NA;NA;NA;
1;20;1.38;1.05;3.34;NA;8.97;1.81;ND;1.11;6.62;NA;NA;NA;
1;21;0.94;1.01;3.29;NA;6.56;1.84;ND;0.91;19.94;NA;NA;NA;
1;22;0.67;0.63;1.54;NA;5.85;1;ND;0.85;1.66;NA;NA;NA;
1;23;1.23;0.32;1.69;NA;4.57;1.01;ND;0.83;6.02;NA;NA;NA;
2;0;0.48;0.74;0.86;NA;2.44;0.8;ND;0.77;1.1;NA;NA;NA;
2;1;0.3;ND;ND;NA;ND;0.41;ND;0.76;0.5;NA;NA;NA;
2;2;0.73;0.75;1.4;NA;1.27;0.69;ND;0.67;0.78;NA;NA;NA;
2;3;0.5;0.75;2.01;NA;3.49;0.84;ND;1.09;5.27;NA;NA;NA;
2;4;1.33;0.72;3.89;NA;3.97;0.92;ND;0.8;6.32;NA;NA;NA;
2;5;2.01;1.3;3.52;NA;4.58;1.21;ND;0.73;3.97;NA;NA;NA;
2;6;4.69;2.63;4.79;NA;8.79;1.82;ND;1.15;5.83;NA;NA;NA;
2;7;7.9;4.33;6.1;NA;6.63;2.46;ND;1.95;8.05;NA;NA;NA;
2;8;5.12;3.63;8.49;NA;8.45;3.07;ND;2.17;12.69;NA;NA;NA;
2;9;3.99;4.01;10.93;NA;7.98;4.56;ND;2.51;47.44;NA;NA;NA;
2;10;4.1;2.92;8.65;NA;7.53;3.9;ND;6.41;62.5;NA;NA;NA;
2;11;5.01;3.01;10.46;NA;4.58;2.5;ND;5.75;43.31;NA;NA;NA;
2;12;4.8;3.2;10.67;NA;3.19;2.45;ND;4.97;124.59;NA;NA;NA;
2;13;2.62;2.21;11.81;NA;3.26;1.16;ND;4.64;ND;NA;NA;NA;
2;14;1.51;1.72;6.33;NA;7.64;2.53;ND;4.12;ND;NA;NA;NA;
2;15;1.47;1.37;5.92;NA;5.1;2.17;ND;3.66;13.95;NA;NA;NA;
2;16;0.99;0.63;ND;NA;2.84;1.81;ND;2.95;4.7;NA;NA;NA;
2;17;2.83;1.79;ND;NA;5.24;2.46;ND;2.25;6.47;NA;NA;NA;
2;18;1.1;1.35;5.37;NA;4.22;2.62;ND;2.19;2.99;NA;NA;NA;
2;19;0.77;1.33;4.86;NA;5.58;2.56;ND;1.94;1.95;NA;NA;NA;
2;20;1.21;1.28;6.19;NA;6.09;2.97;ND;1.2;1.22;NA;NA;NA;
2;21;0.89;0.89;5.08;NA;7.13;2.32;ND;1.07;2.84;NA;NA;NA;
2;22;0.65;0.43;3.2;NA;3.45;1.65;ND;1.16;2.96;NA;NA;NA;
2;23;0.15;0.68;3.86;NA;2.53;1.91;ND;0.88;0.64;NA;NA;NA;
3;0;1.01;0.47;3.3;NA;3.52;1.07;ND;0.71;0.21;NA;NA;NA;
3;1;ND;1.57;ND;NA;2.74;ND;ND;0.93;0.97;NA;NA;NA;
3;2;0.58;2.34;3.24;NA;2.86;0.92;ND;0.69;1.43;NA;NA;NA;
3;3;1.44;2.26;2.51;NA;2.04;0.92;ND;1.21;2.09;NA;NA;NA;
3;4;3.64;1.55;3.75;NA;5.79;1.05;ND;1.1;1.57;NA;NA;NA;
3;5;4.14;1.18;4.49;NA;6.44;1.79;ND;1.78;3.49;NA;NA;NA;
3;6;8.26;4.33;7.9;NA;13.5;3.02;ND;2.71;8.58;NA;NA;NA;
3;7;10.19;17.11;11.67;NA;38.69;5.01;ND;4.41;9.85;NA;NA;NA;
3;8;10.88;16.03;16.95;NA;21.24;4.73;ND;5.13;41.82;NA;NA;NA;
3;9;21.47;16.9;16.94;NA;9.6;3.64;ND;7.4;48.38;NA;NA;NA;
3;10;18.39;17.52;16.72;NA;13.69;6.44;ND;6.15;82.64;NA;NA;NA;
3;11;9.59;8.76;5.8;NA;5.03;2.16;ND;7.69;68.44;NA;NA;NA;
3;12;3.77;4.17;3.66;NA;3.04;1.24;ND;3.73;26.56;NA;NA;NA;
3;13;2.96;3.71;2.48;NA;2.09;1.03;ND;1.88;9.98;NA;NA;NA;
3;14;2.3;3.56;2.57;NA;1.11;0.91;ND;1.47;0;NA;NA;NA;
3;15;1.61;2.69;2.81;NA;1.91;1.1;ND;2.7;19.19;NA;NA;NA;
3;16;0.59;2.12;2.35;NA;2.03;1.59;ND;1.98;13.69;NA;NA;NA;
3;17;0.29;2.14;5.08;NA;1.92;1.39;ND;2.67;1.67;NA;NA;NA;
3;18;0.25;1.69;1.81;NA;1.6;1.51;ND;2.33;1.71;NA;NA;NA;
3;19;0.76;1.75;3.06;NA;1.87;1.83;ND;1.46;2.45;NA;NA;NA;
3;20;1.93;2.25;5.86;NA;3.67;2.17;ND;1.39;4.03;NA;NA;NA;
3;21;1.45;2.07;6.66;NA;5.37;1.92;ND;1.1;1.63;NA;NA;NA;
3;22;2.32;2.2;4;NA;4.2;2.01;ND;1.14;0.49;NA;NA;NA;
3;23;1.71;1.79;5.14;NA;5.06;1.83;ND;0.87;11.5;NA;NA;NA;
4;0;1.19;1.59;3.51;NA;5.57;1.1;ND;1.03;7.96;NA;NA;NA;
4;1;1.42;ND;2.73;NA;ND;1.11;ND;7.98;4.29;NA;NA;NA;
4;2;1.19;5.58;3.85;NA;14.34;1.9;ND;14.55;4.1;NA;NA;NA;
4;3;1.31;2.14;5.44;NA;12.43;1.94;ND;23.72;13.67;NA;NA;NA;
4;4;1.29;3.49;3.77;NA;13.05;1.78;ND;19.37;5.9;NA;NA;NA;
4;5;3.52;4.94;9.14;NA;10.59;2.66;ND;15.21;9.89;NA;NA;NA;
4;6;6.64;6.33;6.97;NA;11.94;3.58;ND;20.02;7.33;NA;NA;NA;
4;7;11.09;7.17;12.35;NA;19.36;6.59;ND;19.77;15.14;NA;NA;NA;
4;8;5.82;10.35;10.72;NA;23.37;5.39;ND;13.92;14.78;NA;NA;NA;
4;9;10.06;11.24;10.2;NA;20.38;3.81;ND;33.84;13.88;NA;NA;NA;
4;10;10.82;15.05;8.08;NA;6.03;2.29;ND;43.4;17.6;NA;NA;NA;
4;11;1.46;7.05;2.92;NA;2.95;1.17;ND;31.09;7.02;NA;NA;NA;
4;12;2.27;6.74;2.68;NA;2.03;1.29;ND;31.45;2.71;NA;NA;NA;
4;13;3.15;7.08;3.99;NA;3.42;1.25;ND;13.36;9.08;NA;NA;NA;
4;14;1.95;4.32;8.11;NA;3.91;2.33;ND;7.61;33.73;NA;NA;NA;
4;15;1.18;3.06;4.67;NA;5.95;2.46;ND;4.79;21.94;NA;NA;NA;
4;16;1.2;2.62;4.5;NA;3.94;2.21;ND;3.65;11.23;NA;NA;NA;
4;17;1.13;2.25;5.21;NA;4.79;1.96;ND;3.13;6;NA;NA;NA;
4;18;1.04;2.33;4.59;NA;4.66;2.49;ND;2.72;2.09;NA;NA;NA;
4;19;1.28;2.37;5.87;NA;4.52;2.89;ND;2.77;1.97;NA;NA;NA;
4;20;2.17;2.66;6.29;NA;5.05;2.17;ND;2.16;2.71;NA;NA;NA;
4;21;2.78;3.03;5.92;NA;8.43;1.76;ND;2.47;4.5;NA;NA;NA;
4;22;4.06;2.29;6.34;NA;8.92;1.91;ND;1.99;7.3;NA;NA;NA;
4;23;2.29;1.34;5.61;NA;9.12;2.48;ND;2.11;4;NA;NA;NA;
5;0;0.81;0.88;8.29;NA;6.88;2.11;ND;3.03;4.14;NA;NA;NA;
5;1;ND;1.51;ND;NA;2.83;ND;ND;2.57;8.73;NA;NA;NA;
5;2;3.62;2.38;6.66;NA;4.1;1.86;ND;2.93;6.92;NA;NA;NA;
5;3;3.23;2.73;2.99;NA;11.39;1.53;ND;7.95;2.94;NA;NA;NA;
5;4;2.26;3.21;4.25;NA;19.19;1.49;ND;12.11;8.23;NA;NA;NA;
5;5;4.4;5.73;5.25;NA;20.02;2.27;ND;8.11;5.09;NA;NA;NA;
5;6;6.77;9.24;6.39;NA;13.14;3.82;ND;11.68;6.53;NA;NA;NA;
5;7;10.15;10.18;9.07;NA;10.09;4.31;ND;24.9;24.49;NA;NA;NA;
5;8;9.29;11.45;6.02;NA;8.64;2.87;ND;15.8;26.35;NA;NA;NA;
5;9;19.52;23.66;8.97;NA;3.98;2.05;ND;8.17;10.39;NA;NA;NA;
5;10;22.04;29.01;5.55;NA;2.54;1.63;ND;7.81;4.37;NA;NA;NA;
5;11;ND;20.61;4.13;NA;3.61;1.76;ND;8.21;25.92;NA;NA;NA;
5;12;ND;18.52;4.46;NA;2.42;2;ND;9.35;22.82;NA;NA;NA;
5;13;4.73;12.04;4.8;NA;2.35;1.46;ND;8.86;18.27;NA;NA;NA;
5;14;2.07;8.38;7.07;NA;1.71;2.77;ND;11.87;16.28;NA;NA;NA;
5;15;1.32;4.77;5.61;NA;1.82;2.43;ND;4.24;19.18;NA;NA;NA;
5;16;1.25;3.11;4.14;NA;1.55;1.42;ND;2.37;17.91;NA;NA;NA;
5;17;0.98;2.43;6.38;NA;1.3;1.46;ND;2.15;1.29;NA;NA;NA;
5;18;0.97;2.37;3.65;NA;1.37;1.69;ND;1.86;0.21;NA;NA;NA;
5;19;0.73;1.93;3.34;NA;1.25;1.26;ND;1.86;5.37;NA;NA;NA;
5;20;0.89;2.38;3.17;NA;2.36;1.29;ND;1.82;10.67;NA;NA;NA;
5;21;1.63;2.17;2.13;NA;2.51;0.83;ND;1.17;5.92;NA;NA;NA;
5;22;2.01;2.17;1.3;NA;3.01;1.11;ND;1.14;4.69;NA;NA;NA;
5;23;1.94;2.37;2.15;NA;4.4;1.25;ND;1.22;20.91;NA;NA;NA;
6;0;2.15;1.99;3.49;NA;3.55;1.13;ND;1.57;11.82;NA;NA;NA;
6;1;ND;ND;3.5;NA;4.43;0.84;ND;0.91;4.79;NA;NA;NA;
6;2;2.52;3.68;6.05;NA;7.28;0.89;ND;1.17;3.16;NA;NA;NA;
6;3;2.12;4.69;3.21;NA;7.3;0.99;ND;1.34;2.32;NA;NA;NA;
6;4;2.73;3.34;4.27;NA;1.9;0.96;ND;1.59;2;NA;NA;NA;
6;5;2.56;2.71;6.84;NA;2.66;1.06;ND;1.94;3.41;NA;NA;NA;
6;6;2.3;3.75;9.21;NA;4.74;1.86;ND;4.76;5.52;NA;NA;NA;
6;7;3.06;6.96;6.87;NA;15.27;2.74;ND;9.77;9.72;NA;NA;NA;
6;8;3.2;6;15;NA;7.59;2.03;ND;18.55;13.99;NA;NA;NA;
6;9;4.47;7.5;7.12;NA;2;1.38;ND;6.7;9.7;NA;NA;NA;
6;10;10.5;14.84;10.02;NA;7.35;3.86;ND;4.43;37.27;NA;NA;NA;
6;11;14.82;11.82;9.38;NA;6.7;3.21;ND;13.52;24.01;NA;NA;NA;
6;12;6.19;5.66;14.16;NA;13.52;5.02;ND;30.12;22.61;NA;NA;NA;
6;13;5.83;4.31;9.23;NA;12.33;4.69;ND;13.93;41.75;NA;NA;NA;
6;14;2.52;3.79;5.18;NA;6.74;2.25;ND;6.74;17.25;NA;NA;NA;
6;15;1.55;2.99;2.48;NA;3.89;2.18;ND;3.78;5.81;NA;NA;NA;
6;16;1.68;2.7;2.18;NA;2.26;1.58;ND;2.95;6.45;NA;NA;NA;
6;17;1.48;2.2;2.43;NA;2.04;1.6;ND;2.26;26.5;NA;NA;NA;
6;18;0.96;1.62;2.8;NA;1.55;1.51;ND;1.64;2.15;NA;NA;NA;
6;19;1.21;1.88;3.21;NA;3.17;1.49;ND;1.32;0.44;NA;NA;NA;
6;20;1.83;2.1;3.38;NA;3.37;1.88;ND;1.64;0.53;NA;NA;NA;
6;21;2.51;3.4;2.63;NA;4.12;1.69;ND;1.44;3.28;NA;NA;NA;
6;22;2.86;2.4;4.29;NA;3.75;1.37;ND;1.24;3.16;NA;NA;NA;
6;23;4.03;2.53;7.61;NA;6.28;1.44;ND;1.22;11.62;NA;NA;NA;
7;0;6.25;2.86;7.07;NA;4.27;1.34;ND;1.35;15.14;NA;NA;NA;
7;1;11.44;4.34;ND;NA;ND;ND;ND;1.7;4.36;NA;NA;NA;
7;2;7.82;2.76;14.08;NA;5.48;1.75;ND;1.93;5.03;NA;NA;NA;
7;3;5.57;4.8;6.95;NA;16.68;1.76;ND;4.62;5.66;NA;NA;NA;
7;4;2.75;4.84;4.41;NA;7.3;1.95;ND;5.96;6.51;NA;NA;NA;
7;5;3.05;2.93;6.94;NA;7.29;1.87;ND;5.5;9.84;NA;NA;NA;
7;6;3.7;2.05;9.8;NA;10.87;2.04;ND;5.07;18.43;NA;NA;NA;
7;7;5.85;3.69;9.18;NA;7.91;2.69;ND;6.22;26.06;NA;NA;NA;
7;8;10.16;11.32;5.82;NA;5.06;1.9;ND;29.93;16.39;NA;NA;NA;
7;9;7.28;9.03;2.34;NA;3.26;1.1;ND;20.28;117.51;NA;NA;NA;
7;10;2;3.47;2.04;NA;3.55;0.72;ND;12.1;58.28;NA;NA;NA;
7;11;0.91;3.27;1.17;NA;4.01;0.59;ND;4.49;6.76;NA;NA;NA;
7;12;1.26;3.25;1.3;NA;3.77;0.55;ND;2.08;0.1;NA;NA;NA;
7;13;1.65;2.74;1.14;NA;1.36;0.33;ND;1.38;0;NA;NA;NA;
7;14;1.87;2.84;0.91;NA;ND;0.57;ND;2.27;0.58;NA;NA;NA;
7;15;1.69;2.36;1.72;NA;2.47;1.23;ND;2.18;2.43;NA;NA;NA;
7;16;1.34;2.1;1.78;NA;3.96;1.08;ND;2.23;1.34;NA;NA;NA;
7;17;1.17;1.96;2.23;NA;3.32;1.17;ND;2.59;12.95;NA;NA;NA;
7;18;1.16;1.43;2.5;NA;2.84;1.26;ND;1.61;3.94;NA;NA;NA;
7;19;1.74;1.36;2.32;NA;2.74;1.01;ND;1.61;8.43;NA;NA;NA;
7;20;2.57;1.84;11.9;NA;3.23;1.01;ND;2.27;9.77;NA;NA;NA;
7;21;2.7;1.89;15.56;NA;3.31;1.28;ND;1.61;5.04;NA;NA;NA;
7;22;3.68;2.85;16.54;NA;3.65;1.39;ND;1.4;4.55;NA;NA;NA;
7;23;4.24;2.29;13.97;NA;4.26;1.36;ND;1.25;4.42;NA;NA;NA;
8;0;5.55;2.36;13.32;NA;3.88;1.95;ND;1.89;6.5;NA;NA;NA;
8;1;ND;2.55;12.78;NA;4.82;2.04;ND;3.56;6.14;NA;NA;NA;
8;2;4.61;1.8;10.68;NA;25.51;1.71;ND;1.48;7.14;NA;NA;NA;
8;3;4.2;0.83;9.12;NA;11.23;1.65;ND;1.07;10.79;NA;NA;NA;
8;4;4.51;0.97;7.25;NA;7.89;2.1;ND;7.94;5.43;NA;NA;NA;
8;5;6.25;3.05;7.98;NA;16.11;2.4;ND;13.42;9.85;NA;NA;NA;
8;6;10.71;6.84;11.02;NA;16.41;3.43;ND;10.67;12.2;NA;NA;NA;
8;7;14.61;15.45;13.96;NA;28.52;5.78;ND;11.83;19.83;NA;NA;NA;
8;8;13.55;20.27;15.21;NA;21.48;5.12;ND;21.18;18.6;NA;NA;NA;
8;9;11.6;12.46;7.74;NA;7.66;2.32;ND;20.28;13.35;NA;NA;NA;
8;10;7.98;7.62;8.44;NA;11.71;2.92;ND;11.52;31.11;NA;NA;NA;
8;11;7.24;7.5;6.22;NA;7.81;1.66;ND;11.17;31.72;NA;NA;NA;
8;12;3.82;5.28;4.14;NA;5.68;1.47;ND;7.9;15.47;NA;NA;NA;
8;13;6.5;8.7;2.63;NA;3.94;1.27;ND;6.09;43.79;NA;NA;NA;
8;14;6;5.78;3.68;NA;2.01;0.98;ND;3.52;6.81;NA;NA;NA;
8;15;2.94;ND;4.78;NA;2.51;1.3;ND;4.27;0.09;NA;NA;NA;
8;16;2.35;2.78;4.75;NA;ND;1.72;ND;3.41;3.68;NA;NA;NA;
8;17;1.55;2.57;3.98;NA;3.11;1.99;ND;2.92;11.63;NA;NA;NA;
8;18;1.57;2.08;5.5;NA;3.69;2.29;ND;4.15;9.1;NA;NA;NA;
8;19;2.74;2.09;4.72;NA;6.13;2.9;ND;3.37;26.84;NA;NA;NA;
8;20;3.85;2.61;5.99;NA;5.78;2.77;ND;3.89;15.82;NA;NA;NA;
8;21;8.32;3.91;13.86;NA;7.5;2.47;ND;3.3;5.07;NA;NA;NA;
8;22;10.21;4.25;13.74;NA;13.41;3.88;ND;2.88;7.6;NA;NA;NA;
8;23;10.67;5.68;10.29;NA;15.28;3.96;ND;2.72;13.78;NA;NA;NA;
9;0;23.54;10.09;20.95;NA;12.12;2.02;ND;2.13;10.68;NA;NA;NA;
9;1;23.27;ND;ND;NA;ND;ND;ND;4.41;15.32;NA;NA;NA;
9;2;16.45;7.37;8.59;NA;35.32;1.94;ND;2.75;6.83;NA;NA;NA;
9;3;10.99;12.31;12.2;NA;35.25;2.05;ND;2.86;6.36;NA;NA;NA;
9;4;7.54;7.41;16.31;NA;18.14;2.78;ND;2.56;6.95;NA;NA;NA;
9;5;7.59;10.3;11.71;NA;16.71;2.63;ND;3.45;6.97;NA;NA;NA;
9;6;11.68;16.75;8.18;NA;19.79;4.3;ND;7.02;14.54;NA;NA;NA;
9;7;15.22;13;17.54;NA;17.51;6.6;ND;15.51;37.78;NA;NA;NA;
9;8;14.04;12.32;18.39;NA;19.07;5.26;ND;36.22;49.26;NA;NA;NA;
9;9;10.69;12.38;10.06;NA;5.31;2.64;ND;20.62;15.49;NA;NA;NA;
9;10;6.55;10.34;6.71;NA;5.26;2.85;ND;15.03;77.23;NA;NA;NA;
9;11;5.5;8.61;4.26;NA;3.29;1.74;ND;6.25;15.54;NA;NA;NA;
9;12;3.62;8.84;ND;NA;2.83;1.24;ND;2.36;0.9;NA;NA;NA;
9;13;2.76;5.6;2.09;NA;2.03;0.8;ND;1.5;18.03;NA;NA;NA;
9;14;6.82;5.23;1.78;NA;5.63;1.03;ND;3.9;1.12;NA;NA;NA;
9;15;4.83;5.39;3.4;NA;3.04;1.69;ND;4.57;4.34;NA;NA;NA;
9;16;4.62;5.1;6.57;NA;5.86;2.66;ND;8.05;12.6;NA;NA;NA;
9;17;2.71;3.69;3.91;NA;5.41;2.17;ND;4.64;19.27;NA;NA;NA;
9;18;2.93;2.82;4.7;NA;9.59;2.15;ND;4.06;7.53;NA;NA;NA;
9;19;4.23;3.07;7.07;NA;9.01;2.75;ND;5.29;10.17;NA;NA;NA;
9;20;4.56;2.93;6.31;NA;5.41;3.35;ND;4.41;6.94;NA;NA;NA;
9;21;4.91;2.5;10.91;NA;4.39;2.73;ND;3.22;7.3;NA;NA;NA;
9;22;5.29;1.55;17.8;NA;6.28;2.05;ND;2.48;7.35;NA;NA;NA;
9;23;6.87;1.39;9.68;NA;8.61;2.19;ND;1.61;2.96;NA;NA;NA;
10;0;8.66;2.51;9.09;NA;7.62;2.35;ND;1.77;2.93;NA;NA;NA;
10;1;ND;2.42;9.95;NA;10.5;ND;ND;1.7;4.03;NA;NA;NA;
10;2;8.8;3.82;3.48;NA;18.98;1.87;ND;1.72;1.43;NA;NA;NA;
10;3;7.1;4.37;2.07;NA;16.54;2.1;ND;7.62;1.52;NA;NA;NA;
10;4;4.97;3.64;2.44;NA;8.01;1.86;ND;8.87;0.28;NA;NA;NA;
10;5;3.29;5.46;3.25;NA;7.24;0.91;ND;23.96;4.08;NA;NA;NA;
10;6;8.68;5.31;6.01;NA;20.48;3.72;ND;22.06;4.52;NA;NA;NA;
10;7;8.67;9.15;8.05;NA;21.91;4.13;ND;24.9;14.37;NA;NA;NA;
10;8;10.81;11.42;5.95;NA;15.51;3.33;ND;41.51;35.14;NA;NA;NA;
10;9;7.8;12.45;9.22;NA;7.76;2.91;ND;48.75;15.84;NA;NA;NA;
10;10;10.67;10.78;5.66;NA;4.88;1.71;ND;14.24;5.21;NA;NA;NA;
10;11;5.83;7;7.55;NA;3.68;3.26;ND;4.38;17.39;NA;NA;NA;
10;12;3.33;4.6;6.76;NA;6.72;3.02;ND;3.02;7.24;NA;NA;NA;
10;13;4.56;6.68;3.22;NA;1.33;0.45;ND;1.74;ND;NA;NA;NA;
10;14;2.44;6.93;5.52;NA;1.52;1.73;ND;6;ND;NA;NA;NA;
10;15;1.72;4.81;6.27;NA;6.25;3.15;ND;7.88;ND;NA;NA;NA;
10;16;2.05;4.01;4.99;NA;5.56;2.72;ND;5.89;ND;NA;NA;NA;
10;17;1.39;3.44;3.88;NA;1.91;2.4;ND;4.79;20.2;NA;NA;NA;
10;18;1.35;2.67;3.72;NA;1.71;1.77;ND;4.08;0.94;NA;NA;NA;
10;19;0.99;2.37;4.64;NA;1.76;2.34;ND;2.87;0;NA;NA;NA;
10;20;0.66;2.31;5.81;NA;2.15;2.12;ND;2.45;0;NA;NA;NA;
10;21;1.44;2.78;4.73;NA;5.69;2.12;ND;1.96;0.33;NA;NA;NA;
10;22;1.8;1.74;2.91;NA;2.91;1.5;ND;1.59;2.39;NA;NA;NA;
10;23;1.91;1.64;2.34;NA;1.79;1.27;ND;1.08;0.76;NA;NA;NA;
11;0;2.2;1.5;2.6;NA;1.66;1.43;ND;1.33;1.22;NA;NA;NA;
11;1;3.64;ND;ND;NA;ND;0.81;ND;1.25;3.15;NA;NA;NA;
11;2;2.39;1.68;4.92;NA;1.02;1.35;ND;1.69;1.95;NA;NA;NA;
11;3;2.14;1.31;6.91;NA;2.74;2.2;ND;1.51;8.02;NA;NA;NA;
11;4;2.4;1.5;3.75;NA;2.17;2.39;ND;1.49;8.76;NA;NA;NA;
11;5;2.21;1;4.08;NA;2.74;1.95;ND;1.82;6.1;NA;NA;NA;
11;6;2.62;1.31;5.59;NA;3.22;2.23;ND;1.33;0.96;NA;NA;NA;
11;7;6.31;2.29;5.19;NA;2.93;2.61;ND;2.77;12.46;NA;NA;NA;
11;8;7.61;4.48;4.55;NA;3.81;2.58;ND;3.72;45.24;NA;NA;NA;
11;9;9.86;5.48;3.91;NA;4.32;2.16;ND;2.64;18.78;NA;NA;NA;
11;10;8.41;13.19;5.45;NA;ND;2.64;ND;3.97;4.1;NA;NA;NA;
11;11;13.44;27.83;8.86;NA;ND;3.98;ND;9.92;9.03;NA;NA;NA;
11;12;17.1;38.55;9.63;NA;3.98;3.64;ND;8.94;11.22;NA;NA;NA;
11;13;4.39;17.11;14.58;NA;ND;2.44;ND;13.59;19.37;NA;NA;NA;
11;14;1.73;2.54;13.91;NA;0.44;3.47;ND;ND;3.54;NA;NA;NA;
11;15;ND;0.63;3.63;NA;0.46;0.97;ND;2.6;7.37;NA;NA;NA;
11;16;ND;3.14;2.9;NA;0.52;1.64;ND;ND;4.5;NA;NA;NA;
11;17;3.56;4.62;2.75;NA;2.1;1.98;ND;3.53;2.54;NA;NA;NA;
11;18;3.29;3.89;6.5;NA;2.83;3.11;ND;4.28;14.43;NA;NA;NA;
11;19;2.52;2.73;15.73;NA;3.45;3.22;ND;3.42;18.41;NA;NA;NA;
11;20;2.26;2.41;6.06;NA;3.56;2.64;ND;4.03;22.18;NA;NA;NA;
11;21;1.77;2.43;4.1;NA;4.05;2.65;ND;1.62;25.42;NA;NA;NA;
11;22;1.6;1.87;2.97;NA;2.65;2.58;ND;1.45;14.8;NA;NA;NA;
11;23;2.63;1.75;2.09;NA;1.65;1.77;ND;1.42;16.3;NA;NA;NA;
12;0;2.28;2.66;1.85;NA;1.9;1.6;ND;1.65;8.7;NA;NA;NA;
12;1;ND;2.41;3.92;NA;7.09;ND;ND;3.01;11.04;NA;NA;NA;
12;2;1.78;2.9;3.85;NA;6.47;3.33;ND;2.9;19.62;NA;NA;NA;
12;3;1.92;2.01;4.23;NA;5.9;4.36;ND;3.24;23.59;NA;NA;NA;
12;4;2.02;1.97;4.88;NA;8.5;3.5;ND;2.9;4.64;NA;NA;NA;
12;5;3.38;1.65;6.04;NA;21.17;3.16;ND;3.37;5.99;NA;NA;NA;
12;6;4.96;2.21;7.37;NA;24.8;5.17;ND;4.09;7.76;NA;NA;NA;
12;7;8.89;4.91;10.66;NA;21.78;7.16;ND;28.07;14.3;NA;NA;NA;
12;8;8.78;10.12;16.23;NA;16.35;4.25;ND;46.25;15.79;NA;NA;NA;
12;9;26.03;17.96;24.68;NA;15.57;8.29;ND;26.79;13.18;NA;NA;NA;
12;10;22.22;29.15;6.62;NA;8.66;ND;ND;19.09;45.31;NA;NA;NA;
12;11;5.57;14.15;4.83;NA;4.22;ND;ND;4.79;10.55;NA;NA;NA;
12;12;6.01;8.53;2.2;NA;1.46;0.24;ND;2.07;0.04;NA;NA;NA;
12;13;2.98;4.3;ND;NA;1.04;0;ND;1.38;2.31;NA;NA;NA;
12;14;4.8;5.92;ND;NA;0.68;ND;ND;1.16;0;NA;NA;NA;
12;15;2.45;3.03;ND;NA;1.58;0.24;ND;1.31;0;NA;NA;NA;
12;16;1.58;2.28;1.45;NA;2.4;0.46;ND;2.71;19.35;NA;NA;NA;
12;17;1.13;2.1;0.56;NA;1.48;0.51;ND;2.21;13.27;NA;NA;NA;
12;18;0.9;2.33;1.68;NA;1.81;0.41;ND;1.69;3.07;NA;NA;NA;
12;19;1.85;2.38;3.7;NA;2.59;0.49;ND;1.84;0.83;NA;NA;NA;
12;20;3.02;2.06;4.1;NA;3.04;0.74;ND;1.48;21.25;NA;NA;NA;
12;21;3.6;2.23;4.79;NA;2.83;1.45;ND;1.44;6.23;NA;NA;NA;
12;22;4.14;1.98;5.3;NA;6.44;0.85;ND;1.65;9.43;NA;NA;NA;
12;23;7.57;1.42;9.39;NA;7.19;1.16;ND;0.98;1.76;NA;NA;NA;
13;0;8.87;2.85;3.87;NA;7.01;1.28;ND;3.14;12.92;NA;NA;NA;
13;1;9.86;ND;ND;NA;ND;0.7;ND;6.77;15.49;NA;NA;NA;
13;2;9.39;5.27;0.89;NA;7.46;0.79;ND;6.14;11.84;NA;NA;NA;
13;3;7.86;4.74;0.85;NA;3.47;0.54;ND;4.85;9.2;NA;NA;NA;
13;4;7.13;8.24;3.13;NA;3.95;0.96;ND;9.37;26.33;NA;NA;NA;
13;5;6.66;6.89;0.35;NA;5.19;0.85;ND;33.7;13.72;NA;NA;NA;
13;6;6.37;6.64;1.04;NA;4.4;1.27;ND;13.21;14.73;NA;NA;NA;
13;7;4.65;7.09;6.31;NA;4.46;1.48;ND;14.54;24.68;NA;NA;NA;
13;8;3.3;3.71;5.09;NA;4.17;2.28;ND;13.9;27.76;NA;NA;NA;
13;9;5.5;5.31;6.56;NA;5.01;1.51;ND;6.8;14.78;NA;NA;NA;
13;10;5.87;6.25;4.65;NA;4.49;1.77;ND;11.61;ND;NA;NA;NA;
13;11;3.55;4.44;2.68;NA;3.08;1.52;ND;13.21;5.09;NA;NA;NA;
13;12;2.37;2.79;1.3;NA;2.51;1.17;ND;6.14;11.5;NA;NA;NA;
13;13;1.48;1.84;1.45;NA;2.84;1.05;ND;1.58;4.62;NA;NA;NA;
13;14;1.23;1.9;0.42;NA;4.12;0.61;ND;0.87;0.02;NA;NA;NA;
13;15;0.88;2.25;0.17;NA;4.98;0.78;ND;0.81;0;NA;NA;NA;
13;16;0.79;1.65;0.61;NA;4.91;0.47;ND;1.73;0;NA;NA;NA;
13;17;0.9;1.29;0.53;NA;1.4;0.8;ND;1.59;0.17;NA;NA;NA;
13;18;0.76;1.35;1.06;NA;1.34;0.51;ND;1.72;24.1;NA;NA;NA;
13;19;0.73;1.21;5.03;NA;0.92;0.76;ND;1.63;4.98;NA;NA;NA;
13;20;0.86;1.58;4.26;NA;1.25;0.67;ND;1.25;0.78;NA;NA;NA;
13;21;1.66;1.26;2.21;NA;1.64;0.79;ND;1.2;3.81;NA;NA;NA;
13;22;1.8;1.65;1.37;NA;5.2;0.61;ND;1;3.99;NA;NA;NA;
13;23;1.94;1.4;1.17;NA;7.13;1.1;ND;1.22;0.22;NA;NA;NA;
14;0;2.08;0.88;2.12;NA;3.42;1.38;ND;0.77;11.47;NA;NA;NA;
14;1;ND;0.84;2.34;NA;3.03;ND;ND;0.82;30.13;NA;NA;NA;
14;2;3.05;0.78;2.59;NA;2.99;2.05;ND;0.85;6.85;NA;NA;NA;
14;3;1.77;1.82;1.38;NA;2.34;1.49;ND;0.78;10.53;NA;NA;NA;
14;4;1.52;2.68;1.88;NA;1.23;0.79;ND;0.8;4.99;NA;NA;NA;
14;5;1.96;1.73;1.99;NA;2.73;1.16;ND;0.89;9.25;NA;NA;NA;
14;6;1.87;2.17;1.21;NA;6.01;1.19;ND;1;15.89;NA;NA;NA;
14;7;3.18;2.49;3.85;NA;4.54;1.59;ND;1.33;13.01;NA;NA;NA;
14;8;2.8;2.79;3.69;NA;3.21;1.71;ND;2.17;16.96;NA;NA;NA;
14;9;3.29;3.12;3.44;NA;2.16;1.87;ND;2.46;34.93;NA;NA;NA;
14;10;3.17;2.78;4.14;NA;3.17;2.04;ND;2.56;70.75;NA;NA;NA;
14;11;2.48;2.08;3.98;NA;3.84;2.2;ND;3.2;43.17;NA;NA;NA;
14;12;2.09;2.04;1.43;NA;2.73;1.73;ND;3.21;12.62;NA;NA;NA;
14;13;1.64;1.75;0.92;NA;2.12;1.12;ND;1.96;4.48;NA;NA;NA;
14;14;2.8;2.49;0.59;NA;4.32;1.01;ND;1.87;0.03;NA;NA;NA;
14;15;2.27;2.34;0.18;NA;1.63;1.18;ND;2.15;6.84;NA;NA;NA;
14;16;1.1;1.73;1.69;NA;2.13;1.21;ND;2.35;3.78;NA;NA;NA;
14;17;1.06;1.49;1.86;NA;2.34;1.42;ND;1.74;15.67;NA;NA;NA;
14;18;0.99;1.03;0.97;NA;1.9;1.3;ND;2.06;7.7;NA;NA;NA;
14;19;1.34;1.09;1.32;NA;2.2;1.15;ND;1.46;2.33;NA;NA;NA;
14;20;1.66;1.45;1.91;NA;2.5;1.6;ND;1.27;3.69;NA;NA;NA;
14;21;1.46;1.35;2.31;NA;2.91;1.66;ND;1.06;1.17;NA;NA;NA;
14;22;1.81;1.58;2.43;NA;2.68;2.04;ND;1.34;2.77;NA;NA;NA;
14;23;1.9;1.34;2.96;NA;3.26;2.58;ND;1.04;1.55;NA;NA;NA;
15;0;1.19;1.23;3.28;NA;2.81;2.13;ND;0.96;6.18;NA;NA;NA;
15;1;0.97;ND;ND;NA;ND;2.58;ND;0.95;13.38;NA;NA;NA;
15;2;0.84;1.15;1.96;NA;3.85;3.94;ND;1.01;9.67;NA;NA;NA;
15;3;0.63;0.81;2.26;NA;3.97;4.31;ND;0.83;4.13;NA;NA;NA;
15;4;0.9;0.75;3.19;NA;2.9;3.25;ND;1.23;6;NA;NA;NA;
15;5;1.54;0.66;2.94;NA;2.39;2.55;ND;0.91;1.45;NA;NA;NA;
15;6;1.93;1.1;4.23;NA;2.4;2.31;ND;1.23;3.45;NA;NA;NA;
15;7;2;1.31;5.2;NA;2.74;2.95;ND;3.98;8.29;NA;NA;NA;
15;8;3.01;1.93;6.42;NA;4.75;3.78;ND;4.37;8.41;NA;NA;NA;
15;9;3.28;2.57;8;NA;3.23;3.67;ND;4.5;18.46;NA;NA;NA;
15;10;2.66;2.2;8.14;NA;5.52;5.86;ND;7.5;ND;NA;NA;NA;
15;11;2.63;2.03;3.94;NA;5.65;4.94;ND;6.07;ND;NA;NA;NA;
15;12;2.73;1.85;3.42;NA;3.99;3.26;ND;4.64;31.85;NA;NA;NA;
15;13;3.45;1.42;4.06;NA;3.21;2.91;ND;2.39;17.58;NA;NA;NA;
15;14;2.05;1.26;2.7;NA;2.84;2.47;ND;1.78;23.24;NA;NA;NA;
15;15;1.47;1.48;ND;NA;4.7;2.37;ND;1.53;17.55;NA;NA;NA;
15;16;1.87;2;1.76;NA;3.17;1.97;ND;1.66;28.61;NA;NA;NA;
15;17;2.35;1.92;2.09;NA;2.7;2.13;ND;2.08;7.53;NA;NA;NA;
15;18;2.11;1.61;7.84;NA;4.13;4.34;ND;3.49;3.52;NA;NA;NA;
15;19;2.53;1.55;6.11;NA;6.53;8.21;ND;2.84;4.74;NA;NA;NA;
15;20;3.06;1.63;6.15;NA;4.28;5.01;ND;2.58;11.33;NA;NA;NA;
15;21;3.32;2.21;5.76;NA;3.79;4.18;ND;2.92;23.18;NA;NA;NA;
15;22;6.1;2.97;5.92;NA;4.29;5.38;ND;2.36;18.02;NA;NA;NA;
15;23;11.98;3.45;10.32;NA;9.42;7.39;ND;2.11;22.25;NA;NA;NA;
16;0;12.09;6.52;10.73;NA;11.28;7.02;ND;1.84;8.43;NA;NA;NA;
16;1;ND;6.7;3.94;NA;10.97;ND;ND;1.92;13.25;NA;NA;NA;
16;2;10.36;7.19;5.57;NA;8.09;8.59;ND;3.12;13.62;NA;NA;NA;
16;3;7.52;6;10.65;NA;8.67;14.55;ND;3.8;13.65;NA;NA;NA;
16;4;7.06;7.03;6.85;NA;8.72;8.32;ND;4.99;40.37;NA;NA;NA;
16;5;9.86;7.24;7.14;NA;8.68;8.23;ND;5.16;16.99;NA;NA;NA;
16;6;11.97;7.98;7.52;NA;6.58;7.67;ND;5.08;9.78;NA;NA;NA;
16;7;10.92;10.14;13.15;NA;5.86;11;ND;10.84;10.13;NA;NA;NA;
16;8;8.96;9.83;14.5;NA;3.06;7.07;ND;23.63;8.83;NA;NA;NA;
16;9;10.69;10.28;4.85;NA;2.86;3.2;ND;19.64;6.69;NA;NA;NA;
16;10;5.81;7.02;3;NA;2.38;2.35;ND;12.68;4.55;NA;NA;NA;
16;11;3;5.46;2.69;NA;1.23;2.21;ND;8.4;5.23;NA;NA;NA;
16;12;1.85;4.78;3.32;NA;2.85;3;ND;4.47;18.11;NA;NA;NA;
16;13;2.11;4.42;1.73;NA;2.4;2.32;ND;2.32;7.19;NA;NA;NA;
16;14;1.46;3.12;2.94;NA;2.02;2.31;ND;ND;0.43;NA;NA;NA;
16;15;1.33;2.04;3.07;NA;1.8;2.71;ND;3.09;3.33;NA;NA;NA;
16;16;0.77;1.53;1.93;NA;1;1.99;ND;2.12;2.72;NA;NA;NA;
16;17;0.75;1.28;2.46;NA;2.98;1.63;ND;2.39;1.81;NA;NA;NA;
16;18;0.98;1.15;3.8;NA;2.19;2.84;ND;1.85;3.96;NA;NA;NA;
16;19;1.74;0.65;6.45;NA;3.08;3.23;ND;1.37;5.06;NA;NA;NA;
16;20;2.05;0.64;5.93;NA;19.13;3.54;ND;1.68;5.45;NA;NA;NA;
16;21;3.04;1.03;5.98;NA;13.07;3.11;ND;1.05;7.13;NA;NA;NA;
16;22;1.56;0.73;ND;NA;4.03;2.66;ND;0.72;13.51;NA;NA;NA;
16;23;2.82;1.03;ND;NA;3.71;2.49;ND;7.55;10.39;NA;NA;NA;
17;0;1.91;1.64;12.72;NA;7.61;3.1;ND;32.56;12.81;NA;NA;NA;
17;1;2.05;ND;ND;NA;ND;2.95;ND;20.88;7.82;NA;NA;NA;
17;2;3.19;1.9;3.65;NA;3.51;2.79;ND;11.59;7.93;NA;NA;NA;
17;3;3.18;0.89;5.4;NA;7.03;3.21;ND;21.44;13.91;NA;NA;NA;
17;4;4.19;0.67;5.83;NA;16.32;4.1;ND;13.58;6.65;NA;NA;NA;
17;5;4.71;0.65;8.24;NA;21.82;4.16;ND;16.79;15.72;NA;NA;NA;
17;6;6.06;2.23;8.41;NA;19.37;8;ND;16.43;21.85;NA;NA;NA;
17;7;8.56;5.64;11.47;NA;36.4;7.88;ND;20.06;21.36;NA;NA;NA;
17;8;9.68;9.2;6;NA;12.38;4.23;ND;20.53;12.27;NA;NA;NA;
17;9;7.27;8.27;11.01;NA;3.76;3.37;ND;13.83;59.12;NA;NA;NA;
17;10;4.1;3.77;8.17;NA;5.16;4.77;ND;5.03;67.79;NA;NA;NA;
17;11;ND;3.29;ND;NA;3.41;3.86;ND;4.27;13.6;NA;NA;NA;
17;12;ND;3.09;3.19;NA;1.83;2.73;ND;2.75;13.59;NA;NA;NA;
17;13;0.54;2.11;3.51;NA;1.37;1.97;ND;3.34;3.2;NA;NA;NA;
17;14;ND;0.99;2.92;NA;1.03;1.73;ND;2.68;1.97;NA;NA;NA;
17;15;0.28;1.9;3.12;NA;1.56;1.53;ND;1.23;1.69;NA;NA;NA;
17;16;0.5;2.54;2.63;NA;1.06;1.63;ND;1.07;1.4;NA;NA;NA;
17;17;0.79;2.94;3.88;NA;4.31;1.71;ND;1.68;1.69;NA;NA;NA;
17;18;0.32;1.83;4.76;NA;3.82;2.16;ND;2.6;12.14;NA;NA;NA;
17;19;0.08;1.33;3.44;NA;5.59;2.9;ND;3.21;16.09;NA;NA;NA;
17;20;0.38;1.54;3.45;NA;5.81;2.58;ND;2.78;10.77;NA;NA;NA;
17;21;0.4;1.29;3.54;NA;6.47;2.94;ND;2.31;5.16;NA;NA;NA;
17;22;0.24;1.25;8.25;NA;5.77;3.93;ND;1.43;9.23;NA;NA;NA;
17;23;0.33;1.04;10.24;NA;6.93;7.85;ND;1.22;10.23;NA;NA;NA;
18;0;0.39;0.88;2.68;NA;9.19;6.31;ND;0.96;9.84;NA;NA;NA;
18;1;ND;ND;ND;NA;10.77;ND;ND;1.32;9.26;NA;NA;NA;
18;2;0.23;1.42;3.66;NA;10.05;3.84;ND;1.22;7.85;NA;NA;NA;
18;3;0.17;3.53;9.45;NA;16.58;6.56;ND;0.95;4.56;NA;NA;NA;
18;4;0.49;1.73;9.96;NA;16.27;8.2;ND;1.27;4.84;NA;NA;NA;
18;5;1.16;1.84;13.71;NA;13.36;7.28;ND;2.12;3.83;NA;NA;NA;
18;6;3;3.23;13.58;NA;9.64;6.65;ND;3.6;5.25;NA;NA;NA;
18;7;3.85;7.02;8.99;NA;18.16;7.6;ND;9.21;7.94;NA;NA;NA;
18;8;4.83;12.37;11.77;NA;16.1;8.07;ND;40.38;8.91;NA;NA;NA;
18;9;3.62;10.07;8.4;NA;5.35;6.54;ND;35.56;6.69;NA;NA;NA;
18;10;2.69;6.96;8.24;NA;2.89;ND;ND;12.1;4.62;NA;NA;NA;
18;11;2.7;5.07;8.29;NA;2.82;2.65;ND;7.15;2.33;NA;NA;NA;
18;12;1.02;2.38;6.53;NA;1.83;2.61;ND;4.98;2.44;NA;NA;NA;
18;13;0.67;1.7;2.52;NA;1.05;ND;ND;1.93;2.1;NA;NA;NA;
18;14;0.84;1.7;4.01;NA;1.66;1.7;ND;1.56;2.15;NA;NA;NA;
18;15;1.63;2.38;3.53;NA;2.26;2.57;ND;1.47;11.33;NA;NA;NA;
18;16;1.62;1.76;ND;NA;2.17;2;ND;1.19;3.31;NA;NA;NA;
18;17;1.23;1.64;3.82;NA;1.78;1.62;ND;1.06;19.92;NA;NA;NA;
18;18;1.33;2.23;4.01;NA;1.53;1.46;ND;1.54;10.8;NA;NA;NA;
18;19;0.73;2.22;4.42;NA;4.28;1.67;ND;3.11;2.76;NA;NA;NA;
18;20;1.12;2.7;5.01;NA;9.32;2.95;ND;3.27;3.47;NA;NA;NA;
18;21;1.54;1.54;7.31;NA;6;3.04;ND;4.33;3.58;NA;NA;NA;
18;22;0.86;1.74;4.73;NA;4.43;2.28;ND;3.23;6.9;NA;NA;NA;
18;23;0.78;1.17;6.78;NA;3.56;2.32;ND;2.28;6.65;NA;NA;NA;
19;0;1.18;1.27;3.99;NA;3.38;2.45;ND;1.93;11.3;NA;NA;NA;
19;1;1.26;2.84;ND;NA;ND;2.31;ND;1.44;15.58;NA;NA;NA;
19;2;2.24;3.47;6.95;NA;4.06;2.7;ND;0.86;7.52;NA;NA;NA;
19;3;1.42;7.42;6.93;NA;7.18;2.85;ND;0.72;11.05;NA;NA;NA;
19;4;2.34;18.29;6.36;NA;27.07;3.02;ND;0.98;4.33;NA;NA;NA;
19;5;2.99;35.26;6.92;NA;25.95;5.3;ND;0.99;6.29;NA;NA;NA;
19;6;3.79;24.58;7.46;NA;20.13;18.53;ND;1.04;14.04;NA;NA;NA;
19;7;3.51;19.95;15.1;NA;23.42;13.52;ND;1.26;7.39;NA;NA;NA;
19;8;4.62;16.52;6.36;NA;10.1;7.57;ND;0.99;9.84;NA;NA;NA;
19;9;4.33;11.12;9.26;NA;4.03;4.43;ND;0.81;26.74;NA;NA;NA;
19;10;3.58;7.08;6.68;NA;3.19;3.04;ND;0.53;55.98;NA;NA;NA;
19;11;1.97;4.24;4.14;NA;3.97;2.27;ND;0.38;12.73;NA;NA;NA;
19;12;1.13;3.44;3.63;NA;3.01;1.85;ND;0.51;3.88;NA;NA;NA;
19;13;0.93;2.3;3.2;NA;2.1;1.37;ND;0.62;1.55;NA;NA;NA;
19;14;0.66;2.14;2.05;NA;1.57;1.01;ND;0.4;12.12;NA;NA;NA;
19;15;0.35;1.42;2.85;NA;1.38;0.59;ND;0.56;18.96;NA;NA;NA;
19;16;0.53;1.52;2.49;NA;1.75;1.31;ND;2.37;ND;NA;NA;NA;
19;17;0.83;1.97;1.95;NA;1.99;0.55;ND;1.89;10.1;NA;NA;NA;
19;18;0.62;1.5;2.6;NA;2.72;0.44;ND;0.73;17.53;NA;NA;NA;
19;19;0.96;1.11;2.75;NA;3.58;0.97;ND;0.63;11.83;NA;NA;NA;
19;20;0.66;0.97;2.3;NA;1.9;0.96;ND;0.87;12.95;NA;NA;NA;
19;21;0.7;0.95;7.99;NA;7.04;1.11;ND;1.07;15.03;NA;NA;NA;
19;22;0.37;0.66;5.25;NA;8.91;3.68;ND;0.69;7.49;NA;NA;NA;
19;23;0.37;0.84;1.76;NA;8.17;3.96;ND;0.41;5.67;NA;NA;NA;
20;0;0.46;0.57;1.85;NA;1.39;1.78;ND;0.55;4.53;NA;NA;NA;
20;1;ND;ND;1.85;NA;1.05;ND;ND;0.65;11.05;NA;NA;NA;
20;2;0.43;0.53;1.28;NA;0.98;1.32;ND;0.82;5.56;NA;NA;NA;
20;3;0.22;0.38;0.95;NA;0.99;0.81;ND;0.95;4.42;NA;NA;NA;
20;4;0.13;0.17;2.37;NA;1.18;0.66;ND;0.79;3.71;NA;NA;NA;
20;5;1.28;0.54;4.56;NA;2.4;1.66;ND;0.72;2.88;NA;NA;NA;
20;6;1.14;0.74;2.71;NA;6.91;2.03;ND;0.84;1.47;NA;NA;NA;
20;7;2.61;1.4;3.36;NA;7.46;3.21;ND;0.7;14.3;NA;NA;NA;
20;8;1.66;1.01;2.78;NA;11.08;3.71;ND;0.95;21.58;NA;NA;NA;
20;9;1.56;1.97;11.56;NA;12.34;3.91;ND;0.69;20.07;NA;NA;NA;
20;10;1.25;2.05;7.75;NA;13.17;4.25;ND;0.52;42.46;NA;NA;NA;
20;11;1.16;1.61;4.67;NA;6.84;3.83;ND;0.49;ND;NA;NA;NA;
20;12;0.69;0.92;2.29;NA;3.59;1.77;ND;0.41;30.27;NA;NA;NA;
20;13;0.44;1.13;1.66;NA;12.69;1.18;ND;0.56;4.53;NA;NA;NA;
20;14;0.26;0.7;0.91;NA;3.92;1.05;ND;0.49;4.01;NA;NA;NA;
20;15;0.25;0.56;1.33;NA;1.64;1.01;ND;0.46;23.19;NA;NA;NA;
20;16;0.08;0.42;1.45;NA;1.15;0.69;ND;0.79;3.22;NA;NA;NA;
20;17;0.2;0.29;1.7;NA;0.67;0.76;ND;2.62;1.9;NA;NA;NA;
20;18;0.69;0.57;2.57;NA;0.82;0.84;ND;1.15;1.59;NA;NA;NA;
20;19;0.46;0.62;6.47;NA;0.8;1.03;ND;0.69;2;NA;NA;NA;
20;20;1.4;0.47;3.39;NA;0.95;1.42;ND;0.55;4.12;NA;NA;NA;
20;21;0.96;0.97;2.55;NA;2.04;0.88;ND;0.47;2.09;NA;NA;NA;
20;22;1.14;8.4;2.77;NA;5.47;1.19;ND;0.47;3.26;NA;NA;NA;
20;23;1.34;14.85;4.25;NA;7.24;1.43;ND;0.67;4.66;NA;NA;NA;
21;0;1.39;6.61;5.96;NA;22.12;1.31;ND;0.65;5.34;NA;NA;NA;
21;1;0.73;4.38;ND;NA;ND;1.09;ND;0.79;4.13;NA;NA;NA;
21;2;0.96;4.45;6.26;NA;8.66;2.47;ND;0.69;3.17;NA;NA;NA;
21;3;1.32;4.1;8.23;NA;5.74;4.84;ND;0.78;11.02;NA;NA;NA;
21;4;0.98;3.36;7.75;NA;11.02;4.46;ND;0.58;4.79;NA;NA;NA;
21;5;0.99;3.33;4.18;NA;8.29;3.9;ND;0.75;5.72;NA;NA;NA;
21;6;1.39;3.34;3.89;NA;7.55;4.07;ND;0.82;3.96;NA;NA;NA;
21;7;2.62;10.54;7.05;NA;11.84;5.37;ND;0.64;8.96;NA;NA;NA;
21;8;2.38;10.84;8.43;NA;13.23;5.56;ND;0.89;13.39;NA;NA;NA;
21;9;1.4;6.41;8.17;NA;4.5;3.25;ND;0.85;14.14;NA;NA;NA;
21;10;0.91;3.4;8.09;NA;5.17;5.35;ND;0.45;34.21;NA;NA;NA;
21;11;0.43;2.79;4.46;NA;4.22;3.01;ND;0.45;5.2;NA;NA;NA;
21;12;0.46;1.83;1.64;NA;0.98;2.13;ND;0.68;2.44;NA;NA;NA;
21;13;0.52;1.69;1.26;NA;0.9;1.71;ND;0.29;2.31;NA;NA;NA;
21;14;0.35;1.16;1.9;NA;1.13;1.26;ND;1.09;9.52;NA;NA;NA;
21;15;0.33;0.69;1.76;NA;0.72;1.37;ND;3.1;10;NA;NA;NA;
21;16;0.42;0.93;1.26;NA;1.31;0.99;ND;2.24;10.33;NA;NA;NA;
21;17;0.38;0.81;1.91;NA;1.54;0.74;ND;2.11;7.45;NA;NA;NA;
21;18;0.56;0.93;1.79;NA;1.64;0.61;ND;1.98;28.03;NA;NA;NA;
21;19;0.84;0.85;2.01;NA;1.02;0.41;ND;1.28;4.45;NA;NA;NA;
21;20;0.6;0.74;1.23;NA;0.85;0.45;ND;0.87;2.34;NA;NA;NA;
21;21;0.45;0.71;2.48;NA;0.64;0.16;ND;0.45;6.61;NA;NA;NA;
21;22;1.25;0.63;1.02;NA;0.54;0.28;ND;0.45;3.71;NA;NA;NA;
21;23;0.62;0.67;0.65;NA;0.44;0.15;ND;0.43;3.95;NA;NA;NA;
22;0;0.43;0.59;0.66;NA;0.75;0.03;ND;0.42;2.19;NA;NA;NA;
22;1;ND;ND;1.37;NA;0.17;ND;ND;0.42;3.97;NA;NA;NA;
22;2;0.23;0.75;0.58;NA;0.18;0.01;ND;0.59;10.21;NA;NA;NA;
22;3;0.25;0.96;0.61;NA;0.29;0.04;ND;0.48;4.15;NA;NA;NA;
22;4;0.16;1.03;0.49;NA;2.23;0;ND;0.71;1.33;NA;NA;NA;
22;5;0.1;0.9;1;NA;0.56;0.12;ND;0.83;2.25;NA;NA;NA;
22;6;0.92;1.51;1.89;NA;2.02;1.22;ND;0.65;3.21;NA;NA;NA;
22;7;2.22;1.4;3.43;NA;6.11;2.82;ND;0.72;8.52;NA;NA;NA;
22;8;2.82;2.15;3.98;NA;9.87;2.82;ND;1.07;15.71;NA;NA;NA;
22;9;3.14;4.19;4.65;NA;7.3;1.53;ND;1.31;11.73;NA;NA;NA;
22;10;2.73;3.53;3.5;NA;2.94;0.96;ND;0.78;10.01;NA;NA;NA;
22;11;2.35;2.78;5.04;NA;2.87;0.91;ND;0.46;55.84;NA;NA;NA;
22;12;1.15;1.17;ND;NA;6.38;2.41;ND;0.43;37.02;NA;NA;NA;
22;13;ND;1.09;ND;NA;ND;1.82;ND;0.49;7.01;NA;NA;NA;
22;14;0.97;1.15;ND;NA;1.81;1.44;ND;0.44;4.29;NA;NA;NA;
22;15;1.41;1.05;2.26;NA;ND;0.63;ND;0.55;2.16;NA;NA;NA;
22;16;2.42;1.01;2.24;NA;2.48;0.72;ND;1.01;5.52;NA;NA;NA;
22;17;0.84;0.69;1.31;NA;9.52;0.75;ND;2.22;9.72;NA;NA;NA;
22;18;1.65;1.21;8.73;NA;6.08;2.73;ND;2.34;3.66;NA;NA;NA;
22;19;2.86;1.88;5.53;NA;3.51;3.87;ND;5.75;6;NA;NA;NA;
22;20;2.06;1.89;4.76;NA;4.84;2.73;ND;21.03;11;NA;NA;NA;
22;21;2.23;2.23;3.46;NA;8.63;2.44;ND;3.68;5.33;NA;NA;NA;
22;22;2.47;1.64;5.14;NA;7.74;2.25;ND;1.5;24.05;NA;NA;NA;
22;23;1.48;2.43;3.7;NA;9.68;2.31;ND;1.43;15.05;NA;NA;NA;
23;0;1.71;5.44;4.13;NA;6.46;2.69;ND;1.09;16.63;NA;NA;NA;
23;1;2.55;4.71;9.08;NA;ND;2.25;ND;1.1;9.45;NA;NA;NA;
23;2;2.85;2.35;10.44;NA;3.73;2.26;ND;1.2;12.09;NA;NA;NA;
23;3;1.77;1.35;7.22;NA;2.81;2.07;ND;1.27;5.31;NA;NA;NA;
23;4;1.46;0.99;6.74;NA;3.16;2.91;ND;1.33;6.39;NA;NA;NA;
23;5;2.2;4.28;3.26;NA;13.41;3.55;ND;1.25;5.04;NA;NA;NA;
23;6;5.47;7;3.44;NA;28.89;5.71;ND;1.47;5.62;NA;NA;NA;
23;7;6.64;12.18;2.52;NA;9.48;4.72;ND;1.44;8.78;NA;NA;NA;
23;8;7.27;10.54;1.96;NA;2.76;3.06;ND;1.23;7.96;NA;NA;NA;
23;9;7.39;9.36;6.87;NA;2.07;3.3;ND;0.94;23.97;NA;NA;NA;
23;10;7.56;7.93;10.09;NA;1.87;4.11;ND;0.91;50.43;NA;NA;NA;
23;11;6.72;6.09;7.1;NA;4.08;2.96;ND;0.69;ND;NA;NA;NA;
23;12;3.05;4.15;3.5;NA;3.68;1.69;ND;0.48;ND;NA;NA;NA;
23;13;1.29;ND;3.3;NA;2.34;3.04;ND;0.57;1.87;NA;NA;NA;
23;14;ND;2.17;3.58;NA;0.82;2.88;ND;0.6;3.83;NA;NA;NA;
23;15;ND;ND;2.71;NA;1.34;2.07;ND;0.47;15.57;NA;NA;NA;
23;16;ND;ND;3.15;NA;1.15;1.9;ND;0.57;2.16;NA;NA;NA;
23;17;ND;4.2;3.75;NA;2.17;2.05;ND;0.93;2.16;NA;NA;NA;
23;18;4.25;9.01;3.71;NA;3.5;1.94;ND;2.02;1.95;NA;NA;NA;
23;19;3.88;6.47;3.25;NA;5.66;1.92;ND;1.5;3.36;NA;NA;NA;
23;20;3.3;4.54;4.09;NA;5.53;2.41;ND;1.75;3.83;NA;NA;NA;
23;21;3.38;2.73;2.15;NA;7.17;2.36;ND;1.53;2.46;NA;NA;NA;
23;22;4.76;2.23;2.88;NA;7.93;2.79;ND;1.36;12.7;NA;NA;NA;
23;23;3.28;3.41;1.28;NA;5.85;2.52;ND;1.25;4.54;NA;NA;NA;
24;0;3.03;7;0.75;NA;2.25;1.56;ND;1.26;3.43;NA;NA;NA;
24;1;ND;16.85;ND;NA;4.02;ND;ND;0.9;3.59;NA;NA;NA;
24;2;9.61;18.29;0.28;NA;6.07;1.12;ND;1.3;7.22;NA;NA;NA;
24;3;9.28;19.93;1.18;NA;5.66;2.51;ND;1.12;16.56;NA;NA;NA;
24;4;8.09;12.19;1.15;NA;2.9;1.84;ND;1.12;13.78;NA;NA;NA;
24;5;7.23;8.52;0.77;NA;4.65;2;ND;1.01;4.67;NA;NA;NA;
24;6;8.22;20.31;1.97;NA;7.76;3.56;ND;1.82;11.68;NA;NA;NA;
24;7;12.38;18.78;2.62;NA;6.6;4.03;ND;1.22;8.05;NA;NA;NA;
24;8;11.89;15.02;3.24;NA;2.99;4.13;ND;0.95;3.25;NA;NA;NA;
24;9;5.26;10.78;3.02;NA;2.44;3.44;ND;0.57;1.29;NA;NA;NA;
24;10;7.73;6.79;2.93;NA;2.27;2.47;ND;0.64;2.63;NA;NA;NA;
24;11;3.85;3.14;2.09;NA;3.75;ND;ND;0.78;3.34;NA;NA;NA;
24;12;1.67;1.7;1.52;NA;2.78;ND;ND;3.74;6.4;NA;NA;NA;
24;13;1.24;1.31;2.17;NA;2.83;1.85;ND;3.75;12.08;NA;NA;NA;
24;14;2.15;1.86;2.11;NA;4.1;2.17;ND;ND;20.85;NA;NA;NA;
24;15;2.15;4.03;1.55;NA;2.04;0.54;ND;ND;2.99;NA;NA;NA;
24;16;1.47;4.83;1.9;NA;2.3;1.19;ND;4.64;6.26;NA;NA;NA;
24;17;1.44;5.17;2.04;NA;2.57;1.27;ND;6.14;2.13;NA;NA;NA;
24;18;1.63;4.16;1.83;NA;3.63;2.91;ND;5.18;3.43;NA;NA;NA;
24;19;1.68;3.55;4.72;NA;2.11;2.45;ND;4.5;6.58;NA;NA;NA;
24;20;2.37;2.93;3.54;NA;2.14;3.9;ND;4.38;7.48;NA;NA;NA;
24;21;3.34;3.06;3.38;NA;2.24;5.25;ND;3.86;12.99;NA;NA;NA;
24;22;2.85;4.56;3.77;NA;2.98;4.48;ND;3.13;6.58;NA;NA;NA;
24;23;3.42;6.92;1.91;NA;5.82;2.6;ND;2.98;6.2;NA;NA;NA;
25;0;3.18;33.98;2.43;NA;6.65;4.42;ND;2.45;3.26;NA;NA;NA;
25;1;3.52;ND;1.49;NA;ND;ND;ND;1.92;4.64;NA;NA;NA;
25;2;3.47;12.4;7.7;NA;6.7;1.78;ND;1.74;4.42;NA;NA;NA;
25;3;2.71;11.45;1.93;NA;8.95;2.25;ND;1.87;8.94;NA;NA;NA;
25;4;3.6;9.46;9.75;NA;12.68;2.53;ND;1.97;5.36;NA;NA;NA;
25;5;3.7;9.73;10.47;NA;7.01;5.88;ND;2.09;7.8;NA;NA;NA;
25;6;4.79;15.26;8.33;NA;13.12;9.97;ND;3.37;11.99;NA;NA;NA;
25;7;12.79;12.48;13.25;NA;23.37;25.64;ND;8.69;17.53;NA;NA;NA;
25;8;8.02;8.61;9.42;NA;9.34;11.37;ND;7.02;10.14;NA;NA;NA;
25;9;9.37;5.87;12.25;NA;2.64;2.52;ND;4.57;4.2;NA;NA;NA;
25;10;8.79;7.41;8.57;NA;2.15;3.01;ND;3.1;4.1;NA;NA;NA;
25;11;4.3;3.78;5.79;NA;16.9;4.85;ND;2.51;2.11;NA;NA;NA;
25;12;2.73;2.97;5.63;NA;15.6;7.49;ND;2.91;3.92;NA;NA;NA;
25;13;1.53;3.17;3.01;NA;6.97;3.28;ND;3.69;34.86;NA;NA;NA;
25;14;1.22;2.73;1.88;NA;2.01;1.38;ND;3.03;6.36;NA;NA;NA;
25;15;0.84;2.15;1.27;NA;1.37;0.51;ND;3.14;11.41;NA;NA;NA;
25;16;0.95;1.94;1.38;NA;1.01;0.66;ND;2.79;21.51;NA;NA;NA;
25;17;0.74;1.99;2.34;NA;1.12;0.59;ND;2.42;2.3;NA;NA;NA;
25;18;1.03;1.67;4.18;NA;1.18;0.99;ND;2.64;1.77;NA;NA;NA;
25;19;0.98;1.53;4.77;NA;1.77;1.08;ND;2.57;11.23;NA;NA;NA;
25;20;1.43;1.73;2.22;NA;2.72;0.79;ND;1.94;2.76;NA;NA;NA;
25;21;2;1.74;2.41;NA;1.89;0.86;ND;1.98;2.85;NA;NA;NA;
25;22;1.41;1.07;1.97;NA;5.6;0.48;ND;2;12.81;NA;NA;NA;
25;23;2.5;1.03;1.16;NA;2.28;0.44;ND;2.09;12.43;NA;NA;NA;
26;0;1.82;0.83;1.54;NA;1.78;0.54;ND;1.98;11.3;NA;NA;NA;
26;1;ND;1.84;ND;NA;3.08;0.8;ND;1.54;2.74;NA;NA;NA;
26;2;1.32;2.26;7.19;NA;8.72;3.27;ND;1.25;5.54;NA;NA;NA;
26;3;1.09;4.19;8.65;NA;15;2.55;ND;1.67;3.5;NA;NA;NA;
26;4;1.27;2.66;3.05;NA;14.17;2.31;ND;2.04;1.65;NA;NA;NA;
26;5;3.18;3.06;6.07;NA;21.08;5.48;ND;1.9;3.98;NA;NA;NA;
26;6;4.76;8.72;6.48;NA;28.48;8.22;ND;8.11;5.67;NA;NA;NA;
26;7;5.86;12.78;10.65;NA;46.22;9.82;ND;44.34;15.46;NA;NA;NA;
26;8;10.13;7.54;7.83;NA;10.79;6.43;ND;40.57;9.05;NA;NA;NA;
26;9;6.56;7.85;8.16;NA;7.29;6.03;ND;18.76;46.43;NA;NA;NA;
26;10;3.81;7.31;14.57;NA;5.24;5.39;ND;6.28;21.28;NA;NA;NA;
26;11;2.45;4.02;8.88;NA;13.34;4.2;ND;3.97;8.5;NA;NA;NA;
26;12;1.17;2;2.37;NA;3.76;2.8;ND;4.69;11.38;NA;NA;NA;
26;13;0.84;1.4;1.77;NA;1.5;1.17;ND;2.33;4.16;NA;NA;NA;
26;14;0.87;1.35;1.88;NA;1.29;0.66;ND;2.38;2.2;NA;NA;NA;
26;15;0.66;1.17;1.77;NA;0.94;0.43;ND;2.2;1.27;NA;NA;NA;
26;16;0.59;1.13;2.08;NA;0.84;0.51;ND;2.43;2.43;NA;NA;NA;
26;17;0.59;1.12;2.3;NA;0.89;0.33;ND;2.46;9.47;NA;NA;NA;
26;18;0.66;1.27;2.47;NA;1.2;0.58;ND;2.41;14.73;NA;NA;NA;
26;19;0.8;1.16;2.42;NA;2.55;0.63;ND;2.09;27.57;NA;NA;NA;
26;20;0.93;1.4;1.6;NA;1.61;0.59;ND;1.93;8.97;NA;NA;NA;
26;21;0.76;0.85;1.14;NA;1.1;0.59;ND;1.68;4.01;NA;NA;NA;
26;22;0.73;1.02;1.25;NA;1.85;0.73;ND;1.82;2.45;NA;NA;NA;
26;23;1.1;1.15;0.97;NA;3.29;0.3;ND;1.62;2.68;NA;NA;NA;
27;0;2.11;0.92;0.64;NA;6.16;0.09;ND;1.35;2.33;NA;NA;NA;
27;1;1.66;ND;2.93;NA;ND;ND;ND;1.42;4.86;NA;NA;NA;
27;2;2.57;1.43;3.3;NA;15.52;1.11;ND;1.07;15.2;NA;NA;NA;
27;3;2.38;1.4;3.85;NA;14.36;3.01;ND;0.93;6.21;NA;NA;NA;
27;4;1.46;1.61;8.55;NA;15.8;2.21;ND;0.77;7.51;NA;NA;NA;
27;5;1.89;2.02;7.82;NA;21.4;2.64;ND;0.75;13.95;NA;NA;NA;
27;6;3.22;1.29;7.07;NA;25.62;3.23;ND;0.93;7.51;NA;NA;NA;
27;7;3.97;1.87;9.12;NA;25.94;7.39;ND;9.58;7.3;NA;NA;NA;
27;8;4.3;1.81;8.21;NA;13.68;6.89;ND;28.59;9.72;NA;NA;NA;
27;9;3.55;1.75;24.89;NA;4.85;6.15;ND;11.81;10.99;NA;NA;NA;
27;10;1.77;1.13;4.59;NA;7.4;5.34;ND;4.81;10.53;NA;NA;NA;
27;11;1.3;1;2.23;NA;4.43;2.56;ND;2.88;15.99;NA;NA;NA;
27;12;0.92;0.77;1.55;NA;2.38;1.17;ND;2.27;8.16;NA;NA;NA;
27;13;0.71;0.48;1.16;NA;1.27;0.55;ND;1.73;14.9;NA;NA;NA;
27;14;0.59;0.38;1.15;NA;0.84;0.65;ND;1.83;0.97;NA;NA;NA;
27;15;0.56;0.36;2.75;NA;0.74;0.19;ND;1.8;0.45;NA;NA;NA;
27;16;0.79;0.31;1.62;NA;0.51;0.34;ND;2.06;2.07;NA;NA;NA;
27;17;0.72;0.3;1.32;NA;0.68;0.15;ND;6.61;ND;NA;NA;NA;
27;18;1.21;1.14;0.86;NA;1.06;0.52;ND;12.93;ND;NA;NA;NA;
27;19;1.58;1.01;1.07;NA;1.07;0.91;ND;12.15;ND;NA;NA;NA;
27;20;1.66;0.94;4.67;NA;2.03;1.17;ND;6.61;ND;NA;NA;NA;
27;21;1.48;0.79;6.4;NA;2.32;1.1;ND;4.92;ND;NA;NA;NA;
27;22;1.28;2.18;2.89;NA;1.92;1.48;ND;6.97;ND;NA;NA;NA;
27;23;1.3;2.34;3.45;NA;10.72;2.81;ND;8.17;ND;NA;NA;NA;
28;0;1.64;2.24;2.73;NA;6.43;1.89;ND;23.48;ND;NA;NA;NA;
28;1;ND;1.08;ND;NA;2.04;1.25;ND;14.43;ND;NA;NA;NA;
28;2;1.22;3.12;0.74;NA;1.16;0.88;ND;12.47;ND;NA;NA;NA;
28;3;1.28;3.89;0.37;NA;1.17;0.36;ND;15.16;ND;NA;NA;NA;
28;4;1.55;2.78;3.39;NA;0.9;0.36;ND;13.62;ND;NA;NA;NA;
28;5;1.48;2.78;1.83;NA;0.94;1.27;ND;8.45;ND;NA;NA;NA;
28;6;1.86;7.14;1.51;NA;1.74;1.82;ND;5.43;ND;NA;NA;NA;
28;7;3.08;10.88;3.32;NA;2.42;2.12;ND;29.53;ND;NA;NA;NA;
28;8;3.37;7.44;3.03;NA;1.69;1.41;ND;47.97;ND;NA;NA;NA;
28;9;2.37;4.5;1.93;NA;1.25;0.81;ND;18.37;ND;NA;NA;NA;
28;10;1.71;2.8;1.52;NA;3.84;1.45;ND;8.17;ND;NA;NA;NA;
28;11;1.08;2.15;1.01;NA;2.95;0.9;ND;4.28;ND;NA;NA;NA;
28;12;0.83;1.68;1.09;NA;2.26;0.49;ND;3.06;ND;NA;NA;NA;
28;13;0.69;1.61;0.8;NA;1.23;0.47;ND;2.77;ND;NA;NA;NA;
28;14;0.76;1.49;0.7;NA;0.81;0.1;ND;2.35;ND;NA;NA;NA;
28;15;0.52;1.22;0.63;NA;0.7;0.13;ND;2.36;ND;NA;NA;NA;
28;16;0.59;1;0.77;NA;1.16;0.1;ND;2.55;ND;NA;NA;NA;
28;17;0.52;0.87;1.03;NA;2.5;0.4;ND;2.71;ND;NA;NA;NA;
28;18;0.69;0.76;1.09;NA;2.23;0.75;ND;2.31;ND;NA;NA;NA;
28;19;1.09;0.79;1.43;NA;1.3;1.56;ND;2.52;ND;NA;NA;NA;
28;20;1.11;0.6;5.31;NA;1.23;1.08;ND;2.02;ND;NA;NA;NA;
28;21;1.06;1.4;4.19;NA;1.42;1.18;ND;1.6;ND;NA;NA;NA;
28;22;0.88;1.42;2.58;NA;1.24;1.42;ND;1.57;ND;NA;NA;NA;
28;23;0.66;0.74;2.05;NA;3.42;1.64;ND;1.34;ND;NA;NA;NA;
29;0;0.68;1.42;2.54;NA;2.15;1.37;ND;9.13;ND;NA;NA;NA;
29;1;0.96;ND;3.33;NA;ND;ND;ND;4.76;ND;NA;NA;NA;
29;2;1.01;3.94;3.45;NA;9.4;1.05;ND;6.04;ND;NA;NA;NA;
29;3;0.81;2.08;7.87;NA;13.73;0.86;ND;13.23;ND;NA;NA;NA;
29;4;1.1;1.67;5.27;NA;21.59;1.8;ND;5.08;ND;NA;NA;NA;
29;5;1.81;3.88;3.95;NA;11.46;7.29;ND;4.42;ND;NA;NA;NA;
29;6;2.78;9.44;7.07;NA;26.85;7.93;ND;8.24;ND;NA;NA;NA;
29;7;4.03;16.7;7.55;NA;9.82;8.99;ND;23.19;ND;NA;NA;NA;
29;8;5.95;10.78;6.35;NA;9.29;6.45;ND;36.92;ND;NA;NA;NA;
29;9;8.61;11.02;12.87;NA;8.38;5.04;ND;7.1;ND;NA;NA;NA;
29;10;17.9;14.26;16.66;NA;14.05;7.44;ND;6.82;ND;NA;NA;NA;
29;11;12.68;10.91;10.21;NA;9.5;9.31;ND;11.8;ND;NA;NA;NA;
29;12;8.84;7.87;4.49;NA;5.52;4.21;ND;9.53;ND;NA;NA;NA;
29;13;3.17;5.05;5.09;NA;3.91;3.85;ND;6.92;ND;NA;NA;NA;
29;14;1.56;3.98;2.4;NA;1.91;2.8;ND;4.72;ND;NA;NA;NA;
29;15;0.71;2.17;1.48;NA;1.19;1.4;ND;2.86;ND;NA;NA;NA;
29;16;1.33;2.24;1.6;NA;1.38;1.27;ND;1.57;ND;NA;NA;NA;
29;17;1.58;1.55;2.32;NA;1.62;1.76;ND;1.26;ND;NA;NA;NA;
29;18;1.98;1.41;2.52;NA;3.13;1.77;ND;1.04;ND;NA;NA;NA;
29;19;1.88;1.98;2.83;NA;15.99;2;ND;0.76;ND;NA;NA;NA;
29;20;2.25;2.01;11.88;NA;5.46;2.51;ND;0.83;ND;NA;NA;NA;
29;21;1.69;2.64;3.31;NA;3.69;1.88;ND;0.92;ND;NA;NA;NA;
29;22;2.05;6;5.95;NA;4.6;2.29;ND;1.06;ND;NA;NA;NA;
29;23;2.32;4.46;2.96;NA;8.54;2.69;ND;0.94;ND;NA;NA;NA;
30;0;3.84;4.26;2.02;NA;7.83;3.1;ND;0.9;ND;NA;NA;NA;
30;1;ND;5.94;ND;NA;4.13;3.59;ND;1.15;ND;NA;NA;NA;
30;2;3.31;10.11;0.75;NA;3.4;2.72;ND;0.96;ND;NA;NA;NA;
30;3;2.32;3.88;0.42;NA;3.65;1.6;ND;0.83;ND;NA;NA;NA;
30;4;1.87;3.67;0.5;NA;3.4;2.63;ND;0.96;ND;NA;NA;NA;
30;5;1.81;3.72;0.24;NA;4.51;1.49;ND;1.35;ND;NA;NA;NA;
30;6;2.5;5.66;0.74;NA;6.48;1.62;ND;1.55;ND;NA;NA;NA;
30;7;7.66;5.72;3.75;NA;7.46;3.05;ND;1.26;ND;NA;NA;NA;
30;8;10.11;14.63;6.88;NA;11.54;6.35;ND;1.47;ND;NA;NA;NA;
30;9;9.39;6.6;3.49;NA;9.89;5;ND;0.95;ND;NA;NA;NA;
30;10;6.23;11.77;1.9;NA;6.78;2.85;ND;0.8;ND;NA;NA;NA;
30;11;2.4;9.43;1.53;NA;1.91;1.18;ND;0.73;ND;NA;NA;NA;
30;12;2.32;2.38;2.19;NA;3.41;1.03;ND;0.85;ND;NA;NA;NA;
30;13;1.79;1.79;1.7;NA;3.67;0.95;ND;1.72;ND;NA;NA;NA;
30;14;1.67;2.37;1.02;NA;2.43;0.89;ND;2.29;0.33;NA;NA;NA;
30;15;1.24;2.5;1.58;NA;2.63;0.6;ND;3.22;1.96;NA;NA;NA;
30;16;1;2.18;1.78;NA;2.53;0.88;ND;4.59;2.05;NA;NA;NA;
30;17;0.71;2.3;3.21;NA;2.25;0.93;ND;3.42;8.41;NA;NA;NA;
30;18;1.27;2.26;3.54;NA;3.04;0.84;ND;2.89;5.28;NA;NA;NA;
30;19;1.72;2.17;4.1;NA;2.33;0.55;ND;2.19;31.19;NA;NA;NA;
30;20;2;1.79;3.64;NA;5.24;0.74;ND;1.93;14.57;NA;NA;NA;
30;21;1.98;1.5;3.1;NA;4.26;1.24;ND;1.87;20.08;NA;NA;NA;
30;22;1.86;1.44;1.86;NA;2.32;1.03;ND;1.61;15.07;NA;NA;NA;
30;23;2;1.42;2.17;NA;4.4;1.18;ND;1.22;8.87;NA;NA;NA;
