DIA;HORA;Cotocollao;Carapungo;Belisario;Jipijapa;El Camal;Centro;Guamaní;Tumbaco;Los Chillos;El Condado;Turubamba;Chillogallo;
1;0;2.78;8.32;1.32;NA;10.19;3.37;1.36;ND;3.97;NA;NA;NA;
1;1;ND;ND;1.04;NA;ND;ND;1.12;ND;4.68;NA;NA;NA;
1;2;3.49;6.16;1.23;NA;5.92;2.01;1.11;ND;5.83;NA;NA;NA;
1;3;3.67;10.19;2.27;NA;2.11;3.07;1.38;ND;4.02;NA;NA;NA;
1;4;5.14;9.67;2.23;NA;4;3.47;1.3;ND;3.07;NA;NA;NA;
1;5;5.9;8.69;1.79;NA;5.35;3.24;1.06;ND;3.23;NA;NA;NA;
1;6;8.39;11.44;2.15;NA;6.13;3.04;1.32;ND;5.12;NA;NA;NA;
1;7;4.62;5.92;1.84;NA;7.33;3.22;1.76;ND;7.37;NA;NA;NA;
1;8;2.22;7.42;2.51;NA;3.04;4.62;1.82;ND;3.07;NA;NA;NA;
1;9;2.47;4.56;3.44;NA;3.23;2.81;1.45;ND;0.86;NA;NA;NA;
1;10;2.32;3.49;2.88;NA;1.15;1.3;1.97;ND;1.24;NA;NA;NA;
1;11;1.48;2.87;2.11;NA;2.33;3.04;2.55;ND;1.1;NA;NA;NA;
1;12;1.78;2.56;1.95;NA;2.04;2.22;2.33;ND;0.74;NA;NA;NA;
1;13;3.39;3.31;2.05;NA;2.36;1.27;1.77;ND;0.59;NA;NA;NA;
1;14;2.67;3.67;2.33;NA;2.5;1.48;2.33;ND;0.54;NA;NA;NA;
1;15;2.27;3.38;2.16;NA;4.41;1.36;1.47;ND;0.97;NA;NA;NA;
1;16;1.98;2.55;2.51;NA;8.53;1.57;2.02;ND;0.97;NA;NA;NA;
1;17;2.75;2.34;2.22;NA;5.72;1.18;2.12;ND;1.01;NA;NA;NA;
1;18;3.84;2.92;2.8;NA;4.86;0.91;2;ND;1.2;NA;NA;NA;
1;19;3.46;2.72;3.06;NA;10.93;1.39;2.47;ND;1.69;NA;NA;NA;
1;20;5.71;3.03;2.75;NA;2.83;1.99;1.6;ND;1.28;NA;NA;NA;
1;21;5.15;3.8;3.52;NA;4.52;5.52;1.92;ND;3.66;NA;NA;NA;
1;22;5.19;3.92;2.35;NA;2.05;3.23;1.35;ND;2.5;NA;NA;NA;
1;23;4.29;2.74;1.69;NA;3.45;2.77;1.58;ND;1.84;NA;NA;NA;
2;0;3.52;3.1;1.9;NA;4.74;3.05;1.21;ND;2.92;NA;NA;NA;
2;1;2.87;4.28;ND;NA;ND;3.46;ND;ND;ND;NA;NA;NA;
2;2;2.64;5.45;1.9;NA;0.96;3.08;1.81;ND;6.67;NA;NA;NA;
2;3;2.91;8.7;2.07;NA;1.8;3.27;2;ND;4.3;NA;NA;NA;
2;4;3.68;6.48;1.67;NA;1.27;2.87;1.89;ND;5.47;NA;NA;NA;
2;5;3.64;9;1.7;NA;2.61;2.79;1.96;ND;6.26;NA;NA;NA;
2;6;4.54;5.11;2.13;NA;1.41;3.45;2.16;ND;5.92;NA;NA;NA;
2;7;4.36;4.08;2.34;NA;2.32;4.6;1.77;ND;5.84;NA;NA;NA;
2;8;2.42;5.55;2.19;NA;2.3;3.37;1.59;ND;2.49;NA;NA;NA;
2;9;2.06;6.45;2.15;NA;3.48;2.2;1.84;ND;0.95;NA;NA;NA;
2;10;1.88;3.87;2.43;NA;3.23;2.19;1.63;ND;0.95;NA;NA;NA;
2;11;2;3.04;2.5;NA;1.02;1.33;1.52;ND;1;NA;NA;NA;
2;12;1.11;2.5;2.57;NA;1.06;1.09;1.5;ND;0.9;NA;NA;NA;
2;13;1.63;2.15;1.62;NA;1.93;0.88;1.64;ND;0.91;NA;NA;NA;
2;14;1.19;2.06;1.54;NA;1.26;1.08;1.29;ND;0.53;NA;NA;NA;
2;15;1.12;1.89;1.69;NA;1.4;1.06;2.58;ND;0.84;NA;NA;NA;
2;16;1.05;1.91;1.74;NA;1.27;1.19;2.11;ND;0.91;NA;NA;NA;
2;17;1.18;2.5;1.94;NA;0.67;1.26;1.87;ND;0.78;NA;NA;NA;
2;18;2.03;2.22;2.12;NA;1.37;1.12;1.82;ND;0.71;NA;NA;NA;
2;19;1.86;2.55;3.43;NA;1.86;2.14;1.27;ND;1.72;NA;NA;NA;
2;20;1.84;2.55;2.61;NA;2.99;2.5;1.17;ND;4.07;NA;NA;NA;
2;21;2.89;2.51;2.25;NA;0.92;1.77;1.17;ND;2.87;NA;NA;NA;
2;22;1.92;2.99;2.47;NA;0.98;3;1.02;ND;1.96;NA;NA;NA;
2;23;1.61;4.14;1.92;NA;1.77;3.68;1.08;ND;1.68;NA;NA;NA;
3;0;1.49;3.61;1.8;NA;2.51;3.09;0.84;ND;1.04;NA;NA;NA;
3;1;ND;ND;1.15;NA;3.8;ND;0.76;ND;2.19;NA;NA;NA;
3;2;1.02;7.36;0.87;NA;0.76;2.34;0.85;ND;3.66;NA;NA;NA;
3;3;0.94;6.19;0.82;NA;1.91;2.31;0.68;ND;6.6;NA;NA;NA;
3;4;1.9;8.11;0.95;NA;1.43;2.1;0.84;ND;7.4;NA;NA;NA;
3;5;1.48;9.08;0.92;NA;4.54;1.88;0.95;ND;4.42;NA;NA;NA;
3;6;4.77;7.78;1.41;NA;5.03;1.81;0.97;ND;3.93;NA;NA;NA;
3;7;1.51;5.03;2.84;NA;6.42;3.76;1.15;ND;7.91;NA;NA;NA;
3;8;1.97;7.98;3.34;NA;1.21;4.14;1.09;ND;1.95;NA;NA;NA;
3;9;2.88;12.8;3.96;NA;3.44;2.22;1.24;ND;0.86;NA;NA;NA;
3;10;2.04;3.08;3.31;NA;2.43;1.59;1.5;ND;1.05;NA;NA;NA;
3;11;1.43;2.04;2.21;NA;1.86;2.16;1.79;ND;1.86;NA;NA;NA;
3;12;1.09;2.27;1.57;NA;1.28;2.78;0.89;ND;0.61;NA;NA;NA;
3;13;1.04;1.71;1.65;NA;1.28;1.11;0.93;ND;0.73;NA;NA;NA;
3;14;1.06;1.92;1.13;NA;1.19;1.39;1;ND;0.62;NA;NA;NA;
3;15;0.88;2.24;1.03;NA;1.6;0.54;1.76;ND;0.63;NA;NA;NA;
3;16;0.96;2.12;1.25;NA;1.66;0.62;3.3;ND;0.74;NA;NA;NA;
3;17;1.03;2.56;1.26;NA;1.48;0.44;1.31;ND;0.8;NA;NA;NA;
3;18;1.06;2.85;1.15;NA;3.36;0.77;1.13;ND;1.19;NA;NA;NA;
3;19;2.57;2.67;1.55;NA;5.57;1.44;1.31;ND;1.48;NA;NA;NA;
3;20;3.03;3.18;2.6;NA;3.94;1.44;1.28;ND;2.09;NA;NA;NA;
3;21;3.39;4.29;5.27;NA;4.67;1.69;1.77;ND;4.27;NA;NA;NA;
3;22;3.89;3.6;5.56;NA;4.6;3.03;1.15;ND;8.89;NA;NA;NA;
3;23;2.7;3.37;3.45;NA;6.69;3.99;0.92;ND;2.57;NA;NA;NA;
4;0;2.91;4.42;1.21;NA;8.99;1.45;0.92;ND;3.39;NA;NA;NA;
4;1;3.48;4.78;ND;NA;ND;2.85;ND;ND;ND;NA;NA;NA;
4;2;2.98;5.09;3.74;NA;7.76;5.77;0.86;ND;4.51;NA;NA;NA;
4;3;2.72;3.59;10.85;NA;7.2;6.44;1.17;ND;11.4;NA;NA;NA;
4;4;3.01;3.63;8.45;NA;6.62;6.62;0.97;ND;10.05;NA;NA;NA;
4;5;4.32;9.5;8.67;NA;9.38;5.24;1.06;ND;11.59;NA;NA;NA;
4;6;7.3;11.1;9.44;NA;13.5;5.51;1.29;ND;9.62;NA;NA;NA;
4;7;9.32;12.68;8.93;NA;13.26;6.36;1.22;ND;10.76;NA;NA;NA;
4;8;8.53;10.85;5.96;NA;5.51;3.15;1.25;ND;10.73;NA;NA;NA;
4;9;3.28;5.22;2.79;NA;1.72;1.45;1.61;ND;16.09;NA;NA;NA;
4;10;2.72;3.1;2.76;NA;3.04;2.58;1.65;ND;7.08;NA;NA;NA;
4;11;2.42;2.36;2.32;NA;1.94;1.34;1.88;ND;0.93;NA;NA;NA;
4;12;1.5;2.05;1.93;NA;1.61;0.7;1.39;ND;0.86;NA;NA;NA;
4;13;1.68;ND;2.07;NA;1.2;0.64;1.13;ND;0.82;NA;NA;NA;
4;14;2.41;ND;1.95;NA;2.67;0.86;1.37;ND;0.72;NA;NA;NA;
4;15;2.47;0.17;2.01;NA;1.65;0.83;1.36;0.98;1.05;NA;NA;NA;
4;16;2.71;0.46;2.69;NA;1.94;1.04;2.12;1.34;1.13;NA;NA;NA;
4;17;3.06;0.73;2.5;NA;2.39;0.78;2.17;1.06;0.97;NA;NA;NA;
4;18;4.06;3.18;2.24;NA;2.73;1.21;1.81;1.53;0.99;NA;NA;NA;
4;19;5.89;1.69;2.69;NA;3.36;1.81;3.22;1.94;1.11;NA;NA;NA;
4;20;6.12;1.57;16.29;NA;3.95;1.79;4.11;3.16;7.13;NA;NA;NA;
4;21;5.51;1.58;19.68;NA;4.97;5.17;7.77;4.21;21.16;NA;NA;NA;
4;22;9.16;3.84;23.28;NA;10.05;8.22;4.9;3.96;14.28;NA;NA;NA;
4;23;13.65;8.83;23.6;NA;14.98;6.3;4.28;3.96;8.96;NA;NA;NA;
5;0;15.44;6.59;21.98;NA;17.75;6.5;3.95;4.56;9.41;NA;NA;NA;
5;1;ND;ND;14.72;NA;14.66;ND;3.69;7.14;14.49;NA;NA;NA;
5;2;7.42;2.34;17.26;NA;40.57;16.81;5.66;7.88;11.96;NA;NA;NA;
5;3;5.96;1.99;19.2;NA;13.87;10.32;8.66;6.92;5.54;NA;NA;NA;
5;4;6.82;1.7;14.89;NA;11.66;8.96;6.25;7.08;9.43;NA;NA;NA;
5;5;6.91;1.64;20.15;NA;15.76;9.5;4.42;8.99;8.32;NA;NA;NA;
5;6;7.53;5.68;18.97;NA;31.84;20.1;4.89;5.58;7.39;NA;NA;NA;
5;7;11.39;4.54;8.03;NA;32.01;22.34;5.91;15.78;11.39;NA;NA;NA;
5;8;9.17;2.87;10.45;NA;20.55;8.08;4.48;28.73;20.24;NA;NA;NA;
5;9;5.37;2.65;4.38;NA;2.84;2.46;4.43;12.26;25.68;NA;NA;NA;
5;10;3.9;1.75;3.6;NA;4.79;2.31;4.29;4.68;9;NA;NA;NA;
5;11;2.8;1.52;3.44;NA;5.19;1.57;2.7;2.28;ND;NA;NA;NA;
5;12;2.39;1.22;3.1;NA;2.11;1.62;1.78;2.02;ND;NA;NA;NA;
5;13;1.74;0.56;3.69;NA;2.82;1.78;1.9;1.34;1.28;NA;NA;NA;
5;14;1.52;0.42;2.75;NA;ND;1.6;1.52;1.07;1.37;NA;NA;NA;
5;15;1.53;0.55;2.09;NA;ND;1.39;1.93;1.1;7.01;NA;NA;NA;
5;16;1.86;0.76;2.88;NA;2.48;2.13;2.05;1.37;11.52;NA;NA;NA;
5;17;1.89;0.41;3.17;NA;2.93;2.43;1.96;1.42;14.76;NA;NA;NA;
5;18;2.31;0.84;3.19;NA;5.11;2.05;2.42;1.12;6.13;NA;NA;NA;
5;19;2.92;1.05;4.04;NA;3.97;3.5;2.1;1.39;3.89;NA;NA;NA;
5;20;2.97;1.06;4.17;NA;7.02;3.78;2.4;1.17;3.54;NA;NA;NA;
5;21;2.65;0.8;7.58;NA;8.01;4.74;2.35;0.98;3.22;NA;NA;NA;
5;22;2.73;0.1;7.78;NA;11.94;4.42;2.27;0.94;2.92;NA;NA;NA;
5;23;2.45;0.3;5.29;NA;13.86;4.95;2.81;0.67;2.75;NA;NA;NA;
6;0;1.9;1.63;3.02;NA;5.85;4.27;4.11;ND;2.91;NA;NA;NA;
6;1;1.17;1.6;ND;NA;ND;2.49;ND;0.47;1.88;NA;NA;NA;
6;2;1.46;2.54;3.13;NA;2.14;2.26;4;0.7;3.99;NA;NA;NA;
6;3;2.34;3.84;3.68;NA;1.38;2.08;2.89;0.6;8.3;NA;NA;NA;
6;4;3.32;1.07;7.09;NA;11.26;2.46;2.65;2.11;6.8;NA;NA;NA;
6;5;4.08;1.02;5.13;NA;22.17;3.78;3.29;1.52;6.17;NA;NA;NA;
6;6;5.05;1.95;4.78;NA;31.84;5.87;3.99;1.23;6.57;NA;NA;NA;
6;7;5.66;4.54;6.48;NA;14.2;7.9;5.27;2.22;19.53;NA;NA;NA;
6;8;8.1;5.93;14.41;NA;22.81;9.68;3.38;5.15;24.97;NA;NA;NA;
6;9;9.91;7.33;13.61;NA;15.38;5.56;2.03;5.04;21.38;NA;NA;NA;
6;10;8.49;5.59;13.6;NA;7.33;7.17;2.19;4.73;18.3;NA;NA;NA;
6;11;4.3;2.58;6.47;NA;2.71;6.23;1.98;4.58;5.89;NA;NA;NA;
6;12;2.71;1.75;4.65;NA;2.6;2.96;1.55;1.71;3.23;NA;NA;NA;
6;13;2.1;1.51;3.71;NA;2.88;2.36;2.13;1.02;1.85;NA;NA;NA;
6;14;1.63;1.07;2.49;NA;5.21;1.75;1.87;1;1.23;NA;NA;NA;
6;15;1.49;0.54;3;NA;3.33;2.37;2.29;1.27;1.16;NA;NA;NA;
6;16;1.36;0.76;2.74;NA;4.38;2.02;3.32;1.32;1.38;NA;NA;NA;
6;17;1.36;0.28;2.33;NA;3.46;2.4;3.79;0.85;2.28;NA;NA;NA;
6;18;2.03;0.81;3.76;NA;4.23;3.04;3.45;0.83;18.86;NA;NA;NA;
6;19;3.12;1.17;3.25;NA;7.58;3.75;2.6;1.4;14.58;NA;NA;NA;
6;20;3.12;1.49;3.64;NA;9.67;3.43;1.9;1.06;28.21;NA;NA;NA;
6;21;2.74;0.91;7.18;NA;7.2;3.87;2.83;0.79;4.34;NA;NA;NA;
6;22;4.09;0.62;6.71;NA;7.77;3.8;3.45;0.9;6.01;NA;NA;NA;
6;23;4.41;1.44;10.66;NA;8.55;4.69;2.52;1.5;8.68;NA;NA;NA;
7;0;1.85;0.32;15.26;NA;32.24;4.45;2.66;4.44;7.76;NA;NA;NA;
7;1;ND;ND;11.93;NA;ND;ND;ND;6.9;ND;NA;NA;NA;
7;2;2.81;4;11.17;NA;71.17;9.1;1.81;6.79;12.39;NA;NA;NA;
7;3;3.35;2.77;11.24;NA;51.05;9.31;1.34;8.48;5.51;NA;NA;NA;
7;4;3.3;1.82;13.71;NA;28.08;10.41;1.41;5.59;5.34;NA;NA;NA;
7;5;4.97;3.33;11.06;NA;21.93;8.88;1.74;4.37;7.86;NA;NA;NA;
7;6;8.75;3.71;12.96;NA;25.38;11.44;2.37;4.83;4.39;NA;NA;NA;
7;7;10.15;3.6;15.65;NA;25.61;16.24;4.42;6.11;20.55;NA;NA;NA;
7;8;13.81;3.5;14.06;NA;28.4;11.38;1.43;6.43;32.96;NA;NA;NA;
7;9;6.31;1.6;3.86;NA;7.3;2.87;1.83;6.38;8.18;NA;NA;NA;
7;10;2.35;2.16;3.05;NA;0.68;2.2;1.76;3.82;1.85;NA;NA;NA;
7;11;2.15;1.71;4.04;NA;1.45;5.14;1.71;1.51;1.87;NA;NA;NA;
7;12;1.87;2.14;2.21;NA;3.75;2.91;1.6;0.72;1.6;NA;NA;NA;
7;13;3;1.58;1.88;NA;2;1.02;1.35;0.84;0.92;NA;NA;NA;
7;14;1.92;1.03;2.32;NA;1.51;1.04;ND;0.9;0.96;NA;NA;NA;
7;15;1.76;0.81;3.28;NA;3.2;1.88;ND;1.01;1.07;NA;NA;NA;
7;16;1.4;1.08;3.8;NA;3.5;2.18;0.87;0.99;1.05;NA;NA;NA;
7;17;1.49;1.92;3.76;NA;3.54;2.15;1.55;1.95;1.66;NA;NA;NA;
7;18;1.88;1.12;4.14;NA;3.32;2.99;3.38;1.89;2.38;NA;NA;NA;
7;19;2.12;0.67;4.26;NA;4.48;3.52;1.75;1.22;32.03;NA;NA;NA;
7;20;2.89;0.78;5.23;NA;3.32;3.44;1.61;1.28;6.73;NA;NA;NA;
7;21;2.97;1.29;10.39;NA;5.92;4.02;0.92;1.12;4.28;NA;NA;NA;
7;22;3.51;1.19;5.84;NA;9.67;3.67;0.82;0.58;27.4;NA;NA;NA;
7;23;4.19;1.86;5.61;NA;8.79;7.12;1.52;0.64;28.03;NA;NA;NA;
8;0;3.43;1.06;9;NA;7.89;7.86;1.67;ND;9.77;NA;NA;NA;
8;1;3.05;1.01;ND;NA;ND;7.21;ND;0.48;7.52;NA;NA;NA;
8;2;3.5;1.8;7.49;NA;12.27;7.13;1.03;0.73;4.2;NA;NA;NA;
8;3;3.44;1.37;7.94;NA;7.79;5.86;1.47;0.63;4.13;NA;NA;NA;
8;4;3.34;2.21;6.88;NA;7.05;5.81;0.41;0.53;5.34;NA;NA;NA;
8;5;3.94;5.58;7.88;NA;9.69;5.62;0.39;0.95;7.78;NA;NA;NA;
8;6;8.14;5.89;7.38;NA;13.13;7.18;0.2;1.92;9.74;NA;NA;NA;
8;7;10.89;6.82;4.18;NA;16.84;6.19;0.71;3.8;11.11;NA;NA;NA;
8;8;3.02;3.64;3;NA;5.08;1.9;0.91;4.66;10.21;NA;NA;NA;
8;9;2.2;2.18;2.48;NA;0.52;1.73;0.74;4.02;2.08;NA;NA;NA;
8;10;1.66;ND;1.8;NA;5.05;2.7;0.86;ND;1.06;NA;NA;NA;
8;11;1.49;ND;2.14;NA;1.14;2.33;0.24;ND;0.95;NA;NA;NA;
8;12;1.41;1.81;1.97;NA;3.14;1.68;0.24;0.87;0.85;NA;NA;NA;
8;13;1.34;1.26;2.13;NA;1.82;1.21;0.17;0.9;0.77;NA;NA;NA;
8;14;1.41;1.43;1.85;NA;2.16;2.19;0.32;0.67;0.72;NA;NA;NA;
8;15;1.58;2.72;1.82;NA;2.9;3.92;0.3;0.77;0.67;NA;NA;NA;
8;16;1.74;1.86;1.99;NA;3.6;1.19;0.33;0.94;0.8;NA;NA;NA;
8;17;1.82;1.48;2.86;NA;3.75;1.29;1.92;1.26;0.91;NA;NA;NA;
8;18;1.85;1.78;4.82;NA;4.14;1.68;1.02;0.9;1.11;NA;NA;NA;
8;19;3.74;1.91;3.84;NA;2.36;1.72;1.05;0.84;1.69;NA;NA;NA;
8;20;5.14;2.25;4.45;NA;1.58;1.99;0.45;2.85;7.73;NA;NA;NA;
8;21;3.37;1.96;5;NA;1.81;3.65;0.44;2.1;6.38;NA;NA;NA;
8;22;4.34;2.3;5.25;NA;6.83;4.48;0.42;1.15;8.26;NA;NA;NA;
8;23;2.98;2.48;2.38;NA;5.88;4.57;0.23;0.69;6.16;NA;NA;NA;
9;0;3.09;2.07;2.66;NA;1.9;4.16;0.17;0.5;4.74;NA;NA;NA;
9;1;ND;ND;2.2;NA;ND;ND;0.27;0.6;ND;NA;NA;NA;
9;2;2.46;1.75;6.47;NA;5.59;3.08;0.41;0.34;2.2;NA;NA;NA;
9;3;1.87;1.43;7.62;NA;5.88;4.5;0.53;1;2.75;NA;NA;NA;
9;4;2.42;1.71;3.1;NA;5.66;3.53;0.27;0.88;4.71;NA;NA;NA;
9;5;3.12;1.45;2.36;NA;1.54;2.44;0.09;1.06;5.29;NA;NA;NA;
9;6;4.94;2.79;2.35;NA;9.3;1.79;0.38;2.29;6.1;NA;NA;NA;
9;7;5.08;4.51;3.24;NA;8.48;2.79;0.48;2.58;8.16;NA;NA;NA;
9;8;3.56;2.47;2.47;NA;0.53;1.86;0.24;4.12;7.28;NA;NA;NA;
9;9;1.96;2.5;15.25;NA;0.24;1.56;0.31;2.47;6.42;NA;NA;NA;
9;10;1.6;1.59;3.26;NA;0.97;1.66;0.53;1.17;12.38;NA;NA;NA;
9;11;1.22;1.36;1.57;NA;0.57;0.93;0.71;0.72;4.97;NA;NA;NA;
9;12;1.62;1.49;1.67;NA;2.79;1.19;1.42;0.41;2.56;NA;NA;NA;
9;13;2.62;1.2;1.55;NA;1.58;0.92;1.47;0.45;2.07;NA;NA;NA;
9;14;2.27;1.75;1.45;NA;1.71;1.55;0.21;0.55;1.65;NA;NA;NA;
9;15;1.43;1.58;2;NA;1.84;1.48;0.86;0.44;9.79;NA;NA;NA;
9;16;1.06;1.26;1.36;NA;0.96;1.4;0.81;0.6;8.85;NA;NA;NA;
9;17;1.26;2.36;1.33;NA;1.18;1.29;0.51;0.97;2.54;NA;NA;NA;
9;18;1.99;2.57;1.64;NA;1.01;1.51;1.23;1.42;2.54;NA;NA;NA;
9;19;2.69;3.28;2.99;NA;1.45;2.06;1.1;1.36;2.7;NA;NA;NA;
9;20;3.62;4.64;2.69;NA;4.06;2.78;0.16;2.95;10.83;NA;NA;NA;
9;21;3.1;3.19;2.25;NA;4.02;3.3;0.28;2.99;7.22;NA;NA;NA;
9;22;3.73;3.31;2.53;NA;8.61;4.75;0.13;2.63;3.99;NA;NA;NA;
9;23;3.65;3.02;5.49;NA;4.61;3.5;0.31;2.24;4.24;NA;NA;NA;
10;0;2.95;3.01;3.85;NA;4.78;2.61;0.2;ND;5.51;NA;NA;NA;
10;1;3.1;2.69;ND;NA;5.48;1.99;ND;1.85;6.93;NA;NA;NA;
10;2;4.21;2.47;3.14;NA;5.4;2.13;0.07;1.42;6.37;NA;NA;NA;
10;3;3.42;2.82;3.17;NA;12.19;1.73;1.1;1.97;5.2;NA;NA;NA;
10;4;3.3;3.65;1.66;NA;44.35;2.3;1.94;1.56;4.56;NA;NA;NA;
10;5;3.46;3.72;3.04;NA;19.63;4.82;0.97;1.66;11.31;NA;NA;NA;
10;6;4.18;4.75;6.22;NA;41.13;10.37;1.16;2.13;7.19;NA;NA;NA;
10;7;6.78;8.91;8.1;NA;27.86;11.85;0.24;2.89;10.19;NA;NA;NA;
10;8;7.22;11.25;8.61;NA;10.18;8.09;0.24;3.18;8.19;NA;NA;NA;
10;9;10.83;8.72;8.85;NA;5.76;8.29;0.35;3.43;9.4;NA;NA;NA;
10;10;5.96;7.81;5.47;NA;4.19;3.85;0.28;5.85;6.85;NA;NA;NA;
10;11;5.65;5.89;1.99;NA;1.25;1.37;0.45;3.63;3.4;NA;NA;NA;
10;12;4.43;3.38;1.59;NA;0.38;1.09;0.31;1.87;2.16;NA;NA;NA;
10;13;3.26;3.32;1.98;NA;0.19;0.91;0.71;0.96;1.19;NA;NA;NA;
10;14;1.92;3.3;3.17;NA;0.06;1.43;0.18;2.43;1.41;NA;NA;NA;
10;15;2.41;2.17;4.19;NA;1.47;2.39;0.22;3.74;3.94;NA;NA;NA;
10;16;2.44;1.4;5.1;NA;1.41;2.55;0.61;1.19;3.58;NA;NA;NA;
10;17;1.82;1.32;3.67;NA;1.44;3.67;0.54;0.77;2.36;NA;NA;NA;
10;18;1.52;1.42;2.68;NA;1.26;2.34;0.85;0.49;6.11;NA;NA;NA;
10;19;1.83;1.31;2.9;NA;7.65;2.25;1.3;0.76;2.39;NA;NA;NA;
10;20;2.57;1.02;3.29;NA;3.48;1.77;2.18;0.38;1.88;NA;NA;NA;
10;21;2.47;0.77;2.04;NA;1.77;1.45;0.82;0.32;3.15;NA;NA;NA;
10;22;1.5;0.7;1.69;NA;1.41;1.41;0.66;0.35;6.07;NA;NA;NA;
10;23;1.51;0.58;2.23;NA;0.31;1.22;0.3;0.47;1.57;NA;NA;NA;
11;0;1.9;0.58;1.81;NA;0.35;1.49;0.29;0.27;1.77;NA;NA;NA;
11;1;ND;ND;1.87;NA;ND;ND;0.71;0.28;ND;NA;NA;NA;
11;2;2.14;1.76;6.21;NA;1.86;2.43;0.54;0.18;1.43;NA;NA;NA;
11;3;1.91;0.68;7.09;NA;0.14;1.1;0.1;0.43;0.95;NA;NA;NA;
11;4;1.91;0.53;4.49;NA;0.42;1.61;1.08;0.36;1.72;NA;NA;NA;
11;5;6.33;0.78;3.74;NA;2.54;2.86;1.83;0.83;2.63;NA;NA;NA;
11;6;8.85;1.48;7.06;NA;8.6;4.26;0.83;0.59;7.39;NA;NA;NA;
11;7;6.71;6.02;9.29;NA;19.67;8.72;6.13;1.18;13.35;NA;NA;NA;
11;8;10.74;5.68;12.85;NA;19.96;15.13;4.22;1.4;9.98;NA;NA;NA;
11;9;15.94;9.46;12.03;NA;10.94;7.77;5.99;2.93;23.46;NA;NA;NA;
11;10;11.78;9.95;5.88;NA;2.34;2.38;1.89;4.14;22.84;NA;NA;NA;
11;11;4.62;4.89;2.84;NA;2.62;1.88;1.98;3.03;12.11;NA;NA;NA;
11;12;3.68;4.1;2.9;NA;2.33;1.98;1.03;1.22;3.47;NA;NA;NA;
11;13;4.45;4.59;2.7;NA;1.25;1.64;0.97;0.84;1.66;NA;NA;NA;
11;14;3.99;2.23;2.77;NA;0.8;1.53;0.26;0.42;0.97;NA;NA;NA;
11;15;2.23;1.53;2.39;NA;0.25;1.11;0.46;0.49;1.13;NA;NA;NA;
11;16;1.9;1.47;2.18;NA;0.49;1.31;0.69;0.7;0.99;NA;NA;NA;
11;17;1.67;1.55;2.79;NA;1.62;1.22;0.58;1.1;1.25;NA;NA;NA;
11;18;2.14;1.46;3.89;NA;5.73;1.38;0.46;1.01;1.23;NA;NA;NA;
11;19;2.95;1.37;3.55;NA;2.78;1.55;1.06;0.61;13.62;NA;NA;NA;
11;20;3.99;1.23;5.5;NA;3.62;2.31;3.21;0.94;17.09;NA;NA;NA;
11;21;3.61;1.35;9.5;NA;5.46;1.74;2.82;0.98;15.34;NA;NA;NA;
11;22;4.74;1.54;8.56;NA;7.61;3.47;0.23;0.96;23.1;NA;NA;NA;
11;23;6.48;2.48;8.6;NA;5.92;3.57;0.81;0.36;10.77;NA;NA;NA;
12;0;5.5;2.24;11.59;NA;10.95;3.55;0.23;ND;39.07;NA;NA;NA;
12;1;7;3.64;ND;NA;20.68;4.08;ND;7.59;34.1;NA;NA;NA;
12;2;5.78;2.18;9.49;NA;5.52;4.85;4.24;8.97;11.12;NA;NA;NA;
12;3;3.86;2.91;5.15;NA;4.28;6.87;0.48;6.44;16.24;NA;NA;NA;
12;4;2.45;3.55;7.13;NA;6.25;6.01;2.77;5.12;18.69;NA;NA;NA;
12;5;5.11;1.6;7.44;NA;8.8;5.41;3.29;6.77;12.36;NA;NA;NA;
12;6;6.95;3.08;7.79;NA;9.52;6.65;2.99;6.65;10.76;NA;NA;NA;
12;7;16.06;10.1;8.04;NA;13.46;12.15;1.66;8.65;20.45;NA;NA;NA;
12;8;10.03;7.01;8.81;NA;12.61;7.92;0.78;9.35;15.56;NA;NA;NA;
12;9;4.31;5.68;3.43;NA;1.96;2.7;1.1;6.57;10.46;NA;NA;NA;
12;10;3.89;3.23;ND;NA;0.13;2.16;1.13;8.4;2.99;NA;NA;NA;
12;11;4.29;3.59;ND;NA;1.09;4.9;0.79;1.9;1.46;NA;NA;NA;
12;12;4.45;4.59;2.61;NA;0.5;1.8;1.02;0.76;1.59;NA;NA;NA;
12;13;2.7;3.56;2;NA;4.91;3.54;1.04;1.11;1.35;NA;NA;NA;
12;14;1.46;2.6;ND;NA;0.58;5.63;1.21;1.38;1.07;NA;NA;NA;
12;15;2.22;1.24;2.11;NA;0.52;3.05;1.73;0.86;1.07;NA;NA;NA;
12;16;1.77;0.86;2.81;NA;4.36;1.87;0.65;0.99;1.04;NA;NA;NA;
12;17;1.85;0.86;2.44;NA;1.77;2.39;2.05;0.28;3.06;NA;NA;NA;
12;18;2.06;1;1.86;NA;2.81;2.23;1.14;0.61;5.09;NA;NA;NA;
12;19;2;1.01;2.99;NA;3.13;2.89;1.54;0.47;2.73;NA;NA;NA;
12;20;1.45;0.77;2.86;NA;1.24;2.65;1.48;0.42;3.93;NA;NA;NA;
12;21;1.91;0.88;2.52;NA;1.64;1.83;2;0.68;11.89;NA;NA;NA;
12;22;2.16;1.02;1.93;NA;0.56;1.37;2.16;1.19;11.81;NA;NA;NA;
12;23;2.79;1.16;4.96;NA;1.79;1.65;1.29;1.41;7.45;NA;NA;NA;
13;0;3.14;1.19;3.59;NA;3.71;4;3.85;0.97;6.15;NA;NA;NA;
13;1;ND;ND;ND;NA;ND;ND;8.76;0.98;ND;NA;NA;NA;
13;2;6.18;3.23;5.46;NA;8.2;3.66;4.89;2.26;9.75;NA;NA;NA;
13;3;4.8;4.16;4.68;NA;12.07;3.66;6.48;1.79;10.23;NA;NA;NA;
13;4;4.76;4.15;5.33;NA;19.18;4.66;2.69;1.88;11.02;NA;NA;NA;
13;5;7.99;4.09;8.87;NA;16.4;5.97;1.51;4.45;8.94;NA;NA;NA;
13;6;8.59;7.2;8.85;NA;16.36;8.7;1.3;4.1;6.87;NA;NA;NA;
13;7;11.14;7.35;10.56;NA;17.91;11.25;3.49;5.23;10.15;NA;NA;NA;
13;8;17.18;11.53;7.24;NA;17.29;5.58;2.11;8.92;15.49;NA;NA;NA;
13;9;7.63;6.23;3.25;NA;2.68;1.37;1.34;7.76;10.63;NA;NA;NA;
13;10;2.41;2.23;2.96;NA;1.19;1.04;2.42;5.65;3.15;NA;NA;NA;
13;11;1.65;1.33;2.39;NA;1.05;1.14;0.74;1.46;1.2;NA;NA;NA;
13;12;2.21;1.62;ND;NA;4;0.94;0.97;1.11;1.32;NA;NA;NA;
13;13;1.17;1.08;ND;NA;0.6;2.01;0.62;0.84;1.14;NA;NA;NA;
13;14;1.31;0.81;ND;NA;0.86;ND;0.62;0.54;1.15;NA;NA;NA;
13;15;1.28;0.77;1.98;NA;2.81;1.09;0.58;0.81;1.08;NA;NA;NA;
13;16;3.11;1.08;1.96;NA;3.33;1.52;0.98;1.78;1.13;NA;NA;NA;
13;17;2.6;1.36;2.54;NA;1.52;2.21;1.52;1.65;1.62;NA;NA;NA;
13;18;2.85;1.17;4.31;NA;1.44;2.65;0.89;1.17;1.77;NA;NA;NA;
13;19;2.29;1.24;2.93;NA;5.63;2.85;1.99;1.85;9.95;NA;NA;NA;
13;20;2.23;0.95;2.59;NA;8.95;1.98;0.63;1.23;7.79;NA;NA;NA;
13;21;4.05;1.23;5.46;NA;2.14;2.78;0.48;1.98;3.97;NA;NA;NA;
13;22;4.06;1.8;4.87;NA;1.31;3.17;1.11;1.48;3.78;NA;NA;NA;
13;23;5.04;9.04;4.12;NA;1.4;2.71;1.7;3.88;2.95;NA;NA;NA;
14;0;3.82;3.73;1.68;NA;0.3;1.43;0.47;ND;3.9;NA;NA;NA;
14;1;4.62;5.41;1.6;NA;0.7;ND;ND;2.19;7.18;NA;NA;NA;
14;2;3.8;2.84;0.99;NA;15.13;1.59;0.33;3.65;9.6;NA;NA;NA;
14;3;4.66;4.38;1.65;NA;18.42;4.24;0.11;4.35;9.93;NA;NA;NA;
14;4;4.82;4.4;1.89;NA;10.09;3.98;0.13;8.52;5.61;NA;NA;NA;
14;5;6.02;3.85;1.89;NA;21.12;3.99;0.24;5.83;3.83;NA;NA;NA;
14;6;5.95;4.88;4.67;NA;14.62;5.52;0.25;5.9;6.73;NA;NA;NA;
14;7;11.97;3.51;6.08;NA;10.69;4.94;0.43;7.73;11.28;NA;NA;NA;
14;8;5.62;2.71;3.49;NA;1.38;2.7;0.36;6.61;4.56;NA;NA;NA;
14;9;2.95;1.97;2.93;NA;2.74;2.01;0.3;4.25;1.88;NA;NA;NA;
14;10;2.01;1.9;3.63;NA;0.12;1.88;0.27;3.54;1.18;NA;NA;NA;
14;11;2.32;1.75;3.73;NA;0.33;2.25;2.32;1.61;1.8;NA;NA;NA;
14;12;1.19;1.36;3;NA;0.34;2.58;0.58;0.51;1;NA;NA;NA;
14;13;1.31;1.62;2.1;NA;1.17;1.13;0.24;0.61;0.81;NA;NA;NA;
14;14;1.05;1.74;2.01;NA;2.12;1.16;0.4;11.62;0.8;NA;NA;NA;
14;15;1.02;1.1;2.26;NA;2.7;0.7;0.32;1.15;1.14;NA;NA;NA;
14;16;1.3;1.35;2.07;NA;3.84;1;0.23;0.76;0.83;NA;NA;NA;
14;17;1.62;1.86;2.78;NA;1.87;1.67;0.58;0.72;0.79;NA;NA;NA;
14;18;3.54;1.93;3.08;NA;3.1;2.25;0.6;0.55;2.01;NA;NA;NA;
14;19;4.19;2.92;6.22;NA;1.96;2.89;0.31;0.64;2.58;NA;NA;NA;
14;20;3.89;2.4;3.53;NA;0.93;4.44;0.36;0.94;1.46;NA;NA;NA;
14;21;1.67;3.36;2.96;NA;0.93;3.66;0.34;1.59;1.4;NA;NA;NA;
14;22;1.09;2.6;2.13;NA;0.16;2.77;0.33;1.74;2.04;NA;NA;NA;
14;23;1.15;2.83;1.82;NA;0.84;3.04;0.4;1.63;2.37;NA;NA;NA;
15;0;1.06;1.4;1.27;NA;0.22;2.34;1.1;1.07;1.55;NA;NA;NA;
15;1;ND;ND;ND;NA;ND;2.3;0.87;1.37;ND;NA;NA;NA;
15;2;3.4;2.51;1.45;NA;1.81;2.14;0.59;2.15;1.88;NA;NA;NA;
15;3;2.54;3.23;1.69;NA;3.22;2.61;1.04;3.06;2.02;NA;NA;NA;
15;4;2.99;4.58;1.45;NA;0.51;3.03;0.9;5.24;1.85;NA;NA;NA;
15;5;3.99;5.74;1.47;NA;0.67;3.01;0.5;4.81;1.72;NA;NA;NA;
15;6;1.85;8.34;1.81;NA;4.96;3.27;0.1;4;4.85;NA;NA;NA;
15;7;3.04;6.09;2.47;NA;8.85;4.1;0.55;5.29;4.59;NA;NA;NA;
15;8;2.42;3.61;2.87;NA;2.27;3.17;0.42;6.11;4.98;NA;NA;NA;
15;9;2.44;3.14;2.84;NA;0.01;1.28;0.32;2;1.65;NA;NA;NA;
15;10;1.7;1.8;3.1;NA;0.24;1.73;0.79;1.08;1.32;NA;NA;NA;
15;11;1.34;1.83;3.01;NA;0;1.46;0.61;0.67;0.71;NA;NA;NA;
15;12;1.26;1.74;2.25;NA;0.74;2.08;0.4;0.41;0.87;NA;NA;NA;
15;13;1.41;2.17;2.15;NA;0.92;1.34;0.16;0.66;0.94;NA;NA;NA;
15;14;1.34;1.66;1.74;NA;3.45;1.23;0.43;0.65;1.09;NA;NA;NA;
15;15;1.44;1.98;2.12;NA;2.34;2.95;0.19;0.73;0.93;NA;NA;NA;
15;16;1.52;5.01;2.33;NA;3.31;3.41;0.11;0.71;0.79;NA;NA;NA;
15;17;2.13;4.22;2.65;NA;3.44;3.55;0.31;0.95;1;NA;NA;NA;
15;18;2.09;2.55;3.01;NA;5.22;2.71;0.54;2.95;1.59;NA;NA;NA;
15;19;2.06;1.85;3.71;NA;10.24;4.74;0.53;1.14;1.5;NA;NA;NA;
15;20;3.91;1.78;7.65;NA;2.81;3.11;0.37;0.44;3.22;NA;NA;NA;
15;21;5.9;1.79;4.89;NA;1.28;4.73;0.44;0.55;3.25;NA;NA;NA;
15;22;3.27;1.65;2.72;NA;0.27;4.61;0.48;16.4;3.24;NA;NA;NA;
15;23;2.14;2.48;1.94;NA;0.37;2.74;0.2;6.27;1.48;NA;NA;NA;
16;0;2.63;2.27;1.56;NA;3.36;2.05;0.49;ND;4.18;NA;NA;NA;
16;1;3.36;2.46;1.48;NA;4.3;ND;ND;1.52;3.47;NA;NA;NA;
16;2;5.7;1.91;2.76;NA;4.85;1.66;0.47;1.35;3.61;NA;NA;NA;
16;3;4.04;3.22;4.74;NA;5.15;2.03;0.08;1.21;3.44;NA;NA;NA;
16;4;6.16;3.22;2.55;NA;6.87;2.77;0.22;1;5.26;NA;NA;NA;
16;5;5.17;4.29;1.87;NA;8.93;3.24;0.53;2.67;5.33;NA;NA;NA;
16;6;5.52;4.02;2.23;NA;11.85;4.99;0.69;2.93;7.8;NA;NA;NA;
16;7;4.01;3.71;3.41;NA;9.71;5.45;1.99;4.56;9.44;NA;NA;NA;
16;8;2.49;2.52;2.85;NA;6.32;3.26;2.08;3.37;7.32;NA;NA;NA;
16;9;1.5;1.89;1.81;NA;0.58;1.95;0.57;1.53;2.52;NA;NA;NA;
16;10;1.45;0.91;1.68;NA;1.04;1.28;0.3;1.01;1.26;NA;NA;NA;
16;11;1.39;1.2;1.5;NA;1.56;0.44;0.17;0.83;1.06;NA;NA;NA;
16;12;1.38;1.08;1.62;NA;1.48;0.54;0.1;0.58;1.19;NA;NA;NA;
16;13;1.35;1;1.54;NA;0.61;2.13;0.27;0.6;1.07;NA;NA;NA;
16;14;1.32;1.07;1.46;NA;0.58;2.1;0.22;0.89;0.82;NA;NA;NA;
16;15;1.14;0.92;1.39;NA;0.23;1.99;0.26;0.51;0.79;NA;NA;NA;
16;16;1.13;1.2;1.35;NA;0.42;2.24;0.08;0.29;0.68;NA;NA;NA;
16;17;1.29;1.52;1.65;NA;0.23;4.12;0.4;0.42;0.74;NA;NA;NA;
16;18;1.7;0.93;1.9;NA;4.83;0.71;1.6;0.33;1.05;NA;NA;NA;
16;19;2.5;1.58;2.01;NA;2.75;3.83;0.82;0.9;0.92;NA;NA;NA;
16;20;1.53;1.26;3.09;NA;2.07;4.24;0.66;0.52;2.69;NA;NA;NA;
16;21;2.83;1.63;5.53;NA;0.91;3.96;0.09;0.44;3.98;NA;NA;NA;
16;22;3.41;2.67;3.6;NA;0.9;3.9;0.09;0.39;2.08;NA;NA;NA;
16;23;2.21;2.92;2.18;NA;0.99;3.89;0.1;7.13;1.32;NA;NA;NA;
17;0;1.76;2.81;1.78;NA;4.51;3.33;0.11;2.17;0.86;NA;NA;NA;
17;1;ND;ND;ND;NA;ND;1.95;0.09;1.46;ND;NA;NA;NA;
17;2;1.07;1.47;1.25;NA;0.8;2.27;0.12;0.99;2.01;NA;NA;NA;
17;3;1.38;1.3;1.54;NA;0;3.52;0.11;1.27;1.02;NA;NA;NA;
17;4;1.12;1.07;1.49;NA;0;3.81;0.08;1.72;1.73;NA;NA;NA;
17;5;1.46;1.18;1.92;NA;0;3.72;0.05;2.39;1.35;NA;NA;NA;
17;6;2.48;1.06;1.65;NA;0.12;3.02;0.15;1.71;1.36;NA;NA;NA;
17;7;1.49;1.48;1.95;NA;0.26;2.25;0.38;1.99;1.74;NA;NA;NA;
17;8;1.59;1.23;1.8;NA;0.13;0.87;0.13;1.01;1.4;NA;NA;NA;
17;9;1.41;0.77;1.88;NA;0.09;0.83;0.3;0.36;1.24;NA;NA;NA;
17;10;1.18;0.63;1.86;NA;0.2;1;0.17;6.22;0.86;NA;NA;NA;
17;11;1;0.8;1.37;NA;0.26;0.45;0.25;0.54;0.56;NA;NA;NA;
17;12;0.96;0.47;1.23;NA;0.04;0.43;0.07;0.27;0.7;NA;NA;NA;
17;13;0.93;0.48;1.24;NA;0;0.54;0.19;0.39;0.68;NA;NA;NA;
17;14;0.91;0.47;1.34;NA;0;0.29;0.27;0.64;0.64;NA;NA;NA;
17;15;0.99;0.6;1.28;NA;0.01;0.46;0.24;0.39;0.8;NA;NA;NA;
17;16;0.79;0.82;1.21;NA;0.19;0.31;0.41;0.26;0.65;NA;NA;NA;
17;17;1.03;0.76;1.48;NA;0.42;0.39;0.25;0.6;1.05;NA;NA;NA;
17;18;1.45;1.38;1.42;NA;0.57;0.45;0.23;0.23;1.03;NA;NA;NA;
17;19;2.4;1.66;1.68;NA;2.26;0.81;0.18;0.27;1.84;NA;NA;NA;
17;20;3.24;2.11;3.1;NA;0.76;4.18;0.26;0.38;0.95;NA;NA;NA;
17;21;3.17;1.61;3.5;NA;0.47;3.57;0.12;1.15;0.71;NA;NA;NA;
17;22;3.11;1.56;2.3;NA;2.55;4.13;0.12;1.09;1.27;NA;NA;NA;
17;23;2.42;3.63;2.18;NA;1.65;4.81;0.1;1.53;1.05;NA;NA;NA;
18;0;1.97;1.87;2.89;NA;0.24;5.47;0.1;ND;1.86;NA;NA;NA;
18;1;2.16;1.57;1.29;NA;4.71;ND;ND;1.14;2.02;NA;NA;NA;
18;2;5.3;4.23;1.7;NA;4.54;3.61;0.08;0.82;2.05;NA;NA;NA;
18;3;3.15;3.16;2.06;NA;1.95;2.99;0.1;0.95;2.41;NA;NA;NA;
18;4;2.11;1.89;1.76;NA;0.42;3.09;0.14;0.57;2.33;NA;NA;NA;
18;5;2.61;2.44;1.38;NA;1.38;2.42;0.1;0.75;2;NA;NA;NA;
18;6;3.43;4.26;2.32;NA;7.06;3.22;0.41;0.74;3.14;NA;NA;NA;
18;7;4.21;3.98;3.66;NA;1.82;4.76;0.16;1.26;4.28;NA;NA;NA;
18;8;2.39;2.58;2.91;NA;ND;2.41;0.15;2.8;5.41;NA;NA;NA;
18;9;1.78;2.33;2.88;NA;ND;1.38;0.2;1.69;2.17;NA;NA;NA;
18;10;1.26;1.74;2.51;NA;ND;1.4;0.16;0.73;1.41;NA;NA;NA;
18;11;1.11;ND;2.41;NA;ND;ND;0.19;0.8;1.18;NA;NA;NA;
18;12;1.08;ND;2.03;NA;ND;ND;0.17;0.79;0.97;NA;NA;NA;
18;13;0.97;1.32;2.04;NA;ND;0.38;0.44;0.9;0.98;NA;NA;NA;
18;14;1.22;ND;2.39;NA;ND;0.41;0.31;1.08;1.07;NA;NA;NA;
18;15;1.22;1.01;2.89;NA;ND;ND;0.24;0.83;0.81;NA;NA;NA;
18;16;1.58;1.02;2.55;NA;ND;0.61;0.27;1.02;1.05;NA;NA;NA;
18;17;2.05;2.11;2.73;NA;ND;0.61;0.49;0.98;1.27;NA;NA;NA;
18;18;2.29;2.49;2.83;NA;ND;0.82;3.6;1.35;1.31;NA;NA;NA;
18;19;2.55;1.45;3.62;NA;ND;1.74;0.34;2.71;1.37;NA;NA;NA;
18;20;2.19;0.31;3.82;NA;ND;3.17;8.41;5.47;1.35;NA;NA;NA;
18;21;2.8;1.29;3.21;NA;ND;2.39;0.89;2.83;1.56;NA;NA;NA;
18;22;3.06;1.72;3.42;NA;ND;3.08;0.42;2;2.04;NA;NA;NA;
18;23;3.74;1.91;2.32;NA;ND;2.31;0.22;1.79;0.9;NA;NA;NA;
19;0;2.61;9.19;1.84;NA;ND;2.57;0.57;0.78;1.66;NA;NA;NA;
19;1;ND;5.66;ND;NA;ND;2.64;0.76;1.05;ND;NA;NA;NA;
19;2;3.42;4.35;1.95;NA;ND;2.38;0.89;1.08;4.29;NA;NA;NA;
19;3;1.07;3.55;2.13;NA;ND;2.97;0.52;2.76;1.14;NA;NA;NA;
19;4;2.86;4.92;2.56;NA;ND;4.41;0.36;2.33;1.3;NA;NA;NA;
19;5;1.97;2.17;2.54;NA;ND;1.71;0.01;2.84;1.42;NA;NA;NA;
19;6;2.29;1.59;2.89;NA;ND;2.38;0.09;2;1.86;NA;NA;NA;
19;7;2.04;3.21;3.08;NA;ND;3.15;0.1;1.64;1.95;NA;NA;NA;
19;8;3.09;2.67;3.13;NA;ND;2.15;0.19;1.64;1.34;NA;NA;NA;
19;9;2.2;2.5;2.45;NA;ND;0.87;0.66;ND;1.14;NA;NA;NA;
19;10;2.21;1.3;2.33;NA;ND;0.53;0.42;ND;0.91;NA;NA;NA;
19;11;ND;1.12;2.9;NA;ND;0.7;0.13;0.78;0.92;NA;NA;NA;
19;12;1.24;1.07;2.78;NA;ND;0.65;0.28;ND;0.74;NA;NA;NA;
19;13;1.98;2.01;2.53;NA;ND;0.76;0.16;0.99;0.93;NA;NA;NA;
19;14;1.45;1.75;2.88;NA;ND;1.04;0.24;0.64;0.93;NA;NA;NA;
19;15;1.44;1.82;2.17;NA;ND;1.46;0.12;0.57;1;NA;NA;NA;
19;16;1.49;0.44;2.03;NA;1.23;2.23;0.43;0.91;0.83;NA;NA;NA;
19;17;1.36;0.46;2.74;NA;1.42;1;0.82;0.51;1.27;NA;NA;NA;
19;18;2.8;1.67;3.88;NA;0.32;4.3;1.8;0.45;1.93;NA;NA;NA;
19;19;5.34;2.7;7.21;NA;1.26;2.54;0.3;1.16;1.39;NA;NA;NA;
19;20;4.22;2.13;3.34;NA;1.3;3.52;0.06;3.18;1.29;NA;NA;NA;
19;21;2.36;2.18;2.04;NA;0.78;2.48;0.09;3.55;1.17;NA;NA;NA;
19;22;2.2;3.69;2.13;NA;1.24;3.27;0.05;4.01;1.09;NA;NA;NA;
19;23;4.55;8.98;1.45;NA;0.92;1.69;0;5.86;1.02;NA;NA;NA;
20;0;5.49;7.6;1.66;NA;0.41;2.72;0.13;ND;1.41;NA;NA;NA;
20;1;ND;ND;1.58;NA;0.21;ND;ND;2.25;0.92;NA;NA;NA;
20;2;1.47;2.26;1.58;NA;0.27;1.07;0.57;2.03;0.72;NA;NA;NA;
20;3;1.99;3.35;1.5;NA;0.1;1.56;0.3;1.88;1.41;NA;NA;NA;
20;4;2.51;5;1.86;NA;0.34;1.78;0.7;3.11;1.15;NA;NA;NA;
20;5;3.03;4.38;1.78;NA;0.44;1.61;0.64;2.72;0.99;NA;NA;NA;
20;6;2.4;3.63;2.12;NA;1.08;1.75;0.32;2.84;1.37;NA;NA;NA;
20;7;3.62;3.58;2.76;NA;0.67;2.42;0.22;6.93;1.31;NA;NA;NA;
20;8;2.95;3.92;3.19;NA;0.95;3.03;0.32;2.64;1.26;NA;NA;NA;
20;9;2.51;3.05;2.79;NA;1.11;2.2;0.68;1.32;1.58;NA;NA;NA;
20;10;2.89;1.42;2.56;NA;0.62;1.32;0.67;1.81;ND;NA;NA;NA;
20;11;2.25;1.54;2.66;NA;0.71;0.74;0.45;1.2;ND;NA;NA;NA;
20;12;1.77;1.17;2.66;NA;1.3;0.96;0.24;0.23;0.79;NA;NA;NA;
20;13;1.36;1.82;1.94;NA;1.53;0.54;0.4;0.82;ND;NA;NA;NA;
20;14;ND;1.84;2.04;NA;2.22;0.47;0.54;1.09;0.54;NA;NA;NA;
20;15;1.42;1.53;2.19;NA;2.15;0.86;0.35;0.92;0.68;NA;NA;NA;
20;16;2.72;1.72;2.19;NA;1.71;1.03;0.87;0.69;0.78;NA;NA;NA;
20;17;3.68;1.98;2.49;NA;2.08;1.14;0.5;0.78;0.94;NA;NA;NA;
20;18;3.9;2.07;3.4;NA;2.24;1.15;0.53;1.01;0.79;NA;NA;NA;
20;19;3.97;2.42;4.83;NA;1.68;1.44;0.37;1.65;1.74;NA;NA;NA;
20;20;6.49;2.79;4.77;NA;0.73;4.32;0.33;1.48;1.27;NA;NA;NA;
20;21;5.72;3.68;3.46;NA;0.7;4.32;0.42;2.66;1.23;NA;NA;NA;
20;22;3.18;3.11;2.55;NA;3;2.85;0.28;2.51;1.2;NA;NA;NA;
20;23;2.88;1.54;1.97;NA;6.96;1.35;0.2;1.8;2.43;NA;NA;NA;
21;0;3.61;1.99;4.24;NA;4.2;1.8;0.29;2.63;2.64;NA;NA;NA;
21;1;3.75;2.05;ND;NA;ND;3.11;0.05;4.33;ND;NA;NA;NA;
21;2;2.61;1.74;1.63;NA;1.76;2.28;0.1;3.53;2.02;NA;NA;NA;
21;3;3.54;6;2.34;NA;1.06;2.68;0.54;2.74;3.83;NA;NA;NA;
21;4;2.9;7.37;2.26;NA;1.24;2.42;0.92;2.34;3.37;NA;NA;NA;
21;5;3.17;4.75;1.89;NA;1.42;2.85;0.68;2.87;3.84;NA;NA;NA;
21;6;4.92;3.76;2.43;NA;1.47;2.94;1.04;5.27;5.64;NA;NA;NA;
21;7;6.2;6.59;4.33;NA;0.88;4.7;0.7;9.58;4.62;NA;NA;NA;
21;8;2.26;4.18;4.39;NA;0;3.63;0.75;6.03;1.71;NA;NA;NA;
21;9;2.41;4.1;3.57;NA;1.53;2.58;0.85;2.01;1.06;NA;NA;NA;
21;10;2.54;2.32;2.59;NA;3.32;1.57;0.82;1.68;0.96;NA;NA;NA;
21;11;2;1.8;2.29;NA;1.53;1.21;0.7;1.42;1.07;NA;NA;NA;
21;12;2.09;1.33;2.78;NA;1.06;1.22;0.77;0.6;3.59;NA;NA;NA;
21;13;1.19;1.84;2.53;NA;1.1;1.03;1.16;0.39;3.64;NA;NA;NA;
21;14;1.35;1.12;2.15;NA;0.74;1.18;0.92;0.75;0.82;NA;NA;NA;
21;15;1.1;1.14;1.61;NA;0.75;0.92;0.65;0.61;2.01;NA;NA;NA;
21;16;1.11;1.16;1.81;NA;0.92;1.41;0.38;0.53;2.05;NA;NA;NA;
21;17;1.57;1.21;2.31;NA;0.65;1.52;0.56;0.61;2.06;NA;NA;NA;
21;18;1.18;1.56;2.33;NA;1.47;1.67;1.23;0.66;3.61;NA;NA;NA;
21;19;1.38;1.91;3.57;NA;3.86;1.86;0.9;0.54;4.61;NA;NA;NA;
21;20;2.01;2.33;4.68;NA;3.31;1.71;0.54;0.56;2.64;NA;NA;NA;
21;21;2.54;1.75;3.19;NA;1.92;1.9;0.55;0.28;2.18;NA;NA;NA;
21;22;2.25;0.86;3.95;NA;2.73;2.22;0.39;0.26;1.45;NA;NA;NA;
21;23;2.34;0.61;4.7;NA;1.9;1.83;0.73;0.47;1.36;NA;NA;NA;
22;0;3.59;0.55;3.84;NA;0.84;1.65;0.99;ND;1.44;NA;NA;NA;
22;1;ND;ND;5;NA;8.95;ND;ND;0.34;1.22;NA;NA;NA;
22;2;3.01;2.29;2.35;NA;2.9;2.39;0.77;0.41;2.74;NA;NA;NA;
22;3;3.12;1.62;4.58;NA;3.15;1.4;0.78;0.4;2.88;NA;NA;NA;
22;4;2.86;2.36;3.25;NA;5.96;3.02;1;0.52;5.2;NA;NA;NA;
22;5;3.65;1.63;7.64;NA;3.11;5.86;0.49;0.45;10.13;NA;NA;NA;
22;6;3.49;4.82;5.16;NA;15.53;7.26;0.66;3;8.99;NA;NA;NA;
22;7;4.13;3.89;8.91;NA;18.83;6.1;0.56;2.73;9.7;NA;NA;NA;
22;8;7.6;4.03;6.1;NA;10.93;3.97;1.01;2.13;5.68;NA;NA;NA;
22;9;5.38;2.11;7.49;NA;2.6;4.2;1.16;1.24;4.48;NA;NA;NA;
22;10;3.54;1.38;3.64;NA;2.4;2.48;0.84;1.08;2.49;NA;NA;NA;
22;11;2.15;1.29;1.96;NA;0.87;1.16;0.77;0.76;2.12;NA;NA;NA;
22;12;1.96;2.35;1.6;NA;1.59;0.82;0.64;0.44;1.36;NA;NA;NA;
22;13;1.52;2.69;2.43;NA;1.25;0.74;0.64;1.2;4.79;NA;NA;NA;
22;14;1.47;2.58;2.48;NA;1.26;1.47;0.7;1.94;4.2;NA;NA;NA;
22;15;1.12;2.67;2.42;NA;1.17;1.3;0.72;2.2;5.72;NA;NA;NA;
22;16;1.21;2.03;3.64;NA;0.87;2.16;0.59;1.61;6.82;NA;NA;NA;
22;17;1.26;1.08;3.17;NA;1.4;1.99;0.77;1.14;2.28;NA;NA;NA;
22;18;1.43;1.11;4.25;NA;1.64;1.67;1.18;1.14;3.88;NA;NA;NA;
22;19;1.89;1.43;4.05;NA;1.9;1.74;1.37;0.92;1.73;NA;NA;NA;
22;20;1.88;1.69;3.33;NA;2.89;1.74;1.79;0.71;1.12;NA;NA;NA;
22;21;2.28;1.34;3.1;NA;1.9;2.05;1.36;0.9;1.21;NA;NA;NA;
22;22;2.05;1.22;3.09;NA;0.77;1.62;1.06;0.86;1.73;NA;NA;NA;
22;23;2.04;2.04;3.38;NA;1.1;1.26;0.89;1.45;1.91;NA;NA;NA;
23;0;2.01;1.72;3.74;NA;3.11;1.68;0.63;1.43;4.79;NA;NA;NA;
23;1;2.02;2.69;ND;NA;ND;1.94;0.36;1.22;ND;NA;NA;NA;
23;2;2.22;1.28;7.97;NA;33.46;4.16;0.85;1.29;2.81;NA;NA;NA;
23;3;2.58;2.41;7.37;NA;56.12;6.85;1.12;0.96;3.41;NA;NA;NA;
23;4;2.98;4.16;5.35;NA;48.73;4.92;3.34;2.15;4.52;NA;NA;NA;
23;5;2.59;5.37;3.36;NA;66.23;5.16;1.69;1.84;7.15;NA;NA;NA;
23;6;4.35;4.1;7.2;NA;71.98;5.71;0.58;3.11;11.08;NA;NA;NA;
23;7;11.01;7.79;6.89;NA;23.85;3.85;0.96;5.11;6.8;NA;NA;NA;
23;8;7.38;5.57;3.55;NA;5.72;3.46;0.8;5.41;6.56;NA;NA;NA;
23;9;5.39;3.41;3.32;NA;2.26;1.74;0.51;2.71;2.3;NA;NA;NA;
23;10;3.57;1.74;2.05;NA;1.93;1.45;1.23;1.42;1.66;NA;NA;NA;
23;11;2.44;3.6;2.79;NA;1.09;0.89;1.04;0.83;1.9;NA;NA;NA;
23;12;4.33;5.05;2.19;NA;0.96;1.01;1.05;0.63;1.2;NA;NA;NA;
23;13;2.66;4;4.82;NA;0.76;1.15;1.1;0.74;0.68;NA;NA;NA;
23;14;2.24;4.31;3.73;NA;3.34;2.51;1.13;1.84;1.1;NA;NA;NA;
23;15;1.78;2.6;3.26;NA;1.97;1.97;1.43;1.91;2.6;NA;NA;NA;
23;16;1.25;1.64;2.75;NA;1.32;1.82;1.15;1.39;2.39;NA;NA;NA;
23;17;1.43;1.59;2.27;NA;1.74;1.33;1.15;1.03;1.6;NA;NA;NA;
23;18;1.58;1.67;2.51;NA;3.05;1.3;1.43;0.86;1.07;NA;NA;NA;
23;19;1.73;1.52;2.92;NA;4.17;1.55;2.16;0.59;1.47;NA;NA;NA;
23;20;3.16;1.2;2.92;NA;6.39;2.06;2.9;0.62;1.18;NA;NA;NA;
23;21;3.22;1.05;2.91;NA;3.89;1.76;1.78;0.59;1.06;NA;NA;NA;
23;22;4.21;1.01;3.38;NA;8.75;1.8;1.39;0.36;1.33;NA;NA;NA;
23;23;4.61;0.59;3.54;NA;18.56;2.74;1.42;0.93;4.55;NA;NA;NA;
24;0;4.28;0.49;4.4;NA;6.82;2.5;2.17;ND;7.06;NA;NA;NA;
24;1;ND;ND;2.74;NA;5.51;ND;3.42;1.35;4.2;NA;NA;NA;
24;2;4.84;0.74;2.55;NA;15.91;2.55;1.1;1.18;2.56;NA;NA;NA;
24;3;5.62;0.63;3.02;NA;16.67;2.69;1.05;2.75;4.63;NA;NA;NA;
24;4;5.22;1.74;3.75;NA;15.48;3.39;1.79;3.02;12.35;NA;NA;NA;
24;5;5.75;1.45;3.92;NA;11.63;3.9;2.15;3.25;14.04;NA;NA;NA;
24;6;5.91;1.82;4.58;NA;8.68;3.64;1.59;3.64;6.24;NA;NA;NA;
24;7;9.5;2.53;5.9;NA;10.92;4.87;4.38;3.01;8.79;NA;NA;NA;
24;8;5.95;2.49;8.72;NA;12.22;5.69;1.36;3.57;10.04;NA;NA;NA;
24;9;5.46;3.28;6.26;NA;2.08;4.64;0.83;2.3;9.95;NA;NA;NA;
24;10;5.47;4.85;3.99;NA;1.63;2.32;0.49;2.41;5.54;NA;NA;NA;
24;11;5.48;4.8;2.75;NA;2.13;2.14;0.76;1.88;2.74;NA;NA;NA;
24;12;2.6;2.9;2.23;NA;1.6;1.15;1.2;1.16;1.69;NA;NA;NA;
24;13;2.3;2.01;1.75;NA;1.46;1.18;0.81;0.41;1.43;NA;NA;NA;
24;14;2.19;1.47;2.07;NA;0.91;1.14;0.82;0.3;0.7;NA;NA;NA;
24;15;1.36;0.87;1.93;NA;1.43;1.03;2.11;0.31;0.68;NA;NA;NA;
24;16;1.36;0.99;1.51;NA;0.94;0.91;0.92;0.18;0.61;NA;NA;NA;
24;17;1.14;1.34;1.77;NA;1.01;1.07;0.63;0.75;0.92;NA;NA;NA;
24;18;1.32;1.24;1.97;NA;1.21;1.37;0.88;0.66;1.6;NA;NA;NA;
24;19;1.77;1.04;2.74;NA;2.53;1.86;1.78;0.43;3.33;NA;NA;NA;
24;20;2.25;1.15;2.7;NA;2.76;1.59;3.99;0.68;1.45;NA;NA;NA;
24;21;3.21;1.27;2.57;NA;2.57;2.13;3.22;0.71;1.35;NA;NA;NA;
24;22;3.67;2.18;3.1;NA;2.23;1.93;1.99;0.28;1.32;NA;NA;NA;
24;23;3.39;3.52;3.5;NA;1.58;2.04;1.4;0.66;1.75;NA;NA;NA;
25;0;3.51;2.64;3.7;NA;2.61;2.24;1.63;0.79;1.21;NA;NA;NA;
25;1;4.25;2.21;ND;NA;ND;2.53;2.47;0.46;ND;NA;NA;NA;
25;2;5.69;1.77;6.69;NA;3.56;3.77;2.46;0.38;1.99;NA;NA;NA;
25;3;5.3;1.5;8.27;NA;3.36;2.74;5.26;0.56;1.82;NA;NA;NA;
25;4;4.59;3.33;5.97;NA;4.6;3.05;3.7;0.5;4.59;NA;NA;NA;
25;5;2.84;2.34;4.64;NA;7.95;3.91;1.75;1.02;3.77;NA;NA;NA;
25;6;3.5;4.29;6.59;NA;24.14;5.01;1.77;1.73;7.61;NA;NA;NA;
25;7;8.4;5.05;8.67;NA;17.95;8.27;3.38;2.19;15.53;NA;NA;NA;
25;8;9.35;5.17;12.65;NA;16.01;9.44;5.49;5.22;18.61;NA;NA;NA;
25;9;13.71;8.33;12;NA;11.34;7.93;4.16;4.6;8.16;NA;NA;NA;
25;10;8.66;4.92;9.95;NA;6.04;6.83;2.65;4.83;6.02;NA;NA;NA;
25;11;3.11;3.58;3.15;NA;1.82;1.41;ND;3.87;2.76;NA;NA;NA;
25;12;4.12;3.04;2.81;NA;0.98;1.31;ND;1.27;1.16;NA;NA;NA;
25;13;3.13;2.34;ND;NA;1.33;1.25;0.14;0.98;0.82;NA;NA;NA;
25;14;2.29;1.88;ND;NA;1.44;1.39;ND;0.69;0.91;NA;NA;NA;
25;15;1.76;1.67;2.43;NA;2.23;1.83;0.1;0.67;1.05;NA;NA;NA;
25;16;1.36;1.71;1.52;NA;2.52;1.84;0.2;0.53;1.66;NA;NA;NA;
25;17;1.33;1.48;1.58;NA;2.79;1.59;0.23;0.32;1.2;NA;NA;NA;
25;18;1.55;1.5;1.48;NA;3.98;1.66;1.28;0.11;2.12;NA;NA;NA;
25;19;1.58;1.24;4.62;NA;5.64;1.83;1.23;0.21;3.68;NA;NA;NA;
25;20;4.09;1.43;6.15;NA;8.78;2.5;0.66;0.86;2;NA;NA;NA;
25;21;4.87;1.74;5.6;NA;11.13;1.91;0.34;0.93;1.28;NA;NA;NA;
25;22;3.4;1.55;4.96;NA;7.35;ND;0.34;0.7;1.47;NA;NA;NA;
25;23;2.95;1.66;2.7;NA;5.58;ND;0.14;1.06;1.42;NA;NA;NA;
26;0;2.88;1.72;1.39;NA;2.85;1.57;0.3;ND;1.58;NA;NA;NA;
26;1;ND;ND;1.22;NA;3.06;ND;ND;0.85;1.99;NA;NA;NA;
26;2;3.13;7.94;1.53;NA;5.15;1.75;0.45;0.89;1.25;NA;NA;NA;
26;3;3.21;5.53;0.46;NA;7.19;1.6;0.26;0.87;1.18;NA;NA;NA;
26;4;3.86;5.35;0.41;NA;8.12;1.29;0.13;1.04;1.29;NA;NA;NA;
26;5;4.14;6.27;0.8;NA;12.32;3.79;0.18;2.03;2.3;NA;NA;NA;
26;6;5.39;5.52;1.91;NA;13.52;4.98;0.24;4.22;3.44;NA;NA;NA;
26;7;5.52;11.28;1.91;NA;12.84;5.47;0.59;6.3;6.08;NA;NA;NA;
26;8;4.72;4.95;2.65;NA;3.79;6.52;0.96;7;6.56;NA;NA;NA;
26;9;4.28;3.54;7.48;NA;2.25;6.2;1.54;4.78;3.88;NA;NA;NA;
26;10;5.95;4.68;5.07;NA;1.82;2.63;0.72;ND;3.26;NA;NA;NA;
26;11;2.64;2.34;1.55;NA;1.32;1.52;0.5;ND;1.54;NA;NA;NA;
26;12;1.74;1.75;1.37;NA;0.82;0.74;0.23;1.8;1.08;NA;NA;NA;
26;13;1.6;1.98;1.45;NA;1.32;ND;0.56;0.68;0.95;NA;NA;NA;
26;14;1.25;1.41;0.89;NA;1.76;ND;0.62;0.91;0.92;NA;NA;NA;
26;15;0.91;1.56;1.34;NA;2.3;1.11;0.8;1.14;1.81;NA;NA;NA;
26;16;0.97;1.27;1.48;NA;1.95;1.07;0.51;1.52;2.27;NA;NA;NA;
26;17;0.94;1.67;2.65;NA;1.38;1.37;0.26;1.38;6.5;NA;NA;NA;
26;18;1.54;1.36;2.21;NA;3.02;1.89;0.12;0.84;1.48;NA;NA;NA;
26;19;2.34;1.06;1.8;NA;12.18;1.26;0.27;0.71;1.26;NA;NA;NA;
26;20;2.7;1.3;2.2;NA;5.25;1.09;0.14;0.65;1.69;NA;NA;NA;
26;21;2.45;2.54;3.84;NA;4.68;3.26;0.09;0.72;2.13;NA;NA;NA;
26;22;2.77;4.72;3.57;NA;5.47;3.66;0.15;0.88;2.13;NA;NA;NA;
26;23;2.25;5.27;2.9;NA;10.09;3.04;0.01;1.6;2.82;NA;NA;NA;
27;0;2.49;6.3;2.17;NA;8.58;3.39;0.03;0.78;5.89;NA;NA;NA;
27;1;3.54;7.32;ND;NA;ND;2.68;0.02;0.9;ND;NA;NA;NA;
27;2;2.45;5.41;6.54;NA;8.29;4.86;0.12;1.38;2.52;NA;NA;NA;
27;3;2.05;2.95;4.25;NA;6.96;5.25;0.13;2.34;3.67;NA;NA;NA;
27;4;2.84;3.5;5.4;NA;14;6.29;0.03;2.45;5.16;NA;NA;NA;
27;5;4.06;3.87;6.02;NA;12.76;6.01;0.14;2.78;4.04;NA;NA;NA;
27;6;8.14;4.78;7.76;NA;14.53;6.28;0.32;2.71;5.4;NA;NA;NA;
27;7;7.03;8.58;6.77;NA;21.34;7.73;0.67;3.68;6.63;NA;NA;NA;
27;8;7.7;7;3.48;NA;13.93;5.09;0.54;3.32;8.48;NA;NA;NA;
27;9;6.32;2.91;4.08;NA;1.41;1.55;0.34;2.74;3.98;NA;NA;NA;
27;10;1.95;2.01;1.65;NA;1.38;2.01;0.36;1.24;1.92;NA;NA;NA;
27;11;2.3;1.07;1.21;NA;1.88;1.59;0.5;1.07;2.54;NA;NA;NA;
27;12;1.81;1.34;1.34;NA;1.92;1.54;0.84;0.58;8.5;NA;NA;NA;
27;13;1.75;1.92;0.71;NA;1.45;1.12;1.4;0.77;ND;NA;NA;NA;
27;14;1.23;1.84;1.12;NA;1.73;1.15;0.67;1.1;ND;NA;NA;NA;
27;15;1.2;1.21;1.1;NA;0.51;1.41;0.46;1.15;2.49;NA;NA;NA;
27;16;1.01;1.28;1.64;NA;1.12;1.44;0.66;0.98;2.19;NA;NA;NA;
27;17;1.47;1.72;2.35;NA;3.28;1.3;2.42;0.83;2.26;NA;NA;NA;
27;18;1.89;1.68;4.05;NA;2.86;2.17;2.36;0.55;4.86;NA;NA;NA;
27;19;1.45;1.46;4.35;NA;2.55;1.93;0.61;0.56;1.45;NA;NA;NA;
27;20;1.91;0.73;2.59;NA;3.77;2.28;1.97;0.49;2.25;NA;NA;NA;
27;21;1.86;0.86;1.67;NA;2.95;1.93;0.58;0.42;1.71;NA;NA;NA;
27;22;1.98;0.6;1.57;NA;2.6;1.83;0.66;0.29;1.53;NA;NA;NA;
27;23;2.04;0.28;1.76;NA;2.48;1.54;1.01;0.5;1.49;NA;NA;NA;
28;0;1.4;0.31;2.09;NA;1.39;1.57;0.91;ND;0.88;NA;NA;NA;
28;1;ND;ND;5.64;NA;0.81;ND;ND;0.78;1.44;NA;NA;NA;
28;2;1.64;0.43;1.95;NA;0.47;1.37;0.73;0.66;1.09;NA;NA;NA;
28;3;1.6;0.84;2.32;NA;3.2;1.25;0.37;0.58;1.19;NA;NA;NA;
28;4;1.67;1.06;1.46;NA;2.96;1.3;1.29;0.52;1.44;NA;NA;NA;
28;5;2.74;3.16;1.22;NA;3.24;1.78;1.67;0.48;1.27;NA;NA;NA;
28;6;3.92;3.02;2.15;NA;32.24;2.86;0.8;1.17;1.19;NA;NA;NA;
28;7;3.33;2.37;4.55;NA;20.83;10.76;1.03;1.56;3.12;NA;NA;NA;
28;8;3.32;2.01;4.84;NA;5.31;6.49;1.02;1.61;2.7;NA;NA;NA;
28;9;4.01;2.23;5.38;NA;3.6;3.53;1.74;0.5;2.08;NA;NA;NA;
28;10;4;2.35;3.26;NA;3.93;3.1;1.67;0.68;2.03;NA;NA;NA;
28;11;3.23;5.02;2.02;NA;2.65;1.7;1.61;0.75;3.09;NA;NA;NA;
28;12;ND;ND;2.19;NA;1.71;1.08;0.99;0.81;1.2;NA;NA;NA;
28;13;3.35;ND;3.3;NA;1.72;1.87;0.71;3.66;1.04;NA;NA;NA;
28;14;7.01;4.8;5.23;NA;7.09;4.53;1.94;4.6;10.01;NA;NA;NA;
28;15;5.81;5.23;5.38;NA;7.08;4.59;4.46;3.63;14.89;NA;NA;NA;
28;16;4.37;3.39;4.03;NA;5.75;4.11;2.54;2.74;5.62;NA;NA;NA;
28;17;3.4;2.1;3.24;NA;5.53;4.76;1.78;3.1;3.67;NA;NA;NA;
28;18;3.1;1.34;6.67;NA;6.31;4.74;1.05;1.04;3.7;NA;NA;NA;
28;19;4.61;1.66;8.29;NA;7.79;5.58;1.17;1.55;3.45;NA;NA;NA;
28;20;3.66;1.55;4.96;NA;4.99;3.4;2.29;1.31;3.78;NA;NA;NA;
28;21;4.85;1.25;4.56;NA;3.74;2.84;0.77;2.42;2.96;NA;NA;NA;
28;22;4;1.03;2.29;NA;14.78;3.38;0.5;2.22;5.12;NA;NA;NA;
28;23;4.84;1.42;1.89;NA;7.1;2.64;0.76;2.54;5.81;NA;NA;NA;
29;0;4.24;3.17;1.97;NA;2.84;3.96;0.76;2.15;4.41;NA;NA;NA;
29;1;8.02;ND;ND;NA;1.36;3.53;0.67;3.28;ND;NA;NA;NA;
29;2;3.6;2.28;1.3;NA;2.63;2.98;0.79;2.44;4.79;NA;NA;NA;
29;3;3.8;2.34;1.12;NA;3.66;2.92;0.91;2.79;3.61;NA;NA;NA;
29;4;4.64;2.63;1.27;NA;6.47;3.18;0.76;3.52;4.15;NA;NA;NA;
29;5;6.96;5.03;1.01;NA;8.75;3.77;0.74;3.03;3.76;NA;NA;NA;
29;6;6.75;8.7;1.46;NA;10.26;3.87;0.74;3.47;4.2;NA;NA;NA;
29;7;7.28;6.66;3.12;NA;7.77;4.5;1.07;4.89;6.84;NA;NA;NA;
29;8;5.28;3.88;2.52;NA;3.35;3.2;0.6;5.32;7.42;NA;NA;NA;
29;9;1.73;1.48;1.92;NA;1.74;1.27;0.59;2.29;2.77;NA;NA;NA;
29;10;1.15;1.1;1.17;NA;1.33;1.3;0.6;1.27;1.37;NA;NA;NA;
29;11;0.98;0.51;0.78;NA;2.4;1;0.93;1.15;1.05;NA;NA;NA;
29;12;0.78;0.25;1.25;NA;1.42;0.84;0.7;0.95;0.62;NA;NA;NA;
29;13;0.69;0.29;0.92;NA;1.65;0.9;ND;0.7;0.77;NA;NA;NA;
29;14;1.31;0.04;1.2;NA;2.14;0.71;ND;0.99;0.83;NA;NA;NA;
29;15;1.12;0.13;1.28;NA;1.53;0.79;8.06;0.86;0.85;NA;NA;NA;
29;16;0.94;0.1;1.13;NA;1.21;0.84;1.34;1.01;0.64;NA;NA;NA;
29;17;0.99;0.11;1.21;NA;0.59;1.17;0.92;0.45;0.94;NA;NA;NA;
29;18;1.44;0.16;1.77;NA;7.05;0.81;0.92;0.54;1;NA;NA;NA;
29;19;2.13;1.23;1.67;NA;2.3;3.44;0.94;0.97;2.2;NA;NA;NA;
29;20;1.82;0.61;2.55;NA;1.49;2.63;0.8;0.94;3.4;NA;NA;NA;
29;21;2.02;0.62;2.68;NA;4.26;6.69;0.65;1.45;2.61;NA;NA;NA;
29;22;2.16;0.64;2.25;NA;9.13;3.22;0.75;1.17;7.11;NA;NA;NA;
29;23;3.54;2.82;1.91;NA;7.25;2.26;0.65;2.41;6.87;NA;NA;NA;
30;0;4.29;3.38;4.48;NA;6.55;3.58;0.45;ND;18.85;NA;NA;NA;
30;1;ND;4.68;1.76;NA;7.59;ND;ND;2.03;11.18;NA;NA;NA;
30;2;4.17;4.58;1.46;NA;7.58;3.33;0.55;4.05;10.06;NA;NA;NA;
30;3;4.5;3.31;2.07;NA;9.29;1.6;0.16;3.31;7.31;NA;NA;NA;
30;4;3.55;2.64;3.74;NA;11.86;4.16;0.3;7.25;6.66;NA;NA;NA;
30;5;6.63;3.1;4.9;NA;17.18;4.38;0.36;11.36;7.45;NA;NA;NA;
30;6;5.16;2.82;7.9;NA;17.9;7.74;0.38;9.71;12.67;NA;NA;NA;
30;7;5.85;5.29;6.6;NA;14.69;6.46;0.56;10.76;19.86;NA;NA;NA;
30;8;3.2;1.95;2.39;NA;4.83;1.83;0.48;23.47;13.63;NA;NA;NA;
30;9;1.54;1.65;2;NA;1.76;2.18;0.75;1.69;1.86;NA;NA;NA;
30;10;0.8;0.73;0.6;NA;1.79;1.09;0.21;0.96;0.96;NA;NA;NA;
30;11;0.76;0.71;0.49;NA;1.68;1.39;0.17;0.63;0.9;NA;NA;NA;
30;12;0.67;0.58;0.8;NA;1.93;0.78;0.15;0.61;0.97;NA;NA;NA;
30;13;0.75;0.3;0.61;NA;1.42;1.46;0.24;0.53;0.69;NA;NA;NA;
30;14;0.87;0.97;0.61;NA;1.78;1.27;0.25;0.47;0.8;NA;NA;NA;
30;15;0.69;0.52;0.54;NA;2.82;0.54;0.47;0.56;0.91;NA;NA;NA;
30;16;0.63;0.34;0.64;NA;1.63;0.67;0.58;0.11;0.79;NA;NA;NA;
30;17;0.45;0.22;0.73;NA;1.34;0.58;0.45;0.36;1.1;NA;NA;NA;
30;18;0.56;0.16;0.35;NA;3.34;0.66;0.52;0.75;1.42;NA;NA;NA;
30;19;0.78;0.03;0.97;NA;0.92;0.98;4.12;0.59;1.5;NA;NA;NA;
30;20;0.72;0.17;1.26;NA;0.62;1.47;1.2;0.81;3.75;NA;NA;NA;
30;21;1.33;0.52;1.17;NA;0.39;3.04;0.24;0.76;5.81;NA;NA;NA;
30;22;0.51;0.77;0.74;NA;0.61;2.06;0.18;2.67;6.36;NA;NA;NA;
30;23;0.36;0.82;0.71;NA;0.43;2.52;0.09;2.49;7.76;NA;NA;NA;
31;0;0.76;1.09;0.69;NA;2.51;2.2;0.15;3.14;17.36;NA;NA;NA;
31;1;0.84;ND;ND;NA;0.64;2.27;0.13;1.58;ND;NA;NA;NA;
31;2;0.59;0.91;0.66;NA;0.75;2.13;0.17;2.25;3.2;NA;NA;NA;
31;3;0.61;0.47;0.53;NA;1.54;2.19;0.14;1.71;2.45;NA;NA;NA;
31;4;0.37;0.41;0.72;NA;0.16;2.25;0.04;3.04;3.06;NA;NA;NA;
31;5;0.16;0.46;0.53;NA;0.44;2.13;0.03;3.01;3.02;NA;NA;NA;
31;6;0.42;0.34;0.9;NA;2.54;2.38;0.14;2.64;2.73;NA;NA;NA;
31;7;0.68;0.6;0.93;NA;1.18;2.44;0.18;2.19;2.56;NA;NA;NA;
31;8;0.75;0.64;1.11;NA;1.22;2.12;0.18;2.19;6.82;NA;NA;NA;
31;9;0.97;0.62;1.07;NA;0.55;0.87;0.05;0.69;2.66;NA;NA;NA;
31;10;0.82;0.63;1.33;NA;0.61;1.22;0.21;7.29;1.41;NA;NA;NA;
31;11;0.37;0.21;0.6;NA;0.83;1.53;0.24;0.42;1.57;NA;NA;NA;
31;12;0.34;0.29;0.5;NA;1.8;0.84;0.11;0.53;1.05;NA;NA;NA;
31;13;0.39;0.29;0.35;NA;1.42;0.49;0.43;0.44;0.76;NA;NA;NA;
31;14;0.44;0.66;0.31;NA;1.64;1.06;0.53;0.45;1.02;NA;NA;NA;
31;15;0.25;0.31;0.47;NA;2.47;0.78;0.31;0.19;0.8;NA;NA;NA;
31;16;0.34;0.05;0.17;NA;2.98;0.97;0.16;0.29;1.02;NA;NA;NA;
31;17;0.32;0.14;0.57;NA;2.5;1.76;0.27;0.26;1.01;NA;NA;NA;
31;18;0.57;0.31;1.5;NA;1.03;1.59;1.15;0.29;1.29;NA;NA;NA;
31;19;1.02;0.13;2.12;NA;0.88;1.67;0.22;0.41;1.61;NA;NA;NA;
31;20;1.14;0.3;1.24;NA;0.47;2.15;0.11;0.64;3.61;NA;NA;NA;
31;21;0.64;0.65;0.9;NA;0.19;2.14;0.28;0.81;1.36;NA;NA;NA;
31;22;0.6;0.78;0.83;NA;0.73;2.02;0.19;1.09;1.48;NA;NA;NA;
31;23;0.61;0.17;0.69;NA;3.21;2.46;0.1;1.12;1.78;NA;NA;NA;
