DIA;HORA;Cotocollao;Carapungo;Belisario;Jipijapa;El Camal;Centro;Guamaní;Tumbaco;Los Chillos;El Condado;Turubamba;Chillogallo;
1;0;6.4;6.85;4.14;NA;17.45;5.84;4.52;2.15;9.72;NA;NA;NA;
1;1;5.66;ND;ND;NA;ND;8.23;3.19;2.2;ND;NA;NA;NA;
1;2;5.89;3.17;1.84;NA;12.32;3.99;2.79;2.73;3.52;NA;NA;NA;
1;3;4.89;2.47;2.17;NA;10.4;3.72;5.21;2.59;1.98;NA;NA;NA;
1;4;4.16;4.24;1.41;NA;11.49;3.83;6.21;3.08;4.34;NA;NA;NA;
1;5;4.15;5.16;3.18;NA;23.84;5.5;5.98;3.38;3.7;NA;NA;NA;
1;6;8.17;11.96;6.65;NA;32.32;14.91;3.81;4.36;9.19;NA;NA;NA;
1;7;17.21;18.96;19.06;NA;52.86;22.57;3.66;9.8;12.64;NA;NA;NA;
1;8;16.29;20.03;9.65;NA;15.53;7.06;2.43;13.62;41.39;NA;NA;NA;
1;9;18.19;15.25;7.96;NA;5.58;4.04;3.1;7.58;17.94;NA;NA;NA;
1;10;13.5;11.35;7.33;NA;7.84;4.8;4.15;5.6;47.65;NA;NA;NA;
1;11;9.73;11.65;5.93;NA;5.28;4.29;7.86;8.72;26.12;NA;NA;NA;
1;12;8.23;8.18;4.68;NA;5.09;3.44;5.17;9.38;9.76;NA;NA;NA;
1;13;4.18;5.3;4.97;NA;3.52;5.01;4.36;7.96;20.58;NA;NA;NA;
1;14;2.9;3.67;2.75;NA;4.09;4.25;3.62;4.76;7.65;NA;NA;NA;
1;15;2.94;2.64;2.75;NA;2.23;2.79;3.68;2.63;3.04;NA;NA;NA;
1;16;2.83;2.1;2.7;NA;3.43;2.49;3.85;2.5;2.79;NA;NA;NA;
1;17;2.8;1.49;2.39;NA;3.32;2.94;4.57;0.66;11.43;NA;NA;NA;
1;18;2.59;1.18;2.23;NA;2.25;2.97;4.01;1.68;4.54;NA;NA;NA;
1;19;2.61;1.32;2.33;NA;2.7;2.11;3.18;1.87;5.65;NA;NA;NA;
1;20;2.74;0.9;1.25;NA;3.93;2;4.63;1.66;8.05;NA;NA;NA;
1;21;2.57;0.62;1.02;NA;3.27;1.95;7.58;1.7;0.76;NA;NA;NA;
1;22;2.62;0.48;1.72;NA;2.17;1.61;2.46;1.47;2.01;NA;NA;NA;
1;23;2.29;0.58;0.87;NA;2.19;1.61;2.06;1.45;4.85;NA;NA;NA;
2;0;2.28;0.51;0.48;NA;1.81;1.16;1.87;ND;1.89;NA;NA;NA;
2;1;ND;0.42;0.46;NA;1.35;ND;ND;1.84;0.85;NA;NA;NA;
2;2;2.02;0.17;0.08;NA;1.3;0.5;3.09;2.46;1.25;NA;NA;NA;
2;3;2.2;0.49;0.15;NA;0.25;0.53;3.88;1.73;1.08;NA;NA;NA;
2;4;3.31;0.55;0.29;NA;0.18;0.71;3.57;3.31;1;NA;NA;NA;
2;5;3.96;0.71;0.49;NA;1.59;1.21;3.15;3.87;2.48;NA;NA;NA;
2;6;4.82;1.38;2.04;NA;3.67;2.86;2.78;4.87;3.15;NA;NA;NA;
2;7;8;2.6;6.64;NA;9.26;4.25;2.97;9.1;9.5;NA;NA;NA;
2;8;5.62;2.46;7.21;NA;17.86;5.62;5.29;20.23;25.42;NA;NA;NA;
2;9;4.38;1.75;6.6;NA;9.07;6.35;9.17;7.27;41.91;NA;NA;NA;
2;10;2.91;1.16;3.25;NA;5.84;2.93;10.07;4.09;8.99;NA;NA;NA;
2;11;ND;0.72;2.64;NA;3.7;3.08;6.82;2.5;10.6;NA;NA;NA;
2;12;ND;0.83;2.41;NA;3.3;2.43;3.57;3.6;11.06;NA;NA;NA;
2;13;2;1.01;2.35;NA;7.66;2.65;5.06;3.05;3.89;NA;NA;NA;
2;14;2.45;1.53;3.68;NA;6.3;3.13;5.2;4.04;5.5;NA;NA;NA;
2;15;2.11;1.97;4.9;NA;5.94;4.41;5;8.92;4.27;NA;NA;NA;
2;16;2.28;3.52;6.13;NA;4.32;4.28;5.36;5.11;5.53;NA;NA;NA;
2;17;1.79;4.37;5.26;NA;4.78;3.8;4.06;5.23;8.72;NA;NA;NA;
2;18;3.11;4.91;2.83;NA;6.98;4.11;14.26;5.61;6.87;NA;NA;NA;
2;19;3.37;2.81;6.05;NA;6.87;5.51;14.03;5.15;6.74;NA;NA;NA;
2;20;2.78;1.51;4.09;NA;10.78;4.89;10.11;3.39;12.09;NA;NA;NA;
2;21;3.58;1.4;4.85;NA;11.54;5.38;8.58;2.64;5.75;NA;NA;NA;
2;22;2.11;1.71;2.41;NA;13.64;10.08;6.91;2.13;1.41;NA;NA;NA;
2;23;2.47;1.11;3.86;NA;15.34;10.24;6.84;1.76;15.45;NA;NA;NA;
3;0;2.56;1.15;4.98;NA;10.1;7.68;6.08;1.57;3.73;NA;NA;NA;
3;1;2.39;ND;ND;NA;ND;6.58;5.01;1.59;ND;NA;NA;NA;
3;2;2.49;1.72;4.43;NA;6.29;5.81;3.87;1.37;5.1;NA;NA;NA;
3;3;2.48;1.11;4.75;NA;17.68;4.86;3.62;1.16;5.84;NA;NA;NA;
3;4;2.67;0.71;4.13;NA;26.08;4.72;4.85;1.18;4.45;NA;NA;NA;
3;5;2.26;1.3;1.96;NA;16.87;5.17;4.51;1.27;4.58;NA;NA;NA;
3;6;2.79;1.21;1.48;NA;6.55;3.22;4.47;1.24;4.59;NA;NA;NA;
3;7;3.91;1.5;2.61;NA;6.75;4.2;4;2.41;5.85;NA;NA;NA;
3;8;4.35;2.84;3.26;NA;6;3.45;2.99;5.78;5.38;NA;NA;NA;
3;9;5.26;3.35;4.11;NA;7.44;3.4;3.2;15.65;1.94;NA;NA;NA;
3;10;4.02;3.04;3.09;NA;5.35;2.56;2.8;7.34;0.79;NA;NA;NA;
3;11;3.24;3.92;2.1;NA;4.63;2.44;2.71;4.5;1.6;NA;NA;NA;
3;12;6.04;4;4.47;NA;3.52;4.03;3.04;3.3;4.06;NA;NA;NA;
3;13;5.04;4.21;10.38;NA;5.93;6.02;3.66;4.02;3.41;NA;NA;NA;
3;14;4.24;2.62;6.77;NA;4.95;4.5;3.73;6.28;7.43;NA;NA;NA;
3;15;3.52;2.44;2.69;NA;6.64;3.13;3.16;3.92;1;NA;NA;NA;
3;16;2.99;2.11;2.96;NA;5.88;2.79;3.26;3.23;1.58;NA;NA;NA;
3;17;2.12;1.44;2.53;NA;7.44;6.25;2.29;1.36;5.22;NA;NA;NA;
3;18;1.59;0.84;2.8;NA;6.7;3.59;3.76;3.1;9.02;NA;NA;NA;
3;19;2.28;0.89;2.93;NA;7.72;4.05;3.26;2.34;10.71;NA;NA;NA;
3;20;4.45;1.09;3.45;NA;5.68;3.9;3.96;2.69;2.44;NA;NA;NA;
3;21;3.28;0.82;2.03;NA;5.76;4.18;3.04;1.84;1.55;NA;NA;NA;
3;22;2.56;0.64;1.43;NA;7.4;3.83;2.22;1.54;2.01;NA;NA;NA;
3;23;3.81;0.77;1.43;NA;7.41;4.13;2.44;1.57;9.99;NA;NA;NA;
4;0;2.21;0.65;2.59;NA;5.89;4.76;3.87;ND;11.26;NA;NA;NA;
4;1;ND;0.51;1.68;NA;2.71;ND;ND;1.44;3.5;NA;NA;NA;
4;2;2.03;0.71;0.52;NA;2.01;1.41;2.01;1.13;0.47;NA;NA;NA;
4;3;1.86;0.61;0.57;NA;0.97;1.72;2.15;1.36;2.53;NA;NA;NA;
4;4;1.56;0.67;0.43;NA;2.06;1.34;2.57;0.95;0.76;NA;NA;NA;
4;5;1.86;0.94;0.68;NA;6.3;1.5;2.91;0.98;0.19;NA;NA;NA;
4;6;2.36;1.05;0.73;NA;4.9;2.6;4.61;1.24;1.13;NA;NA;NA;
4;7;2.2;1.25;1.06;NA;8.82;5.74;4.46;1.31;3.29;NA;NA;NA;
4;8;3.13;1.18;2.98;NA;7.8;5.08;7.08;1.22;31.79;NA;NA;NA;
4;9;2.91;1.33;4;NA;4.18;3.32;3.36;0.99;14.25;NA;NA;NA;
4;10;2.63;1.81;2.39;NA;2.9;2.65;2.66;2.99;28.9;NA;NA;NA;
4;11;2.56;2.15;1.87;NA;3.12;3.02;3.09;1.72;37.3;NA;NA;NA;
4;12;1.56;2.44;2.2;NA;2.85;1.78;3.9;1.28;17.43;NA;NA;NA;
4;13;1.27;1.12;1.66;NA;2.16;1.67;3.18;1.98;3.56;NA;NA;NA;
4;14;0.97;1.21;1.95;NA;1.53;1.61;2.28;2.33;4.56;NA;NA;NA;
4;15;1.07;0.98;1.5;NA;4.32;1.28;2.41;0.4;2.13;NA;NA;NA;
4;16;1.17;0.77;2.51;NA;2.65;1.46;2.01;1.5;0.54;NA;NA;NA;
4;17;1.86;1.18;2.61;NA;1.71;1.38;5.29;1.39;0.58;NA;NA;NA;
4;18;1.7;1.66;3.22;NA;2.24;2.4;22.04;1.63;2.92;NA;NA;NA;
4;19;1.49;1.38;2.3;NA;3.64;2.35;12.3;1.54;2.94;NA;NA;NA;
4;20;1.37;0.75;1.22;NA;2.17;2.54;5.17;1;2.62;NA;NA;NA;
4;21;1.38;0.81;1.1;NA;5.72;1.53;3.46;1.38;4.74;NA;NA;NA;
4;22;1.55;1.2;0.79;NA;4.35;1.51;2.38;1.36;6.3;NA;NA;NA;
4;23;1.38;1.1;0.41;NA;4.7;1.62;2.87;1.2;3.18;NA;NA;NA;
5;0;1.2;1.06;0.37;NA;2.31;0.93;2.78;1.67;27.72;NA;NA;NA;
5;1;0.95;ND;ND;NA;ND;0.89;2.67;1.56;ND;NA;NA;NA;
5;2;1.03;1.48;0.77;NA;2.41;1.02;2.26;1.95;5.95;NA;NA;NA;
5;3;1.4;3.54;0.71;NA;24.53;4.03;2.09;2.23;2.87;NA;NA;NA;
5;4;1.44;3.71;0.61;NA;14.02;4.2;1.78;2.89;1.97;NA;NA;NA;
5;5;3.21;4.07;0.83;NA;18.33;7.02;2.02;2.99;2.15;NA;NA;NA;
5;6;6.53;6.27;4.43;NA;25.07;13.75;5.88;5.25;4.09;NA;NA;NA;
5;7;8.04;11.36;7.41;NA;21.7;9.97;3.09;7.29;6.34;NA;NA;NA;
5;8;9.21;8.94;4.03;NA;8.42;7.62;2.54;10.78;5.6;NA;NA;NA;
5;9;7.68;8.54;5;NA;4.19;3;2.29;5.95;4.26;NA;NA;NA;
5;10;4.08;4.71;6.55;NA;2.45;2.54;1.99;3.15;2.15;NA;NA;NA;
5;11;4.74;2.81;6.1;NA;1.28;1.66;3.41;ND;ND;NA;NA;NA;
5;12;3.19;2.66;3.78;NA;2.85;3;2.37;ND;ND;NA;NA;NA;
5;13;2.63;3.67;1.48;NA;2.64;1.66;2.64;1.63;ND;NA;NA;NA;
5;14;2.35;3.35;2.28;NA;3.07;1.49;1.91;1.5;0.38;NA;NA;NA;
5;15;2.06;2.78;2.87;NA;2.82;1.41;2.18;2.46;ND;NA;NA;NA;
5;16;1.37;1.81;1.72;NA;3.84;1.66;2.21;1.39;2.66;NA;NA;NA;
5;17;1.35;1.67;2.38;NA;4.49;3.26;2.41;1.01;6.44;NA;NA;NA;
5;18;4.01;1.69;2.09;NA;5.72;3.84;2.13;1.39;11.85;NA;NA;NA;
5;19;2.75;1.84;1.95;NA;7.66;2.41;2.35;1.48;2.08;NA;NA;NA;
5;20;2.92;1.82;1.59;NA;4.26;1.96;2.5;1.21;2.48;NA;NA;NA;
5;21;2.44;1.9;0.94;NA;1.78;1.67;2.67;1.04;0.53;NA;NA;NA;
5;22;1.79;2;0.84;NA;2.04;2.66;2.15;0.89;4.33;NA;NA;NA;
5;23;2.73;4.44;1.69;NA;3.73;5.24;3.04;1.07;3.12;NA;NA;NA;
6;0;3.62;5.23;3.41;NA;3.66;3.57;2.42;ND;2.56;NA;NA;NA;
6;1;ND;2.41;2.11;NA;2.71;ND;ND;1.34;5.26;NA;NA;NA;
6;2;3.95;3.62;1.12;NA;4.84;2.34;1.74;1.05;1.65;NA;NA;NA;
6;3;4.64;2.94;1.27;NA;9.44;9.29;1.46;1.39;0.72;NA;NA;NA;
6;4;6.33;6.33;3.87;NA;30.05;5.19;1.75;2.55;1.32;NA;NA;NA;
6;5;7.08;8.16;1.89;NA;45.71;7.84;3.58;2.4;2.84;NA;NA;NA;
6;6;8.09;6.58;5.6;NA;73.98;8.04;3.17;4.98;5.72;NA;NA;NA;
6;7;10.58;5.59;16.95;NA;38.32;21.25;2.63;10.72;5.33;NA;NA;NA;
6;8;8.75;6.05;11.23;NA;6.3;10.81;2.65;13.23;5.43;NA;NA;NA;
6;9;7.38;6.62;8.52;NA;ND;4.86;2.36;5.26;3.97;NA;NA;NA;
6;10;5.76;3.71;6.69;NA;ND;5.64;ND;3.01;16.88;NA;NA;NA;
6;11;3.66;2.24;4.28;NA;ND;4.18;ND;3.31;37.48;NA;NA;NA;
6;12;2.15;1.92;2.97;NA;2.32;2.95;2.78;2.89;11.37;NA;NA;NA;
6;13;1.59;1.51;2.82;NA;2.56;2.75;2.02;2.52;17.02;NA;NA;NA;
6;14;1.27;2.01;2.49;NA;ND;2.15;ND;2.25;8.11;NA;NA;NA;
6;15;1.33;1.64;2.34;NA;2.69;1.52;2.45;2.28;2.85;NA;NA;NA;
6;16;1.31;1.92;1.72;NA;5.39;1.46;1.85;3.76;1.21;NA;NA;NA;
6;17;1.16;3.13;3.17;NA;6.66;2.22;2.14;7.75;2.46;NA;NA;NA;
6;18;1.45;4.6;3.74;NA;2.71;1.59;7.9;5.18;2.36;NA;NA;NA;
6;19;1.53;4.88;2.04;NA;3;1.82;22.91;4.59;3.47;NA;NA;NA;
6;20;1.85;6.56;1.32;NA;6.54;2.1;17.93;2.85;13.07;NA;NA;NA;
6;21;1.39;2.61;2.51;NA;3.98;2.61;6.54;2.6;10.39;NA;NA;NA;
6;22;1.24;1.87;1.06;NA;7.83;2.32;5.01;1.8;16.74;NA;NA;NA;
6;23;1.17;2;1.19;NA;6.37;1.84;4.41;1.96;3.21;NA;NA;NA;
7;0;1.29;2.84;0.78;NA;3.26;1.52;3.09;2.14;0.84;NA;NA;NA;
7;1;1.56;ND;ND;NA;ND;1.46;5.86;1.94;ND;NA;NA;NA;
7;2;1.57;4.14;0.77;NA;3.07;1.23;10.73;2.11;2.05;NA;NA;NA;
7;3;2.34;3.15;0.29;NA;2.46;0.83;5.55;1.92;1.24;NA;NA;NA;
7;4;2.91;2.16;0.52;NA;2.12;0.71;3.6;1.82;3.18;NA;NA;NA;
7;5;2.21;3.04;0.48;NA;7.14;1.62;3.83;2.3;3.05;NA;NA;NA;
7;6;4.89;3.91;2.27;NA;5.82;3.22;3.42;2.88;3.99;NA;NA;NA;
7;7;6.31;6;4.43;NA;8.03;3.84;3.32;3.63;10.99;NA;NA;NA;
7;8;6.05;6.45;6.89;NA;9.45;3.58;4.65;7.44;15.58;NA;NA;NA;
7;9;4.67;4.69;6.57;NA;5.75;3.92;4.81;6.23;11.97;NA;NA;NA;
7;10;4.04;5.04;6.49;NA;5.03;3.77;9.93;3.6;6.31;NA;NA;NA;
7;11;3.53;3.73;6.3;NA;7.48;5.54;4.82;2.48;42.25;NA;NA;NA;
7;12;2.3;3.91;5.1;NA;7.12;6.35;3.71;4.15;27.34;NA;NA;NA;
7;13;1.7;2.45;3.59;NA;3.72;ND;4.13;3.01;11.74;NA;NA;NA;
7;14;1.36;1.77;2.32;NA;3.96;ND;2.51;3.92;4.81;NA;NA;NA;
7;15;1.43;1.39;2.31;NA;3.13;0.6;2.5;2.43;1.19;NA;NA;NA;
7;16;1.37;1.38;3.05;NA;3.05;0.63;3.24;1.91;1.11;NA;NA;NA;
7;17;2.26;1.45;3.59;NA;2.7;0.58;4.46;1.18;1.48;NA;NA;NA;
7;18;4.53;1.45;3.03;NA;3.45;0.69;5.86;1.83;0.99;NA;NA;NA;
7;19;4.79;3.77;4.21;NA;4;0.49;10.84;19.75;0.39;NA;NA;NA;
7;20;3.1;4.02;2.89;NA;8.01;0.34;4.94;6.69;0.72;NA;NA;NA;
7;21;3.07;2.4;2.22;NA;3.63;0.2;14.73;2.93;1.24;NA;NA;NA;
7;22;2.5;4.33;1.32;NA;4.25;0.2;3.68;3.32;0.98;NA;NA;NA;
7;23;2.98;4.13;1.03;NA;1.98;0.06;3.02;2.1;4.95;NA;NA;NA;
8;0;2.38;4.85;1.74;NA;2.86;0.06;3.84;ND;11.94;NA;NA;NA;
8;1;ND;7.49;1.65;NA;1.66;ND;ND;1.95;4.84;NA;NA;NA;
8;2;2.17;3.65;2.01;NA;1.36;0.24;6.93;1.78;4.26;NA;NA;NA;
8;3;1.99;2.24;2.36;NA;5.64;0.32;6.31;1.44;0.41;NA;NA;NA;
8;4;1.27;1.45;1.96;NA;9.88;0.18;3.69;1.26;1.32;NA;NA;NA;
8;5;2.41;1.5;0.61;NA;12.34;0.38;5.99;1.28;10.72;NA;NA;NA;
8;6;2.29;1.51;1.1;NA;10.93;0.53;8.69;1.18;5.16;NA;NA;NA;
8;7;1.67;1.75;2.22;NA;15.41;0.68;8.19;1.34;6.27;NA;NA;NA;
8;8;2.49;1.98;2.84;NA;7.02;1.37;5.76;1.27;19.89;NA;NA;NA;
8;9;2.55;1.46;3.15;NA;5.98;1.15;4.72;1.24;2.56;NA;NA;NA;
8;10;2.76;1.69;3.15;NA;8.78;1.48;7.75;1.29;12.62;NA;NA;NA;
8;11;1.86;2.33;3.25;NA;2.85;1.07;4.17;0.89;10.56;NA;NA;NA;
8;12;2.12;3.01;3.33;NA;2.74;0.61;3.98;1.21;9.25;NA;NA;NA;
8;13;2.36;1.52;3.69;NA;4.21;0.39;2.72;1.18;6.69;NA;NA;NA;
8;14;3.99;3.33;1.67;NA;2.87;0.44;4.23;2.89;1.4;NA;NA;NA;
8;15;1.64;1.82;1.54;NA;3.12;0.14;2.92;6.42;3.03;NA;NA;NA;
8;16;1.58;2.05;2.1;NA;3.03;0.3;3.73;1.74;0.56;NA;NA;NA;
8;17;2.11;2.89;2.73;NA;3.23;0.85;21.07;2.87;1.82;NA;NA;NA;
8;18;2.11;2.57;3.37;NA;3.19;1.43;34.21;1.99;2.29;NA;NA;NA;
8;19;1.66;2.02;3.07;NA;5.9;1.65;15.08;2.47;3.03;NA;NA;NA;
8;20;2.16;1.44;1.22;NA;15.35;0.92;7.57;1.85;1.64;NA;NA;NA;
8;21;1.77;1.02;1.41;NA;16.11;1.55;6.09;1.58;4.07;NA;NA;NA;
8;22;1.67;0.78;1.29;NA;10.48;3.58;5.04;1.16;7.28;NA;NA;NA;
8;23;1.12;0.79;1.36;NA;11.58;1.38;17.04;1.06;7.85;NA;NA;NA;
9;0;0.76;0.9;1.46;NA;3.46;0.93;28.66;1.01;2.09;NA;NA;NA;
9;1;1.07;ND;ND;NA;ND;0.49;59.69;1;ND;NA;NA;NA;
9;2;0.76;0.95;1.83;NA;1.83;0.25;42.69;1.71;0;NA;NA;NA;
9;3;0.98;4.19;0.68;NA;1.43;0.3;29.04;1.77;4.67;NA;NA;NA;
9;4;2.33;4.46;0.81;NA;9.35;0.23;8.63;2.11;8.67;NA;NA;NA;
9;5;2.83;7.6;1.3;NA;8.53;0.67;5.59;2.23;5.18;NA;NA;NA;
9;6;5.3;6.44;1.74;NA;9.14;1.63;3.94;6.32;2.42;NA;NA;NA;
9;7;8.66;4.36;5.43;NA;13.79;3.06;3.73;5.03;6.28;NA;NA;NA;
9;8;8.49;6.56;11.16;NA;43.94;6.39;3.89;4.48;17.41;NA;NA;NA;
9;9;ND;5.32;4.22;NA;23.08;2.14;2.85;4.58;6.97;NA;NA;NA;
9;10;ND;6.81;3.88;NA;15.76;2.93;2.35;2.72;5.21;NA;NA;NA;
9;11;0.9;5.09;ND;NA;4.5;2.3;2.43;1.95;3.05;NA;NA;NA;
9;12;0.89;4.59;4.63;NA;4.71;1.59;2.87;2.12;0.64;NA;NA;NA;
9;13;0.82;2.16;ND;NA;5.47;2.04;3.21;1.4;13.21;NA;NA;NA;
9;14;ND;1.84;ND;NA;5.17;1.38;3.3;3.23;0.72;NA;NA;NA;
9;15;1.14;1.76;2.55;NA;3.55;1.3;7.37;2.05;1.28;NA;NA;NA;
9;16;0.95;1.7;2.85;NA;5.33;1.61;6.2;1.63;1.65;NA;NA;NA;
9;17;0.98;1.86;1.28;NA;4.59;1.06;4.58;1.78;1.22;NA;NA;NA;
9;18;1.22;1.47;1.72;NA;6.05;0.84;4.66;1.66;2.96;NA;NA;NA;
9;19;0.94;1.6;1.89;NA;11.33;0.78;9.78;1.49;7.18;NA;NA;NA;
9;20;0.81;1.37;2.38;NA;7.19;0.67;10.98;1.49;0.29;NA;NA;NA;
9;21;0.98;1.34;2.06;NA;3.12;0.54;4.92;1.38;8.11;NA;NA;NA;
9;22;0.99;1.55;0.7;NA;5.22;0.67;19.96;1.41;12.23;NA;NA;NA;
9;23;1.33;1.75;2.47;NA;3.17;1.29;23.34;1.52;1.51;NA;NA;NA;
10;0;1.19;1.58;1.21;NA;5.03;1.08;5.97;ND;0.36;NA;NA;NA;
10;1;ND;1.64;0.68;NA;6.11;ND;ND;9.41;0.35;NA;NA;NA;
10;2;0.91;1.62;0.69;NA;6.02;2.34;4.24;7.37;0.39;NA;NA;NA;
10;3;1.73;3.39;0.92;NA;6.19;2.36;4.52;5.52;0.19;NA;NA;NA;
10;4;2.64;3.2;1.35;NA;11.83;3.65;11.96;6.27;1.54;NA;NA;NA;
10;5;3.15;2.54;1.74;NA;13.41;4.09;6.96;9.66;1.76;NA;NA;NA;
10;6;3.19;2.41;3.69;NA;19.16;3.33;10.31;10.96;0.89;NA;NA;NA;
10;7;3.86;4.53;8.21;NA;14.96;4.91;28.62;7.93;2.08;NA;NA;NA;
10;8;3.47;4.75;6.21;NA;9.54;2.48;9.95;8.44;3.41;NA;NA;NA;
10;9;3.17;5.38;5.18;NA;5.29;2.12;4.95;5.02;3.26;NA;NA;NA;
10;10;2.6;5.93;2.93;NA;5.96;1.11;3.34;3.97;1.39;NA;NA;NA;
10;11;1.98;2.54;3.68;NA;6.31;1.03;3.68;1.23;5.68;NA;NA;NA;
10;12;1.38;1.99;3.08;NA;4.93;1.97;2.63;2.64;39.29;NA;NA;NA;
10;13;1.07;1.51;2.19;NA;5.57;1.14;2.52;2.1;5.08;NA;NA;NA;
10;14;0.92;1.55;1.99;NA;4.55;1.62;2.31;1.37;28.04;NA;NA;NA;
10;15;0.9;1.52;0.48;NA;2.52;1.32;2.15;1.78;4.38;NA;NA;NA;
10;16;0.7;1.18;1.98;NA;2.98;1.25;2.64;1.94;4.64;NA;NA;NA;
10;17;0.92;1.5;1.79;NA;2.73;1.19;3.09;0.64;0.49;NA;NA;NA;
10;18;0.78;1.36;1.39;NA;2.43;1.06;3.39;1.45;1.9;NA;NA;NA;
10;19;1.36;1.82;2.1;NA;3.37;1.1;2.32;2.17;3.73;NA;NA;NA;
10;20;1.4;1.61;1.11;NA;3.84;1.27;2.81;1.72;6.62;NA;NA;NA;
10;21;1.2;1.18;0.22;NA;3.05;0.82;2.05;1.47;4.18;NA;NA;NA;
10;22;1.34;1.38;0.24;NA;2.43;1.08;2.4;1.45;1.58;NA;NA;NA;
10;23;1.09;1.21;0.36;NA;4.43;0.51;3.06;1.34;0.15;NA;NA;NA;
11;0;1.49;1.1;0.39;NA;4.56;0.54;3.59;1.08;0.61;NA;NA;NA;
11;1;1.1;ND;ND;NA;ND;1.08;3.12;1.26;ND;NA;NA;NA;
11;2;0.88;1.12;0.42;NA;3.29;0.67;1.98;1.34;1.28;NA;NA;NA;
11;3;1.02;0.91;0.14;NA;2.62;1.05;3.38;0.89;0.07;NA;NA;NA;
11;4;1.17;1.16;0.01;NA;2.48;0.98;24.37;0.48;0.05;NA;NA;NA;
11;5;0.82;1.15;0.83;NA;3.78;1.36;5.07;0.55;0.02;NA;NA;NA;
11;6;0.85;1.43;0.29;NA;3.54;2.03;17.35;1.01;0.3;NA;NA;NA;
11;7;1.33;1.89;1.62;NA;4.2;1.8;8.07;1.62;2.41;NA;NA;NA;
11;8;1.31;2.08;3.5;NA;6.07;1.85;6.12;1.66;3.05;NA;NA;NA;
11;9;1.25;1.94;3.1;NA;4.38;1.47;3.75;1.35;4.57;NA;NA;NA;
11;10;1.02;1.87;1.47;NA;2.36;0.97;4.71;2.08;2.15;NA;NA;NA;
11;11;0.84;1.68;0.74;NA;2.06;0.66;4.18;1.13;0.4;NA;NA;NA;
11;12;0.78;1.35;0.15;NA;2.89;0.56;3.32;1.39;0.08;NA;NA;NA;
11;13;0.64;1.3;0.53;NA;2.27;0.39;6.44;1.57;0;NA;NA;NA;
11;14;0.72;1.31;0.36;NA;1.86;0.34;2.64;0.55;0.04;NA;NA;NA;
11;15;0.65;1.47;1.07;NA;2.34;0.34;2.23;1.72;0;NA;NA;NA;
11;16;0.71;1.34;1.06;NA;2.72;0.48;2.33;1.36;0;NA;NA;NA;
11;17;0.71;1.31;1.64;NA;2.48;0.5;4.76;0.76;0;NA;NA;NA;
11;18;0.82;1.58;1.64;NA;2.42;0.63;5.71;1.01;0;NA;NA;NA;
11;19;1.35;1.58;1.28;NA;2.3;0.62;3.32;1.54;0.44;NA;NA;NA;
11;20;1.16;1.78;0.87;NA;2.04;0.47;2.88;0.79;1.12;NA;NA;NA;
11;21;1.39;2.19;0.63;NA;2.01;0.82;2.02;0.92;0.9;NA;NA;NA;
11;22;1.2;1.61;1.35;NA;17.12;1.13;1.91;1.64;1.07;NA;NA;NA;
11;23;0.74;1.27;1.79;NA;1.73;0.91;2.49;2.42;0.5;NA;NA;NA;
12;0;0.48;1.28;1.81;NA;1.26;0.46;14.41;ND;0.91;NA;NA;NA;
12;1;ND;1.29;0.3;NA;1.62;ND;ND;1.25;0.01;NA;NA;NA;
12;2;0.87;1.68;0;NA;1.24;0.62;4.75;2.64;0;NA;NA;NA;
12;3;0.72;1.77;0.47;NA;1.55;0.27;2.07;1.59;0;NA;NA;NA;
12;4;0.81;1.2;0.17;NA;1.73;0.18;3.38;1.31;0.16;NA;NA;NA;
12;5;1.56;2.35;2.88;NA;2.89;0.57;2.43;1.1;3.35;NA;NA;NA;
12;6;2.81;2.79;1.69;NA;4.08;2.01;3.11;1.89;3.95;NA;NA;NA;
12;7;3.38;5.69;2.63;NA;5.9;4.36;17.57;2.51;2.79;NA;NA;NA;
12;8;4.76;8.25;3.17;NA;11.44;5.42;27.55;3.04;3.14;NA;NA;NA;
12;9;5.74;12.85;2.32;NA;6.43;1.5;8.99;2.17;2.83;NA;NA;NA;
12;10;5.81;ND;2.21;NA;4.73;1.68;7.43;1.57;5.18;NA;NA;NA;
12;11;4.72;ND;2.65;NA;3.08;1.89;4.76;1.91;101.21;NA;NA;NA;
12;12;2.16;1.76;2.87;NA;4.34;2.23;5.51;ND;20.37;NA;NA;NA;
12;13;1.61;ND;1.64;NA;3.02;1.53;4.45;1.4;1.09;NA;NA;NA;
12;14;1.04;1.94;2.13;NA;5.69;ND;4.44;2.04;0.27;NA;NA;NA;
12;15;1.3;1.96;3.11;NA;4.57;1.48;2.3;1.54;1.24;NA;NA;NA;
12;16;2.46;7.35;0.55;NA;6.88;1.58;2.9;2.53;1.19;NA;NA;NA;
12;17;2.93;6.55;1.5;NA;9.91;3.82;4.83;5.97;6.57;NA;NA;NA;
12;18;2.76;2.31;2.47;NA;10.56;4.85;7.26;2.68;7.16;NA;NA;NA;
12;19;3.33;2.44;2.67;NA;9.36;3.36;13.07;1.87;11.19;NA;NA;NA;
12;20;3.95;4.08;4.92;NA;11.45;3.49;11.97;2.5;12.89;NA;NA;NA;
12;21;3.9;9.05;5.22;NA;7.49;4.31;4.5;2.18;2.7;NA;NA;NA;
12;22;3.03;3.71;9.67;NA;14.82;5.41;3.92;1.97;1.73;NA;NA;NA;
12;23;3.47;8.81;7.74;NA;6.22;5.33;3.23;2.2;2.34;NA;NA;NA;
13;0;4.57;12.32;5.68;NA;13.26;4.26;2.56;2.26;6.67;NA;NA;NA;
13;1;3.12;ND;ND;NA;ND;3.6;2.47;2.61;ND;NA;NA;NA;
13;2;3.83;5.76;2.17;NA;42.47;3.29;2.06;2.55;1.8;NA;NA;NA;
13;3;3.58;7.46;1.64;NA;22.09;1.93;1.99;2.65;1.76;NA;NA;NA;
13;4;3.37;3.27;1.84;NA;14.57;5.17;1.95;2.84;1.41;NA;NA;NA;
13;5;5.15;2.03;3.37;NA;18.46;6.01;2.47;3.54;5.17;NA;NA;NA;
13;6;7.06;4.12;2.49;NA;29.69;11.64;2.49;4.18;3.32;NA;NA;NA;
13;7;9.09;8.69;15.2;NA;26.86;13.61;3.06;4.49;7.3;NA;NA;NA;
13;8;11.13;8.33;5.05;NA;6.14;6.39;3.13;5.76;8.32;NA;NA;NA;
13;9;4.54;6.75;2.05;NA;5.86;3.55;2.98;3.14;5.23;NA;NA;NA;
13;10;4.96;4.74;2.95;NA;6.1;2.31;2.57;5.32;7.41;NA;NA;NA;
13;11;ND;3.37;1.8;NA;6.83;1.41;2.62;2.98;16.38;NA;NA;NA;
13;12;ND;3.23;1.41;NA;1.88;1.33;2.88;2.53;0.01;NA;NA;NA;
13;13;2.92;ND;1.2;NA;4.41;1.1;4.04;2.64;2.92;NA;NA;NA;
13;14;1.82;2.83;2.36;NA;3.1;1.23;3.72;2.8;7.34;NA;NA;NA;
13;15;1.68;1.6;2.14;NA;1.95;1.27;3.16;2.47;9.43;NA;NA;NA;
13;16;1.45;1.29;0.76;NA;2.41;1.12;2.73;2.31;30.8;NA;NA;NA;
13;17;1.32;2.55;1.5;NA;3.58;1.5;2.92;2.02;37.54;NA;NA;NA;
13;18;1.28;2.91;1.09;NA;3.8;1.47;2.83;1.65;9.52;NA;NA;NA;
13;19;1.71;2.92;2.98;NA;4.83;1.59;2.85;0.89;1.1;NA;NA;NA;
13;20;1.45;2.05;3.29;NA;6.47;1.94;6.62;1.14;24.71;NA;NA;NA;
13;21;1.79;1.49;6.44;NA;6.48;1.59;3.27;1.19;8.7;NA;NA;NA;
13;22;3.38;1.63;10.01;NA;6.85;2.5;2.65;1.36;7.75;NA;NA;NA;
13;23;3.14;1.72;3.99;NA;7.58;2.54;2.69;1.43;4.07;NA;NA;NA;
14;0;3.19;3.01;2.52;NA;5.67;2.93;3.32;ND;2.46;NA;NA;NA;
14;1;ND;3.37;2.06;NA;5.01;ND;ND;1.67;0.96;NA;NA;NA;
14;2;3.33;5.44;1.34;NA;5.49;2.54;3.25;1.93;0.55;NA;NA;NA;
14;3;3.87;4.78;2.92;NA;3.52;1.78;3.9;2.57;1.21;NA;NA;NA;
14;4;3.63;6.11;2.56;NA;6.93;3.01;5;2.13;0.74;NA;NA;NA;
14;5;5.3;4.95;3.36;NA;7.6;4.54;4.55;2.3;5.58;NA;NA;NA;
14;6;7.69;5.68;8.59;NA;11.68;6.23;5.41;3.48;6.08;NA;NA;NA;
14;7;9.33;9.39;12.29;NA;16.55;6.27;5.9;5.28;16.74;NA;NA;NA;
14;8;9.24;6.98;8.87;NA;7.91;5.7;4.28;4.18;14.1;NA;NA;NA;
14;9;5.48;5.76;8.02;NA;12.79;6.53;5.6;2.39;17;NA;NA;NA;
14;10;9.43;7.92;10.7;NA;12.16;9.46;6.84;4.17;49.03;NA;NA;NA;
14;11;5.57;2.98;4.48;NA;7.93;4.84;ND;4.83;30.01;NA;NA;NA;
14;12;3.43;2.2;ND;NA;3.92;2.68;4.01;2.94;20.67;NA;NA;NA;
14;13;2.95;2.04;3.15;NA;4.47;2.88;6.95;4.63;ND;NA;NA;NA;
14;14;5.5;3.87;2.1;NA;5.21;2.13;6.5;3.32;ND;NA;NA;NA;
14;15;8.52;6.33;8.44;NA;4.2;2.63;3.51;2.44;12.59;NA;NA;NA;
14;16;10.79;8.58;10.71;NA;9.55;7.82;2.72;5.62;4.56;NA;NA;NA;
14;17;6.07;3.52;6.15;NA;13.32;7.42;10.32;5.09;11.18;NA;NA;NA;
14;18;5.09;4.46;2.84;NA;8.71;4.64;14.07;11.94;16.18;NA;NA;NA;
14;19;3.17;2.3;2.82;NA;8.63;5.46;9.83;6.15;6.14;NA;NA;NA;
14;20;2.37;1.87;3.65;NA;7.92;4.22;5.88;2.88;2.22;NA;NA;NA;
14;21;8.41;2.59;7.42;NA;9.7;5.33;4.08;2.36;0.49;NA;NA;NA;
14;22;15.33;3.4;17.23;NA;12.92;5.77;3.96;1.92;11.54;NA;NA;NA;
14;23;15.15;7.14;9.7;NA;15.05;6.57;4.32;2.29;38.36;NA;NA;NA;
15;0;22.3;8.58;13.24;NA;12.79;8.11;5.68;2.77;18.17;NA;NA;NA;
15;1;18.28;ND;ND;NA;ND;11.49;3.74;2.75;ND;NA;NA;NA;
15;2;11.91;9.73;13.19;NA;19.6;13.29;4.66;3.05;10.07;NA;NA;NA;
15;3;9;16.21;14.13;NA;33.45;12.57;4.66;1.8;7.13;NA;NA;NA;
15;4;9.11;2.45;8.93;NA;29.9;15.39;2.06;1.94;5.61;NA;NA;NA;
15;5;9.7;4.43;8.24;NA;29.58;13.09;7.48;2.36;4.12;NA;NA;NA;
15;6;12.54;5.27;9.3;NA;30.78;13.95;14.5;2.89;7.68;NA;NA;NA;
15;7;16;12.31;18.02;NA;23.87;14.86;17.23;3.62;23.02;NA;NA;NA;
15;8;10.63;18.42;14.8;NA;17.16;13.43;22.32;3.69;19.78;NA;NA;NA;
15;9;6.46;9.29;15.22;NA;21.03;16.51;25.07;4.23;13.36;NA;NA;NA;
15;10;6.76;8.04;14.69;NA;17.92;12.69;25.31;7.82;11.88;NA;NA;NA;
15;11;9.91;6.91;13.37;NA;21.42;15.07;15.42;7.29;46.22;NA;NA;NA;
15;12;10.8;3.6;13.61;NA;15.34;13.86;6.98;5.63;22.73;NA;NA;NA;
15;13;5.16;3.14;7.49;NA;7.49;8.77;5.98;6.18;19.31;NA;NA;NA;
15;14;4.13;3.74;6.94;NA;8.82;5.76;2.78;3.59;10.46;NA;NA;NA;
15;15;3.03;2.74;5.04;NA;8.62;5.33;2.77;3.47;13.05;NA;NA;NA;
15;16;3.38;2.19;5.31;NA;7.03;5.27;2.26;3.43;15.64;NA;NA;NA;
15;17;2.99;1.85;5.57;NA;4.93;5.63;3.39;1.2;4.23;NA;NA;NA;
15;18;2.83;1.42;3.87;NA;5.4;4.25;2.42;1.83;3.38;NA;NA;NA;
15;19;2.54;1.34;2.91;NA;5.31;3.65;3.66;1.35;0.85;NA;NA;NA;
15;20;3.24;1.31;1.66;NA;4.84;2.66;2.81;1.82;8.71;NA;NA;NA;
15;21;2.58;1.07;2.79;NA;4.48;2.58;2.02;1.44;0.73;NA;NA;NA;
15;22;2.85;1.23;1.17;NA;3.81;2.45;3.3;1.53;0.5;NA;NA;NA;
15;23;3.82;0.73;1.35;NA;5.14;2.06;3.49;1.26;0.81;NA;NA;NA;
16;0;2.18;1.02;0.67;NA;3.61;1.78;4.6;ND;2.22;NA;NA;NA;
16;1;ND;1.63;0.45;NA;3.02;ND;3.61;1.47;0.47;NA;NA;NA;
16;2;3.25;1.57;0.78;NA;3.12;2.32;4.15;1.31;0.1;NA;NA;NA;
16;3;3.41;1.23;1.45;NA;2.85;2.1;6.12;1;0.19;NA;NA;NA;
16;4;7.18;1.14;3.94;NA;4.46;2.59;5.16;0.87;0.17;NA;NA;NA;
16;5;6.66;1.44;5.02;NA;8.63;3.63;4.54;1.44;0.63;NA;NA;NA;
16;6;3.73;2.05;2.7;NA;8.85;4.61;12.49;2.55;1.27;NA;NA;NA;
16;7;3.99;2.7;1.84;NA;9.59;3.47;13.72;3.45;2.58;NA;NA;NA;
16;8;9.1;2.09;3.67;NA;11.09;4.68;9.01;4.59;3.35;NA;NA;NA;
16;9;7.01;4.2;4.21;NA;7.97;4.04;4.9;5.93;3.51;NA;NA;NA;
16;10;7.68;4.65;1.99;NA;6.28;2.91;4.08;4.74;38.94;NA;NA;NA;
16;11;5.77;4.01;2.67;NA;4.19;1.64;4.48;2.79;93.28;NA;NA;NA;
16;12;4.74;3.71;1.92;NA;4.82;1.52;2.49;4.06;15.91;NA;NA;NA;
16;13;3.62;2.69;2;NA;5.46;1.7;1.55;1.53;3.88;NA;NA;NA;
16;14;2.54;2.62;2.75;NA;3.42;1.88;2.03;2.96;6.23;NA;NA;NA;
16;15;1.67;1.86;2.99;NA;2.66;1.31;2.91;3.87;3.15;NA;NA;NA;
16;16;1.54;2.43;2.29;NA;3.8;1.75;1.94;2.62;1.73;NA;NA;NA;
16;17;1.56;1.92;3.52;NA;3.25;1.87;2.11;2.23;2.17;NA;NA;NA;
16;18;1.44;1.6;4.78;NA;4.21;2.29;1.91;1.11;12.66;NA;NA;NA;
16;19;2.06;1.24;2.96;NA;3;2.14;1.67;2.26;0.72;NA;NA;NA;
16;20;3.77;1.6;1.97;NA;3.08;1.72;1.59;1.88;7.41;NA;NA;NA;
16;21;2.6;1.31;1.24;NA;3.44;1.42;3.76;1.66;7.7;NA;NA;NA;
16;22;2.97;1.44;1.23;NA;3.89;1.28;7.13;2.05;6.48;NA;NA;NA;
16;23;2.82;1.98;1.14;NA;5.9;1.22;3.16;1.62;5.93;NA;NA;NA;
17;0;2.67;1.74;3.9;NA;5.85;1.07;3.91;1.69;1.54;NA;NA;NA;
17;1;2.24;ND;ND;NA;ND;1.91;1.32;2.32;ND;NA;NA;NA;
17;2;1.75;2.41;5.23;NA;5.98;3.33;0.52;1.61;3.9;NA;NA;NA;
17;3;2.32;2.09;4.18;NA;20.65;3.08;0.81;2.91;3.48;NA;NA;NA;
17;4;2.02;2.18;5.36;NA;47.56;4.36;1.12;6.5;2.74;NA;NA;NA;
17;5;2.45;3.06;3.41;NA;73.59;9.12;2.11;6.3;3.52;NA;NA;NA;
17;6;4.56;3.64;2.98;NA;37.6;11.56;3.82;5.85;10.11;NA;NA;NA;
17;7;3.91;3.66;7.22;NA;38.33;10.24;2.54;12.46;12.09;NA;NA;NA;
17;8;4.15;6.18;21.65;NA;16.96;10.19;3.05;13.1;10.55;NA;NA;NA;
17;9;5.11;6.39;8.97;NA;9.5;7.04;1.86;9.1;6.05;NA;NA;NA;
17;10;3.53;5.02;6.28;NA;15.61;6.35;2.53;7.11;5.47;NA;NA;NA;
17;11;3.32;3.07;4.44;NA;14.14;4.75;1.52;4.43;4.78;NA;NA;NA;
17;12;3.62;3.86;2.15;NA;6.23;2.79;1.4;3.34;22.19;NA;NA;NA;
17;13;2.45;2.44;1.28;NA;3.74;1.96;2.87;2.97;18.05;NA;NA;NA;
17;14;1.67;2.35;2.21;NA;3.22;1.76;1.85;4.9;5.89;NA;NA;NA;
17;15;1.37;1.9;1.12;NA;3.42;1.34;1.43;3.04;3.16;NA;NA;NA;
17;16;1.29;1.72;1.9;NA;4.97;1.3;1.35;2.45;1.5;NA;NA;NA;
17;17;1.43;1.77;2.12;NA;3.96;1.9;15.89;1.96;3.41;NA;NA;NA;
17;18;1.66;1.82;1.61;NA;5.91;2.04;3.02;2.14;0.7;NA;NA;NA;
17;19;1.97;3.52;4.64;NA;13.37;5.52;2.05;2.72;0.72;NA;NA;NA;
17;20;1.88;1.91;2.33;NA;14.57;5.25;2.96;4.37;1.16;NA;NA;NA;
17;21;1.78;3.62;3.94;NA;27.16;5.54;4.76;2.98;2.87;NA;NA;NA;
17;22;1.51;6.21;3.76;NA;23.84;5.61;3.83;2.49;1.86;NA;NA;NA;
17;23;1.57;4.13;3.67;NA;15.84;4.89;5.84;2.41;2.93;NA;NA;NA;
18;0;1.94;3.61;2.88;NA;11.14;5.95;2.57;ND;5.51;NA;NA;NA;
18;1;ND;1.6;1.79;NA;10.24;ND;ND;1.87;4.61;NA;NA;NA;
18;2;2.08;1.47;1.95;NA;9.08;4.89;1.31;1.67;7.87;NA;NA;NA;
18;3;2.11;1.86;1.3;NA;7.33;3.41;1.13;1.61;3.8;NA;NA;NA;
18;4;1.97;1.54;1.11;NA;8.69;2.39;0.93;1.25;4.05;NA;NA;NA;
18;5;2.74;2.76;4.45;NA;7.88;2.24;1.51;1.87;5.79;NA;NA;NA;
18;6;2.97;7.86;4.43;NA;10.91;3.37;1.47;5.94;6.89;NA;NA;NA;
18;7;3.76;13.42;9.31;NA;19.88;5.45;1.93;5.77;4.39;NA;NA;NA;
18;8;6.76;8.25;15.78;NA;17.09;5.11;1.03;5.84;22.62;NA;NA;NA;
18;9;6.45;11.02;17.14;NA;5.83;4.05;1.59;3.07;24.45;NA;NA;NA;
18;10;6.2;6.03;10.63;NA;7.71;6.05;1.09;1.57;36.91;NA;NA;NA;
18;11;3.13;2.64;2.38;NA;5.04;3.35;2.03;2.16;23.25;NA;NA;NA;
18;12;2.27;1.99;1.1;NA;2.35;1.83;2.46;2.38;10.39;NA;NA;NA;
18;13;2.06;2.09;0.83;NA;2.78;1.5;2.34;1.95;5.75;NA;NA;NA;
18;14;1.93;1.81;0.74;NA;3.6;1.51;2.33;1.74;7.58;NA;NA;NA;
18;15;1.79;2.41;1.38;NA;3.85;1.13;2.54;2.16;2.78;NA;NA;NA;
18;16;2.21;2.02;1.49;NA;3.25;1.03;1.86;2;9.82;NA;NA;NA;
18;17;1.95;2.17;1.87;NA;3.7;1.25;1.62;2.02;8.43;NA;NA;NA;
18;18;1.76;2.69;2.01;NA;3.95;1.2;1.97;0.57;11.28;NA;NA;NA;
18;19;1.95;2.31;2.11;NA;4.51;1.6;3.88;1.84;2.34;NA;NA;NA;
18;20;2.46;1.76;1.24;NA;12.36;2.12;3.11;0.9;1.15;NA;NA;NA;
18;21;2.9;1.37;1.31;NA;12.4;2;6.82;1.69;3.98;NA;NA;NA;
18;22;1.97;1.05;2.21;NA;7.92;1.73;4.4;1.1;1.59;NA;NA;NA;
18;23;1.77;1.16;2.64;NA;5.23;1.57;2.48;1.58;4.13;NA;NA;NA;
19;0;1.67;0.84;1.89;NA;3.37;1.26;1.12;1.36;1.96;NA;NA;NA;
19;1;1.29;ND;ND;NA;ND;0.97;1.41;1.17;ND;NA;NA;NA;
19;2;1.63;1.19;0.88;NA;3.21;1.25;6.27;1.46;1.33;NA;NA;NA;
19;3;1.59;1.67;1.38;NA;4.29;1.23;2;1.59;2.91;NA;NA;NA;
19;4;1.99;1.13;1.41;NA;6.11;2.11;0.53;2.43;1.14;NA;NA;NA;
19;5;2.79;4.04;1.59;NA;10.86;5.59;0.61;4.34;6.22;NA;NA;NA;
19;6;6.43;4.26;3.04;NA;17.27;6.63;0.75;3.7;10;NA;NA;NA;
19;7;5.27;11.52;6.06;NA;18.61;4.47;1.11;8.96;16.52;NA;NA;NA;
19;8;5.86;9.29;2.29;NA;7.47;2.36;0.57;9.59;32.07;NA;NA;NA;
19;9;4.28;5.71;1.89;NA;4.07;1.41;0.48;7.09;54.67;NA;NA;NA;
19;10;2.04;3.34;1.51;NA;2.54;1.09;1.01;5.19;16.56;NA;NA;NA;
19;11;1.85;2.3;1.2;NA;3.61;0.95;1.46;4.14;12.2;NA;NA;NA;
19;12;2.08;1.97;0.96;NA;3.14;0.62;2.51;2.94;0.1;NA;NA;NA;
19;13;1.57;1.55;1.21;NA;3.13;0.28;1.46;3.14;0.26;NA;NA;NA;
19;14;1.19;1.73;1.72;NA;2.22;0.55;0.85;2.75;0.08;NA;NA;NA;
19;15;1.1;2.05;1.27;NA;2.85;0.9;1.28;2.63;3.25;NA;NA;NA;
19;16;1.17;2.09;1.34;NA;3.77;0.99;1.17;2.71;29.6;NA;NA;NA;
19;17;1.35;2.47;1.39;NA;4.21;1.07;1.38;2.11;10.32;NA;NA;NA;
19;18;1.33;2.47;1.87;NA;4.77;1.8;1.7;1.69;4.26;NA;NA;NA;
19;19;1.51;2.37;2.13;NA;5.79;2.3;2.87;0.82;2.3;NA;NA;NA;
19;20;1.49;2.21;2.02;NA;8.84;2.4;3.8;1.35;1.33;NA;NA;NA;
19;21;1.75;2.2;2.8;NA;7.62;2.04;2.38;1.37;1.47;NA;NA;NA;
19;22;2.44;1.53;1.36;NA;6.97;1.63;2.15;1.01;0.41;NA;NA;NA;
19;23;2.37;1.17;0.74;NA;5.84;1.47;2.29;0.86;0.84;NA;NA;NA;
20;0;2.12;1.12;1.31;NA;3.35;1.38;1.93;ND;1.66;NA;NA;NA;
20;1;ND;1.16;5.3;NA;3.12;ND;ND;1.94;0.32;NA;NA;NA;
20;2;4.31;1.29;3.04;NA;4.35;2.56;0.95;2.72;0.05;NA;NA;NA;
20;3;2.08;1.11;1.43;NA;3.14;1.82;1.89;1.38;0.1;NA;NA;NA;
20;4;4.27;2;2.21;NA;3.51;2.07;2.66;1.07;0.13;NA;NA;NA;
20;5;5.13;3.98;3.91;NA;5.36;2.05;1.88;1.21;0.2;NA;NA;NA;
20;6;7.88;4.22;3.86;NA;11.74;3.67;2.73;1.27;0;NA;NA;NA;
20;7;10.29;4.76;4.98;NA;9.78;5.05;1.47;1.92;6.83;NA;NA;NA;
20;8;7.62;3.52;5.27;NA;8.53;5.98;1.77;1.65;50.13;NA;NA;NA;
20;9;6.19;2.53;6.24;NA;6.44;5.25;2.07;1.24;43.89;NA;NA;NA;
20;10;3.83;1.98;5.8;NA;10.14;4.59;3.5;2.21;20.1;NA;NA;NA;
20;11;3.02;1.77;3.75;NA;7.2;4.05;2.58;2.26;13.04;NA;NA;NA;
20;12;1.64;1.69;3.03;NA;5.71;3.3;2.83;1.61;7.93;NA;NA;NA;
20;13;1.49;2;1.39;NA;4.93;2.69;2.52;2.67;3.18;NA;NA;NA;
20;14;1.77;2.23;2.57;NA;4.13;2.36;1.77;1.87;5.42;NA;NA;NA;
20;15;1.66;2.1;3.06;NA;2.87;2.55;1.69;1.98;2.36;NA;NA;NA;
20;16;2.13;2.51;3.89;NA;4.17;1.62;1.02;1.75;0.82;NA;NA;NA;
20;17;2.33;2.02;6.88;NA;3.74;4.37;4.7;0.54;2.46;NA;NA;NA;
20;18;1.82;1.6;4;NA;6.1;3.05;3.35;1.67;2.23;NA;NA;NA;
20;19;1.96;1.87;2.61;NA;3.7;2.55;26.97;1.36;8.92;NA;NA;NA;
20;20;3.81;1.88;2.17;NA;3.15;2.88;7.97;0.83;1.91;NA;NA;NA;
20;21;2.21;1.48;1.27;NA;2.16;2.63;4.86;1.49;3.81;NA;NA;NA;
20;22;2.93;0.96;0.82;NA;5.01;2.12;1.7;0.99;3.53;NA;NA;NA;
20;23;2.54;0.95;0.43;NA;4.28;1.42;2.13;0.94;0.22;NA;NA;NA;
21;0;2.68;1.31;0.47;NA;3.37;1.29;1.65;0.9;0.08;NA;NA;NA;
21;1;3.36;ND;ND;NA;ND;1.08;1.51;0.81;ND;NA;NA;NA;
21;2;3.4;1.29;0.76;NA;1.78;0.76;2.66;0.66;0.6;NA;NA;NA;
21;3;3.68;3.47;0.85;NA;1.58;0.54;4.33;1.5;0.98;NA;NA;NA;
21;4;3.31;2.62;1.07;NA;6.2;0.47;6.15;2.87;1.59;NA;NA;NA;
21;5;3.21;9.71;1.12;NA;8.86;0.94;4.42;2.56;1.24;NA;NA;NA;
21;6;6.13;22.27;3.95;NA;9.55;1.73;6.05;3.64;3.86;NA;NA;NA;
21;7;6.07;7.6;3.94;NA;32.51;3.33;6.33;3.3;6.82;NA;NA;NA;
21;8;6.5;3.15;6.85;NA;18.65;8.62;7.17;2.53;6.56;NA;NA;NA;
21;9;6.7;3.56;5.51;NA;6.25;5.08;4.9;2.79;3.61;NA;NA;NA;
21;10;8.57;3.79;4.83;NA;5.96;3.73;4.11;2.7;13.68;NA;NA;NA;
21;11;3.81;2.97;3.59;NA;5.98;4.29;5.59;4.35;28.37;NA;NA;NA;
21;12;2.23;2.08;2.91;NA;5.24;2.91;4.9;2.77;24.44;NA;NA;NA;
21;13;2.54;2.41;3.16;NA;4.26;2.53;3.55;2.85;3.42;NA;NA;NA;
21;14;1.88;2.47;2.61;NA;4.03;2.39;3.52;4.15;5.64;NA;NA;NA;
21;15;1.63;1.82;1.26;NA;4.84;1.82;1.14;3.11;5.28;NA;NA;NA;
21;16;1.47;2.04;3.06;NA;3.5;1.45;1.74;2.64;1.7;NA;NA;NA;
21;17;1.7;1.89;1.48;NA;3.42;1.31;2.86;1.92;2.34;NA;NA;NA;
21;18;1.82;1.87;1.94;NA;4;1.78;2.44;1.58;11.11;NA;NA;NA;
21;19;1.86;2.24;2.75;NA;6.34;2.25;2.93;0.54;3.77;NA;NA;NA;
21;20;3.75;2.25;6.26;NA;10.46;2.53;6.32;1.69;0.95;NA;NA;NA;
21;21;3.84;3.65;6.44;NA;11.62;2.96;3.09;1.63;0.58;NA;NA;NA;
21;22;3.14;4.18;4.36;NA;11.29;3.68;2.44;2.67;0.5;NA;NA;NA;
21;23;3.03;2.87;3.06;NA;20.6;4.27;2.34;2.52;4.9;NA;NA;NA;
22;0;3.04;3.08;3.46;NA;27.37;4.68;2.72;ND;5.6;NA;NA;NA;
22;1;ND;2.81;1.56;NA;42.9;ND;ND;3.96;8.59;NA;NA;NA;
22;2;2.3;6.46;2.72;NA;17.54;5.47;1.91;3.53;8.53;NA;NA;NA;
22;3;3.85;4.79;2.64;NA;7;3.7;3.17;2.94;26.84;NA;NA;NA;
22;4;3.89;2.98;1.73;NA;8.98;2.81;2.55;3.63;27.44;NA;NA;NA;
22;5;6.52;2.88;1.15;NA;4.64;1.71;2.89;6.56;10.31;NA;NA;NA;
22;6;7.53;7.46;2.89;NA;8.31;2.38;4;7.6;12.96;NA;NA;NA;
22;7;8.1;7.13;4.71;NA;5.08;3.01;4.72;6.91;14.18;NA;NA;NA;
22;8;6.86;5.21;3.66;NA;5.33;3.03;3.61;7.13;8.2;NA;NA;NA;
22;9;5.3;2.62;3.16;NA;4.62;3.13;5.71;3.81;10.04;NA;NA;NA;
22;10;2.41;1.95;3.87;NA;5.17;2.55;5.12;3.3;7.42;NA;NA;NA;
22;11;2.02;1.74;2.62;NA;4.65;2.13;1.67;2.48;3.71;NA;NA;NA;
22;12;1.51;1.23;2.08;NA;3.04;1.57;2.3;1.65;1.62;NA;NA;NA;
22;13;1.95;1.58;1.71;NA;3.88;1.41;1.81;1.71;4.4;NA;NA;NA;
22;14;2.36;2.04;1.63;NA;4.15;1.41;1.85;1.99;4.27;NA;NA;NA;
22;15;1.72;2.11;1.38;NA;4.45;1.23;1.42;2;6.26;NA;NA;NA;
22;16;1.93;2.69;1.32;NA;3.03;0.77;1.22;2.15;4.56;NA;NA;NA;
22;17;1.68;2.34;2.41;NA;4.04;1.38;1.11;1.86;16.01;NA;NA;NA;
22;18;1.47;2.16;1.82;NA;3.48;1.72;2.19;1.6;4.01;NA;NA;NA;
22;19;1.91;2.57;2.19;NA;3.24;1.16;4.75;1.49;3.06;NA;NA;NA;
22;20;3.16;1.24;0.83;NA;3.61;1.73;2.75;1.29;0.94;NA;NA;NA;
22;21;2.04;1.43;1.32;NA;7.52;1.97;1.47;1.18;2.88;NA;NA;NA;
22;22;2.18;1.11;1.62;NA;5.66;1.57;1.9;1.14;2.63;NA;NA;NA;
22;23;1.52;0.86;0.41;NA;4.69;1.18;2.36;1.19;7.97;NA;NA;NA;
23;0;2.76;1.37;0.94;NA;3.16;1.02;1.76;1.37;7.98;NA;NA;NA;
23;1;3.01;ND;ND;NA;ND;0.85;1.4;1.02;ND;NA;NA;NA;
23;2;2.65;1.24;1.08;NA;1.46;0.73;1.72;2.07;0.42;NA;NA;NA;
23;3;2.15;2.58;0.89;NA;3.19;0.73;2.1;1.5;0.15;NA;NA;NA;
23;4;2.2;1.2;0.98;NA;2.6;0.88;2.51;2.04;0.38;NA;NA;NA;
23;5;2.31;1.49;1.47;NA;2.91;1.42;1.53;2.62;0.41;NA;NA;NA;
23;6;3.46;3.21;2.76;NA;10.22;2.54;3.35;2.99;5.72;NA;NA;NA;
23;7;5.08;3.34;4.24;NA;10.62;3.36;2.19;3.53;8.45;NA;NA;NA;
23;8;6.05;3.62;4.5;NA;16.21;3.43;1.98;4.49;9.2;NA;NA;NA;
23;9;5.01;3.24;6.44;NA;14.49;3.67;1.25;2.56;16.34;NA;NA;NA;
23;10;4.96;2.53;5.57;NA;6.49;2.74;1.31;2.22;26.4;NA;NA;NA;
23;11;13.07;7.12;6.64;NA;6.44;2.69;1.86;0.76;18.35;NA;NA;NA;
23;12;11.43;11.94;9.3;NA;6.49;2.62;5.34;4.71;29.21;NA;NA;NA;
23;13;3.98;2.19;10.07;NA;4.28;4.74;2.17;10.18;10.84;NA;NA;NA;
23;14;2.68;3.5;7.57;NA;3.85;2.92;1.25;4.94;1.6;NA;NA;NA;
23;15;1.88;3.74;4.37;NA;2.29;2.3;1.06;3.64;1.37;NA;NA;NA;
23;16;1.6;2.38;3.55;NA;2.98;2.27;5.98;2.64;2.92;NA;NA;NA;
23;17;1.81;1.81;2.36;NA;3.11;1.94;5.64;1.99;1.47;NA;NA;NA;
23;18;1.88;1.89;1.82;NA;5.93;2.38;4.32;1;1.69;NA;NA;NA;
23;19;2.68;1.74;1.04;NA;5.23;3.1;3;1.3;11.1;NA;NA;NA;
23;20;2.51;1.6;0.87;NA;7.55;3.47;2.14;0.83;9.57;NA;NA;NA;
23;21;2.04;1.66;1.77;NA;6.06;2.44;1.28;1.22;2.78;NA;NA;NA;
23;22;2.6;1.36;1.7;NA;5.59;3.92;0.86;1.49;0.68;NA;NA;NA;
23;23;1.6;3.4;1.32;NA;3.19;2.91;1.18;1.37;0.48;NA;NA;NA;
24;0;1.68;2.74;0.89;NA;2.01;1.67;1.95;ND;0.95;NA;NA;NA;
24;1;ND;6.31;0.51;NA;6.19;ND;ND;8.09;2.45;NA;NA;NA;
24;2;2.7;3.01;0.39;NA;9.75;1.81;1.84;6.63;3.08;NA;NA;NA;
24;3;2.1;3.15;0.15;NA;7.51;3.13;1.96;3.21;11.78;NA;NA;NA;
24;4;2.07;7.52;0.75;NA;43.5;2.57;1.65;4.21;6.06;NA;NA;NA;
24;5;2.08;8.63;2.7;NA;37.15;9.59;1.61;6.39;8.2;NA;NA;NA;
24;6;5.2;13.88;4.82;NA;40.46;8.31;1.71;5.5;5.45;NA;NA;NA;
24;7;8.94;9.22;9.03;NA;24.85;10.38;1.95;9.19;25.83;NA;NA;NA;
24;8;10.49;5.36;4.71;NA;21.65;3.77;2.15;7.49;11.79;NA;NA;NA;
24;9;18.05;11.92;11.58;NA;8.72;4.33;3.18;6.89;8.57;NA;NA;NA;
24;10;30.61;33.74;11.05;NA;6.9;6.95;1.93;7.89;5.2;NA;NA;NA;
24;11;12.27;14.16;6.34;NA;4.52;4.65;1.55;6.21;3.03;NA;NA;NA;
24;12;10.07;9.58;4.56;NA;4.56;3.5;2.05;4.01;10.01;NA;NA;NA;
24;13;5.75;3.99;4.09;NA;6.32;3.15;2.16;6.97;10.49;NA;NA;NA;
24;14;2.66;2.17;3.81;NA;8.1;3.89;4.85;7.97;14.35;NA;NA;NA;
24;15;1.5;1.54;2.32;NA;6.99;2.13;3.61;3.78;13.06;NA;NA;NA;
24;16;1.46;2.06;1.2;NA;3.76;2.21;1.85;2.97;6.52;NA;NA;NA;
24;17;1.51;2.21;1.16;NA;4.17;2.11;1.64;2.6;16.78;NA;NA;NA;
24;18;1.43;2.02;2.11;NA;3.64;2.36;1.88;0.79;2.73;NA;NA;NA;
24;19;1.5;2.01;1.54;NA;4.15;2.22;2.58;0.9;4;NA;NA;NA;
24;20;2.05;3;1.51;NA;4.22;2.39;2.84;1.63;7.6;NA;NA;NA;
24;21;2.65;2.39;2.16;NA;6.07;2.38;8.33;1.67;1.85;NA;NA;NA;
24;22;3.51;2.72;1.86;NA;4.95;2.86;5.77;1.55;8.34;NA;NA;NA;
24;23;3.91;2.98;1.99;NA;5.9;2.45;3.27;1.44;11.78;NA;NA;NA;
25;0;6.75;3.4;7.97;NA;6.81;1.21;2.47;1.52;23.56;NA;NA;NA;
25;1;8.95;ND;ND;NA;ND;2.08;4.81;1.6;ND;NA;NA;NA;
25;2;7.49;1.76;5.47;NA;8.15;2.56;5.59;1.83;14.53;NA;NA;NA;
25;3;5.55;2.97;3.92;NA;8.25;3.28;4.59;1.85;9.96;NA;NA;NA;
25;4;4.26;2.46;2.8;NA;7.09;2.71;3.54;2.48;7.81;NA;NA;NA;
25;5;3.98;3.04;3.68;NA;8.44;4.35;2.52;2.87;6.22;NA;NA;NA;
25;6;6.34;5.79;2.5;NA;36.25;6.37;1.05;3.51;7.19;NA;NA;NA;
25;7;5.48;3.76;7.37;NA;34.82;11.27;1.2;5.74;5.8;NA;NA;NA;
25;8;6.59;6.5;5.8;NA;13.44;6.38;1.42;5.59;7.29;NA;NA;NA;
25;9;10.08;7.93;3.43;NA;5.56;4.49;1.06;5.09;7.42;NA;NA;NA;
25;10;12.71;14.87;3.06;NA;6.86;4.44;1.84;14.76;22.17;NA;NA;NA;
25;11;8.66;9.43;3.56;NA;4.15;ND;1.7;6.11;11.76;NA;NA;NA;
25;12;6.73;5.99;2.64;NA;3.52;ND;2.16;4.12;0.56;NA;NA;NA;
25;13;5.57;4.78;2.61;NA;2.89;ND;1.62;3.65;0.38;NA;NA;NA;
25;14;2.41;2.84;2.7;NA;3.63;ND;2.59;3.1;0.59;NA;NA;NA;
25;15;2.04;2.24;1.16;NA;4.12;3.03;1.44;1.57;18.28;NA;NA;NA;
25;16;2.12;2.14;1.54;NA;4.71;2.64;1.51;1.89;14.61;NA;NA;NA;
25;17;2.84;2.26;2.81;NA;5.02;ND;2.27;2.35;7.4;NA;NA;NA;
25;18;3.26;2.04;3.04;NA;6.62;4.8;6.48;1.25;7.92;NA;NA;NA;
25;19;2.54;1.71;1.65;NA;8.53;4.3;8.64;2.16;5.32;NA;NA;NA;
25;20;4.23;1.68;1.26;NA;5.88;3.83;8.16;1.54;3.23;NA;NA;NA;
25;21;5.06;2.01;1.72;NA;7.16;3.28;6.32;1.44;18.34;NA;NA;NA;
25;22;3.05;1.96;2.54;NA;5.73;2.7;2.56;1.32;3.38;NA;NA;NA;
25;23;3.05;1.65;3.15;NA;5.46;2.86;2.08;1.39;1.55;NA;NA;NA;
26;0;2.99;1.65;3.22;NA;5.34;2.81;2.44;ND;5.07;NA;NA;NA;
26;1;ND;1.88;1.81;NA;4.71;2.5;ND;1.46;6.11;NA;NA;NA;
26;2;1.89;1.5;1.07;NA;4.76;2.53;1.89;1.24;2.73;NA;NA;NA;
26;3;2.54;1.52;1.28;NA;4.26;2.93;6.83;1.37;3.28;NA;NA;NA;
26;4;3.37;1.49;1.8;NA;4.56;2.94;5.16;1.27;3.68;NA;NA;NA;
26;5;3.64;2.64;2.36;NA;10.51;4.02;4.12;1.12;8.35;NA;NA;NA;
26;6;8.26;7.43;4.76;NA;17.7;6.38;5.02;1.98;9.88;NA;NA;NA;
26;7;7.91;8.14;8.11;NA;28.98;8.44;3.81;3.1;10.69;NA;NA;NA;
26;8;7.11;5.42;9.01;NA;19.2;4.56;3.41;4.04;13.28;NA;NA;NA;
26;9;3.15;4.48;2.79;NA;4.79;2.17;1.56;4.69;6.96;NA;NA;NA;
26;10;1.43;2.17;2.68;NA;4.52;1.91;2.37;3.64;40.21;NA;NA;NA;
26;11;2.29;1.54;3.13;NA;5.49;ND;3.94;2.22;3.05;NA;NA;NA;
26;12;2.09;1.62;1.11;NA;3.37;1.88;1.16;1.91;0.19;NA;NA;NA;
26;13;2.31;2.94;1.15;NA;2.83;1.28;1.25;1.29;0.3;NA;NA;NA;
26;14;3.96;2.41;1.27;NA;2.15;1.1;1.1;1.35;0.44;NA;NA;NA;
26;15;2.23;2.33;2.21;NA;2.79;1.18;3.1;2;0.12;NA;NA;NA;
26;16;2.83;2.98;2.39;NA;4.18;2.06;1.09;3.16;4.88;NA;NA;NA;
26;17;2.75;2.51;3.1;NA;4.16;2.35;1.38;2.62;6.05;NA;NA;NA;
26;18;2.63;2.2;3.9;NA;3.3;3.39;1.78;1.95;18.29;NA;NA;NA;
26;19;2.14;2.24;4.12;NA;4.14;3.56;2.15;1.3;2.8;NA;NA;NA;
26;20;2.32;1.65;1.89;NA;5.09;3.12;8.63;1.08;4.94;NA;NA;NA;
26;21;3.92;2.08;3.47;NA;4.79;3.38;7.1;1.58;1.11;NA;NA;NA;
26;22;5.26;2.79;4.73;NA;11.1;3.65;8.54;1.21;8.25;NA;NA;NA;
26;23;7;2.63;3.88;NA;9.61;3.56;6.87;1.14;4.7;NA;NA;NA;
27;0;3.55;1.37;3.24;NA;7.94;3.73;2.84;1.06;1.09;NA;NA;NA;
27;1;5.68;ND;ND;NA;ND;3.18;2;1;ND;NA;NA;NA;
27;2;4.52;2.14;3.17;NA;5.8;2.38;1.19;1.12;5.53;NA;NA;NA;
27;3;9.38;2.49;1.65;NA;12.78;3.04;1.58;1.01;1.25;NA;NA;NA;
27;4;11.21;2.2;2.76;NA;10.76;3.2;0.74;2.43;1.09;NA;NA;NA;
27;5;8.96;1.99;2.59;NA;8.76;3.52;2.11;3.56;2.71;NA;NA;NA;
27;6;15.42;5.28;7.2;NA;11.65;4.61;5.02;4.4;7.5;NA;NA;NA;
27;7;17.06;7.71;10.52;NA;29.86;9.35;4.49;5.08;7.39;NA;NA;NA;
27;8;15.99;10.13;12.25;NA;24.92;10.09;2.49;7.61;13.98;NA;NA;NA;
27;9;15.43;8.62;12.44;NA;9.66;8.34;3.26;9.89;4.69;NA;NA;NA;
27;10;13.17;7.44;6.51;NA;6.12;6.72;1.48;7.13;3.82;NA;NA;NA;
27;11;3.98;3.6;4.34;NA;3.9;3.01;1.42;10;5.27;NA;NA;NA;
27;12;3.95;5.26;2.2;NA;3.49;1.84;1.32;10.08;1.89;NA;NA;NA;
27;13;4.53;4.15;2.9;NA;5.36;2.64;1.37;4.59;11.23;NA;NA;NA;
27;14;4.94;4.9;2.36;NA;5.54;3.16;3.56;4.97;6.44;NA;NA;NA;
27;15;8.16;5.55;5.87;NA;4.79;3.99;1.53;3.55;5.55;NA;NA;NA;
27;16;5.52;3.69;6.93;NA;6.09;5.57;2.15;5.37;2.07;NA;NA;NA;
27;17;4.73;3.65;6.99;NA;14.23;8.17;1.96;3.18;1.74;NA;NA;NA;
27;18;5.94;2.83;7.76;NA;23.99;5.93;2.12;1.25;4.09;NA;NA;NA;
27;19;5.91;2.98;6;NA;10.89;5.82;1.47;2.7;2.87;NA;NA;NA;
27;20;5.03;2.55;6.38;NA;12.41;7.04;1.53;2.04;4.7;NA;NA;NA;
27;21;4.28;2.89;4.54;NA;7.1;6.84;1.16;1.8;6.18;NA;NA;NA;
27;22;5.09;1.59;5.35;NA;7.88;6.15;0.91;1.57;8.24;NA;NA;NA;
27;23;4.86;1.61;3.51;NA;8.2;5.09;1.05;1.85;13.76;NA;NA;NA;
28;0;3.35;1.92;3.23;NA;6.83;5.61;1.07;ND;2.84;NA;NA;NA;
28;1;ND;1.42;4.2;NA;8.46;ND;ND;1.94;3.61;NA;NA;NA;
28;2;3.55;1.4;2.92;NA;8.66;7.41;1.81;2.72;6.18;NA;NA;NA;
28;3;2.79;2.98;5.34;NA;8.68;5.48;4.3;3.6;5.99;NA;NA;NA;
28;4;3.79;7.39;3.9;NA;5.25;4.85;2.76;9.02;11.81;NA;NA;NA;
28;5;5.18;8.55;1.41;NA;11.81;5.55;7.14;16.45;6.53;NA;NA;NA;
28;6;8.3;4.26;3.44;NA;42.03;11.93;7.14;24.58;8.64;NA;NA;NA;
28;7;8.83;5.81;8.99;NA;37.43;15.46;9.72;25.24;21.22;NA;NA;NA;
28;8;11.48;7.65;12.23;NA;23.69;11.58;4.77;34.07;13.93;NA;NA;NA;
28;9;15.2;9.55;10.3;NA;15.71;11.09;2.35;9.95;21.8;NA;NA;NA;
28;10;14.45;11.24;10.74;NA;11.34;9.63;4.2;10.5;13.65;NA;NA;NA;
28;11;9.75;9.01;4.71;NA;19.79;7.93;3.48;8.05;17.01;NA;NA;NA;
28;12;5.68;3.65;3.35;NA;11.16;6.92;2.01;6.41;4.08;NA;NA;NA;
28;13;2.49;3.09;4.82;NA;5.22;6.15;0.97;6.32;4.05;NA;NA;NA;
28;14;1.91;3.02;2.42;NA;7.74;5.31;1.14;4.72;10.37;NA;NA;NA;
28;15;1.8;3.06;2.29;NA;7.82;4.71;2.35;3.49;10.2;NA;NA;NA;
28;16;1.64;2.47;3.08;NA;6.81;3.35;2.5;1.59;16.18;NA;NA;NA;
28;17;1.6;2.26;3.25;NA;6.54;4.21;2.26;1;4.22;NA;NA;NA;
28;18;1.47;1.91;4.26;NA;6.68;4.09;2.6;2.4;1.13;NA;NA;NA;
28;19;1.89;2.69;3.05;NA;5.22;3.85;2.81;1.87;0.41;NA;NA;NA;
28;20;2.91;1.73;1.27;NA;6.04;3.26;1.76;1.46;0.26;NA;NA;NA;
28;21;3.11;1.27;0.88;NA;6.46;2.59;1.22;1.52;0.45;NA;NA;NA;
28;22;2.77;1.05;0.92;NA;6.81;2.11;3.66;1.37;2.54;NA;NA;NA;
28;23;1.94;1.06;0.15;NA;4.68;1.97;2.86;1.57;0.67;NA;NA;NA;
29;0;2.16;1.32;0.39;NA;4.03;1.64;2.79;1.33;0.43;NA;NA;NA;
29;1;6.02;ND;ND;NA;ND;1.66;4.87;1.5;ND;NA;NA;NA;
29;2;2.14;1.91;0.55;NA;4.03;2.02;4.46;1.43;12.77;NA;NA;NA;
29;3;2.58;2.71;12.02;NA;5.76;6.54;1.64;1.25;3.49;NA;NA;NA;
29;4;2.25;3.67;11.63;NA;9.87;4.47;2.11;1.26;4.69;NA;NA;NA;
29;5;2.88;3.33;8.25;NA;13.46;4.07;4.29;1.34;2.08;NA;NA;NA;
29;6;4.64;1.82;8.76;NA;7.54;3.98;3.31;1.64;4.58;NA;NA;NA;
29;7;3.95;1.97;5.56;NA;6.82;4.48;1.86;2;8.75;NA;NA;NA;
29;8;3.57;1.96;4.83;NA;10.6;5.17;3.38;1.45;18.16;NA;NA;NA;
29;9;4.9;2.78;5.78;NA;11.46;5;3.93;1.35;19.92;NA;NA;NA;
29;10;3.13;2.22;4.02;NA;7.37;4.54;1.97;1.36;33.33;NA;NA;NA;
29;11;2.67;2.53;2.76;NA;6.02;3.47;2.38;2.44;11.11;NA;NA;NA;
29;12;3.43;2.1;2.42;NA;7.71;2.95;3.78;1.95;5.61;NA;NA;NA;
29;13;2.09;1.51;2.67;NA;5.12;3.2;4.47;1.44;13.88;NA;NA;NA;
29;14;1.78;1.37;3.34;NA;4.59;3.19;4.5;1.77;6.26;NA;NA;NA;
29;15;1.63;1.64;2.15;NA;4.98;2.81;3.34;0.82;35.94;NA;NA;NA;
29;16;1.45;1.54;2.21;NA;5.49;2.81;1.63;2.05;12.98;NA;NA;NA;
29;17;1.29;1.9;3.41;NA;6.35;3.05;1.24;1.71;2.16;NA;NA;NA;
29;18;1.78;1.83;2.75;NA;6.17;3.99;1.25;2.05;2.42;NA;NA;NA;
29;19;2.77;1.76;2.89;NA;7.1;3.9;2.55;1.87;1.69;NA;NA;NA;
29;20;3.03;1.5;4.23;NA;6.16;3.69;3.38;1.63;1.36;NA;NA;NA;
29;21;2.42;1.35;13.91;NA;3.79;2.98;2.77;1.44;1.43;NA;NA;NA;
29;22;2.73;1.57;16.95;NA;6.71;3.97;1.23;1.35;3.69;NA;NA;NA;
29;23;2.68;1.85;2.33;NA;5.64;3.09;0.66;1.25;11.67;NA;NA;NA;
30;0;2.75;2.38;3.23;NA;5.69;4.87;0.95;ND;3.34;NA;NA;NA;
30;1;ND;2.11;6.37;NA;ND;ND;ND;1.14;1.37;NA;NA;NA;
30;2;3.46;2.52;5.38;NA;7.13;4.74;1.15;1.38;1.66;NA;NA;NA;
30;3;4;3.16;3.44;NA;5.86;3.36;0.6;0.9;4.46;NA;NA;NA;
30;4;4.91;8.04;2.55;NA;4.2;3.02;0.97;1.02;13.32;NA;NA;NA;
30;5;3.57;7.75;2.17;NA;7.76;3.01;2.43;2.19;9.26;NA;NA;NA;
30;6;6.91;5.94;5.33;NA;22.23;5.95;2.8;3.4;3.4;NA;NA;NA;
30;7;12.23;8.41;8.74;NA;17.85;11.38;1.81;4.57;2.7;NA;NA;NA;
30;8;8.37;12.1;9.22;NA;14.03;8.31;1.96;8.9;6.64;NA;NA;NA;
30;9;9.87;10.96;6.65;NA;8.06;5.73;2.14;6.48;5.56;NA;NA;NA;
30;10;9.66;7.89;6.06;NA;7.85;6.23;3.85;4.39;41.32;NA;NA;NA;
30;11;5.94;6.72;2.74;NA;6.44;3.66;4.31;4.91;42.92;NA;NA;NA;
30;12;4.87;3.29;2.32;NA;3.86;2.56;3.27;5.9;25.55;NA;NA;NA;
30;13;2.52;1.7;2.13;NA;4.3;2.54;4.51;4.21;16.49;NA;NA;NA;
30;14;1.89;1.08;1.78;NA;3.61;2.27;2.32;3.44;7.62;NA;NA;NA;
30;15;1.69;1.06;1.66;NA;3.85;1.77;1.46;3.02;10.81;NA;NA;NA;
30;16;1.36;1.73;1.49;NA;3.78;1.91;1.47;2.86;3.95;NA;NA;NA;
30;17;1.49;2.13;3.03;NA;3.22;2.08;1.23;0.86;1.97;NA;NA;NA;
30;18;1.92;1.68;3.03;NA;3.43;2.43;1.92;0.95;1.33;NA;NA;NA;
30;19;2.99;2.16;3.4;NA;3.11;2.32;3.26;1.4;9.09;NA;NA;NA;
30;20;4.1;2.82;2.06;NA;5.9;2.25;1.77;1.78;3.1;NA;NA;NA;
30;21;3.36;2.31;1.99;NA;7.68;2.57;1.51;1.34;0.79;NA;NA;NA;
30;22;2.66;2.22;1.51;NA;8.22;2.26;2.43;1.38;6.87;NA;NA;NA;
30;23;3.14;2.01;1.58;NA;4.86;2.18;1.78;1.32;4.3;NA;NA;NA;
31;0;3.96;2.52;2.23;NA;4.16;2.12;1.45;1.3;4.42;NA;NA;NA;
31;1;3.61;ND;ND;NA;5.71;3.43;1.6;1.28;ND;NA;NA;NA;
31;2;2.72;2.38;2.54;NA;6.5;4.87;1.42;1.13;5.57;NA;NA;NA;
31;3;2.42;2.19;3.63;NA;6.33;3.57;1.33;1.13;4.89;NA;NA;NA;
31;4;4.59;1.91;3.43;NA;5.69;2.91;2.73;1.02;4.19;NA;NA;NA;
31;5;5;2.69;3.92;NA;6.78;3.99;2.81;1.47;3.87;NA;NA;NA;
31;6;6.59;3.63;7.27;NA;8.9;4.93;2.55;1.73;5.24;NA;NA;NA;
31;7;4.9;6.79;8.87;NA;13.27;7.52;4.99;8;5.1;NA;NA;NA;
31;8;4.68;8.14;15.2;NA;16.86;9.26;4.38;9.81;8.96;NA;NA;NA;
31;9;5.07;5.58;8.97;NA;12.42;7.08;2.93;4.21;64.05;NA;NA;NA;
31;10;3.59;2.63;4.44;NA;10;6.83;3.78;4.06;18.15;NA;NA;NA;
31;11;3.11;2.92;3.16;NA;5.75;4.91;2.88;3.13;25.53;NA;NA;NA;
31;12;3.04;3.02;2.19;NA;3.56;3.35;2.89;3.88;5.3;NA;NA;NA;
31;13;2.91;2.2;1.18;NA;2.87;2.15;2.18;3.47;4.98;NA;NA;NA;
31;14;2.03;1.38;1.76;NA;3.5;2.38;2.56;2.59;8.15;NA;NA;NA;
31;15;1.82;1.09;1.72;NA;4.5;2.69;2.26;2.54;15.92;NA;NA;NA;
31;16;2.28;2.4;1.35;NA;4.62;2.53;1.85;2.87;9.9;NA;NA;NA;
31;17;2.85;2.58;1.99;NA;5.62;2.89;2.24;2.48;10.82;NA;NA;NA;
31;18;2.66;2.72;2.56;NA;4.09;3.33;2.25;1.89;2.9;NA;NA;NA;
31;19;2.89;2.34;2.48;NA;5.31;3.39;2.56;0.8;3.63;NA;NA;NA;
31;20;2.93;2.05;3.65;NA;6.61;3.19;3.02;1.37;1.19;NA;NA;NA;
31;21;3.57;1.66;4.11;NA;7.41;2.98;3.59;1.43;2.18;NA;NA;NA;
31;22;5.51;1.96;3.09;NA;6.33;3.08;3.04;1.19;12.03;NA;NA;NA;
31;23;2.51;2.27;2.89;NA;7.81;3.01;2.69;1.36;2.71;NA;NA;NA;
