DIA;HORA;Cotocollao;Carapungo;Belisario;Jipijapa;El Camal;Centro;Guamaní;Tumbaco;Los Chillos;El Condado;Turubamba;Chillogallo;
1;0;ND;0.36;0.35;ND;0.43;ND;ND;NA;ND;NA;NA;NA;
1;1;0.23;0.39;0.36;ND;0.34;0.56;0.31;NA;ND;NA;NA;NA;
1;2;0.23;0.37;0.33;ND;0.26;0.54;0.25;NA;ND;NA;NA;NA;
1;3;0.21;0.37;0.23;ND;0.28;0.42;0.25;NA;ND;NA;NA;NA;
1;4;0.23;0.38;0.23;ND;0.37;0.32;0.38;NA;ND;NA;NA;NA;
1;5;0.28;0.39;0.2;ND;0.84;0.35;0.36;NA;ND;NA;NA;NA;
1;6;0.36;0.45;0.35;ND;1.08;0.47;0.39;NA;ND;NA;NA;NA;
1;7;0.43;0.55;0.49;ND;0.75;0.49;0.41;NA;ND;NA;NA;NA;
1;8;0.66;0.64;0.66;ND;1;0.69;0.3;NA;ND;NA;NA;NA;
1;9;0.64;0.56;0.75;ND;0.94;0.69;0.53;NA;ND;NA;NA;NA;
1;10;0.55;0.59;0.57;ND;0.92;0.72;0.47;NA;ND;NA;NA;NA;
1;11;0.29;0.63;0.77;ND;1.07;0.66;0.49;NA;ND;NA;NA;NA;
1;12;0.28;0.58;0.7;ND;0.81;0.66;0.56;NA;ND;NA;NA;NA;
1;13;0.3;0.48;0.89;ND;0.75;0.75;0.62;NA;ND;NA;NA;NA;
1;14;0.67;0.54;0.95;ND;0.65;0.83;0.47;NA;ND;NA;NA;NA;
1;15;0.9;0.82;0.88;ND;0.86;1.11;0.39;NA;ND;NA;NA;NA;
1;16;0.54;0.84;1.27;ND;0.85;0.99;0.49;NA;ND;NA;NA;NA;
1;17;0.58;0.98;1.05;ND;0.78;0.99;0.46;NA;ND;NA;NA;NA;
1;18;0.57;0.79;1.02;ND;1.53;0.89;0.55;NA;ND;NA;NA;NA;
1;19;0.59;0.54;0.94;ND;1.54;0.82;0.64;NA;ND;NA;NA;NA;
1;20;0.46;0.72;0.98;ND;1.27;0.91;0.56;NA;ND;NA;NA;NA;
1;21;0.55;0.68;0.69;ND;1.15;0.73;0.43;NA;ND;NA;NA;NA;
1;22;0.45;0.6;0.41;ND;ND;0.82;0.41;NA;ND;NA;NA;NA;
1;23;0.4;0.54;0.24;ND;ND;0.49;0.39;NA;ND;NA;NA;NA;
2;0;0.32;ND;ND;ND;ND;0.39;0.68;NA;ND;NA;NA;NA;
2;1;0.25;0.46;0.21;ND;0.32;0.28;0.35;NA;ND;NA;NA;NA;
2;2;0.25;0.43;0.18;ND;0.22;0.27;0.18;NA;ND;NA;NA;NA;
2;3;0.27;0.42;0.14;ND;0.27;0.23;0.16;NA;ND;NA;NA;NA;
2;4;0.24;0.41;0.09;ND;0.28;0.18;0.2;NA;ND;NA;NA;NA;
2;5;0.25;0.49;0.09;ND;0.34;0.2;0.2;NA;ND;NA;NA;NA;
2;6;0.35;0.53;0.1;ND;0.47;0.3;0.32;NA;ND;NA;NA;NA;
2;7;0.44;0.64;0.46;ND;0.49;0.53;0.51;NA;ND;NA;NA;NA;
2;8;0.62;0.66;0.63;ND;0.49;0.49;0.33;NA;ND;NA;NA;NA;
2;9;0.51;0.68;0.6;ND;0.42;0.48;0.48;NA;ND;NA;NA;NA;
2;10;0.49;0.7;0.68;ND;0.49;0.48;0.38;NA;ND;NA;NA;NA;
2;11;0.48;0.5;0.68;ND;0.59;0.54;0.39;NA;ND;NA;NA;NA;
2;12;0.3;0.45;0.56;ND;0.67;0.46;0.45;NA;ND;NA;NA;NA;
2;13;0.26;0.49;0.54;ND;0.63;0.36;0.53;NA;ND;NA;NA;NA;
2;14;0.26;0.49;0.77;ND;0.55;0.47;0.41;NA;ND;NA;NA;NA;
2;15;0.32;0.58;0.71;ND;0.64;0.51;0.37;NA;ND;NA;NA;NA;
2;16;0.52;0.62;0.52;ND;0.6;0.55;0.5;NA;ND;NA;NA;NA;
2;17;0.7;0.48;0.82;ND;0.65;0.91;0.57;NA;ND;NA;NA;NA;
2;18;0.77;0.82;0.95;ND;0.93;0.84;0.63;NA;ND;NA;NA;NA;
2;19;0.75;1.01;0.76;ND;1;0.97;0.53;NA;ND;NA;NA;NA;
2;20;1.19;1.45;0.85;ND;1.24;0.73;0.59;NA;ND;NA;NA;NA;
2;21;1.29;1.27;0.94;ND;1.37;1.13;0.65;NA;ND;NA;NA;NA;
2;22;1;0.79;0.62;ND;1.48;1.11;0.9;NA;ND;NA;NA;NA;
2;23;0.86;0.7;0.51;ND;0.93;0.88;0.51;NA;ND;NA;NA;NA;
3;0;ND;0.64;0.61;ND;0.58;ND;ND;NA;ND;NA;NA;NA;
3;1;0.53;0.51;0.57;ND;0.62;0.74;0.27;NA;ND;NA;NA;NA;
3;2;0.2;0.35;0.2;ND;0.54;0.41;0.28;NA;ND;NA;NA;NA;
3;3;0.15;0.35;0.09;ND;0.16;0.19;0.17;NA;ND;NA;NA;NA;
3;4;0.16;0.38;0.07;ND;0.15;0.19;0.14;NA;ND;NA;NA;NA;
3;5;0.23;0.46;0.11;ND;0.25;0.29;0.17;NA;ND;NA;NA;NA;
3;6;0.46;0.81;0.36;ND;0.35;0.44;0.65;NA;ND;NA;NA;NA;
3;7;0.44;0.64;0.71;ND;0.62;0.71;0.38;NA;ND;NA;NA;NA;
3;8;0.6;0.65;0.63;ND;0.66;0.68;0.49;NA;ND;NA;NA;NA;
3;9;0.39;0.59;0.63;ND;0.66;0.55;0.33;NA;ND;NA;NA;NA;
3;10;0.49;0.63;0.56;ND;0.58;0.72;0.27;NA;ND;NA;NA;NA;
3;11;0.69;0.78;0.76;ND;0.49;0.59;0.26;NA;ND;NA;NA;NA;
3;12;0.63;0.65;0.6;ND;0.42;0.62;0.22;NA;ND;NA;NA;NA;
3;13;0.56;0.59;0.54;ND;0.38;0.65;0.23;NA;ND;NA;NA;NA;
3;14;0.52;0.5;0.57;ND;0.35;0.54;0.26;NA;ND;NA;NA;NA;
3;15;0.58;0.53;0.58;ND;0.55;0.59;0.25;NA;ND;NA;NA;NA;
3;16;0.74;0.62;0.63;ND;0.56;0.67;0.24;NA;ND;NA;NA;NA;
3;17;0.72;0.93;0.51;ND;0.67;0.88;0.32;NA;ND;NA;NA;NA;
3;18;1.28;1.7;1.13;ND;1.11;1.13;0.3;NA;ND;NA;NA;NA;
3;19;1.69;2.93;1.38;ND;1.99;1.29;0.44;NA;ND;NA;NA;NA;
3;20;2.05;2.17;1.09;ND;2.69;1.59;0.91;NA;ND;NA;NA;NA;
3;21;1.95;2.66;1.5;ND;2.62;0.75;0.61;NA;ND;NA;NA;NA;
3;22;1.7;2.46;1.02;ND;1.74;2.62;0.38;NA;ND;NA;NA;NA;
3;23;0.71;2.07;1.81;ND;1.63;2.07;0.27;NA;ND;NA;NA;NA;
4;0;0.75;ND;ND;ND;ND;1.33;0.15;NA;ND;NA;NA;NA;
4;1;0.48;1.73;0.39;ND;0.84;0.59;0.22;NA;ND;NA;NA;NA;
4;2;0.37;1.65;0.34;ND;0.5;0.84;0.2;NA;ND;NA;NA;NA;
4;3;0.36;1.45;0.42;ND;0.56;0.84;0.12;NA;ND;NA;NA;NA;
4;4;0.49;1.55;0.25;ND;0.58;1;0.12;NA;ND;NA;NA;NA;
4;5;0.63;1.94;0.5;ND;1.21;1.37;0.21;NA;ND;NA;NA;NA;
4;6;1.81;2.8;1.6;ND;2.43;2.58;0.24;NA;ND;NA;NA;NA;
4;7;2.91;2.52;3.06;ND;3.05;3.03;1.16;NA;ND;NA;NA;NA;
4;8;1.96;1.11;2.21;ND;2.03;1.8;0.22;NA;ND;NA;NA;NA;
4;9;1.52;0.9;1.75;ND;0.74;1.11;0.25;NA;ND;NA;NA;NA;
4;10;1.09;0.96;1.48;ND;0.57;0.91;0.25;NA;ND;NA;NA;NA;
4;11;0.8;0.73;1.55;ND;ND;0.75;0.26;NA;ND;NA;NA;NA;
4;12;0.45;0.63;0.99;ND;ND;0.89;0.4;NA;ND;NA;NA;NA;
4;13;0.38;0.55;0.89;ND;0.64;0.82;0.49;NA;ND;NA;NA;NA;
4;14;0.36;0.49;0.65;ND;0.56;0.72;0.56;NA;ND;NA;NA;NA;
4;15;0.36;0.55;0.78;ND;0.78;0.88;0.59;NA;ND;NA;NA;NA;
4;16;0.48;0.52;1.97;ND;0.59;1.21;0.39;NA;ND;NA;NA;NA;
4;17;0.68;0.57;1.73;ND;0.6;1.25;0.43;NA;ND;NA;NA;NA;
4;18;0.57;0.94;1.72;ND;1.1;1.49;0.65;NA;ND;NA;NA;NA;
4;19;0.78;1.11;1.53;ND;1.61;1.91;1.01;NA;ND;NA;NA;NA;
4;20;0.84;1.17;1.21;ND;1.89;2.07;0.94;NA;ND;NA;NA;NA;
4;21;1.34;1.37;1.36;ND;1.64;1.99;1.06;NA;ND;NA;NA;NA;
4;22;1.2;1.2;1.34;ND;1.71;1.98;0.42;NA;ND;NA;NA;NA;
4;23;0.77;1.08;1.23;ND;1.48;1.65;0.23;NA;ND;NA;NA;NA;
5;0;ND;1.07;0.74;ND;1.62;ND;ND;NA;ND;NA;NA;NA;
5;1;0.69;1;0.99;ND;1.33;1.61;0.45;NA;ND;NA;NA;NA;
5;2;0.47;0.8;0.62;ND;0.88;1.15;0.45;NA;ND;NA;NA;NA;
5;3;0.51;0.85;0.51;ND;0.61;0.97;0.5;NA;ND;NA;NA;NA;
5;4;0.49;0.98;0.64;ND;0.53;0.64;0.44;NA;ND;NA;NA;NA;
5;5;0.73;1.28;0.87;ND;0.86;0.95;0.79;NA;ND;NA;NA;NA;
5;6;1.61;2.07;1.62;ND;1.89;2;0.54;NA;ND;NA;NA;NA;
5;7;2.33;2.38;3.62;ND;2.56;3.66;0.38;NA;ND;NA;NA;NA;
5;8;1.68;1.15;1.8;ND;2.05;1.22;0.24;NA;ND;NA;NA;NA;
5;9;1.23;1.03;1.7;ND;0.94;1.39;0.22;NA;ND;NA;NA;NA;
5;10;ND;0.93;1.44;ND;0.58;1.24;0.42;NA;ND;NA;NA;NA;
5;11;0.53;0.81;1.09;ND;0.59;1.28;0.47;NA;ND;NA;NA;NA;
5;12;0.44;0.67;0.95;ND;0.49;0.95;0.39;NA;ND;NA;NA;NA;
5;13;0.42;0.57;0.73;ND;0.49;0.75;0.37;NA;ND;NA;NA;NA;
5;14;0.33;0.5;0.53;ND;0.35;0.6;0.44;NA;ND;NA;NA;NA;
5;15;0.35;0.51;0.66;ND;0.42;0.76;0.44;NA;ND;NA;NA;NA;
5;16;0.43;0.53;1.31;ND;0.31;0.8;0.42;NA;ND;NA;NA;NA;
5;17;0.5;0.51;1.37;ND;0.6;1.29;0.41;NA;ND;NA;NA;NA;
5;18;0.67;0.71;1.73;ND;0.65;1.57;0.85;NA;ND;NA;NA;NA;
5;19;0.69;0.81;1.71;ND;1.57;1.98;0.97;NA;ND;NA;NA;NA;
5;20;0.83;0.94;0.99;ND;2.47;1.78;0.62;NA;ND;NA;NA;NA;
5;21;0.85;0.87;0.63;ND;1.97;1.62;0.49;NA;ND;NA;NA;NA;
5;22;0.61;0.82;0.74;ND;1.78;1.76;0.92;NA;ND;NA;NA;NA;
5;23;0.46;0.82;0.53;ND;0.53;1.47;0.7;NA;ND;NA;NA;NA;
6;0;0.46;ND;ND;ND;ND;0.77;0.54;NA;ND;NA;NA;NA;
6;1;0.57;0.84;0.36;ND;0.88;0.52;0.4;NA;ND;NA;NA;NA;
6;2;0.53;0.99;0.1;ND;0.57;0.61;0.43;NA;ND;NA;NA;NA;
6;3;0.39;0.93;0.1;ND;0.57;0.62;0.32;NA;ND;NA;NA;NA;
6;4;0.45;1.45;0.31;ND;0.53;0.89;0.34;NA;ND;NA;NA;NA;
6;5;0.67;1.19;0.58;ND;0.8;1.15;0.62;NA;ND;NA;NA;NA;
6;6;1.65;3.27;1.29;ND;2.71;2.28;0.44;NA;ND;NA;NA;NA;
6;7;1.98;1.87;2.22;ND;2.81;1.31;0.28;NA;ND;NA;NA;NA;
6;8;1.77;1.05;1.05;ND;0.42;0.92;0.21;NA;ND;NA;NA;NA;
6;9;0.58;0.77;0.59;ND;0.24;0.48;0.2;NA;ND;NA;NA;NA;
6;10;0.37;0.57;0.32;ND;0.12;ND;0.21;NA;ND;NA;NA;NA;
6;11;0.29;0.5;0.11;ND;0.09;0.44;0.25;NA;ND;NA;NA;NA;
6;12;0.27;0.48;0.21;ND;0.19;0.37;0.28;NA;ND;NA;NA;NA;
6;13;0.29;0.55;0.2;ND;0.15;0.38;0.27;NA;ND;NA;NA;NA;
6;14;0.34;0.53;0.29;ND;0.29;0.47;0.43;NA;ND;NA;NA;NA;
6;15;0.32;0.5;0.16;ND;0.31;0.53;0.47;NA;ND;NA;NA;NA;
6;16;0.34;0.56;0.53;ND;0.37;0.68;0.4;NA;ND;NA;NA;NA;
6;17;0.4;0.59;1;ND;0.49;0.99;0.5;NA;ND;NA;NA;NA;
6;18;0.52;0.7;1.28;ND;0.55;1.18;1.02;NA;ND;NA;NA;NA;
6;19;0.5;0.6;1.24;ND;0.68;1.25;0.63;NA;ND;NA;NA;NA;
6;20;0.62;0.88;0.86;ND;0.46;0.89;0.43;NA;ND;NA;NA;NA;
6;21;0.52;1.2;0.45;ND;0.34;0.78;0.49;NA;ND;NA;NA;NA;
6;22;0.55;0.79;0.38;ND;0.7;0.9;0.4;NA;ND;NA;NA;NA;
6;23;0.48;0.61;0.3;ND;0.34;1.05;0.39;NA;ND;NA;NA;NA;
7;0;ND;0.46;0.2;ND;0.23;ND;ND;NA;ND;NA;NA;NA;
7;1;0.33;0.51;0.14;ND;0.02;0.62;0.22;NA;ND;NA;NA;NA;
7;2;0.35;0.52;0.15;ND;0.03;0.69;0.21;NA;ND;NA;NA;NA;
7;3;0.34;0.54;0.02;ND;0.23;0.68;0.24;NA;ND;NA;NA;NA;
7;4;0.43;0.66;0.12;ND;0.28;0.77;0.25;NA;ND;NA;NA;NA;
7;5;1.11;1.16;0.3;ND;0.65;0.92;0.35;NA;ND;NA;NA;NA;
7;6;1.66;1.08;0.56;ND;2.64;2.26;0.75;NA;ND;NA;NA;NA;
7;7;1.43;1.15;1.66;ND;2.12;3;0.29;NA;ND;NA;NA;NA;
7;8;1.18;0.81;1.68;ND;0.96;1.48;0.22;NA;ND;NA;NA;NA;
7;9;0.91;0.79;1.25;ND;0.55;0.97;0.27;NA;ND;NA;NA;NA;
7;10;0.59;0.73;1.04;ND;0.17;0.96;0.37;NA;ND;NA;NA;NA;
7;11;0.31;0.52;0.43;ND;0.14;0.75;0.29;NA;ND;NA;NA;NA;
7;12;0.31;0.59;0.28;ND;0.12;0.56;0.35;NA;ND;NA;NA;NA;
7;13;0.27;0.55;0.33;ND;0.36;0.71;0.4;NA;ND;NA;NA;NA;
7;14;0.27;0.49;0.3;ND;0.27;0.82;0.41;NA;ND;NA;NA;NA;
7;15;0.28;0.5;0.78;ND;0.2;0.76;0.49;NA;ND;NA;NA;NA;
7;16;0.52;0.66;1.42;ND;0.39;1.21;1;NA;ND;NA;NA;NA;
7;17;0.65;0.92;1.33;ND;0.41;1.78;0.78;NA;ND;NA;NA;NA;
7;18;0.58;0.66;1.47;ND;1.11;2.2;1.09;NA;ND;NA;NA;NA;
7;19;0.75;0.72;1.61;ND;1.45;1.56;1.46;NA;ND;NA;NA;NA;
7;20;0.5;0.84;1.22;ND;0.91;1.73;0.78;NA;ND;NA;NA;NA;
7;21;0.57;0.75;0.78;ND;ND;1.35;0.61;NA;ND;NA;NA;NA;
7;22;0.71;0.93;0.76;ND;ND;0.94;0.5;NA;ND;NA;NA;NA;
7;23;0.91;0.9;0.78;ND;ND;1.37;0.41;NA;ND;NA;NA;NA;
8;0;0.81;ND;ND;ND;ND;1.01;0.45;NA;ND;NA;NA;NA;
8;1;0.78;0.78;0.58;ND;0.44;0.84;0.48;NA;ND;NA;NA;NA;
8;2;0.66;0.82;0.45;ND;0.37;0.69;0.38;NA;ND;NA;NA;NA;
8;3;0.72;0.8;0.32;ND;0.47;0.68;0.44;NA;ND;NA;NA;NA;
8;4;0.57;0.97;0.13;ND;0.71;1.19;0.83;NA;ND;NA;NA;NA;
8;5;0.62;1.32;0.28;ND;1.06;1.39;0.76;NA;ND;NA;NA;NA;
8;6;1.1;1.91;0.52;ND;2.19;2.53;1.49;NA;ND;NA;NA;NA;
8;7;1.55;1.23;1.18;ND;2.25;2;1.61;NA;ND;NA;NA;NA;
8;8;1;1.01;1.01;ND;1.36;1.46;0.35;NA;ND;NA;NA;NA;
8;9;0.91;0.9;0.85;ND;0.43;0.63;0.38;NA;ND;NA;NA;NA;
8;10;0.52;0.65;0.82;ND;0.31;0.78;0.57;NA;ND;NA;NA;NA;
8;11;0.35;0.61;0.71;ND;0.6;0.84;0.56;NA;ND;NA;NA;NA;
8;12;0.3;0.63;0.58;ND;0.54;0.67;0.49;NA;ND;NA;NA;NA;
8;13;0.3;0.6;0.76;ND;0.56;0.89;0.57;NA;ND;NA;NA;NA;
8;14;0.29;0.6;0.81;ND;0.24;0.89;0.61;NA;ND;NA;NA;NA;
8;15;0.3;0.58;0.57;ND;0.52;0.75;0.58;NA;ND;NA;NA;NA;
8;16;0.44;0.69;0.57;ND;0.47;1.39;0.52;NA;ND;NA;NA;NA;
8;17;0.52;0.59;0.69;ND;0.46;1.14;0.5;NA;ND;NA;NA;NA;
8;18;0.61;0.59;0.65;ND;0.71;0.84;0.57;NA;ND;NA;NA;NA;
8;19;0.64;0.6;0.78;ND;0.9;0.79;0.6;NA;ND;NA;NA;NA;
8;20;0.61;0.83;0.69;ND;0.59;1.17;0.44;NA;ND;NA;NA;NA;
8;21;0.77;0.72;1.03;ND;0.68;1.62;0.43;NA;ND;NA;NA;NA;
8;22;0.67;0.78;0.69;ND;0.26;1.44;0.4;NA;ND;NA;NA;NA;
8;23;0.59;0.89;0.76;ND;0.39;0.99;0.67;NA;ND;NA;NA;NA;
9;0;ND;0.76;0.8;ND;0.14;ND;ND;NA;ND;NA;NA;NA;
9;1;0.68;0.87;0.44;ND;0.18;0.65;0.56;NA;ND;NA;NA;NA;
9;2;0.71;0.79;0.21;ND;0.25;0.85;0.46;NA;ND;NA;NA;NA;
9;3;0.57;0.86;0.17;ND;0.64;0.67;0.66;NA;ND;NA;NA;NA;
9;4;0.34;0.79;0.45;ND;0.58;1.17;0.33;NA;ND;NA;NA;NA;
9;5;0.47;0.87;0.39;ND;0.51;1.35;0.28;NA;ND;NA;NA;NA;
9;6;0.79;1.34;1.18;ND;0.88;1.81;0.45;NA;ND;NA;NA;NA;
9;7;1;1.56;1.37;ND;1.85;1.95;0.35;NA;ND;NA;NA;NA;
9;8;1.03;0.98;1.06;ND;0.69;0.74;0.46;NA;ND;NA;NA;NA;
9;9;0.86;0.75;0.4;ND;0.27;0.46;0.34;NA;ND;NA;NA;NA;
9;10;0.58;0.69;0.4;ND;0.24;0.46;0.3;NA;ND;NA;NA;NA;
9;11;0.38;0.65;0.68;ND;0.08;0.38;0.33;NA;ND;NA;NA;NA;
9;12;0.3;0.55;0.19;ND;0.01;0.31;0.33;NA;ND;NA;NA;NA;
9;13;0.27;0.56;0.15;ND;0.02;0.35;0.35;NA;ND;NA;NA;NA;
9;14;0.31;0.59;0.17;ND;0.09;0.35;0.53;NA;ND;NA;NA;NA;
9;15;0.28;0.54;0.06;ND;0.18;0.35;0.57;NA;ND;NA;NA;NA;
9;16;0.3;0.57;0.36;ND;0.17;0.49;0.63;NA;ND;NA;NA;NA;
9;17;0.42;0.67;0.5;ND;0.12;0.6;0.46;NA;ND;NA;NA;NA;
9;18;0.52;0.75;0.61;ND;0.2;0.67;0.42;NA;ND;NA;NA;NA;
9;19;0.6;0.67;0.35;ND;0.32;0.65;0.6;NA;ND;NA;NA;NA;
9;20;0.56;0.69;0.25;ND;0.58;0.75;0.83;NA;ND;NA;NA;NA;
9;21;0.68;0.93;0.28;ND;0.45;0.95;1;NA;ND;NA;NA;NA;
9;22;0.66;0.7;0.35;ND;0.71;0.94;0.38;NA;ND;NA;NA;NA;
9;23;0.61;0.61;0.32;ND;0.35;0.82;0.54;NA;ND;NA;NA;NA;
10;0;0.39;ND;ND;ND;ND;0.58;0.29;NA;ND;NA;NA;NA;
10;1;0.4;0.61;0.14;ND;0.16;0.59;0.3;NA;ND;NA;NA;NA;
10;2;0.33;0.57;0;ND;0.08;0.62;0.26;NA;ND;NA;NA;NA;
10;3;0.26;0.56;0.02;ND;0.04;0.44;0.27;NA;ND;NA;NA;NA;
10;4;0.3;0.65;0.13;ND;0.04;0.61;0.21;NA;ND;NA;NA;NA;
10;5;0.46;0.77;0.31;ND;0.35;0.83;0.22;NA;ND;NA;NA;NA;
10;6;1.05;1.89;1.09;ND;1.49;0.99;0.32;NA;ND;NA;NA;NA;
10;7;1.9;1.57;1.71;ND;1.59;1.46;0.32;NA;ND;NA;NA;NA;
10;8;1.09;1.05;1.09;ND;ND;0.87;0.26;NA;ND;NA;NA;NA;
10;9;0.48;0.72;0.53;ND;ND;0.67;0.25;NA;ND;NA;NA;NA;
10;10;0.33;0.52;0.32;ND;0.49;0.47;0.27;NA;ND;NA;NA;NA;
10;11;0.29;ND;0.33;ND;0.34;0.39;0.29;NA;ND;NA;NA;NA;
10;12;0.3;0.57;0.55;ND;0.51;0.41;0.33;NA;ND;NA;NA;NA;
10;13;0.29;0.58;ND;ND;0.44;0.42;0.35;NA;ND;NA;NA;NA;
10;14;0.3;0.55;0.16;ND;0.48;0.49;0.41;NA;ND;NA;NA;NA;
10;15;0.29;0.51;0.28;ND;0.6;0.6;0.57;NA;ND;NA;NA;NA;
10;16;0.31;0.54;0.35;ND;0.72;0.88;0.58;NA;ND;NA;NA;NA;
10;17;0.37;0.58;0.84;ND;0.65;1.14;0.73;NA;ND;NA;NA;NA;
10;18;0.45;0.69;1.26;ND;0.96;1.11;0.58;NA;ND;NA;NA;NA;
10;19;0.61;0.63;0.83;ND;0.97;1.06;0.72;NA;ND;NA;NA;NA;
10;20;0.63;0.61;0.66;ND;0.68;0.87;0.48;NA;ND;NA;NA;NA;
10;21;0.58;0.69;0.74;ND;0.75;0.79;0.48;NA;ND;NA;NA;NA;
10;22;0.43;0.54;0.41;ND;0.81;0.75;0.6;NA;ND;NA;NA;NA;
10;23;0.4;0.48;0.23;ND;0.58;0.48;0.39;NA;ND;NA;NA;NA;
11;0;ND;0.48;0.07;ND;0.35;ND;ND;NA;ND;NA;NA;NA;
11;1;0.34;0.48;0.09;ND;0.33;0.43;0.29;NA;ND;NA;NA;NA;
11;2;0.27;0.46;0.02;ND;0.31;0.38;0.43;NA;ND;NA;NA;NA;
11;3;0.26;0.46;0;ND;0.3;0.32;0.37;NA;ND;NA;NA;NA;
11;4;0.34;0.51;0.01;ND;0.4;0.39;0.49;NA;ND;NA;NA;NA;
11;5;0.36;0.61;0.09;ND;0.82;0.71;0.87;NA;ND;NA;NA;NA;
11;6;0.74;1.03;0.3;ND;1.96;1.67;0.73;NA;ND;NA;NA;NA;
11;7;1.06;1.31;1.08;ND;2.26;2.88;0.53;NA;ND;NA;NA;NA;
11;8;0.77;0.79;1.37;ND;1.5;1.77;0.3;NA;ND;NA;NA;NA;
11;9;0.67;0.7;1.46;ND;1.01;1.69;0.35;NA;ND;NA;NA;NA;
11;10;0.42;0.54;0.76;ND;0.76;0.86;0.39;NA;ND;NA;NA;NA;
11;11;0.32;0.59;ND;ND;0.52;0.52;0.44;NA;ND;NA;NA;NA;
11;12;0.31;0.58;ND;ND;0.52;0.47;0.45;NA;ND;NA;NA;NA;
11;13;0.34;0.57;0.68;ND;0.52;0.51;0.49;NA;ND;NA;NA;NA;
11;14;0.3;0.53;0.52;ND;0.65;0.5;0.49;NA;ND;NA;NA;NA;
11;15;0.31;0.57;0.63;ND;0.69;0.6;0.54;NA;ND;NA;NA;NA;
11;16;0.35;0.6;1.03;ND;0.67;0.7;0.49;NA;ND;NA;NA;NA;
11;17;0.39;0.71;1.41;ND;0.69;0.99;0.55;NA;ND;NA;NA;NA;
11;18;0.59;0.74;1.39;ND;0.8;1.02;0.75;NA;ND;NA;NA;NA;
11;19;0.67;0.69;1.36;ND;0.76;1.05;0.58;NA;ND;NA;NA;NA;
11;20;0.58;0.79;1.18;ND;0.61;0.83;0.56;NA;ND;NA;NA;NA;
11;21;0.46;0.65;0.97;ND;0.82;0.77;0.5;NA;ND;NA;NA;NA;
11;22;0.38;0.57;0.59;ND;0.56;0.73;0.42;NA;ND;NA;NA;NA;
11;23;0.35;0.66;0.45;ND;0.34;0.41;0.44;NA;ND;NA;NA;NA;
12;0;0.32;ND;ND;ND;ND;0.41;0.4;NA;ND;NA;NA;NA;
12;1;0.29;0.53;0.42;ND;0.29;0.41;0.39;NA;ND;NA;NA;NA;
12;2;0.27;0.53;0.34;ND;0.18;0.33;0.45;NA;ND;NA;NA;NA;
12;3;0.26;0.53;0.3;ND;0.23;0.29;0.31;NA;ND;NA;NA;NA;
12;4;0.25;0.51;0.32;ND;0.28;0.35;0.49;NA;ND;NA;NA;NA;
12;5;0.27;0.6;0.39;ND;0.7;0.66;0.56;NA;ND;NA;NA;NA;
12;6;0.66;0.85;1.12;ND;2.17;1.96;1.13;NA;ND;NA;NA;NA;
12;7;0.86;0.87;1.75;ND;2.09;2.1;0.87;NA;ND;NA;NA;NA;
12;8;0.82;0.82;1.72;ND;1.14;1.49;0.39;NA;ND;NA;NA;NA;
12;9;0.61;0.68;1.56;ND;0.8;1.37;0.4;NA;ND;NA;NA;NA;
12;10;0.39;ND;1.27;ND;0.74;1.25;0.57;NA;ND;NA;NA;NA;
12;11;0.34;ND;1.06;ND;0.69;0.84;0.52;NA;ND;NA;NA;NA;
12;12;0.32;ND;0.79;ND;0.82;0.66;0.59;NA;ND;NA;NA;NA;
12;13;0.31;0.36;0.85;ND;0.72;0.61;0.48;NA;ND;NA;NA;NA;
12;14;0.31;0.36;0.78;ND;0.49;0.64;0.44;NA;ND;NA;NA;NA;
12;15;0.29;ND;1.11;ND;0.67;0.65;0.43;NA;ND;NA;NA;NA;
12;16;0.34;0.35;1.49;ND;0.53;0.85;0.52;NA;ND;NA;NA;NA;
12;17;0.45;0.35;1.41;ND;0.51;0.91;0.51;NA;ND;NA;NA;NA;
12;18;0.58;0.46;1.54;ND;0.79;1.28;0.79;NA;ND;NA;NA;NA;
12;19;0.48;0.36;1.46;ND;0.8;1.69;0.89;NA;ND;NA;NA;NA;
12;20;0.44;0.47;1.28;ND;0.97;1.63;0.95;NA;ND;NA;NA;NA;
12;21;0.5;0.32;1.01;ND;0.76;0.83;0.66;NA;ND;NA;NA;NA;
12;22;0.34;0.27;0.72;ND;0.6;0.87;0.46;NA;ND;NA;NA;NA;
12;23;0.33;0.24;0.61;ND;0.36;0.64;0.47;NA;ND;NA;NA;NA;
13;0;ND;0.22;0.56;ND;0.32;ND;ND;NA;ND;NA;NA;NA;
13;1;0.23;0.2;0.47;ND;0.21;0.37;0.36;NA;ND;NA;NA;NA;
13;2;0.2;0.2;0.42;ND;0.21;0.31;0.33;NA;ND;NA;NA;NA;
13;3;0.21;0.19;0.41;ND;0.19;0.31;0.36;NA;ND;NA;NA;NA;
13;4;0.21;0.19;0.32;ND;0.2;0.32;0.38;NA;ND;NA;NA;NA;
13;5;0.26;0.21;0.38;ND;0.3;0.37;0.43;NA;ND;NA;NA;NA;
13;6;0.51;0.36;0.97;ND;0.73;0.68;0.73;NA;ND;NA;NA;NA;
13;7;0.94;0.66;1.5;ND;0.95;1.5;0.68;NA;ND;NA;NA;NA;
13;8;0.99;0.49;1.37;ND;0.77;1.19;0.5;NA;ND;NA;NA;NA;
13;9;0.62;0.46;0.95;ND;0.47;0.83;0.4;NA;ND;NA;NA;NA;
13;10;0.62;0.39;1.12;ND;0.51;0.77;0.42;NA;ND;NA;NA;NA;
13;11;0.48;0.38;1.07;ND;0.67;0.98;0.49;NA;ND;NA;NA;NA;
13;12;0.35;0.3;0.93;ND;0.61;0.87;0.52;NA;ND;NA;NA;NA;
13;13;0.31;0.3;1.37;ND;0.66;0.81;0.43;NA;ND;NA;NA;NA;
13;14;0.29;0.25;1.4;ND;0.71;0.97;0.45;NA;ND;NA;NA;NA;
13;15;0.3;0.29;1.7;ND;0.53;1.22;0.59;NA;ND;NA;NA;NA;
13;16;0.43;0.26;1.76;ND;0.6;1.19;0.51;NA;ND;NA;NA;NA;
13;17;0.68;0.27;1.77;ND;0.76;1.41;0.73;NA;ND;NA;NA;NA;
13;18;0.67;0.38;1.69;ND;0.96;1.6;0.68;NA;ND;NA;NA;NA;
13;19;0.54;0.42;1.39;ND;0.66;1.14;0.94;NA;ND;NA;NA;NA;
13;20;0.66;0.42;1.12;ND;0.59;1.04;0.85;NA;ND;NA;NA;NA;
13;21;0.58;0.39;0.78;ND;0.39;0.94;0.77;NA;ND;NA;NA;NA;
13;22;0.32;0.25;0.54;ND;0.37;0.59;0.55;NA;ND;NA;NA;NA;
13;23;0.29;0.21;0.38;ND;0.26;0.43;0.37;NA;ND;NA;NA;NA;
14;0;0.25;0.18;ND;ND;ND;0.36;0.3;NA;ND;NA;NA;NA;
14;1;0.25;0.2;0.33;ND;0.23;0.3;0.3;NA;ND;NA;NA;NA;
14;2;0.27;0.22;0.34;ND;0.23;0.35;0.27;NA;ND;NA;NA;NA;
14;3;0.29;0.21;0.3;ND;0.28;0.36;0.29;NA;ND;NA;NA;NA;
14;4;0.26;0.24;0.34;ND;0.35;0.38;0.38;NA;ND;NA;NA;NA;
14;5;0.3;0.34;0.42;ND;0.7;0.75;0.54;NA;ND;NA;NA;NA;
14;6;0.96;0.82;1.1;ND;1.45;1.56;0.67;NA;ND;NA;NA;NA;
14;7;1.16;0.97;2.07;ND;1.49;2.08;0.63;NA;ND;NA;NA;NA;
14;8;1.01;0.5;1.72;ND;1.67;1.69;0.43;NA;ND;NA;NA;NA;
14;9;0.64;0.43;ND;ND;0.8;1.57;0.44;NA;ND;NA;NA;NA;
14;10;0.5;0.29;ND;ND;1.32;1.45;0.54;NA;ND;NA;NA;NA;
14;11;0.31;0.16;1.2;ND;1.26;1.22;0.5;NA;ND;NA;NA;NA;
14;12;0.34;0.15;1.5;ND;0.53;1.13;0.4;NA;ND;NA;NA;NA;
14;13;0.3;0.23;1.24;ND;0.41;0.68;0.35;NA;ND;NA;NA;NA;
14;14;0.33;0.24;1.43;ND;0.42;0.69;0.5;NA;ND;NA;NA;NA;
14;15;0.36;0.24;1.8;ND;0.39;1.12;0.63;NA;ND;NA;NA;NA;
14;16;0.51;0.27;1.78;ND;0.57;0.94;0.75;NA;ND;NA;NA;NA;
14;17;0.71;0.27;2.03;ND;0.71;1.02;0.79;NA;ND;NA;NA;NA;
14;18;0.68;0.31;1.93;ND;0.99;1.25;0.74;NA;ND;NA;NA;NA;
14;19;0.7;0.4;1.86;ND;1.56;1.22;0.67;NA;ND;NA;NA;NA;
14;20;0.66;0.54;1.75;ND;1.28;1.16;0.76;NA;ND;NA;NA;NA;
14;21;0.51;0.57;1.16;ND;0.78;1.11;0.64;NA;ND;NA;NA;NA;
14;22;0.55;0.59;0.77;ND;0.88;0.68;0.51;NA;ND;NA;NA;NA;
14;23;0.71;0.52;1.02;ND;1.06;1.01;0.41;NA;ND;NA;NA;NA;
15;0;ND;0.49;0.6;ND;1.12;ND;ND;NA;ND;NA;NA;NA;
15;1;0.7;0.3;0.57;ND;0.8;0.64;0.38;NA;ND;NA;NA;NA;
15;2;0.6;0.36;0.59;ND;0.66;0.73;0.42;NA;ND;NA;NA;NA;
15;3;0.47;0.4;0.66;ND;0.69;0.95;0.43;NA;ND;NA;NA;NA;
15;4;0.48;0.27;0.65;ND;0.85;0.66;0.46;NA;ND;NA;NA;NA;
15;5;0.63;0.39;0.63;ND;1.28;1.05;0.72;NA;ND;NA;NA;NA;
15;6;1.09;0.61;1.11;ND;2.27;2.03;1.7;NA;ND;NA;NA;NA;
15;7;1.36;0.63;1.85;ND;1.24;1.83;1.73;NA;ND;NA;NA;NA;
15;8;0.94;0.64;1.27;ND;0.83;1.44;0.89;NA;ND;NA;NA;NA;
15;9;0.62;0.39;1.39;ND;0.54;1.04;0.49;NA;ND;NA;NA;NA;
15;10;0.47;0.36;1.19;ND;0.82;1.14;0.5;NA;ND;NA;NA;NA;
15;11;0.31;0.32;0.55;ND;0.92;0.99;0.46;NA;ND;NA;NA;NA;
15;12;0.28;0.35;0.47;ND;0.72;0.69;0.41;NA;ND;NA;NA;NA;
15;13;0.28;0.23;0.95;ND;0.6;0.66;0.45;NA;ND;NA;NA;NA;
15;14;0.3;0.26;0.9;ND;0.61;0.53;0.45;NA;ND;NA;NA;NA;
15;15;0.33;0.28;0.93;ND;0.4;0.7;0.5;NA;ND;NA;NA;NA;
15;16;0.32;0.31;1.09;ND;0.37;0.68;0.85;NA;ND;NA;NA;NA;
15;17;0.35;0.34;1.12;ND;0.53;0.81;0.73;NA;ND;NA;NA;NA;
15;18;0.46;0.35;1.24;ND;0.62;1;0.95;NA;ND;NA;NA;NA;
15;19;0.78;0.39;0.9;ND;0.66;0.84;0.74;NA;ND;NA;NA;NA;
15;20;0.59;0.35;0.78;ND;0.97;0.63;0.9;NA;ND;NA;NA;NA;
15;21;0.53;0.34;0.88;ND;0.88;0.77;0.86;NA;ND;NA;NA;NA;
15;22;0.42;0.52;1.03;ND;1.05;0.98;0.88;NA;ND;NA;NA;NA;
15;23;0.39;0.39;0.58;ND;0.78;0.73;0.5;NA;ND;NA;NA;NA;
16;0;0.35;0.42;ND;ND;ND;0.43;0.52;NA;ND;NA;NA;NA;
16;1;0.51;0.52;0.63;ND;0.35;0.43;0.49;NA;ND;NA;NA;NA;
16;2;0.63;0.38;0.76;ND;0.57;0.39;0.49;NA;ND;NA;NA;NA;
16;3;0.7;0.4;0.69;ND;0.63;0.66;0.74;NA;ND;NA;NA;NA;
16;4;0.7;0.36;0.71;ND;0.64;0.86;0.39;NA;ND;NA;NA;NA;
16;5;0.75;1.43;0.55;ND;0.8;0.94;0.64;NA;ND;NA;NA;NA;
16;6;0.98;1.46;0.89;ND;1.62;1.35;1.33;NA;ND;NA;NA;NA;
16;7;0.77;0.66;1.14;ND;1.37;1.34;1.16;NA;ND;NA;NA;NA;
16;8;0.6;0.53;0.98;ND;0.65;1.01;0.63;NA;ND;NA;NA;NA;
16;9;0.63;0.54;0.59;ND;0.41;0.45;0.37;NA;ND;NA;NA;NA;
16;10;0.41;0.4;0.67;ND;0.27;0.39;0.49;NA;ND;NA;NA;NA;
16;11;0.32;0.3;0.51;ND;0.63;0.53;0.45;NA;ND;NA;NA;NA;
16;12;0.28;0.27;0.5;ND;0.86;0.54;0.45;NA;ND;NA;NA;NA;
16;13;0.29;0.28;1.37;ND;0.67;0.66;0.52;NA;ND;NA;NA;NA;
16;14;0.3;0.31;0.63;ND;0.73;0.67;0.68;NA;ND;NA;NA;NA;
16;15;0.26;0.25;0.76;ND;0.43;0.7;0.93;NA;ND;NA;NA;NA;
16;16;0.37;0.23;0.95;ND;0.36;0.79;0.81;NA;ND;NA;NA;NA;
16;17;0.56;0.29;0.99;ND;0.32;0.9;0.84;NA;ND;NA;NA;NA;
16;18;0.67;0.33;1.27;ND;0.47;1.03;0.76;NA;ND;NA;NA;NA;
16;19;0.73;0.46;1.18;ND;1.01;0.73;0.6;NA;ND;NA;NA;NA;
16;20;0.57;0.46;0.63;ND;0.55;0.56;0.58;NA;ND;NA;NA;NA;
16;21;0.49;0.3;0.52;ND;0.4;0.57;0.66;NA;ND;NA;NA;NA;
16;22;0.46;0.32;0.5;ND;0.68;0.58;0.54;NA;ND;NA;NA;NA;
16;23;0.37;0.3;0.42;ND;0.23;0.48;0.37;NA;ND;NA;NA;NA;
17;0;ND;0.27;0.34;ND;0.51;ND;ND;NA;ND;NA;NA;NA;
17;1;0.29;0.19;0.27;ND;0.34;0.46;0.34;NA;ND;NA;NA;NA;
17;2;0.26;0.2;0.27;ND;0.36;0.41;0.38;NA;ND;NA;NA;NA;
17;3;0.22;0.19;0.25;ND;0.29;0.43;0.34;NA;ND;NA;NA;NA;
17;4;0.22;0.17;0.24;ND;0.2;0.35;0.47;NA;ND;NA;NA;NA;
17;5;0.28;0.26;0.29;ND;0.28;0.33;0.8;NA;ND;NA;NA;NA;
17;6;0.69;0.69;0.81;ND;0.89;0.6;0.81;NA;ND;NA;NA;NA;
17;7;1.13;0.83;1.27;ND;1.37;1.72;0.48;NA;ND;NA;NA;NA;
17;8;1.02;0.51;1.29;ND;1.25;1.69;0.58;NA;ND;NA;NA;NA;
17;9;1.03;0.39;1.61;ND;1.06;1.22;0.5;NA;ND;NA;NA;NA;
17;10;0.85;0.37;1.38;ND;0.72;0.97;0.47;NA;ND;NA;NA;NA;
17;11;0.48;0.34;0.95;ND;ND;0.84;0.53;NA;ND;NA;NA;NA;
17;12;0.34;0.29;1.05;ND;ND;0.84;0.54;NA;ND;NA;NA;NA;
17;13;0.29;0.26;1;ND;0.66;0.67;0.45;NA;ND;NA;NA;NA;
17;14;0.28;0.24;1.1;ND;0.52;0.65;0.46;NA;ND;NA;NA;NA;
17;15;0.3;0.22;1.28;ND;0.48;0.64;0.55;NA;ND;NA;NA;NA;
17;16;0.32;0.23;1.91;ND;0.42;0.77;0.84;NA;ND;NA;NA;NA;
17;17;0.46;0.31;2.1;ND;0.59;1.26;0.58;NA;ND;NA;NA;NA;
17;18;0.76;0.4;2.16;ND;0.98;1.67;0.6;NA;ND;NA;NA;NA;
17;19;0.73;0.7;1.93;ND;1.18;1.68;0.49;NA;ND;NA;NA;NA;
17;20;0.56;0.78;1.07;ND;1.34;0.97;0.48;NA;ND;NA;NA;NA;
17;21;0.46;0.44;1.34;ND;0.97;0.64;0.46;NA;ND;NA;NA;NA;
17;22;0.56;0.61;0.92;ND;0.64;0.71;0.39;NA;ND;NA;NA;NA;
17;23;0.41;0.43;0.63;ND;0.65;0.63;0.5;NA;ND;NA;NA;NA;
18;0;0.44;0.44;ND;ND;ND;0.48;0.42;NA;ND;NA;NA;NA;
18;1;0.43;0.31;0.35;ND;0.51;0.43;0.39;NA;ND;NA;NA;NA;
18;2;0.38;0.29;0.28;ND;0.32;0.33;0.36;NA;ND;NA;NA;NA;
18;3;0.34;0.32;0.29;ND;0.32;0.27;0.36;NA;ND;NA;NA;NA;
18;4;0.33;0.27;0.22;ND;0.33;0.26;0.46;NA;ND;NA;NA;NA;
18;5;0.34;0.3;0.29;ND;0.52;0.34;0.44;NA;ND;NA;NA;NA;
18;6;0.96;0.76;1.14;ND;0.92;0.98;0.64;NA;ND;NA;NA;NA;
18;7;1.77;0.92;1.63;ND;1.23;1.66;0.8;NA;ND;NA;NA;NA;
18;8;1.42;0.54;1.58;ND;0.78;1.56;0.42;NA;ND;NA;NA;NA;
18;9;0.88;0.39;1.29;ND;0.76;0.97;0.43;NA;ND;NA;NA;NA;
18;10;0.62;0.36;1.27;ND;0.77;ND;0.44;NA;ND;NA;NA;NA;
18;11;0.42;ND;0.98;ND;0.99;ND;0.55;NA;ND;NA;NA;NA;
18;12;0.3;0.34;0.65;ND;0.91;0.77;0.72;NA;ND;NA;NA;NA;
18;13;0.31;0.32;0.96;ND;0.78;0.66;0.5;NA;ND;NA;NA;NA;
18;14;0.28;0.31;0.97;ND;0.61;0.77;0.44;NA;ND;NA;NA;NA;
18;15;0.33;0.38;1.76;ND;0.67;0.79;0.51;NA;ND;NA;NA;NA;
18;16;0.43;0.37;1.72;ND;0.66;0.9;0.65;NA;ND;NA;NA;NA;
18;17;0.6;0.26;2.11;ND;1.33;0.99;0.58;NA;ND;NA;NA;NA;
18;18;0.65;0.34;2.16;ND;1.45;1.29;0.74;NA;ND;NA;NA;NA;
18;19;0.87;0.52;1.79;ND;1.45;1.4;0.59;NA;ND;NA;NA;NA;
18;20;0.65;0.56;1.26;ND;0.63;1.14;0.51;NA;ND;NA;NA;NA;
18;21;0.75;0.59;1.02;ND;0.66;0.82;0.45;NA;ND;NA;NA;NA;
18;22;0.87;0.69;0.9;ND;0.58;0.67;0.44;NA;ND;NA;NA;NA;
18;23;0.7;0.44;0.5;ND;0.39;0.45;0.41;NA;ND;NA;NA;NA;
19;0;ND;0.32;0.37;ND;0.43;0.48;ND;NA;ND;NA;NA;NA;
19;1;0.57;0.27;0.34;ND;0.32;0.42;0.33;NA;ND;NA;NA;NA;
19;2;0.52;0.29;0.28;ND;0.36;0.46;0.32;NA;ND;NA;NA;NA;
19;3;0.56;0.39;0.32;ND;0.38;0.44;0.41;NA;ND;NA;NA;NA;
19;4;0.53;0.3;0.32;ND;0.54;0.48;0.48;NA;ND;NA;NA;NA;
19;5;0.63;0.29;0.47;ND;0.68;0.81;0.76;NA;ND;NA;NA;NA;
19;6;1.29;0.52;1.06;ND;1.92;1.39;1.04;NA;ND;NA;NA;NA;
19;7;1.18;0.69;1.72;ND;1.99;1.26;0.74;NA;ND;NA;NA;NA;
19;8;1.43;0.41;1.52;ND;1.33;1.19;0.88;NA;ND;NA;NA;NA;
19;9;0.86;0.37;1.18;ND;0.65;0.73;0.58;NA;ND;NA;NA;NA;
19;10;0.43;0.32;ND;ND;0.73;0.86;0.51;NA;ND;NA;NA;NA;
19;11;0.28;0.26;0.9;ND;0.72;0.83;0.56;NA;ND;NA;NA;NA;
19;12;0.24;0.26;0.75;ND;0.68;0.88;0.52;NA;ND;NA;NA;NA;
19;13;0.26;0.33;0.75;ND;0.69;0.79;0.57;NA;ND;NA;NA;NA;
19;14;0.24;0.21;0.84;ND;0.57;0.72;0.52;NA;ND;NA;NA;NA;
19;15;0.25;0.24;0.81;ND;0.55;0.82;0.44;NA;ND;NA;NA;NA;
19;16;0.29;0.24;1.07;ND;0.54;0.71;0.44;NA;ND;NA;NA;NA;
19;17;0.49;0.27;1.38;ND;0.6;0.97;0.56;NA;ND;NA;NA;NA;
19;18;0.5;0.33;1.4;ND;1.07;0.89;0.65;NA;ND;NA;NA;NA;
19;19;0.86;0.33;1.17;ND;1.29;0.97;0.68;NA;ND;NA;NA;NA;
19;20;0.51;0.37;1.04;ND;1.38;0.86;0.58;NA;ND;NA;NA;NA;
19;21;0.51;0.39;ND;ND;0.92;0.84;0.49;NA;ND;NA;NA;NA;
19;22;0.49;0.49;0.54;ND;0.5;0.58;0.41;NA;ND;NA;NA;NA;
19;23;0.5;0.35;0.46;ND;0.68;0.49;0.35;NA;ND;NA;NA;NA;
20;0;0.33;ND;0.29;ND;ND;0.47;0.35;NA;ND;NA;NA;NA;
20;1;0.37;0.25;0.21;ND;0.37;0.34;0.32;NA;ND;NA;NA;NA;
20;2;0.41;0.26;0.22;ND;0.3;0.31;0.31;NA;ND;NA;NA;NA;
20;3;0.41;0.26;0.18;ND;0.29;0.27;0.4;NA;ND;NA;NA;NA;
20;4;0.4;0.39;0.2;ND;0.35;0.38;0.46;NA;ND;NA;NA;NA;
20;5;0.6;0.7;0.35;ND;0.69;0.47;0.54;NA;ND;NA;NA;NA;
20;6;1.54;0.98;0.88;ND;1.39;0.86;0.86;NA;ND;NA;NA;NA;
20;7;2.05;0.9;1.22;ND;1.55;1.55;0.83;NA;ND;NA;NA;NA;
20;8;1.42;0.48;1.23;ND;1.12;1.07;0.75;NA;ND;NA;NA;NA;
20;9;0.96;0.39;1.35;ND;1.06;1.14;0.5;NA;ND;NA;NA;NA;
20;10;0.67;0.31;1.11;ND;0.96;1.04;0.5;NA;ND;NA;NA;NA;
20;11;0.32;0.28;0.86;ND;0.87;0.85;0.6;NA;ND;NA;NA;NA;
20;12;0.3;0.25;0.76;ND;0.9;0.6;0.61;NA;ND;NA;NA;NA;
20;13;ND;0.25;0.68;ND;0.73;0.67;0.54;NA;ND;NA;NA;NA;
20;14;ND;0.24;0.97;ND;0.65;0.58;0.54;NA;ND;NA;NA;NA;
20;15;0.36;0.27;1.07;ND;0.68;0.63;0.49;NA;ND;NA;NA;NA;
20;16;0.45;0.27;1.17;ND;0.79;0.75;0.53;NA;ND;NA;NA;NA;
20;17;0.44;0.3;1.56;ND;0.9;1.27;0.5;NA;ND;NA;NA;NA;
20;18;0.53;0.38;1.79;ND;0.95;1.25;0.53;NA;ND;NA;NA;NA;
20;19;0.62;0.31;1.17;ND;0.96;1.14;0.63;NA;ND;NA;NA;NA;
20;20;0.69;0.35;1;ND;0.81;0.95;0.68;NA;ND;NA;NA;NA;
20;21;0.72;0.33;0.83;ND;0.74;0.8;0.6;NA;ND;NA;NA;NA;
20;22;0.55;0.36;0.64;ND;0.94;0.65;0.5;NA;ND;NA;NA;NA;
20;23;0.62;0.4;0.61;ND;0.58;0.62;0.49;NA;ND;NA;NA;NA;
21;0;ND;0.35;ND;ND;0.5;ND;ND;NA;ND;NA;NA;NA;
21;1;0.46;0.32;0.4;ND;0.55;0.5;0.46;NA;ND;NA;NA;NA;
21;2;0.52;0.31;0.38;ND;0.48;0.44;0.59;NA;ND;NA;NA;NA;
21;3;0.52;0.29;0.4;ND;0.5;0.54;0.43;NA;ND;NA;NA;NA;
21;4;0.48;0.31;0.31;ND;0.75;0.52;0.43;NA;ND;NA;NA;NA;
21;5;0.73;0.53;0.32;ND;0.93;0.51;0.45;NA;ND;NA;NA;NA;
21;6;1.33;0.76;1.01;ND;1.41;1.47;1.01;NA;ND;NA;NA;NA;
21;7;1.5;0.49;1.99;ND;2.42;2.37;0.9;NA;ND;NA;NA;NA;
21;8;1.31;0.73;1.99;ND;1.94;2.03;0.54;NA;ND;NA;NA;NA;
21;9;1.02;0.45;1.79;ND;1.87;1.58;0.45;NA;ND;NA;NA;NA;
21;10;1.13;0.59;1.88;ND;1.66;1.58;0.55;NA;ND;NA;NA;NA;
21;11;0.82;0.49;1.79;ND;0.86;0.99;0.44;NA;ND;NA;NA;NA;
21;12;0.6;0.32;1.11;ND;0.58;0.58;0.42;NA;ND;NA;NA;NA;
21;13;0.5;0.31;0.75;ND;0.73;0.69;0.44;NA;ND;NA;NA;NA;
21;14;0.47;0.34;0.78;ND;0.91;0.73;0.69;NA;ND;NA;NA;NA;
21;15;0.5;0.33;1.08;ND;0.81;0.76;0.69;NA;ND;NA;NA;NA;
21;16;0.5;0.36;1.53;ND;0.8;0.81;0.72;NA;ND;NA;NA;NA;
21;17;0.88;0.37;1.71;ND;0.96;0.99;0.7;NA;ND;NA;NA;NA;
21;18;0.89;0.39;1.7;ND;1.43;1.15;0.96;NA;ND;NA;NA;NA;
21;19;0.72;0.61;1.37;ND;1.2;1.24;0.64;NA;ND;NA;NA;NA;
21;20;0.71;0.57;0.89;ND;1.21;0.97;0.68;NA;ND;NA;NA;NA;
21;21;0.93;0.41;1.01;ND;1.14;0.84;0.57;NA;ND;NA;NA;NA;
21;22;0.89;0.43;0.84;ND;0.97;0.92;0.52;NA;ND;NA;NA;NA;
21;23;0.57;0.4;0.56;ND;0.64;0.58;0.57;NA;ND;NA;NA;NA;
22;0;0.49;ND;0.46;ND;ND;0.5;0.48;NA;ND;NA;NA;NA;
22;1;0.53;0.46;0.56;ND;0.68;0.46;0.42;NA;ND;NA;NA;NA;
22;2;0.61;0.41;0.52;ND;0.65;0.7;0.58;NA;ND;NA;NA;NA;
22;3;0.51;0.26;0.49;ND;0.62;0.51;0.7;NA;ND;NA;NA;NA;
22;4;0.58;0.35;0.51;ND;0.59;0.67;0.79;NA;ND;NA;NA;NA;
22;5;0.63;0.44;0.52;ND;1.38;0.78;1.36;NA;ND;NA;NA;NA;
22;6;0.89;0.65;0.87;ND;2.37;1.57;1.4;NA;ND;NA;NA;NA;
22;7;1.04;0.62;1.5;ND;1.99;1.85;1.07;NA;ND;NA;NA;NA;
22;8;1.02;0.5;1.4;ND;1.47;1.34;0.49;NA;ND;NA;NA;NA;
22;9;1.11;0.53;1.49;ND;0.91;0.88;0.44;NA;ND;NA;NA;NA;
22;10;0.81;0.45;1.22;ND;0.81;0.76;0.57;NA;ND;NA;NA;NA;
22;11;0.58;0.29;0.88;ND;0.83;0.74;0.46;NA;ND;NA;NA;NA;
22;12;0.54;0.31;0.92;ND;0.74;0.66;0.55;NA;ND;NA;NA;NA;
22;13;0.59;0.44;0.96;ND;0.99;0.77;0.6;NA;ND;NA;NA;NA;
22;14;0.65;0.45;0.87;ND;0.92;0.77;0.53;NA;ND;NA;NA;NA;
22;15;0.64;0.36;0.83;ND;1.19;0.78;0.49;NA;ND;NA;NA;NA;
22;16;0.51;0.35;0.95;ND;1.03;0.83;0.69;NA;ND;NA;NA;NA;
22;17;0.55;0.45;1.09;ND;1.31;0.96;0.68;NA;ND;NA;NA;NA;
22;18;0.76;0.41;1.02;ND;1.22;1.17;0.89;NA;ND;NA;NA;NA;
22;19;0.83;0.39;1.25;ND;1.74;1.32;1.01;NA;ND;NA;NA;NA;
22;20;1.12;0.52;1.22;ND;1.47;1.77;0.79;NA;ND;NA;NA;NA;
22;21;0.87;0.43;0.78;ND;1.12;0.81;0.61;NA;ND;NA;NA;NA;
22;22;0.73;0.35;0.75;ND;1.21;0.93;0.52;NA;ND;NA;NA;NA;
22;23;0.69;0.37;0.74;ND;1.09;1;0.61;NA;ND;NA;NA;NA;
23;0;ND;0.39;ND;ND;1.07;ND;ND;NA;ND;NA;NA;NA;
23;1;0.57;0.32;0.52;ND;0.61;0.51;0.47;NA;ND;NA;NA;NA;
23;2;0.47;0.25;0.46;ND;0.79;0.47;0.46;NA;ND;NA;NA;NA;
23;3;0.42;0.23;0.41;ND;0.81;0.45;0.51;NA;ND;NA;NA;NA;
23;4;0.43;0.2;0.38;ND;0.8;0.41;0.52;NA;ND;NA;NA;NA;
23;5;0.48;0.21;0.36;ND;0.89;0.42;0.61;NA;ND;NA;NA;NA;
23;6;0.55;0.28;0.48;ND;1.2;0.86;0.88;NA;ND;NA;NA;NA;
23;7;0.73;0.48;0.73;ND;0.94;0.61;0.64;NA;ND;NA;NA;NA;
23;8;0.64;0.48;0.8;ND;1.08;0.76;0.5;NA;ND;NA;NA;NA;
23;9;0.7;0.53;0.65;ND;0.77;0.51;0.44;NA;ND;NA;NA;NA;
23;10;0.68;0.52;0.87;ND;0.66;0.43;0.5;NA;ND;NA;NA;NA;
23;11;0.66;0.35;0.69;ND;0.71;0.43;0.46;NA;ND;NA;NA;NA;
23;12;0.56;0.31;0.64;ND;0.92;0.5;0.47;NA;ND;NA;NA;NA;
23;13;0.52;0.31;0.62;ND;0.99;0.56;0.59;NA;ND;NA;NA;NA;
23;14;0.52;0.29;0.61;ND;0.89;0.6;0.6;NA;ND;NA;NA;NA;
23;15;0.45;0.35;0.63;ND;0.84;0.62;0.74;NA;ND;NA;NA;NA;
23;16;0.46;0.34;0.63;ND;0.92;0.65;0.7;NA;ND;NA;NA;NA;
23;17;0.48;0.33;0.79;ND;0.87;0.7;0.77;NA;ND;NA;NA;NA;
23;18;0.6;0.45;1;ND;1.01;0.82;0.95;NA;ND;NA;NA;NA;
23;19;0.73;0.41;1.01;ND;1.23;0.81;0.91;NA;ND;NA;NA;NA;
23;20;0.78;0.38;ND;ND;1.16;0.59;0.75;NA;ND;NA;NA;NA;
23;21;0.75;0.41;ND;ND;0.93;0.49;0.65;NA;ND;NA;NA;NA;
23;22;0.6;0.29;ND;ND;0.69;0.44;0.51;NA;ND;NA;NA;NA;
23;23;0.55;0.29;ND;ND;0.64;0.45;0.48;NA;ND;NA;NA;NA;
24;0;0.51;ND;0.46;ND;ND;0.43;0.45;NA;ND;NA;NA;NA;
24;1;0.45;0.24;0.39;ND;0.58;0.41;0.44;NA;ND;NA;NA;NA;
24;2;0.43;0.22;0.36;ND;0.53;0.37;0.42;NA;ND;NA;NA;NA;
24;3;0.38;0.21;0.36;ND;0.54;0.32;0.46;NA;ND;NA;NA;NA;
24;4;0.35;0.21;0.36;ND;0.59;0.32;0.43;NA;ND;NA;NA;NA;
24;5;0.41;0.24;0.4;ND;0.67;0.4;0.62;NA;ND;NA;NA;NA;
24;6;0.61;0.38;0.97;ND;1.58;0.91;0.73;NA;ND;NA;NA;NA;
24;7;1.02;0.43;1.23;ND;1.45;0.88;0.57;NA;ND;NA;NA;NA;
24;8;1.08;0.51;1.54;ND;0.82;0.97;0.43;NA;ND;NA;NA;NA;
24;9;0.82;0.46;1.02;ND;0.8;0.86;0.44;NA;ND;NA;NA;NA;
24;10;0.74;0.42;0.89;ND;0.82;0.86;ND;NA;ND;NA;NA;NA;
24;11;0.58;ND;0.83;ND;1.03;0.88;ND;NA;ND;NA;NA;NA;
24;12;0.52;0.39;0.82;ND;0.99;0.85;0.64;NA;ND;NA;NA;NA;
24;13;0.49;0.39;0.81;ND;1.13;0.81;0.66;NA;ND;NA;NA;NA;
24;14;0.46;0.36;0.9;ND;0.81;0.72;0.67;NA;ND;NA;NA;NA;
24;15;0.45;0.35;0.93;ND;0.85;0.87;0.6;NA;ND;NA;NA;NA;
24;16;0.5;0.37;1.17;ND;0.87;1.09;0.8;NA;ND;NA;NA;NA;
24;17;0.6;0.33;1.71;ND;1.05;1.42;0.76;NA;ND;NA;NA;NA;
24;18;0.63;0.37;1.56;ND;1.21;1.6;0.64;NA;ND;NA;NA;NA;
24;19;0.78;0.53;1.31;ND;1.16;1.49;0.62;NA;ND;NA;NA;NA;
24;20;0.64;0.37;1.04;ND;1.13;1.39;0.68;NA;ND;NA;NA;NA;
24;21;0.59;0.32;0.85;ND;1.16;1.24;0.68;NA;ND;NA;NA;NA;
24;22;0.53;0.34;0.79;ND;1.28;0.76;0.62;NA;ND;NA;NA;NA;
24;23;0.43;0.26;0.46;ND;0.8;0.51;0.68;NA;ND;NA;NA;NA;
25;0;ND;0.22;ND;ND;0.68;ND;0.68;NA;ND;NA;NA;NA;
25;1;0.38;0.22;0.28;ND;0.64;0.37;0.65;NA;ND;NA;NA;NA;
25;2;0.37;0.21;0.25;ND;0.6;0.31;0.52;NA;ND;NA;NA;NA;
25;3;0.38;0.21;0.25;ND;0.59;0.3;0.45;NA;ND;NA;NA;NA;
25;4;0.4;0.26;0.28;ND;0.6;0.37;0.45;NA;ND;NA;NA;NA;
25;5;0.47;0.34;0.35;ND;0.86;0.63;0.54;NA;ND;NA;NA;NA;
25;6;0.98;0.87;0.94;ND;1.98;1.26;0.89;NA;ND;NA;NA;NA;
25;7;1.33;0.68;1.51;ND;3.15;1.71;0.73;NA;ND;NA;NA;NA;
25;8;1.61;0.5;1.26;ND;1.79;1.09;0.61;NA;ND;NA;NA;NA;
25;9;1.2;0.51;1.34;ND;1.08;ND;0.56;NA;ND;NA;NA;NA;
25;10;0.84;0.53;0.93;ND;0.72;ND;0.45;NA;ND;NA;NA;NA;
25;11;0.58;0.4;0.78;ND;ND;0.81;0.59;NA;ND;NA;NA;NA;
25;12;0.48;0.37;0.91;ND;ND;0.81;0.68;NA;ND;NA;NA;NA;
25;13;0.45;0.3;0.85;ND;0.59;0.77;0.61;NA;ND;NA;NA;NA;
25;14;0.41;0.27;0.9;ND;0.46;0.6;0.51;NA;ND;NA;NA;NA;
25;15;0.41;0.27;1.13;ND;0.48;0.73;0.56;NA;ND;NA;NA;NA;
25;16;0.6;0.33;1.27;ND;0.54;0.85;0.73;NA;ND;NA;NA;NA;
25;17;0.58;0.4;1.82;ND;0.78;0.86;0.76;NA;ND;NA;NA;NA;
25;18;0.56;0.47;1.78;ND;1.1;1.07;0.7;NA;ND;NA;NA;NA;
25;19;0.56;0.35;1.19;ND;0.93;1.03;0.63;NA;ND;NA;NA;NA;
25;20;0.65;0.34;1.28;ND;1.12;0.87;0.62;NA;ND;NA;NA;NA;
25;21;0.56;0.31;0.83;ND;0.51;0.64;0.6;NA;ND;NA;NA;NA;
25;22;0.44;0.25;0.53;ND;0.4;0.63;0.71;NA;ND;NA;NA;NA;
25;23;0.38;0.2;0.34;ND;0.62;0.4;0.54;NA;ND;NA;NA;NA;
26;0;0.36;ND;0.3;ND;ND;0.32;0.45;NA;ND;NA;NA;NA;
26;1;0.34;0.2;0.24;ND;0.32;0.29;0.44;NA;ND;NA;NA;NA;
26;2;0.33;0.17;0.21;ND;0.27;0.25;0.48;NA;ND;NA;NA;NA;
26;3;0.33;0.17;0.2;ND;0.26;0.24;0.43;NA;ND;NA;NA;NA;
26;4;0.36;0.21;0.21;ND;0.36;0.24;0.43;NA;ND;NA;NA;NA;
26;5;0.46;0.29;0.27;ND;0.57;0.28;0.48;NA;ND;NA;NA;NA;
26;6;0.74;0.8;0.72;ND;1.18;0.76;0.58;NA;ND;NA;NA;NA;
26;7;1.26;1;1.08;ND;1.09;1.09;0.62;NA;ND;NA;NA;NA;
26;8;1.29;0.62;1.13;ND;0.92;1.3;0.54;NA;ND;NA;NA;NA;
26;9;1.16;0.46;1.23;ND;0.65;0.94;0.52;NA;ND;NA;NA;NA;
26;10;1.03;0.37;1;ND;0.67;0.96;0.49;NA;ND;NA;NA;NA;
26;11;0.64;0.37;0.94;ND;0.97;1.17;0.58;NA;ND;NA;NA;NA;
26;12;0.44;0.38;0.95;ND;1.04;0.97;0.54;NA;ND;NA;NA;NA;
26;13;0.42;0.28;0.88;ND;0.64;0.73;0.52;NA;ND;NA;NA;NA;
26;14;0.41;0.26;0.99;0.57;0.52;0.53;0.52;NA;ND;NA;NA;NA;
26;15;0.39;0.24;1.01;0.93;0.49;0.56;0.53;NA;ND;NA;NA;NA;
26;16;0.46;0.28;1.24;1.21;0.53;0.67;0.62;NA;ND;NA;NA;NA;
26;17;0.62;0.34;1.23;ND;0.72;0.76;0.63;NA;ND;NA;NA;NA;
26;18;0.56;0.35;1.33;1.31;1.2;1.23;0.71;NA;ND;NA;NA;NA;
26;19;0.66;0.41;1.53;1.17;1.51;1.19;0.77;NA;ND;NA;NA;NA;
26;20;0.77;0.37;1.35;0.81;0.72;1.23;0.79;NA;ND;NA;NA;NA;
26;21;0.59;0.44;1.02;0.69;0.81;0.9;0.67;NA;ND;NA;NA;NA;
26;22;0.56;0.39;0.94;0.58;0.82;0.8;0.6;NA;ND;NA;NA;NA;
26;23;0.59;0.31;0.61;0.6;0.51;0.62;0.56;NA;ND;NA;NA;NA;
27;0;ND;0.27;ND;0.4;0.4;ND;0.48;NA;ND;NA;NA;NA;
27;1;0.52;0.3;0.38;ND;0.42;0.44;0.45;NA;ND;NA;NA;NA;
27;2;0.48;0.25;0.27;0.28;0.35;0.33;0.45;NA;ND;NA;NA;NA;
27;3;0.49;0.23;0.27;0.28;0.38;0.34;0.46;NA;ND;NA;NA;NA;
27;4;0.48;0.22;0.31;0.25;0.42;0.3;0.47;NA;ND;NA;NA;NA;
27;5;0.51;0.39;0.32;0.39;0.47;0.45;0.56;NA;ND;NA;NA;NA;
27;6;0.89;1.25;0.59;0.78;1.39;0.96;0.62;NA;ND;NA;NA;NA;
27;7;1.26;0.97;1.73;1.3;1.52;1.39;0.79;NA;ND;NA;NA;NA;
27;8;1.09;0.39;1.37;0.78;1.18;1.22;0.69;NA;ND;NA;NA;NA;
27;9;0.56;0.28;0.98;0.56;1.15;1.1;0.6;NA;ND;NA;NA;NA;
27;10;0.44;0.31;0.89;0.49;0.73;0.7;0.61;NA;ND;NA;NA;NA;
27;11;0.43;0.27;0.78;0.52;0.63;0.66;0.74;NA;ND;NA;NA;NA;
27;12;0.43;0.25;0.85;0.51;0.8;0.71;0.73;NA;ND;NA;NA;NA;
27;13;0.43;0.27;0.85;0.39;0.8;0.82;0.71;NA;ND;NA;NA;NA;
27;14;0.45;0.24;1.12;1.04;0.65;0.91;0.57;NA;ND;NA;NA;NA;
27;15;0.46;0.28;1.72;1.26;0.54;0.67;0.6;NA;ND;NA;NA;NA;
27;16;0.47;0.37;ND;0.8;0.62;0.62;0.65;NA;ND;NA;NA;NA;
27;17;0.5;0.35;ND;1.08;0.7;1.06;0.68;NA;ND;NA;NA;NA;
27;18;1.15;0.38;1.83;1.87;0.82;1.67;0.67;NA;ND;NA;NA;NA;
27;19;1;0.44;1.46;0.99;1.21;1.83;0.71;NA;ND;NA;NA;NA;
27;20;0.92;0.53;1.19;1.21;1.64;1.38;0.66;NA;ND;NA;NA;NA;
27;21;0.78;0.62;1.03;0.99;1.65;1.06;0.64;NA;ND;NA;NA;NA;
27;22;0.67;0.36;0.74;0.8;1.09;1.02;0.62;NA;ND;NA;NA;NA;
27;23;0.71;0.46;0.95;0.8;1.24;1.3;0.58;NA;ND;NA;NA;NA;
28;0;0.91;ND;0.54;0.57;ND;1.01;0.54;NA;ND;NA;NA;NA;
28;1;0.8;0.34;0.46;ND;0.86;0.87;0.46;NA;ND;NA;NA;NA;
28;2;0.73;0.34;0.4;0.44;0.83;0.78;0.48;NA;ND;NA;NA;NA;
28;3;0.78;0.36;0.42;0.37;0.73;0.59;0.46;NA;ND;NA;NA;NA;
28;4;0.77;0.29;0.53;0.39;0.58;0.59;0.48;NA;ND;NA;NA;NA;
28;5;0.97;0.5;0.54;0.49;0.73;0.67;0.56;NA;ND;NA;NA;NA;
28;6;1.54;1.37;1.19;1.38;1.23;1.37;1.54;NA;ND;NA;NA;NA;
28;7;2.2;0.92;2.06;1.96;1.3;2.33;0.92;NA;ND;NA;NA;NA;
28;8;1.82;0.66;1.51;1.73;1.17;1.15;0.52;NA;ND;NA;NA;NA;
28;9;1.2;0.51;1.05;0.95;0.71;0.81;0.51;NA;ND;NA;NA;NA;
28;10;0.87;0.39;1.03;0.76;0.79;0.89;0.56;NA;ND;NA;NA;NA;
28;11;0.51;0.39;0.97;0.73;1.07;0.93;0.71;NA;ND;NA;NA;NA;
28;12;0.44;ND;0.65;0.41;0.96;0.83;0.67;NA;ND;NA;NA;NA;
28;13;0.45;0.23;0.77;0.44;0.79;0.63;0.64;NA;ND;NA;NA;NA;
28;14;0.42;0.26;0.85;0.49;0.68;0.54;0.63;NA;ND;NA;NA;NA;
28;15;0.56;0.26;1.07;0.62;0.68;0.68;0.59;NA;ND;NA;NA;NA;
28;16;0.65;0.26;1.33;1.04;0.85;0.78;0.59;NA;ND;NA;NA;NA;
28;17;0.67;0.29;1.2;1.38;0.79;0.93;0.65;NA;ND;NA;NA;NA;
28;18;0.78;0.32;1.44;1.5;0.83;0.86;0.67;NA;ND;NA;NA;NA;
28;19;0.98;0.35;1.34;1.8;1.46;1.06;0.62;NA;ND;NA;NA;NA;
28;20;1.07;0.48;1.22;1.35;1.99;1.44;0.77;NA;ND;NA;NA;NA;
28;21;1.16;0.66;1.22;1.12;1.64;1.19;0.71;NA;ND;NA;NA;NA;
28;22;0.81;0.62;0.85;1.01;1.65;1.23;0.75;NA;ND;NA;NA;NA;
28;23;0.99;0.49;0.7;0.67;0.73;0.8;0.59;NA;ND;NA;NA;NA;
29;0;ND;0.34;0.64;0.5;1.01;ND;0.56;NA;ND;NA;NA;NA;
29;1;1.23;0.44;0.74;ND;0.74;0.89;0.6;NA;ND;NA;NA;NA;
29;2;1.39;0.44;0.79;0.77;0.69;0.69;0.54;NA;ND;NA;NA;NA;
29;3;1.29;0.39;0.58;0.81;0.68;0.59;0.49;NA;ND;NA;NA;NA;
29;4;1.16;0.39;0.48;0.81;0.72;0.85;0.96;NA;ND;NA;NA;NA;
29;5;1.05;0.42;0.62;0.63;1.3;1.18;0.9;NA;ND;NA;NA;NA;
29;6;1.26;0.85;0.87;0.67;2.29;2.17;1.87;NA;ND;NA;NA;NA;
29;7;1.27;0.71;1.3;1.14;2.18;1.66;0.91;NA;ND;NA;NA;NA;
29;8;1.34;0.62;0.96;1;1.28;1.69;0.56;NA;ND;NA;NA;NA;
29;9;0.92;0.49;0.9;0.9;1.21;0.98;0.63;NA;ND;NA;NA;NA;
29;10;0.81;0.41;0.9;0.65;1.04;0.85;0.67;NA;ND;NA;NA;NA;
29;11;0.95;0.36;0.65;0.47;0.98;0.75;0.76;NA;ND;NA;NA;NA;
29;12;0.87;0.42;0.54;0.36;1.04;0.73;0.67;NA;ND;NA;NA;NA;
29;13;0.8;0.34;0.5;0.34;0.88;0.6;0.71;NA;ND;NA;NA;NA;
29;14;0.92;0.3;0.58;0.33;0.83;0.65;0.69;NA;ND;NA;NA;NA;
29;15;0.73;0.3;0.5;0.4;0.84;0.63;0.7;NA;ND;NA;NA;NA;
29;16;0.66;0.31;0.5;0.48;0.76;0.74;0.65;NA;ND;NA;NA;NA;
29;17;0.69;0.31;0.76;0.81;0.69;0.95;0.8;NA;ND;NA;NA;NA;
29;18;0.96;0.47;0.82;0.91;0.86;0.9;1.04;NA;ND;NA;NA;NA;
29;19;1.36;0.47;0.76;1.04;1.41;1.08;0.86;NA;ND;NA;NA;NA;
29;20;1.11;0.47;0.84;0.95;1.45;1.05;0.83;NA;ND;NA;NA;NA;
29;21;1.06;0.54;0.82;0.82;1.17;1.21;0.79;NA;ND;NA;NA;NA;
29;22;1.57;0.71;0.72;0.75;1.13;0.85;0.59;NA;ND;NA;NA;NA;
29;23;1.44;1.12;0.91;0.92;1.37;0.74;0.54;NA;ND;NA;NA;NA;
30;0;1.35;ND;ND;1.1;ND;0.66;0.5;NA;ND;NA;NA;NA;
30;1;1.32;0.68;0.58;ND;0.72;0.71;0.63;NA;ND;NA;NA;NA;
30;2;1.39;0.45;0.59;0.72;0.68;0.75;0.49;NA;ND;NA;NA;NA;
30;3;1.61;0.46;0.55;0.64;0.76;0.58;0.48;NA;ND;NA;NA;NA;
30;4;1.13;0.6;0.44;0.65;0.8;0.68;0.7;NA;ND;NA;NA;NA;
30;5;1.13;0.59;0.47;0.59;0.94;0.97;1.13;NA;ND;NA;NA;NA;
30;6;1.16;0.58;0.71;0.64;1.19;1.04;1.23;NA;ND;NA;NA;NA;
30;7;1.35;0.61;0.96;0.72;1.51;1.15;1.16;NA;ND;NA;NA;NA;
30;8;1.39;0.59;1.34;0.95;1.58;1.42;1.08;NA;ND;NA;NA;NA;
30;9;1.38;0.56;1.02;0.7;1.02;0.89;0.57;NA;ND;NA;NA;NA;
30;10;0.95;0.46;0.88;0.62;0.98;0.67;0.57;NA;ND;NA;NA;NA;
30;11;0.83;0.39;0.8;0.47;0.91;0.71;0.68;NA;ND;NA;NA;NA;
30;12;0.73;0.29;0.55;0.34;0.88;0.53;0.68;NA;ND;NA;NA;NA;
30;13;0.7;0.32;0.49;0.29;1.04;0.55;0.73;NA;ND;NA;NA;NA;
30;14;0.7;0.3;0.71;0.26;1.1;0.78;0.74;NA;ND;NA;NA;NA;
30;15;0.7;0.29;0.48;0.42;1.03;0.84;0.81;NA;ND;NA;NA;NA;
30;16;0.74;0.28;0.54;0.31;0.92;0.7;0.74;NA;ND;NA;NA;NA;
30;17;0.75;0.31;0.72;0.48;0.93;0.63;0.75;NA;ND;NA;NA;NA;
30;18;1.13;0.39;0.83;0.93;1.08;0.68;0.95;NA;ND;NA;NA;NA;
30;19;1.22;0.5;1.08;0.84;1.37;0.68;0.96;NA;ND;NA;NA;NA;
30;20;1.53;0.46;0.69;0.85;1.07;0.7;0.97;NA;ND;NA;NA;NA;
30;21;1.28;0.48;0.49;0.68;0.83;0.54;0.69;NA;ND;NA;NA;NA;
30;22;1.28;0.62;0.61;0.64;1.07;0.6;0.72;NA;ND;NA;NA;NA;
30;23;1.19;0.56;0.58;0.28;1.12;0.74;0.53;NA;ND;NA;NA;NA;
