DIA;HORA;Cotocollao;Carapungo;Belisario;Jipijapa;El Camal;Centro;Guamaní;Tumbaco;Los Chillos;El Condado;Turubamba;Chillogallo;
1;0;2.74;9.25;0.06;NA;9.53;5.97;40.2;ND;13.54;NA;NA;NA;
1;1;9.27;20.01;0.39;NA;7.43;2.41;15.8;26.66;2.78;NA;NA;NA;
1;2;16.21;ND;ND;NA;ND;6.74;10.62;26.71;4.09;NA;NA;NA;
1;3;12.4;19.23;13.52;NA;4.28;6.82;14.91;24.49;8.77;NA;NA;NA;
1;4;1.44;15.24;9.64;NA;1.94;1.84;28.7;19.27;0.16;NA;NA;NA;
1;5;3.74;13.93;1.72;NA;3.07;1.59;8.09;18.6;0.15;NA;NA;NA;
1;6;4.33;10.04;1.47;NA;4.48;3.21;4.23;2.74;1.43;NA;NA;NA;
1;7;4.42;9.44;1.9;NA;4.75;4;22.27;5.86;3.23;NA;NA;NA;
1;8;11.56;14.84;7.84;NA;11.36;13.96;34.57;10.91;12.05;NA;NA;NA;
1;9;27.04;32.13;9.16;NA;15.23;21.59;49.47;23.25;27.17;NA;NA;NA;
1;10;56.4;50.8;35.9;NA;23.71;21.92;53.4;31.65;34.7;NA;NA;NA;
1;11;66.87;54.05;53.92;NA;43.66;56.56;67.77;60.48;25.95;NA;NA;NA;
1;12;59.55;56.14;48.46;NA;52.68;60.11;62.02;67.87;57.84;NA;NA;NA;
1;13;62.19;59.81;60.63;NA;53;63.16;73.12;67.84;63.24;NA;NA;NA;
1;14;68.84;62.62;65.65;NA;57.42;67.81;64.55;70.47;66.47;NA;NA;NA;
1;15;66.29;60.42;62.2;NA;56.12;58.77;63.95;68.07;56.52;NA;NA;NA;
1;16;45.22;50.86;22.51;NA;38.07;44.44;55.15;27.91;39.43;NA;NA;NA;
1;17;36.1;42.48;8.11;NA;17.17;14.16;41.11;14.37;20.73;NA;NA;NA;
1;18;35.69;34.59;2.4;NA;10.24;3.97;27.86;38.94;16.87;NA;NA;NA;
1;19;20.65;25.73;1.43;NA;4.48;3.33;41.25;28.58;10.4;NA;NA;NA;
1;20;7.98;22.66;0.49;NA;4.82;1.99;37.93;15.5;2.16;NA;NA;NA;
1;21;7.25;22.72;0.55;NA;8.71;2.33;39.62;19.83;1.92;NA;NA;NA;
1;22;3.51;22.97;0;NA;7.51;1.99;38.9;23.69;5.57;NA;NA;NA;
1;23;0.03;10.38;0.09;NA;5.3;2.23;37.52;25.36;9.13;NA;NA;NA;
2;0;0;15.57;0.06;NA;2.3;1.63;28.73;2.52;13.51;NA;NA;NA;
2;1;0.01;15.89;0.58;NA;4.53;5.56;ND;3.82;ND;NA;NA;NA;
2;2;ND;20.95;4.37;NA;1.35;ND;21.39;5.94;0.52;NA;NA;NA;
2;3;0.87;12.6;3.59;NA;1.26;6.58;43.67;2.09;0.47;NA;NA;NA;
2;4;1.97;0.71;1.22;NA;1.55;2.74;32.07;1.93;0.63;NA;NA;NA;
2;5;0.68;2.26;0.42;NA;3.09;2.72;22.48;0.73;1.96;NA;NA;NA;
2;6;1.24;2.4;2.36;NA;5.05;5.1;15.42;1.86;2.97;NA;NA;NA;
2;7;7.13;11.15;8.16;NA;12.47;14.69;57.63;4.71;7.47;NA;NA;NA;
2;8;29.69;37.81;23.61;NA;35.06;35;65.35;11.06;24.58;NA;NA;NA;
2;9;65.01;68.52;48.59;NA;56.9;53.1;73.91;25.66;53.93;NA;NA;NA;
2;10;86;70.51;70.36;NA;54.81;75.27;85.14;71.1;60.71;NA;NA;NA;
2;11;75.72;73.34;80.73;NA;66.61;86.79;93.08;88.78;66.65;NA;NA;NA;
2;12;64.18;65.03;79.9;NA;64.55;87.4;81.69;86.55;90.93;NA;NA;NA;
2;13;57.45;64.23;72.66;NA;58.75;75.71;88.79;78.14;80.12;NA;NA;NA;
2;14;58.45;62.71;71;NA;60.43;73.96;69.3;67.61;79.52;NA;NA;NA;
2;15;56.9;59.32;64.15;NA;41;52.91;57.64;63.42;67.68;NA;NA;NA;
2;16;54.83;53.41;34.86;NA;41.32;54.23;60.93;55.72;53.1;NA;NA;NA;
2;17;43.67;48.79;21.56;NA;29.83;37.8;43.44;48.13;35.34;NA;NA;NA;
2;18;33.26;41.66;14.07;NA;22.22;16.07;23.88;42.39;26.68;NA;NA;NA;
2;19;24.45;38.16;7.05;NA;8.31;3.65;10.26;42.58;34.71;NA;NA;NA;
2;20;22.63;37.16;1.94;NA;5.53;4.93;22.24;44.38;38;NA;NA;NA;
2;21;14.71;37.66;13.39;NA;8.31;10.64;28.62;45.65;22.49;NA;NA;NA;
2;22;14.81;28.87;23.08;NA;19.53;24.32;21.64;42.82;21.63;NA;NA;NA;
2;23;22.2;34.39;34.91;NA;18.01;30.12;25.09;40.01;30.02;NA;NA;NA;
3;0;24.78;33.88;34.06;NA;19.97;26.71;27.76;ND;16.55;NA;NA;NA;
3;1;33.16;35.78;33.03;NA;21.46;30.91;30.25;26.14;22.46;NA;NA;NA;
3;2;35.24;ND;ND;NA;ND;16.54;35.17;16.22;20.8;NA;NA;NA;
3;3;36.23;36.63;1.09;NA;18.46;16.82;25.54;9.09;23.86;NA;NA;NA;
3;4;26.94;39.37;11.55;NA;14.55;20.95;18.11;5.96;14.41;NA;NA;NA;
3;5;20.41;11.9;14.99;NA;18.84;16.61;25.02;1.55;15.67;NA;NA;NA;
3;6;9.45;3.86;9.07;NA;6.36;8.85;17;4.1;11.31;NA;NA;NA;
3;7;15.41;22.04;12.16;NA;18.65;18.69;44.92;14.02;13.29;NA;NA;NA;
3;8;24.89;32;22.14;NA;38.34;40.32;60.04;42.01;26.59;NA;NA;NA;
3;9;46.15;43.02;35.85;NA;45.45;40.78;99.67;67.08;32.5;NA;NA;NA;
3;10;68.27;65.71;57.02;NA;52.23;63.25;108.07;86.75;42.09;NA;NA;NA;
3;11;74.67;76.62;88.87;NA;72.66;95.74;104.46;96.39;61.7;NA;NA;NA;
3;12;69.73;70.2;83.62;NA;73.45;102.03;106.98;93.17;98.44;NA;NA;NA;
3;13;61.07;61.55;73.98;NA;71.33;90.34;110.95;82.68;95.67;NA;NA;NA;
3;14;54.54;59.31;62.63;NA;57.71;62.42;102.27;70.28;85.69;NA;NA;NA;
3;15;52.03;51.59;60.34;NA;41.7;57.8;76.76;60.89;66.45;NA;NA;NA;
3;16;46.09;49.97;34.48;NA;41.63;36.96;53.83;53.84;51.95;NA;NA;NA;
3;17;39.31;42.87;25.18;NA;38.45;37.4;67.17;45.3;52.56;NA;NA;NA;
3;18;25.87;37.8;17.67;NA;27.65;8.88;20.52;39.41;33.93;NA;NA;NA;
3;19;14.81;26.48;6.11;NA;14.08;7.7;19.21;13.01;14.67;NA;NA;NA;
3;20;15.73;21.17;5.15;NA;4.1;3.29;41.09;2.77;6.07;NA;NA;NA;
3;21;10.44;5.36;6.82;NA;3.82;5.68;14.23;3.03;2.16;NA;NA;NA;
3;22;2.2;1.02;5.85;NA;2.79;4.1;15.25;1.63;0.8;NA;NA;NA;
3;23;0.65;1.04;2.86;NA;3.12;3.56;24.42;1.6;0.46;NA;NA;NA;
4;0;5.13;1.95;1.42;NA;3.31;2.33;41.74;1.4;4.08;NA;NA;NA;
4;1;5.15;1.67;1.77;NA;2.69;10.81;ND;0.94;ND;NA;NA;NA;
4;2;ND;2.18;7.69;NA;2.2;ND;40.19;0.92;0.25;NA;NA;NA;
4;3;9.24;0.41;7.67;NA;4.67;4.95;37.39;1.12;3.38;NA;NA;NA;
4;4;1.46;1.56;2.78;NA;2.82;2.51;30.49;2.32;1.88;NA;NA;NA;
4;5;4.46;2.75;2.13;NA;4.18;3.36;21.33;1.14;0.86;NA;NA;NA;
4;6;1.74;3.9;11.71;NA;6.72;5.51;15.47;2.39;3.05;NA;NA;NA;
4;7;12.89;23.39;17.59;NA;13.93;14.22;26.28;4.71;12.02;NA;NA;NA;
4;8;37.55;51.56;39.32;NA;42.55;43.26;60.23;16.78;32.3;NA;NA;NA;
4;9;76.75;73.02;51.31;NA;51.88;54.62;106.94;50.49;42.37;NA;NA;NA;
4;10;80.81;76.86;75.82;NA;55.09;71.97;104.48;74.32;20.71;NA;NA;NA;
4;11;76.28;77.96;91.61;NA;79.76;91.97;84.21;89.01;68.11;NA;NA;NA;
4;12;77.11;75.61;89.17;NA;67.66;101.98;113.8;90.38;89;NA;NA;NA;
4;13;72.56;72.52;77.29;NA;64.84;86.73;102.22;86.63;98.84;NA;NA;NA;
4;14;63.05;61.06;60.03;NA;52.04;57.82;80.06;73.85;72.41;NA;NA;NA;
4;15;53.37;52.33;44.35;NA;46.98;43.7;65.05;51.98;38.26;NA;NA;NA;
4;16;34.58;44.68;22.19;NA;38.56;27.86;46.24;45.02;44.43;NA;NA;NA;
4;17;16.65;37.99;18.71;NA;29.7;11.13;35.81;51.34;27.12;NA;NA;NA;
4;18;13.66;42.02;10.49;NA;23.69;5.29;50.7;47.92;19.4;NA;NA;NA;
4;19;16.12;34.54;2.75;NA;36.9;8.63;49.5;36.21;6.91;NA;NA;NA;
4;20;20.24;25.7;2.34;NA;29.71;1.67;23.28;48.11;15.98;NA;NA;NA;
4;21;10.99;25.61;9.68;NA;37.16;4.14;40.25;36.98;30.43;NA;NA;NA;
4;22;20.52;19.32;14.47;NA;38.85;13.81;37.55;31.49;21.21;NA;NA;NA;
4;23;28.33;24.74;23.64;NA;9.33;16.11;23.24;24.1;32.21;NA;NA;NA;
5;0;27.11;24.11;26.75;NA;10.99;23.26;32.69;ND;26.03;NA;NA;NA;
5;1;27.21;28.55;28.49;NA;5.91;18.06;38.41;16.95;4.24;NA;NA;NA;
5;2;27.22;ND;ND;NA;ND;5.75;38.25;17.19;1.5;NA;NA;NA;
5;3;26.27;27.56;7.66;NA;8.76;3.27;25.67;12.54;1.55;NA;NA;NA;
5;4;28.34;19.36;11.15;NA;7.47;2.61;22.67;9.04;3;NA;NA;NA;
5;5;29.96;21.1;16.14;NA;5.55;7.3;12.9;4.09;4.98;NA;NA;NA;
5;6;16.35;25.36;15.65;NA;10.21;5.6;15.09;2.87;2.97;NA;NA;NA;
5;7;15.97;23.37;15.75;NA;24.12;12.88;39.73;7.04;8.66;NA;NA;NA;
5;8;21.37;30.81;27.13;NA;35.45;25.08;61;20.37;21.29;NA;NA;NA;
5;9;34.54;42.01;39.16;NA;53.16;37.45;57.84;42.38;13.53;NA;NA;NA;
5;10;47.85;48.6;31.06;NA;41.45;33.87;53.39;53.09;36.85;NA;NA;NA;
5;11;73.06;69.1;57.68;NA;58.11;63.6;66.27;70.55;31.24;NA;NA;NA;
5;12;78.75;78.56;93.23;NA;88.22;98.74;83.12;93.89;60.82;NA;NA;NA;
5;13;61.23;51.65;72.92;NA;63.63;95.18;69.44;91.9;65.67;NA;NA;NA;
5;14;58.5;51.61;45.65;NA;42.21;53.24;50.98;62.08;67.65;NA;NA;NA;
5;15;63.95;52.92;38.53;NA;44.53;51.05;51.61;58.61;44.89;NA;NA;NA;
5;16;48.53;53.16;30.8;NA;47.92;41.07;45.72;41.65;37.74;NA;NA;NA;
5;17;41.53;49.79;20.93;NA;39.85;25.22;41.6;31.76;42.02;NA;NA;NA;
5;18;21.82;36.12;13.57;NA;34.21;9.48;31.5;18.74;25.4;NA;NA;NA;
5;19;34.45;21.13;2.73;NA;31.44;27.6;41.97;6.83;27.53;NA;NA;NA;
5;20;31.98;19.85;24.37;NA;31.55;12.13;30.36;21.35;38.95;NA;NA;NA;
5;21;33.33;37.07;20.46;NA;19.04;14.1;37.14;40.28;38.39;NA;NA;NA;
5;22;35.73;35.22;29.35;NA;16.97;32.87;36.17;43.57;33.61;NA;NA;NA;
5;23;38.28;31.86;42.35;NA;41.59;27.84;37.55;47.3;38.77;NA;NA;NA;
6;0;47.37;38.48;41.36;NA;44.38;44.95;30.31;42.24;30.5;NA;NA;NA;
6;1;42.78;41.33;44.14;NA;49.01;39.09;ND;36.25;ND;NA;NA;NA;
6;2;ND;44.8;47.15;NA;44.25;ND;47.91;33.24;35.77;NA;NA;NA;
6;3;44.73;38.18;44.33;NA;36.33;47.82;58.15;23.4;32.37;NA;NA;NA;
6;4;27.81;33.87;36.79;NA;36.1;36.71;49.41;11.83;31.6;NA;NA;NA;
6;5;13.09;25.51;13.68;NA;10.88;17.76;10.38;7.01;17.01;NA;NA;NA;
6;6;0.37;11.67;3.74;NA;3.71;4.06;6.78;2.67;4.28;NA;NA;NA;
6;7;3.71;8.53;4.47;NA;11.4;6.33;10.85;4.96;5.34;NA;NA;NA;
6;8;10.09;15.37;ND;NA;22.74;17.46;28.02;10.32;17.21;NA;NA;NA;
6;9;22.69;14.67;24.07;NA;38.77;47.54;63.98;17.67;34.89;NA;NA;NA;
6;10;36.19;38.19;47.33;NA;51.93;56.56;68.93;41.97;50.94;NA;NA;NA;
6;11;68.39;65.05;42.99;NA;78.2;70.35;96.81;71;70;NA;NA;NA;
6;12;58.36;61.72;ND;NA;50.75;41.93;76.15;89.99;66.66;NA;NA;NA;
6;13;44.23;58.21;23.1;NA;22.49;37.96;46.27;68.16;55.16;NA;NA;NA;
6;14;32.67;46.16;20.25;NA;28.89;28.9;33.41;60.22;37.61;NA;NA;NA;
6;15;35.67;45.57;ND;NA;37.56;18.74;43.24;57.6;37.5;NA;NA;NA;
6;16;34.77;42.47;ND;NA;25.17;12.45;49.14;29.39;40.54;NA;NA;NA;
6;17;16.84;29.58;9.39;NA;18.84;11.88;38.26;12.19;11.53;NA;NA;NA;
6;18;11.58;23.66;4.22;NA;7.42;8.2;41.9;20.58;2.17;NA;NA;NA;
6;19;13.63;18.23;1.22;NA;7.65;3.39;15.26;35.4;11.54;NA;NA;NA;
6;20;0.53;9.79;0.79;NA;8.94;4.11;2.98;25.46;10.73;NA;NA;NA;
6;21;0.25;11.71;0.91;NA;13.45;2.44;10.54;16.87;20.73;NA;NA;NA;
6;22;8.12;9.54;0.3;NA;12.37;2.06;5.77;14.77;6.37;NA;NA;NA;
6;23;13.38;27.73;5.59;NA;18.35;1.9;5.99;16.47;7.75;NA;NA;NA;
7;0;43.5;45.3;34.52;NA;19.87;17.09;2.24;ND;13.56;NA;NA;NA;
7;1;49.21;45.76;49.16;NA;24.19;45.49;37.41;45.07;41.63;NA;NA;NA;
7;2;52.53;ND;ND;NA;ND;50.35;52.03;46.61;25.64;NA;NA;NA;
7;3;55.22;51.04;55.91;NA;49.52;54.23;57.02;37.1;34.65;NA;NA;NA;
7;4;47.94;51.61;54.55;NA;38.79;44.73;46.33;31.59;25.72;NA;NA;NA;
7;5;41.57;46.84;48.23;NA;19.33;46.49;27.61;19.88;41.27;NA;NA;NA;
7;6;13.4;31.82;29.02;NA;6;25.32;25.12;7.51;19.65;NA;NA;NA;
7;7;10.64;17.83;12.84;NA;14;12.67;34.09;26.7;12.76;NA;NA;NA;
7;8;19.67;16.67;19.3;NA;22.73;18.61;53.36;33.22;23.69;NA;NA;NA;
7;9;32.53;26.35;31.25;NA;37.15;45.44;60.3;29.4;48.96;NA;NA;NA;
7;10;49.26;38.81;50.3;NA;61.48;60.83;72.3;42.36;64.38;NA;NA;NA;
7;11;59.99;ND;61.51;NA;72.46;78.13;80.84;67.64;71.43;NA;NA;NA;
7;12;58.58;ND;52.45;NA;66.9;73.58;71.17;75.94;58.98;NA;NA;NA;
7;13;73.75;67.33;63.64;NA;63.83;73.03;78.3;79.95;56.26;NA;NA;NA;
7;14;60.8;ND;61.39;NA;52.47;66.37;71.26;77.56;58.34;NA;NA;NA;
7;15;49.5;ND;36.12;NA;43.11;39.22;61.11;67.3;42.53;NA;NA;NA;
7;16;39.8;48.97;9.12;NA;38.55;18.53;39.06;35.09;28.81;NA;NA;NA;
7;17;18.46;ND;5.47;NA;24.45;12.78;33.21;42.14;23.22;NA;NA;NA;
7;18;2.39;20.98;1.7;NA;5.13;4.42;31.17;33.03;15.07;NA;NA;NA;
7;19;3.25;18.74;1.28;NA;4.76;3.77;8.08;29.49;3.87;NA;NA;NA;
7;20;4.92;22.85;1.43;NA;6.24;4.22;1.86;31.09;1.39;NA;NA;NA;
7;21;3.85;4.92;0.1;NA;5.89;3.15;1.46;22.43;0.71;NA;NA;NA;
7;22;0.99;4.59;1.72;NA;5.51;2.09;8.96;21.3;0.16;NA;NA;NA;
7;23;0;9.46;1.52;NA;3.06;2.45;32.88;9.3;0.07;NA;NA;NA;
8;0;0;16.87;1.51;NA;2.67;2.43;28.86;4.63;0.06;NA;NA;NA;
8;1;0;7.7;0.69;NA;2.56;2.5;ND;0.74;ND;NA;NA;NA;
8;2;ND;3.19;18.5;NA;2.74;ND;53.27;0.73;0.02;NA;NA;NA;
8;3;0;0.18;36.72;NA;5.9;27.9;55.13;0.39;0.16;NA;NA;NA;
8;4;0;2.16;20;NA;22.05;25.99;54.82;0.33;0.35;NA;NA;NA;
8;5;0.04;1.12;36.45;NA;8.45;14.18;52.02;0.5;0.45;NA;NA;NA;
8;6;0.97;1.92;27.06;NA;5.77;9.3;51.67;1.42;1.15;NA;NA;NA;
8;7;4.98;9.14;8.99;NA;10.6;22.02;48.73;2.45;4.4;NA;NA;NA;
8;8;38.92;13.59;29.17;NA;31.43;43.46;54.28;5.35;14.75;NA;NA;NA;
8;9;56.39;34.02;50.5;NA;54.68;58.94;60.1;15.86;41.75;NA;NA;NA;
8;10;68.74;52.62;58.31;NA;64.23;63.48;63.73;39.78;61.33;NA;NA;NA;
8;11;72.47;64.72;67.29;NA;71.02;73.78;76.87;70.77;59.89;NA;NA;NA;
8;12;69.66;67.76;60.55;NA;74.64;ND;74.14;69.83;68.07;NA;NA;NA;
8;13;66.38;63.26;53.79;NA;62.65;ND;74.59;64.01;65.54;NA;NA;NA;
8;14;59.18;61.29;50.45;NA;55.23;59.05;68.11;59.58;55.48;NA;NA;NA;
8;15;58.58;60.2;45.77;NA;40.89;51.57;53.15;59.46;51.07;NA;NA;NA;
8;16;50.5;51.65;31.51;NA;47.24;41.2;52.02;57.57;52.58;NA;NA;NA;
8;17;36.79;43.26;21.51;NA;45.71;33.27;59.07;50.64;47.45;NA;NA;NA;
8;18;16.35;31.4;18.03;NA;42.32;22.27;54.88;43.91;37.24;NA;NA;NA;
8;19;13.94;21.18;9.69;NA;38.36;11.93;62.24;23.6;12.62;NA;NA;NA;
8;20;19.94;23.74;15.8;NA;41.65;11.94;65.26;10.44;3.78;NA;NA;NA;
8;21;10.46;29.68;24.66;NA;36.67;32.94;63.76;17.04;1.22;NA;NA;NA;
8;22;17.04;28.5;29.18;NA;48.9;25.24;55.83;20.61;0.45;NA;NA;NA;
8;23;38.91;38.17;42.03;NA;28.25;34.08;54.98;19.47;0.23;NA;NA;NA;
9;0;38.91;41.53;42.9;NA;16.12;34.3;53.43;ND;0.12;NA;NA;NA;
9;1;45.84;37.16;48.13;NA;34.32;44.66;58.8;6.97;0.03;NA;NA;NA;
9;2;44.84;ND;ND;NA;ND;52.11;68.3;3.61;0.09;NA;NA;NA;
9;3;39.36;37.03;54.35;NA;40.61;51.84;68.89;4.96;2.38;NA;NA;NA;
9;4;13.52;30.34;43.97;NA;23.07;40.7;63.67;10.9;2.71;NA;NA;NA;
9;5;5.85;12.66;53.16;NA;15.72;25.23;58.05;10.2;1.22;NA;NA;NA;
9;6;6.15;3.13;37.81;NA;10.72;22.89;54.88;4.15;1.61;NA;NA;NA;
9;7;16.43;12.57;38.86;NA;31.91;27.74;62.57;7.57;4.98;NA;NA;NA;
9;8;52.66;30.71;54.81;NA;58.28;50.61;66.83;14.92;21.67;NA;NA;NA;
9;9;66.57;49.75;49.32;NA;58.96;66.96;67.46;33.57;8.35;NA;NA;NA;
9;10;72.49;65.4;59.61;NA;58.12;60.8;66.82;ND;35.71;NA;NA;NA;
9;11;76.51;68.36;66.38;NA;53.66;72.45;68.6;ND;61.41;NA;NA;NA;
9;12;71.37;67.39;61.86;NA;67.59;74.28;69.03;ND;72.58;NA;NA;NA;
9;13;75.44;69.97;60.95;NA;63.97;74.38;68.29;71.62;70.98;NA;NA;NA;
9;14;64.56;56.24;58.92;NA;68.26;71.14;68.63;71.73;ND;NA;NA;NA;
9;15;50.53;53.87;55.11;NA;60.63;69.87;70.86;74.03;ND;NA;NA;NA;
9;16;45.53;50.33;53.51;NA;43.66;58.23;58.78;54.58;ND;NA;NA;NA;
9;17;44.8;39.56;29.49;NA;23.75;27.35;35.85;45.48;36.27;NA;NA;NA;
9;18;37.82;31.76;17.36;NA;16.14;4.99;17.54;40.05;31.37;NA;NA;NA;
9;19;27.03;32.46;0.86;NA;10.66;3.2;15.84;36.82;28.02;NA;NA;NA;
9;20;13.15;26.63;3.46;NA;9.54;4.52;19.82;33.19;30.04;NA;NA;NA;
9;21;1.71;24.95;15.86;NA;14.77;5.55;18.89;25.66;23.04;NA;NA;NA;
9;22;3.78;23.29;12.26;NA;9.45;7.52;16.22;27.98;13.97;NA;NA;NA;
9;23;4.69;27.08;14.22;NA;13.59;17.19;20.32;26.57;10.56;NA;NA;NA;
10;0;17.04;25.09;14.7;NA;10.29;13.69;9.27;30.03;14.53;NA;NA;NA;
10;1;22.66;25.89;17.47;NA;14.47;21.25;ND;30.64;16.8;NA;NA;NA;
10;2;ND;26.9;23.57;NA;16.36;ND;27.28;29.32;21.25;NA;NA;NA;
10;3;21.25;25.69;25.02;NA;9.97;25.72;40.77;24.04;23.54;NA;NA;NA;
10;4;14.9;24.18;20.91;NA;16.37;13.67;38.79;26.32;23.78;NA;NA;NA;
10;5;9.53;24.45;15.3;NA;16.82;7.37;30.77;21.25;20.04;NA;NA;NA;
10;6;15.3;25.81;8.14;NA;11.3;5.43;13.7;16.42;12.2;NA;NA;NA;
10;7;18.66;26.7;14.02;NA;24.94;13.25;40.85;25.98;25.73;NA;NA;NA;
10;8;20.12;26.5;25.71;NA;32.18;31.63;49.97;32.79;34.36;NA;NA;NA;
10;9;38.14;39.57;33.08;NA;50.16;49.32;63.11;44.53;51.6;NA;NA;NA;
10;10;65.69;56.71;65.51;NA;51.97;63.67;67.4;68.59;36.87;NA;NA;NA;
10;11;74.88;62.54;77.82;NA;67.92;87.06;73.16;79.53;68.88;NA;NA;NA;
10;12;62.15;55.05;74.23;NA;67.04;90.09;84.06;81.6;78.93;NA;NA;NA;
10;13;54.73;46.56;56.68;NA;61.4;68.47;64.19;64.88;67.84;NA;NA;NA;
10;14;43.21;47.98;50.51;NA;39.12;50.48;53.64;53.12;45.39;NA;NA;NA;
10;15;46.08;42.47;50.94;NA;27.13;31.1;30.95;50.61;37.52;NA;NA;NA;
10;16;39.49;39.23;34.95;NA;38.69;34.32;44.04;40.89;32.8;NA;NA;NA;
10;17;44.68;40.07;13.5;NA;34.77;22.62;43.83;33.53;28.06;NA;NA;NA;
10;18;35.18;45.99;6.1;NA;48.2;25.59;32.55;32.12;7.4;NA;NA;NA;
10;19;17.86;31.19;10.83;NA;39.32;8.79;26.89;27.48;3.6;NA;NA;NA;
10;20;20.31;14.24;14.74;NA;21.39;3.77;26.91;24.52;6.11;NA;NA;NA;
10;21;18.86;19.34;15.3;NA;6.74;15.71;25.4;20.05;21.38;NA;NA;NA;
10;22;14.11;24.66;18.91;NA;3.27;13.2;42.65;ND;9.39;NA;NA;NA;
10;23;7.92;20.12;12.11;NA;6.08;6.03;42.13;ND;0.45;NA;NA;NA;
11;0;4.47;11.74;2.11;NA;7.82;3.81;31.34;ND;0.66;NA;NA;NA;
11;1;7.24;16.65;0.18;NA;12.19;8.82;39.98;0;3.38;NA;NA;NA;
11;2;4.19;ND;ND;NA;ND;21.17;37.16;0;1.17;NA;NA;NA;
11;3;3.64;4.39;7.51;NA;7.54;9.18;36.93;0.07;4.17;NA;NA;NA;
11;4;2.55;1.16;3.26;NA;8.58;16.87;36.34;0.11;5.47;NA;NA;NA;
11;5;1.49;0.17;3.27;NA;5.45;6.77;8.9;0.29;1.48;NA;NA;NA;
11;6;7.45;1.29;5.73;NA;5.83;5.01;9.55;1.82;1.47;NA;NA;NA;
11;7;22.5;11.34;14.46;NA;25.27;22.49;48.28;9.73;9.28;NA;NA;NA;
11;8;34.34;39.13;41.73;NA;47.96;50.29;64.47;8.93;25.63;NA;NA;NA;
11;9;58.62;49.91;53.02;NA;55.92;50.19;75.76;28.37;61.29;NA;NA;NA;
11;10;78.55;75.44;63.93;NA;69.89;55.69;98.48;63.31;74.71;NA;NA;NA;
11;11;49.51;64.2;63.93;NA;34.09;47.5;60.8;87.6;69.68;NA;NA;NA;
11;12;41.97;44.19;43.97;NA;30.39;35.83;56.81;65.47;47.36;NA;NA;NA;
11;13;46.5;46.75;28.62;NA;34.46;45.21;59.64;51.84;35.22;NA;NA;NA;
11;14;35;42.65;20.58;NA;35.66;35.96;40.72;47.24;21.29;NA;NA;NA;
11;15;20.22;32.75;5.61;NA;20.79;29.02;38.4;39.1;40.91;NA;NA;NA;
11;16;20.33;47.98;12.7;NA;26.25;14.21;47.93;48.51;47.88;NA;NA;NA;
11;17;17.36;36.87;8.66;NA;9.98;5.82;44.1;44.7;8.3;NA;NA;NA;
11;18;17.09;32.24;1.19;NA;4.46;1.89;37.38;20.66;0.23;NA;NA;NA;
11;19;12.86;24.63;3.94;NA;5.83;2.46;28.91;21.42;5.61;NA;NA;NA;
11;20;8.8;29.83;3.22;NA;15.71;2.69;33.64;9.84;26.83;NA;NA;NA;
11;21;10.78;28.81;1.44;NA;15.2;1.93;38.25;3.94;17.52;NA;NA;NA;
11;22;12.99;15.94;1.69;NA;15.86;3.53;40.9;3.92;1.48;NA;NA;NA;
11;23;3.16;13.89;0.57;NA;3.83;2.03;25.9;6.34;0;NA;NA;NA;
12;0;9.16;6.81;0.49;NA;5.98;2.61;17.28;0.11;0;NA;NA;NA;
12;1;5.71;13.81;1.4;NA;5.28;2.08;ND;0.05;0;NA;NA;NA;
12;2;ND;10.83;4.95;NA;1.75;ND;28.06;0.11;0;NA;NA;NA;
12;3;14.2;8.71;2.59;NA;2.09;2.89;41.56;0.09;0.03;NA;NA;NA;
12;4;18.65;0.05;1.54;NA;3.06;2.58;49.02;0.04;0;NA;NA;NA;
12;5;17.96;0;0.12;NA;6.15;2.06;33.36;0.15;0;NA;NA;NA;
12;6;9.62;2.5;3.91;NA;9.13;3.55;14.37;1.91;0.73;NA;NA;NA;
12;7;29.59;24.64;20.31;NA;18.85;17.67;34.54;6.65;9.41;NA;NA;NA;
12;8;45.09;34;28.73;NA;31.2;27.15;56.53;6.92;27.24;NA;NA;NA;
12;9;43.16;32.9;15.61;NA;38.94;40.44;65.01;17.53;38.21;NA;NA;NA;
12;10;76.77;67.76;61.71;NA;77.5;72.84;80.24;49.11;19.64;NA;NA;NA;
12;11;88.43;80.62;63.68;NA;47.11;62.22;66.56;79.85;53.42;NA;NA;NA;
12;12;73.25;77.7;85.73;NA;59.36;92.04;52.68;95.09;64.36;NA;NA;NA;
12;13;57.99;59.56;72.5;NA;39.31;54.39;54.76;94.05;69.68;NA;NA;NA;
12;14;40.27;48.15;44.28;NA;37.1;49.29;60.85;59.82;57.65;NA;NA;NA;
12;15;35.96;45.5;47.66;NA;37.33;24.3;42.73;45.68;10.5;NA;NA;NA;
12;16;26.99;39.86;19.72;NA;37.96;14.4;32.14;43.17;22.66;NA;NA;NA;
12;17;37.84;26.6;19.56;NA;40.54;25.08;47.73;20.84;52.78;NA;NA;NA;
12;18;20.33;18.32;26.37;NA;33.09;9.57;41.09;3.55;36.22;NA;NA;NA;
12;19;18.45;20.07;6.98;NA;18.87;3.33;32.42;12.94;28.89;NA;NA;NA;
12;20;1.54;7.7;2.39;NA;16.06;3.05;11.65;0.92;18.15;NA;NA;NA;
12;21;1.36;6.75;0.51;NA;8.17;3.19;18.72;8.07;13.22;NA;NA;NA;
12;22;0;8.2;2.77;NA;3.86;13.29;8.63;0.97;12.42;NA;NA;NA;
12;23;1.89;ND;3.8;NA;7.33;8.9;17.39;0.4;4.12;NA;NA;NA;
13;0;6.46;ND;7.12;NA;3.15;11.79;35.97;ND;5.69;NA;NA;NA;
13;1;5.84;ND;2.82;NA;5.4;2.35;33.17;0.63;6.96;NA;NA;NA;
13;2;9.36;ND;ND;NA;ND;2.09;26.76;0;11.02;NA;NA;NA;
13;3;11.09;ND;21.22;NA;1.9;4.23;24.75;0.01;6.04;NA;NA;NA;
13;4;5.44;ND;0.88;NA;2.16;2.48;5.51;0.03;4.69;NA;NA;NA;
13;5;0.06;ND;0.12;NA;2.61;3.22;20.34;0.18;2.43;NA;NA;NA;
13;6;1.03;ND;1.94;NA;4.85;3.67;8.54;0.99;1.16;NA;NA;NA;
13;7;4.62;ND;7.13;NA;14.79;8.53;31.24;4.47;3.58;NA;NA;NA;
13;8;23.83;ND;16.4;NA;41.61;38.51;58.23;10.85;23.02;NA;NA;NA;
13;9;56.24;ND;19.93;NA;53.15;35.95;67.25;27.64;16.96;NA;NA;NA;
13;10;76.31;65.64;51.46;NA;43.19;49.63;76.38;61.17;18.17;NA;NA;NA;
13;11;68.47;67.16;57.93;NA;63.62;83.75;77.43;76.69;45.82;NA;NA;NA;
13;12;64.32;56.7;47.69;NA;61.81;72.84;70.26;72.23;75.9;NA;NA;NA;
13;13;53.94;50.17;50;NA;41.29;65.32;61.05;58.37;76.14;NA;NA;NA;
13;14;52.07;50.34;50.5;NA;38.77;60.57;64.02;60.75;65.53;NA;NA;NA;
13;15;45.26;ND;29.8;NA;44.74;38.34;56.93;49.45;45.66;NA;NA;NA;
13;16;29.86;34.6;15.29;NA;31.9;25.28;56.89;28;40.8;NA;NA;NA;
13;17;19.5;23.76;2.57;NA;19.49;4.51;29.23;24.95;36.66;NA;NA;NA;
13;18;4.24;22.44;1.17;NA;17.4;3.06;21.69;32.12;21.77;NA;NA;NA;
13;19;1.89;10.68;1.07;NA;7.99;5.71;36.94;23.54;18.46;NA;NA;NA;
13;20;0.3;14.16;5.5;NA;5.47;3.22;6.31;2.18;14.39;NA;NA;NA;
13;21;1.17;25.79;0.16;NA;6.85;1.38;4.88;1.09;9.9;NA;NA;NA;
13;22;8.99;39.01;0.31;NA;6.31;2.24;1.05;17.6;0.32;NA;NA;NA;
13;23;20.76;27.17;6.32;NA;5.91;1.3;4.09;13.72;9.74;NA;NA;NA;
14;0;18.73;25.47;11.03;NA;8.61;6.89;16.51;20.45;34.52;NA;NA;NA;
14;1;24.89;38.03;11.77;NA;7.9;16.3;ND;22.48;29.16;NA;NA;NA;
14;2;ND;36.84;30.97;NA;15.32;ND;37.9;26.36;26.59;NA;NA;NA;
14;3;44.83;40.38;42.69;NA;36.1;41.39;33.79;33.46;28.71;NA;NA;NA;
14;4;38.49;45;47.37;NA;43.28;49.44;46.42;27.98;37.39;NA;NA;NA;
14;5;24.7;34.26;34.51;NA;20.98;39.82;41.42;16.37;41.15;NA;NA;NA;
14;6;12.91;29;16.83;NA;14.71;19.4;22.15;6.71;31.54;NA;NA;NA;
14;7;32.69;39.57;8.61;NA;23.54;19.48;39.2;21.47;13.63;NA;NA;NA;
14;8;39.5;38.51;21.69;NA;30.06;23.88;48.23;43.03;37.12;NA;NA;NA;
14;9;53.83;48.03;21.02;NA;26.62;24.64;61.33;62.7;54.5;NA;NA;NA;
14;10;63.94;52.96;24.17;NA;40.29;43.46;71.01;70.59;45.12;NA;NA;NA;
14;11;69.05;57.98;52.76;NA;58.01;63.06;68.74;68.64;45.59;NA;NA;NA;
14;12;65.32;61.3;49.64;NA;61.13;54.2;77.84;67.83;75.71;NA;NA;NA;
14;13;52.6;58.42;35.26;NA;36.38;54.8;55.81;68.97;66.02;NA;NA;NA;
14;14;48.32;59.39;30.47;NA;22.1;ND;57.67;69.86;56.58;NA;NA;NA;
14;15;42.2;49.53;14.95;NA;13.42;13.96;51.98;43.79;54.33;NA;NA;NA;
14;16;34.14;30.52;7.46;NA;16.08;14.6;54.12;36;23.23;NA;NA;NA;
14;17;18.12;11.23;4.21;NA;27.83;8.21;35.56;29.52;10.71;NA;NA;NA;
14;18;7.48;4.14;1.46;NA;9.92;3.8;17.01;30.15;6.62;NA;NA;NA;
14;19;1.24;2.89;1.75;NA;4.75;3.32;2.85;6.14;11.63;NA;NA;NA;
14;20;0.63;1.27;1.08;NA;3.13;5.36;22.68;2.84;1.85;NA;NA;NA;
14;21;2.18;0.86;0.33;NA;3.29;2.6;7.66;0.76;2.41;NA;NA;NA;
14;22;3.37;0.04;0.68;NA;5.53;3.46;0.92;0.71;0.05;NA;NA;NA;
14;23;1.87;0.26;0.1;NA;7.22;2.77;23.28;0.92;0.94;NA;NA;NA;
15;0;10.85;1.08;3.44;NA;3.29;9.49;20.23;ND;1.2;NA;NA;NA;
15;1;22.76;0.2;5.2;NA;2.72;4.05;34.24;1.12;1.74;NA;NA;NA;
15;2;12.01;ND;ND;NA;ND;2.29;44.93;0.06;2.4;NA;NA;NA;
15;3;12.37;0.61;11.37;NA;3;2.53;41.58;0.08;0.1;NA;NA;NA;
15;4;1.7;0.41;6.24;NA;3.51;2.8;37.03;0;0.33;NA;NA;NA;
15;5;0.24;1.76;1.35;NA;3.07;2.86;42.13;0.06;0.59;NA;NA;NA;
15;6;3.38;3.78;2.19;NA;6.24;4.03;45.67;1.34;0.33;NA;NA;NA;
15;7;13.95;19.13;10.3;NA;8.4;12.31;45.96;7.13;1.52;NA;NA;NA;
15;8;25.71;34.11;18.34;NA;27.52;33.74;51.22;13.99;20.28;NA;NA;NA;
15;9;51.14;55;38.95;NA;48.51;62.51;57.43;29.55;44.02;NA;NA;NA;
15;10;69.67;65.08;62.74;NA;55.97;52.44;66.22;47.38;49.43;NA;NA;NA;
15;11;77.23;59.84;73;NA;45.07;62.8;67.27;69.87;37.7;NA;NA;NA;
15;12;66.05;69.2;59.09;NA;41.37;76.78;61.46;87.76;58.51;NA;NA;NA;
15;13;54.45;59.46;36.04;NA;30.33;47.95;47.68;77.58;60.62;NA;NA;NA;
15;14;45.03;48.42;16.38;NA;26.76;30.42;41.56;56.43;35.94;NA;NA;NA;
15;15;42.55;54.18;10.21;NA;35.77;20.27;23.08;48.46;32.98;NA;NA;NA;
15;16;36.61;47.76;9.12;NA;21.99;12.42;34.09;47.87;10.51;NA;NA;NA;
15;17;ND;39.89;2.85;NA;7.1;4.12;46.21;14.8;7.2;NA;NA;NA;
15;18;ND;33.24;7.32;NA;2.52;3.52;36.23;11.59;4.08;NA;NA;NA;
15;19;ND;26.76;1.49;NA;11.03;3.08;14.46;18.48;0.54;NA;NA;NA;
15;20;15.35;17.87;6.09;NA;6.04;2.31;18.9;27.37;0.13;NA;NA;NA;
15;21;17.36;18.14;3.62;NA;2.36;4;11;15.33;0.14;NA;NA;NA;
15;22;12.5;15.6;8.4;NA;3.93;2.16;5.38;9.82;0.05;NA;NA;NA;
15;23;5.92;11.28;4.31;NA;2.26;3.09;23.09;0.63;0.14;NA;NA;NA;
16;0;6.51;15.13;12.5;NA;4.82;2.99;36.89;4.14;0;NA;NA;NA;
16;1;13.51;11.98;0.53;NA;5.34;11.21;ND;8.74;0;NA;NA;NA;
16;2;7.74;0.22;0.06;NA;3.64;ND;2.02;4.21;0;NA;NA;NA;
16;3;8.8;0.32;0.03;NA;5.15;1.62;4.96;1.23;0;NA;NA;NA;
16;4;1.82;0.06;0.03;NA;3;1.74;7.28;0.06;0.03;NA;NA;NA;
16;5;0.01;1.92;0.13;NA;3.77;2.17;8.34;0.15;0.17;NA;NA;NA;
16;6;0.97;3.17;1.59;NA;5.9;4.11;8.38;1.21;1.1;NA;NA;NA;
16;7;6.62;10.08;4.93;NA;8;8.88;29.2;5.17;3.09;NA;NA;NA;
16;8;16.94;29.62;22.13;NA;18.11;20.73;39.02;13.93;16.52;NA;NA;NA;
16;9;38.57;41.79;21.26;NA;26.84;31.68;46.14;27.33;38;NA;NA;NA;
16;10;54;48.98;33.76;NA;43.12;37.8;53.01;46.92;56.72;NA;NA;NA;
16;11;69.13;62.52;49.06;NA;52.98;41.45;61.09;70.51;66.12;NA;NA;NA;
16;12;71.85;73.44;46.17;NA;39.85;31.77;58.37;65.93;ND;NA;NA;NA;
16;13;45.46;54.43;36.57;NA;45.92;46.33;51.92;27.91;ND;NA;NA;NA;
16;14;33.48;33.56;46.32;NA;58.98;57.74;58.82;42.43;63.79;NA;NA;NA;
16;15;40.43;33;37.21;NA;30.86;25.78;52.55;ND;51.62;NA;NA;NA;
16;16;34.93;33.96;19.07;NA;17.28;16.18;40.72;42.9;47.38;NA;NA;NA;
16;17;33.48;30.42;14.54;NA;9.66;6.85;27.4;38.02;24.51;NA;NA;NA;
16;18;9.35;22.68;6.5;NA;3.86;2.75;14.5;21.62;23.23;NA;NA;NA;
16;19;4.13;17.69;0.88;NA;5.08;2.98;11.86;27.31;21.72;NA;NA;NA;
16;20;0.88;10.74;0.53;NA;3.51;2.89;1.04;8.15;3.95;NA;NA;NA;
16;21;6.64;1.38;1.25;NA;3.88;2.3;7.68;3.63;9.9;NA;NA;NA;
16;22;2.26;0.38;0.21;NA;3.32;2.76;38.41;2.16;0.95;NA;NA;NA;
16;23;1.74;0.39;1.31;NA;2.66;3.28;47.22;0.82;0.08;NA;NA;NA;
17;0;0;2.71;24.89;NA;7.84;21.66;56.98;ND;0;NA;NA;NA;
17;1;0.24;0.55;49.35;NA;28.99;33.68;62.07;0.32;0.2;NA;NA;NA;
17;2;ND;ND;ND;NA;ND;45.87;61.32;0.1;0.08;NA;NA;NA;
17;3;2.42;0.52;55.56;NA;38.16;44.31;60.4;0.11;0.28;NA;NA;NA;
17;4;1.74;0.12;14.24;NA;26.68;38.92;58.2;0.28;0.24;NA;NA;NA;
17;5;0.62;0.3;23.28;NA;19.59;26.31;55.18;0.23;0.61;NA;NA;NA;
17;6;3.8;5.47;31.41;NA;8.92;19.27;57.4;2.12;3.22;NA;NA;NA;
17;7;12.73;27.76;33.75;NA;40.66;36.61;59.78;9.91;12.42;NA;NA;NA;
17;8;28.3;41.5;45.25;NA;49.3;51.36;61.72;27.89;38.13;NA;NA;NA;
17;9;61.51;53.2;57.89;NA;52.88;62.59;61.41;55.47;51.86;NA;NA;NA;
17;10;66.87;69.39;58.68;NA;55.94;69.94;62.42;74.86;67.63;NA;NA;NA;
17;11;73.6;72.56;55.26;NA;62.32;64.93;64.02;65.93;72.94;NA;NA;NA;
17;12;68.37;61.48;52.98;NA;54.97;61.67;64.04;62.96;71.68;NA;NA;NA;
17;13;63.34;63.58;57.22;NA;39.85;56;63.43;67.82;56.85;NA;NA;NA;
17;14;58;63.96;48.83;NA;31.78;55.65;58.94;60.12;56.35;NA;NA;NA;
17;15;49;48.09;49.28;NA;29.01;52.33;58.08;47.74;49.98;NA;NA;NA;
17;16;25.17;41.84;42.08;NA;26.78;26.8;50.23;39.2;40.19;NA;NA;NA;
17;17;20.59;41.21;17.43;NA;20.08;31.95;37.9;35.29;43.86;NA;NA;NA;
17;18;3.24;28.44;4.97;NA;8.74;15.02;30.77;7.33;17.48;NA;NA;NA;
17;19;4.06;19.71;12.17;NA;6.97;10.4;6.59;4.36;6.58;NA;NA;NA;
17;20;1.75;11.27;1.8;NA;15.2;2.51;2.08;1.5;2.96;NA;NA;NA;
17;21;2.17;4.87;0.31;NA;18.85;ND;1.41;2.67;0.97;NA;NA;NA;
17;22;0.1;ND;0.14;NA;8.79;3.33;11.61;ND;3.67;NA;NA;NA;
17;23;0.64;ND;0.87;NA;8.5;3.5;29.2;ND;2.17;NA;NA;NA;
18;0;2.83;7.4;0.83;NA;10.23;4.21;34.15;0.69;0.63;NA;NA;NA;
18;1;9.89;0.29;0.95;NA;5.3;9.63;ND;0.7;ND;NA;NA;NA;
18;2;ND;0;9.88;NA;6.25;ND;48.29;0.05;5.34;NA;NA;NA;
18;3;5.43;0.2;5.45;NA;16.74;14.23;51.62;0.58;0.69;NA;NA;NA;
18;4;1.19;0.12;6.24;NA;22.34;20.87;49.99;0.37;0.8;NA;NA;NA;
18;5;0;0.57;32.67;NA;8.24;22.47;49.15;0.29;0.96;NA;NA;NA;
18;6;3.29;3.22;37.99;NA;9.29;18.44;54.51;2.7;3.51;NA;NA;NA;
18;7;16.94;24.94;34.01;NA;27.82;35.53;54.46;9.37;13.41;NA;NA;NA;
18;8;36.21;41.32;41.82;NA;43.22;48.33;55.55;27.08;36.33;NA;NA;NA;
18;9;57.11;54.78;53.07;NA;50.97;57.36;60.39;55.03;55.18;NA;NA;NA;
18;10;65.55;62.03;62.46;NA;56.27;62.23;63.74;77;70.67;NA;NA;NA;
18;11;68.72;66.18;71.56;NA;61.84;68.33;66.74;86.97;74.25;NA;NA;NA;
18;12;69.09;65.34;72.8;NA;64.97;75.6;65.1;76.93;80.45;NA;NA;NA;
18;13;58.6;57.28;65.11;NA;56.75;75.32;66.1;69.78;77.98;NA;NA;NA;
18;14;57.74;55.75;68.48;NA;39.13;59.17;47.29;67.51;40.71;NA;NA;NA;
18;15;52.85;46.56;47.51;NA;35.5;31.72;42.83;57.99;25.21;NA;NA;NA;
18;16;38.8;42.04;28.93;NA;33.99;27.87;33.77;41.57;31.12;NA;NA;NA;
18;17;34.6;46.25;29.88;NA;39.95;29.16;45.87;33.41;28.58;NA;NA;NA;
18;18;21.82;35.04;9.53;NA;18.01;22.32;41.48;11.8;17.22;NA;NA;NA;
18;19;15.26;33.67;11.37;NA;21.34;9.09;18.2;12.57;4.78;NA;NA;NA;
18;20;8.56;14.65;1.21;NA;10.45;3.88;6.15;2.81;2.05;NA;NA;NA;
18;21;0.31;13.09;1.88;NA;4.95;3.15;10.43;3.21;1.43;NA;NA;NA;
18;22;2.25;5.05;1.47;NA;10.39;3.31;27.56;0.27;1.9;NA;NA;NA;
18;23;0.69;9.09;0.07;NA;12.61;2.83;21.28;1.43;0.78;NA;NA;NA;
19;0;0.55;9.13;0.31;NA;7.61;2.58;24.82;ND;0.76;NA;NA;NA;
19;1;0;4.94;0.52;NA;3.37;3.21;24.03;0;0.57;NA;NA;NA;
19;2;3.15;ND;ND;NA;ND;2.68;28.7;0.02;0.73;NA;NA;NA;
19;3;0.6;0.55;1.03;NA;4.91;2.15;24.49;0.02;1.12;NA;NA;NA;
19;4;0.13;0.36;0.79;NA;2.93;3.1;11.04;0.1;0.17;NA;NA;NA;
19;5;0.05;0;1.45;NA;5.43;3;22.88;0.12;1.09;NA;NA;NA;
19;6;2.29;4.63;2.89;NA;6.81;3.76;6.95;1.71;2.44;NA;NA;NA;
19;7;9.21;14.21;6.3;NA;7;6.45;33.98;4.75;7.1;NA;NA;NA;
19;8;25.3;30.7;21.04;NA;22.21;27.97;42.05;13.86;14.4;NA;NA;NA;
19;9;45.89;44.09;41.87;NA;45.77;53.03;48.64;27.69;30.51;NA;NA;NA;
19;10;74.9;62.34;69.03;NA;51.51;64.56;57.19;55.55;52.5;NA;NA;NA;
19;11;75.86;56.35;85.67;NA;69.59;85.28;71.7;70.86;66.12;NA;NA;NA;
19;12;65.26;56.21;70.3;NA;79.06;90.07;74.56;68.57;61.31;NA;NA;NA;
19;13;55.55;57.64;67.08;NA;56.25;80.8;68.7;70.7;72.41;NA;NA;NA;
19;14;48.99;51.09;47.09;NA;33.4;46.96;59.07;64.91;63.23;NA;NA;NA;
19;15;45.07;46.01;44.37;NA;38.61;40.45;49.94;48.69;46.08;NA;NA;NA;
19;16;40.48;40.33;35.34;NA;39.31;34.95;29.91;39.88;30.27;NA;NA;NA;
19;17;33.52;32.43;24.16;NA;34.7;25.38;39.2;47.55;45.58;NA;NA;NA;
19;18;17.59;28.09;25.74;NA;36.35;26.49;39.48;37.68;37.05;NA;NA;NA;
19;19;20.74;27.25;17.51;NA;12.53;14.68;39.31;31.18;21.37;NA;NA;NA;
19;20;4.38;20.01;16.01;NA;9.2;18.87;33.69;17.66;22.24;NA;NA;NA;
19;21;7.38;16.89;9.37;NA;3.25;21.74;42.49;4.44;20.2;NA;NA;NA;
19;22;5.9;23.53;3.7;NA;9.83;23.39;46.26;6.34;21.94;NA;NA;NA;
19;23;6.19;28.2;14.07;NA;25.83;22.07;36.94;4.61;14.74;NA;NA;NA;
20;0;19.02;29.72;7.66;NA;24.39;7.09;20.11;3.18;16.84;NA;NA;NA;
20;1;21.6;29.35;1.34;NA;9.83;3.26;ND;3.79;ND;NA;NA;NA;
20;2;ND;1.83;2.79;NA;18.59;ND;28.1;4.66;9.92;NA;NA;NA;
20;3;20.1;12.36;1.89;NA;14.98;6.66;46.23;2.55;7.98;NA;NA;NA;
20;4;7.71;9.16;8.44;NA;30.82;10.57;34.98;2.71;3.74;NA;NA;NA;
20;5;1.16;4.42;2.26;NA;7.46;9.94;25.62;0.85;2.04;NA;NA;NA;
20;6;0.99;2.61;1.7;NA;8.56;6.42;4.52;1.35;1.67;NA;NA;NA;
20;7;2.47;6.96;4.6;NA;8.59;7.35;22.09;3.22;3.54;NA;NA;NA;
20;8;6.45;12.49;12.7;NA;24.83;19.16;34.9;6.53;11.33;NA;NA;NA;
20;9;23.13;20.02;22.02;NA;67.41;36.48;45.32;12.48;28.01;NA;NA;NA;
20;10;52.25;44.89;33.41;NA;61.41;43.11;50.35;31.52;48.09;NA;NA;NA;
20;11;65.36;54.45;56.32;NA;69.79;64.84;61.17;49.85;76.34;NA;NA;NA;
20;12;72.49;67.6;ND;NA;60.75;64.84;69.21;63.78;41.01;NA;NA;NA;
20;13;57.87;62.17;53.68;NA;51.27;58.62;60.27;72.02;50.74;NA;NA;NA;
20;14;39.48;41.41;56.02;NA;41.18;47.27;46.43;54.39;36.35;NA;NA;NA;
20;15;34.61;43.36;34.78;NA;32.29;32.46;33.96;39.74;36.66;NA;NA;NA;
20;16;19.15;31.11;12.27;NA;24.61;12.61;25.03;30.2;1.07;NA;NA;NA;
20;17;15.08;26.99;3.32;NA;24.55;9.73;16.94;22.78;0.74;NA;NA;NA;
20;18;7.33;22.69;2.02;NA;29.11;2.42;6.82;11.32;26.71;NA;NA;NA;
20;19;17.84;24.39;2.14;NA;16.23;9.71;7.74;24.97;10.36;NA;NA;NA;
20;20;8.73;26.38;2.14;NA;16.47;10.73;10.73;18.24;14.4;NA;NA;NA;
20;21;5.12;13.29;3.07;NA;21.19;7.98;12.13;13.94;10.08;NA;NA;NA;
20;22;7.72;23.81;2.09;NA;38.63;9.51;18.23;17.93;6.1;NA;NA;NA;
20;23;7.02;17.62;1.32;NA;31.04;3.99;10.27;17.43;10.63;NA;NA;NA;
21;0;0.76;2.27;2.08;NA;26.09;2.63;13;ND;9.13;NA;NA;NA;
21;1;3.41;1.07;5.36;NA;13.76;4.1;14.74;16.67;2.96;NA;NA;NA;
21;2;4.02;ND;ND;NA;ND;2.41;20;13.76;2.68;NA;NA;NA;
21;3;1.85;3.21;3.01;NA;17.17;4.72;18.99;11.74;0.08;NA;NA;NA;
21;4;0.99;3.8;2.06;NA;17.57;6.43;12.61;9.33;2.51;NA;NA;NA;
21;5;0.19;1.47;0.12;NA;7.13;2.98;1.33;4.21;1.17;NA;NA;NA;
21;6;1.85;2.64;2.19;NA;5.9;4.79;6.78;4.33;1.53;NA;NA;NA;
21;7;5.42;9.88;6.18;NA;11.69;9.94;24.96;8.03;7.56;NA;NA;NA;
21;8;19.37;22.94;19.56;NA;24.72;17.7;34.7;22.36;22.5;NA;NA;NA;
21;9;44.61;42.81;30.5;NA;39.14;30.32;33.97;36.72;31.57;NA;NA;NA;
21;10;61.96;56.12;47.86;NA;45.49;41.22;53.14;55.66;22.82;NA;NA;NA;
21;11;61.07;48.16;32.48;NA;47.19;43.55;59.53;67.81;40.45;NA;NA;NA;
21;12;ND;60.96;48.61;NA;51.29;53.56;61.09;76.33;64.23;NA;NA;NA;
21;13;ND;54.26;42.39;NA;48.98;50.2;64.27;53.96;44.77;NA;NA;NA;
21;14;ND;45.04;31.29;NA;37.3;38.22;41.99;44.6;35.5;NA;NA;NA;
21;15;31.72;41.35;37.54;NA;33.3;30.99;44.9;56.1;33.55;NA;NA;NA;
21;16;35.06;36.23;48.78;NA;37.04;38.11;48.7;50.09;51.96;NA;NA;NA;
21;17;25.01;24.81;13.05;NA;24.52;26.07;37.58;33.66;36.63;NA;NA;NA;
21;18;17.15;16.81;4.89;NA;13.66;5.17;31.22;26.98;24.3;NA;NA;NA;
21;19;3.53;15.65;0.81;NA;10.49;4.54;12.16;25.44;14.29;NA;NA;NA;
21;20;0.91;12.06;0.94;NA;12.78;2.48;13.8;20.22;16.94;NA;NA;NA;
21;21;0.77;5.71;0;NA;19.75;1.52;12.89;17.37;16.29;NA;NA;NA;
21;22;3.4;13.21;0;NA;27.12;1.12;14.4;19.59;16.53;NA;NA;NA;
21;23;1.68;14.54;0.44;NA;20.19;0.95;12.52;20.7;7.42;NA;NA;NA;
22;0;1.11;11.99;0.43;NA;21.91;2.23;15.52;18.19;10.81;NA;NA;NA;
22;1;7.48;15.4;6.34;NA;13.42;7.49;ND;15.52;ND;NA;NA;NA;
22;2;5.97;16.9;5.83;NA;29.09;ND;15.98;18.79;16.76;NA;NA;NA;
22;3;7.76;18.62;15.38;NA;19.06;15.18;9.89;17.91;16.43;NA;NA;NA;
22;4;6;13.6;13.23;NA;15.81;9.1;11.82;18.33;18.38;NA;NA;NA;
22;5;0.14;4.48;3.79;NA;12.83;2.58;16.96;8.41;10.45;NA;NA;NA;
22;6;0.99;1.53;1.98;NA;26.12;4.48;25.98;6.06;7.1;NA;NA;NA;
22;7;8;7.37;6.83;NA;25.68;7.85;29.34;11.49;7.62;NA;NA;NA;
22;8;17.71;20.26;13.16;NA;22.6;13.86;38.63;16.43;12.22;NA;NA;NA;
22;9;40.38;46.15;24.94;NA;35.2;30.53;42.6;23.85;15.16;NA;NA;NA;
22;10;60.39;56.78;39.36;NA;44.5;50.14;44.96;33.6;19.47;NA;NA;NA;
22;11;61.35;59.5;43.79;NA;53.66;55.89;58.82;49.33;46.04;NA;NA;NA;
22;12;42.71;41.77;40.79;NA;53.48;48.03;ND;61.29;35.96;NA;NA;NA;
22;13;35.26;37.72;36.62;NA;46.66;38.89;ND;50.25;42.43;NA;NA;NA;
22;14;44.26;41.89;48.55;NA;49.1;55.11;49.42;53.22;52.52;NA;NA;NA;
22;15;37.46;41.03;49.38;NA;49.85;49.59;ND;47.28;51.37;NA;NA;NA;
22;16;31.74;37.26;32.49;NA;36.01;41.08;ND;42.56;45.99;NA;NA;NA;
22;17;21.53;29.41;10.54;NA;23.81;18.86;27.29;31.65;21.89;NA;NA;NA;
22;18;12.88;18.69;1.19;NA;19.69;7.68;29.81;22.85;13.33;NA;NA;NA;
22;19;12.99;15.48;0.89;NA;8.87;1.65;15.8;21.9;11.92;NA;NA;NA;
22;20;9.47;11.26;0.03;NA;3.75;1.45;11.06;20.12;20.03;NA;NA;NA;
22;21;2.53;12.31;0.7;NA;11.01;1.81;2.73;17.34;15.51;NA;NA;NA;
22;22;1.18;9.41;1.62;NA;10.46;5.63;9.99;13.1;7.43;NA;NA;NA;
22;23;2.6;15.2;0.22;NA;18.53;6.21;13.22;14.44;15.48;NA;NA;NA;
23;0;9.91;17.03;1.22;NA;8.42;5.39;7.79;ND;6.26;NA;NA;NA;
23;1;9.33;16.76;3.13;NA;22.41;8.41;10.14;19.57;8.86;NA;NA;NA;
23;2;ND;ND;ND;NA;ND;8.56;1.77;19.66;16.45;NA;NA;NA;
23;3;13.02;18.54;8.2;NA;29.53;12;7.94;19.39;8.26;NA;NA;NA;
23;4;5.88;16.71;10.37;NA;22.09;14.18;10.98;17.9;15.68;NA;NA;NA;
23;5;3.62;16.73;9.57;NA;19.98;12.83;6.7;19.14;15.85;NA;NA;NA;
23;6;2.77;14.18;3.88;NA;16.28;5.96;4.82;17.62;12.36;NA;NA;NA;
23;7;6.01;18.22;5.47;NA;19.39;8.75;15.43;18.24;5.02;NA;NA;NA;
23;8;14.07;27.49;14.32;NA;28.27;17.05;26.21;20.89;11.68;NA;NA;NA;
23;9;40.02;37.8;28.14;NA;36.97;32.97;29.3;26.09;24.62;NA;NA;NA;
23;10;49.73;43.46;39.43;NA;43.67;40.59;46.45;37.48;38.23;NA;NA;NA;
23;11;ND;41.86;45.2;NA;49.45;51.08;53.65;51.56;36.43;NA;NA;NA;
23;12;ND;44.7;48.48;NA;53.97;54.48;42.4;59.04;38.04;NA;NA;NA;
23;13;51.54;45.03;41.36;NA;48.87;50.25;51.39;53.9;46.64;NA;NA;NA;
23;14;48.41;47.28;42.93;NA;43.68;45.2;54.5;53;50.68;NA;NA;NA;
23;15;48.46;49.6;41.37;NA;46.19;48.01;50.36;52.21;42.46;NA;NA;NA;
23;16;47.63;44.87;42.5;NA;43.08;49.69;42.97;51.65;33.56;NA;NA;NA;
23;17;24.7;32.89;24.98;NA;29.48;31.42;35.16;43.51;25.19;NA;NA;NA;
23;18;22.23;24.46;8.68;NA;12.89;11.13;23.81;32.61;19.28;NA;NA;NA;
23;19;19.94;23.84;6.74;NA;9.9;3.35;4.83;25.39;12.51;NA;NA;NA;
23;20;2.79;20.41;3.03;NA;9.42;2.91;3.2;27.14;25.75;NA;NA;NA;
23;21;1.23;12.56;0.88;NA;8.54;2.14;13.74;15.3;17.67;NA;NA;NA;
23;22;3.28;3.03;1.05;NA;5.15;3.1;22.88;16.59;5.44;NA;NA;NA;
23;23;0.11;3.23;0.06;NA;14.98;2.24;17.96;15.93;8.46;NA;NA;NA;
24;0;0.01;0.39;0;NA;10.77;1.54;16.64;20.18;12.86;NA;NA;NA;
24;1;0.14;2.36;0.2;NA;23.93;1.85;ND;21.48;ND;NA;NA;NA;
24;2;0.03;0.41;0.02;NA;15.11;ND;10.18;19.8;15.59;NA;NA;NA;
24;3;0;4.62;0.09;NA;15.5;2;13.16;20.61;11.5;NA;NA;NA;
24;4;0;2.04;0.04;NA;5.66;2.32;14.04;14.41;6.74;NA;NA;NA;
24;5;0;0.95;0.44;NA;3.96;2.23;11.14;3.82;1.7;NA;NA;NA;
24;6;0.53;0.8;1.23;NA;8.6;2.89;7.53;3.04;3.36;NA;NA;NA;
24;7;2.78;3.2;1.77;NA;10.05;3.54;20.88;7.12;2.64;NA;NA;NA;
24;8;13.86;15.35;7.7;NA;18.5;7.74;10.32;18.46;4.35;NA;NA;NA;
24;9;44.82;44.35;26.96;NA;41.73;36.01;22.7;35.79;20.02;NA;NA;NA;
24;10;67.65;60.04;49.59;NA;50.63;55.39;48.29;61.36;33.42;NA;NA;NA;
24;11;69.94;63.52;54.81;NA;68.01;62.33;69.09;66.54;65.02;NA;NA;NA;
24;12;65.08;63.67;57.27;NA;ND;68.48;77.09;73.63;73.55;NA;NA;NA;
24;13;50.28;55.68;61.07;NA;ND;68.07;69.9;69.15;72.06;NA;NA;NA;
24;14;51.35;56.73;54.07;NA;63.12;63.1;63.68;65.19;50.05;NA;NA;NA;
24;15;45.85;52.72;45.05;NA;38.17;50.02;56.73;53.92;34.79;NA;NA;NA;
24;16;39.59;48.99;18.22;NA;21.49;24.07;46.35;37.19;38.34;NA;NA;NA;
24;17;32.15;35.98;12.36;NA;21.44;10.64;32.61;20.82;15.88;NA;NA;NA;
24;18;26.04;26.88;1.59;NA;9.71;3.88;17.42;32.41;8.21;NA;NA;NA;
24;19;26.54;27.72;0.62;NA;9.21;3.17;10.26;31.25;11.78;NA;NA;NA;
24;20;17.88;24.75;2.85;NA;8.23;2.63;9.42;26.73;21.25;NA;NA;NA;
24;21;11.46;22.31;1.46;NA;12.56;5.39;7.75;25.82;18.55;NA;NA;NA;
24;22;11.49;20.87;0.5;NA;7.54;8.16;3.96;24.27;21.68;NA;NA;NA;
24;23;11.05;20.64;2.2;NA;11.32;9.04;6.65;22.61;17.18;NA;NA;NA;
25;0;15.91;24.94;0.49;NA;12.1;7.26;8.13;ND;19.09;NA;NA;NA;
25;1;2.07;17.62;0;NA;5.61;3.86;8.05;21.99;19.4;NA;NA;NA;
25;2;0.55;ND;ND;NA;ND;2;7.27;16.5;13.55;NA;NA;NA;
25;3;4.97;12.78;0.04;NA;8.89;1.59;6.02;15.58;12.89;NA;NA;NA;
25;4;4.76;13.33;0;NA;8.05;1.53;0.77;17.01;11.01;NA;NA;NA;
25;5;0.44;1.59;0.14;NA;16.41;1.8;4.71;12.33;9.93;NA;NA;NA;
25;6;1.27;4.07;3.71;NA;1.85;6.32;13.96;6.93;4.26;NA;NA;NA;
25;7;15.53;12.73;12.98;NA;14.06;16.99;25.68;12.83;8.34;NA;NA;NA;
25;8;40.81;33.75;34.92;NA;31.17;30.06;42.59;21.87;19.71;NA;NA;NA;
25;9;59.33;57.59;50.56;NA;44.93;52.24;51.53;45.65;41.8;NA;NA;NA;
25;10;62.22;67.43;56.91;NA;53.53;62.95;68.82;67.63;63.95;NA;NA;NA;
25;11;68.06;64.48;64.65;NA;62.84;70.47;67.43;76.99;67.78;NA;NA;NA;
25;12;54.23;52.21;58.26;NA;65.81;69.75;70.91;65.27;62.26;NA;NA;NA;
25;13;45.37;45.9;54.42;NA;51.14;64.42;63.85;64.74;56.6;NA;NA;NA;
25;14;41.5;45.37;48.02;NA;27.83;47.24;41.15;46.62;54.84;NA;NA;NA;
25;15;43.9;38.99;46.44;NA;27.66;34.03;31.62;45.43;33.28;NA;NA;NA;
25;16;38.87;32.95;37.28;NA;23.05;30.65;29.41;37.75;47.49;NA;NA;NA;
25;17;30.82;27.5;28.56;NA;13.75;11.89;32.24;31.72;20.05;NA;NA;NA;
25;18;22.86;20.9;4.84;NA;12.47;5.5;15.49;26.31;5.66;NA;NA;NA;
25;19;6.15;18.84;0.65;NA;6.85;2.24;22.17;22.25;10.4;NA;NA;NA;
25;20;3.73;17.46;0.25;NA;6.12;1.93;15.67;22.89;13;NA;NA;NA;
25;21;2.47;17.93;0.19;NA;6.17;3.02;11.64;25.42;10.06;NA;NA;NA;
25;22;0.81;15.29;1.04;NA;6.04;1.94;18.1;19.6;2.88;NA;NA;NA;
25;23;3.53;13.04;0.83;NA;5.46;2.24;16.71;15.21;4.63;NA;NA;NA;
26;0;1.15;7.88;2.99;NA;5.12;8.87;13.67;20.44;14.17;NA;NA;NA;
26;1;0.56;9.56;12.53;NA;9.73;9.55;ND;14.58;ND;NA;NA;NA;
26;2;ND;9.32;14.81;NA;11.19;ND;16.57;17.05;8.98;NA;NA;NA;
26;3;7.52;10.64;6.36;NA;7.37;4.7;15.54;6.64;4.25;NA;NA;NA;
26;4;4.76;7.88;2.6;NA;3.88;4.37;14.92;6.69;6.47;NA;NA;NA;
26;5;2.18;2.92;1.07;NA;ND;4.13;19.92;5.36;3.96;NA;NA;NA;
26;6;5.84;3.05;6.42;NA;ND;9.14;16.44;2.83;7.59;NA;NA;NA;
26;7;15.45;7.04;25.17;NA;23.85;28.94;34.37;5.55;13.73;NA;NA;NA;
26;8;27.02;15.65;30.5;NA;36.52;45.83;43.26;14.7;29.98;NA;NA;NA;
26;9;45.81;33.52;35.01;NA;44.63;51.25;53.78;34.72;47.9;NA;NA;NA;
26;10;64.35;57.55;55.34;NA;41.87;51.81;70.49;58.98;19.25;NA;NA;NA;
26;11;77.78;63.28;70.26;NA;58.99;67.45;58.79;70.41;27.21;NA;NA;NA;
26;12;61.98;60.35;58.25;NA;60.57;66.47;62.13;66.7;70.03;NA;NA;NA;
26;13;49.35;52.03;65.01;NA;50.15;69.31;67.53;65.43;47.38;NA;NA;NA;
26;14;48.64;47.26;58.07;NA;41.03;62.38;49.64;57.12;56.16;NA;NA;NA;
26;15;49.76;50.29;50.73;NA;36.38;50.77;46.75;51.28;47.68;NA;NA;NA;
26;16;35.43;45.28;27.76;NA;35.74;32.56;32.46;35.12;35.67;NA;NA;NA;
26;17;22.39;28.61;21.78;NA;36.02;27.14;35.15;24.66;30.67;NA;NA;NA;
26;18;22.98;32.03;17.36;NA;17.79;24.63;38.73;10.13;30.66;NA;NA;NA;
26;19;18.72;22.63;9.65;NA;9.56;15.67;34.4;2.67;4.91;NA;NA;NA;
26;20;5.81;25.16;9.1;NA;12.32;17.01;14.9;3.27;12.53;NA;NA;NA;
26;21;26.91;35.27;1.45;NA;10.12;3.75;12.33;8.29;0.32;NA;NA;NA;
26;22;34.4;33.75;9.03;NA;9.14;5.75;10.09;6.93;0;NA;NA;NA;
26;23;36.84;26.71;13.51;NA;10.72;6.13;30.66;0.18;0;NA;NA;NA;
27;0;17.81;29.14;9.47;NA;4.54;4.79;25.19;ND;0.19;NA;NA;NA;
27;1;14.32;29.37;4.5;NA;3.32;6.79;40.84;0.07;4.38;NA;NA;NA;
27;2;8.62;ND;ND;NA;ND;9.57;42.93;0;2.5;NA;NA;NA;
27;3;10.54;0.77;11.04;NA;13.93;10.58;42.43;0.4;5.88;NA;NA;NA;
27;4;4.29;0.09;9.76;NA;10.36;5.7;18.29;0.01;4.68;NA;NA;NA;
27;5;0.3;0.69;3.32;NA;9.06;6.58;12.28;0.02;1.45;NA;NA;NA;
27;6;2.83;2.98;4.49;NA;3.52;6.01;19.57;2.07;3.58;NA;NA;NA;
27;7;10.38;13.57;14.66;NA;15.08;26.29;40.63;5.74;11.04;NA;NA;NA;
27;8;28.17;28.21;29.04;NA;38.44;43.28;44.57;17.91;29.18;NA;NA;NA;
27;9;48.23;49.73;27.92;NA;41.42;43.95;48.66;43.63;13.73;NA;NA;NA;
27;10;61.84;55.43;46.42;NA;41.41;48.92;45.05;65.77;20.45;NA;NA;NA;
27;11;71.49;61.41;58.34;NA;ND;64.04;60.78;66.77;43.97;NA;NA;NA;
27;12;63.69;60.47;59.33;NA;ND;60.95;52.66;77.35;58.21;NA;NA;NA;
27;13;45.79;52.79;30;NA;27.87;42.59;43.12;61.4;38.6;NA;NA;NA;
27;14;28.94;42.78;6.5;NA;26.81;9.98;31.76;36.15;23.06;NA;NA;NA;
27;15;11.14;38.67;7.11;NA;26.26;12.95;31.43;28.01;17;NA;NA;NA;
27;16;20.22;33.41;4.57;NA;12.56;8.99;27.1;47.42;15.7;NA;NA;NA;
27;17;7.99;25.46;2.43;NA;ND;4.67;24.5;35.89;23.92;NA;NA;NA;
27;18;9.5;38.89;2.5;NA;7.79;7.85;19.53;27.23;35.41;NA;NA;NA;
27;19;20.34;34.86;0.98;NA;12.55;5.12;7.62;30.6;10.64;NA;NA;NA;
27;20;10.28;30.92;2.23;NA;11.52;2.66;19.13;20.62;24.22;NA;NA;NA;
27;21;2.42;7.95;0.46;NA;14.9;2.12;28.2;15.61;36.24;NA;NA;NA;
27;22;4.55;4.57;4.31;NA;11.13;2.74;16.76;11.31;8.66;NA;NA;NA;
27;23;19.37;14.11;12.1;NA;5.55;1.86;22.01;5.83;10.48;NA;NA;NA;
28;0;20.63;22.13;2.57;NA;8.94;3.64;25.53;4.34;8.48;NA;NA;NA;
28;1;21.43;30.03;5.99;NA;3.56;18.25;ND;13.29;ND;NA;NA;NA;
28;2;ND;33.3;4.89;NA;10.6;ND;38.03;7.91;0;NA;NA;NA;
28;3;29.15;26.3;3.63;NA;9.97;3.74;26.72;3.29;0;NA;NA;NA;
28;4;21.38;13.2;2.92;NA;16.26;3.94;16.69;4.87;0;NA;NA;NA;
28;5;11.65;1.32;1.15;NA;4.47;2.52;0.73;0.53;0.21;NA;NA;NA;
28;6;2.84;2.03;1.64;NA;6.56;3.55;14.57;1.7;1.71;NA;NA;NA;
28;7;3.2;5.95;3.68;NA;6.64;6.92;17.9;5.05;3.02;NA;NA;NA;
28;8;5.33;10.83;5.31;NA;11.06;15.66;38.23;9.39;8.35;NA;NA;NA;
28;9;12.27;17.31;8.1;NA;16.62;11.47;36.09;10.54;20.51;NA;NA;NA;
28;10;27.23;30.12;21.2;NA;34.43;18.23;39.2;18.75;16.47;NA;NA;NA;
28;11;51.76;43.64;30.75;NA;38.93;51.38;74.91;32.87;6.62;NA;NA;NA;
28;12;65.38;63.39;32.63;NA;50.1;57.62;91.51;57.17;20.26;NA;NA;NA;
28;13;54.08;58.8;44.77;NA;26.92;52.38;40.22;60.29;46.77;NA;NA;NA;
28;14;44.1;44.59;36.87;NA;27.22;45.08;33.79;56.81;59.06;NA;NA;NA;
28;15;38.09;38.61;27.98;NA;29.96;35;37.04;46.04;67.48;NA;NA;NA;
28;16;37.84;38.29;7.87;NA;32.25;15.92;37.64;41.04;31.96;NA;NA;NA;
28;17;25.36;34.26;4.8;NA;24.44;11.5;28.2;31.55;10.46;NA;NA;NA;
28;18;5.7;28.46;1.69;NA;10.94;7.61;23.36;20.2;6.34;NA;NA;NA;
28;19;1.92;27.57;0.68;NA;1.24;2.94;18.45;15.11;5.6;NA;NA;NA;
28;20;6.21;27.34;1.83;NA;8.46;1.55;11.87;24.04;0.79;NA;NA;NA;
28;21;7.87;15.37;0.12;NA;5.55;1.6;19.31;19.93;0;NA;NA;NA;
28;22;23.53;25.57;7.32;NA;14.19;4.28;26.8;20.77;3.65;NA;NA;NA;
28;23;30.84;37.07;24.45;NA;17.45;26.24;34.59;40.83;20.4;NA;NA;NA;
29;0;42.82;39.97;42.83;NA;41.29;42.61;37.71;ND;45.53;NA;NA;NA;
29;1;42.98;42.39;46.46;NA;45.4;46.1;42.71;32.6;44.15;NA;NA;NA;
29;2;43.63;ND;ND;NA;ND;46.69;47.95;34.04;45.16;NA;NA;NA;
29;3;41.51;42.55;45.79;NA;45.83;46.97;42.58;36.2;41.54;NA;NA;NA;
29;4;33.84;28.74;44.86;NA;39.2;43.64;37.8;25.09;36.73;NA;NA;NA;
29;5;13.57;12.24;26.21;NA;18.91;14.4;24.66;14.3;22.39;NA;NA;NA;
29;6;1.87;9.62;3.68;NA;4.81;5.36;20.71;6.8;11.48;NA;NA;NA;
29;7;6.74;24.44;6.81;NA;6.12;11.89;25.49;17.46;14.47;NA;NA;NA;
29;8;14.67;23.48;7.85;NA;19.76;22.33;46.23;33;28.52;NA;NA;NA;
29;9;28.99;38.42;12.59;NA;21.03;16.67;71.7;41.64;34.51;NA;NA;NA;
29;10;61.4;56.74;31.68;NA;39.9;37.08;79.47;52.96;57.71;NA;NA;NA;
29;11;68.48;63.38;34.42;NA;55.49;55.54;67.54;65.77;63.15;NA;NA;NA;
29;12;65.33;55.39;64.18;NA;74.99;73.75;88.78;72.77;73.76;NA;NA;NA;
29;13;62.29;56.48;65.09;NA;71.23;75.74;82.71;69.08;73.66;NA;NA;NA;
29;14;54.98;56.93;46.5;NA;61.26;57.89;68.08;62.79;63.35;NA;NA;NA;
29;15;42.6;47.66;43.14;NA;50.44;50.74;55.99;59.94;48.83;NA;NA;NA;
29;16;34.8;37.71;27.6;NA;27.32;27.62;41.74;41.43;43.25;NA;NA;NA;
29;17;28.26;30.9;7.13;NA;15.16;7.03;23.88;17.14;19.54;NA;NA;NA;
29;18;20.87;20.03;0.98;NA;12.42;2.47;32.2;12.17;11.33;NA;NA;NA;
29;19;10.63;18.33;3.47;NA;9.19;2.47;35.83;12.76;10.8;NA;NA;NA;
29;20;6.49;14.17;0.12;NA;5.31;5.27;27.95;15.67;11.35;NA;NA;NA;
29;21;5.25;5.52;0.09;NA;6.2;1.9;18.67;19.69;10.89;NA;NA;NA;
29;22;4.96;16.34;0;NA;15.01;1.65;23.8;20.13;9;NA;NA;NA;
29;23;12.38;16.01;0.04;NA;8.22;3.76;25.26;24.33;6.44;NA;NA;NA;
30;0;6.25;15.86;2.77;NA;17.86;9.07;19.85;23.28;6.44;NA;NA;NA;
30;1;6.93;15.43;4.26;NA;17.22;10.66;ND;23.13;ND;NA;NA;NA;
30;2;ND;12.03;9.4;NA;15.1;ND;21.4;19.62;4;NA;NA;NA;
30;3;4;12.16;13.57;NA;24.05;10.79;22.63;14.36;1.7;NA;NA;NA;
30;4;1.18;9.34;6;NA;13.23;5.81;25.25;13.8;0.78;NA;NA;NA;
30;5;0.04;2.21;1.64;NA;12.25;2.5;4.58;2.08;0.34;NA;NA;NA;
30;6;2.23;11.56;5.34;NA;9.94;6.29;10.87;2.22;1.43;NA;NA;NA;
30;7;9.5;20.57;8.89;NA;17.48;10.4;37.92;11.25;7.26;NA;NA;NA;
30;8;32.27;35.8;28.59;NA;28.82;26.23;43.53;21.42;25.99;NA;NA;NA;
30;9;60.19;55.27;47.63;NA;48.62;47.57;49.47;45.71;46.85;NA;NA;NA;
30;10;70.6;61.57;68.01;NA;60.46;69.15;56.89;69.34;67.81;NA;NA;NA;
30;11;72.44;65.05;75.07;NA;70.26;75.7;78.24;74.43;89.55;NA;NA;NA;
30;12;65.68;60.96;75.16;NA;70.52;75.62;85.28;75.01;90.69;NA;NA;NA;
30;13;42.06;52.5;58.45;NA;57.33;69.14;65.26;66.14;78.25;NA;NA;NA;
30;14;42.35;53.89;51.93;NA;49.15;57.45;58.2;59.44;67.22;NA;NA;NA;
30;15;40.55;49.21;51.65;NA;25.84;42.84;45.02;52.09;39.55;NA;NA;NA;
30;16;35.19;36.35;32.93;NA;18.06;24.93;34.29;41.09;22.27;NA;NA;NA;
30;17;29.85;28.85;7.3;NA;12.73;13.85;20.12;31.67;16.48;NA;NA;NA;
30;18;20.88;23.06;5.18;NA;10.08;9.42;7.79;27.7;10.69;NA;NA;NA;
30;19;11.07;22.09;1.19;NA;5.72;7.15;2.4;25.7;7.32;NA;NA;NA;
30;20;8.92;21.41;0.69;NA;4.82;5.82;8.29;28.81;16.21;NA;NA;NA;
30;21;7.07;23.42;1.64;NA;4.62;4.34;14.14;29.81;18.47;NA;NA;NA;
30;22;6.38;23.64;0.21;NA;4.83;3.28;14.24;31.86;17.75;NA;NA;NA;
30;23;10.12;25.3;4.94;NA;7.42;8.05;14.66;33.19;23.98;NA;NA;NA;
31;0;18.3;26.44;11.41;NA;12.79;17.43;15.35;ND;29.04;NA;NA;NA;
31;1;17.21;26.72;13.77;NA;18.37;19.9;13.63;37.45;29.55;NA;NA;NA;
31;2;17.7;ND;ND;NA;ND;21.51;18.45;34.23;32.88;NA;NA;NA;
31;3;20.22;26.01;14.65;NA;28.26;19.47;25.47;33.52;29.52;NA;NA;NA;
31;4;10.86;20.49;14.72;NA;20.52;17.91;20.45;29.77;25.75;NA;NA;NA;
31;5;1.03;11.25;11.33;NA;9.79;11.51;17.51;26.93;26.53;NA;NA;NA;
31;6;0.84;3.46;5.8;NA;6.26;6.62;9.15;20.23;22.59;NA;NA;NA;
31;7;10.65;11.48;7.58;NA;11.96;12.3;19.44;24.88;17.78;NA;NA;NA;
31;8;27.33;26.41;15.42;NA;21.95;23.74;28.95;34.3;20.77;NA;NA;NA;
31;9;48.62;42.13;26.49;NA;34.94;38.71;41.1;43.76;35.99;NA;NA;NA;
31;10;49.81;43.19;27.52;NA;39.95;42.86;49.21;48.1;47.39;NA;NA;NA;
31;11;49.89;46.76;49.17;NA;54.38;60.68;70.12;65.02;57.97;NA;NA;NA;
31;12;44.22;47.84;49.83;NA;63.4;61.42;80.72;62.77;79.73;NA;NA;NA;
31;13;40.13;44.39;41.8;NA;50.75;57.81;51.77;57.14;64.89;NA;NA;NA;
31;14;38.08;44.05;32.34;NA;32.08;39.35;48.01;52.4;54.08;NA;NA;NA;
31;15;34.21;35.8;15.31;NA;21.61;20.21;36.43;50.14;27.19;NA;NA;NA;
31;16;21.91;33.37;7.98;NA;26.84;23.13;33.5;32;21.6;NA;NA;NA;
31;17;18.86;30.16;4.44;NA;24.32;9.34;15.97;28.21;18.14;NA;NA;NA;
31;18;2.19;26.56;0.54;NA;11.75;4.1;4.15;26.39;14.42;NA;NA;NA;
31;19;15.22;24.64;0.78;NA;9.39;2.83;5.33;29.89;6.13;NA;NA;NA;
31;20;11.37;24.37;0.28;NA;5.83;6.75;5.79;26.69;27.77;NA;NA;NA;
31;21;10.59;23.85;3.54;NA;11.85;3.93;4.3;31.26;28.24;NA;NA;NA;
31;22;14.48;25.66;8.3;NA;4.56;6.12;6.43;30.49;29.31;NA;NA;NA;
31;23;16.08;25.45;14.88;NA;9.48;7.04;17.34;30.33;28.93;NA;NA;NA;
