DIA;HORA;Cotocollao;Carapungo;Belisario;Jipijapa;El Camal;Centro;Guamaní;Tumbaco;Los Chillos;El Condado;Turubamba;Chillogallo;
1;0;1.48;20.96;ND;ND;16.54;10.96;NA;NA;ND;NA;NA;NA;
1;1;10.63;12.02;6.57;ND;8.33;22.68;NA;NA;ND;NA;NA;NA;
1;2;2.92;4.14;2.88;ND;8.05;7.67;NA;NA;ND;NA;NA;NA;
1;3;2.46;5.71;2.24;ND;7.43;1.46;NA;NA;ND;NA;NA;NA;
1;4;5.47;4.29;5.66;ND;9.4;10.63;NA;NA;ND;NA;NA;NA;
1;5;5.54;4.9;2.45;ND;9.22;19.19;NA;NA;ND;NA;NA;NA;
1;6;13.18;6.31;8.26;ND;23.76;7.83;NA;NA;ND;NA;NA;NA;
1;7;8.88;11.89;23.11;ND;53.53;21.22;NA;NA;ND;NA;NA;NA;
1;8;15.18;7.68;29.15;ND;46.91;20.45;NA;NA;ND;NA;NA;NA;
1;9;23.3;15.99;23.9;ND;27.72;20.74;NA;NA;ND;NA;NA;NA;
1;10;13.55;4.95;17.8;ND;14.19;24.19;NA;NA;ND;NA;NA;NA;
1;11;13.15;15.86;14.41;ND;7.33;9.29;NA;NA;ND;NA;NA;NA;
1;12;14.36;10.97;2.22;ND;22.89;ND;NA;NA;ND;NA;NA;NA;
1;13;2.69;11.42;12.93;ND;16.34;8.08;NA;NA;ND;NA;NA;NA;
1;14;3.7;3.63;21.07;ND;6.88;9.93;NA;NA;ND;NA;NA;NA;
1;15;6.92;9.39;23.64;ND;10.84;27.49;NA;NA;ND;NA;NA;NA;
1;16;4.05;7.83;15.01;ND;17.09;ND;NA;NA;ND;NA;NA;NA;
1;17;5.72;8.09;22.04;ND;25.51;ND;NA;NA;ND;NA;NA;NA;
1;18;4.7;5.16;18.22;ND;11.55;ND;NA;NA;ND;NA;NA;NA;
1;19;10.78;7.5;22.4;ND;15.97;ND;NA;NA;ND;NA;NA;NA;
1;20;15.11;6.96;11.45;ND;9.39;ND;NA;NA;ND;NA;NA;NA;
1;21;4.92;6.46;11.33;ND;12.37;ND;NA;NA;ND;NA;NA;NA;
1;22;6.34;11.01;3.94;ND;21.56;ND;NA;NA;ND;NA;NA;NA;
1;23;7.55;8.98;6.77;ND;13.51;ND;NA;NA;ND;NA;NA;NA;
2;0;21.49;16.76;ND;ND;21.99;ND;NA;NA;ND;NA;NA;NA;
2;1;8.91;5.21;6.55;ND;8.54;ND;NA;NA;ND;NA;NA;NA;
2;2;7.91;3.71;5.67;ND;8.13;ND;NA;NA;ND;NA;NA;NA;
2;3;8.78;7.79;3.59;ND;5.26;ND;NA;NA;ND;NA;NA;NA;
2;4;9.21;4.79;6.56;ND;9.47;ND;NA;NA;ND;NA;NA;NA;
2;5;8.52;8.73;2.32;ND;7.56;ND;NA;NA;ND;NA;NA;NA;
2;6;4.91;11.21;7.04;ND;18.48;ND;NA;NA;ND;NA;NA;NA;
2;7;14.83;14.94;12.26;ND;33.42;ND;NA;NA;ND;NA;NA;NA;
2;8;15.22;11.4;15.56;ND;6.57;ND;NA;NA;ND;NA;NA;NA;
2;9;13.01;8.34;7.73;ND;10.17;ND;NA;NA;ND;NA;NA;NA;
2;10;13.24;11.89;9.46;ND;15.16;ND;NA;NA;ND;NA;NA;NA;
2;11;6.37;12.5;14.08;ND;8.43;ND;NA;NA;ND;NA;NA;NA;
2;12;2.24;5.29;1.47;ND;23.49;ND;NA;NA;ND;NA;NA;NA;
2;13;6.23;6.97;0.69;ND;10.95;ND;NA;NA;ND;NA;NA;NA;
2;14;1.19;2.63;3.87;ND;5.57;ND;NA;NA;ND;NA;NA;NA;
2;15;0.18;5.35;3.85;ND;7.03;ND;NA;NA;ND;NA;NA;NA;
2;16;8.77;8.62;13.78;ND;10.03;ND;NA;NA;ND;NA;NA;NA;
2;17;4.89;8.23;15.59;ND;10.58;ND;NA;NA;ND;NA;NA;NA;
2;18;7.38;13.34;12.93;ND;12.21;ND;NA;NA;ND;NA;NA;NA;
2;19;4.91;3.29;16.6;ND;14.15;ND;NA;NA;ND;NA;NA;NA;
2;20;14.34;5.74;13.16;ND;21.7;ND;NA;NA;ND;NA;NA;NA;
2;21;1.13;6.47;7.92;ND;17.09;ND;NA;NA;ND;NA;NA;NA;
2;22;4.24;5.27;10.63;ND;8.18;ND;NA;NA;ND;NA;NA;NA;
2;23;22.02;6.48;9.34;ND;8.3;ND;NA;NA;ND;NA;NA;NA;
3;0;27.86;12.96;ND;ND;11.89;ND;NA;NA;ND;NA;NA;NA;
3;1;8.19;15.73;15.63;ND;10.99;ND;NA;NA;ND;NA;NA;NA;
3;2;10.22;8.16;9.63;ND;9.73;ND;NA;NA;ND;NA;NA;NA;
3;3;9.76;6.76;13.4;ND;17.92;ND;NA;NA;ND;NA;NA;NA;
3;4;5.93;8.51;9.39;ND;4.04;ND;NA;NA;ND;NA;NA;NA;
3;5;5.94;3.48;11.42;ND;16.3;ND;NA;NA;ND;NA;NA;NA;
3;6;7.59;12;4.8;ND;10.06;ND;NA;NA;ND;NA;NA;NA;
3;7;10.33;5.67;7.04;ND;16.52;ND;NA;NA;ND;NA;NA;NA;
3;8;5.72;7.67;9.95;ND;16.17;ND;NA;NA;ND;NA;NA;NA;
3;9;1.82;3.84;6.84;ND;15.59;ND;NA;NA;ND;NA;NA;NA;
3;10;6.55;0.53;7.71;ND;8.42;ND;NA;NA;ND;NA;NA;NA;
3;11;5.38;11.06;5.07;ND;4.76;ND;NA;NA;ND;NA;NA;NA;
3;12;2.37;6.85;6.14;ND;13.28;ND;NA;NA;ND;NA;NA;NA;
3;13;0.75;1.15;1.35;ND;12.14;ND;NA;NA;ND;NA;NA;NA;
3;14;1.85;7.87;3.24;ND;2.2;ND;NA;NA;ND;NA;NA;NA;
3;15;1.83;9.57;2.04;ND;5.81;ND;NA;NA;ND;NA;NA;NA;
3;16;7.65;4.13;9.1;ND;8.12;ND;NA;NA;ND;NA;NA;NA;
3;17;1.99;10.43;9.89;ND;11.41;ND;NA;NA;ND;NA;NA;NA;
3;18;8.78;10.56;8.55;ND;12.06;ND;NA;NA;ND;NA;NA;NA;
3;19;6.34;4.97;11.9;ND;12.36;ND;NA;NA;ND;NA;NA;NA;
3;20;7.14;5.19;10.66;ND;15.37;ND;NA;NA;ND;NA;NA;NA;
3;21;3.74;9.99;6.79;ND;13.66;ND;NA;NA;ND;NA;NA;NA;
3;22;7.81;4.61;7.09;ND;10.16;ND;NA;NA;ND;NA;NA;NA;
3;23;4;9.17;5.85;ND;7.97;ND;NA;NA;ND;NA;NA;NA;
4;0;11.25;8.88;ND;ND;5.55;ND;NA;NA;ND;NA;NA;NA;
4;1;9.08;6.2;12.85;ND;10.2;ND;NA;NA;ND;NA;NA;NA;
4;2;5.24;3.88;1.33;ND;8.81;ND;NA;NA;ND;NA;NA;NA;
4;3;11.35;7.11;4.77;ND;7.74;ND;NA;NA;ND;NA;NA;NA;
4;4;8.68;6.86;7.44;ND;6.31;ND;NA;NA;ND;NA;NA;NA;
4;5;7.16;5.22;5.18;ND;17.19;ND;NA;NA;ND;NA;NA;NA;
4;6;7.81;5.51;6.84;ND;12.38;ND;NA;NA;ND;NA;NA;NA;
4;7;9.57;2.59;15.6;ND;22.31;ND;NA;NA;ND;NA;NA;NA;
4;8;7.36;5.46;14.21;ND;24.31;ND;NA;NA;ND;NA;NA;NA;
4;9;12.08;0.78;18.35;ND;9.7;ND;NA;NA;ND;NA;NA;NA;
4;10;2.09;2.96;15.88;ND;28.19;ND;NA;NA;ND;NA;NA;NA;
4;11;6.08;2.73;14.92;ND;8.95;ND;NA;NA;ND;NA;NA;NA;
4;12;14.23;9.16;8.6;ND;14.46;ND;NA;NA;ND;NA;NA;NA;
4;13;6.09;16.58;5.4;ND;10.18;ND;NA;NA;ND;NA;NA;NA;
4;14;4.61;5.83;16.07;ND;12.34;ND;NA;NA;ND;NA;NA;NA;
4;15;7.61;5.62;10.41;ND;15.66;ND;NA;NA;ND;NA;NA;NA;
4;16;3.86;11.97;12.79;ND;15.05;ND;NA;NA;ND;NA;NA;NA;
4;17;6.22;11.73;8.48;ND;18.66;ND;NA;NA;ND;NA;NA;NA;
4;18;8.18;8.92;16.02;ND;10.73;ND;NA;NA;ND;NA;NA;NA;
4;19;9.21;9.03;18.63;ND;11.99;ND;NA;NA;ND;NA;NA;NA;
4;20;9.89;6.22;20.38;ND;24.47;ND;NA;NA;ND;NA;NA;NA;
4;21;18.8;6.96;15.65;ND;20.18;ND;NA;NA;ND;NA;NA;NA;
4;22;20.72;5.48;19.48;ND;30.4;ND;NA;NA;ND;NA;NA;NA;
4;23;17.36;10.15;18.53;ND;36.84;ND;NA;NA;ND;NA;NA;NA;
5;0;10.44;16.83;ND;ND;32.84;ND;NA;NA;ND;NA;NA;NA;
5;1;17.29;11.25;23.23;ND;20.86;ND;NA;NA;ND;NA;NA;NA;
5;2;15.45;13.79;16.02;ND;24.68;ND;NA;NA;ND;NA;NA;NA;
5;3;15.69;9.5;18.23;ND;22.98;ND;NA;NA;ND;NA;NA;NA;
5;4;18.23;14.74;18.65;ND;21.45;ND;NA;NA;ND;NA;NA;NA;
5;5;17.64;19.47;12.02;ND;19.16;ND;NA;NA;ND;NA;NA;NA;
5;6;19.74;25.04;17.5;ND;36.04;ND;NA;NA;ND;NA;NA;NA;
5;7;17.53;25.16;16.26;ND;40.7;ND;NA;NA;ND;NA;NA;NA;
5;8;9.14;14.27;22.36;ND;30.76;ND;NA;NA;ND;NA;NA;NA;
5;9;17.98;22.22;23.43;ND;23.27;ND;NA;NA;ND;NA;NA;NA;
5;10;21.2;22.6;31.24;ND;32.9;ND;NA;NA;ND;NA;NA;NA;
5;11;21.6;20.77;16.44;ND;29.16;ND;NA;NA;ND;NA;NA;NA;
5;12;9.54;19.16;10.1;ND;13.83;ND;NA;NA;ND;NA;NA;NA;
5;13;22.34;26.93;10.87;ND;8.93;ND;NA;NA;ND;NA;NA;NA;
5;14;25.38;25.37;1.49;ND;9.25;ND;NA;NA;ND;NA;NA;NA;
5;15;11.73;21.83;23.39;ND;16.44;ND;NA;NA;ND;NA;NA;NA;
5;16;8.3;18.27;24.92;ND;17.44;ND;NA;NA;ND;NA;NA;NA;
5;17;13.22;14.32;25.14;ND;24.25;ND;NA;NA;ND;NA;NA;NA;
5;18;14.32;15.77;24.09;ND;33.58;ND;NA;NA;ND;NA;NA;NA;
5;19;3.51;16.8;17.92;ND;28.23;ND;NA;NA;ND;NA;NA;NA;
5;20;23.91;15.18;20.91;ND;21.68;ND;NA;NA;ND;NA;NA;NA;
5;21;12.19;20.51;16.57;ND;29.38;ND;NA;NA;ND;NA;NA;NA;
5;22;5.02;22.16;23.52;ND;28.98;ND;NA;NA;ND;NA;NA;NA;
5;23;15.31;12.63;27.19;ND;34.65;ND;NA;NA;ND;NA;NA;NA;
6;0;26.14;22.83;ND;ND;37.49;ND;NA;NA;ND;NA;NA;NA;
6;1;19.65;21.89;33.19;ND;24.94;ND;NA;NA;ND;NA;NA;NA;
6;2;19.29;22.69;22.21;ND;26.08;ND;NA;NA;ND;NA;NA;NA;
6;3;22.35;14.9;15.82;ND;18.74;ND;NA;NA;ND;NA;NA;NA;
6;4;16.46;19.29;15.51;ND;19.56;ND;NA;NA;ND;NA;NA;NA;
6;5;19.21;24.33;19.64;ND;18.95;ND;NA;NA;ND;NA;NA;NA;
6;6;32.47;52.36;21.29;ND;48.78;ND;NA;NA;ND;NA;NA;NA;
6;7;30.3;36.14;34.79;ND;57.37;ND;NA;NA;ND;NA;NA;NA;
6;8;24.32;23.54;59.15;ND;28.83;ND;NA;NA;ND;NA;NA;NA;
6;9;25.72;26.25;46.56;ND;5.05;ND;NA;NA;ND;NA;NA;NA;
6;10;25.2;23.03;27.06;ND;11.33;ND;NA;NA;ND;NA;NA;NA;
6;11;12.18;14.53;3.94;ND;9.23;0.82;NA;NA;ND;NA;NA;NA;
6;12;5.58;21.71;ND;ND;16.96;1.41;NA;NA;ND;NA;NA;NA;
6;13;12.76;15.89;ND;ND;4.26;28.54;NA;NA;ND;NA;NA;NA;
6;14;5.36;11.78;12.74;ND;12.54;28.95;NA;NA;ND;NA;NA;NA;
6;15;14.9;15.89;18.57;ND;17.87;21.41;NA;NA;ND;NA;NA;NA;
6;16;5.02;8.32;15.5;ND;11;26.65;NA;NA;ND;NA;NA;NA;
6;17;7.99;10.9;15.37;ND;16.38;44.35;NA;NA;ND;NA;NA;NA;
6;18;8.44;15.19;16.72;ND;20.42;21.23;NA;NA;ND;NA;NA;NA;
6;19;13.33;15.64;23.16;ND;13.66;36.97;NA;NA;ND;NA;NA;NA;
6;20;7.66;7.24;18.84;ND;19.54;26.82;NA;NA;ND;NA;NA;NA;
6;21;4.87;9.77;22.33;ND;25.67;23.77;NA;NA;ND;NA;NA;NA;
6;22;12.05;16.69;12.6;ND;22.66;6.41;NA;NA;ND;NA;NA;NA;
6;23;8.07;15.41;18.65;ND;19.35;40.12;NA;NA;ND;NA;NA;NA;
7;0;24.46;10.3;ND;ND;16.34;32.47;NA;NA;ND;NA;NA;NA;
7;1;20.46;10.06;19.48;ND;23.61;11.73;NA;NA;ND;NA;NA;NA;
7;2;13.97;7.34;15.1;ND;10.02;12.35;NA;NA;ND;NA;NA;NA;
7;3;7.07;5.48;20.03;ND;20.98;28.74;NA;NA;ND;NA;NA;NA;
7;4;11.56;6.71;14.08;ND;18.98;0.49;NA;NA;ND;NA;NA;NA;
7;5;11.24;20.69;13.89;ND;28.11;20.34;NA;NA;ND;NA;NA;NA;
7;6;16.83;26.76;23.7;ND;53.73;45.5;NA;NA;ND;NA;NA;NA;
7;7;29.27;46.83;32.77;ND;78.69;74.37;NA;NA;ND;NA;NA;NA;
7;8;32.44;27.88;49.69;ND;40.84;25.81;NA;NA;ND;NA;NA;NA;
7;9;29.03;25.23;28.89;ND;18.43;32.3;NA;NA;ND;NA;NA;NA;
7;10;ND;ND;10.03;ND;6.51;21.72;NA;NA;ND;NA;NA;NA;
7;11;ND;ND;9.52;ND;11.29;14.35;NA;NA;ND;NA;NA;NA;
7;12;ND;ND;1.44;ND;7.58;11.47;NA;NA;ND;NA;NA;NA;
7;13;15.84;21.74;2.36;ND;9.42;1.16;NA;NA;ND;NA;NA;NA;
7;14;9.72;16.38;6.19;ND;15.81;4.03;NA;NA;ND;NA;NA;NA;
7;15;10.44;6.85;6.56;ND;ND;11.32;NA;NA;ND;NA;NA;NA;
7;16;0.91;7.75;18.3;ND;17.29;4.53;NA;NA;ND;NA;NA;NA;
7;17;0.95;6.33;21.03;ND;325.71;23.66;NA;NA;ND;NA;NA;NA;
7;18;4.8;14.38;24.63;ND;0.78;24.53;NA;NA;ND;NA;NA;NA;
7;19;7.45;10.34;30.38;ND;8.95;17.45;NA;NA;ND;NA;NA;NA;
7;20;4.46;6.81;22.43;ND;31.89;25.2;NA;NA;ND;NA;NA;NA;
7;21;13.36;9.61;32.94;ND;24.04;33.28;NA;NA;ND;NA;NA;NA;
7;22;21.38;16.57;24.89;ND;32.74;17.89;NA;NA;ND;NA;NA;NA;
7;23;17.25;19.94;13.8;ND;15.01;22.12;NA;NA;ND;NA;NA;NA;
8;0;19.75;32.46;ND;ND;8.75;17.41;NA;NA;ND;NA;NA;NA;
8;1;19.31;24.88;18.18;ND;14.65;19.59;NA;NA;ND;NA;NA;NA;
8;2;23.34;21.06;25.91;ND;15.24;6.51;NA;NA;ND;NA;NA;NA;
8;3;15.43;13.52;21.17;ND;12.63;15.82;NA;NA;ND;NA;NA;NA;
8;4;21.92;16.82;19.05;ND;14.92;40;NA;NA;ND;NA;NA;NA;
8;5;20.2;19.39;15.5;ND;33.21;59.35;NA;NA;ND;NA;NA;NA;
8;6;39.6;25.87;28.01;ND;35.62;20.14;NA;NA;ND;NA;NA;NA;
8;7;62.68;36.73;52.29;ND;71.51;25.97;NA;NA;ND;NA;NA;NA;
8;8;40.28;30.52;52.91;ND;29.85;48.86;NA;NA;ND;NA;NA;NA;
8;9;30.23;27.68;47.69;ND;13.43;30.86;NA;NA;ND;NA;NA;NA;
8;10;32.15;28.86;27.94;ND;8.62;10.25;NA;NA;ND;NA;NA;NA;
8;11;14.63;24.41;15.47;ND;18.23;2.99;NA;NA;ND;NA;NA;NA;
8;12;5.1;11.51;16.92;ND;9.85;8.2;NA;NA;ND;NA;NA;NA;
8;13;11.4;8.06;8.92;ND;14.61;12.09;NA;NA;ND;NA;NA;NA;
8;14;8.17;15.43;5.21;ND;15.08;5.87;NA;NA;ND;NA;NA;NA;
8;15;10.44;11.03;7.21;ND;16.33;28.26;NA;NA;ND;NA;NA;NA;
8;16;3.53;9.31;13.28;ND;14.01;25.41;NA;NA;ND;NA;NA;NA;
8;17;14.41;8.73;19.02;ND;5.78;26.38;NA;NA;ND;NA;NA;NA;
8;18;3.53;11.42;15.36;ND;17.67;12.69;NA;NA;ND;NA;NA;NA;
8;19;15.76;15.39;21.39;ND;27.59;11.79;NA;NA;ND;NA;NA;NA;
8;20;12.27;14.51;13.92;ND;22.94;12.2;NA;NA;ND;NA;NA;NA;
8;21;20.78;14.25;12.5;ND;21.03;23.2;NA;NA;ND;NA;NA;NA;
8;22;16.91;17.04;10.98;ND;30.3;29.46;NA;NA;ND;NA;NA;NA;
8;23;14.8;26.55;25.72;ND;33.01;37.97;NA;NA;ND;NA;NA;NA;
9;0;18.51;29.61;ND;ND;17.97;37.33;NA;NA;ND;NA;NA;NA;
9;1;9.01;25.54;28.66;ND;22.71;16.91;NA;NA;ND;NA;NA;NA;
9;2;8.8;12.13;22.95;ND;18.03;19.81;NA;NA;ND;NA;NA;NA;
9;3;5.48;10.84;17.94;ND;18.87;12.91;NA;NA;ND;NA;NA;NA;
9;4;20.14;9.71;12.8;ND;19.43;15.49;NA;NA;ND;NA;NA;NA;
9;5;15.82;14.3;23.3;ND;23.96;29.98;NA;NA;ND;NA;NA;NA;
9;6;19.59;18.05;21.98;ND;35.36;14.65;NA;NA;ND;NA;NA;NA;
9;7;25.04;25.66;28.05;ND;54.98;48.88;NA;NA;ND;NA;NA;NA;
9;8;27.79;15.58;35.77;ND;36.75;70.93;NA;NA;ND;NA;NA;NA;
9;9;9.66;20.09;57.5;ND;19.13;43.13;NA;NA;ND;NA;NA;NA;
9;10;8.95;19.76;28.12;ND;24.48;23.41;NA;NA;ND;NA;NA;NA;
9;11;16.87;ND;14.92;ND;26.3;6.22;NA;NA;ND;NA;NA;NA;
9;12;17.14;22.6;2.75;ND;7.46;5.74;NA;NA;ND;NA;NA;NA;
9;13;14.42;29.15;17.21;ND;11.73;17.66;NA;NA;ND;NA;NA;NA;
9;14;7.4;9.17;16.52;ND;16.38;25.39;NA;NA;ND;NA;NA;NA;
9;15;15.38;5.08;6.95;ND;26.06;6.73;NA;NA;ND;NA;NA;NA;
9;16;6.96;0.79;0;ND;7.07;9.05;NA;NA;ND;NA;NA;NA;
9;17;6.95;6.46;0;ND;19.03;40.76;NA;NA;ND;NA;NA;NA;
9;18;8.15;12.8;0;ND;14.82;12.38;NA;NA;ND;NA;NA;NA;
9;19;6.6;6.73;0;ND;15.95;16.98;NA;NA;ND;NA;NA;NA;
9;20;5.11;10.23;1.56;ND;16.65;11.05;NA;NA;ND;NA;NA;NA;
9;21;4.5;16.33;8.29;ND;20.72;8.09;NA;NA;ND;NA;NA;NA;
9;22;2.45;17.24;2.15;ND;18.9;18.58;NA;NA;ND;NA;NA;NA;
9;23;6.9;13.02;0.43;ND;23.62;11.19;NA;NA;ND;NA;NA;NA;
10;0;1.26;24.95;ND;ND;20.92;23.6;NA;NA;ND;NA;NA;NA;
10;1;9.5;14.78;1.62;ND;21.66;20.95;NA;NA;ND;NA;NA;NA;
10;2;13.43;18.66;2.06;ND;23.38;2.36;NA;NA;ND;NA;NA;NA;
10;3;2.27;14.98;7.03;ND;33.1;40.47;NA;NA;ND;NA;NA;NA;
10;4;1.2;14;0.23;ND;16.19;34.1;NA;NA;ND;NA;NA;NA;
10;5;1.81;16.66;4.84;ND;28.26;19.99;NA;NA;ND;NA;NA;NA;
10;6;5.22;18.53;0.93;ND;37.27;21.43;NA;NA;ND;NA;NA;NA;
10;7;8.27;21.67;12.05;ND;38.51;26.49;NA;NA;ND;NA;NA;NA;
10;8;8.75;9.39;10.12;ND;31.91;56.15;NA;NA;ND;NA;NA;NA;
10;9;6.91;14.81;22.97;ND;12.5;1.7;NA;NA;ND;NA;NA;NA;
10;10;15.83;19.04;8.82;ND;15.62;6.64;NA;NA;ND;NA;NA;NA;
10;11;8.57;17.87;1.31;ND;8.65;17.13;NA;NA;ND;NA;NA;NA;
10;12;7.11;10.48;1.14;ND;12.52;2.92;NA;NA;ND;NA;NA;NA;
10;13;13.3;13.17;5.38;ND;11.42;18.74;NA;NA;ND;NA;NA;NA;
10;14;6.59;7.32;10.15;ND;16.87;16.41;NA;NA;ND;NA;NA;NA;
10;15;4.34;8.54;9.07;ND;13.38;7.08;NA;NA;ND;NA;NA;NA;
10;16;8.13;6.83;9.78;ND;10.41;11.06;NA;NA;ND;NA;NA;NA;
10;17;7.94;8.66;19.1;ND;5.61;27.92;NA;NA;ND;NA;NA;NA;
10;18;5.08;6.22;10.87;ND;10.5;0.43;NA;NA;ND;NA;NA;NA;
10;19;4.73;6.94;16.58;ND;10.91;35.9;NA;NA;ND;NA;NA;NA;
10;20;8.83;3.42;13.93;ND;16.36;10.47;NA;NA;ND;NA;NA;NA;
10;21;4.15;1.98;11.2;ND;3.75;12.73;NA;NA;ND;NA;NA;NA;
10;22;4.59;3.26;7.85;ND;19.9;11.56;NA;NA;ND;NA;NA;NA;
10;23;4.58;4.43;5.8;ND;14.06;6.75;NA;NA;ND;NA;NA;NA;
11;0;5.22;3.65;ND;ND;27.64;0;NA;NA;ND;NA;NA;NA;
11;1;9.9;5.63;9.51;ND;14.92;26.77;NA;NA;ND;NA;NA;NA;
11;2;2.07;6.39;10.11;ND;6.33;21.32;NA;NA;ND;NA;NA;NA;
11;3;5.58;5.52;6.07;ND;12.27;14.85;NA;NA;ND;NA;NA;NA;
11;4;7.49;8.13;15.06;ND;7.31;16.79;NA;NA;ND;NA;NA;NA;
11;5;12.35;7.3;8.03;ND;21.4;19.82;NA;NA;ND;NA;NA;NA;
11;6;15.87;10.08;23.41;ND;36.55;50.51;NA;NA;ND;NA;NA;NA;
11;7;14.85;13.27;21.84;ND;77.23;76.53;NA;NA;ND;NA;NA;NA;
11;8;28.92;22.43;38.12;ND;25.58;36.38;NA;NA;ND;NA;NA;NA;
11;9;26.59;13.26;30.48;ND;23.85;16.28;NA;NA;ND;NA;NA;NA;
11;10;19.53;14.07;12.21;ND;3.84;0;NA;NA;ND;NA;NA;NA;
11;11;12.19;19.85;14.34;ND;17.34;6.24;NA;NA;ND;NA;NA;NA;
11;12;13.52;11.89;7.49;ND;14.36;7.37;NA;NA;ND;NA;NA;NA;
11;13;4.98;8.51;14.94;ND;16.21;7.21;NA;NA;ND;NA;NA;NA;
11;14;11.84;11.18;21.1;ND;22.54;27.35;NA;NA;ND;NA;NA;NA;
11;15;21.53;17.97;13.66;ND;20.2;26.63;NA;NA;ND;NA;NA;NA;
11;16;19.22;9.06;13.53;ND;15.93;9.61;NA;NA;ND;NA;NA;NA;
11;17;9.38;10.25;19.75;ND;12.79;20.11;NA;NA;ND;NA;NA;NA;
11;18;2.51;8.76;17.21;ND;15.45;15.44;NA;NA;ND;NA;NA;NA;
11;19;11.36;16.19;25.01;ND;17.47;14.01;NA;NA;ND;NA;NA;NA;
11;20;14.69;7.64;24.22;ND;24.66;28.09;NA;NA;ND;NA;NA;NA;
11;21;12.41;7.05;18.53;ND;27.19;17.49;NA;NA;ND;NA;NA;NA;
11;22;7.01;12.48;17.05;ND;14.14;16.97;NA;NA;ND;NA;NA;NA;
11;23;2.59;3.63;13.79;ND;18.54;14.7;NA;NA;ND;NA;NA;NA;
12;0;15.29;13.59;ND;ND;23.25;24.61;NA;NA;ND;NA;NA;NA;
12;1;12.96;16.96;21.4;ND;28.04;33.81;NA;NA;ND;NA;NA;NA;
12;2;7.72;12.67;20.29;ND;24.85;23.76;NA;NA;ND;NA;NA;NA;
12;3;14.26;5.57;26.1;ND;21.15;26.37;NA;NA;ND;NA;NA;NA;
12;4;3.21;8.14;22.53;ND;23.72;6.85;NA;NA;ND;NA;NA;NA;
12;5;11.93;7.57;19.02;ND;27.5;29.12;NA;NA;ND;NA;NA;NA;
12;6;22.41;18.43;30.87;ND;39.89;48.67;NA;NA;ND;NA;NA;NA;
12;7;15.3;24.75;25.66;ND;58.98;51.57;NA;NA;ND;NA;NA;NA;
12;8;16.53;17.4;39.53;ND;38.62;39.63;NA;NA;ND;NA;NA;NA;
12;9;21.13;18.05;41.72;ND;20.31;33.53;NA;NA;ND;NA;NA;NA;
12;10;18.7;20.4;13.86;ND;20.73;15.78;NA;NA;ND;NA;NA;NA;
12;11;15.61;29.03;8.36;ND;8.1;5.11;NA;NA;ND;NA;NA;NA;
12;12;3.21;7.69;3.28;ND;13.92;26.28;NA;NA;ND;NA;NA;NA;
12;13;14.68;17.75;10.02;ND;9.4;8.06;NA;NA;ND;NA;NA;NA;
12;14;10.27;8.86;14.1;ND;12.17;ND;NA;NA;ND;NA;NA;NA;
12;15;12.13;6.86;18.88;ND;13.77;ND;NA;NA;ND;NA;NA;NA;
12;16;4.41;3.42;9.38;ND;8.44;ND;NA;NA;ND;NA;NA;NA;
12;17;5.89;9.25;15.76;ND;15.93;ND;NA;NA;ND;NA;NA;NA;
12;18;11.07;17.71;23.41;ND;30.87;33.52;NA;NA;ND;NA;NA;NA;
12;19;10.01;12.6;15.98;ND;46.59;7.93;NA;NA;ND;NA;NA;NA;
12;20;9.45;13.99;11.92;ND;27.11;30.48;NA;NA;ND;NA;NA;NA;
12;21;3.88;11.94;16.32;ND;10.19;18.44;NA;NA;ND;NA;NA;NA;
12;22;7.92;10.53;11.85;ND;15.16;40.25;NA;NA;ND;NA;NA;NA;
12;23;10.89;16.84;5.85;ND;11.68;1.1;NA;NA;ND;NA;NA;NA;
13;0;14.92;19.48;ND;ND;12.14;14.16;NA;NA;ND;NA;NA;NA;
13;1;7.84;10.5;11.5;ND;13.61;27;NA;NA;ND;NA;NA;NA;
13;2;14.26;7.83;9.62;ND;13.56;9.02;NA;NA;ND;NA;NA;NA;
13;3;15.92;8.78;5.85;ND;17.15;15.52;NA;NA;ND;NA;NA;NA;
13;4;8.57;4.92;10.27;ND;13.06;14.39;NA;NA;ND;NA;NA;NA;
13;5;13.63;6.39;8.54;ND;15.65;13.48;NA;NA;ND;NA;NA;NA;
13;6;23.87;19.34;23.99;ND;20.62;11.98;NA;NA;ND;NA;NA;NA;
13;7;40.24;23.8;37.24;ND;19.89;37.63;NA;NA;ND;NA;NA;NA;
13;8;30.95;21.55;31.42;ND;7.37;17.02;NA;NA;ND;NA;NA;NA;
13;9;11.64;18.74;32.41;ND;30.76;22.42;NA;NA;ND;NA;NA;NA;
13;10;9.55;16.71;25.04;ND;32.4;40.03;NA;NA;ND;NA;NA;NA;
13;11;7.07;17.13;24.11;ND;18.93;34.36;NA;NA;ND;NA;NA;NA;
13;12;13.8;8.48;12.88;ND;11.69;1.75;NA;NA;ND;NA;NA;NA;
13;13;8;4.13;16.32;ND;13.9;47.36;NA;NA;ND;NA;NA;NA;
13;14;16.94;4.33;5.91;ND;24.68;8.3;NA;NA;ND;NA;NA;NA;
13;15;ND;14.8;11.96;ND;15.8;21.65;NA;NA;ND;NA;NA;NA;
13;16;ND;2.56;15.27;ND;15.29;17.64;NA;NA;ND;NA;NA;NA;
13;17;ND;17.18;14.34;ND;20.24;29.71;NA;NA;ND;NA;NA;NA;
13;18;4.31;8.06;19.9;ND;16.13;23.77;NA;NA;ND;NA;NA;NA;
13;19;7.71;6.19;18.18;ND;23.76;12.18;NA;NA;ND;NA;NA;NA;
13;20;16.14;11.22;23.54;ND;27.25;8.48;NA;NA;ND;NA;NA;NA;
13;21;11.22;15;17.93;ND;29.1;33.77;NA;NA;ND;NA;NA;NA;
13;22;12.02;14.36;11.98;ND;24.43;23.74;NA;NA;ND;NA;NA;NA;
13;23;16.86;13.37;20.28;ND;14.42;24.47;NA;NA;ND;NA;NA;NA;
14;0;16.74;14.44;ND;ND;11.11;8.17;NA;NA;ND;NA;NA;NA;
14;1;13.82;9.96;16.89;ND;17.17;35.46;NA;NA;ND;NA;NA;NA;
14;2;13.95;7.76;13.99;ND;17.43;39.78;NA;NA;ND;NA;NA;NA;
14;3;11.09;2.88;11.56;ND;17.4;32.63;NA;NA;ND;NA;NA;NA;
14;4;7.1;8.15;3.59;ND;19.03;7.4;NA;NA;ND;NA;NA;NA;
14;5;10.91;4.53;11.99;ND;8.47;19.53;NA;NA;ND;NA;NA;NA;
14;6;11.12;10.07;10.51;ND;36.72;9.54;NA;NA;ND;NA;NA;NA;
14;7;13.18;25.45;29.47;ND;65.95;46.53;NA;NA;ND;NA;NA;NA;
14;8;19.4;14.01;34.29;ND;41.21;22.04;NA;NA;ND;NA;NA;NA;
14;9;8.49;13.89;36.26;ND;14.78;3.23;NA;NA;ND;NA;NA;NA;
14;10;18.19;10.77;22.31;ND;22.31;27.26;NA;NA;ND;NA;NA;NA;
14;11;11.02;3.22;21.36;ND;16.33;40.28;NA;NA;ND;NA;NA;NA;
14;12;13.77;10.42;24.63;ND;21.18;15.49;NA;NA;ND;NA;NA;NA;
14;13;2.5;10.1;11.49;ND;7.06;13.11;NA;NA;ND;NA;NA;NA;
14;14;11.78;4.46;14.03;ND;24.1;13.35;NA;NA;ND;NA;NA;NA;
14;15;10.35;9.63;5.81;ND;22.82;20.56;NA;NA;ND;NA;NA;NA;
14;16;6.92;10.29;13.92;ND;18.8;4.82;NA;NA;ND;NA;NA;NA;
14;17;9.67;5.43;15.59;ND;5.69;23.13;NA;NA;ND;NA;NA;NA;
14;18;1.35;10.4;24.88;ND;13.62;36.59;NA;NA;ND;NA;NA;NA;
14;19;10.51;1.87;14.54;ND;2.58;21.7;NA;NA;ND;NA;NA;NA;
14;20;3.74;3.3;30.99;ND;5.7;0;NA;NA;ND;NA;NA;NA;
14;21;17.61;4.44;18.02;ND;23.16;14.01;NA;NA;ND;NA;NA;NA;
14;22;8.21;8.03;11.06;ND;12.66;25.67;NA;NA;ND;NA;NA;NA;
14;23;13.57;9.31;13.54;ND;10.88;3.27;NA;NA;ND;NA;NA;NA;
15;0;9.81;3.04;ND;ND;25.21;21.11;NA;NA;ND;NA;NA;NA;
15;1;12.13;15.74;13.83;ND;13.68;19.63;NA;NA;ND;NA;NA;NA;
15;2;16.76;7.99;17.09;ND;16.77;24.2;NA;NA;ND;NA;NA;NA;
15;3;7.48;6.6;12.38;ND;17.17;13.39;NA;NA;ND;NA;NA;NA;
15;4;5.1;9.99;10.74;ND;18.02;10.35;NA;NA;ND;NA;NA;NA;
15;5;13.24;12.03;13.69;ND;15.99;9.27;NA;NA;ND;NA;NA;NA;
15;6;18.77;24.44;17.52;ND;34.3;16.29;NA;NA;ND;NA;NA;NA;
15;7;24.12;19.29;32.38;ND;22.17;47.12;NA;NA;ND;NA;NA;NA;
15;8;31.04;14.03;43.06;ND;31.01;45.59;NA;NA;ND;NA;NA;NA;
15;9;33.52;20.44;30.7;ND;12.89;18.38;NA;NA;ND;NA;NA;NA;
15;10;19.49;28.07;19.51;ND;21.34;23.2;NA;NA;ND;NA;NA;NA;
15;11;18.23;11.27;20.97;ND;24.82;30.29;NA;NA;ND;NA;NA;NA;
15;12;9.12;3.88;8.37;ND;17.4;7.38;NA;NA;ND;NA;NA;NA;
15;13;2.51;5.43;8.21;ND;13.23;12.29;NA;NA;ND;NA;NA;NA;
15;14;13.19;15.41;14.46;ND;13.49;0;NA;NA;ND;NA;NA;NA;
15;15;6.6;9.93;9.62;ND;22.28;14.45;NA;NA;ND;NA;NA;NA;
15;16;4.39;3.74;15.24;ND;11.08;28.24;NA;NA;ND;NA;NA;NA;
15;17;5.47;8.89;21.19;ND;11.69;6.83;NA;NA;ND;NA;NA;NA;
15;18;5.62;9.7;21.17;ND;7.04;16.94;NA;NA;ND;NA;NA;NA;
15;19;6.41;10.6;21.97;ND;14.4;22.47;NA;NA;ND;NA;NA;NA;
15;20;11.2;4.19;20.17;ND;25.45;23.35;NA;NA;ND;NA;NA;NA;
15;21;6.29;5.88;13.81;ND;16.92;9.7;NA;NA;ND;NA;NA;NA;
15;22;11.38;6.94;12.67;ND;11.24;14.63;NA;NA;ND;NA;NA;NA;
15;23;11.55;8.43;7.85;ND;8.03;5.11;NA;NA;ND;NA;NA;NA;
16;0;ND;14.34;ND;ND;8.09;19.96;NA;NA;ND;NA;NA;NA;
16;1;ND;4.12;8.29;ND;8.38;2;NA;NA;ND;NA;NA;NA;
16;2;ND;6.85;8.71;ND;8.08;5.68;NA;NA;ND;NA;NA;NA;
16;3;ND;2.14;2.5;ND;11.36;10.37;NA;NA;ND;NA;NA;NA;
16;4;ND;1.86;4.04;ND;2.25;6.43;NA;NA;ND;NA;NA;NA;
16;5;ND;5.19;6.88;ND;8.66;3.49;NA;NA;ND;NA;NA;NA;
16;6;ND;4.24;3.57;ND;19.8;7.19;NA;NA;ND;NA;NA;NA;
16;7;ND;7.64;10.82;ND;22.36;8.63;NA;NA;ND;NA;NA;NA;
16;8;ND;8.16;14.18;ND;31.06;12.78;NA;NA;ND;NA;NA;NA;
16;9;ND;15.78;5.77;ND;19.96;20.67;NA;NA;ND;NA;NA;NA;
16;10;ND;4.5;4.36;ND;9.44;3.87;NA;NA;ND;NA;NA;NA;
16;11;ND;10.08;21.99;ND;ND;8.21;NA;NA;ND;NA;NA;NA;
16;12;16.15;16.93;11.16;ND;20.73;12.38;NA;NA;ND;NA;NA;NA;
16;13;4.31;3.18;10.7;ND;15.36;11.65;NA;NA;ND;NA;NA;NA;
16;14;7.58;21.73;20.8;ND;8.69;15.95;NA;NA;ND;NA;NA;NA;
16;15;2.81;4.38;9.85;ND;12.23;36.42;NA;NA;ND;NA;NA;NA;
16;16;4.15;4.26;16.11;ND;3.01;19.05;NA;NA;ND;NA;NA;NA;
16;17;4.94;8.61;24.71;ND;13.75;10.89;NA;NA;ND;NA;NA;NA;
16;18;9.54;10.54;8.1;ND;11.17;37.48;NA;NA;ND;NA;NA;NA;
16;19;6.07;6.19;17.07;ND;15.09;26.77;NA;NA;ND;NA;NA;NA;
16;20;10.18;4.13;15.15;ND;4.01;8.55;NA;NA;ND;NA;NA;NA;
16;21;3.53;6.22;10.81;ND;5.72;12.63;NA;NA;ND;NA;NA;NA;
16;22;5.9;5.39;5.6;ND;8.48;10.71;NA;NA;ND;NA;NA;NA;
16;23;1.14;11.71;5.51;ND;7.4;2.35;NA;NA;ND;NA;NA;NA;
17;0;12.84;9.86;ND;ND;0.14;4.79;NA;NA;ND;NA;NA;NA;
17;1;2.61;3.57;7.47;ND;3.8;1.73;NA;NA;ND;NA;NA;NA;
17;2;7.47;4.48;10.56;ND;10.22;15.85;NA;NA;ND;NA;NA;NA;
17;3;2.12;4.59;2.61;ND;6.87;17.99;NA;NA;ND;NA;NA;NA;
17;4;7.43;5.53;6.56;ND;3.16;0;NA;NA;ND;NA;NA;NA;
17;5;2.43;3.09;5.17;ND;9.64;10.86;NA;NA;ND;NA;NA;NA;
17;6;9.14;7.27;6.66;ND;10.57;40.17;NA;NA;ND;NA;NA;NA;
17;7;6.81;8.45;5.68;ND;16.69;26.84;NA;NA;ND;NA;NA;NA;
17;8;11.45;6.58;10.19;ND;9.39;10.63;NA;NA;ND;NA;NA;NA;
17;9;9.07;4.06;3.97;ND;4.72;13.56;NA;NA;ND;NA;NA;NA;
17;10;4.77;6.19;10.38;ND;7.93;22.37;NA;NA;ND;NA;NA;NA;
17;11;10.77;10.68;9.54;ND;32.51;14.2;NA;NA;ND;NA;NA;NA;
17;12;15.58;17.36;19.46;ND;11.86;23.86;NA;NA;ND;NA;NA;NA;
17;13;1.67;12.97;8.03;ND;15.64;2.81;NA;NA;ND;NA;NA;NA;
17;14;3.11;3.05;20.38;ND;13.13;22.48;NA;NA;ND;NA;NA;NA;
17;15;5.17;14.6;19.62;ND;20.93;16.63;NA;NA;ND;NA;NA;NA;
17;16;7.67;6.95;18.46;ND;20.78;15.27;NA;NA;ND;NA;NA;NA;
17;17;7.78;5.9;14.58;ND;17.28;20.68;NA;NA;ND;NA;NA;NA;
17;18;4.06;11.41;12.28;ND;17.81;20.13;NA;NA;ND;NA;NA;NA;
17;19;6.92;12.24;12.34;ND;27.49;6.32;NA;NA;ND;NA;NA;NA;
17;20;13.26;11.21;9.76;ND;25.72;29.73;NA;NA;ND;NA;NA;NA;
17;21;10.8;11.17;10.38;ND;15.29;16.15;NA;NA;ND;NA;NA;NA;
17;22;8.38;5.85;13.05;ND;13.48;17.01;NA;NA;ND;NA;NA;NA;
17;23;8.82;11.61;9.59;ND;7.89;2.27;NA;NA;ND;NA;NA;NA;
18;0;1.02;17.7;ND;ND;12.08;3.54;NA;NA;ND;NA;NA;NA;
18;1;11.81;9.96;11.92;ND;9.23;19.1;NA;NA;ND;NA;NA;NA;
18;2;8.74;11.05;8.76;ND;7.09;2.95;NA;NA;ND;NA;NA;NA;
18;3;7.12;7.81;7.9;ND;5.97;0.66;NA;NA;ND;NA;NA;NA;
18;4;2.4;4.27;12.24;ND;9.43;17.35;NA;NA;ND;NA;NA;NA;
18;5;12.38;11.14;3.29;ND;4.6;8.97;NA;NA;ND;NA;NA;NA;
18;6;5.36;14.86;14.77;ND;29.92;1;NA;NA;ND;NA;NA;NA;
18;7;21.12;20.17;22.75;ND;54.13;28.9;NA;NA;ND;NA;NA;NA;
18;8;20.7;23.99;29.18;ND;33.59;39.03;NA;NA;ND;NA;NA;NA;
18;9;26.9;19.02;28.16;ND;31.03;44.8;NA;NA;ND;NA;NA;NA;
18;10;18.18;15.85;33.87;ND;24.53;45.81;NA;NA;ND;NA;NA;NA;
18;11;10.53;12.78;31.82;ND;35.77;27.28;NA;NA;ND;NA;NA;NA;
18;12;9.37;12.77;18.78;ND;27.53;23.68;NA;NA;ND;NA;NA;NA;
18;13;1.7;3.72;19.56;ND;28.06;25.91;NA;NA;ND;NA;NA;NA;
18;14;1.55;7.78;23.66;ND;8.48;20.17;NA;NA;ND;NA;NA;NA;
18;15;21.82;40.57;18.29;ND;21.44;4.47;NA;NA;ND;NA;NA;NA;
18;16;17.99;5.59;28.32;ND;17.98;5.17;NA;NA;ND;NA;NA;NA;
18;17;13.95;11.32;25.42;ND;15.96;35.91;NA;NA;ND;NA;NA;NA;
18;18;8.94;9.98;21.51;ND;12.98;29.16;NA;NA;ND;NA;NA;NA;
18;19;4.84;8.7;24.92;ND;12.22;17.27;NA;NA;ND;NA;NA;NA;
18;20;3.06;7.81;13.41;ND;15.12;5.88;NA;NA;ND;NA;NA;NA;
18;21;11.61;7;14.02;ND;11.93;4.04;NA;NA;ND;NA;NA;NA;
18;22;7.19;3.79;10.33;ND;6.17;25.48;NA;NA;ND;NA;NA;NA;
18;23;4.92;1.15;5.35;ND;4.9;7.66;NA;NA;ND;NA;NA;NA;
19;0;0.33;14.6;ND;ND;10.21;1.59;NA;NA;ND;NA;NA;NA;
19;1;5.54;6.98;6.08;ND;10.35;10.25;NA;NA;ND;NA;NA;NA;
19;2;3.62;1.66;2.34;ND;15.55;0.75;NA;NA;ND;NA;NA;NA;
19;3;4.65;6.41;1.86;ND;0.02;0;NA;NA;ND;NA;NA;NA;
19;4;1.93;5.75;5.11;ND;4.82;11.93;NA;NA;ND;NA;NA;NA;
19;5;3.95;8.35;1.12;ND;8.13;11.96;NA;NA;ND;NA;NA;NA;
19;6;11.52;12.38;7.69;ND;33.05;13.45;NA;NA;ND;NA;NA;NA;
19;7;18.71;21.5;21;ND;43.98;20.1;NA;NA;ND;NA;NA;NA;
19;8;25.13;12.38;20.89;ND;31.06;23.95;NA;NA;ND;NA;NA;NA;
19;9;31.35;13.61;29.05;ND;24.77;42.37;NA;NA;ND;NA;NA;NA;
19;10;18.78;7.26;16.92;ND;19.85;31.53;NA;NA;ND;NA;NA;NA;
19;11;16.54;14.58;23.22;ND;24.71;14.78;NA;NA;ND;NA;NA;NA;
19;12;3.76;9.62;14.68;ND;14.82;22.75;NA;NA;ND;NA;NA;NA;
19;13;6.55;10.12;23.8;ND;26.47;29.17;NA;NA;ND;NA;NA;NA;
19;14;6.48;8.83;15.74;ND;ND;9.65;NA;NA;ND;NA;NA;NA;
19;15;0.21;6.37;17.5;ND;ND;19.39;NA;NA;ND;NA;NA;NA;
19;16;6.85;1.41;14.86;ND;ND;19.2;NA;NA;ND;NA;NA;NA;
19;17;0.38;8.01;19.26;ND;9.07;19.25;NA;NA;ND;NA;NA;NA;
19;18;9.41;10.02;18.88;ND;21.23;1.68;NA;NA;ND;NA;NA;NA;
19;19;6.21;13.86;22.45;ND;10.49;26.85;NA;NA;ND;NA;NA;NA;
19;20;11.62;14.05;20.82;ND;23.2;5.75;NA;NA;ND;NA;NA;NA;
19;21;0.66;4.76;15.38;ND;12.2;30.3;NA;NA;ND;NA;NA;NA;
19;22;9.15;4.66;5.3;ND;10.52;10.07;NA;NA;ND;NA;NA;NA;
19;23;11.34;2.75;6.18;ND;1.97;6.25;NA;NA;ND;NA;NA;NA;
20;0;1.64;3.46;ND;ND;3.44;27.03;NA;NA;ND;NA;NA;NA;
20;1;2.56;2.41;3.18;ND;8.72;5.37;NA;NA;ND;NA;NA;NA;
20;2;8.84;6.38;4.01;ND;2.44;4.1;NA;NA;ND;NA;NA;NA;
20;3;3.61;3.31;2.85;ND;0.05;0.14;NA;NA;ND;NA;NA;NA;
20;4;2.45;4.47;2.51;ND;8.52;6.84;NA;NA;ND;NA;NA;NA;
20;5;0.72;3.09;1.65;ND;2.69;4.37;NA;NA;ND;NA;NA;NA;
20;6;8.94;7.49;8.55;ND;12.57;17.91;NA;NA;ND;NA;NA;NA;
20;7;10.92;5.42;14.87;ND;29.63;25.02;NA;NA;ND;NA;NA;NA;
20;8;14.13;8.14;18.34;ND;55.16;22.06;NA;NA;ND;NA;NA;NA;
20;9;11.85;18.14;21.56;ND;47.14;37.63;NA;NA;ND;NA;NA;NA;
20;10;12.63;19.18;32.19;ND;20.74;25.29;NA;NA;ND;NA;NA;NA;
20;11;16.01;24.65;36.41;ND;23.85;19.33;NA;NA;ND;NA;NA;NA;
20;12;16.38;13.64;21.52;ND;27.28;22.88;NA;NA;ND;NA;NA;NA;
20;13;23.35;17.57;3.86;ND;17.63;13.64;NA;NA;ND;NA;NA;NA;
20;14;12.04;8.05;17.07;ND;18.9;34.98;NA;NA;ND;NA;NA;NA;
20;15;8.04;7.3;22.05;ND;8.6;1.23;NA;NA;ND;NA;NA;NA;
20;16;10.92;6.36;20.62;ND;15.8;31.09;NA;NA;ND;NA;NA;NA;
20;17;5.02;8.76;15.37;ND;9.75;27.71;NA;NA;ND;NA;NA;NA;
20;18;5.65;5.41;30.97;ND;10.55;19.3;NA;NA;ND;NA;NA;NA;
20;19;4.09;6.57;22.27;ND;18.13;18.02;NA;NA;ND;NA;NA;NA;
20;20;17.4;5.93;9.6;ND;14.29;18.47;NA;NA;ND;NA;NA;NA;
20;21;14.98;2.25;7.81;ND;21.98;7.2;NA;NA;ND;NA;NA;NA;
20;22;6.13;3.75;3.93;ND;9.91;12.36;NA;NA;ND;NA;NA;NA;
20;23;0.05;4.81;4.61;ND;8.62;27.05;NA;NA;ND;NA;NA;NA;
21;0;23.87;10.86;ND;ND;2.79;0.03;NA;NA;ND;NA;NA;NA;
21;1;3.27;4.38;1.57;ND;4.41;13.18;NA;NA;ND;NA;NA;NA;
21;2;3.08;1.68;4.43;ND;5.87;14.55;NA;NA;ND;NA;NA;NA;
21;3;1.15;2.43;3.07;ND;3.54;11.34;NA;NA;ND;NA;NA;NA;
21;4;8.86;2.92;3.93;ND;6.38;0;NA;NA;ND;NA;NA;NA;
21;5;0;6.06;2.13;ND;2.29;23.41;NA;NA;ND;NA;NA;NA;
21;6;8.54;3.99;6.07;ND;13.97;3.44;NA;NA;ND;NA;NA;NA;
21;7;12.59;6.01;18.46;ND;24.3;15.2;NA;NA;ND;NA;NA;NA;
21;8;20.94;11.56;23.57;ND;52.07;27.07;NA;NA;ND;NA;NA;NA;
21;9;4.66;18.94;25.86;ND;23.74;21.23;NA;NA;ND;NA;NA;NA;
21;10;24.85;12.25;28.38;ND;20.57;37.24;NA;NA;ND;NA;NA;NA;
21;11;7.49;11.24;19.82;ND;22.88;30.42;NA;NA;ND;NA;NA;NA;
21;12;7.28;3.98;17.76;ND;39.45;21.53;NA;NA;ND;NA;NA;NA;
21;13;7.91;7.42;5.66;ND;14.31;15.25;NA;NA;ND;NA;NA;NA;
21;14;8.08;5.63;15.39;ND;3.64;20.89;NA;NA;ND;NA;NA;NA;
21;15;3.65;0.37;13.58;ND;0;25.76;NA;NA;ND;NA;NA;NA;
21;16;6.98;12.58;21.76;ND;11.26;17.98;NA;NA;ND;NA;NA;NA;
21;17;7.06;5.6;16.25;ND;24.55;14.27;NA;NA;ND;NA;NA;NA;
21;18;11.56;2.38;17.74;ND;18.71;20.44;NA;NA;ND;NA;NA;NA;
21;19;17.24;6.57;18.85;ND;36.48;18.86;NA;NA;ND;NA;NA;NA;
21;20;18.85;4.66;10.73;ND;27.4;4.93;NA;NA;ND;NA;NA;NA;
21;21;21.15;4.23;4.76;ND;23.17;30;NA;NA;ND;NA;NA;NA;
21;22;0.59;8.95;6.24;ND;14.76;11.81;NA;NA;ND;NA;NA;NA;
21;23;3.66;0.59;3.9;ND;1.81;15.51;NA;NA;ND;NA;NA;NA;
22;0;8.29;17.89;3.14;ND;17.46;21.67;NA;NA;ND;NA;NA;NA;
22;1;6.27;3.64;6.58;ND;4.98;8.46;NA;NA;ND;NA;NA;NA;
22;2;1.06;4.4;2.06;ND;2.09;0;NA;NA;ND;NA;NA;NA;
22;3;10.8;4.91;2.38;ND;3.56;3.02;NA;NA;ND;NA;NA;NA;
22;4;2.22;1.37;3.14;ND;6.83;15.77;NA;NA;ND;NA;NA;NA;
22;5;13.76;5.35;3.38;ND;13.8;11.42;NA;NA;ND;NA;NA;NA;
22;6;3.44;8.95;8.95;ND;26.84;10.01;NA;NA;ND;NA;NA;NA;
22;7;24.64;15.49;17.89;ND;44.08;11.28;NA;NA;ND;NA;NA;NA;
22;8;14.96;23.12;27.02;ND;43.58;48.2;NA;NA;ND;NA;NA;NA;
22;9;16;28.85;20.19;ND;52.11;7.4;NA;NA;ND;NA;NA;NA;
22;10;20.29;24.55;31.87;ND;41.43;53.48;NA;NA;ND;NA;NA;NA;
22;11;24.53;23.18;29.94;ND;25.64;41.26;NA;NA;ND;NA;NA;NA;
22;12;10.43;8.36;32.61;ND;32.59;42.97;NA;NA;ND;NA;NA;NA;
22;13;12.22;6.32;16.47;ND;23.55;30.7;NA;NA;ND;NA;NA;NA;
22;14;10.79;8.05;12.09;ND;32.94;20.25;NA;NA;ND;NA;NA;NA;
22;15;3.94;14.51;13;ND;21.31;17.33;NA;NA;ND;NA;NA;NA;
22;16;9.02;12.42;23.99;ND;16.51;18.89;NA;NA;ND;NA;NA;NA;
22;17;17.46;10.85;13.46;ND;ND;1.13;NA;NA;ND;NA;NA;NA;
22;18;6.97;7.09;15.96;ND;25.45;22.01;NA;NA;ND;NA;NA;NA;
22;19;7.07;5.72;25.21;ND;26.2;6.33;NA;NA;ND;NA;NA;NA;
22;20;13.02;1.29;18.95;ND;18.77;13.45;NA;NA;ND;NA;NA;NA;
22;21;7.01;9.86;14.36;ND;15.83;30.93;NA;NA;ND;NA;NA;NA;
22;22;8.06;4.16;9.95;ND;15.19;3.35;NA;NA;ND;NA;NA;NA;
22;23;8.13;4.39;10.29;ND;14.95;0;NA;NA;ND;NA;NA;NA;
23;0;14.01;7.29;1.17;ND;13.4;26.13;NA;NA;ND;NA;NA;NA;
23;1;7.25;9.49;12.31;ND;18.39;9.8;NA;NA;ND;NA;NA;NA;
23;2;13.02;5.74;14.13;ND;11.31;17.7;NA;NA;ND;NA;NA;NA;
23;3;8.41;9.82;6.93;ND;10.14;1.95;NA;NA;ND;NA;NA;NA;
23;4;3.41;8.26;8.53;ND;18.05;14.29;NA;NA;ND;NA;NA;NA;
23;5;11.94;10.37;12.36;ND;23.9;21.64;NA;NA;ND;NA;NA;NA;
23;6;13.9;12.8;11.85;ND;34.05;29.2;NA;NA;ND;NA;NA;NA;
23;7;17.1;16.05;20.47;ND;57.36;20.75;NA;NA;ND;NA;NA;NA;
23;8;29.59;25.22;24.9;ND;81.32;39.43;NA;NA;ND;NA;NA;NA;
23;9;19.57;18.12;34.38;ND;48.95;21.8;NA;NA;ND;NA;NA;NA;
23;10;34.59;24.01;36.6;ND;31.45;50.75;NA;NA;ND;NA;NA;NA;
23;11;22.33;19.6;24.44;ND;24.95;26.68;NA;NA;ND;NA;NA;NA;
23;12;10.63;12.96;21.31;ND;27.11;41.08;NA;NA;ND;NA;NA;NA;
23;13;15.74;16.4;16.61;ND;9.6;11.56;NA;NA;ND;NA;NA;NA;
23;14;10.65;4.27;12.99;ND;20.37;19.86;NA;NA;ND;NA;NA;NA;
23;15;0.8;6.38;16.02;ND;20.69;25.88;NA;NA;ND;NA;NA;NA;
23;16;9.32;4.57;19.86;ND;7.12;7.71;NA;NA;ND;NA;NA;NA;
23;17;3.81;11.03;18.99;ND;11.52;35.43;NA;NA;ND;NA;NA;NA;
23;18;7.28;12.92;11.19;ND;14.01;110.38;NA;NA;ND;NA;NA;NA;
23;19;12.54;7.74;11.75;ND;25.6;40.3;NA;NA;ND;NA;NA;NA;
23;20;12.26;11.42;10.33;ND;18.51;27.46;NA;NA;ND;NA;NA;NA;
23;21;17.99;14.15;22.31;ND;19.33;16.55;NA;NA;ND;NA;NA;NA;
23;22;3.44;11.59;20.26;ND;25.68;8.99;NA;NA;ND;NA;NA;NA;
23;23;9.82;7.86;15.48;ND;16.81;27.56;NA;NA;ND;NA;NA;NA;
24;0;15.7;12.16;12.58;ND;15.39;27.13;NA;NA;ND;NA;NA;NA;
24;1;14.52;14.78;21.33;ND;21.16;13.51;NA;NA;ND;NA;NA;NA;
24;2;23.48;18.52;19.71;ND;6.17;33.09;NA;NA;ND;NA;NA;NA;
24;3;10.98;8.63;17.74;ND;24.82;27.25;NA;NA;ND;NA;NA;NA;
24;4;16.52;17.6;12.83;ND;20.44;18.2;NA;NA;ND;NA;NA;NA;
24;5;17.3;5.57;13.07;ND;29.37;0.16;NA;NA;ND;NA;NA;NA;
24;6;21.73;10.63;12.18;ND;23.19;25.28;NA;NA;ND;NA;NA;NA;
24;7;13.42;21.99;21.33;ND;58.65;27.67;NA;NA;ND;NA;NA;NA;
24;8;18.59;33.93;33;ND;63.23;54.02;NA;NA;ND;NA;NA;NA;
24;9;26.48;19.26;35.67;ND;17.82;26.55;NA;NA;ND;NA;NA;NA;
24;10;16.34;17.25;25.69;ND;21.71;13.23;NA;NA;ND;NA;NA;NA;
24;11;9.99;23.22;29.36;ND;18.23;17.79;NA;NA;ND;NA;NA;NA;
24;12;10.72;19.34;10.46;ND;29.39;18.54;NA;NA;ND;NA;NA;NA;
24;13;17.25;12.31;18.92;ND;11.04;35.3;NA;NA;ND;NA;NA;NA;
24;14;14.19;14.81;17.64;ND;11.96;4.89;NA;NA;ND;NA;NA;NA;
24;15;4.12;13.11;10.37;ND;22.26;10.76;NA;NA;ND;NA;NA;NA;
24;16;10.32;2.41;13.74;ND;17.15;21.14;NA;NA;ND;NA;NA;NA;
24;17;5.2;5.97;14.99;ND;9.86;30.84;NA;NA;ND;NA;NA;NA;
24;18;6.66;21.3;17.46;ND;14.69;13.18;NA;NA;ND;NA;NA;NA;
24;19;8.02;6.83;20.88;ND;17.33;27.86;NA;NA;ND;NA;NA;NA;
24;20;7.32;7.74;16.68;ND;22.94;21.99;NA;NA;ND;NA;NA;NA;
24;21;13.1;11.42;17.19;ND;23.91;20.64;NA;NA;ND;NA;NA;NA;
24;22;7.28;10.05;10.97;ND;14.48;11.15;NA;NA;ND;NA;NA;NA;
24;23;10.41;9.92;11.8;ND;12.87;18.68;NA;NA;ND;NA;NA;NA;
25;0;9.07;16.64;14.74;ND;13.22;8.38;NA;NA;ND;NA;NA;NA;
25;1;19.12;12.38;14.41;ND;14.32;3.37;NA;NA;ND;NA;NA;NA;
25;2;10.01;5.81;5.92;ND;8.07;10.26;NA;NA;ND;NA;NA;NA;
25;3;12.92;7.35;2.08;ND;11.16;8.84;NA;NA;ND;NA;NA;NA;
25;4;7.25;5.01;5.75;ND;8.15;7.47;NA;NA;ND;NA;NA;NA;
25;5;6.64;3.05;5.05;ND;12.59;8.71;NA;NA;ND;NA;NA;NA;
25;6;19.26;12.36;16.63;ND;17.48;22.33;NA;NA;ND;NA;NA;NA;
25;7;20.78;16.49;33.8;ND;20.63;14.96;NA;NA;ND;NA;NA;NA;
25;8;20.6;9.17;33.22;ND;4.8;13.33;NA;NA;ND;NA;NA;NA;
25;9;26.86;9.5;22.54;ND;11.32;15.07;NA;NA;ND;NA;NA;NA;
25;10;19.38;14.93;34.41;ND;15.08;8.39;NA;NA;ND;NA;NA;NA;
25;11;8.35;4.94;22.38;ND;26.01;37.25;NA;NA;ND;NA;NA;NA;
25;12;10.21;8.28;20.93;ND;23.55;4.47;NA;NA;ND;NA;NA;NA;
25;13;6.2;8.4;22.04;ND;21.15;7.37;NA;NA;ND;NA;NA;NA;
25;14;5.98;18.72;19.9;ND;10.28;19.23;NA;NA;ND;NA;NA;NA;
25;15;7.27;3.06;17.57;ND;24.54;40.06;NA;NA;ND;NA;NA;NA;
25;16;11.02;10.32;26.49;ND;15.63;31.35;NA;NA;ND;NA;NA;NA;
25;17;12.41;8.55;28.16;ND;19.73;33.25;NA;NA;ND;NA;NA;NA;
25;18;15.62;10.54;20.16;ND;27.21;26.3;NA;NA;ND;NA;NA;NA;
25;19;14.2;10.64;20.49;ND;33.47;9.3;NA;NA;ND;NA;NA;NA;
25;20;12.29;13.07;14.83;ND;27.74;19.32;NA;NA;ND;NA;NA;NA;
25;21;4.61;2.18;15.14;ND;3.15;25.23;NA;NA;ND;NA;NA;NA;
25;22;5.79;4.23;8.92;ND;4.49;1.97;NA;NA;ND;NA;NA;NA;
25;23;6.11;2.41;7.8;ND;21.89;9.38;NA;NA;ND;NA;NA;NA;
26;0;1.83;8.34;ND;ND;12.62;30.31;NA;NA;ND;NA;NA;NA;
26;1;2.78;4.96;7.67;ND;5.88;0.01;NA;NA;ND;NA;NA;NA;
26;2;5.82;3.93;5.98;ND;0.95;7.95;NA;NA;ND;NA;NA;NA;
26;3;5.64;1.91;6.25;ND;7.4;10.22;NA;NA;ND;NA;NA;NA;
26;4;7.65;1.91;2.63;ND;13.63;3.76;NA;NA;ND;NA;NA;NA;
26;5;3.66;3.74;5.8;ND;15.04;24.87;NA;NA;ND;NA;NA;NA;
26;6;13.85;13.54;5.86;ND;35.05;6.03;NA;NA;ND;NA;NA;NA;
26;7;15;17.95;22.38;ND;39.13;10.48;NA;NA;ND;NA;NA;NA;
26;8;24.65;8.37;17.45;ND;22.79;44.95;NA;NA;ND;NA;NA;NA;
26;9;4.42;18.45;21.7;ND;23.18;32.52;NA;NA;ND;NA;NA;NA;
26;10;32.88;17.97;25.96;ND;17.2;12.2;NA;NA;ND;NA;NA;NA;
26;11;26.28;8.52;22.59;ND;21.45;28.85;NA;NA;ND;NA;NA;NA;
26;12;15.79;5.94;22.37;ND;27.52;34.85;NA;NA;ND;NA;NA;NA;
26;13;6.89;2.37;17.22;ND;22.85;21.09;NA;NA;ND;NA;NA;NA;
26;14;15.66;3.6;12.95;ND;23.97;4;NA;NA;ND;NA;NA;NA;
26;15;ND;7.83;18.42;ND;26.03;19.32;NA;NA;ND;NA;NA;NA;
26;16;2.94;16.46;28.88;ND;13.36;26.73;NA;NA;ND;NA;NA;NA;
26;17;13.2;6.7;28.17;ND;7.6;27.71;NA;NA;ND;NA;NA;NA;
26;18;3.62;14.83;26.13;ND;18.76;27.72;NA;NA;ND;NA;NA;NA;
26;19;6.16;4.09;24.21;ND;20.22;25.14;NA;NA;ND;NA;NA;NA;
26;20;12.18;11.93;21.92;ND;21.85;14.59;NA;NA;ND;NA;NA;NA;
26;21;14.42;2.87;17.05;ND;14.52;7.08;NA;NA;ND;NA;NA;NA;
26;22;6.32;9.47;11.76;ND;7.83;14.78;NA;NA;ND;NA;NA;NA;
26;23;7.4;17.05;4.64;ND;20.83;20.56;NA;NA;ND;NA;NA;NA;
27;0;13.87;8.64;ND;ND;15.6;10.28;NA;NA;ND;NA;NA;NA;
27;1;16.69;11.51;13.36;ND;20.04;21.41;NA;NA;ND;NA;NA;NA;
27;2;13.43;11.81;12.84;ND;17.65;14.33;NA;NA;ND;NA;NA;NA;
27;3;4.09;12.08;11.97;ND;22.1;11.71;NA;NA;ND;NA;NA;NA;
27;4;12.93;12.04;11.47;ND;16.51;7.03;NA;NA;ND;NA;NA;NA;
27;5;16.06;13.43;14.54;ND;25.45;40.84;NA;NA;ND;NA;NA;NA;
27;6;17.3;19.24;25.08;ND;44.41;3.8;NA;NA;ND;NA;NA;NA;
27;7;28.26;19.6;29.36;ND;56.52;36.55;NA;NA;ND;NA;NA;NA;
27;8;28.39;19.88;33.35;ND;38.46;52.08;NA;NA;ND;NA;NA;NA;
27;9;18.8;15.55;37.43;ND;25.94;58.22;NA;NA;ND;NA;NA;NA;
27;10;26.65;21.88;ND;ND;18.53;49.13;NA;NA;ND;NA;NA;NA;
27;11;17.75;15.59;ND;ND;40.09;37.76;NA;NA;ND;NA;NA;NA;
27;12;18.04;11.73;ND;ND;28.23;25.96;NA;NA;ND;NA;NA;NA;
27;13;15.44;15.8;ND;ND;21.79;36.81;NA;NA;ND;NA;NA;NA;
27;14;17.13;16.94;ND;ND;28.36;32.88;NA;NA;ND;NA;NA;NA;
27;15;8.75;13.82;ND;ND;27.78;16.97;NA;NA;ND;NA;NA;NA;
27;16;8.03;9.93;ND;ND;21.56;2.12;NA;NA;ND;NA;NA;NA;
27;17;24.52;26.38;12.05;ND;10.9;25.77;NA;NA;ND;NA;NA;NA;
27;18;10.63;14.96;19.32;ND;41.07;34.29;NA;NA;ND;NA;NA;NA;
27;19;7.69;16.11;24.07;ND;20.08;10.81;NA;NA;ND;NA;NA;NA;
27;20;15.15;19.83;32.69;ND;24.45;13.66;NA;NA;ND;NA;NA;NA;
27;21;7.43;21.82;40.37;ND;39.2;21.78;NA;NA;ND;NA;NA;NA;
27;22;15.97;9.44;20.65;ND;32.5;28.2;NA;NA;ND;NA;NA;NA;
27;23;3.78;15.5;20.4;ND;11.22;9.46;NA;NA;ND;NA;NA;NA;
28;0;5.71;25.83;26.04;ND;18.65;17.18;NA;NA;ND;NA;NA;NA;
28;1;35.77;16.1;ND;ND;9.36;3.13;NA;NA;ND;NA;NA;NA;
28;2;16.94;15.61;0;ND;8.62;21.04;NA;NA;ND;NA;NA;NA;
28;3;9.02;15.56;0;ND;4.28;25.94;NA;NA;ND;NA;NA;NA;
28;4;10.41;21.87;0;ND;12.49;12.52;NA;NA;ND;NA;NA;NA;
28;5;10.38;19.64;18.12;ND;7.35;7.41;NA;NA;ND;NA;NA;NA;
28;6;18.98;27.25;18.77;ND;34.18;29.34;NA;NA;ND;NA;NA;NA;
28;7;24.26;21.09;46.68;ND;50.82;67.84;NA;NA;ND;NA;NA;NA;
28;8;14.98;12.88;49.04;ND;53.02;43.86;NA;NA;ND;NA;NA;NA;
28;9;37.15;17.31;70.88;ND;45.12;43.84;NA;NA;ND;NA;NA;NA;
28;10;37.54;18.26;72.98;ND;42.25;37.94;NA;NA;ND;NA;NA;NA;
28;11;20.43;14.18;44.87;ND;34.35;34.22;NA;NA;ND;NA;NA;NA;
28;12;12.67;14.44;33.93;ND;22.2;20.33;NA;NA;ND;NA;NA;NA;
28;13;1.25;7.79;7.62;ND;21.13;9.59;NA;NA;ND;NA;NA;NA;
28;14;6.47;10.02;12.47;ND;20.04;25.01;NA;NA;ND;NA;NA;NA;
28;15;5.76;15.18;23.76;ND;10.87;29.25;NA;NA;ND;NA;NA;NA;
28;16;25.09;21.96;26.25;ND;18.59;22.3;NA;NA;ND;NA;NA;NA;
28;17;22.55;34.69;11.56;ND;25.66;1.38;NA;NA;ND;NA;NA;NA;
28;18;18.38;28.83;20.57;ND;25.57;36.56;NA;NA;ND;NA;NA;NA;
28;19;19.15;19.4;22.51;ND;16.07;41.88;NA;NA;ND;NA;NA;NA;
28;20;14.21;16.22;23.91;ND;19.7;7.45;NA;NA;ND;NA;NA;NA;
28;21;9.38;19.85;40.46;ND;24.21;ND;NA;NA;ND;NA;NA;NA;
28;22;6.73;22.21;46.83;ND;16.72;66.16;NA;NA;ND;NA;NA;NA;
28;23;19.12;30.93;25;ND;28.92;47.24;NA;NA;ND;NA;NA;NA;
29;0;12.21;33.31;6.01;ND;30.04;38;NA;NA;ND;NA;NA;NA;
29;1;12.59;28.52;25.74;ND;31.96;14.51;NA;NA;ND;NA;NA;NA;
29;2;24.75;26.52;32.56;ND;28.41;30.25;NA;NA;ND;NA;NA;NA;
29;3;24.16;25.72;20.35;ND;30.64;36.48;NA;NA;ND;NA;NA;NA;
29;4;21.07;18.25;25.61;ND;29.85;15.77;NA;NA;ND;NA;NA;NA;
29;5;14.17;28.19;24.66;ND;29.44;30.87;NA;NA;ND;NA;NA;NA;
29;6;28.48;40.4;28.71;ND;65.83;48.1;NA;NA;ND;NA;NA;NA;
29;7;38.39;59.67;48.52;ND;81.3;24.37;NA;NA;ND;NA;NA;NA;
29;8;48.24;40.45;64.2;ND;44.39;66.05;NA;NA;ND;NA;NA;NA;
29;9;37.05;40.11;90.35;ND;44.88;66.23;NA;NA;ND;NA;NA;NA;
29;10;43.21;29.72;61.05;ND;11.7;38.31;NA;NA;ND;NA;NA;NA;
29;11;26.06;29.75;ND;ND;28.25;20.8;NA;NA;ND;NA;NA;NA;
29;12;31.19;25.64;25.91;ND;41.71;14.62;NA;NA;ND;NA;NA;NA;
29;13;25.99;15.57;30.98;ND;11.06;25.78;NA;NA;ND;NA;NA;NA;
29;14;19.6;10.59;37.82;ND;16.06;26.18;NA;NA;ND;NA;NA;NA;
29;15;2.78;16.79;40.8;ND;16.3;30.85;NA;NA;ND;NA;NA;NA;
29;16;0;9.94;6.56;ND;18.71;25.63;NA;NA;ND;NA;NA;NA;
29;17;3.79;6.38;9.63;ND;33.1;32.06;NA;NA;ND;NA;NA;NA;
29;18;8.44;15.85;40.3;ND;29.85;15.66;NA;NA;ND;NA;NA;NA;
29;19;9.1;3.13;35.93;ND;16.51;45.48;NA;NA;ND;NA;NA;NA;
29;20;2.92;9.64;35.13;ND;27.01;11.2;NA;NA;ND;NA;NA;NA;
29;21;2.89;9.21;32.01;ND;30.12;22.02;NA;NA;ND;NA;NA;NA;
29;22;4.06;5.39;8.37;ND;15.57;16.01;NA;NA;ND;NA;NA;NA;
29;23;8.88;6.01;24.82;ND;0.34;14.84;NA;NA;ND;NA;NA;NA;
