DIA;HORA;Cotocollao;Carapungo;Belisario;Jipijapa;El Camal;Centro;Guamaní;Tumbaco;Los Chillos;El Condado;Turubamba;Chillogallo;
1;0;3.96;0.67;4.54;ND;48.44;22.09;ND;2.05;ND;NA;NA;NA;
1;1;3.23;ND;4.08;ND;27.42;ND;ND;0.66;ND;NA;NA;NA;
1;2;2.4;0.14;3.85;ND;22.69;11.83;ND;0.13;ND;NA;NA;NA;
1;3;2.68;0.19;3.65;ND;9.94;9.75;ND;0.07;ND;NA;NA;NA;
1;4;2.76;0.33;3.86;ND;5.95;7.23;ND;0.03;ND;NA;NA;NA;
1;5;2.6;0.32;3.25;ND;5.74;5.42;ND;0.01;ND;NA;NA;NA;
1;6;2.21;0.48;3.71;ND;7.99;4.55;ND;0.05;ND;NA;NA;NA;
1;7;2.48;0.47;4.53;ND;8.99;5.32;ND;0.53;ND;NA;NA;NA;
1;8;3.32;0.41;4.74;ND;8.29;5.3;ND;0.2;ND;NA;NA;NA;
1;9;3.75;0.47;5.69;ND;7.01;5.68;ND;1.2;ND;NA;NA;NA;
1;10;3.25;0.4;6.38;ND;5.32;6.26;ND;3.68;ND;NA;NA;NA;
1;11;2.81;0.47;4.26;ND;3.53;4.64;ND;1.19;ND;NA;NA;NA;
1;12;2.6;0.29;3.69;ND;3.3;3.68;ND;0.59;ND;NA;NA;NA;
1;13;2.56;0.43;2.98;ND;2.55;3.04;ND;0.28;ND;NA;NA;NA;
1;14;2.53;0.52;2.72;ND;2.15;2.94;ND;0.03;ND;NA;NA;NA;
1;15;2.66;0.34;3.69;ND;2.58;3.02;ND;0.2;ND;NA;NA;NA;
1;16;2.12;0.32;2.98;ND;2.86;3.32;ND;0.16;ND;NA;NA;NA;
1;17;2.55;0.29;3.36;ND;3.02;3.72;ND;0.09;ND;NA;NA;NA;
1;18;2.52;0.54;3.83;ND;2.75;4.63;ND;0.04;ND;NA;NA;NA;
1;19;2.91;0.32;5.3;ND;3.16;3.76;ND;0.03;ND;NA;NA;NA;
1;20;3.58;0.32;4.08;ND;2.52;3.49;ND;0.02;ND;NA;NA;NA;
1;21;3.11;0.41;3.44;ND;3.46;3.23;ND;0;ND;NA;NA;NA;
1;22;2.72;0.33;3.58;ND;3.37;3.18;ND;0;ND;NA;NA;NA;
1;23;2.65;0.37;3.35;ND;2.56;3.47;ND;0.03;ND;NA;NA;NA;
2;0;2.2;0.09;3.15;ND;7.94;3.37;ND;0;ND;NA;NA;NA;
2;1;ND;0.17;2.87;ND;ND;3.22;ND;0;ND;NA;NA;NA;
2;2;1.99;0.39;3.22;ND;2.76;3.08;ND;0;ND;NA;NA;NA;
2;3;2.21;0.32;3.44;ND;2.61;3.09;ND;0.02;ND;NA;NA;NA;
2;4;2.4;0.16;4.31;ND;34.49;8.54;ND;0.02;ND;NA;NA;NA;
2;5;4.64;0.3;5.04;ND;62.47;14.75;ND;0;ND;NA;NA;NA;
2;6;5.92;0.64;7.64;ND;31.09;21.61;ND;0.06;ND;NA;NA;NA;
2;7;4.98;0.89;9.61;ND;27.27;18.26;ND;0.04;ND;NA;NA;NA;
2;8;6.25;0.57;12.51;ND;15.32;16.92;ND;0.14;ND;NA;NA;NA;
2;9;5.17;0.58;10.24;ND;10.58;12.54;ND;2.02;ND;NA;NA;NA;
2;10;5.16;0.7;5.68;ND;5.76;6.59;ND;1.31;ND;NA;NA;NA;
2;11;3.61;0.83;3.66;ND;2.93;4.53;ND;0.99;ND;NA;NA;NA;
2;12;3.65;0.62;3.5;ND;ND;3.57;ND;0.61;ND;NA;NA;NA;
2;13;3.85;0.63;4.96;ND;ND;3.36;ND;0.64;ND;NA;NA;NA;
2;14;2.84;0.51;ND;ND;2.1;3.61;ND;0.5;ND;NA;NA;NA;
2;15;2.32;0.5;ND;ND;2.63;4.33;ND;0.29;ND;NA;NA;NA;
2;16;2.22;0.45;ND;ND;3.9;4.01;ND;0.52;ND;NA;NA;NA;
2;17;1.95;0.54;7.51;ND;2.32;4.35;ND;0.52;ND;NA;NA;NA;
2;18;2.08;0.44;9.82;ND;3.81;4.73;ND;0.22;ND;NA;NA;NA;
2;19;2.55;0.38;8.75;ND;5.37;6.09;ND;0.05;ND;NA;NA;NA;
2;20;2.57;0.39;7.09;ND;3.36;5.13;ND;0.01;ND;NA;NA;NA;
2;21;2.83;0.48;5.33;ND;2.75;4.16;ND;0;ND;NA;NA;NA;
2;22;2.32;0.34;5.27;ND;2.21;3.85;ND;0.05;ND;NA;NA;NA;
2;23;2.79;0.56;4.67;ND;2.23;3.62;ND;0;ND;NA;NA;NA;
3;0;4.81;0.47;5.31;ND;2.55;3.81;ND;0.19;ND;NA;NA;NA;
3;1;4.49;ND;6.03;ND;1.54;ND;ND;0;ND;NA;NA;NA;
3;2;2.91;0.29;6.03;ND;1.74;4.45;ND;0;ND;NA;NA;NA;
3;3;3.3;0.24;6.25;ND;2.07;3.83;ND;0;ND;NA;NA;NA;
3;4;3.06;0.21;5.76;ND;3.88;4.06;ND;0;ND;NA;NA;NA;
3;5;2.72;0.42;5.56;ND;2.72;4.07;ND;0;ND;NA;NA;NA;
3;6;4.19;0.55;6.97;ND;4.47;6.28;ND;0.49;ND;NA;NA;NA;
3;7;9.56;1.32;11.43;ND;7.49;12.88;ND;1.54;ND;NA;NA;NA;
3;8;12.14;1.86;14.61;ND;15.37;12.39;ND;0.98;ND;NA;NA;NA;
3;9;6.43;1.23;17.54;ND;8.95;11.76;ND;1.39;ND;NA;NA;NA;
3;10;3.67;0.79;14.3;ND;8.7;ND;ND;ND;ND;NA;NA;NA;
3;11;ND;0.82;10.4;ND;8.66;ND;ND;ND;ND;NA;NA;NA;
3;12;ND;ND;8.94;ND;6.83;7.89;ND;ND;ND;NA;NA;NA;
3;13;3.4;ND;8.85;ND;5.08;6.06;ND;ND;ND;NA;NA;NA;
3;14;1.93;0.68;6.91;ND;3.76;5.57;ND;ND;ND;NA;NA;NA;
3;15;1.93;ND;7.33;ND;4.23;5.67;ND;ND;ND;NA;NA;NA;
3;16;1.36;ND;6.52;ND;4.41;4.23;ND;ND;ND;NA;NA;NA;
3;17;1.5;0.76;5.52;ND;4.23;5.2;ND;ND;ND;NA;NA;NA;
3;18;1.36;0.46;7.63;ND;5.62;6.61;ND;ND;ND;NA;NA;NA;
3;19;2.21;0.73;7.8;ND;5.73;6.43;ND;ND;ND;NA;NA;NA;
3;20;1.62;0.64;4.82;ND;4.33;4.63;ND;ND;ND;NA;NA;NA;
3;21;2.98;0.62;6.41;ND;2.28;3.85;ND;ND;ND;NA;NA;NA;
3;22;1.84;0.54;4.72;ND;2.97;3.64;ND;ND;ND;NA;NA;NA;
3;23;2.31;0.49;3.95;ND;3.7;3.22;ND;ND;ND;NA;NA;NA;
4;0;2.05;0.27;3.75;ND;2.92;3.13;ND;ND;ND;NA;NA;NA;
4;1;ND;0.24;ND;ND;ND;3.44;ND;ND;ND;NA;NA;NA;
4;2;3.77;0.49;5.04;ND;1.98;3.71;ND;ND;ND;NA;NA;NA;
4;3;4.48;0.33;3.56;ND;1.64;3.14;ND;ND;ND;NA;NA;NA;
4;4;2.22;0.51;3.51;ND;2.73;3.4;ND;ND;ND;NA;NA;NA;
4;5;1.6;0.48;3.46;ND;2.2;2.82;ND;ND;ND;NA;NA;NA;
4;6;3.31;0.73;4.72;ND;8.01;4.1;ND;ND;ND;NA;NA;NA;
4;7;3.55;0.94;7.68;ND;8.46;6.39;ND;ND;ND;NA;NA;NA;
4;8;3.93;0.79;12.02;ND;5.27;8.58;ND;ND;ND;NA;NA;NA;
4;9;6.69;1.36;10.99;ND;7.23;8.83;ND;ND;ND;NA;NA;NA;
4;10;5.03;1.79;7.59;ND;4.74;5.13;ND;ND;ND;NA;NA;NA;
4;11;4.25;ND;6.03;ND;6.95;4.09;ND;ND;ND;NA;NA;NA;
4;12;2.77;ND;5.86;ND;11.37;5.17;ND;ND;ND;NA;NA;NA;
4;13;4.51;1.11;6.86;ND;3.75;3.78;ND;ND;ND;NA;NA;NA;
4;14;5.21;0.98;6.14;ND;2.18;3.16;ND;ND;ND;NA;NA;NA;
4;15;2.99;0.63;6.65;ND;11.24;3.27;ND;ND;ND;NA;NA;NA;
4;16;1.89;0.45;6.28;19.86;3.57;3.43;ND;ND;ND;NA;NA;NA;
4;17;1.67;0.81;6.94;5.19;4.5;4.64;ND;ND;ND;NA;NA;NA;
4;18;2.14;0.42;7.52;5.84;5.48;4.87;ND;ND;ND;NA;NA;NA;
4;19;2.24;0.51;10.64;7.34;6.45;8.37;ND;ND;ND;NA;NA;NA;
4;20;3.31;0.74;7.67;11.88;7.15;8.6;ND;ND;ND;NA;NA;NA;
4;21;5.13;0.81;7.21;24.65;7.76;6.3;ND;ND;ND;NA;NA;NA;
4;22;2.74;0.59;8.1;10.01;9.01;4.93;ND;ND;ND;NA;NA;NA;
4;23;4.15;0.59;6.69;32.51;4.25;5.33;ND;ND;ND;NA;NA;NA;
5;0;4.24;0.61;5.8;8.53;2.63;4.62;ND;ND;ND;NA;NA;NA;
5;1;2.51;0.52;6.71;9.79;2.93;ND;ND;ND;ND;NA;NA;NA;
5;2;2;0.57;6.57;14.52;2.77;4.46;ND;ND;ND;NA;NA;NA;
5;3;1.87;0.4;7.26;10.36;3.57;6.12;ND;ND;ND;NA;NA;NA;
5;4;3.09;0.66;6.44;10.18;6.47;6.13;ND;ND;ND;NA;NA;NA;
5;5;6.26;0.64;8.3;15.88;9.09;7.5;ND;ND;ND;NA;NA;NA;
5;6;9.99;1.17;12.11;19.27;8.1;10.9;ND;ND;ND;NA;NA;NA;
5;7;13.58;1.55;14.39;27.1;11.49;15.47;ND;ND;ND;NA;NA;NA;
5;8;15.64;2.27;11.79;19.06;7.4;13.42;ND;ND;ND;NA;NA;NA;
5;9;7.97;1.53;9.08;ND;6.92;9.51;ND;ND;ND;NA;NA;NA;
5;10;5.36;1.39;8.48;ND;11.87;8.64;ND;ND;ND;NA;NA;NA;
5;11;5.86;2.74;ND;ND;4.97;5.69;ND;ND;ND;NA;NA;NA;
5;12;4.51;2.76;ND;ND;4.09;5.97;ND;ND;ND;NA;NA;NA;
5;13;2.33;1.78;5.36;ND;7.08;6.42;ND;ND;ND;NA;NA;NA;
5;14;2.14;1.4;5.18;ND;3.84;5.22;ND;ND;ND;NA;NA;NA;
5;15;3.46;0.96;4.81;ND;2.64;3.84;ND;ND;ND;NA;NA;NA;
5;16;3.06;0.96;4.12;ND;2.02;4.17;ND;ND;ND;NA;NA;NA;
5;17;2;0.64;4.05;ND;2.98;4.91;ND;ND;ND;NA;NA;NA;
5;18;1.74;0.93;4.06;ND;4.24;5.28;ND;ND;ND;NA;NA;NA;
5;19;1.83;1.3;6.35;ND;5.75;7.52;ND;ND;ND;NA;NA;NA;
5;20;1.87;0.99;7.77;ND;6.28;7.17;ND;ND;ND;NA;NA;NA;
5;21;3.47;1.68;6.03;ND;6.6;6.33;ND;ND;ND;NA;NA;NA;
5;22;5.46;2.22;6.53;ND;4.56;6.43;ND;ND;ND;NA;NA;NA;
5;23;8.44;2.16;9.46;ND;9.42;8.34;ND;ND;ND;NA;NA;NA;
6;0;4.17;1.1;8.32;ND;11.07;11.02;ND;ND;ND;NA;NA;NA;
6;1;ND;0.79;ND;ND;ND;10.01;ND;ND;ND;NA;NA;NA;
6;2;3.54;0.78;7.73;ND;7.61;8.5;ND;ND;ND;NA;NA;NA;
6;3;2.36;0.99;6.7;ND;5.74;6.52;ND;ND;ND;NA;NA;NA;
6;4;4.78;1.18;5.2;ND;5.25;5.79;ND;ND;ND;NA;NA;NA;
6;5;4.74;1.23;5.79;ND;5.31;7.8;ND;ND;ND;NA;NA;NA;
6;6;4.23;2.21;6.9;ND;6.53;13.07;ND;ND;ND;NA;NA;NA;
6;7;7.05;3.29;14.57;ND;17.67;19.92;ND;ND;ND;NA;NA;NA;
6;8;12.67;3.94;17.43;ND;29;22.7;ND;ND;ND;NA;NA;NA;
6;9;9.36;3.36;16.93;ND;18.33;19.21;ND;ND;ND;NA;NA;NA;
6;10;7.24;3.34;8.19;ND;6.53;9.04;ND;ND;ND;NA;NA;NA;
6;11;4.82;2.15;8.78;ND;4;8.52;ND;ND;ND;NA;NA;NA;
6;12;2.39;2.02;7.15;ND;9.61;8.52;ND;ND;ND;NA;NA;NA;
6;13;2.67;ND;6.24;ND;5.51;7.18;ND;ND;ND;NA;NA;NA;
6;14;2.87;2.78;6.86;ND;4.76;7.05;ND;ND;ND;NA;NA;NA;
6;15;3.2;2.74;6.41;ND;4.71;6.83;ND;ND;ND;NA;NA;NA;
6;16;3.27;2.37;5.03;ND;3.64;4.89;ND;ND;ND;NA;NA;NA;
6;17;2.77;2.46;7;ND;4.09;6.13;ND;ND;ND;NA;NA;NA;
6;18;2.81;2.51;8.21;ND;4.26;6.05;ND;ND;ND;NA;NA;NA;
6;19;3.63;2.28;6.72;ND;7.58;6.85;ND;ND;ND;NA;NA;NA;
6;20;3.77;2.18;6.02;ND;6.61;5.44;ND;ND;ND;NA;NA;NA;
6;21;4.98;2.18;6;ND;6.08;5.14;ND;ND;ND;NA;NA;NA;
6;22;4.99;2.08;5.02;ND;4.69;4.76;ND;ND;ND;NA;NA;NA;
6;23;2.17;2.59;4.13;ND;2.37;4.16;ND;ND;ND;NA;NA;NA;
7;0;3.1;2.33;6.62;ND;3.64;4.15;ND;ND;ND;NA;NA;NA;
7;1;4.04;2.03;4.47;ND;5.95;ND;ND;ND;ND;NA;NA;NA;
7;2;3.45;2.14;6.55;ND;4.77;7.32;ND;ND;ND;NA;NA;NA;
7;3;2.53;1.86;8.79;ND;5.5;8.08;ND;ND;ND;NA;NA;NA;
7;4;2.92;2.25;8.2;ND;18.48;13.44;ND;ND;ND;NA;NA;NA;
7;5;5.18;2.57;9.12;ND;41.38;16.71;ND;ND;ND;NA;NA;NA;
7;6;5.59;3.61;7.5;ND;43.61;11.85;ND;ND;ND;NA;NA;NA;
7;7;6.35;6.23;15.17;ND;21.22;16.01;ND;ND;ND;NA;NA;NA;
7;8;9.05;8.66;11.33;ND;9.39;10.59;ND;ND;ND;NA;NA;NA;
7;9;9.94;10.81;6.89;ND;5.61;7.45;ND;ND;ND;NA;NA;NA;
7;10;6.69;13.44;6.01;ND;7.93;6.72;ND;ND;ND;NA;NA;NA;
7;11;8.8;8.49;7.15;ND;6.82;6.37;ND;ND;ND;NA;NA;NA;
7;12;5.28;5.25;6.55;ND;5.14;4.63;ND;ND;ND;NA;NA;NA;
7;13;3.44;4.37;4.64;ND;3.81;4.63;ND;ND;ND;NA;NA;NA;
7;14;2.57;3.5;4.37;ND;3;4.71;ND;ND;ND;NA;NA;NA;
7;15;2.16;2.93;4.01;ND;2.54;3.66;ND;ND;ND;NA;NA;NA;
7;16;2.09;2.79;3.59;ND;2.83;3.37;ND;ND;ND;NA;NA;NA;
7;17;2.23;2.53;6.22;ND;2.05;4.71;ND;ND;ND;NA;NA;NA;
7;18;2.54;2.6;4.83;ND;8.54;6.51;ND;ND;ND;NA;NA;NA;
7;19;3.47;2.4;4.55;ND;10.86;6.04;ND;ND;ND;NA;NA;NA;
7;20;3.88;2.22;3.84;ND;7.56;4.69;ND;ND;ND;NA;NA;NA;
7;21;5.06;2.36;2.78;ND;4.98;3.6;ND;ND;ND;NA;NA;NA;
7;22;2.98;2.07;2.79;ND;6.8;5.51;ND;ND;ND;NA;NA;NA;
7;23;3.88;2.15;3.61;ND;5.37;7.22;ND;ND;ND;NA;NA;NA;
8;0;3.14;1.97;3.02;ND;3.31;6.1;ND;ND;ND;NA;NA;NA;
8;1;3.4;2.03;ND;ND;ND;5.15;ND;ND;ND;NA;NA;NA;
8;2;4.23;1.89;2.5;ND;19.47;5.98;ND;ND;ND;NA;NA;NA;
8;3;4.27;2.08;3.91;ND;30.55;6.11;ND;ND;ND;NA;NA;NA;
8;4;4.65;1.88;3.72;ND;27;6.49;ND;ND;ND;NA;NA;NA;
8;5;4.78;2.14;4.93;ND;42.87;9.42;ND;ND;ND;NA;NA;NA;
8;6;6.11;2.27;4.25;ND;57.39;20.33;ND;ND;ND;NA;NA;NA;
8;7;6.52;3.04;6.66;ND;34.22;19.12;ND;ND;ND;NA;NA;NA;
8;8;5.24;4.5;8.61;ND;16.35;13.73;ND;ND;ND;NA;NA;NA;
8;9;5.2;6.34;9.5;ND;9.79;9.84;ND;ND;ND;NA;NA;NA;
8;10;4.33;6.46;18.63;ND;6.84;14.01;ND;ND;ND;NA;NA;NA;
8;11;5.01;5.27;7.82;ND;8.91;9.62;ND;ND;ND;NA;NA;NA;
8;12;4.35;4.25;3.95;ND;4.18;4.57;ND;ND;ND;NA;NA;NA;
8;13;3.24;3.57;2.54;ND;2.73;3.34;ND;ND;ND;NA;NA;NA;
8;14;2.1;3.17;1.77;ND;2.59;2.76;ND;ND;ND;NA;NA;NA;
8;15;1.74;2.95;2.38;ND;2.52;3.23;ND;ND;ND;NA;NA;NA;
8;16;1.87;2.84;2.61;ND;2.25;3.81;ND;ND;ND;NA;NA;NA;
8;17;2.11;2.42;2.77;ND;1.86;4.27;ND;ND;ND;NA;NA;NA;
8;18;2.09;2.7;3.53;ND;2.32;4.75;ND;ND;ND;NA;NA;NA;
8;19;2.54;2.86;3.47;ND;2.46;5.27;ND;ND;ND;NA;NA;NA;
8;20;3.21;2.54;4.59;ND;3.27;ND;ND;ND;ND;NA;NA;NA;
8;21;3.5;2.55;4.32;ND;2.99;ND;ND;ND;ND;NA;NA;NA;
8;22;3.49;2.36;3.24;ND;2.16;ND;ND;ND;ND;NA;NA;NA;
8;23;3.27;2.15;5.75;ND;2.52;ND;ND;ND;ND;NA;NA;NA;
9;0;3.11;1.96;2.73;ND;2.06;3.62;ND;ND;ND;NA;NA;NA;
9;1;1.84;1.93;2.94;ND;1.7;ND;ND;ND;ND;NA;NA;NA;
9;2;1.25;1.76;2.68;ND;4.52;3.63;ND;ND;ND;NA;NA;NA;
9;3;1.44;1.91;3.45;ND;10.55;3.94;ND;ND;ND;NA;NA;NA;
9;4;2.41;2.05;4.86;ND;15.42;9.56;ND;ND;ND;NA;NA;NA;
9;5;4.25;2.46;3.97;ND;15.77;10.45;ND;ND;ND;NA;NA;NA;
9;6;6.28;3.08;5.66;ND;37.46;17.5;ND;ND;ND;NA;NA;NA;
9;7;8.72;5.1;11.66;ND;32.78;25.15;ND;ND;ND;NA;NA;NA;
9;8;13.38;4.7;20.84;ND;36.19;25;ND;ND;ND;NA;NA;NA;
9;9;12.43;6.41;ND;ND;28.34;16.3;ND;ND;ND;NA;NA;NA;
9;10;8.56;ND;19.69;ND;9.17;7.72;ND;ND;ND;NA;NA;NA;
9;11;5.15;3.83;9.29;ND;23.74;11.45;ND;ND;ND;NA;NA;NA;
9;12;3.51;3.93;5.92;ND;9.83;7.1;ND;ND;ND;NA;NA;NA;
9;13;2.52;3.97;4.47;ND;5.48;5.67;ND;ND;ND;NA;NA;NA;
9;14;2.37;3.47;4.14;ND;4.25;5.35;ND;ND;ND;NA;NA;NA;
9;15;2.31;2.75;4.11;ND;3.73;4.87;ND;1.4;ND;NA;NA;NA;
9;16;2.25;2.64;5.54;ND;3.63;4.82;ND;1.02;ND;NA;NA;NA;
9;17;2.2;2.45;8.12;ND;3.4;5.4;ND;1.22;ND;NA;NA;NA;
9;18;2.6;2.21;7.68;ND;3.95;5.84;ND;0.85;ND;NA;NA;NA;
9;19;2.51;2.18;5.19;ND;5.01;5.64;ND;0.89;ND;NA;NA;NA;
9;20;2.99;2.2;5.19;ND;4.83;5.34;ND;0.51;ND;NA;NA;NA;
9;21;2.71;2.09;5.12;ND;2.48;4.96;ND;0.57;ND;NA;NA;NA;
9;22;2.76;2.02;4.88;ND;2.73;4.9;ND;0.64;ND;NA;NA;NA;
9;23;3.88;1.99;3.53;ND;1.91;3.67;ND;0.79;ND;NA;NA;NA;
10;0;6.49;2.41;3.2;ND;2.08;3.65;ND;1.26;ND;NA;NA;NA;
10;1;3.54;2.06;ND;ND;ND;4.16;ND;0.55;ND;NA;NA;NA;
10;2;2.85;1.84;3.31;ND;4.66;5.39;ND;0.35;ND;NA;NA;NA;
10;3;2.76;1.99;5.19;ND;11.9;7.97;ND;0.72;ND;NA;NA;NA;
10;4;6.34;3.2;6.54;ND;39.14;10.94;ND;1.11;ND;NA;NA;NA;
10;5;7.71;3.28;10.09;ND;32.8;10.71;ND;1.22;ND;NA;NA;NA;
10;6;8.76;3.3;15.35;ND;14.29;11.47;ND;4.36;ND;NA;NA;NA;
10;7;9.32;5.55;15.16;ND;29.4;13.98;ND;5.15;ND;NA;NA;NA;
10;8;12.79;7.48;28.13;ND;32.73;30.47;ND;6.71;ND;NA;NA;NA;
10;9;13.74;8.51;23.32;ND;12.29;12.68;ND;7.02;ND;NA;NA;NA;
10;10;10.04;7.45;15.24;ND;14.36;15.7;ND;10.04;ND;NA;NA;NA;
10;11;9.05;7.37;9.37;ND;9.12;9.11;ND;10.18;ND;NA;NA;NA;
10;12;9.25;7.23;7.05;ND;5.76;7.14;ND;5.53;ND;NA;NA;NA;
10;13;9.85;7.35;9.5;ND;6.46;7.79;ND;3.54;ND;NA;NA;NA;
10;14;7.25;5.27;5.93;ND;5.12;6.35;ND;1.69;ND;NA;NA;NA;
10;15;3.41;3.71;3.94;ND;3.92;5.68;ND;2.63;ND;NA;NA;NA;
10;16;2.87;3.41;3.58;ND;3.92;4.79;ND;2.61;ND;NA;NA;NA;
10;17;2.77;3.23;3.34;ND;3.94;4.45;ND;2.06;ND;NA;NA;NA;
10;18;2.42;3.21;5.16;ND;5.26;4.49;ND;1.5;ND;NA;NA;NA;
10;19;4.44;3.39;7.57;ND;6.5;5.32;ND;1.43;ND;NA;NA;NA;
10;20;3.82;2.87;9.55;ND;6.54;7.41;ND;1.28;ND;NA;NA;NA;
10;21;3.79;2.54;8.58;ND;7.23;6.73;ND;0.88;ND;NA;NA;NA;
10;22;4.02;2.39;9.21;ND;6.98;6.43;ND;0.55;ND;NA;NA;NA;
10;23;5.58;2.29;7.71;ND;6.14;6.93;ND;0.94;ND;NA;NA;NA;
11;0;5.09;2.88;3.91;ND;3.67;8.94;ND;1.81;ND;NA;NA;NA;
11;1;7.55;3.16;5.41;ND;7.37;ND;ND;1;ND;NA;NA;NA;
11;2;6.73;3.57;8.26;ND;8.97;13.87;ND;0.9;ND;NA;NA;NA;
11;3;5.1;3.19;9.06;ND;11.09;12.36;ND;1.04;ND;NA;NA;NA;
11;4;8.93;3.89;8.59;ND;21.34;13.02;ND;1.1;ND;NA;NA;NA;
11;5;5.92;6.53;10.16;ND;30.08;14.89;ND;1.95;ND;NA;NA;NA;
11;6;9;6.28;10.26;ND;47.82;29.88;ND;2.56;ND;NA;NA;NA;
11;7;11.85;6.49;22.93;ND;48.3;26.2;ND;4.26;ND;NA;NA;NA;
11;8;25.3;6.82;22.92;ND;17.92;21.32;ND;5.02;ND;NA;NA;NA;
11;9;15.09;10.8;21.43;ND;16.92;16.67;ND;10.8;ND;NA;NA;NA;
11;10;14.94;13.18;ND;ND;15.78;19.51;ND;12.48;ND;NA;NA;NA;
11;11;9.78;11.53;ND;ND;8.63;11.37;ND;31.13;ND;NA;NA;NA;
11;12;9.16;9.34;ND;ND;5.05;7.91;ND;23.42;ND;NA;NA;NA;
11;13;8.44;8.77;9.47;ND;5.56;6.81;ND;12.55;ND;NA;NA;NA;
11;14;7.92;6.87;10.51;ND;7.86;9.58;ND;8.28;ND;NA;NA;NA;
11;15;8.13;5.97;10.69;ND;8.67;8.96;ND;7.53;ND;NA;NA;NA;
11;16;7.99;6.59;ND;ND;7.17;8.98;ND;7.22;ND;NA;NA;NA;
11;17;8.23;5.78;7.97;ND;12.32;8.38;ND;21.17;ND;NA;NA;NA;
11;18;8.7;4.47;17;ND;11.23;10.57;ND;12.56;ND;NA;NA;NA;
11;19;5.48;4.27;18.8;ND;7.57;10.23;ND;9.7;ND;NA;NA;NA;
11;20;5.63;4.6;12.52;ND;12.61;9.57;ND;6.99;ND;NA;NA;NA;
11;21;7.13;10.57;10.2;ND;14.95;12.06;ND;6.78;ND;NA;NA;NA;
11;22;9.58;26;9.77;ND;17.57;12.69;ND;4.98;ND;NA;NA;NA;
11;23;9.88;26.48;9.31;ND;54.91;13.1;ND;3.55;ND;NA;NA;NA;
12;0;8.95;21.84;12.94;ND;46.3;11.75;ND;2.69;ND;NA;NA;NA;
12;1;9.08;17.15;12.95;ND;ND;17.73;ND;2.82;ND;NA;NA;NA;
12;2;5.22;17.47;11.2;ND;86.9;17.74;ND;3.28;ND;NA;NA;NA;
12;3;9.55;9.42;9.67;ND;63.6;28.47;ND;4.65;ND;NA;NA;NA;
12;4;8.44;6.05;10.8;ND;62.25;22.27;ND;6.52;ND;NA;NA;NA;
12;5;7.51;4.76;19.43;ND;37.31;22.78;ND;5.37;ND;NA;NA;NA;
12;6;11.04;4.56;14.52;ND;59.69;33.44;ND;7.5;ND;NA;NA;NA;
12;7;10.37;4.14;31.44;ND;77.27;44.86;ND;14.2;ND;NA;NA;NA;
12;8;10.77;5.78;29.25;ND;41.02;32.66;ND;25.48;ND;NA;NA;NA;
12;9;14.02;12.18;21.77;ND;17.51;18.35;ND;25.61;ND;NA;NA;NA;
12;10;11.02;10.15;16.32;ND;7.81;11.08;ND;13.28;ND;NA;NA;NA;
12;11;9.1;8.19;25.53;ND;10.22;15.77;ND;12.2;ND;NA;NA;NA;
12;12;4.82;5.22;13.47;ND;9.35;10.97;ND;9.83;ND;NA;NA;NA;
12;13;3.54;4.24;7.74;ND;7.16;8.48;ND;3.81;ND;NA;NA;NA;
12;14;3.41;3.89;7.03;ND;6.5;7.19;ND;1.9;ND;NA;NA;NA;
12;15;2.69;3.29;6.18;ND;5.29;6.79;ND;1.88;ND;NA;NA;NA;
12;16;2.49;3.12;6.38;ND;4.33;4.95;ND;1.65;ND;NA;NA;NA;
12;17;2.93;2.85;8.73;ND;6.97;8.33;ND;2.06;ND;NA;NA;NA;
12;18;4.84;2.89;8.19;ND;4.35;6.91;ND;7.77;ND;NA;NA;NA;
12;19;5.11;2.86;8.9;ND;5.16;7.52;ND;7.34;ND;NA;NA;NA;
12;20;4.87;3.95;9.67;ND;21.34;9.86;ND;10.45;ND;NA;NA;NA;
12;21;6.27;3.89;17.75;ND;13.82;13.01;ND;11.84;ND;NA;NA;NA;
12;22;9.16;4.76;22.28;ND;15.25;19.28;ND;2.59;ND;NA;NA;NA;
12;23;6.82;3.21;25.66;ND;18.78;21.49;ND;1.55;ND;NA;NA;NA;
13;0;5.22;2.76;44.47;ND;13.76;19.54;ND;1.07;ND;NA;NA;NA;
13;1;4.26;2.56;ND;ND;14.9;ND;ND;1.2;ND;NA;NA;NA;
13;2;3.91;2.39;8.82;ND;12.58;12.97;ND;1.04;ND;NA;NA;NA;
13;3;3.56;2.21;7.1;ND;9.58;8.56;ND;0.75;ND;NA;NA;NA;
13;4;3.84;2.04;6;ND;5.57;7.12;ND;0.49;ND;NA;NA;NA;
13;5;4.94;2.17;6.94;ND;12.48;10.2;ND;0.54;ND;NA;NA;NA;
13;6;3.6;2.04;7.74;ND;18.18;19.08;ND;0.48;ND;NA;NA;NA;
13;7;4.07;2.49;9.37;ND;19.29;16.99;ND;1.02;ND;NA;NA;NA;
13;8;5.9;2.92;14.36;ND;22.2;17.13;ND;0.91;ND;NA;NA;NA;
13;9;6.14;2.85;10.89;ND;14.42;14.55;ND;6.54;ND;NA;NA;NA;
13;10;6.99;3.18;10.3;ND;12.63;11.94;ND;6.23;ND;NA;NA;NA;
13;11;4.19;2.91;8.25;ND;10.93;9.21;ND;4.94;ND;NA;NA;NA;
13;12;2.79;2.82;5.55;ND;6.15;7.13;ND;2.99;ND;NA;NA;NA;
13;13;1.79;2.55;4.3;ND;3.63;5.99;ND;1.51;ND;NA;NA;NA;
13;14;1.65;2.22;6.22;ND;2.7;5.67;ND;1.99;ND;NA;NA;NA;
13;15;1.76;2.32;6.79;ND;2.77;6.06;ND;3.77;ND;NA;NA;NA;
13;16;3.16;2.48;8.15;ND;2.93;5.69;ND;7.11;ND;NA;NA;NA;
13;17;2.65;6.35;7.74;ND;3.06;5.21;ND;2.25;ND;NA;NA;NA;
13;18;6.86;7.95;6.51;ND;1.96;5.14;ND;1.89;ND;NA;NA;NA;
13;19;4.38;6.06;6.92;ND;2.1;6.57;ND;1.35;ND;NA;NA;NA;
13;20;3.38;5.33;7.15;ND;3.34;6.71;ND;1.39;ND;NA;NA;NA;
13;21;2.42;3.74;5.72;ND;2.4;5.19;ND;2.05;ND;NA;NA;NA;
13;22;1.76;2.98;5.1;ND;ND;4.3;ND;1.9;ND;NA;NA;NA;
13;23;1.88;2.47;4.7;ND;ND;4.13;ND;1.25;ND;NA;NA;NA;
14;0;1.53;2.43;3.83;ND;2.62;3.43;ND;0.85;ND;NA;NA;NA;
14;1;1.82;2.11;3.05;ND;ND;2.89;ND;0.54;ND;NA;NA;NA;
14;2;1.84;2.05;2.7;ND;1.3;2.69;ND;0.53;ND;NA;NA;NA;
14;3;1.77;2;2.64;ND;0.94;2.44;ND;0.55;ND;NA;NA;NA;
14;4;1.48;2;2.59;ND;1.16;2.34;ND;0.43;ND;NA;NA;NA;
14;5;2.9;1.94;2.16;ND;2.46;2.54;ND;0.49;ND;NA;NA;NA;
14;6;2.97;2;2.46;ND;5.81;2.46;ND;0.74;ND;NA;NA;NA;
14;7;2.28;2.05;3.05;ND;8.84;5.26;ND;0.74;ND;NA;NA;NA;
14;8;3.09;2.02;3.73;ND;10.48;7.35;ND;0.52;ND;NA;NA;NA;
14;9;4.6;2.55;5.12;ND;12.87;10.06;ND;0.98;ND;NA;NA;NA;
14;10;5.26;2.4;6.1;ND;9.76;8.75;ND;1.22;ND;NA;NA;NA;
14;11;3.95;2.22;6.5;ND;6.94;7.07;ND;2.44;ND;NA;NA;NA;
14;12;2.37;2.28;4.13;ND;5.3;4.23;ND;1.71;ND;NA;NA;NA;
14;13;1.79;2.41;4.14;ND;4.41;3.58;ND;0.95;ND;NA;NA;NA;
14;14;1.49;2.17;3.88;ND;1.96;3.4;ND;0.69;ND;NA;NA;NA;
14;15;2.58;2.02;3.18;ND;1.7;3.94;ND;1.2;ND;NA;NA;NA;
14;16;1.87;2.2;8.57;ND;1.88;5.07;ND;1.03;ND;NA;NA;NA;
14;17;2.29;2.13;6.2;ND;4.47;6.21;ND;3.26;ND;NA;NA;NA;
14;18;1.87;2.08;5.14;ND;3.86;3.9;ND;1.28;ND;NA;NA;NA;
14;19;1.53;2.03;4.64;ND;4.89;4.1;ND;0.81;ND;NA;NA;NA;
14;20;2.04;1.87;3.75;ND;4.28;3.31;ND;0.71;ND;NA;NA;NA;
14;21;1.96;1.85;4.28;ND;3.18;3.37;ND;0.49;ND;NA;NA;NA;
14;22;2.14;1.81;4.42;ND;2.15;3.03;ND;0.76;ND;NA;NA;NA;
14;23;2.31;2.03;3.68;ND;1.24;2.68;ND;0.87;ND;NA;NA;NA;
15;0;3.37;2.08;2.93;ND;1.03;2.56;ND;0.75;ND;NA;NA;NA;
15;1;2.97;1.93;ND;ND;0.83;ND;ND;0.85;ND;NA;NA;NA;
15;2;3.26;2.17;7.49;ND;2.72;3.19;ND;0.71;ND;NA;NA;NA;
15;3;4.36;2.02;4.38;ND;4.59;9.97;ND;5.51;ND;NA;NA;NA;
15;4;2.68;2.11;3.57;ND;5.33;12.17;ND;7.08;ND;NA;NA;NA;
15;5;2.92;2.07;3.22;ND;4.57;13.2;ND;3.62;ND;NA;NA;NA;
15;6;3.8;2.11;3.65;ND;8.07;12.02;ND;3.8;ND;NA;NA;NA;
15;7;5.27;1.99;7.19;ND;16.94;12.53;ND;5.75;ND;NA;NA;NA;
15;8;4;2.54;10.98;ND;34.26;25.85;ND;4.24;ND;NA;NA;NA;
15;9;3.56;2.85;12.53;ND;15.08;18.73;ND;9.87;ND;NA;NA;NA;
15;10;3.43;2.83;10.7;ND;8.12;12.92;ND;33.98;ND;NA;NA;NA;
15;11;2.66;2.95;8.26;ND;17.18;11.46;ND;13.06;ND;NA;NA;NA;
15;12;2.05;2.53;6.45;ND;8.14;8.7;ND;6.25;ND;NA;NA;NA;
15;13;1.37;2.38;5.74;ND;4.5;6.24;ND;3.68;ND;NA;NA;NA;
15;14;1.54;2.82;5.94;ND;2.15;5.11;ND;2.12;ND;NA;NA;NA;
15;15;1.59;2.53;4.52;ND;1.79;5.07;ND;1.76;ND;NA;NA;NA;
15;16;1.79;2.03;4.41;ND;2.45;4.98;ND;1.96;ND;NA;NA;NA;
15;17;2.56;2.22;4.72;ND;2.03;5.33;ND;2.14;ND;NA;NA;NA;
15;18;2.38;2.2;4.42;ND;1.65;5.6;ND;1.65;ND;NA;NA;NA;
15;19;2.08;2.27;4.03;ND;4.74;7.94;ND;2.27;ND;NA;NA;NA;
15;20;3.16;2.37;6.32;ND;7.87;12.32;ND;2.01;ND;NA;NA;NA;
15;21;2.51;2.73;9.57;ND;2.83;9.67;ND;1.72;ND;NA;NA;NA;
15;22;3.06;3.07;17.71;ND;1.45;6.88;ND;1.94;ND;NA;NA;NA;
15;23;7.62;2.36;16.06;ND;2.08;13.79;ND;1.81;ND;NA;NA;NA;
16;0;4.2;2.08;15.57;ND;2.87;11.21;ND;0.93;ND;NA;NA;NA;
16;1;2.36;1.92;13.01;ND;ND;7.7;ND;0.7;ND;NA;NA;NA;
16;2;1.88;1.93;10.18;ND;3.97;11.54;ND;0.51;ND;NA;NA;NA;
16;3;1.7;1.57;11.07;ND;31.86;8.13;ND;0.88;ND;NA;NA;NA;
16;4;4.33;1.86;7.77;ND;33.2;18.8;ND;5.03;ND;NA;NA;NA;
16;5;3.37;4.07;6.46;ND;4.95;8.05;ND;8.63;ND;NA;NA;NA;
16;6;6.67;6.36;9.36;ND;8.45;7.2;ND;12;ND;NA;NA;NA;
16;7;6.68;4.49;9.94;ND;10.6;6.65;ND;12.83;ND;NA;NA;NA;
16;8;4.86;4.35;8.63;ND;5.93;10.15;ND;8.56;ND;NA;NA;NA;
16;9;5.41;3.6;8.37;ND;11.19;9.26;ND;3.58;ND;NA;NA;NA;
16;10;2.87;3.12;5.62;ND;10.9;8.47;ND;2.24;ND;NA;NA;NA;
16;11;4;2.89;5;ND;6.88;5.95;ND;1.66;ND;NA;NA;NA;
16;12;6.07;3.06;7.46;ND;5.38;7.12;ND;1.6;ND;NA;NA;NA;
16;13;6.63;2.91;6.59;ND;ND;6.58;ND;1.16;ND;NA;NA;NA;
16;14;6.58;2.82;ND;ND;4.01;6.06;ND;1.01;ND;NA;NA;NA;
16;15;2.75;2.78;ND;ND;4.31;6.27;ND;1.06;ND;NA;NA;NA;
16;16;1.67;2.29;4.17;ND;4.8;4.53;ND;1.26;ND;NA;NA;NA;
16;17;1.48;2.13;6.07;ND;4.15;4.19;ND;0.93;ND;NA;NA;NA;
16;18;1.65;2.19;7.38;ND;4.47;3.71;ND;0.73;ND;NA;NA;NA;
16;19;1.95;2.14;5.76;ND;3.11;3.62;ND;0.76;ND;NA;NA;NA;
16;20;2.01;1.96;3.63;ND;2.18;3.38;ND;1.1;ND;NA;NA;NA;
16;21;2.43;2.48;3.08;ND;4.71;2.58;ND;1.07;ND;NA;NA;NA;
16;22;2.66;2.83;2.73;ND;3.24;ND;ND;1.55;ND;NA;NA;NA;
16;23;2.18;2.5;2.78;ND;1.59;ND;ND;2.08;ND;NA;NA;NA;
17;0;3.06;2.37;3.69;ND;2.1;2.59;ND;1.64;ND;NA;NA;NA;
17;1;3.1;2.5;ND;ND;1.02;ND;ND;1.1;ND;NA;NA;NA;
17;2;3.47;2.43;2.23;ND;1.76;2.58;ND;1.03;ND;NA;NA;NA;
17;3;2.28;2.4;2.17;ND;4.57;2.75;ND;4.08;ND;NA;NA;NA;
17;4;2.7;2.13;5.64;ND;19.28;3.36;ND;3.07;ND;NA;NA;NA;
17;5;5.58;2.22;9.48;ND;53.47;6.35;ND;6.73;ND;NA;NA;NA;
17;6;9.8;3.53;13.5;ND;143.6;11.66;ND;7.33;ND;NA;NA;NA;
17;7;15.21;9.23;19.97;ND;53.42;31.94;ND;16.61;ND;NA;NA;NA;
17;8;18.26;22.32;17.47;ND;38.86;21.03;ND;58.79;ND;NA;NA;NA;
17;9;15.33;14.45;13.49;ND;15.95;11.91;ND;29.67;ND;NA;NA;NA;
17;10;7.5;8.23;13.06;ND;15.28;12.76;ND;15.72;ND;NA;NA;NA;
17;11;4.47;4.91;9.32;ND;11.82;9.09;ND;4.58;ND;NA;NA;NA;
17;12;ND;4.01;6.23;ND;7.1;7.01;ND;2.57;ND;NA;NA;NA;
17;13;ND;3.26;4.69;ND;4;5.46;ND;1.68;ND;NA;NA;NA;
17;14;ND;2.97;5.15;ND;2.93;5.26;ND;1.38;ND;NA;NA;NA;
17;15;ND;2.62;3.73;ND;2.66;4.35;ND;1.64;ND;NA;NA;NA;
17;16;ND;2.62;6.61;ND;2.48;4.59;ND;1.64;ND;NA;NA;NA;
17;17;ND;ND;6.65;ND;2.82;4.82;ND;1.35;ND;NA;NA;NA;
17;18;ND;ND;5.23;ND;3.27;5.83;ND;1.13;ND;NA;NA;NA;
17;19;5.01;1;4;ND;4.34;4.9;ND;1.13;ND;NA;NA;NA;
17;20;2.41;0.65;3.75;ND;2.4;4.11;ND;1.17;ND;NA;NA;NA;
17;21;2.27;0.75;4.2;ND;2.54;4.48;ND;2.07;ND;NA;NA;NA;
17;22;3.55;0.3;4.01;ND;3.41;5.46;ND;1.63;ND;NA;NA;NA;
17;23;2.85;0.54;3.07;ND;3.57;3.75;ND;2.48;ND;NA;NA;NA;
18;0;4.65;0.37;3.53;ND;6.45;3.36;ND;1.02;ND;NA;NA;NA;
18;1;2.98;0.11;3.61;ND;ND;3.65;ND;0.75;ND;NA;NA;NA;
18;2;2.93;0.27;3.13;ND;2.32;2.62;ND;0.86;ND;NA;NA;NA;
18;3;3.42;0.93;2.35;ND;2.42;2.13;ND;1.03;ND;NA;NA;NA;
18;4;3.34;0.38;3.03;ND;1.7;2.58;ND;0.98;ND;NA;NA;NA;
18;5;2.18;0.21;4.06;ND;1.76;3.6;ND;1.15;ND;NA;NA;NA;
18;6;2.99;1.16;4.91;ND;3.25;5.24;ND;1.48;ND;NA;NA;NA;
18;7;8.87;3.35;4.41;ND;7.82;7.79;ND;3.32;ND;NA;NA;NA;
18;8;6.62;4.35;4.75;ND;7.1;10.41;ND;3.87;ND;NA;NA;NA;
18;9;8.3;3.8;8.15;ND;7.93;9.18;ND;49.94;ND;NA;NA;NA;
18;10;9.19;1.87;5.62;ND;5.52;4.91;ND;38.31;ND;NA;NA;NA;
18;11;5.91;1.9;7.82;ND;7.54;6.66;ND;12.25;ND;NA;NA;NA;
18;12;3.12;1.08;6.15;ND;6.35;7.29;ND;3.08;ND;NA;NA;NA;
18;13;ND;1.01;4.76;ND;5.73;ND;ND;1.83;ND;NA;NA;NA;
18;14;ND;0.89;4.13;ND;4.35;4.22;ND;1.82;ND;NA;NA;NA;
18;15;1.58;0.67;4.71;ND;3.39;3.9;ND;1.77;ND;NA;NA;NA;
18;16;1.89;0.84;6.27;ND;3.27;4.23;ND;1.76;ND;NA;NA;NA;
18;17;2.29;0.71;6.07;ND;4.24;4.58;ND;1.95;ND;NA;NA;NA;
18;18;3.02;0.64;7.3;ND;6.25;5.11;ND;1.69;ND;NA;NA;NA;
18;19;3;2.35;4.55;ND;5.41;4.2;ND;2.78;ND;NA;NA;NA;
18;20;6.31;2.72;6.16;ND;7.68;6.59;ND;3.39;ND;NA;NA;NA;
18;21;5.7;2.09;5.72;ND;30.12;7.52;ND;5.22;ND;NA;NA;NA;
18;22;4.69;1.48;6.94;ND;35.27;7.38;ND;9.97;ND;NA;NA;NA;
18;23;5.23;1.12;8.63;ND;23.46;10.35;ND;27.34;ND;NA;NA;NA;
19;0;3.08;0.76;7.58;ND;11.49;9.66;ND;4.51;ND;NA;NA;NA;
19;1;3.46;0.68;ND;ND;9.08;ND;ND;3.82;ND;NA;NA;NA;
19;2;6.92;0.62;6.64;ND;9.16;10.78;ND;2.8;ND;NA;NA;NA;
19;3;5.27;1.59;8.18;ND;4.94;8.6;ND;2.85;ND;NA;NA;NA;
19;4;4.92;2.97;8.46;ND;8.83;9.87;ND;2.31;ND;NA;NA;NA;
19;5;4.5;4.03;7.08;ND;6.89;10.66;ND;2.81;ND;NA;NA;NA;
19;6;7.11;7.25;8.37;ND;50.58;19.23;ND;5.1;ND;NA;NA;NA;
19;7;13.03;13.75;15.3;ND;75.03;41.77;ND;9.07;ND;NA;NA;NA;
19;8;14.26;20.28;24.03;ND;44.31;35.03;ND;36.79;ND;NA;NA;NA;
19;9;18.76;10.31;26.29;ND;28.57;25.99;ND;61.23;ND;NA;NA;NA;
19;10;10.15;6.95;21.75;ND;18.18;19.84;ND;36.41;ND;NA;NA;NA;
19;11;9.32;6.47;14.2;ND;13.5;13.39;ND;17.32;ND;NA;NA;NA;
19;12;6.84;5.7;11.08;ND;9.49;12.41;ND;8.23;ND;NA;NA;NA;
19;13;5.57;4.14;9.42;ND;9.38;11.45;ND;6.26;ND;NA;NA;NA;
19;14;6.37;ND;8.11;ND;9.99;10.18;ND;5.29;ND;NA;NA;NA;
19;15;6.39;3.07;7.72;ND;7.79;8.79;ND;4.36;ND;NA;NA;NA;
19;16;5.17;2.06;10.13;ND;9.45;11.19;ND;2.96;ND;NA;NA;NA;
19;17;3.07;1.38;7.73;ND;7.66;8.81;ND;2.34;ND;NA;NA;NA;
19;18;4.54;1.56;8.27;ND;6.71;9.28;ND;2.54;ND;NA;NA;NA;
19;19;3.71;1.31;9.97;ND;8.3;11.34;ND;1.93;ND;NA;NA;NA;
19;20;2.94;2.04;7.11;ND;15.67;7.74;ND;1.71;ND;NA;NA;NA;
19;21;4.87;3.45;5.03;ND;10.99;17.56;ND;2.58;ND;NA;NA;NA;
19;22;8.49;3.87;10.31;ND;19.1;14.38;ND;1.96;ND;NA;NA;NA;
19;23;8.94;19.82;9.55;ND;9.67;12.7;ND;2.21;ND;NA;NA;NA;
20;0;6.76;22.66;7.52;ND;40.97;10.08;ND;1.88;ND;NA;NA;NA;
20;1;ND;12.33;6.12;ND;ND;9.78;ND;2.34;ND;NA;NA;NA;
20;2;8.13;11.43;8.77;ND;13.58;9.23;ND;1.88;ND;NA;NA;NA;
20;3;6.1;10.33;11.25;ND;11.49;12.66;ND;2.41;ND;NA;NA;NA;
20;4;6.65;9.51;10.78;ND;12.37;11.76;ND;2.75;ND;NA;NA;NA;
20;5;10.5;10.36;10.96;ND;13.7;11.75;ND;3.38;ND;NA;NA;NA;
20;6;14.27;8.84;11.16;ND;20.29;17.37;ND;6.18;ND;NA;NA;NA;
20;7;16.28;7.75;13.7;ND;32.47;26.72;ND;10.08;ND;NA;NA;NA;
20;8;25.13;10;17.01;ND;22.67;20.19;ND;13.05;ND;NA;NA;NA;
20;9;14.27;10.99;20.06;ND;12.15;17.23;ND;25.45;ND;NA;NA;NA;
20;10;8.53;8.97;16.75;ND;21.1;19.79;ND;30.78;ND;NA;NA;NA;
20;11;23.86;18.41;23.49;ND;28.67;26.73;ND;16;ND;NA;NA;NA;
20;12;18.18;12.72;20.61;ND;19.34;18.25;ND;20.7;ND;NA;NA;NA;
20;13;7.89;4.03;14.58;ND;11.56;12.83;ND;11.1;ND;NA;NA;NA;
20;14;4.59;2.7;12.22;ND;7.13;12.75;ND;5.1;ND;NA;NA;NA;
20;15;3;1.94;8.34;ND;6.51;10.06;ND;2.65;ND;NA;NA;NA;
20;16;3.08;1.73;7.25;ND;5.12;10.4;ND;1.79;ND;NA;NA;NA;
20;17;2.77;1.89;7.42;ND;4.55;8.2;ND;1.43;ND;NA;NA;NA;
20;18;1.99;1.53;10.15;ND;3.59;6.49;ND;1.33;ND;NA;NA;NA;
20;19;2.99;1.23;8.44;ND;3.85;7.91;ND;1.4;ND;NA;NA;NA;
20;20;3.52;1.58;5.89;ND;6.53;6.35;ND;0.87;ND;NA;NA;NA;
20;21;2.58;0.98;4.16;ND;12.39;5.66;ND;0.8;ND;NA;NA;NA;
20;22;3.2;0.81;3.71;ND;13.99;7.75;ND;1.52;ND;NA;NA;NA;
20;23;3.81;0.84;5.02;ND;12.72;9.97;ND;1.03;ND;NA;NA;NA;
21;0;2.57;0.63;3.79;ND;7.26;6.81;ND;0.68;ND;NA;NA;NA;
21;1;3.04;ND;ND;ND;5.04;5.97;ND;0.65;ND;NA;NA;NA;
21;2;2.11;0.66;4.57;ND;5.02;5.87;ND;0.62;ND;NA;NA;NA;
21;3;2.75;0.51;7.12;ND;4.22;6.16;ND;0.5;ND;NA;NA;NA;
21;4;3.27;0.45;7.01;ND;11.92;7.41;ND;0.45;ND;NA;NA;NA;
21;5;3.78;0.25;5.67;ND;6.39;8.27;ND;0.56;ND;NA;NA;NA;
21;6;5.39;1.07;8;ND;11.23;10.78;ND;2.5;ND;NA;NA;NA;
21;7;5.88;3.11;11.01;ND;25.33;10.28;ND;2.89;ND;NA;NA;NA;
21;8;9.77;5.28;13.24;ND;22.92;12.84;ND;46.36;ND;NA;NA;NA;
21;9;8.45;7.31;9.99;ND;8.88;10.78;ND;36.79;ND;NA;NA;NA;
21;10;4.25;8.31;7.21;ND;4.36;7.24;ND;11.97;ND;NA;NA;NA;
21;11;2.93;4.17;7.01;ND;5.64;11.01;ND;7.34;ND;NA;NA;NA;
21;12;4.07;6.16;3.82;ND;4.37;4.52;ND;2.4;ND;NA;NA;NA;
21;13;2.81;3.36;4.78;ND;2.58;3.96;ND;3.48;ND;NA;NA;NA;
21;14;2.07;1.76;4.81;ND;2.81;4.79;ND;2.73;ND;NA;NA;NA;
21;15;1.48;1.51;4.32;ND;2.99;4.37;ND;2.17;ND;NA;NA;NA;
21;16;1.5;0.88;5.85;ND;3.22;4.2;ND;1.43;ND;NA;NA;NA;
21;17;1.37;1.08;6.54;ND;2.95;4.42;ND;1.29;ND;NA;NA;NA;
21;18;2.02;0.52;4.83;ND;2.58;4.06;ND;1.3;ND;NA;NA;NA;
21;19;3.14;0.62;3.68;ND;3.32;4.47;ND;1.42;ND;NA;NA;NA;
21;20;2.49;0.39;2.97;ND;4.42;4.23;ND;1.06;ND;NA;NA;NA;
21;21;2.21;0.45;3.06;ND;3.35;4.22;ND;1.19;ND;NA;NA;NA;
21;22;2.27;0.3;ND;ND;3.19;4.57;ND;0.73;ND;NA;NA;NA;
21;23;1.91;0.18;ND;ND;3.27;5.16;ND;0.6;ND;NA;NA;NA;
22;0;2.09;0.19;3.5;ND;5.26;6.05;ND;0.6;ND;NA;NA;NA;
22;1;ND;0.13;4.21;ND;ND;5.97;ND;0.53;ND;NA;NA;NA;
22;2;1.37;0.11;3.11;ND;8.96;6.34;ND;0.47;ND;NA;NA;NA;
22;3;1.74;0.05;3.71;ND;6.52;6.06;ND;0.38;ND;NA;NA;NA;
22;4;3.83;0.16;3.68;ND;42.74;7.59;ND;0.64;ND;NA;NA;NA;
22;5;2.06;0.24;4.66;ND;24.48;7.71;ND;0.54;ND;NA;NA;NA;
22;6;4.08;0.43;5.5;ND;14.84;11.2;ND;0.29;ND;NA;NA;NA;
22;7;5.7;0.51;6.57;ND;9.57;8.84;ND;0.7;ND;NA;NA;NA;
22;8;3.38;1.05;9.16;ND;7.61;8.32;ND;0.68;ND;NA;NA;NA;
22;9;3.69;1.51;9.02;ND;7.49;9.11;ND;2.55;ND;NA;NA;NA;
22;10;2.26;1.04;7.9;ND;6.72;8.14;ND;6.54;ND;NA;NA;NA;
22;11;1.65;0.75;4.26;ND;5.28;5.55;ND;4.2;ND;NA;NA;NA;
22;12;1.26;0.83;3.49;ND;3.36;4.55;ND;1.35;ND;NA;NA;NA;
22;13;0.96;0.6;2.35;ND;2.49;3.75;ND;1.15;ND;NA;NA;NA;
22;14;0.49;0.33;1.88;ND;2.04;3.2;ND;1.07;ND;NA;NA;NA;
22;15;0.57;0.29;1.31;ND;1.62;3;ND;0.65;ND;NA;NA;NA;
22;16;0.47;0.09;1.66;ND;1.5;2.86;ND;0.69;ND;NA;NA;NA;
22;17;0.51;0.11;2.18;ND;1.64;2.76;ND;0.69;ND;NA;NA;NA;
22;18;0.7;0.16;2.77;ND;1.6;3.29;ND;0.6;ND;NA;NA;NA;
22;19;0.95;0.31;2.7;ND;1.61;3.05;ND;0.61;ND;NA;NA;NA;
22;20;1.25;0.19;2.69;ND;1.79;3.15;ND;0.59;ND;NA;NA;NA;
22;21;1.69;0.27;2.25;ND;1.76;2.8;ND;0.58;ND;NA;NA;NA;
22;22;1.57;0.08;2.21;ND;1.49;2.67;ND;0.55;ND;NA;NA;NA;
22;23;1.83;0.11;1.58;ND;0.78;2.5;ND;0.41;ND;NA;NA;NA;
23;0;1.87;0.02;1.65;ND;0.84;2.15;ND;0.27;ND;NA;NA;NA;
23;1;1.65;ND;ND;ND;0.74;2.27;ND;0.31;ND;NA;NA;NA;
23;2;0.93;0.04;1.75;ND;1.12;2.11;ND;0.41;ND;NA;NA;NA;
23;3;0.87;0.09;1.31;ND;2.03;1.88;ND;0.25;ND;NA;NA;NA;
23;4;1.86;0;1.16;ND;0.43;1.94;ND;0.3;ND;NA;NA;NA;
23;5;2.28;0.06;1.57;ND;0.68;2.1;ND;0.41;ND;NA;NA;NA;
23;6;4.73;0.12;1.29;ND;0.79;2.09;ND;0.68;ND;NA;NA;NA;
23;7;6.88;0.28;1.53;ND;1.2;2.67;ND;2.39;ND;NA;NA;NA;
23;8;2.45;0.14;2.33;ND;3.11;3.63;ND;3.56;ND;NA;NA;NA;
23;9;2.36;0.1;2.49;ND;2.71;2.92;ND;1.06;ND;NA;NA;NA;
23;10;2.75;0.42;2.28;ND;3.44;2.72;ND;0.9;ND;NA;NA;NA;
23;11;1.58;0.24;2.49;ND;2.18;2.45;ND;0.74;ND;NA;NA;NA;
23;12;0.93;0.28;2.3;ND;2.92;2.95;ND;1.08;ND;NA;NA;NA;
23;13;3.48;0.16;2.49;ND;2.07;3.1;ND;1.9;ND;NA;NA;NA;
23;14;0.79;0.29;3.14;ND;1.82;2.69;ND;1.71;ND;NA;NA;NA;
23;15;0.5;0.11;3.35;ND;1.14;2.91;ND;0.92;ND;NA;NA;NA;
23;16;0.48;0.07;3.2;ND;1.14;2.71;ND;0.62;ND;NA;NA;NA;
23;17;0.39;0.08;2.97;ND;1.17;3.02;ND;0.67;ND;NA;NA;NA;
23;18;0.72;0.08;4.32;ND;1.07;2.86;ND;0.55;ND;NA;NA;NA;
23;19;0.98;0.06;3.28;ND;1.2;3.2;ND;0.64;ND;NA;NA;NA;
23;20;1.07;0.12;2.02;ND;1.91;2.53;ND;0.58;ND;NA;NA;NA;
23;21;1.85;0.06;2.35;ND;2.23;2.37;ND;0.39;ND;NA;NA;NA;
23;22;2.89;0.05;2.14;ND;1.94;2.84;ND;0.42;ND;NA;NA;NA;
23;23;4.83;0.03;3;ND;1.36;3.13;ND;0.54;ND;NA;NA;NA;
24;0;4.16;0;3.51;ND;2.41;3.11;ND;0.66;ND;NA;NA;NA;
24;1;ND;0.04;3.41;ND;ND;4.33;ND;0.6;ND;NA;NA;NA;
24;2;1.97;0.02;5.24;ND;8.64;5.41;ND;0.91;ND;NA;NA;NA;
24;3;1.46;0.01;9.58;ND;9.21;6.29;ND;1.7;ND;NA;NA;NA;
24;4;1.21;0;5.16;ND;2.77;5.61;ND;1.2;ND;NA;NA;NA;
24;5;1.63;0;4.55;ND;3.99;5.31;ND;2.49;ND;NA;NA;NA;
24;6;1.36;0;7.03;ND;6.03;5.79;ND;2.08;ND;NA;NA;NA;
24;7;1.71;0.01;6.91;ND;12.38;6.53;ND;3.2;ND;NA;NA;NA;
24;8;1.95;0.05;5.47;ND;11.1;8.92;ND;1.87;ND;NA;NA;NA;
24;9;2.96;0.19;6.36;ND;9.41;6.43;ND;0.97;ND;NA;NA;NA;
24;10;3.03;0.17;5.27;ND;4.87;5.46;ND;1.21;ND;NA;NA;NA;
24;11;1.61;0.55;3.67;ND;3.26;4.2;ND;1.05;ND;NA;NA;NA;
24;12;0.66;0.2;2.65;ND;2.57;3.52;ND;0.82;ND;NA;NA;NA;
24;13;0.66;0.23;2.19;ND;2.15;3.25;ND;1.2;ND;NA;NA;NA;
24;14;0.56;0.09;3.01;ND;2.28;2.71;ND;1.09;ND;NA;NA;NA;
24;15;0.61;0.1;2.56;ND;2.17;2.61;ND;0.69;ND;NA;NA;NA;
24;16;0.54;0.11;3.83;ND;2.06;2.69;ND;0.29;ND;NA;NA;NA;
24;17;0.68;0.02;3.33;ND;2.15;2.93;ND;0.55;ND;NA;NA;NA;
24;18;1.05;0.2;3.73;ND;2.96;2.82;ND;0.77;ND;NA;NA;NA;
24;19;1.77;0.26;3.48;ND;5.65;3.24;ND;0.7;ND;NA;NA;NA;
24;20;4.52;0.18;3.13;ND;6.74;3.62;ND;0.49;ND;NA;NA;NA;
24;21;2.09;0.05;2.06;ND;5.67;3.3;ND;0.52;ND;NA;NA;NA;
24;22;1.27;0;2.2;ND;3.25;2.64;ND;0.29;ND;NA;NA;NA;
24;23;1.74;0.06;1.81;ND;1.75;2.34;ND;0.4;ND;NA;NA;NA;
25;0;1.92;0.01;1.51;ND;1.47;2.21;ND;0.26;ND;NA;NA;NA;
25;1;2.21;ND;ND;ND;3.32;8.62;ND;0.25;ND;NA;NA;NA;
25;2;2.45;0.08;2.23;ND;5.04;10.81;ND;0.29;ND;NA;NA;NA;
25;3;2.81;0;3.38;ND;8.89;11.34;ND;0.32;ND;NA;NA;NA;
25;4;2.59;0;1.6;ND;5.8;6.53;ND;0.27;ND;NA;NA;NA;
25;5;3.32;0.11;1.58;ND;7.55;6.17;ND;1.41;ND;NA;NA;NA;
25;6;6.99;0.49;4.3;ND;8.96;6.51;ND;2.4;ND;NA;NA;NA;
25;7;5.21;0.28;7.58;ND;10.53;11.5;ND;3.96;ND;NA;NA;NA;
25;8;4.68;0.77;7.41;ND;6.36;8.68;ND;3.03;ND;NA;NA;NA;
25;9;7.03;1.71;11.46;ND;5.43;9.03;ND;4.41;ND;NA;NA;NA;
25;10;7.72;2.78;15;ND;3.7;6.07;ND;4.31;ND;NA;NA;NA;
25;11;3.72;1.38;9.23;ND;6.72;10.19;ND;4.48;ND;NA;NA;NA;
25;12;1.38;ND;ND;ND;ND;5.93;ND;2.15;ND;NA;NA;NA;
25;13;1.18;ND;ND;ND;2.43;4.37;ND;0.94;ND;NA;NA;NA;
25;14;0.96;ND;3.38;ND;2.2;3.62;ND;1;ND;NA;NA;NA;
25;15;0.8;ND;4.42;ND;1.88;4.81;ND;0.67;ND;NA;NA;NA;
25;16;1.81;ND;6.15;ND;2.47;5.01;ND;0.63;ND;NA;NA;NA;
25;17;1.58;ND;ND;ND;2.83;4.05;ND;0.91;ND;NA;NA;NA;
25;18;1.37;1.04;12.8;ND;3.24;8.73;ND;0.79;ND;NA;NA;NA;
25;19;1.85;1.07;5.24;ND;5.56;8.83;ND;0.63;ND;NA;NA;NA;
25;20;5.91;0.82;4.35;ND;3.3;6.04;ND;0.57;ND;NA;NA;NA;
25;21;1.86;0.89;3.38;ND;4.79;5.87;ND;0.37;ND;NA;NA;NA;
25;22;2.05;0.58;2.87;ND;4.69;5.86;ND;0.52;ND;NA;NA;NA;
25;23;2.05;0.38;2.39;ND;6.31;4.64;ND;0.44;ND;NA;NA;NA;
26;0;1.19;0.46;2.67;ND;3.96;4.01;ND;0.48;ND;NA;NA;NA;
26;1;ND;0.35;2.44;ND;2.54;3.87;ND;0.14;ND;NA;NA;NA;
26;2;1.49;0.31;1.7;ND;2.63;2.96;ND;0.3;ND;NA;NA;NA;
26;3;0.75;0.26;2.59;ND;1.46;2.81;ND;0.15;ND;NA;NA;NA;
26;4;1.37;0.48;3.61;ND;2.21;3.87;ND;0.81;ND;NA;NA;NA;
26;5;1.22;0.49;3.39;ND;2.83;4.33;ND;1.65;ND;NA;NA;NA;
26;6;5.87;1.37;3.58;ND;5.55;5.97;ND;5.16;ND;NA;NA;NA;
26;7;9.85;3.38;6.63;ND;5.28;6.77;ND;9.47;ND;NA;NA;NA;
26;8;8.95;3.28;10.41;ND;10.38;9.44;ND;36.37;ND;NA;NA;NA;
26;9;8.14;3.11;10.79;ND;8.87;8.78;ND;20.81;ND;NA;NA;NA;
26;10;7.05;2.47;9.38;ND;6.18;7.26;ND;7.89;ND;NA;NA;NA;
26;11;3.71;1.92;11.39;ND;4.17;5.36;ND;4.63;ND;NA;NA;NA;
26;12;1.88;1.17;6.05;ND;3.37;3.93;ND;2.39;ND;NA;NA;NA;
26;13;1.97;0.97;4.41;ND;2.83;ND;ND;1.91;ND;NA;NA;NA;
26;14;1.8;0.85;4.66;ND;2.36;ND;ND;1.58;ND;NA;NA;NA;
26;15;1.56;0.51;4.77;ND;2.15;ND;ND;ND;ND;NA;NA;NA;
26;16;4.3;0.55;7.11;ND;2.32;ND;ND;ND;ND;NA;NA;NA;
26;17;4.56;0.97;8.48;ND;2.82;5.37;ND;1.85;ND;NA;NA;NA;
26;18;6.09;1.74;8.43;ND;3.89;4.7;ND;10.84;ND;NA;NA;NA;
26;19;5.29;1.59;7.19;ND;2.6;5.03;ND;9.73;ND;NA;NA;NA;
26;20;3.08;1.86;8.51;ND;5.02;6.26;ND;20.46;ND;NA;NA;NA;
26;21;3.1;1.66;8.93;ND;6.66;6.45;ND;23.66;ND;NA;NA;NA;
26;22;5.38;3.21;5.99;ND;4.06;5.51;ND;3.12;ND;NA;NA;NA;
26;23;5.11;2.27;5.19;ND;4.49;5.01;ND;1.48;ND;NA;NA;NA;
27;0;6.1;2.54;5.81;ND;4.22;6.26;ND;2.2;ND;NA;NA;NA;
27;1;4.19;ND;6.87;ND;5.43;5.59;ND;3.8;ND;NA;NA;NA;
27;2;2.81;ND;6.53;ND;47.12;8.19;ND;2.55;ND;NA;NA;NA;
27;3;2.03;ND;6.61;ND;120.36;15.87;ND;7.93;ND;NA;NA;NA;
27;4;2.76;ND;4.08;ND;114.29;12.37;ND;5.2;ND;NA;NA;NA;
27;5;5.83;8.57;3.91;ND;174.04;14.41;ND;14.33;ND;NA;NA;NA;
27;6;5.89;ND;7.04;ND;164.65;20.47;ND;10.7;ND;NA;NA;NA;
27;7;9.36;17.62;12.63;ND;195.83;21.73;ND;20.91;ND;NA;NA;NA;
27;8;13.55;ND;20.06;ND;144.27;26.64;ND;20.41;ND;NA;NA;NA;
27;9;16.61;ND;33.03;ND;52.96;31.85;ND;27.23;ND;NA;NA;NA;
27;10;11.67;17.14;24.71;ND;26.16;23.28;ND;16.1;ND;NA;NA;NA;
27;11;9.16;12.8;16.61;ND;14.21;14.97;ND;8.47;ND;NA;NA;NA;
27;12;6.84;7.53;11.92;ND;11.4;11.26;ND;4.97;ND;NA;NA;NA;
27;13;4.47;ND;8.57;ND;12.93;9.84;ND;3.24;ND;NA;NA;NA;
27;14;4.01;ND;6.23;ND;8.7;7.9;ND;3.93;ND;NA;NA;NA;
27;15;2.98;3.79;6.4;ND;5.77;7.44;ND;3.89;ND;NA;NA;NA;
27;16;2.81;3.49;7.1;ND;5.41;5.7;ND;2.51;ND;NA;NA;NA;
27;17;2.53;3.39;7.51;ND;5.25;4.58;ND;2.21;ND;NA;NA;NA;
27;18;2.37;3.42;8.39;ND;6.2;5.66;ND;2;ND;NA;NA;NA;
27;19;3.92;3.42;5.98;ND;10.16;5.47;ND;1.73;ND;NA;NA;NA;
27;20;4.51;3.32;5.71;ND;9.37;4.86;ND;1.31;ND;NA;NA;NA;
27;21;2.5;2.95;5.58;ND;6.57;4.93;ND;1.33;ND;NA;NA;NA;
27;22;2.95;3;6.83;ND;6.22;5.42;ND;2.21;ND;NA;NA;NA;
27;23;4.9;2.77;6.72;ND;6.31;5.79;ND;1.87;ND;NA;NA;NA;
28;0;4.47;3.46;7.47;ND;6.25;6.59;ND;1.55;ND;NA;NA;NA;
28;1;ND;5.02;9.07;ND;9.05;6.9;ND;1.27;ND;NA;NA;NA;
28;2;6.42;5.3;7.17;ND;5.59;8.6;ND;1.88;ND;NA;NA;NA;
28;3;6.37;6.66;7.09;ND;4.88;9.2;ND;1.86;ND;NA;NA;NA;
28;4;8.26;11.34;12.4;ND;7.49;8.69;ND;2.29;ND;NA;NA;NA;
28;5;8.86;11.41;11.21;ND;13.66;10.03;ND;5.24;ND;NA;NA;NA;
28;6;10.63;10.47;11.36;ND;27.82;13.26;ND;4.45;ND;NA;NA;NA;
28;7;12.16;10.17;18.01;ND;11.23;21.93;ND;10.84;ND;NA;NA;NA;
28;8;12.56;14.67;13.02;ND;6.5;12.29;ND;24.09;ND;NA;NA;NA;
28;9;11.14;13.81;9.29;ND;5.73;8.26;ND;12.67;ND;NA;NA;NA;
28;10;9.94;12.72;11.54;ND;6.09;7.64;ND;6.13;ND;NA;NA;NA;
28;11;ND;9.37;10.49;ND;7.07;7.65;ND;6.92;ND;NA;NA;NA;
28;12;ND;7.11;6.69;ND;8.17;8.33;ND;5.87;ND;NA;NA;NA;
28;13;3.79;6.71;5.72;ND;5.57;10.75;ND;5.19;ND;NA;NA;NA;
28;14;1.98;4.96;3.77;ND;4.15;5.82;ND;6;ND;NA;NA;NA;
28;15;ND;4.93;3.42;ND;3.08;4.58;ND;4.65;ND;NA;NA;NA;
28;16;1.24;3.79;6.1;ND;3.38;5.46;ND;3.8;ND;NA;NA;NA;
28;17;1.8;3.28;8.31;ND;3.78;6.22;ND;3.43;ND;NA;NA;NA;
28;18;1.95;3.4;6.99;ND;4.61;6.44;ND;9.72;ND;NA;NA;NA;
28;19;1.97;2.72;5.73;ND;4.79;5.97;ND;2.42;ND;NA;NA;NA;
28;20;2.16;2.74;6.88;ND;4.07;ND;ND;2.14;ND;NA;NA;NA;
28;21;4.18;2.67;8.41;ND;7.93;ND;ND;1.66;ND;NA;NA;NA;
28;22;1.88;2.4;6.17;ND;6.61;ND;ND;1.76;ND;NA;NA;NA;
28;23;1.66;2.41;5.36;ND;6.61;ND;ND;1.71;ND;NA;NA;NA;
