DIA;HORA;Cotocollao;Carapungo;Belisario;Jipijapa;El Camal;Centro;Guamaní;Tumbaco;Los Chillos;El Condado;Turubamba;Chillogallo;
1;0;2.01;1.78;5;NA;7.46;3.99;ND;1.36;ND;NA;NA;NA;
1;1;1.96;1.29;3.76;NA;5.27;4.14;ND;1.25;ND;NA;NA;NA;
1;2;1.97;1.39;4.53;NA;5.53;3.53;ND;1.1;ND;NA;NA;NA;
1;3;3.71;1.62;4.2;NA;5;4.01;ND;1.26;ND;NA;NA;NA;
1;4;7.72;2.1;5.35;NA;4.58;3.93;ND;1.43;ND;NA;NA;NA;
1;5;14.78;3.77;6.01;NA;5.79;4.27;ND;2.34;ND;NA;NA;NA;
1;6;17.93;4.52;10.94;NA;16.98;6.56;ND;2.71;ND;NA;NA;NA;
1;7;23.27;9.14;15.37;NA;52.01;11.37;ND;2.85;ND;NA;NA;NA;
1;8;17.67;11.03;12.27;NA;27.85;10.08;ND;4.97;ND;NA;NA;NA;
1;9;12.27;10.37;10.52;NA;23.8;7.13;ND;8.4;ND;NA;NA;NA;
1;10;10.05;9.01;17.16;NA;11.14;ND;ND;5.1;ND;NA;NA;NA;
1;11;7.65;7.4;11.43;NA;10.88;ND;ND;2.35;ND;NA;NA;NA;
1;12;10.54;9.72;14.25;NA;10.87;4.76;ND;1.39;ND;NA;NA;NA;
1;13;6.95;4.8;12.78;NA;11.87;7.02;ND;6.34;ND;NA;NA;NA;
1;14;8.07;4.9;14.47;NA;13.37;ND;ND;9.64;ND;NA;NA;NA;
1;15;ND;4.17;8.1;NA;9.39;6.12;ND;6.77;ND;NA;NA;NA;
1;16;2.55;2.97;4.78;NA;5.82;3.88;ND;5.85;ND;NA;NA;NA;
1;17;2.08;2.62;4.47;NA;4.66;2.06;ND;4.97;ND;NA;NA;NA;
1;18;2.49;2.59;6.25;NA;4.34;2.02;ND;5.14;ND;NA;NA;NA;
1;19;2.94;2.51;9.78;NA;4.41;2.75;ND;5.14;ND;NA;NA;NA;
1;20;3.18;2.46;10.47;NA;6.43;3.27;ND;4.35;ND;NA;NA;NA;
1;21;3.01;2.38;9.47;NA;5.65;4.23;ND;2.86;ND;NA;NA;NA;
1;22;3.19;2.76;5.21;NA;3.46;3.45;ND;2;ND;NA;NA;NA;
1;23;2.78;2.47;6.16;NA;9.24;3.77;ND;1.75;ND;NA;NA;NA;
2;0;3.05;2.34;7.06;NA;10.9;3.53;ND;1.6;ND;NA;NA;NA;
2;1;1.89;2.04;7.42;NA;7.13;3.39;ND;1.54;ND;NA;NA;NA;
2;2;2.21;1.81;8.8;NA;5.39;3.74;ND;1.33;ND;NA;NA;NA;
2;3;3.06;2.08;7.8;NA;5.22;4.23;ND;1.4;ND;NA;NA;NA;
2;4;3.21;2.33;8.9;NA;5.11;4.29;ND;1.25;ND;NA;NA;NA;
2;5;5.3;3.01;8.97;NA;4.51;4.28;ND;1.29;ND;NA;NA;NA;
2;6;7.92;3.43;9.13;NA;8.21;6.1;ND;1.53;ND;NA;NA;NA;
2;7;14.63;6.65;13.7;NA;8.81;8.16;ND;1.96;ND;NA;NA;NA;
2;8;19.44;7.57;15.57;NA;9.82;7.45;ND;1.61;ND;NA;NA;NA;
2;9;16.61;ND;13.46;NA;17.93;6.64;ND;1.68;ND;NA;NA;NA;
2;10;9.16;ND;11.69;NA;14.89;4.7;ND;1.35;ND;NA;NA;NA;
2;11;6.6;ND;8.29;NA;11.83;1.82;ND;1.76;ND;NA;NA;NA;
2;12;5.32;1.79;8.86;NA;ND;2.83;ND;1.47;ND;NA;NA;NA;
2;13;4.5;1.73;6.58;NA;ND;4.83;ND;1.35;ND;NA;NA;NA;
2;14;3.6;ND;6.29;NA;ND;4.61;ND;0.93;ND;NA;NA;NA;
2;15;2.95;2.42;5.43;NA;ND;3.39;ND;1.03;ND;NA;NA;NA;
2;16;2.38;2.89;4.76;NA;3.1;3.48;ND;1.82;ND;NA;NA;NA;
2;17;2.08;2.52;4.75;NA;2.94;3.28;ND;3.7;ND;NA;NA;NA;
2;18;2.15;2.7;7.14;NA;3.41;2.79;ND;3.92;ND;NA;NA;NA;
2;19;2.24;2.58;9.49;NA;3.41;3.09;ND;3.6;ND;NA;NA;NA;
2;20;1.96;2.64;9.86;NA;4.18;4.39;ND;2.87;ND;NA;NA;NA;
2;21;2.27;2.42;6.88;NA;2.96;4.27;ND;1.65;ND;NA;NA;NA;
2;22;2.14;ND;5.79;NA;3.37;3.89;ND;1.15;ND;NA;NA;NA;
2;23;1.83;ND;5.52;NA;2.1;3.47;ND;1.06;ND;NA;NA;NA;
3;0;2.27;2.65;6.18;NA;2;3.3;ND;1.04;ND;NA;NA;NA;
3;1;3.18;2.54;6.01;NA;2.43;3.48;ND;1.13;ND;NA;NA;NA;
3;2;3.71;2.91;6.55;NA;1.84;3.83;ND;1.27;ND;NA;NA;NA;
3;3;2.43;2.83;6.99;NA;15.48;4.05;ND;1.23;ND;NA;NA;NA;
3;4;3.45;3.47;6.22;NA;15.4;4.08;ND;1.22;ND;NA;NA;NA;
3;5;4.99;3.84;6.39;NA;29.96;4.83;ND;1.3;ND;NA;NA;NA;
3;6;4.93;3.35;8.69;NA;51.59;8.5;ND;1.75;ND;NA;NA;NA;
3;7;7.01;7.7;11.16;NA;38.52;11.13;ND;1.68;ND;NA;NA;NA;
3;8;14.16;7.55;14.68;NA;16.2;8.34;ND;1.72;ND;NA;NA;NA;
3;9;8.56;6.53;12.95;NA;10.06;6.08;ND;1.54;ND;NA;NA;NA;
3;10;5.25;4.49;8.92;NA;8.95;6.45;ND;1.34;ND;NA;NA;NA;
3;11;4.97;3.52;8.33;NA;13.95;3.88;ND;1.39;ND;NA;NA;NA;
3;12;3.95;3.08;9.04;NA;9.41;3.96;ND;1.41;ND;NA;NA;NA;
3;13;3.67;3.07;6.48;NA;4.53;3.89;ND;1.29;ND;NA;NA;NA;
3;14;3.17;2.88;5.69;NA;3.87;3.05;ND;1.21;ND;NA;NA;NA;
3;15;2.57;2.54;4.95;NA;4.63;4.35;ND;1.04;ND;NA;NA;NA;
3;16;2.41;2.48;5.53;NA;3.03;3.28;ND;1.16;ND;NA;NA;NA;
3;17;2.16;2.72;6.31;NA;3.23;3.82;ND;1.19;ND;NA;NA;NA;
3;18;2.29;3.06;6.48;NA;5.12;4.49;ND;1.27;ND;NA;NA;NA;
3;19;2.13;2.93;6.59;NA;8.78;4.4;ND;1.61;ND;NA;NA;NA;
3;20;2.85;2.93;6.19;NA;4.78;5.31;ND;1.78;ND;NA;NA;NA;
3;21;3.03;2.68;8.48;NA;5.28;5.85;ND;1.84;ND;NA;NA;NA;
3;22;3;2.41;5.89;NA;4.81;6.22;ND;1.37;ND;NA;NA;NA;
3;23;3.29;2.27;4.01;NA;4.22;5.4;ND;1.29;ND;NA;NA;NA;
4;0;2.57;3.79;6.07;NA;4.48;4.88;ND;1.25;ND;NA;NA;NA;
4;1;2.69;8.77;6.02;NA;3.55;4.53;ND;1.32;ND;NA;NA;NA;
4;2;2.65;4.89;5.15;NA;16.72;4.46;ND;1.32;ND;NA;NA;NA;
4;3;3.88;4.38;5.23;NA;41.26;4.75;ND;1.49;ND;NA;NA;NA;
4;4;3.84;5.76;6.06;NA;87.07;5.91;ND;1.49;ND;NA;NA;NA;
4;5;4.72;5.15;7.86;NA;99.78;10.49;ND;1.78;ND;NA;NA;NA;
4;6;13.09;4.71;13.6;NA;117.58;14.25;ND;2.15;ND;NA;NA;NA;
4;7;31.84;5.97;18.39;NA;114.03;19.71;ND;2.34;ND;NA;NA;NA;
4;8;25.67;9.95;16.64;NA;58.15;14.86;ND;2.35;ND;NA;NA;NA;
4;9;11.61;11.2;9.56;NA;8.01;5.81;ND;1.82;ND;NA;NA;NA;
4;10;7.1;10.31;7.07;NA;3.8;4.54;ND;1.68;ND;NA;NA;NA;
4;11;5.08;6.99;4.58;NA;3;3.5;ND;1.46;ND;NA;NA;NA;
4;12;3.98;4.49;4.39;NA;2.92;3.72;ND;1.38;ND;NA;NA;NA;
4;13;2.82;3.95;3.09;NA;3.09;3.38;ND;ND;ND;NA;NA;NA;
4;14;2.56;3.47;3.24;NA;2.7;3.32;ND;ND;ND;NA;NA;NA;
4;15;2.85;3.63;4.53;NA;2.08;3.3;ND;ND;ND;NA;NA;NA;
4;16;2.3;3.96;4.34;NA;3.57;3.06;ND;1.52;ND;NA;NA;NA;
4;17;2.5;3.54;4.41;NA;3.61;2.92;ND;1.63;ND;NA;NA;NA;
4;18;2.91;3.33;6.07;NA;3.45;2.66;ND;2.05;ND;NA;NA;NA;
4;19;3.13;3.44;7.83;NA;6.02;3.48;ND;2.11;ND;NA;NA;NA;
4;20;3.35;3.7;6.18;NA;8.07;5.16;ND;1.73;ND;NA;NA;NA;
4;21;4.13;3.64;5.13;NA;8.43;5.43;ND;1.96;ND;NA;NA;NA;
4;22;4.66;3.85;5.57;NA;4.71;6.28;ND;2.06;ND;NA;NA;NA;
4;23;4.27;4.06;6.97;NA;11.17;6.14;ND;1.9;ND;NA;NA;NA;
5;0;5.54;5.93;9.07;NA;51.13;8.32;ND;1.83;ND;NA;NA;NA;
5;1;4.77;7.34;10.06;NA;47.52;10.5;ND;1.82;ND;NA;NA;NA;
5;2;4.18;6.61;6.63;NA;28.6;12.1;ND;1.96;ND;NA;NA;NA;
5;3;3.52;5.76;7.36;NA;11.61;8.44;ND;1.83;ND;NA;NA;NA;
5;4;2.68;4.77;6.7;NA;10.81;8.94;ND;1.88;ND;NA;NA;NA;
5;5;3.11;4.43;7.73;NA;7.1;7.02;ND;2.68;ND;NA;NA;NA;
5;6;6.26;5.75;9.65;NA;17.9;9.46;ND;3.2;ND;NA;NA;NA;
5;7;19.24;8.3;16.31;NA;39.55;13.07;ND;8.33;ND;NA;NA;NA;
5;8;12.13;7.69;12.95;NA;9.17;8.71;ND;8.08;ND;NA;NA;NA;
5;9;10.15;8.42;9.38;NA;ND;4.48;ND;5.33;ND;NA;NA;NA;
5;10;3.63;5.05;5.37;NA;ND;3.96;ND;3.71;ND;NA;NA;NA;
5;11;2.67;4.44;3.64;NA;ND;4.56;ND;2.24;ND;NA;NA;NA;
5;12;2.28;3.58;3.37;NA;2.22;4.02;ND;2.05;ND;NA;NA;NA;
5;13;2.76;3.32;3.36;NA;ND;3.63;ND;1.87;ND;NA;NA;NA;
5;14;2.78;3.11;3.67;NA;ND;3.09;ND;1.86;ND;NA;NA;NA;
5;15;2.64;3.48;3.29;NA;ND;2.95;ND;1.81;ND;NA;NA;NA;
5;16;2.32;3.56;3.48;NA;2.24;3.96;ND;1.96;ND;NA;NA;NA;
5;17;2.26;3.78;4.23;NA;2.81;2.99;ND;2.28;ND;NA;NA;NA;
5;18;2.35;3.53;5.54;NA;3.9;2.23;ND;2.47;ND;NA;NA;NA;
5;19;2.98;3.69;6.01;NA;4.24;3.62;ND;3.07;ND;NA;NA;NA;
5;20;3.67;3.59;5.92;NA;4.71;4.74;ND;3.34;ND;NA;NA;NA;
5;21;4.64;4.23;7.2;NA;4.27;4.88;ND;3.26;ND;NA;NA;NA;
5;22;7.72;4.7;7.24;NA;9.15;5.04;ND;3.37;ND;NA;NA;NA;
5;23;6.42;6.5;10.67;NA;18.21;6.95;ND;3.67;ND;NA;NA;NA;
6;0;6.34;6.42;14.29;NA;21.38;9.69;ND;4.24;ND;NA;NA;NA;
6;1;5.89;6.22;8.29;NA;18.57;7.77;ND;3.75;ND;NA;NA;NA;
6;2;6.35;8.68;5.57;NA;15.59;7.69;ND;3.5;ND;NA;NA;NA;
6;3;5.94;9.96;7.74;NA;8.09;6.35;ND;3.5;ND;NA;NA;NA;
6;4;5.56;8.86;5.55;NA;12.29;5.66;ND;3.85;ND;NA;NA;NA;
6;5;6.01;7.51;10.62;NA;6.26;8.78;ND;4.04;ND;NA;NA;NA;
6;6;6.95;9.01;11.9;NA;10.74;12.36;ND;4.93;ND;NA;NA;NA;
6;7;7.79;9.87;14.15;NA;10.5;13.29;ND;8.17;ND;NA;NA;NA;
6;8;12.98;8.27;9.89;NA;8.94;8.06;ND;12.56;ND;NA;NA;NA;
6;9;5.5;5.93;7.82;NA;3.99;4.49;ND;11.45;ND;NA;NA;NA;
6;10;4.33;4.7;8.17;NA;3.58;3.96;ND;10.57;ND;NA;NA;NA;
6;11;3.43;3.97;6.73;NA;3.33;3.59;ND;5.42;ND;NA;NA;NA;
6;12;3.28;4.35;4.19;NA;3.08;3.23;ND;3.1;ND;NA;NA;NA;
6;13;3.23;4.07;3.53;NA;1.73;3.21;ND;2.42;ND;NA;NA;NA;
6;14;3.67;5.2;3.96;NA;1.68;3.02;ND;2.24;ND;NA;NA;NA;
6;15;2.96;5.76;4.15;NA;2.74;2.84;ND;3.41;ND;NA;NA;NA;
6;16;2.57;4.17;4.35;NA;2.44;2.38;ND;2.21;ND;NA;NA;NA;
6;17;2.34;4.46;4.03;NA;3.08;1.95;ND;2.84;ND;NA;NA;NA;
6;18;2.34;4.06;4.54;NA;3.02;2.24;ND;2.66;ND;NA;NA;NA;
6;19;3.23;4.17;5.71;NA;3.21;3.49;ND;2.58;ND;NA;NA;NA;
6;20;3.79;3.48;7.55;NA;4.82;3.51;ND;2.62;ND;NA;NA;NA;
6;21;4.91;3.84;7.34;NA;6.48;5.28;ND;2.7;ND;NA;NA;NA;
6;22;3.77;3.59;6.78;NA;5.76;4.57;ND;2.54;ND;NA;NA;NA;
6;23;3.66;3.36;6.96;NA;5.57;4.64;ND;2.42;ND;NA;NA;NA;
7;0;3.06;3.23;5.97;NA;12.13;4.15;ND;2.32;ND;NA;NA;NA;
7;1;2.79;3.33;6.51;NA;12.25;3.85;ND;2.13;ND;NA;NA;NA;
7;2;3.08;3.88;5.66;NA;4.2;3.81;ND;2.21;ND;NA;NA;NA;
7;3;3.18;5.21;5.96;NA;3.63;3.68;ND;2.28;ND;NA;NA;NA;
7;4;2.99;4.91;5.73;NA;16.38;4.38;ND;2.27;ND;NA;NA;NA;
7;5;2.65;4.77;6.67;NA;5.48;4.63;ND;2.81;ND;NA;NA;NA;
7;6;3.04;4.67;8.66;NA;5.98;5.91;ND;3.04;ND;NA;NA;NA;
7;7;3.63;4.59;8.76;NA;12.76;9.81;ND;4.09;ND;NA;NA;NA;
7;8;4.47;5.18;7.89;NA;10.06;7.3;ND;5.18;ND;NA;NA;NA;
7;9;3.8;5.43;7.69;NA;4.76;3.58;ND;6.61;ND;NA;NA;NA;
7;10;4.07;4.77;4.64;NA;3.4;3.76;ND;6.26;ND;NA;NA;NA;
7;11;2.64;3.69;3.66;NA;2.17;3.84;ND;4.02;ND;NA;NA;NA;
7;12;2.09;3.24;2.66;NA;2;3.48;ND;2.46;ND;NA;NA;NA;
7;13;1.95;3.46;3.88;NA;2.01;3.48;ND;2.08;ND;NA;NA;NA;
7;14;2.33;3.33;2.19;NA;1.43;3.17;ND;1.66;ND;NA;NA;NA;
7;15;1.99;4.42;2.51;NA;1.88;2.66;ND;1.77;ND;NA;NA;NA;
7;16;1.83;3.51;2.94;NA;2.02;2.2;ND;2.25;ND;NA;NA;NA;
7;17;2;3.32;3.76;NA;1.72;1.9;ND;2.17;ND;NA;NA;NA;
7;18;2.04;3.22;5.83;NA;1.42;1.71;ND;2.07;ND;NA;NA;NA;
7;19;2.05;3.23;6.77;NA;1.73;1.55;ND;1.91;ND;NA;NA;NA;
7;20;2.29;2.81;5.78;NA;2.65;2.05;ND;1.89;ND;NA;NA;NA;
7;21;2.15;2.69;4.75;NA;2.48;2.49;ND;1.66;ND;NA;NA;NA;
7;22;1.56;2.73;4.6;NA;2.94;3.25;ND;1.84;ND;NA;NA;NA;
7;23;1.57;2.54;4.79;NA;23.78;3.67;ND;1.62;ND;NA;NA;NA;
8;0;1.49;2.34;4.7;NA;14.45;3.15;ND;1.73;ND;NA;NA;NA;
8;1;1.44;2.47;4.39;NA;4.09;3.17;ND;1.53;ND;NA;NA;NA;
8;2;1.47;2.38;4.02;NA;7.72;3.37;ND;1.59;ND;NA;NA;NA;
8;3;1.42;2.43;3.57;NA;3.94;3.17;ND;1.67;ND;NA;NA;NA;
8;4;1.68;2.23;3.27;NA;3.7;3.03;ND;1.43;ND;NA;NA;NA;
8;5;2.57;2.39;3.92;NA;28.42;3.33;ND;2.73;ND;NA;NA;NA;
8;6;4.01;2.99;7.43;NA;44.6;19.41;ND;11.1;ND;NA;NA;NA;
8;7;4.71;3.88;18.65;NA;32.99;19.12;ND;21.24;ND;NA;NA;NA;
8;8;7.96;5.44;17.65;NA;10.15;9.03;ND;9.39;ND;NA;NA;NA;
8;9;6.9;5.46;8.86;NA;4.54;4.97;ND;6.51;ND;NA;NA;NA;
8;10;4.72;4.44;5.48;NA;3.67;3.84;ND;4.97;ND;NA;NA;NA;
8;11;2.46;3.79;ND;NA;3.05;4.06;ND;2.91;ND;NA;NA;NA;
8;12;2.3;3.96;ND;NA;3.03;4.78;ND;2.28;ND;NA;NA;NA;
8;13;2.28;3.96;ND;NA;2.38;ND;ND;2.99;ND;NA;NA;NA;
8;14;2.07;3.83;1.49;NA;3.1;ND;ND;3.11;ND;NA;NA;NA;
8;15;2.02;3.71;ND;NA;2.53;4.99;ND;3.11;ND;NA;NA;NA;
8;16;1.82;3.4;3.3;NA;2.88;5.36;ND;2.73;ND;NA;NA;NA;
8;17;1.8;2.96;2.31;NA;3.84;4.09;ND;2.53;ND;NA;NA;NA;
8;18;1.96;2.98;2.91;NA;4.88;2.49;ND;2.26;ND;NA;NA;NA;
8;19;2.42;3.07;3.66;NA;3.91;1.48;ND;2.07;ND;NA;NA;NA;
8;20;2.82;2.8;3.93;NA;4.09;1.4;ND;1.92;ND;NA;NA;NA;
8;21;2.89;2.68;4.07;NA;3.44;2.82;ND;2.1;ND;NA;NA;NA;
8;22;3.36;2.73;3.29;NA;5.93;3.52;ND;1.93;ND;NA;NA;NA;
8;23;2.66;2.71;4.09;NA;5.69;3.97;ND;1.69;ND;NA;NA;NA;
9;0;3;2.56;3.9;NA;4.53;3.68;ND;1.72;ND;NA;NA;NA;
9;1;2.71;2.66;3.67;NA;4.91;4.76;ND;1.62;ND;NA;NA;NA;
9;2;2.37;2.49;4.41;NA;13.51;6.18;ND;1.97;ND;NA;NA;NA;
9;3;2.37;2.68;4.91;NA;8.36;4.7;ND;2.39;ND;NA;NA;NA;
9;4;2.5;2.6;5.05;NA;3.91;5.14;ND;2.7;ND;NA;NA;NA;
9;5;2.71;2.77;5.98;NA;5.83;6.32;ND;3.16;ND;NA;NA;NA;
9;6;5.45;3.79;5.89;NA;26.3;7.56;ND;6.04;ND;NA;NA;NA;
9;7;6.78;6.02;7.09;NA;24.37;11.87;ND;6.73;ND;NA;NA;NA;
9;8;9.12;5.59;10.46;NA;5.57;8.87;ND;14.09;ND;NA;NA;NA;
9;9;8.04;7.23;11.09;NA;4.14;4.69;ND;10.09;ND;NA;NA;NA;
9;10;6.41;6.01;10;NA;8.94;2.57;ND;7.58;ND;NA;NA;NA;
9;11;ND;4.34;6.62;NA;9.06;1.87;ND;6.55;ND;NA;NA;NA;
9;12;1.38;3.96;4.92;NA;5.6;1.6;ND;4.4;ND;NA;NA;NA;
9;13;1.09;3.91;3.34;NA;3.48;3.83;ND;3.31;ND;NA;NA;NA;
9;14;ND;3.65;3.67;NA;3.42;2.97;ND;3.16;ND;NA;NA;NA;
9;15;1.1;3.56;4.05;NA;3.53;2.38;ND;2.91;ND;NA;NA;NA;
9;16;1.09;3.37;3.93;NA;3.65;2.96;ND;2.92;ND;NA;NA;NA;
9;17;1.12;3.35;5.5;NA;3.91;3.43;ND;2.59;ND;NA;NA;NA;
9;18;1.23;3.32;5.6;NA;4.25;2.36;ND;2.16;ND;NA;NA;NA;
9;19;1.19;2.86;6.61;NA;4.04;2.79;ND;2.05;ND;NA;NA;NA;
9;20;1.09;2.83;5.41;NA;4.18;3.54;ND;1.91;ND;NA;NA;NA;
9;21;0.96;2.72;4.24;NA;3;3.21;ND;1.81;ND;NA;NA;NA;
9;22;1.17;2.42;3.95;NA;2.47;3.28;ND;1.57;ND;NA;NA;NA;
9;23;1.13;2.56;3.43;NA;1.86;3.15;ND;1.77;ND;NA;NA;NA;
10;0;1.19;2.56;3.27;NA;1.7;2.98;ND;1.8;ND;NA;NA;NA;
10;1;1.11;2.53;3.63;NA;2.15;3.05;ND;1.66;ND;NA;NA;NA;
10;2;1.2;2.48;4.07;NA;3.02;3.14;ND;1.52;ND;NA;NA;NA;
10;3;1.36;3.19;5.42;NA;3.92;3.59;ND;1.51;ND;NA;NA;NA;
10;4;1.39;3.25;4.83;NA;6.35;3.96;ND;1.66;ND;NA;NA;NA;
10;5;2.03;3.12;5.64;NA;6.68;5.02;ND;1.68;ND;NA;NA;NA;
10;6;4.11;3.67;7.72;NA;7.81;6.41;ND;1.97;ND;NA;NA;NA;
10;7;7.56;5.89;10.79;NA;7.98;7.67;ND;1.94;ND;NA;NA;NA;
10;8;9.72;7.21;13.17;NA;12.75;7.49;ND;2.54;ND;NA;NA;NA;
10;9;7.03;6.48;12.08;NA;27.27;6.69;ND;3.43;ND;NA;NA;NA;
10;10;4.14;5.72;13.65;NA;11.85;5.05;ND;3.69;ND;NA;NA;NA;
10;11;3.4;ND;10.81;NA;9.55;7.01;ND;4.52;ND;NA;NA;NA;
10;12;3.7;ND;6.85;NA;4.78;5.79;ND;4.98;ND;NA;NA;NA;
10;13;3.31;3.86;5.09;NA;4.38;5.45;ND;3.58;ND;NA;NA;NA;
10;14;2.41;3.39;4.21;NA;3.98;4.47;ND;3.04;ND;NA;NA;NA;
10;15;1.62;2.34;3.97;NA;2.33;3.63;ND;3.23;ND;NA;NA;NA;
10;16;1.59;2;3.86;NA;1.92;1.68;ND;2.42;ND;NA;NA;NA;
10;17;1.64;2.48;5.12;NA;2.51;1.57;ND;2.06;ND;NA;NA;NA;
10;18;1.48;2.05;5.48;NA;2.28;1.31;ND;1.9;ND;NA;NA;NA;
10;19;1.56;2;5.4;NA;2.38;2.23;ND;1.65;ND;NA;NA;NA;
10;20;1.5;1.79;4.4;NA;1.75;2.9;ND;1.65;ND;NA;NA;NA;
10;21;1.73;1.84;4.23;NA;2.28;3.2;ND;1.62;ND;NA;NA;NA;
10;22;2.27;2.13;4.84;NA;2.17;3.63;ND;1.86;ND;NA;NA;NA;
10;23;1.8;2.08;4.98;NA;5.96;3.56;ND;1.67;ND;NA;NA;NA;
11;0;1.62;2.44;5.77;NA;6.29;4.83;ND;1.43;ND;NA;NA;NA;
11;1;1.47;2.36;5.12;NA;3.57;4.43;ND;1.72;ND;NA;NA;NA;
11;2;1.44;2.47;4.77;NA;3.7;6.26;ND;1.57;ND;NA;NA;NA;
11;3;1.61;4.55;4.1;NA;2.13;4.44;ND;1.31;ND;NA;NA;NA;
11;4;1.87;3.04;4.36;NA;2.53;4.49;ND;1.54;ND;NA;NA;NA;
11;5;2.57;2.61;5.97;NA;3.5;5.16;ND;1.59;ND;NA;NA;NA;
11;6;3.27;3.13;7.71;NA;3.86;5.21;ND;1.75;ND;NA;NA;NA;
11;7;3.18;2.84;6.4;NA;3.97;5.2;ND;2.27;ND;NA;NA;NA;
11;8;3.97;3.49;7.54;NA;4.89;5.58;ND;2.8;ND;NA;NA;NA;
11;9;4.72;3.68;10;NA;4.38;5.77;ND;3.49;ND;NA;NA;NA;
11;10;4.12;3.43;8.9;NA;3.92;4.74;ND;3.74;ND;NA;NA;NA;
11;11;3.23;5.21;6.91;NA;4.31;1.91;ND;3.74;ND;NA;NA;NA;
11;12;3.63;4.29;5;NA;2.24;2.49;ND;3.6;ND;NA;NA;NA;
11;13;3.02;2.71;4.68;NA;2.75;2.4;ND;2.99;ND;NA;NA;NA;
11;14;2.37;2.13;4.36;NA;2.84;2.05;ND;2.54;ND;NA;NA;NA;
11;15;2.14;1.63;5.19;NA;2.52;2.84;ND;2.23;ND;NA;NA;NA;
11;16;1.93;2.03;4.8;NA;2.87;4.19;ND;2.15;ND;NA;NA;NA;
11;17;2.18;2.55;3.68;NA;3.57;4.2;ND;2.49;ND;NA;NA;NA;
11;18;3.39;2.75;5.54;NA;3.39;4.34;ND;2.77;ND;NA;NA;NA;
11;19;5.25;4.48;4.37;NA;9.26;5.79;ND;4.42;ND;NA;NA;NA;
11;20;5.12;4.85;5.5;NA;14.65;6.39;ND;3.96;ND;NA;NA;NA;
11;21;4.17;4.12;7.24;NA;23.39;8.2;ND;3.78;ND;NA;NA;NA;
11;22;3.74;3.43;7.17;NA;26.04;8.84;ND;3.11;ND;NA;NA;NA;
11;23;3.5;3.23;6.2;NA;10.1;7.57;ND;2.76;ND;NA;NA;NA;
12;0;3.01;3.05;5.67;NA;9.39;7.07;ND;2.42;ND;NA;NA;NA;
12;1;3.17;2.42;5.09;NA;21.12;7.04;ND;2.28;ND;NA;NA;NA;
12;2;2.71;1.93;4.53;NA;33.91;10.44;ND;1.89;ND;NA;NA;NA;
12;3;2.64;1.82;3.92;NA;34.44;7.11;ND;5.03;ND;NA;NA;NA;
12;4;2.66;2.26;4.21;NA;27.79;6.35;ND;3.73;ND;NA;NA;NA;
12;5;3.19;2.77;4.39;NA;118.4;11.52;ND;9.39;ND;NA;NA;NA;
12;6;5.18;2.86;5.24;NA;74.43;21.27;ND;11;ND;NA;NA;NA;
12;7;12.96;5.86;15.31;NA;91.74;24.07;ND;10.43;ND;NA;NA;NA;
12;8;13.08;8.9;16.77;NA;23.43;13.3;ND;6.77;ND;NA;NA;NA;
12;9;11.01;12.62;14.7;NA;13.37;7.38;ND;1.65;ND;NA;NA;NA;
12;10;9.42;11.22;11.92;NA;7.26;5.03;ND;1.4;ND;NA;NA;NA;
12;11;6.53;8.35;8.8;NA;8.4;6.8;ND;1.3;ND;NA;NA;NA;
12;12;4.2;4.78;6.8;NA;7.83;7.68;ND;4.68;ND;NA;NA;NA;
12;13;3.26;4.03;4.7;NA;5.24;6.71;ND;6.04;ND;NA;NA;NA;
12;14;2.14;3.23;3.06;NA;3.24;5.31;ND;4.96;ND;NA;NA;NA;
12;15;1.87;2.39;3.15;NA;2.66;3.29;ND;4.16;ND;NA;NA;NA;
12;16;1.75;1.95;3.08;NA;2.16;3.71;ND;3.89;ND;NA;NA;NA;
12;17;1.75;1.81;4.75;NA;2.37;2.74;ND;3.87;ND;NA;NA;NA;
12;18;1.67;1.93;4.89;NA;2.76;1.95;ND;3.71;ND;NA;NA;NA;
12;19;1.81;1.98;5.36;NA;2.73;1.33;ND;3.33;ND;NA;NA;NA;
12;20;1.75;1.75;5.26;NA;2.86;1.37;ND;3.04;ND;NA;NA;NA;
12;21;1.82;1.45;5.18;NA;2.78;2.09;ND;2.69;ND;NA;NA;NA;
12;22;1.7;1.36;4.04;NA;1.99;2.37;ND;2.49;ND;NA;NA;NA;
12;23;1.63;1.23;3.71;NA;2.15;2.36;ND;2.33;ND;NA;NA;NA;
13;0;1.8;1.21;3.6;NA;1.9;2.37;ND;2.04;ND;NA;NA;NA;
13;1;1.64;1.11;3.77;NA;1.91;2.75;ND;1.98;ND;NA;NA;NA;
13;2;1.38;1.04;3.29;NA;2.01;2.79;ND;1.91;ND;NA;NA;NA;
13;3;1.52;0.98;3.17;NA;1.67;2.87;ND;1.87;ND;NA;NA;NA;
13;4;1.57;1.09;3.04;NA;2.45;3.06;ND;1.96;ND;NA;NA;NA;
13;5;1.72;1.17;2.82;NA;2.93;3.01;ND;2.3;ND;NA;NA;NA;
13;6;1.84;1.66;3.17;NA;3.95;3.09;ND;2.62;ND;NA;NA;NA;
13;7;3.41;2.92;4.05;NA;3.61;3.48;ND;6.4;ND;NA;NA;NA;
13;8;4.42;2.37;5.46;NA;8.35;3.4;ND;8.53;ND;NA;NA;NA;
13;9;4.39;2.7;7.2;NA;6.97;3.15;ND;5.77;ND;NA;NA;NA;
13;10;4.97;3.63;7.33;NA;7.44;2.76;ND;5.05;ND;NA;NA;NA;
13;11;2.86;2.98;5.03;NA;4.69;3.77;ND;4.86;ND;NA;NA;NA;
13;12;1.89;2.19;3.17;NA;3.49;3.75;ND;3.59;ND;NA;NA;NA;
13;13;1.58;1.64;2.39;NA;2.27;3.35;ND;3.06;ND;NA;NA;NA;
13;14;1.32;1.47;2.39;NA;1.93;2.36;ND;2.3;ND;NA;NA;NA;
13;15;1.47;1.41;2.46;NA;2.3;2.12;ND;2.13;ND;NA;NA;NA;
13;16;1.38;1.2;2.22;NA;2.03;2.05;ND;1.99;ND;NA;NA;NA;
13;17;1.44;1.22;2.85;NA;2.1;2.12;ND;2;ND;NA;NA;NA;
13;18;1.5;1.12;3.62;NA;3.93;2.19;ND;1.86;ND;NA;NA;NA;
13;19;1.83;1.12;6.02;NA;4.06;3.64;ND;1.96;ND;NA;NA;NA;
13;20;1.92;1.28;5.73;NA;3.02;4.25;ND;1.75;ND;NA;NA;NA;
13;21;1.95;1.64;5.03;NA;2.36;3.82;ND;1.63;ND;NA;NA;NA;
13;22;2.07;1.68;4.41;NA;1.97;3.9;ND;2.25;ND;NA;NA;NA;
13;23;2.43;1.53;4.93;NA;9.45;4.21;ND;2.21;ND;NA;NA;NA;
14;0;2.63;1.67;5.38;NA;16.95;7.41;ND;2.58;ND;NA;NA;NA;
14;1;2.85;1.79;4.69;NA;26.74;6.85;ND;2.18;ND;NA;NA;NA;
14;2;2.8;1.86;6.56;NA;5.3;4.68;ND;2.66;ND;NA;NA;NA;
14;3;1.81;1.91;3.83;NA;2.32;3.47;ND;2.92;ND;NA;NA;NA;
14;4;1.97;1.89;2.66;NA;6.32;3.36;ND;3.46;ND;NA;NA;NA;
14;5;1.88;1.52;2.92;NA;8.07;3.53;ND;3.7;ND;NA;NA;NA;
14;6;2.07;1.66;4;NA;3.91;4.27;ND;3.92;ND;NA;NA;NA;
14;7;3.23;2.14;5.54;NA;9.15;5.3;ND;4.21;ND;NA;NA;NA;
14;8;4.1;3.26;7.03;NA;7.25;5.45;ND;6.09;ND;NA;NA;NA;
14;9;2.47;2.33;5.79;NA;4.79;5.42;ND;11.91;ND;NA;NA;NA;
14;10;3.09;2.6;6.28;NA;6.94;5.6;ND;7.1;ND;NA;NA;NA;
14;11;7.4;3.68;7.92;NA;4.61;4.93;ND;6.32;ND;NA;NA;NA;
14;12;5.4;2.94;5.67;NA;1.78;3.99;ND;5.6;ND;NA;NA;NA;
14;13;2.27;1.68;4.05;NA;2.07;3.57;ND;3.46;ND;NA;NA;NA;
14;14;1.85;1.56;3.48;NA;1.82;3.38;ND;2.07;ND;NA;NA;NA;
14;15;1.56;1.59;2.53;NA;1.41;2.95;ND;1.99;ND;NA;NA;NA;
14;16;1.49;1.36;2.17;NA;1.39;2.63;ND;2.22;ND;NA;NA;NA;
14;17;1.77;1.21;2.83;NA;1.64;2.44;ND;2.7;ND;NA;NA;NA;
14;18;2;1.5;4.66;NA;1.47;2.72;ND;2.73;ND;NA;NA;NA;
14;19;2.29;1.38;6.25;NA;3.6;2.45;ND;2.26;ND;NA;NA;NA;
14;20;2;1.42;4.85;NA;4.81;3.08;ND;1.95;ND;NA;NA;NA;
14;21;2.19;1.38;4.41;NA;5.26;3.33;ND;1.86;ND;NA;NA;NA;
14;22;2.02;1.27;4.62;NA;2.28;3.48;ND;1.84;ND;NA;NA;NA;
14;23;1.77;1.56;3.68;NA;2.06;3.14;ND;1.7;ND;NA;NA;NA;
15;0;2.19;1.82;3.77;NA;31.24;3.91;ND;1.33;ND;NA;NA;NA;
15;1;2.4;2.12;3.55;NA;16.23;4.43;ND;1.4;ND;NA;NA;NA;
15;2;3.55;2.14;3.26;NA;14.62;5.65;ND;1.4;ND;NA;NA;NA;
15;3;3.07;1.7;3.1;NA;13.4;5.25;ND;1.23;ND;NA;NA;NA;
15;4;2.71;1.79;3.08;NA;7.43;4.76;ND;1.37;ND;NA;NA;NA;
15;5;3.37;1.7;3.42;NA;7.66;5.34;ND;1.3;ND;NA;NA;NA;
15;6;5.27;2.84;4.2;NA;6.66;5.57;ND;1.42;ND;NA;NA;NA;
15;7;7.56;2.37;9.99;NA;39.67;9.38;ND;1.65;ND;NA;NA;NA;
15;8;8.94;3.65;12.78;NA;28.44;16.88;ND;1.62;ND;NA;NA;NA;
15;9;9.79;6.92;15.43;NA;13.23;8.92;ND;1.38;ND;NA;NA;NA;
15;10;10.56;9.7;12.78;NA;6.29;6.52;ND;1.42;ND;NA;NA;NA;
15;11;8.6;7.82;8.55;NA;4.56;5.2;ND;1.45;ND;NA;NA;NA;
15;12;6.71;6.01;8.97;NA;5.59;6.19;ND;1.28;ND;NA;NA;NA;
15;13;ND;4.37;ND;NA;3.58;5.04;ND;1.23;ND;NA;NA;NA;
15;14;ND;2.59;ND;NA;3.42;4.88;ND;2.91;ND;NA;NA;NA;
15;15;1.99;2.04;3;NA;2.57;3.39;ND;3.55;ND;NA;NA;NA;
15;16;1.85;2.53;3.52;NA;1.79;2.85;ND;3.5;ND;NA;NA;NA;
15;17;1.83;1.77;3.61;NA;2.56;2.37;ND;3.11;ND;NA;NA;NA;
15;18;1.77;1.87;3.92;NA;2.19;1.54;ND;2.95;ND;NA;NA;NA;
15;19;1.83;1.71;5.09;NA;2.4;2.73;ND;2.35;ND;NA;NA;NA;
15;20;2.19;1.57;5.93;NA;2.76;3.64;ND;1.9;ND;NA;NA;NA;
15;21;2.34;1.41;4.75;NA;2.05;3.72;ND;1.15;ND;NA;NA;NA;
15;22;2.07;1.43;4.05;NA;4.19;3.74;ND;1.39;ND;NA;NA;NA;
15;23;1.84;1.22;5.55;NA;3.08;3.97;ND;1.26;ND;NA;NA;NA;
16;0;2.06;1.13;5.64;NA;2.54;3.8;ND;1.33;ND;NA;NA;NA;
16;1;2.12;1.29;4.54;NA;6.09;3.71;ND;1.28;ND;NA;NA;NA;
16;2;2.2;1.5;4.37;NA;10.1;3.94;ND;1.24;ND;NA;NA;NA;
16;3;2.28;1.91;4.78;NA;41.57;4.39;ND;1.23;ND;NA;NA;NA;
16;4;2.54;2.05;4.4;NA;5.29;3.93;ND;1.32;ND;NA;NA;NA;
16;5;2.67;2.4;4.87;NA;9.52;4.53;ND;1.61;ND;NA;NA;NA;
16;6;5.16;2.75;7.72;NA;6.02;6.06;ND;2.05;ND;NA;NA;NA;
16;7;9.52;3.68;10.13;NA;41.9;10.67;ND;1.99;ND;NA;NA;NA;
16;8;7.76;6.6;13.66;NA;16.19;14.47;ND;1.66;ND;NA;NA;NA;
16;9;8.62;7.41;16.38;NA;6.34;10.23;ND;1.39;ND;NA;NA;NA;
16;10;7.19;ND;12.52;NA;8.5;ND;ND;1.46;ND;NA;NA;NA;
16;11;5.37;ND;9.32;NA;8.22;ND;ND;1.39;ND;NA;NA;NA;
16;12;4.15;3.36;5.5;NA;4.79;4.21;ND;1.27;ND;NA;NA;NA;
16;13;2.58;2.89;5.47;NA;ND;2.81;ND;1.21;ND;NA;NA;NA;
16;14;2.34;2.59;4.45;NA;ND;2.82;ND;1.14;ND;NA;NA;NA;
16;15;1.97;2.53;3.61;NA;3.49;2.15;ND;1.55;ND;NA;NA;NA;
16;16;1.78;1.83;3.73;NA;2.52;1.17;ND;2.91;ND;NA;NA;NA;
16;17;1.61;1.86;4.44;NA;3.08;0.71;ND;3.17;ND;NA;NA;NA;
16;18;1.8;2.05;5.71;NA;3.47;0.51;ND;2.89;ND;NA;NA;NA;
16;19;1.86;1.78;7.32;NA;3.68;1.24;ND;2.49;ND;NA;NA;NA;
16;20;1.82;1.78;6.47;NA;3.58;1.47;ND;1.36;ND;NA;NA;NA;
16;21;2.62;1.73;5.02;NA;3.34;1.22;ND;1.12;ND;NA;NA;NA;
16;22;2.32;1.47;4.14;NA;3.76;1.28;ND;1.19;ND;NA;NA;NA;
16;23;2.47;1.62;4.28;NA;2.97;1.04;ND;1.19;ND;NA;NA;NA;
17;0;2.37;1.44;3.72;NA;2.75;1.13;ND;1.16;ND;NA;NA;NA;
17;1;1.77;1.33;2.75;NA;2.37;1.2;ND;1.27;ND;NA;NA;NA;
17;2;1.75;1.25;2.56;NA;3.86;1.11;ND;1.32;ND;NA;NA;NA;
17;3;1.74;1.21;2.4;NA;2;0.78;ND;1.13;ND;NA;NA;NA;
17;4;2.46;1.17;2.99;NA;3.47;1.12;ND;1.22;ND;NA;NA;NA;
17;5;2.64;3.85;3.55;NA;12.88;1.58;ND;1.32;ND;NA;NA;NA;
17;6;3.55;2.96;7.43;NA;27.64;2.78;ND;1.39;ND;NA;NA;NA;
17;7;2.93;2.35;9;NA;12.86;7.24;ND;1.38;ND;NA;NA;NA;
17;8;2.81;2.04;10.79;NA;11.51;6.13;ND;1.39;ND;NA;NA;NA;
17;9;3.63;2.29;10.88;NA;6.76;4.65;ND;1.38;ND;NA;NA;NA;
17;10;3.57;2.31;9.71;NA;5.29;2.78;ND;1.25;ND;NA;NA;NA;
17;11;2.95;2.15;7.37;NA;6.14;0.53;ND;1.27;ND;NA;NA;NA;
17;12;2.31;2.04;5.95;NA;5.1;0.51;ND;1.25;ND;NA;NA;NA;
17;13;1.83;2.22;4.23;NA;3.29;0.52;ND;ND;ND;NA;NA;NA;
17;14;1.88;2.09;3.91;NA;3.09;1.54;ND;ND;ND;NA;NA;NA;
17;15;1.91;2.23;4.2;NA;4.23;1.16;ND;1.32;ND;NA;NA;NA;
17;16;2.24;2.06;4.86;NA;7.98;2.19;ND;2.65;ND;NA;NA;NA;
17;17;2.54;2.03;6.21;NA;6.93;3.04;ND;4.66;ND;NA;NA;NA;
17;18;2.25;1.94;8.01;NA;5.43;2.64;ND;3;ND;NA;NA;NA;
17;19;2.57;1.44;7.48;NA;3.89;2.61;ND;2.33;ND;NA;NA;NA;
17;20;2.23;1.5;6.31;NA;4.74;3.08;ND;2.15;ND;NA;NA;NA;
17;21;1.81;1.29;5.42;NA;3.5;2.97;ND;1.69;ND;NA;NA;NA;
17;22;1.91;1.18;4.01;NA;2.17;2.72;ND;1.67;ND;NA;NA;NA;
17;23;2.05;1.09;3.82;NA;1.41;2.22;ND;1.58;ND;NA;NA;NA;
18;0;1.54;0.98;3.11;NA;1.4;1.83;ND;1.52;ND;NA;NA;NA;
18;1;1.58;1.02;3.03;NA;1.19;1.64;ND;1.46;ND;NA;NA;NA;
18;2;1.53;0.94;2.8;NA;1.1;1.43;ND;1.56;ND;NA;NA;NA;
18;3;1.6;1.09;2.96;NA;1.36;1.21;ND;1.47;ND;NA;NA;NA;
18;4;1.55;0.97;3.19;NA;2.08;1.2;ND;1.38;ND;NA;NA;NA;
18;5;2.03;0.96;2.97;NA;2.56;1.15;ND;1.49;ND;NA;NA;NA;
18;6;3.45;1.14;5.31;NA;4.79;1.86;ND;1.64;ND;NA;NA;NA;
18;7;3.89;1.8;7.53;NA;5.4;3.22;ND;1.69;ND;NA;NA;NA;
18;8;6.58;1.72;7.81;NA;4.62;3.12;ND;2.73;ND;NA;NA;NA;
18;9;5.05;2.51;7.2;NA;4.83;2.49;ND;6.66;ND;NA;NA;NA;
18;10;3.93;2.34;4.55;NA;4.78;3.54;ND;4.62;ND;NA;NA;NA;
18;11;3.19;2.89;3.22;NA;4.51;4.18;ND;2.81;ND;NA;NA;NA;
18;12;3.32;2.72;3.91;NA;5.96;4.4;ND;2.92;ND;NA;NA;NA;
18;13;2.41;1.96;3.66;NA;3.93;3.88;ND;3.82;ND;NA;NA;NA;
18;14;2.28;1.67;4.19;NA;ND;1.56;ND;3.46;ND;NA;NA;NA;
18;15;2.01;1.42;5.3;NA;ND;0.91;ND;3.47;ND;NA;NA;NA;
18;16;1.82;1.66;4.07;NA;2.16;1.26;ND;2.68;ND;NA;NA;NA;
18;17;2.21;1.75;4.42;NA;3.17;1.92;ND;1.72;ND;NA;NA;NA;
18;18;2.63;1.38;7.14;NA;10.63;3.55;ND;1.7;ND;NA;NA;NA;
18;19;3.44;1.44;9.46;NA;5.63;3.65;ND;1.94;ND;NA;NA;NA;
18;20;2.96;1.53;9.22;NA;5.55;3.24;ND;1.63;ND;NA;NA;NA;
18;21;3.53;1.52;10.01;NA;5.41;4.36;ND;1.24;ND;NA;NA;NA;
18;22;3.26;1.82;7.28;NA;7.22;3.45;ND;ND;ND;NA;NA;NA;
18;23;2.53;1.53;6.93;NA;4.17;3.43;ND;ND;ND;NA;NA;NA;
19;0;2.7;1.62;6.99;NA;4.16;2.99;ND;1.2;ND;NA;NA;NA;
19;1;6.97;2.3;6.64;NA;3.26;2.75;ND;1.18;ND;NA;NA;NA;
19;2;5.09;2.41;6.1;NA;3.33;2.49;ND;1.33;ND;NA;NA;NA;
19;3;4.43;2.83;5.68;NA;3.12;2.4;ND;1.25;ND;NA;NA;NA;
19;4;3.12;2.56;4.92;NA;3.7;2.58;ND;1.26;ND;NA;NA;NA;
19;5;3.06;4.27;4.59;NA;3.92;3.06;ND;1.29;ND;NA;NA;NA;
19;6;4.52;4.81;7.22;NA;15.16;4.26;ND;1.76;ND;NA;NA;NA;
19;7;7.52;5.21;8.89;NA;33.71;10.58;ND;1.92;ND;NA;NA;NA;
19;8;11.23;7.21;11.94;NA;20.82;9.44;ND;2.14;ND;NA;NA;NA;
19;9;9.41;7.76;13.67;NA;4.5;7.73;ND;2.01;ND;NA;NA;NA;
19;10;4.41;4.98;10.29;NA;5.88;6.06;ND;1.51;ND;NA;NA;NA;
19;11;3.8;4.08;7.65;NA;8.7;4.57;ND;1.21;ND;NA;NA;NA;
19;12;3.25;2.97;6.87;NA;5.65;3.63;ND;1.26;ND;NA;NA;NA;
19;13;2.89;2.61;6.02;NA;5.2;3.31;ND;1.11;ND;NA;NA;NA;
19;14;2.53;2.15;4.17;NA;3.99;2.7;ND;0.96;ND;NA;NA;NA;
19;15;2.35;1.86;3.25;NA;2.61;2.14;ND;1.49;ND;NA;NA;NA;
19;16;2.24;1.92;4.12;NA;2.9;2.09;ND;1.21;ND;NA;NA;NA;
19;17;3.18;2.2;4.81;NA;2.19;2.22;ND;1.64;ND;NA;NA;NA;
19;18;3.25;1.94;6.57;NA;4.64;2.13;ND;2.16;ND;NA;NA;NA;
19;19;3.28;2.19;7.21;NA;3.8;2.59;ND;3.16;ND;NA;NA;NA;
19;20;4.05;2.35;7.97;NA;3.96;3.95;ND;3.58;ND;NA;NA;NA;
19;21;5.64;2.55;8.2;NA;4.72;5.92;ND;4.2;ND;NA;NA;NA;
19;22;3.61;2.9;ND;NA;5.42;4.25;ND;3.74;ND;NA;NA;NA;
19;23;4.61;3.08;ND;NA;7.9;3.1;ND;3.57;ND;NA;NA;NA;
20;0;6.82;2.92;6.01;NA;14.88;3.57;ND;3.3;ND;NA;NA;NA;
20;1;4.91;2.81;6.55;NA;24.59;2.58;ND;3.32;ND;NA;NA;NA;
20;2;3.56;2.65;8.21;NA;22.51;6.03;ND;3.26;ND;NA;NA;NA;
20;3;3.22;4.2;5.42;NA;12.83;6.66;ND;3.6;ND;NA;NA;NA;
20;4;4.85;4.42;3.56;NA;12.21;5.3;ND;3.16;ND;NA;NA;NA;
20;5;5.18;5.36;9.64;NA;16.28;13.15;ND;2.99;ND;NA;NA;NA;
20;6;4.1;5.02;8.75;NA;10.45;11.55;ND;3.35;ND;NA;NA;NA;
20;7;4.77;3.89;11.83;NA;16.02;11.54;ND;9.57;ND;NA;NA;NA;
20;8;3.74;3.24;9.59;NA;10.46;5.51;ND;11.05;ND;NA;NA;NA;
20;9;4.34;3.46;6.99;NA;6.42;2.92;ND;8.23;ND;NA;NA;NA;
20;10;5;3.56;8.1;NA;3.51;2.81;ND;6.82;ND;NA;NA;NA;
20;11;4.67;5.05;10.6;NA;3.79;1.92;ND;4.95;ND;NA;NA;NA;
20;12;3.7;3.5;4.31;NA;7.49;2.06;ND;6.56;ND;NA;NA;NA;
20;13;2.7;2.53;4.4;NA;6;1.38;ND;3.03;ND;NA;NA;NA;
20;14;2.25;2.39;3.93;NA;4.05;1.03;ND;2.2;ND;NA;NA;NA;
20;15;1.9;2.27;3.53;NA;4.47;1.69;ND;2.46;ND;NA;NA;NA;
20;16;1.96;2.25;3.22;NA;2.66;2.22;ND;2.39;ND;NA;NA;NA;
20;17;2.05;2.17;3.64;NA;2.55;1.57;ND;3.03;ND;NA;NA;NA;
20;18;2.01;2.16;5.85;NA;3.53;3.23;ND;2.61;ND;NA;NA;NA;
20;19;2.31;2.46;6.93;NA;3.1;5.25;ND;2.94;ND;NA;NA;NA;
20;20;3.32;2.43;7.03;NA;3.68;4.01;ND;3.14;ND;NA;NA;NA;
20;21;3.75;2.46;7.43;NA;4.42;2.48;ND;3.61;ND;NA;NA;NA;
20;22;3.23;3.31;6.09;NA;9.07;3.59;ND;3.44;ND;NA;NA;NA;
20;23;2.85;2.85;5.74;NA;1.51;3.28;ND;3.29;ND;NA;NA;NA;
21;0;2.93;2.72;5.34;NA;2.08;5.35;ND;3.12;ND;NA;NA;NA;
21;1;2.84;2.51;5.54;NA;4.98;5.49;ND;3.12;ND;NA;NA;NA;
21;2;2.38;2.19;6.58;NA;2.63;5.75;ND;2.87;ND;NA;NA;NA;
21;3;2;3.14;3.64;NA;7.22;3.8;ND;2.51;ND;NA;NA;NA;
21;4;2.72;2.5;3.32;NA;3.79;3.28;ND;2.5;ND;NA;NA;NA;
21;5;2.74;2.94;3.25;NA;3.81;2.64;ND;2.54;ND;NA;NA;NA;
21;6;3.54;3.87;9.83;NA;7.7;4.09;ND;2.96;ND;NA;NA;NA;
21;7;4.67;4.86;8.75;NA;3.6;4.1;ND;3.35;ND;NA;NA;NA;
21;8;6.24;5.04;5.36;NA;2.77;4.44;ND;3.37;ND;NA;NA;NA;
21;9;4.91;4.44;5.93;NA;5.29;5.2;ND;3.77;ND;NA;NA;NA;
21;10;2.91;2.93;4.3;NA;4.56;4.25;ND;3.99;ND;NA;NA;NA;
21;11;1.78;2.34;2.56;NA;5.47;2.05;ND;2.64;ND;NA;NA;NA;
21;12;1.61;2.48;2.19;NA;1.98;ND;ND;1.84;ND;NA;NA;NA;
21;13;2.58;2.93;1.36;NA;1.27;ND;ND;1.7;ND;NA;NA;NA;
21;14;1.84;2.53;2.09;NA;1.24;ND;ND;1.83;ND;NA;NA;NA;
21;15;1.71;2.37;2.92;NA;2.21;ND;ND;2.64;ND;NA;NA;NA;
21;16;1.86;2.2;3.19;NA;2.98;ND;ND;2.01;ND;NA;NA;NA;
21;17;1.67;1.83;2.56;NA;2.78;ND;ND;1.91;ND;NA;NA;NA;
21;18;2.06;1.94;2.92;NA;2.21;1.19;ND;1.77;ND;NA;NA;NA;
21;19;2.22;2.07;4.24;NA;4.2;2.69;ND;1.83;ND;NA;NA;NA;
21;20;2.48;1.83;4.79;NA;3.13;2.72;ND;1.71;ND;NA;NA;NA;
21;21;2.64;1.72;4.23;NA;6.38;2.44;ND;1.51;ND;NA;NA;NA;
21;22;2.52;1.5;3.4;NA;5.23;ND;ND;1.59;ND;NA;NA;NA;
21;23;2.23;1.42;3.48;NA;2.97;ND;ND;1.64;ND;NA;NA;NA;
22;0;2.39;1.37;3.16;NA;2.74;1.4;ND;1.55;ND;NA;NA;NA;
22;1;2.35;1.51;3.2;NA;2.81;1.58;ND;1.46;ND;NA;NA;NA;
22;2;2.11;1.55;3.63;NA;2.29;1.1;ND;2.04;ND;NA;NA;NA;
22;3;1.78;1.29;2.9;NA;9.78;1.02;ND;2.45;ND;NA;NA;NA;
22;4;2.27;1.38;2.95;NA;4.48;1.24;ND;3.49;ND;NA;NA;NA;
22;5;2.46;1.33;3.25;NA;23.05;1.21;ND;3.61;ND;NA;NA;NA;
22;6;4.28;2.47;5.5;NA;17.81;2.48;ND;4.1;ND;NA;NA;NA;
22;7;5.43;3.39;8.34;NA;39.01;11.34;ND;6;ND;NA;NA;NA;
22;8;8.58;4.32;9.06;NA;8.81;12.33;ND;8.22;ND;NA;NA;NA;
22;9;7.65;6.41;10;NA;5.81;6.72;ND;5.61;ND;NA;NA;NA;
22;10;5.59;4.44;9.55;NA;5.75;9.46;ND;3.99;ND;NA;NA;NA;
22;11;2.81;2.62;6.98;NA;6.7;6.2;ND;3.75;ND;NA;NA;NA;
22;12;2.48;2.84;4.17;NA;4.08;3.19;ND;2.93;ND;NA;NA;NA;
22;13;2.1;2.1;3.39;NA;2.99;2.29;ND;2.4;ND;NA;NA;NA;
22;14;1.79;1.93;2.89;NA;2.68;1.72;ND;1.89;ND;NA;NA;NA;
22;15;1.68;1.87;3.27;NA;2.33;1.62;ND;1.92;ND;NA;NA;NA;
22;16;1.75;1.87;4;NA;2.49;1.47;ND;2.13;ND;NA;NA;NA;
22;17;1.79;1.64;5.13;NA;3.08;2.66;ND;2.09;ND;NA;NA;NA;
22;18;2.86;1.57;6.29;NA;4.93;3.05;ND;2.04;ND;NA;NA;NA;
22;19;3.08;1.4;5.76;NA;3.15;3.76;ND;1.83;ND;NA;NA;NA;
22;20;3.35;1.35;5.29;NA;3.61;3.61;ND;1.89;ND;NA;NA;NA;
22;21;2.32;1.41;4.08;NA;3.62;2.24;ND;1.83;ND;NA;NA;NA;
22;22;1.99;1.23;4.19;NA;3.59;1.58;ND;1.59;ND;NA;NA;NA;
22;23;2.32;1.34;3.78;NA;2.56;1.47;ND;1.72;ND;NA;NA;NA;
23;0;2;1.2;3.39;NA;3.26;1.55;ND;1.45;ND;NA;NA;NA;
23;1;1.86;1.24;3.46;NA;1.69;1.64;ND;1.42;ND;NA;NA;NA;
23;2;1.99;1.32;3.03;NA;2.06;1.21;ND;1.49;ND;NA;NA;NA;
23;3;2.26;1.31;3.27;NA;3.89;1.17;ND;1.4;ND;NA;NA;NA;
23;4;2.27;1.2;4.31;NA;4.59;0.88;ND;1.44;ND;NA;NA;NA;
23;5;1.94;1.45;3.43;NA;3.18;0.87;ND;1.69;ND;NA;NA;NA;
23;6;2.24;2.55;4.31;NA;3.74;1.63;ND;1.94;ND;NA;NA;NA;
23;7;5.49;3.14;5.88;NA;7.43;2.91;ND;3.65;ND;NA;NA;NA;
23;8;5.96;4;5.89;NA;6.22;3.58;ND;9.17;ND;NA;NA;NA;
23;9;5.67;5.14;5.84;NA;3.27;4.27;ND;5.63;ND;NA;NA;NA;
23;10;5.75;3.6;4.86;NA;2.88;2.94;ND;ND;ND;NA;NA;NA;
23;11;3.07;2.7;4.74;NA;3.11;2.83;ND;ND;ND;NA;NA;NA;
23;12;2.48;2.3;3.73;NA;2.44;1.68;ND;2.06;ND;NA;NA;NA;
23;13;1.77;1.94;2.65;NA;2.1;1.32;ND;2.06;ND;NA;NA;NA;
23;14;1.81;1.73;2.77;NA;1.99;1.28;ND;2.16;ND;NA;NA;NA;
23;15;1.59;1.58;2.05;NA;ND;1.07;ND;2.23;ND;NA;NA;NA;
23;16;1.55;1.42;3.26;NA;ND;0.75;ND;1.89;ND;NA;NA;NA;
23;17;1.53;1.54;3.69;NA;2.27;1.13;ND;1.89;ND;NA;NA;NA;
23;18;1.87;1.58;4.4;NA;2.87;1.95;ND;1.8;ND;NA;NA;NA;
23;19;1.83;1.29;4.59;NA;3.19;2.72;ND;1.67;ND;NA;NA;NA;
23;20;1.92;1.28;4.99;NA;3.42;2.68;ND;1.51;ND;NA;NA;NA;
23;21;2.28;1.3;4.23;NA;3.14;2.27;ND;1.49;ND;NA;NA;NA;
23;22;2.04;1.64;3.84;NA;2.72;2.32;ND;1.52;ND;NA;NA;NA;
23;23;2.12;1.56;5.73;NA;3.44;2.22;ND;1.74;ND;NA;NA;NA;
24;0;2.28;1.41;4.91;NA;3.2;1.65;ND;1.57;ND;NA;NA;NA;
24;1;2.25;1.29;5.11;NA;5.93;4.54;ND;2.38;ND;NA;NA;NA;
24;2;2.13;1.7;6.08;NA;6.81;3.61;ND;1.89;ND;NA;NA;NA;
24;3;2.57;2.33;5.09;NA;5.01;4.59;ND;2.03;ND;NA;NA;NA;
24;4;3.25;2.55;8.37;NA;28.94;12.41;ND;23.44;ND;NA;NA;NA;
24;5;4.31;3.3;11.48;NA;25.14;7.58;ND;8.86;ND;NA;NA;NA;
24;6;5.6;6.54;12.86;NA;57.3;10.41;ND;4.46;ND;NA;NA;NA;
24;7;15.05;7.87;20.89;NA;51.14;28.74;ND;22.92;ND;NA;NA;NA;
24;8;13.49;8.87;15.79;NA;14.21;15.92;ND;15.63;ND;NA;NA;NA;
24;9;ND;6.56;8.22;NA;6.81;6.58;ND;12.55;ND;NA;NA;NA;
24;10;ND;3.77;ND;NA;3.9;2.12;ND;9;ND;NA;NA;NA;
24;11;3.23;3.01;ND;NA;2.59;1.36;ND;4.82;ND;NA;NA;NA;
24;12;3.03;2.67;4.01;NA;3.54;ND;ND;3.24;ND;NA;NA;NA;
24;13;2.39;3.65;3.45;NA;2;ND;ND;1.85;ND;NA;NA;NA;
24;14;2.22;2.72;3.09;NA;3;1.7;ND;2.82;ND;NA;NA;NA;
24;15;1.78;2.17;2.86;NA;2.63;1.38;ND;2.97;ND;NA;NA;NA;
24;16;1.81;1.87;2.8;NA;2.48;1.03;ND;2.68;ND;NA;NA;NA;
24;17;1.9;2.02;3.51;NA;2.64;1.52;ND;2.56;ND;NA;NA;NA;
24;18;1.79;1.99;5.13;NA;2.95;3.09;ND;2.59;ND;NA;NA;NA;
24;19;2.42;2.17;6.07;NA;4.05;4.02;ND;2.34;ND;NA;NA;NA;
24;20;3.07;2.08;5.71;NA;3.92;4.04;ND;1.99;ND;NA;NA;NA;
24;21;3.4;2.04;6.53;NA;3.99;3.96;ND;2.21;ND;NA;NA;NA;
24;22;2.76;2.03;4.88;NA;6;4.37;ND;2.73;ND;NA;NA;NA;
24;23;2.45;2.41;5.92;NA;3.57;3.89;ND;2.22;ND;NA;NA;NA;
25;0;2.57;1.82;6.51;NA;7.74;2.47;ND;2.06;ND;NA;NA;NA;
25;1;2.47;1.84;6.59;NA;13.43;2.36;ND;2.73;ND;NA;NA;NA;
25;2;2.71;2.28;6.8;NA;10.1;2.54;ND;5.25;ND;NA;NA;NA;
25;3;2.63;3.36;7.01;NA;23.41;2.09;ND;3.43;ND;NA;NA;NA;
25;4;4.09;4.57;5.49;NA;26.75;7.26;ND;8.01;ND;NA;NA;NA;
25;5;5.68;8.42;5.01;NA;25.38;9.36;ND;3;ND;NA;NA;NA;
25;6;8.44;9.56;9.34;NA;52.67;11.5;ND;2.44;ND;NA;NA;NA;
25;7;20.81;10.87;13.03;NA;40.93;10.84;ND;1.82;ND;NA;NA;NA;
25;8;14.18;9.46;8.69;NA;28.86;6.67;ND;1.7;ND;NA;NA;NA;
25;9;6.45;6.75;6.29;NA;4.46;3.71;ND;1.52;ND;NA;NA;NA;
25;10;3.39;3.69;4.95;NA;3.68;2.98;ND;ND;ND;NA;NA;NA;
25;11;3.01;ND;2.83;NA;2.18;1.34;ND;ND;ND;NA;NA;NA;
25;12;2.6;ND;2.73;NA;2.8;1.07;ND;1.54;ND;NA;NA;NA;
25;13;2.58;3.57;3.67;NA;3.19;1.9;ND;1.7;ND;NA;NA;NA;
25;14;2.33;2.52;2.94;NA;3.74;1.9;ND;1.86;ND;NA;NA;NA;
25;15;2.13;2.43;2.34;NA;3.19;1.1;ND;1.92;ND;NA;NA;NA;
25;16;1.88;2.49;2.2;NA;2.85;1.29;ND;1.6;ND;NA;NA;NA;
25;17;1.74;2.48;3.79;NA;3.03;2.07;ND;1.27;ND;NA;NA;NA;
25;18;1.81;2.44;6.27;NA;3.87;2.83;ND;1.37;ND;NA;NA;NA;
25;19;2.32;2.47;6.19;NA;3.17;3.38;ND;1.41;ND;NA;NA;NA;
25;20;2.69;2.74;7.13;NA;4.46;4.49;ND;1.4;ND;NA;NA;NA;
25;21;3.08;2.33;5.27;NA;4.39;3.19;ND;1.24;ND;NA;NA;NA;
25;22;2.31;2.15;5.3;NA;3.05;2.26;ND;1.34;ND;NA;NA;NA;
25;23;2.36;1.9;5.08;NA;4.83;2.71;ND;1.33;ND;NA;NA;NA;
26;0;2.32;1.97;4.28;NA;3.91;2.44;ND;1.17;ND;NA;NA;NA;
26;1;2.95;3.04;4.71;NA;3.99;3.21;ND;1.09;ND;NA;NA;NA;
26;2;3.15;2.88;8.14;NA;14.14;4.72;ND;1.11;ND;NA;NA;NA;
26;3;3.16;2.71;7.37;NA;12.9;8.07;ND;1.32;ND;NA;NA;NA;
26;4;2.82;2.55;8.14;NA;6.75;5.89;ND;1.32;ND;NA;NA;NA;
26;5;2.94;2.51;6.8;NA;6.84;6.28;ND;1.16;ND;NA;NA;NA;
26;6;3.22;2.31;6.41;NA;5.27;3.75;ND;1.33;ND;NA;NA;NA;
26;7;4.06;2.44;8.06;NA;6.4;5.44;ND;1.23;ND;NA;NA;NA;
26;8;7.61;3.48;9.04;NA;9.44;5.85;ND;1.52;ND;NA;NA;NA;
26;9;8.51;4.01;8.44;NA;5.96;6.03;ND;1.86;ND;NA;NA;NA;
26;10;5.61;3.81;6.35;NA;6.91;6.97;ND;2.14;ND;NA;NA;NA;
26;11;3.62;3.09;5.02;NA;4.62;4;ND;2.14;ND;NA;NA;NA;
26;12;2.46;2.67;4.24;NA;4.27;3.75;ND;2.17;ND;NA;NA;NA;
26;13;2.11;2.64;3.68;NA;3.53;2.63;ND;1.75;ND;NA;NA;NA;
26;14;2.05;2.26;4.67;NA;3.09;1.89;ND;1.74;ND;NA;NA;NA;
26;15;2.32;1.92;4.29;NA;4.06;2.5;ND;1.58;ND;NA;NA;NA;
26;16;2.5;1.92;4.08;NA;4.77;2.17;ND;1.39;ND;NA;NA;NA;
26;17;2.76;2.15;6.67;NA;5.15;3.8;ND;1.33;ND;NA;NA;NA;
26;18;4.33;2.69;8.16;NA;8.07;3.63;ND;1.72;ND;NA;NA;NA;
26;19;4.15;2.52;11.16;NA;12.01;16.86;ND;2.02;ND;NA;NA;NA;
26;20;3.62;2.27;11.63;NA;10.93;10.84;ND;1.97;ND;NA;NA;NA;
26;21;5.37;2.2;10.42;NA;9.86;11.76;ND;2.17;ND;NA;NA;NA;
26;22;5.87;3.29;6.75;NA;9.62;9.03;ND;1.79;ND;NA;NA;NA;
26;23;6.56;3.85;8.05;NA;12.31;11.8;ND;1.98;ND;NA;NA;NA;
27;0;6.16;3.97;6.44;NA;22.88;7.43;ND;2.17;ND;NA;NA;NA;
27;1;6.61;3.71;10.44;NA;65.34;12.64;ND;1.86;ND;NA;NA;NA;
27;2;3.59;3.63;5.87;NA;21.78;7.46;ND;2.16;ND;NA;NA;NA;
27;3;3.22;3.3;6.12;NA;17.59;9.6;ND;4.02;ND;NA;NA;NA;
27;4;3.28;3.34;7.96;NA;32.38;19.5;ND;3.88;ND;NA;NA;NA;
27;5;3.95;4.88;13.27;NA;27.69;19.73;ND;5.28;ND;NA;NA;NA;
27;6;7.3;6.28;14.2;NA;61.42;12.35;ND;6.22;ND;NA;NA;NA;
27;7;8.44;7.66;17.16;NA;27.43;15.11;ND;8.19;ND;NA;NA;NA;
27;8;11.13;11.61;11.81;NA;23.65;8.96;ND;13.79;ND;NA;NA;NA;
27;9;10.38;11.85;6.82;NA;13;3.93;ND;9.59;ND;NA;NA;NA;
27;10;5.49;6.9;15.78;NA;4.02;3.1;ND;7.33;ND;NA;NA;NA;
27;11;3.65;3.99;12.05;NA;5.28;3.41;ND;3.15;ND;NA;NA;NA;
27;12;3.23;3.72;4.78;NA;3.89;1.36;ND;2.38;ND;NA;NA;NA;
27;13;2.64;2.69;19.97;NA;2.01;3.43;ND;2.22;ND;NA;NA;NA;
27;14;2.58;3.12;5.39;NA;1.71;2.93;ND;2.16;ND;NA;NA;NA;
27;15;2.49;2.76;3.2;NA;2.3;0.93;ND;2.08;ND;NA;NA;NA;
27;16;2.11;2.75;2.75;NA;3.5;2.3;ND;1.8;ND;NA;NA;NA;
27;17;2.14;2.47;3.57;NA;3.5;2.55;ND;1.51;ND;NA;NA;NA;
27;18;2.29;2.54;5.37;NA;3.41;3.77;ND;1.59;ND;NA;NA;NA;
27;19;2.4;2.22;6.89;NA;3.92;5.19;ND;1.51;ND;NA;NA;NA;
27;20;2.75;1.96;7.08;NA;5.23;6.53;ND;1.33;ND;NA;NA;NA;
27;21;2.73;1.93;5.08;NA;6.16;7.06;ND;1.31;ND;NA;NA;NA;
27;22;2.39;1.91;4.05;NA;6.52;5.37;ND;1.37;ND;NA;NA;NA;
27;23;2.38;1.7;4.1;NA;12.78;5.36;ND;1.36;ND;NA;NA;NA;
28;0;2.25;1.56;3.52;NA;12.5;4.08;ND;1.52;ND;NA;NA;NA;
28;1;2.05;1.6;3.44;NA;3.83;3.48;ND;1.57;ND;NA;NA;NA;
28;2;2.58;1.51;4.56;NA;10.16;4.62;ND;1.69;ND;NA;NA;NA;
28;3;2.31;1.48;7.26;NA;12.14;7.7;ND;2.34;ND;NA;NA;NA;
28;4;2.11;3.47;4.25;NA;11.26;5.6;ND;3.57;ND;NA;NA;NA;
28;5;2.32;5.37;2.7;NA;9.45;4.34;ND;3.8;ND;NA;NA;NA;
28;6;3.44;5.58;3.71;NA;9.98;5.77;ND;3.4;ND;NA;NA;NA;
28;7;5.9;6.06;4.29;NA;7.23;4.98;ND;5.74;ND;NA;NA;NA;
28;8;5.91;5.99;4.37;NA;3.12;5.13;ND;10.83;ND;NA;NA;NA;
28;9;5.71;6.04;7.7;NA;3.09;2.44;ND;5.54;ND;NA;NA;NA;
28;10;4.53;4.3;5.06;NA;3.52;2.5;ND;3.41;ND;NA;NA;NA;
28;11;3.13;2.92;2.69;NA;2.93;1.45;ND;2.45;ND;NA;NA;NA;
28;12;2.18;2.72;2.24;NA;2.31;0.72;ND;1.91;ND;NA;NA;NA;
28;13;2;2.85;2.18;NA;2.19;0.89;ND;1.74;ND;NA;NA;NA;
28;14;2.2;2.53;2.12;NA;2.3;1.1;ND;1.68;ND;NA;NA;NA;
28;15;1.9;1.95;1.92;NA;2.46;1.32;ND;1.63;ND;NA;NA;NA;
28;16;1.78;1.96;1.61;NA;2.49;0.94;ND;1.67;ND;NA;NA;NA;
28;17;1.8;1.92;2;NA;2.52;0.84;ND;1.87;ND;NA;NA;NA;
28;18;2.1;1.88;3.51;NA;2.6;2.32;ND;1.64;ND;NA;NA;NA;
28;19;2.24;1.95;4.21;NA;3.25;3.47;ND;1.64;ND;NA;NA;NA;
28;20;2.3;2.05;4.25;NA;6.18;3.37;ND;1.55;ND;NA;NA;NA;
28;21;2.59;2.13;4.99;NA;3.5;3.57;ND;1.47;ND;NA;NA;NA;
28;22;2.81;1.7;4.28;NA;3.36;3.33;ND;1.7;ND;NA;NA;NA;
28;23;2.72;2.1;4.8;NA;3.99;2.96;ND;1.82;ND;NA;NA;NA;
29;0;2.98;2.13;4.5;NA;10.14;5.64;ND;1.78;ND;NA;NA;NA;
29;1;1.98;1.89;2.77;NA;6.68;2.54;ND;1.7;ND;NA;NA;NA;
29;2;2.25;1.79;3.06;NA;6.73;4.61;ND;1.73;ND;NA;NA;NA;
29;3;1.75;1.47;2.51;NA;7.83;3.67;ND;2.07;ND;NA;NA;NA;
29;4;1.73;1.76;2.59;NA;7.86;3.06;ND;2.63;ND;NA;NA;NA;
29;5;3.28;1.9;2.77;NA;7.63;2.84;ND;3.58;ND;NA;NA;NA;
29;6;6.22;3.24;4.2;NA;12.22;5.18;ND;4.73;ND;NA;NA;NA;
29;7;6.99;5.1;6.12;NA;7.84;5.25;ND;17.74;ND;NA;NA;NA;
29;8;8.54;5.23;19.14;NA;4.22;4.58;ND;21.78;ND;NA;NA;NA;
29;9;8.34;6.27;22.13;NA;6.56;3.44;ND;10.21;ND;NA;NA;NA;
29;10;5.16;3.86;14.65;NA;5.08;9.33;ND;ND;ND;NA;NA;NA;
29;11;2.54;2.56;ND;NA;2.54;4.87;ND;ND;ND;NA;NA;NA;
29;12;3.27;2.19;ND;NA;5.48;4.01;ND;2.79;ND;NA;NA;NA;
29;13;2.19;2.32;4.38;NA;3.19;1.49;ND;2.23;ND;NA;NA;NA;
29;14;1.9;2.26;3.36;NA;2.75;1.61;ND;2.19;ND;NA;NA;NA;
29;15;1.82;2.21;3.58;NA;2.84;1.57;ND;2.35;ND;NA;NA;NA;
29;16;1.94;2.07;3.77;NA;2.87;1.1;ND;3.03;ND;NA;NA;NA;
29;17;1.81;1.84;ND;NA;3.46;1.63;ND;4.48;ND;NA;NA;NA;
29;18;2.05;1.85;8.57;NA;3.16;3.05;ND;1.91;ND;NA;NA;NA;
29;19;2.14;1.74;5.16;NA;3.45;2.59;ND;1.72;ND;NA;NA;NA;
29;20;2.45;1.73;4.78;NA;4.26;2.48;ND;1.63;ND;NA;NA;NA;
29;21;3.68;1.8;4.56;NA;3.07;2.62;ND;1.74;ND;NA;NA;NA;
29;22;2.72;1.75;3.8;NA;4.8;2.76;ND;1.72;ND;NA;NA;NA;
29;23;2.56;1.83;3.78;NA;4.55;3.82;ND;1.39;ND;NA;NA;NA;
30;0;2.45;1.7;5.34;NA;6.11;4.82;ND;1.34;ND;NA;NA;NA;
30;1;2.57;1.76;5.64;NA;4.24;4.75;ND;1.57;ND;NA;NA;NA;
30;2;2.2;1.62;5.85;NA;7.4;9.66;ND;1.61;ND;NA;NA;NA;
30;3;1.95;1.6;6.33;NA;3.01;7.15;ND;1.44;ND;NA;NA;NA;
30;4;2.12;1.47;6.77;NA;12.4;4.79;ND;1.55;ND;NA;NA;NA;
30;5;2.52;1.42;8.32;NA;17.9;11.62;ND;1.51;ND;NA;NA;NA;
30;6;3.23;1.74;9.99;NA;58.79;33.6;ND;2.94;ND;NA;NA;NA;
30;7;5.67;2.16;15.7;NA;35.74;22.96;ND;8.09;ND;NA;NA;NA;
30;8;7.53;2.55;20.39;NA;17.84;15.53;ND;9.98;ND;NA;NA;NA;
30;9;5.17;2.78;19.81;NA;7.69;11.37;ND;5.05;ND;NA;NA;NA;
30;10;3.88;2.6;11.9;NA;5.82;ND;ND;3.92;ND;NA;NA;NA;
30;11;3.27;2.35;8.01;NA;5.21;ND;ND;3;ND;NA;NA;NA;
30;12;2.77;ND;6.03;NA;3.78;3.38;ND;2.44;ND;NA;NA;NA;
30;13;1.95;ND;5.14;NA;ND;2.89;ND;2.15;ND;NA;NA;NA;
30;14;1.97;2.29;4.36;NA;ND;2.22;ND;1.92;ND;NA;NA;NA;
30;15;2.23;2.08;3.58;NA;3.47;2.28;ND;1.92;ND;NA;NA;NA;
30;16;1.8;1.83;4.15;NA;5.75;1.17;ND;5.3;ND;NA;NA;NA;
30;17;2.29;2.09;5.56;NA;8.5;0.87;ND;9.39;ND;NA;NA;NA;
30;18;2.46;1.57;6.58;NA;13.87;1.52;ND;4.11;ND;NA;NA;NA;
30;19;2.89;1.8;10.35;NA;11.59;1.93;ND;3.78;ND;NA;NA;NA;
30;20;2.39;1.6;20.03;NA;9.35;2.64;ND;2.11;ND;NA;NA;NA;
30;21;2.35;1.64;10.88;NA;20.9;4.06;ND;2;ND;NA;NA;NA;
30;22;2.73;1.43;9.68;NA;69.07;4.52;ND;1.61;ND;NA;NA;NA;
30;23;2.87;1.4;11.56;NA;37.25;3.6;ND;2.88;ND;NA;NA;NA;
31;0;2.84;1.3;14.5;NA;38.96;2.25;ND;6.52;ND;NA;NA;NA;
31;1;2.59;1.3;16.41;NA;66.42;1.18;ND;7.09;ND;NA;NA;NA;
31;2;2.54;2.06;10.44;NA;40.23;0.96;ND;11.09;ND;NA;NA;NA;
31;3;2.31;2.08;8.72;NA;16.91;0.5;ND;17.9;ND;NA;NA;NA;
31;4;2.62;1.9;11.67;NA;7.85;0.13;ND;12.88;ND;NA;NA;NA;
31;5;3.03;3.57;9.33;NA;33.61;0;ND;10.77;ND;NA;NA;NA;
31;6;4.11;9.9;10.18;NA;18.26;ND;ND;14.48;ND;NA;NA;NA;
31;7;7.93;10.61;10.94;NA;10.82;0.25;ND;17.8;ND;NA;NA;NA;
31;8;11.64;11.39;16.81;NA;15.5;1.71;ND;14.47;ND;NA;NA;NA;
31;9;12.06;11.72;31.4;NA;10.74;4.59;ND;11.88;ND;NA;NA;NA;
31;10;10.39;8.25;20.09;NA;9.02;11.57;ND;7.86;ND;NA;NA;NA;
31;11;5.84;4.23;19.28;NA;9.52;13.08;ND;5.76;ND;NA;NA;NA;
31;12;4.58;3.44;12.82;NA;9.45;10.21;ND;4.39;ND;NA;NA;NA;
31;13;4.08;3.28;7.88;NA;7.9;5.42;ND;3.62;ND;NA;NA;NA;
31;14;4.7;3.39;7.71;NA;6.18;6.5;ND;3.82;ND;NA;NA;NA;
31;15;3.65;2.97;7.68;NA;6.97;6.28;ND;3.53;ND;NA;NA;NA;
31;16;3.56;2.69;6.87;NA;5.52;5.3;ND;2.97;ND;NA;NA;NA;
31;17;3.71;2.24;8.03;NA;5.44;3.85;ND;2.77;ND;NA;NA;NA;
31;18;3.57;2.19;9.49;NA;5.43;4.39;ND;2.52;ND;NA;NA;NA;
31;19;3.89;1.95;7.5;NA;6.16;5.52;ND;2.15;ND;NA;NA;NA;
31;20;5.23;1.74;8.51;NA;10.16;6.19;ND;2.61;ND;NA;NA;NA;
31;21;4.36;1.62;8.29;NA;9.73;6.4;ND;2.55;ND;NA;NA;NA;
31;22;3.76;1.97;9.46;NA;9.86;6.51;ND;2.62;ND;NA;NA;NA;
31;23;5.13;1.88;6.39;NA;7.71;6.16;ND;2.16;ND;NA;NA;NA;
