DIA;HORA;Cotocollao;Carapungo;Belisario;Jipijapa;El Camal;Centro;Guamaní;Tumbaco;Los Chillos;El Condado;Turubamba;Chillogallo;
1;0;12.96;19.02;15.99;NA;4;15.24;28.84;31.45;7.36;NA;NA;NA;
1;1;11.52;20.17;21.93;NA;4.13;3.69;30.62;27.47;ND;NA;NA;NA;
1;2;10.1;22.95;ND;NA;3.84;7.21;25.47;30.75;24.07;NA;NA;NA;
1;3;13.24;20.99;26.57;NA;6.56;7.85;19.17;25.85;8.02;NA;NA;NA;
1;4;13.81;19.14;27.52;NA;5.87;7.35;13.59;21.15;21.74;NA;NA;NA;
1;5;10.08;10.54;19.51;NA;2.83;18.58;10.75;21.09;23.73;NA;NA;NA;
1;6;3.91;5.05;10.64;NA;7.52;12.55;10.44;18.26;9.99;NA;NA;NA;
1;7;8.06;13.05;8.01;NA;9.93;16.87;20.65;18.85;3.22;NA;NA;NA;
1;8;9.73;33.8;24.76;NA;23.58;24.6;28.98;33.91;18.34;NA;NA;NA;
1;9;29.45;48.72;24.89;NA;40.95;34.87;46.04;33.17;36.62;NA;NA;NA;
1;10;49.41;59.14;38.53;NA;30.45;28.43;56.89;44.73;32.08;NA;NA;NA;
1;11;51.85;56.79;49.11;NA;24.93;45.45;58.1;57.41;45.5;NA;NA;NA;
1;12;37.62;48.95;50.34;NA;35.43;62.68;67.74;62.24;60.42;NA;NA;NA;
1;13;29.28;40.44;49.99;NA;41.05;62;44.91;60.17;53.81;NA;NA;NA;
1;14;31.14;40.46;42.63;NA;38.39;48.78;41.05;49.89;53.99;NA;NA;NA;
1;15;28.63;39.52;31.77;NA;27.38;33.19;28.8;49.52;41.06;NA;NA;NA;
1;16;27.67;43.29;12.65;NA;30.81;24.27;25.88;43.54;23.65;NA;NA;NA;
1;17;13.54;48.69;11.1;NA;25.35;14.85;21.99;40.18;16.22;NA;NA;NA;
1;18;4.48;29.9;10.06;NA;25.86;11.93;14.05;32.6;9.71;NA;NA;NA;
1;19;4.62;26.7;10.41;NA;31.06;17.01;15.05;30.1;17.01;NA;NA;NA;
1;20;7.12;24.98;8.36;NA;28.19;14.94;20.31;28.4;27.11;NA;NA;NA;
1;21;13.54;15.6;8.97;NA;21.92;13.15;26.99;29.28;21.45;NA;NA;NA;
1;22;16.33;22.05;14.12;NA;15.81;19.79;20.26;29.89;15.69;NA;NA;NA;
1;23;15.18;23.49;16.86;NA;13.87;21;36.4;29.92;3.94;NA;NA;NA;
2;0;16.92;24.84;21.59;NA;16.6;26.77;32.52;ND;17.64;NA;NA;NA;
2;1;13.93;20.82;14.17;NA;17.3;22.81;ND;28.98;27.39;NA;NA;NA;
2;2;11.63;ND;29.98;NA;ND;25.56;33.04;27.06;26.33;NA;NA;NA;
2;3;13.4;24.11;30.05;NA;16.24;13.12;32.83;24.34;23.6;NA;NA;NA;
2;4;10.8;20.96;34.06;NA;7.22;5.87;33.29;23.18;16.95;NA;NA;NA;
2;5;3.1;18.25;32.06;NA;9.5;25.67;19.46;16.34;12.79;NA;NA;NA;
2;6;1.8;4.29;13.86;NA;12.11;14.27;5.21;6.98;11.27;NA;NA;NA;
2;7;3.57;6.66;4.88;NA;6.54;6.29;7.28;6.28;5.3;NA;NA;NA;
2;8;4.74;14.28;3.67;NA;7.07;8.95;12.75;5.27;8.85;NA;NA;NA;
2;9;9.34;23.18;4.9;NA;12.96;10.48;26.94;8.89;15.25;NA;NA;NA;
2;10;14.86;26.02;7.48;NA;16.5;11.87;29.31;8.76;21.24;NA;NA;NA;
2;11;23.72;32.48;13.48;NA;20.48;15.04;45.2;14.31;24.61;NA;NA;NA;
2;12;29.38;42.14;31.4;NA;22.81;25.05;37.69;34.18;22.28;NA;NA;NA;
2;13;35.3;50.44;50.33;NA;29.04;39.72;24.06;62.25;50.19;NA;NA;NA;
2;14;34.09;49.13;38.74;NA;23.72;34.48;37.08;58.8;67.85;NA;NA;NA;
2;15;30.97;43.65;34.62;NA;24.02;38.99;32.6;48.03;51.28;NA;NA;NA;
2;16;29.83;42.98;17.54;NA;23.84;35.79;31.01;39.6;27.27;NA;NA;NA;
2;17;21.13;33.72;10.95;NA;16.01;16.47;16.56;35.94;13.84;NA;NA;NA;
2;18;3.25;24.94;6.25;NA;8.21;8.49;7.13;27.14;7.98;NA;NA;NA;
2;19;6.27;17.65;2.43;NA;11.22;9.73;19.67;28.07;25.55;NA;NA;NA;
2;20;6.3;16.9;3.91;NA;8.45;7.59;19.15;25.65;26.77;NA;NA;NA;
2;21;3.04;9.48;3.24;NA;7.87;6.54;6.97;18.66;15.42;NA;NA;NA;
2;22;1.82;3.13;2.32;NA;7.7;8.57;2.54;2.93;9.94;NA;NA;NA;
2;23;1.36;5.68;1.85;NA;5.15;5.12;9.16;10.86;14.99;NA;NA;NA;
3;0;0.74;7.11;1.13;NA;2.3;4.56;16.11;18.32;10.09;NA;NA;NA;
3;1;0.95;2.31;0.66;NA;1.31;4.34;4.82;14.34;ND;NA;NA;NA;
3;2;0.72;2.24;ND;NA;3.6;5.01;6.16;8.25;4.93;NA;NA;NA;
3;3;0.7;1.82;0.6;NA;3.09;4.22;6.38;9.16;6.48;NA;NA;NA;
3;4;0.71;2.09;0.88;NA;1.74;5.55;8.73;4.7;2.36;NA;NA;NA;
3;5;1.55;1.95;0.9;NA;4.59;5.61;3.31;2.01;1.08;NA;NA;NA;
3;6;2.48;3.25;1.79;NA;7.6;4.9;2.61;6.71;1.83;NA;NA;NA;
3;7;6.89;7.28;4.63;NA;8.88;4.53;8.94;12.9;6.63;NA;NA;NA;
3;8;18.82;17.17;9.93;NA;12.3;13.52;22.78;11.5;7.48;NA;NA;NA;
3;9;23.32;31.61;12.7;NA;13.81;22.23;45.39;25.49;14.87;NA;NA;NA;
3;10;40.56;49.06;25.48;NA;26.9;22.28;44.56;ND;13.32;NA;NA;NA;
3;11;50.43;54.79;48.97;NA;46.59;42.41;37.72;ND;51.05;NA;NA;NA;
3;12;37.62;42.78;58.39;NA;31.46;61.71;39.28;74.75;72.4;NA;NA;NA;
3;13;25.21;34.61;35.21;NA;25.69;46.34;42.86;57.6;72.61;NA;NA;NA;
3;14;25.34;36.67;23.1;NA;25.32;32.09;40.03;38.93;39.06;NA;NA;NA;
3;15;24.58;34.95;9.35;NA;24.51;31.94;36.94;37.07;26.74;NA;NA;NA;
3;16;23.6;34.08;10.18;NA;25.21;24.33;32.45;34.03;24.68;NA;NA;NA;
3;17;17.36;30.76;9.81;NA;22.8;23.04;29.88;31.99;22.82;NA;NA;NA;
3;18;9.81;28.81;7.18;NA;22.01;11.46;15.2;30.25;17.13;NA;NA;NA;
3;19;2.69;18.85;5.11;NA;17.73;7.13;8.03;24.93;22.83;NA;NA;NA;
3;20;1.98;14.83;3.41;NA;9;9.6;9.63;24.55;25.82;NA;NA;NA;
3;21;11.26;18.28;3.92;NA;6.75;9.44;14.05;23.8;5.57;NA;NA;NA;
3;22;4.9;10.94;4.17;NA;4.6;9.18;12.92;22.01;2.39;NA;NA;NA;
3;23;6.19;11.94;8.85;NA;1.93;5.59;17.2;21.81;10.83;NA;NA;NA;
4;0;3.7;17.16;3.79;NA;5.01;3.55;15.66;21.49;9.97;NA;NA;NA;
4;1;2.23;15.36;1.8;NA;2.6;3.57;ND;20.83;2.2;NA;NA;NA;
4;2;4.22;ND;2.8;NA;ND;3.59;10.38;15.95;4.88;NA;NA;NA;
4;3;2.69;17.95;5.31;NA;1.5;3.06;12.07;14.55;0.95;NA;NA;NA;
4;4;1.2;20.82;4.64;NA;7.62;3.42;9.13;13.87;1.04;NA;NA;NA;
4;5;1;15.28;3.84;NA;7.6;3.63;2.05;14.82;4.61;NA;NA;NA;
4;6;0.96;9.8;3.66;NA;13.94;3.72;1.36;9.16;4.31;NA;NA;NA;
4;7;2.74;11.77;3.33;NA;4.54;4.6;4.57;10.89;3.33;NA;NA;NA;
4;8;6.1;8.87;7.34;NA;8.55;11.3;10.35;9.35;7.07;NA;NA;NA;
4;9;11.79;16.51;10.26;NA;27;19.92;34.59;17.6;14.17;NA;NA;NA;
4;10;21.78;28.29;13.04;NA;30.56;26.09;37.07;24.28;16.53;NA;NA;NA;
4;11;35.97;41.55;28.42;NA;24.05;28.23;54.87;37.03;13.8;NA;NA;NA;
4;12;41.97;50.25;41.74;NA;33.07;37.58;48.74;54.32;37.56;NA;NA;NA;
4;13;39.39;48.63;53.47;NA;41.21;59.65;43.89;62.61;55.83;NA;NA;NA;
4;14;36.22;46.18;44.05;NA;22.47;56.1;40.62;56.25;58.56;NA;NA;NA;
4;15;26.42;33.22;32.33;NA;18.37;42.61;49.02;48.69;57.73;NA;NA;NA;
4;16;23.24;28.75;24.43;NA;17.51;35.23;32.03;35.27;33.82;NA;NA;NA;
4;17;17.97;24.58;10.21;NA;13.26;14.8;29.36;26.01;23.44;NA;NA;NA;
4;18;9.86;20.49;3.82;NA;6.83;6.38;8.5;23.35;24.33;NA;NA;NA;
4;19;6.62;15.08;4.18;NA;7.4;5.33;7.14;19.16;19.75;NA;NA;NA;
4;20;5.69;10.86;1.83;NA;7.23;11.19;6.81;18.18;14.43;NA;NA;NA;
4;21;3.87;7.78;0.97;NA;11.9;5.18;7.41;20.92;14.61;NA;NA;NA;
4;22;1.29;2.8;1.52;NA;4.21;5.5;2.71;15.16;6.55;NA;NA;NA;
4;23;1.63;2.8;0.97;NA;3.29;4.28;5.99;8.51;3.06;NA;NA;NA;
5;0;0.76;2.31;0.61;NA;2.91;4.97;8.16;3.02;1.06;NA;NA;NA;
5;1;0.92;1.29;0.71;NA;3.02;4.24;2.16;6.99;ND;NA;NA;NA;
5;2;0.73;1.35;ND;NA;1.5;3.31;8.22;5.7;1.19;NA;NA;NA;
5;3;0.87;3.8;1.31;NA;0.56;3.69;4.63;4.6;0.89;NA;NA;NA;
5;4;1.38;1.09;1.13;NA;0.35;5.04;9.55;6.19;1.27;NA;NA;NA;
5;5;0.93;1.03;0.78;NA;0.85;3.91;18.12;5.83;1.33;NA;NA;NA;
5;6;1.02;3.06;1.75;NA;9.56;4.7;9.97;2.95;2.8;NA;NA;NA;
5;7;5.71;10.01;6.02;NA;11.04;8.89;9.3;10.74;5.25;NA;NA;NA;
5;8;21.36;24.28;23;NA;23.69;23.77;22.8;21.52;6.85;NA;NA;NA;
5;9;33.32;38.06;44.74;NA;39.35;46.97;34.85;43.8;12.5;NA;NA;NA;
5;10;39.81;42.78;53.13;NA;46.12;58.9;40.23;59.44;34.32;NA;NA;NA;
5;11;41.5;49.42;64.5;NA;52.24;62.19;50;62.12;36.63;NA;NA;NA;
5;12;39.9;46.15;55.68;NA;57.27;64.47;55.08;62.44;54.83;NA;NA;NA;
5;13;35.27;44.93;52.28;NA;53.34;59.77;62.32;57.29;47.96;NA;NA;NA;
5;14;33.34;41.04;57.51;NA;44.42;58.65;50;50.89;52.08;NA;NA;NA;
5;15;23.41;40.22;44.88;NA;30.14;48.02;31.02;45.35;42.25;NA;NA;NA;
5;16;23.62;34.29;40.07;NA;31.96;43.79;20.36;37.63;38.42;NA;NA;NA;
5;17;24.11;27.26;31.45;NA;18.53;22.37;14.87;30.61;32.25;NA;NA;NA;
5;18;15.99;20.52;15.15;NA;11.29;9.79;12.33;27.33;24.43;NA;NA;NA;
5;19;8.4;21.09;3.65;NA;6.39;6.02;11.73;27.62;23.19;NA;NA;NA;
5;20;2.57;23.73;2.12;NA;6.2;5.98;13.07;28.7;10.15;NA;NA;NA;
5;21;2.89;16.42;1.34;NA;19.83;4.21;10.69;31.06;22.11;NA;NA;NA;
5;22;4.77;17.29;1.6;NA;13.43;3.85;9.29;31.17;25.15;NA;NA;NA;
5;23;7.75;23.33;4.06;NA;15.75;3.63;10.62;29.76;23.49;NA;NA;NA;
6;0;7.82;26.52;5.85;NA;10.74;4.64;10.61;29.33;24.9;NA;NA;NA;
6;1;4.32;22.86;3.48;NA;10.24;8.65;ND;28.81;13.53;NA;NA;NA;
6;2;1.45;ND;1.65;NA;ND;13.32;8.72;22.31;23.86;NA;NA;NA;
6;3;4.23;25.09;9.68;NA;19.25;14.17;7.71;24.79;21.18;NA;NA;NA;
6;4;2.36;24.07;4.21;NA;33.73;14.08;3.93;26.23;16.83;NA;NA;NA;
6;5;0.54;15.59;0.71;NA;19.26;6.61;0.6;20.6;21.69;NA;NA;NA;
6;6;5.24;8.51;4.24;NA;5.87;5.4;4.47;19.04;21.68;NA;NA;NA;
6;7;11.9;19.02;17.17;NA;13.99;17.83;25.48;17.95;14.51;NA;NA;NA;
6;8;20.37;22.03;39.67;NA;31.23;43.66;46.12;26.22;14.12;NA;NA;NA;
6;9;35.75;37.07;53.39;NA;54.12;61.59;52.29;29.56;31.48;NA;NA;NA;
6;10;44.22;56.65;56.87;NA;59.04;63.98;59.81;42.79;20.33;NA;NA;NA;
6;11;49.17;63.83;68.86;NA;67.85;73.73;69.05;62.74;57.26;NA;NA;NA;
6;12;53.75;64.2;75.57;NA;70.24;80.21;74.77;69.61;65.15;NA;NA;NA;
6;13;47.97;52.11;73.63;NA;63.85;75.02;73.76;69.63;68.16;NA;NA;NA;
6;14;37.14;51.06;65.63;NA;60.67;70.39;63.49;61.74;61.3;NA;NA;NA;
6;15;34.19;50.6;53.7;NA;42.69;60.61;41.96;58.47;51.09;NA;NA;NA;
6;16;35.73;46.87;51.23;NA;30.35;43.77;26.07;53.43;38.18;NA;NA;NA;
6;17;32.03;39.98;39.12;NA;21.66;28.83;22.46;42.41;50.2;NA;NA;NA;
6;18;27.01;31.3;29.15;NA;18.84;21.69;14.71;36.95;34.51;NA;NA;NA;
6;19;23.06;25.08;6.03;NA;15.22;20.52;16.2;32.15;35.05;NA;NA;NA;
6;20;10.45;26.89;5.43;NA;11.09;12.71;16.15;32.89;30.23;NA;NA;NA;
6;21;6.27;26.22;11.07;NA;17.17;18.62;18.68;34.26;10.71;NA;NA;NA;
6;22;14.1;29.14;5.97;NA;18.7;17.11;21.29;33.51;31.87;NA;NA;NA;
6;23;9.54;29.69;15.19;NA;17.44;20.7;18.85;34.48;27.01;NA;NA;NA;
7;0;12.79;29.45;22.34;NA;29.47;22.99;7.63;34.33;30.7;NA;NA;NA;
7;1;10.8;26.78;15.22;NA;29.78;23.84;16.1;32.01;ND;NA;NA;NA;
7;2;6.64;24.97;ND;NA;32.2;27.64;21.12;31.01;26.61;NA;NA;NA;
7;3;13.68;26.03;24.9;NA;28.86;27.91;11.94;29.1;19.5;NA;NA;NA;
7;4;14.03;23.6;24.68;NA;25.26;28.75;8.35;26.99;22.65;NA;NA;NA;
7;5;3.73;13.05;12.28;NA;16.86;16.8;3.66;20.73;21.11;NA;NA;NA;
7;6;2;10.06;7.81;NA;11.09;12.47;3;23.8;19.49;NA;NA;NA;
7;7;4.38;10.58;9.5;NA;13.43;10.94;14.73;20.51;13.38;NA;NA;NA;
7;8;14.69;20.18;10.93;NA;14.41;22.82;19.44;28.76;13.34;NA;NA;NA;
7;9;25.02;30.31;20.4;NA;27.59;29.14;23.04;33.69;11.53;NA;NA;NA;
7;10;37.02;41.55;22.48;NA;33.19;29.01;ND;43.2;7.71;NA;NA;NA;
7;11;47.88;50.69;38.36;NA;46.58;47.89;ND;58.74;20.86;NA;NA;NA;
7;12;47.52;48.62;54.49;NA;53.31;60.2;ND;61.43;33.21;NA;NA;NA;
7;13;44.38;53.34;43.4;NA;51.09;59.13;ND;60.51;39.9;NA;NA;NA;
7;14;34.83;49.97;43.77;NA;49.56;59.5;53.89;59.26;36.26;NA;NA;NA;
7;15;32.16;48.92;40.13;NA;32.47;50.55;47.07;55.14;46.91;NA;NA;NA;
7;16;30.36;36.17;45.16;NA;22.35;39.14;30.42;43.99;50.22;NA;NA;NA;
7;17;23.61;30.22;10.78;NA;17.12;24.53;12.35;37.1;39.01;NA;NA;NA;
7;18;15.48;27.01;2.71;NA;12.26;14.23;22.32;31.26;33.69;NA;NA;NA;
7;19;15.4;29.69;2.14;NA;6.99;11.25;23.25;36.14;32.55;NA;NA;NA;
7;20;8.69;30.33;1.32;NA;3.97;10.06;14.79;37.82;33.66;NA;NA;NA;
7;21;11.11;26.32;2.44;NA;7.64;9.6;17.85;41.33;34.08;NA;NA;NA;
7;22;17.07;27.44;10.72;NA;15.42;20.24;12.17;41.6;28.11;NA;NA;NA;
7;23;19.52;31.4;14.09;NA;20.5;23.79;9.2;40.48;20.94;NA;NA;NA;
8;0;16.35;32.36;17.61;NA;29.84;27.36;25.82;38.59;27.46;NA;NA;NA;
8;1;15.52;34.37;26.21;NA;36.37;31.77;ND;35.06;34.54;NA;NA;NA;
8;2;21.09;ND;32.92;NA;35.18;38.69;34.49;33.04;34.43;NA;NA;NA;
8;3;22.39;33.83;35.97;NA;34.96;41.75;33.42;19.89;32.62;NA;NA;NA;
8;4;15.01;33.53;36.88;NA;33.21;40.16;24.76;12.54;20.61;NA;NA;NA;
8;5;8.3;18.65;31.58;NA;24.7;33.13;17.3;4.83;10.94;NA;NA;NA;
8;6;5.47;4.55;11.21;NA;14.7;13.18;19.12;3.26;5.21;NA;NA;NA;
8;7;20.94;19.87;19.3;NA;23.37;20.71;29.77;15.49;15.74;NA;NA;NA;
8;8;25.36;33.09;25.4;NA;25;32.14;41.59;34.88;32.94;NA;NA;NA;
8;9;38.91;46.43;39.48;NA;33.86;40.92;59.95;52.45;18.54;NA;NA;NA;
8;10;56.63;60.07;ND;NA;49.64;60.97;53.98;63.32;25.71;NA;NA;NA;
8;11;58.29;ND;ND;NA;56.97;70.87;71.26;67.07;59.99;NA;NA;NA;
8;12;40.76;ND;ND;NA;59.69;72.74;78.75;65.54;62.83;NA;NA;NA;
8;13;37.15;ND;56.22;NA;43.54;69.53;67.99;62.28;67.93;NA;NA;NA;
8;14;37.47;46.55;52.03;NA;40.84;62.41;60.03;50.17;63.08;NA;NA;NA;
8;15;34.66;44.67;42.28;NA;30.04;47.31;38.58;45.04;53.55;NA;NA;NA;
8;16;30.61;34.57;34.61;NA;24.36;36.04;32.14;36.26;35.3;NA;NA;NA;
8;17;23.11;26.42;27.25;NA;18.3;17.16;19.42;27.12;25.63;NA;NA;NA;
8;18;16.51;20.38;8.99;NA;14.71;11.06;10.22;24.12;10.46;NA;NA;NA;
8;19;6.96;19.13;1.05;NA;8.3;7.16;22.94;24.68;15.91;NA;NA;NA;
8;20;3.87;17.62;0.67;NA;8.55;6.66;34.25;26.56;7.52;NA;NA;NA;
8;21;5.76;15.25;2.94;NA;4.92;9.62;40.93;25.9;14.55;NA;NA;NA;
8;22;8.41;16.73;9.25;NA;15.32;19.42;36.26;26.26;20.55;NA;NA;NA;
8;23;6.35;19.84;10.19;NA;21.85;15.29;12.64;26.8;19.03;NA;NA;NA;
9;0;10.43;20.16;3.92;NA;18.24;12.52;5.21;25.75;14.04;NA;NA;NA;
9;1;13.3;20.22;0.49;NA;10.09;5.5;14.01;26.14;ND;NA;NA;NA;
9;2;14.36;20.71;ND;NA;11.16;6.27;11.35;24.72;3.33;NA;NA;NA;
9;3;13.59;20.84;22.04;NA;12.26;12.86;24.37;24.8;2.14;NA;NA;NA;
9;4;8.81;21.64;21.88;NA;5.9;13.16;29.43;22.78;1.76;NA;NA;NA;
9;5;4.17;19.01;3.66;NA;8.36;5.99;5.78;22.67;1.25;NA;NA;NA;
9;6;4.35;9.13;1.23;NA;5.86;5.08;14.65;15.06;1.95;NA;NA;NA;
9;7;7.14;14.63;6.85;NA;15.09;9.99;27.88;16.95;7.01;NA;NA;NA;
9;8;17.64;26.44;15.48;NA;16;21.24;42.19;27.27;20.15;NA;NA;NA;
9;9;31.09;38.45;25.06;NA;20.42;23.68;41.8;38.09;22.25;NA;NA;NA;
9;10;ND;51.07;49.61;NA;39.3;47.13;52.06;53.58;45.47;NA;NA;NA;
9;11;ND;52.94;54.27;NA;47.65;60.58;46.4;64.7;44.17;NA;NA;NA;
9;12;ND;48.59;53.01;NA;54.69;59.3;57.17;60.78;60.37;NA;NA;NA;
9;13;35.57;42.73;40.17;NA;41.26;55.17;56.23;52.42;64.26;NA;NA;NA;
9;14;33.51;45.13;41.57;NA;30.79;50.79;56.74;50.41;59.84;NA;NA;NA;
9;15;31.56;43.62;37.83;NA;ND;36.8;39.03;44.62;37.47;NA;NA;NA;
9;16;30.26;38.72;27.51;NA;29.99;23.89;36.03;38.45;25.35;NA;NA;NA;
9;17;22.94;30.65;9.64;NA;24.13;19.18;19.73;23.19;29.02;NA;NA;NA;
9;18;12.25;22.19;3.11;NA;23.47;6.83;10.93;23.92;13.35;NA;NA;NA;
9;19;11.37;22.08;8.53;NA;13.71;3.36;14.85;18.41;17.61;NA;NA;NA;
9;20;8.69;23.57;5.28;NA;2.5;8.06;10.06;21;5.58;NA;NA;NA;
9;21;5.13;19.95;4.53;NA;13.17;4.34;1.73;18.22;0.9;NA;NA;NA;
9;22;4.29;25.16;4.97;NA;6.12;2.58;3.94;24.47;1.58;NA;NA;NA;
9;23;4.06;27.6;18.26;NA;4.39;16.8;10.4;30.62;14.46;NA;NA;NA;
10;0;4.62;25;5.23;NA;16.42;6.72;20.52;30.31;15.84;NA;NA;NA;
10;1;13.43;26.76;3.61;NA;7.71;9.24;ND;28.97;28.13;NA;NA;NA;
10;2;17.09;ND;20.41;NA;4.54;ND;26.7;28.31;28.9;NA;NA;NA;
10;3;18.77;28.53;31.1;NA;9.09;11.74;29.2;27.7;29.19;NA;NA;NA;
10;4;14.27;28.19;28.77;NA;13.73;17.31;11.65;25.3;26.83;NA;NA;NA;
10;5;9.98;24.96;23.55;NA;8.17;6.78;15.13;21.88;7.65;NA;NA;NA;
10;6;1.84;14.6;11.78;NA;4.13;4.39;10.26;6.13;3.07;NA;NA;NA;
10;7;8.21;22.76;12.15;NA;11.11;12.34;13.7;16.92;7.17;NA;NA;NA;
10;8;11.29;27.88;23.31;NA;23.59;20.37;25.25;16.74;21.36;NA;NA;NA;
10;9;23.31;35.11;22.36;NA;25.33;26.81;43.02;42;24.35;NA;NA;NA;
10;10;47.34;54.62;34.65;NA;31.85;41.92;46.75;57.74;39.42;NA;NA;NA;
10;11;54.63;53.47;66.42;NA;ND;66.34;65.22;65.13;54.36;NA;NA;NA;
10;12;43.09;58.78;66.29;NA;ND;74.49;88.17;64.99;71.66;NA;NA;NA;
10;13;39.75;50.77;50.53;NA;ND;ND;86.01;61.53;71.72;NA;NA;NA;
10;14;36.98;45.2;39.49;NA;44.11;ND;78.22;48.73;66.88;NA;NA;NA;
10;15;ND;35.65;26.44;NA;21.96;ND;43.77;41.63;37.55;NA;NA;NA;
10;16;ND;31.8;8.14;NA;23.69;19.8;44.28;30.44;30.95;NA;NA;NA;
10;17;14.57;23.38;3.65;NA;13.97;12.45;26.35;14.34;16.53;NA;NA;NA;
10;18;9;13.87;3.05;NA;9.56;20.24;12.34;14.76;27.33;NA;NA;NA;
10;19;4.72;7.23;1.64;NA;9.1;2.11;10.16;6.15;31.37;NA;NA;NA;
10;20;4.95;5.62;2.27;NA;3.3;1.89;13.06;2.3;14.3;NA;NA;NA;
10;21;3.77;4.37;1.18;NA;1.48;2.65;26.13;1.71;8.94;NA;NA;NA;
10;22;3.12;11.24;3.38;NA;3.63;1.85;2.52;26.57;8.46;NA;NA;NA;
10;23;9.89;13.42;2.12;NA;4.17;3.25;6.19;21.49;17.66;NA;NA;NA;
11;0;11.3;14.95;5.46;NA;10.18;4.4;12.35;15.44;14.09;NA;NA;NA;
11;1;11.67;28.12;18.51;NA;13.54;7.26;32.44;27.18;ND;NA;NA;NA;
11;2;ND;28.36;ND;NA;10.43;ND;30.29;23.56;7.99;NA;NA;NA;
11;3;11.45;21.8;13.16;NA;14.47;10.93;26.66;17.82;5.69;NA;NA;NA;
11;4;11.88;19.59;6.93;NA;15.24;7.67;22.98;10.66;20;NA;NA;NA;
11;5;4.41;13.49;2.02;NA;11.88;3.67;21.5;9.96;23.38;NA;NA;NA;
11;6;3.96;5.17;3.32;NA;8.83;2.24;9.41;7.47;9.8;NA;NA;NA;
11;7;4.29;8.14;5.61;NA;8.56;5.57;15.97;9.62;14.92;NA;NA;NA;
11;8;8.59;16.94;12.5;NA;18.81;15.94;37.56;15.24;19.86;NA;NA;NA;
11;9;20.14;26.03;23.24;NA;26.56;20.42;50.49;24.23;11.77;NA;NA;NA;
11;10;31.35;37.42;29.74;NA;27.1;27.07;47.93;32.3;22.99;NA;NA;NA;
11;11;40.99;43.1;53.9;NA;44.36;41.83;46.4;45.23;20.21;NA;NA;NA;
11;12;33.91;43.59;55.93;NA;52.56;54.97;55.01;54.95;53.89;NA;NA;NA;
11;13;30.16;41.95;43.39;NA;33.25;53.68;68.41;55.42;54.85;NA;NA;NA;
11;14;23.56;31.72;28.85;NA;15.75;30.57;36.82;34.42;45.39;NA;NA;NA;
11;15;22.04;25.5;15.82;NA;12.12;12.35;10.39;29.17;23.97;NA;NA;NA;
11;16;14.02;22.85;11.03;NA;10.5;7.93;12.47;22.5;18.55;NA;NA;NA;
11;17;10.77;18.51;6.83;NA;10.69;8.14;19.66;21.76;8.81;NA;NA;NA;
11;18;5.67;16.67;4.65;NA;16.7;17.2;39.51;18.81;15.34;NA;NA;NA;
11;19;5.43;14.23;8.3;NA;13.13;11.94;19;17.18;11.19;NA;NA;NA;
11;20;3.92;12.08;4.29;NA;5.61;2.84;19.68;15.11;10.96;NA;NA;NA;
11;21;7.43;13.98;5.03;NA;14.62;9.34;9.89;17.06;3.68;NA;NA;NA;
11;22;4.5;14.43;2.36;NA;11.42;10.48;14.62;20.3;6.64;NA;NA;NA;
11;23;10.42;17.31;5.34;NA;15.05;10.18;25.83;23.15;13.76;NA;NA;NA;
12;0;8.67;18.4;10.65;NA;20.62;15.75;21.53;18.53;23.02;NA;NA;NA;
12;1;9.95;16.61;18.01;NA;13.58;13;ND;3.66;14.25;NA;NA;NA;
12;2;9.13;ND;9.63;NA;16.88;9.01;27.83;1.2;15.27;NA;NA;NA;
12;3;8.83;13.27;4.55;NA;8.61;2.43;13.09;1.16;6.51;NA;NA;NA;
12;4;10.75;17.65;3.1;NA;14.46;7.82;10.67;1.28;3.28;NA;NA;NA;
12;5;7.69;18.12;10.74;NA;2.35;7.04;5.67;2.32;4.51;NA;NA;NA;
12;6;4.83;16.65;4.68;NA;3.74;2.46;2.23;1.82;3.47;NA;NA;NA;
12;7;7.42;14.97;3.44;NA;8.52;5.94;21.97;2.71;7.41;NA;NA;NA;
12;8;21.73;19.04;10.45;NA;19.68;18.13;35.44;4.94;14.8;NA;NA;NA;
12;9;30.48;26.95;13.92;NA;23.28;20.82;38.9;19.41;22.09;NA;NA;NA;
12;10;37.8;35.77;17.64;NA;22.95;22.22;38.38;35.03;13.76;NA;NA;NA;
12;11;40.61;43.77;29.36;NA;34.88;36.36;29.76;47.79;24.16;NA;NA;NA;
12;12;39.87;42.27;38.51;NA;45.75;49.07;41.64;55.67;39.86;NA;NA;NA;
12;13;28.48;41.34;36.51;NA;51.08;53.36;53.13;54.44;50.76;NA;NA;NA;
12;14;27.33;42.46;37.5;NA;34.18;46.83;30.1;51.8;29.74;NA;NA;NA;
12;15;28.4;36.11;29.9;NA;21.07;40.74;27.22;48.65;37.21;NA;NA;NA;
12;16;26.41;32.34;31.07;NA;22.03;35.57;27.97;38.45;35.31;NA;NA;NA;
12;17;23.64;28.97;13.57;NA;18.77;23.16;19.81;32.75;23.49;NA;NA;NA;
12;18;20.58;25.02;6.39;NA;14.13;10.28;11.15;31.8;17.99;NA;NA;NA;
12;19;18.92;24.7;3.68;NA;4.87;10.21;12.53;32.42;14.95;NA;NA;NA;
12;20;12.47;21.13;3.29;NA;4.67;8.58;11.58;32.3;25.93;NA;NA;NA;
12;21;10.77;25.63;1.88;NA;10.39;12.61;9.57;33.38;25.87;NA;NA;NA;
12;22;18.08;27.43;9.11;NA;11.26;10.76;6.78;33;28.62;NA;NA;NA;
12;23;23.18;25.18;16.98;NA;20.25;20.65;16.53;32.77;21.21;NA;NA;NA;
13;0;21.9;26.02;24.66;NA;25.8;23.65;29.01;28.31;28.26;NA;NA;NA;
13;1;22.69;29.95;27.17;NA;31.13;29.66;11.48;23.73;ND;NA;NA;NA;
13;2;ND;30.15;ND;NA;29.51;ND;25.66;23.21;21.71;NA;NA;NA;
13;3;30.44;30.37;33.79;NA;29.43;25.94;20.51;26.38;17.8;NA;NA;NA;
13;4;21.49;25.51;30.15;NA;34.56;30.36;21.39;29.88;27.36;NA;NA;NA;
13;5;6.72;18.03;23.94;NA;22.8;22.43;20.88;18.38;24.42;NA;NA;NA;
13;6;2.99;5.3;4.11;NA;5.61;4.54;19.08;6.91;8.41;NA;NA;NA;
13;7;11.2;10.04;11.82;NA;11.72;9.6;24.23;14.46;11.93;NA;NA;NA;
13;8;10.13;25.63;8.81;NA;21.46;18.9;39.13;20.09;12.01;NA;NA;NA;
13;9;19.36;33.17;13.38;NA;18.93;14.54;42.91;34.06;20.83;NA;NA;NA;
13;10;ND;39.05;26.57;NA;25.46;19.47;35.85;48.52;40.38;NA;NA;NA;
13;11;ND;43.92;36.5;NA;34.57;34;28.24;49.19;35.7;NA;NA;NA;
13;12;23.86;43.71;38.58;NA;30;40.67;30.38;50.26;36.44;NA;NA;NA;
13;13;27.11;48.63;40.06;NA;46.3;45.15;53.79;50.72;47.58;NA;NA;NA;
13;14;25.96;ND;40.82;NA;39.79;42.96;53.46;54.91;46.16;NA;NA;NA;
13;15;ND;ND;26.9;NA;34.07;44.88;43.88;52.23;48.93;NA;NA;NA;
13;16;22.01;38.42;19.22;NA;17.52;27.95;29.4;40.46;37.67;NA;NA;NA;
13;17;22.58;33.23;9.78;NA;23.13;11.58;37.64;38;35.7;NA;NA;NA;
13;18;17.16;30.32;6.96;NA;18.66;16.91;36.51;29.54;16.1;NA;NA;NA;
13;19;6.89;18.7;7.31;NA;10.59;6.43;19.24;21.97;7.64;NA;NA;NA;
13;20;6.59;19.67;5.19;NA;9.19;8.67;12.55;24.49;2.44;NA;NA;NA;
13;21;6.61;20.57;8.04;NA;14.15;14.71;3.57;23.5;3.17;NA;NA;NA;
13;22;17.68;32.45;8.72;NA;5.79;7.97;3.26;26.33;1.62;NA;NA;NA;
13;23;29.85;48.55;10.03;NA;27.5;13.6;7.67;30.33;0.95;NA;NA;NA;
14;0;19.2;39.21;20.42;NA;32.96;20.79;15;36;12.5;NA;NA;NA;
14;1;22.17;30.75;30.06;NA;19.55;25.98;ND;26.11;25.77;NA;NA;NA;
14;2;18.35;ND;32.47;NA;ND;31.49;28.38;22.21;23.71;NA;NA;NA;
14;3;11.72;23.11;19.79;NA;8.61;17.32;34.73;11.58;20.17;NA;NA;NA;
14;4;3.63;13.14;6.32;NA;9.26;13.86;9.73;4.07;14.15;NA;NA;NA;
14;5;2.03;3.17;1.21;NA;7.84;4.11;1.13;1.35;5.98;NA;NA;NA;
14;6;1.72;3.96;2.17;NA;4.36;2.66;2.62;1.88;2.3;NA;NA;NA;
14;7;3.9;8.58;4.71;NA;6.65;6.18;10.43;4.79;4.87;NA;NA;NA;
14;8;8.94;18.19;19.15;NA;14.78;22.26;32.32;12.83;15.88;NA;NA;NA;
14;9;20.62;23.4;35.13;NA;39.45;45.96;48.21;22.73;33.7;NA;NA;NA;
14;10;32.32;41.6;46.91;NA;51.32;58.09;63.76;40.34;48.56;NA;NA;NA;
14;11;35.5;60.55;50.57;NA;59.02;62.66;86.26;58.38;30.4;NA;NA;NA;
14;12;25.39;63.99;54.75;NA;49.91;62.53;83.84;67.86;43.54;NA;NA;NA;
14;13;21.56;47.24;52.62;NA;33.81;ND;68.13;70.76;76.65;NA;NA;NA;
14;14;20.74;47.43;24.47;NA;ND;ND;40.97;51.61;45.9;NA;NA;NA;
14;15;22.35;44.52;18.19;NA;ND;ND;17.88;45.17;34.26;NA;NA;NA;
14;16;19.81;42.6;17.53;NA;26.46;ND;26.18;40.45;33.11;NA;NA;NA;
14;17;21.22;37.72;9.56;NA;31.99;11.22;17.66;37.18;36.94;NA;NA;NA;
14;18;15.16;31.53;6.25;NA;20;10.73;19.28;30.34;17.44;NA;NA;NA;
14;19;6.01;16.8;3.22;NA;13.13;2.91;20.45;27.73;23.87;NA;NA;NA;
14;20;6.42;11.42;3.31;NA;8.05;1.61;17.13;21.46;25.58;NA;NA;NA;
14;21;2.77;16.61;1.16;NA;8.97;2.12;11.03;21.21;15.13;NA;NA;NA;
14;22;9.02;18.3;0.92;NA;24.68;6.49;17.23;23.31;8.07;NA;NA;NA;
14;23;8.01;13.62;8.46;NA;25.14;4.79;8.81;19.14;13.39;NA;NA;NA;
15;0;13.37;18.41;8.87;NA;28.65;25.19;25;20.87;5.33;NA;NA;NA;
15;1;10.48;20.41;16.92;NA;21.71;15.26;20.1;22.34;ND;NA;NA;NA;
15;2;10.43;27.4;21.79;NA;19.62;ND;29.34;31.77;32.2;NA;NA;NA;
15;3;18.29;31.61;32.95;NA;37.1;30.76;41.09;12.23;37.76;NA;NA;NA;
15;4;12.41;23.83;38.01;NA;21.9;32.2;45.88;9.59;28.07;NA;NA;NA;
15;5;2.71;15.35;6.69;NA;13.05;23.43;13.52;13.26;19.7;NA;NA;NA;
15;6;1.62;8.01;1.86;NA;4.64;3.21;4.47;5.27;7.95;NA;NA;NA;
15;7;2.55;12.19;6.26;NA;10.65;3.71;6.02;3.66;4.42;NA;NA;NA;
15;8;8.77;15.39;ND;NA;19.38;7.33;14.92;4.38;8.36;NA;NA;NA;
15;9;10.72;24.14;ND;NA;24.3;10.45;12.26;7.22;7.46;NA;NA;NA;
15;10;10.49;20.55;ND;NA;18.7;8.29;19.78;15.79;9.67;NA;NA;NA;
15;11;10.01;17.43;ND;NA;19.98;19.92;8.95;24.29;13.85;NA;NA;NA;
15;12;10.13;32.6;ND;NA;32.68;21.93;24.8;ND;19.83;NA;NA;NA;
15;13;12.93;43.31;ND;NA;27.23;24.24;45.45;ND;24.02;NA;NA;NA;
15;14;16.86;46.1;ND;NA;19.46;17.6;33.87;48.58;34.82;NA;NA;NA;
15;15;12.73;35.3;ND;NA;14.16;13.64;36.87;41.43;ND;NA;NA;NA;
15;16;10.17;31.8;ND;NA;14.16;13.27;35.3;11.51;32.06;NA;NA;NA;
15;17;9.45;29.73;ND;NA;5.51;9.29;41.89;2.57;15.65;NA;NA;NA;
15;18;4.87;26.08;ND;NA;9.57;3.19;20.66;6.21;2.84;NA;NA;NA;
15;19;2.54;20.16;ND;NA;7.46;3.39;11.45;25.57;1.42;NA;NA;NA;
15;20;1.66;11.54;ND;NA;8.77;2.16;4.3;9.32;1.81;NA;NA;NA;
15;21;1.26;7.53;ND;NA;8.48;2.24;1.39;2.74;2.18;NA;NA;NA;
15;22;3;3.88;ND;NA;7.91;3.89;1.11;2.82;1.96;NA;NA;NA;
15;23;1.45;3.63;ND;NA;4.22;3.26;0.72;2.44;1.65;NA;NA;NA;
16;0;3.91;1.57;6.12;NA;8.29;13.23;0.92;ND;1.1;NA;NA;NA;
16;1;4.82;1.94;0.76;NA;12.91;4.38;ND;1.82;1.28;NA;NA;NA;
16;2;2.66;ND;ND;NA;ND;2.19;0.95;1.35;1.12;NA;NA;NA;
16;3;1.6;1.52;0.58;NA;3.56;1.78;6.03;1.19;0.96;NA;NA;NA;
16;4;1.45;1.63;0.73;NA;1.66;1.34;13.45;0.69;0.96;NA;NA;NA;
16;5;1;2.01;1.07;NA;8.64;1.17;5.47;0.95;1.04;NA;NA;NA;
16;6;2.23;4.51;2.22;NA;9.4;3.46;6.43;1.7;2.27;NA;NA;NA;
16;7;3.16;4.17;5.28;NA;7;5.73;20.64;3.77;4.69;NA;NA;NA;
16;8;8.73;13.94;9.16;NA;11.43;17.47;40.82;8.75;11.02;NA;NA;NA;
16;9;27.17;39.29;30.12;NA;22.73;17.16;51.25;22.68;10.36;NA;NA;NA;
16;10;38.12;43.5;49.42;NA;24.97;30.44;ND;49.58;19.6;NA;NA;NA;
16;11;41.16;59.86;64.08;NA;53.74;59.07;ND;75.36;54.34;NA;NA;NA;
16;12;36.41;61.62;65.88;NA;64.83;78.4;ND;76.25;62.93;NA;NA;NA;
16;13;30.49;51.2;55.67;NA;53.45;64.46;81.42;74.83;73.67;NA;NA;NA;
16;14;24.91;46.7;51.06;NA;30.09;59.8;65.55;66.66;58.9;NA;NA;NA;
16;15;22.02;41.33;20.66;NA;20.15;28.26;45.82;49.4;41.83;NA;NA;NA;
16;16;22.9;38.52;14.37;NA;19.68;21.07;23.23;43.26;33.14;NA;NA;NA;
16;17;19.13;31.85;7.39;NA;14.58;11.22;13.67;34.64;35.39;NA;NA;NA;
16;18;12.4;22.71;3.71;NA;9.29;7.9;25.36;29.84;31.22;NA;NA;NA;
16;19;7.29;20.85;0.92;NA;6.25;1.51;20.9;27.24;26.06;NA;NA;NA;
16;20;5.9;18.87;2.21;NA;4.69;1.36;23.52;25.33;19.23;NA;NA;NA;
16;21;8.44;20.81;9.09;NA;5.08;6.16;29.38;27.36;18.6;NA;NA;NA;
16;22;3.14;19.32;8.3;NA;6.2;9.3;26.97;29.73;18.98;NA;NA;NA;
16;23;1.2;12.77;2.39;NA;5.65;5.53;30.89;18.93;11.01;NA;NA;NA;
17;0;4.41;22.06;1.43;NA;5.38;7.24;24.7;9.66;8.83;NA;NA;NA;
17;1;10.79;26.18;17.66;NA;9.2;1.92;16.15;24.61;6.09;NA;NA;NA;
17;2;12.37;27.16;ND;NA;7.67;ND;13.48;29.87;1.67;NA;NA;NA;
17;3;12.61;27.93;2.31;NA;7.09;6.03;8.31;30.2;2.29;NA;NA;NA;
17;4;8.61;25.34;13.14;NA;14.45;7.72;4.75;25.15;2.19;NA;NA;NA;
17;5;5.16;23.53;25.18;NA;17.66;18.47;5.3;26.54;3.33;NA;NA;NA;
17;6;3.58;19.78;16.6;NA;10.35;7.18;3.44;8.61;2.9;NA;NA;NA;
17;7;2.22;9.53;4.71;NA;4.44;9.05;4.73;12.04;3.87;NA;NA;NA;
17;8;5.67;17.53;9.78;NA;7.87;15.59;20.5;21.51;9.56;NA;NA;NA;
17;9;14.46;23.02;19.36;NA;26.79;17.98;32.61;32;21.72;NA;NA;NA;
17;10;16.45;33.21;22.92;NA;18.73;16.69;31.71;35.91;27.55;NA;NA;NA;
17;11;14.62;37.09;11.77;NA;29.41;20.61;38.06;23.64;37.61;NA;NA;NA;
17;12;11.56;22.46;22.95;NA;27.71;22.81;42;36.24;34.1;NA;NA;NA;
17;13;12.23;20.05;21.03;NA;30.44;32.76;43.98;50.16;53.59;NA;NA;NA;
17;14;14.18;20.78;5.68;NA;19.65;10.82;39.57;36.5;24.14;NA;NA;NA;
17;15;8.74;21.88;4.03;NA;9.98;8.86;13.93;27.31;13.78;NA;NA;NA;
17;16;8.86;26.53;4.36;NA;13.37;16.29;8.82;27.08;19.45;NA;NA;NA;
17;17;4.97;20.91;9.79;NA;10.34;10.22;15.07;17.24;36.32;NA;NA;NA;
17;18;2.61;24.34;8.32;NA;8.47;9.39;5.46;10.82;8.43;NA;NA;NA;
17;19;10.51;22.27;5.56;NA;9.56;4.04;9.33;27.75;8.11;NA;NA;NA;
17;20;3.74;10.11;7.09;NA;8.2;2.4;7.57;24.13;3.62;NA;NA;NA;
17;21;2.56;17.78;17.53;NA;22.22;12.64;32.16;14.97;2.84;NA;NA;NA;
17;22;2.41;20.56;14.12;NA;20.42;30.21;37.92;24.81;35.73;NA;NA;NA;
17;23;4.37;19;10.52;NA;24.98;39.44;37.04;32.44;40.18;NA;NA;NA;
18;0;6.41;31.42;28.14;NA;10.53;24.44;44.96;ND;12.15;NA;NA;NA;
18;1;8.76;29;24.02;NA;11.53;13.15;ND;14.24;3.41;NA;NA;NA;
18;2;2.62;ND;9.49;NA;ND;3.2;23.49;16.17;0.68;NA;NA;NA;
18;3;1;3.8;0.95;NA;14.45;1.93;11.16;1.06;0.11;NA;NA;NA;
18;4;1.03;6.83;0.77;NA;0.58;1.29;4.5;1;0.14;NA;NA;NA;
18;5;1.36;14.13;0.61;NA;0.1;1.28;7.13;1.02;2.56;NA;NA;NA;
18;6;5.8;17.52;1.48;NA;5.81;2.3;3.93;2.33;2.48;NA;NA;NA;
18;7;9.79;16.27;7.91;NA;12.7;5.81;13.07;5.08;12.41;NA;NA;NA;
18;8;12.61;17.64;12.95;NA;18.5;22.42;33.47;5.78;15.02;NA;NA;NA;
18;9;13.33;28.08;27.35;NA;23.54;18.61;51.9;15.12;25.66;NA;NA;NA;
18;10;25.27;50.45;29.79;NA;37.61;26.53;71.59;49.24;10.36;NA;NA;NA;
18;11;28.35;55.03;34.34;NA;30.98;29.34;41.72;69.13;44.76;NA;NA;NA;
18;12;25.32;51.76;35.41;NA;26.45;40.75;20.9;69.55;49.05;NA;NA;NA;
18;13;24.28;46.24;28.84;NA;15.42;28.02;20.09;61.26;32.52;NA;NA;NA;
18;14;22.72;36.8;16.41;NA;13.29;10.55;14.3;40.5;21.24;NA;NA;NA;
18;15;16.69;31.52;10.64;NA;16.13;11.83;19.67;35.09;15.48;NA;NA;NA;
18;16;15.35;25.84;7.45;NA;10.01;4.59;10.3;28.3;8.68;NA;NA;NA;
18;17;9.72;24.66;1.72;NA;14.27;3.09;3.99;27.65;13.31;NA;NA;NA;
18;18;6.29;23.88;2.73;NA;3.27;1.32;6.21;22.35;14.66;NA;NA;NA;
18;19;5.93;20.57;1.24;NA;7.37;2.39;5.08;24.04;26.46;NA;NA;NA;
18;20;4.49;22.05;3.77;NA;3.81;11.22;15;30.43;24.04;NA;NA;NA;
18;21;2.83;20.96;3.05;NA;4.47;9.58;26.79;27.09;26.78;NA;NA;NA;
18;22;5.58;21.59;3.85;NA;8.27;10.56;33.17;26.09;27.93;NA;NA;NA;
18;23;4.36;18.96;4.26;NA;8.26;15.07;29.56;24.47;28.73;NA;NA;NA;
19;0;3;20.87;8.18;NA;13.47;16.83;24.56;20.19;23.21;NA;NA;NA;
19;1;7.67;28.24;16.51;NA;6.53;16.29;30.33;17.3;9.49;NA;NA;NA;
19;2;9.28;27.07;ND;NA;1.28;ND;28.39;11.6;6.91;NA;NA;NA;
19;3;11.11;17.92;8.93;NA;3.54;8.37;9.03;11.28;5.42;NA;NA;NA;
19;4;11.91;14.09;6.02;NA;1.21;3.78;13.26;13;2.71;NA;NA;NA;
19;5;9.4;1.94;0.69;NA;0.13;5.25;16.98;8.05;2.21;NA;NA;NA;
19;6;2.06;5.35;2.23;NA;0.68;3.08;13.03;5.01;2.28;NA;NA;NA;
19;7;4.89;8.74;8.4;NA;5.35;14.82;15.84;5.96;7.2;NA;NA;NA;
19;8;14.92;15.16;23.21;NA;17.58;26.95;31.01;12.97;17.35;NA;NA;NA;
19;9;20.67;27.18;33.07;NA;34.17;39.6;52.25;25;24.72;NA;NA;NA;
19;10;23.55;47.87;28.04;NA;21.85;31.36;39.07;46.89;14.67;NA;NA;NA;
19;11;22.85;43.51;32.86;NA;20.19;40.49;34.32;63.58;46.23;NA;NA;NA;
19;12;23.55;39.91;41.18;NA;24.46;40.57;41.48;60.51;56.18;NA;NA;NA;
19;13;22.79;36.83;38.72;NA;36.22;47.43;47.27;47.76;59.96;NA;NA;NA;
19;14;20.37;36.23;30.96;NA;24.46;36.72;ND;42.86;26.74;NA;NA;NA;
19;15;19.26;33.55;26.99;NA;24.94;26.51;ND;36.53;34.66;NA;NA;NA;
19;16;16.92;29.54;12.57;NA;25.9;20.19;ND;33.67;11.32;NA;NA;NA;
19;17;17.8;25.09;7.82;NA;20.12;16.2;ND;32.3;16.04;NA;NA;NA;
19;18;11.48;24.87;7.33;NA;16.98;16.76;ND;27.24;18.98;NA;NA;NA;
19;19;3.64;21.29;6.94;NA;11.5;3.85;ND;26.44;26.67;NA;NA;NA;
19;20;4.64;21.4;5.14;NA;12.02;1.12;ND;26.86;10.81;NA;NA;NA;
19;21;5.93;21.34;3.36;NA;16.33;0.69;ND;27.06;20.86;NA;NA;NA;
19;22;6.62;22;9.87;NA;29.12;1.73;ND;26.42;26.75;NA;NA;NA;
19;23;12.81;24.95;16.6;NA;34.15;13.06;ND;27.84;26.37;NA;NA;NA;
20;0;13.97;27.31;24.46;NA;35.2;11.49;43.87;ND;25.85;NA;NA;NA;
20;1;16.11;29.9;29.14;NA;38.12;22.29;43.87;31.64;22.79;NA;NA;NA;
20;2;18.63;ND;31.58;NA;ND;27.86;43.87;33.89;26.33;NA;NA;NA;
20;3;16.75;31.81;30.3;NA;24.82;28.09;43.87;36.14;33.09;NA;NA;NA;
20;4;17.63;32.48;30.59;NA;32.33;28.89;43.87;37.72;34.86;NA;NA;NA;
20;5;8.77;28.37;25.72;NA;12.2;25.66;43.87;33.21;34.45;NA;NA;NA;
20;6;3.96;18.57;11.4;NA;0;3.46;43.87;28.07;28.62;NA;NA;NA;
20;7;2.29;11.24;5.19;NA;0.54;2.72;43.87;26.21;24.17;NA;NA;NA;
20;8;3.81;20.05;6.72;NA;10.78;5.96;40.18;31.28;25.94;NA;NA;NA;
20;9;9.42;27.15;6.78;NA;ND;10.35;29.93;26.89;26.54;NA;NA;NA;
20;10;14.4;33.46;17.41;NA;ND;19.64;47.01;34.28;16.26;NA;NA;NA;
20;11;28.12;47.47;30.86;NA;36.72;29.11;ND;44.95;20.98;NA;NA;NA;
20;12;35.36;57.42;48.29;NA;34.33;36.78;ND;60.65;45.8;NA;NA;NA;
20;13;37.41;65.16;67.1;NA;48.21;63.2;55.65;65.41;34.66;NA;NA;NA;
20;14;30.56;46.99;67.13;NA;35.96;65.87;21.21;67.3;52.14;NA;NA;NA;
20;15;22.17;36.11;24.72;NA;15.04;35.14;20.02;52.35;49.91;NA;NA;NA;
20;16;12.91;26.33;11.12;NA;14.98;17.26;28.19;36.3;25.66;NA;NA;NA;
20;17;10.04;22.18;3.3;NA;8.06;11.98;9.17;17.84;22.14;NA;NA;NA;
20;18;5.74;18;1.56;NA;3.95;2.09;3.98;5.04;15.32;NA;NA;NA;
20;19;4.42;17.94;1.48;NA;3.66;1.28;3.42;4.88;16.99;NA;NA;NA;
20;20;1.54;13.04;1.07;NA;9.46;0.88;7.45;8.56;16.63;NA;NA;NA;
20;21;0.87;10.63;2.59;NA;6.56;0.99;16.05;2.15;3.16;NA;NA;NA;
20;22;1.03;5.79;0.74;NA;10.16;0.68;12.39;11.21;4.58;NA;NA;NA;
20;23;0.7;2.7;0.37;NA;3.6;1.4;6.41;5.63;2.67;NA;NA;NA;
21;0;0.41;2.21;ND;NA;3.42;ND;11.53;10.64;2.62;NA;NA;NA;
21;1;0.52;8.08;4.84;NA;8.55;2.01;ND;14.02;0.83;NA;NA;NA;
21;2;4.43;12.41;ND;NA;ND;ND;13.36;13.9;1.1;NA;NA;NA;
21;3;1.66;18.59;9.61;NA;11.39;0.97;15.56;8.83;3.53;NA;NA;NA;
21;4;3.44;17.7;3.54;NA;26.38;1.08;22.01;3.53;4.28;NA;NA;NA;
21;5;0.69;11.39;0.65;NA;12.41;1.39;19.63;1.15;1.88;NA;NA;NA;
21;6;0.93;6.08;0.82;NA;15.62;2.58;4;1.49;1.61;NA;NA;NA;
21;7;2.39;6.87;2.73;NA;19.75;3.29;17.65;3.79;3.21;NA;NA;NA;
21;8;5.63;12.46;4.01;NA;20.03;4.51;29.62;8.1;5.14;NA;NA;NA;
21;9;7.7;20.41;3.62;NA;16.85;4.41;22.73;16.39;6.26;NA;NA;NA;
21;10;16.38;34.24;13.92;NA;30.2;9.87;29.99;27.32;9.17;NA;NA;NA;
21;11;28.45;47.76;35.37;NA;36.88;34.5;56.27;43.79;14.6;NA;NA;NA;
21;12;35.02;50.49;45.69;NA;44.22;50.97;61.74;60.86;43.42;NA;NA;NA;
21;13;28.88;44;48.09;NA;53.57;52.23;64.01;59.97;54.49;NA;NA;NA;
21;14;20.71;40.67;44.54;NA;52.1;54.82;50.26;54.4;48.13;NA;NA;NA;
21;15;17.35;33.17;36.83;NA;25.78;38.17;30.37;36.4;49.57;NA;NA;NA;
21;16;12.16;25.78;32.15;NA;13.36;28.58;24.73;28.68;27.29;NA;NA;NA;
21;17;10.82;ND;5.01;NA;10.5;7.32;7.46;22.42;18.19;NA;NA;NA;
21;18;8.27;14.57;1.27;NA;10.12;2.42;7.39;16.07;14.08;NA;NA;NA;
21;19;5.87;7.79;1.02;NA;6.33;3.88;1.62;14.85;11.9;NA;NA;NA;
21;20;1.71;5.27;0.65;NA;6.87;1.59;2.29;12.53;8.52;NA;NA;NA;
21;21;1.53;5.76;0.95;NA;5.45;1.78;6.59;13.92;7.37;NA;NA;NA;
21;22;2.19;10.77;0.58;NA;6.04;2.79;5.61;12.04;9.96;NA;NA;NA;
21;23;1.89;10.36;2.24;NA;6.28;7.87;8.11;15.96;6.48;NA;NA;NA;
22;0;5.25;13.61;6.44;NA;10.56;9.42;10.03;ND;10.69;NA;NA;NA;
22;1;4.65;14.22;7.54;NA;15.39;11.87;9.81;17.56;14.33;NA;NA;NA;
22;2;6.32;ND;11.11;NA;20.63;14.62;3.87;17.71;13.7;NA;NA;NA;
22;3;6.92;12.88;11.97;NA;17.04;16.84;3.45;16.81;8.68;NA;NA;NA;
22;4;3.83;11.46;8.61;NA;4.66;8.33;2.8;12.98;7.67;NA;NA;NA;
22;5;1.05;12.18;9.54;NA;ND;6.46;3.33;9.79;2.75;NA;NA;NA;
22;6;1.29;8.72;3.38;NA;12.54;1.93;5.45;8.1;2.03;NA;NA;NA;
22;7;3.4;7.19;3.02;NA;12.6;3.49;5.08;9.08;3.14;NA;NA;NA;
22;8;5.48;13.21;3.84;NA;7.79;5;11.62;8.07;5.79;NA;NA;NA;
22;9;8.35;18.79;5.96;NA;14.93;7.6;41.18;11.72;5.22;NA;NA;NA;
22;10;20.47;33.39;20;NA;27.2;16.53;34.44;14.6;5.36;NA;NA;NA;
22;11;30.32;43.89;43.61;NA;42.58;38.55;48.48;38.38;12.42;NA;NA;NA;
22;12;31.66;43.05;45.12;NA;50;47.76;55.2;57.78;36.03;NA;NA;NA;
22;13;21.43;40.5;43.7;NA;55.78;56.49;48.01;56.08;56.61;NA;NA;NA;
22;14;23.66;42.49;38.54;NA;28.67;42.8;66.68;52.75;39.84;NA;NA;NA;
22;15;19.03;ND;24.55;NA;22.05;31.24;ND;41.31;46.38;NA;NA;NA;
22;16;17.1;25.05;9.88;NA;15.35;16.03;28.85;30.1;26.47;NA;NA;NA;
22;17;13.06;21.26;4.23;NA;12.94;6.5;7.13;30.22;15.83;NA;NA;NA;
22;18;9.28;20.66;1.44;NA;6.8;2.39;11.39;27.75;2.76;NA;NA;NA;
22;19;5.11;19.4;1.93;NA;6.64;3.23;4.1;27.51;1.87;NA;NA;NA;
22;20;4.6;17.94;2.36;NA;2.76;2.9;1.79;26.78;1.86;NA;NA;NA;
22;21;5.31;12.02;1.06;NA;5.47;1.55;11.5;24.58;11.09;NA;NA;NA;
22;22;2.23;16.13;0.79;NA;ND;1.8;8.83;22.8;16.64;NA;NA;NA;
22;23;3.49;12.79;1.21;NA;31.47;1.01;11.58;19.83;22.08;NA;NA;NA;
23;0;4.19;14.96;4.77;NA;13.38;2.8;3.75;23.69;19.27;NA;NA;NA;
23;1;10.95;25.81;4.42;NA;ND;1.87;ND;27.38;15.85;NA;NA;NA;
23;2;11.27;25.16;ND;NA;ND;ND;14.94;26.67;22.76;NA;NA;NA;
23;3;11.46;23.33;14.12;NA;29.22;14.27;13.08;23.79;22.89;NA;NA;NA;
23;4;6.3;21.2;13.23;NA;31.96;18.16;9.45;24.1;24.95;NA;NA;NA;
23;5;1.61;10.34;7.83;NA;ND;8.89;6.36;17.98;23.17;NA;NA;NA;
23;6;1.05;9.29;6.1;NA;11.81;2.37;8.64;16.42;15.96;NA;NA;NA;
23;7;2.2;8;4.03;NA;23.06;4.74;12.39;16.57;19.79;NA;NA;NA;
23;8;8.59;15.93;11.71;NA;28.62;8.68;25.3;13.53;11.8;NA;NA;NA;
23;9;13.16;29.75;16.9;NA;29.55;21.69;39.61;28.26;27.18;NA;NA;NA;
23;10;31.63;41.35;28.68;NA;29.92;24.39;70.65;39.63;37.53;NA;NA;NA;
23;11;32.16;50.87;62.64;NA;45.77;52.68;52.78;57.16;29.51;NA;NA;NA;
23;12;26.42;46.18;48.86;NA;52.95;70.45;53.6;56.42;68.97;NA;NA;NA;
23;13;27.8;45.68;46.87;NA;34.38;51.89;67.87;59.59;58.61;NA;NA;NA;
23;14;24.27;38.71;36.47;NA;33.96;39.81;55.53;58.26;57.87;NA;NA;NA;
23;15;22.46;31.94;23.82;NA;24.2;29.24;48.97;45.07;44.12;NA;NA;NA;
23;16;20.28;29.98;11.53;NA;24.68;19.42;28.49;35.68;30.18;NA;NA;NA;
23;17;17.38;27.17;6.48;NA;23.34;13.95;24.11;32.61;29.55;NA;NA;NA;
23;18;7.77;25.82;2.35;NA;18.66;7.51;26.66;27.3;26.41;NA;NA;NA;
23;19;4.78;21.98;4.24;NA;10.97;3.54;35.17;17.31;14.58;NA;NA;NA;
23;20;1.97;9.51;5.61;NA;3.53;2.74;24.47;4.68;14.69;NA;NA;NA;
23;21;4.37;5.44;1.19;NA;6.28;2.54;20.56;3.88;6.89;NA;NA;NA;
23;22;2.05;9.37;0.76;NA;3.65;2.69;27.88;1.17;5.49;NA;NA;NA;
23;23;2.96;10.53;0.95;NA;ND;2.43;35.1;1;2.25;NA;NA;NA;
24;0;2.16;14.37;0.93;NA;ND;1.67;5.64;ND;5.46;NA;NA;NA;
24;1;5.16;12.96;0.54;NA;ND;1.18;12.39;1.12;6.37;NA;NA;NA;
24;2;7.73;ND;0.34;NA;8.51;2.91;18.89;1.06;5.47;NA;NA;NA;
24;3;6.23;10.24;0.32;NA;ND;1.6;15.55;0.92;4.98;NA;NA;NA;
24;4;4.66;5.42;4.72;NA;3.57;1.26;7.22;0.87;5.78;NA;NA;NA;
24;5;2.54;5.82;3.21;NA;ND;2.09;4.5;0.99;1.41;NA;NA;NA;
24;6;1.64;3.67;1.29;NA;ND;2.82;4.41;1.73;2.65;NA;NA;NA;
24;7;3.62;8.63;3.64;NA;9.36;4.45;14.43;4.82;5.72;NA;NA;NA;
24;8;8.15;21.33;13.19;NA;14.82;18.74;30.19;8.12;12.56;NA;NA;NA;
24;9;17.45;30.41;20.91;NA;ND;31.65;74.19;15.7;34.02;NA;NA;NA;
24;10;23.8;35.58;25.03;NA;ND;28.2;46.22;31.17;27.7;NA;NA;NA;
24;11;33.76;44.81;38.15;NA;ND;40.03;66.79;38.99;16.83;NA;NA;NA;
24;12;32.93;52.51;52.13;NA;ND;46.04;44.02;49.75;35.99;NA;NA;NA;
24;13;29.12;44.51;50.5;NA;59.39;59.84;58.27;68.47;49.36;NA;NA;NA;
24;14;25.86;39.8;37.14;NA;32.24;40.42;59.12;54.68;56.84;NA;NA;NA;
24;15;19.95;32.56;34.27;NA;25.87;25.42;43.62;38.74;31.48;NA;NA;NA;
24;16;19.66;27.54;17.67;NA;19.18;7.65;ND;29.63;11.17;NA;NA;NA;
24;17;15.15;23.96;6.3;NA;21.05;6.91;25.18;22.76;24.14;NA;NA;NA;
24;18;11.24;17.56;2.65;NA;15.82;13.97;ND;25.33;14.22;NA;NA;NA;
24;19;4.81;18.69;1.45;NA;13.83;2.92;11.29;19.12;5.58;NA;NA;NA;
24;20;1.66;12.1;1.13;NA;13.41;2.03;2.23;19.37;3.87;NA;NA;NA;
24;21;1.63;4.05;1.42;NA;6.49;2.55;2.72;20.21;18.07;NA;NA;NA;
24;22;1.02;4.8;1.28;NA;6.66;3.57;4.04;15.98;14.98;NA;NA;NA;
24;23;1.22;3.6;0.45;NA;9.98;3.04;6.16;19.08;4.5;NA;NA;NA;
25;0;1.58;5.02;0.36;NA;11.8;3.27;11.71;17.19;1.5;NA;NA;NA;
25;1;1.43;3.53;0.76;NA;8.49;1.68;5.04;7.77;1.61;NA;NA;NA;
25;2;1.27;2.72;ND;NA;ND;ND;13.65;3.2;0.82;NA;NA;NA;
25;3;1.1;3.34;0.81;NA;4.26;2.58;9.57;2.06;0.52;NA;NA;NA;
25;4;1.19;2.1;1.73;NA;7.22;5.35;2.37;1.02;0.26;NA;NA;NA;
25;5;1.11;1.36;0.49;NA;9.03;1.99;3.09;0.9;0.91;NA;NA;NA;
25;6;1.24;2.74;1.12;NA;8.84;3.01;3.93;1.67;2.18;NA;NA;NA;
25;7;4.13;9.35;5.59;NA;14.62;4.17;6.97;2.9;5.88;NA;NA;NA;
25;8;9.92;15.91;14.24;NA;19.61;13.52;20.94;7.62;10.01;NA;NA;NA;
25;9;15.97;20.27;18.59;NA;29.5;18.25;17.52;7.98;12.5;NA;NA;NA;
25;10;18.32;19.76;17.2;NA;ND;11.42;38.64;11.31;13.97;NA;NA;NA;
25;11;22.29;36.49;31.26;NA;ND;28.09;37.22;19.43;14.37;NA;NA;NA;
25;12;33.16;52.12;50.45;NA;ND;49.43;45.73;41.28;10.92;NA;NA;NA;
25;13;41.3;56.77;56.07;NA;ND;54.53;48.58;61.08;38.29;NA;NA;NA;
25;14;34.84;52.41;59.67;NA;ND;55.76;51.75;69.85;60.31;NA;NA;NA;
25;15;25.34;44.25;53.07;NA;ND;55.68;50.02;61.04;58.2;NA;NA;NA;
25;16;25.47;40.94;ND;NA;ND;50.27;39.14;48.6;54.12;NA;NA;NA;
25;17;21.28;36.06;ND;NA;ND;36.84;33.81;41.27;35.06;NA;NA;NA;
25;18;17.84;25.65;ND;NA;ND;14.99;9.27;30.03;22.52;NA;NA;NA;
25;19;11.08;20.29;ND;NA;ND;3.49;3.02;27.4;21.6;NA;NA;NA;
25;20;8.99;17.08;1.37;NA;ND;3.65;7.18;27.42;5.02;NA;NA;NA;
25;21;1.22;18.65;0.39;NA;ND;3.03;8.41;27.57;13.17;NA;NA;NA;
25;22;3.13;18.08;1.76;NA;ND;7.48;14.68;26.15;18.27;NA;NA;NA;
25;23;0.84;17.08;0.64;NA;ND;3.93;16.41;19.52;5.39;NA;NA;NA;
26;0;2.83;11.74;1.02;NA;10.34;1.23;10.57;ND;6.48;NA;NA;NA;
26;1;5.05;13.56;0.31;NA;8.59;1.25;ND;16.97;5.51;NA;NA;NA;
26;2;4.14;ND;1.27;NA;9.01;2.86;6.93;17.58;0.85;NA;NA;NA;
26;3;4.72;15.07;0.68;NA;5.88;2.43;6.85;18.83;0.96;NA;NA;NA;
26;4;5.61;15.21;2.38;NA;7.53;6.53;12.45;14.15;0.9;NA;NA;NA;
26;5;4.26;11.17;4.03;NA;3.13;3.63;5.39;12.06;1.98;NA;NA;NA;
26;6;1.94;3.14;3.07;NA;5.09;5.52;2.09;7.98;2.06;NA;NA;NA;
26;7;5.41;7.15;6.79;NA;8.33;4.86;12.59;16.23;4.63;NA;NA;NA;
26;8;12.35;14.57;14.38;NA;15.47;15.62;11;17.45;7.62;NA;NA;NA;
26;9;20.58;29.55;31.9;NA;29.59;19.62;38.63;17.85;6.85;NA;NA;NA;
26;10;26.78;40.36;32.34;NA;28.05;26.08;59.97;24.1;12.85;NA;NA;NA;
26;11;29.63;42.29;47.17;NA;36.6;47.9;48.53;36.32;14.93;NA;NA;NA;
26;12;28.52;42.11;38.14;NA;41.81;39.2;52.2;46.54;37.6;NA;NA;NA;
26;13;28.19;42.4;53.61;NA;49.7;53.09;53.83;50.88;44.34;NA;NA;NA;
26;14;28.97;41.96;48.25;NA;57.88;57.33;56.82;48.75;55.38;NA;NA;NA;
26;15;22.47;38.11;45.64;NA;50.4;46.14;48.76;43.34;53.35;NA;NA;NA;
26;16;21.67;33.92;36.97;NA;40.96;36.42;38.9;35.64;43.99;NA;NA;NA;
26;17;18.82;27.86;28.92;NA;28.35;21.16;26.25;33.84;25.09;NA;NA;NA;
26;18;14.97;22.05;11.94;NA;15.97;14.7;16.8;27.17;16.28;NA;NA;NA;
26;19;13.95;22.67;4.4;NA;18.87;13.42;22.02;26.05;15.09;NA;NA;NA;
26;20;9.48;23.13;10.68;NA;18.61;10.5;18.12;26.08;8.39;NA;NA;NA;
26;21;7.77;21.27;23.14;NA;17.3;18.89;15.86;16.77;15.49;NA;NA;NA;
26;22;4.21;14.46;9.58;NA;11.75;7.89;24.25;17.89;3.14;NA;NA;NA;
26;23;3.44;20.15;17.17;NA;12.1;4.52;15.64;14.23;2.2;NA;NA;NA;
27;0;7.42;20.95;20.47;NA;15.88;3.1;19.49;19.64;8.07;NA;NA;NA;
27;1;9.73;23.69;27.35;NA;13.77;8.83;24.02;18.89;6.18;NA;NA;NA;
27;2;12.17;24.21;ND;NA;ND;ND;24.26;18.74;5.6;NA;NA;NA;
27;3;13.61;25.48;5.74;NA;16.48;11.52;21.52;22.14;3.19;NA;NA;NA;
27;4;11.8;24.35;14;NA;20.42;9.53;14.67;24.23;1.25;NA;NA;NA;
27;5;5.34;24.11;18.57;NA;10.98;14.85;7.6;24.12;1.44;NA;NA;NA;
27;6;2.63;11.85;7.86;NA;9.13;8.99;2.25;15.04;1.62;NA;NA;NA;
27;7;3.15;12;8.26;NA;17.57;6.21;9.91;14.28;4.93;NA;NA;NA;
27;8;7.72;19.77;15.4;NA;29.55;16.31;20.15;19.77;18.75;NA;NA;NA;
27;9;20.44;32.26;24.48;NA;40.57;25.57;56.35;19.76;24.38;NA;NA;NA;
27;10;29.68;41.8;39.43;NA;113.5;28.97;49.33;40.25;15.73;NA;NA;NA;
27;11;30.89;44.91;47.44;NA;23.22;48.3;43.55;53.17;29.68;NA;NA;NA;
27;12;25.49;46.29;48.83;NA;ND;53.49;55.97;53.83;48.8;NA;NA;NA;
27;13;25.51;43.38;36.83;NA;47.4;46.2;61.43;52.84;56.01;NA;NA;NA;
27;14;24.94;39.88;ND;NA;ND;38.08;41.23;47.73;49.32;NA;NA;NA;
27;15;21.59;31.23;ND;NA;ND;41.72;43.39;43.76;42.8;NA;NA;NA;
27;16;19.09;27.71;29.83;NA;23.57;25;32.85;34.34;37.28;NA;NA;NA;
27;17;17.78;23.02;10.25;NA;15.38;16.13;15.45;27.64;28.17;NA;NA;NA;
27;18;15.45;21.66;1.66;NA;10.73;6.56;9.55;25.3;24.76;NA;NA;NA;
27;19;8.15;19.37;0.8;NA;6.89;3.78;9.76;27.02;12.08;NA;NA;NA;
27;20;7.58;18.13;2.34;NA;4.37;6.73;11.46;23.27;23.34;NA;NA;NA;
27;21;6.98;14.06;2;NA;8.58;11.77;9.26;22.93;22.34;NA;NA;NA;
27;22;5.85;12.19;2.73;NA;9.02;6.29;10.11;23.03;22.52;NA;NA;NA;
27;23;8.03;13.84;8.41;NA;11.01;9.02;17.3;24.14;19.21;NA;NA;NA;
28;0;4.83;17.74;11.8;NA;12.43;11.55;19.13;ND;20.65;NA;NA;NA;
28;1;4.68;13.82;11.41;NA;13.48;14.39;ND;21.55;20.58;NA;NA;NA;
28;2;5.04;ND;14.45;NA;13.23;12.44;10.48;18.32;21.46;NA;NA;NA;
28;3;4.12;15.68;19.49;NA;17.99;17.32;12.65;18.48;12.35;NA;NA;NA;
28;4;2.3;14.37;23.69;NA;18.47;21.86;14.96;16.52;12.85;NA;NA;NA;
28;5;1.13;8;9.98;NA;9.87;8.52;7.74;10.64;2.31;NA;NA;NA;
28;6;1.04;5.24;5.04;NA;6.15;3.22;5.05;2.28;3.82;NA;NA;NA;
28;7;4.07;8.92;4.39;NA;8.87;5;10.86;7.56;7.02;NA;NA;NA;
28;8;5.36;10.01;10.75;NA;17.68;17.65;21.42;17.23;8.73;NA;NA;NA;
28;9;8.99;19.16;13.01;NA;21.26;14.75;25.42;17.47;5.93;NA;NA;NA;
28;10;21.25;37.85;30.88;NA;31.89;29.79;36.65;30.6;19.62;NA;NA;NA;
28;11;33.71;51.51;42.3;NA;42.24;43.42;ND;38.28;38.47;NA;NA;NA;
28;12;45.3;56.89;52.54;NA;53.61;49.06;ND;59.11;55.37;NA;NA;NA;
28;13;34.72;49.32;61.91;NA;49.57;60.63;56.67;67.65;51.74;NA;NA;NA;
28;14;24.7;43.57;55.09;NA;62.12;71.22;58.67;60.04;61.4;NA;NA;NA;
28;15;22.7;41.9;40.63;NA;41.76;47.88;58.22;47.98;58.2;NA;NA;NA;
28;16;19.91;29.31;38.38;NA;25.31;35.57;23.21;34.72;42.8;NA;NA;NA;
28;17;14.6;22.34;9.81;NA;17.88;18.14;14.58;27.44;26.11;NA;NA;NA;
28;18;10.33;19.21;2.41;NA;10.27;7.76;9.64;23.68;23.74;NA;NA;NA;
28;19;4.52;18.62;1.53;NA;6.31;3.85;9.07;23.14;21.39;NA;NA;NA;
28;20;4.89;17.45;1.12;NA;4.79;5.79;4.07;24.21;23.53;NA;NA;NA;
28;21;2.01;14.68;1.06;NA;4.41;3.48;9.77;20.58;26.46;NA;NA;NA;
28;22;6.54;12.1;2.27;NA;5.33;2.09;10.36;27.84;17;NA;NA;NA;
28;23;6.26;19.15;3.15;NA;9.78;2.56;12.26;26.49;22.01;NA;NA;NA;
29;0;6.24;18.23;6.57;NA;11.48;4.87;15.09;26.05;21.14;NA;NA;NA;
29;1;7.06;17.39;12.32;NA;11.13;11.91;13.1;27.28;22.17;NA;NA;NA;
29;2;9.67;16.22;16.19;NA;ND;ND;7.13;25.03;17.42;NA;NA;NA;
29;3;5.65;15.55;13.98;NA;17.55;17.45;4.38;24.09;21.41;NA;NA;NA;
29;4;2.57;14.09;11.81;NA;15.78;14.7;8.6;20.95;21.19;NA;NA;NA;
29;5;1.83;5.95;8.6;NA;13.67;7.31;11.81;18.28;18.59;NA;NA;NA;
29;6;1.22;4.31;2.54;NA;9.19;2.86;14.11;8.24;15.54;NA;NA;NA;
29;7;3.58;6.64;6.27;NA;10.64;4.69;12.67;8.88;10;NA;NA;NA;
29;8;10.45;12.34;14.88;NA;19.37;13;21.66;14.23;9.43;NA;NA;NA;
29;9;22.02;31.81;25.01;NA;28.36;17.7;33.34;19.43;19.26;NA;NA;NA;
29;10;27.47;41.19;40.35;NA;35.4;39.69;43.11;36.4;ND;NA;NA;NA;
29;11;28.13;42.3;49.34;NA;47.02;51.68;47.98;48.62;ND;NA;NA;NA;
29;12;30.33;43.08;52.88;NA;55.87;55.84;57.66;52.89;ND;NA;NA;NA;
29;13;29.19;42.77;50.82;NA;53.01;53.48;60.78;52.96;ND;NA;NA;NA;
29;14;25.57;39.67;49.86;NA;56.28;ND;54.89;ND;42.08;NA;NA;NA;
29;15;23.36;37.92;38.84;NA;42.72;ND;51.37;45.75;53.12;NA;NA;NA;
29;16;21.76;31.36;31.14;NA;26.86;33.16;35.55;38.55;53.03;NA;NA;NA;
29;17;16.5;25.73;22.6;NA;18.41;22.74;21.92;31.64;29.28;NA;NA;NA;
29;18;10.07;17.42;5.68;NA;10.43;5.04;13.86;23.73;27.51;NA;NA;NA;
29;19;4.21;18.07;1.22;NA;13.18;4.81;5.91;27.12;22.59;NA;NA;NA;
29;20;3.95;20.04;1.9;NA;5.84;5.61;6.84;30.11;7.39;NA;NA;NA;
29;21;4.37;18.93;0.95;NA;6.7;5.11;8.67;30.75;26.24;NA;NA;NA;
29;22;6.55;19.32;1.22;NA;6.38;3.74;10.74;31.24;24.51;NA;NA;NA;
29;23;6.31;20.93;5.34;NA;11.29;2.63;10.67;27.42;26.8;NA;NA;NA;
30;0;8.6;24.04;8.98;NA;7.48;5.48;17.93;ND;22.36;NA;NA;NA;
30;1;9.39;24.3;11.28;NA;13.94;12.45;ND;30.46;27.98;NA;NA;NA;
30;2;8.39;ND;ND;NA;13.97;14.74;12.62;30.38;28.46;NA;NA;NA;
30;3;9.32;17.45;19.73;NA;11.26;14.96;8.55;30.25;28.52;NA;NA;NA;
30;4;6.14;15.45;17.32;NA;15.7;17.95;9.43;26.76;21.15;NA;NA;NA;
30;5;4.41;16.84;5.69;NA;8.34;5.36;15.2;23.83;17.22;NA;NA;NA;
30;6;3.71;19.17;4.96;NA;6.18;4.28;9.66;25.98;11.94;NA;NA;NA;
30;7;6.23;19.38;6.43;NA;14.18;6.8;13.91;23.81;13.63;NA;NA;NA;
30;8;8.19;20.52;13.07;NA;17.25;15.87;23.54;27;9.73;NA;NA;NA;
30;9;16.24;30.06;20.22;NA;26.17;22.79;43.69;35.51;8.31;NA;NA;NA;
30;10;28.86;41.96;31.63;NA;38.09;30.67;48.07;47.83;24.85;NA;NA;NA;
30;11;30.09;45.55;41.04;NA;50.01;46.73;49.18;52.02;48.78;NA;NA;NA;
30;12;32.16;49.16;40.8;NA;46.85;46.3;54.31;54.44;44.82;NA;NA;NA;
30;13;31.87;49.95;51.18;NA;56.68;53.32;63.03;57.77;49.08;NA;NA;NA;
30;14;26.11;45.32;47.63;NA;63.81;55.32;65.99;58.32;64.36;NA;NA;NA;
30;15;24.91;41.59;39.91;NA;44.13;41.97;62.13;54.43;58.06;NA;NA;NA;
30;16;24.25;40.57;32.72;NA;29.81;39.1;40.08;49.9;50.32;NA;NA;NA;
30;17;21.58;34.7;19.42;NA;16.12;27.95;18.66;42.32;28.99;NA;NA;NA;
30;18;17.45;21.6;5.44;NA;14.26;16.27;12.76;34.29;33.21;NA;NA;NA;
30;19;16.97;21.09;5.82;NA;17.72;12.39;9.35;29.39;13.1;NA;NA;NA;
30;20;9.73;16.92;3.98;NA;8.46;8.36;4.11;27.22;17.87;NA;NA;NA;
30;21;6.61;18.99;3.15;NA;6.89;10.05;9.59;27.11;28.91;NA;NA;NA;
30;22;7.51;21.14;3.19;NA;8.59;7.48;9.16;27.88;26.17;NA;NA;NA;
30;23;9.64;23.45;5.65;NA;13.74;16.08;23.5;30.28;23.98;NA;NA;NA;
31;0;10.46;19.26;3.47;NA;17.67;9.93;23.53;28.13;15.76;NA;NA;NA;
31;1;11.89;22.64;6.58;NA;19.79;7.2;10.48;27.29;24.68;NA;NA;NA;
31;2;ND;23.25;10.84;NA;ND;ND;11.63;27.3;24.05;NA;NA;NA;
31;3;5.43;19.18;12.72;NA;13.49;16.34;15.4;24.02;17.56;NA;NA;NA;
31;4;6.19;20.69;17.38;NA;18.31;26.12;19.31;16.5;15.25;NA;NA;NA;
31;5;4.56;16.41;15.94;NA;13.38;10.28;12.92;6.64;6.1;NA;NA;NA;
31;6;3.9;15.92;11.49;NA;9.96;8.17;9.08;7.14;8.04;NA;NA;NA;
31;7;8.17;20.71;18.27;NA;16.77;18.67;7.78;16.72;15.16;NA;NA;NA;
31;8;10.56;28.6;20.32;NA;28.97;29.23;27.47;29.16;13.19;NA;NA;NA;
31;9;19.11;36.44;34.12;NA;36.17;34.99;37.61;41.45;26.05;NA;NA;NA;
31;10;28.58;42.78;52.57;NA;48.08;47.86;50.23;49.05;39.11;NA;NA;NA;
31;11;25.33;42.97;51.02;NA;57.8;56.55;58.3;51.77;51.16;NA;NA;NA;
31;12;24.38;43.36;42.45;NA;52.34;53.51;66.34;55.69;60.18;NA;NA;NA;
31;13;22.73;44.67;42.95;NA;37.89;48.75;52.31;50.49;55.72;NA;NA;NA;
31;14;23.09;37.55;44.37;NA;26.29;46.35;44.03;41.5;47.69;NA;NA;NA;
31;15;20.61;33.58;37.78;NA;32.3;39.79;36.96;37.74;50.65;NA;NA;NA;
31;16;19.2;30.84;27.62;NA;27.48;32.87;28.5;36.41;45.13;NA;NA;NA;
31;17;16.17;25.54;17.2;NA;18.4;23.32;22.4;29.92;35.63;NA;NA;NA;
31;18;10.79;21.89;5.87;NA;11.88;13.99;13.87;25.87;24.94;NA;NA;NA;
31;19;9.02;18.59;6.01;NA;9.69;10.94;10.42;22.37;25.43;NA;NA;NA;
31;20;5.72;14.53;4.09;NA;10.38;9.37;7.77;20.9;16.97;NA;NA;NA;
31;21;5.01;15.23;2.37;NA;11.26;9.2;13.98;21.88;14.27;NA;NA;NA;
31;22;1.87;14.24;4.89;NA;10.86;2.79;15.91;22.25;16.96;NA;NA;NA;
31;23;2.18;7.09;6.44;NA;14.44;4.24;12.63;19.34;17.43;NA;NA;NA;
