DIA;HORA;Cotocollao;Carapungo;Belisario;Jipijapa;El Camal;Centro;Guamaní;Tumbaco;Los Chillos;El Condado;Turubamba;Chillogallo;
1;0;5.14;6.67;6.01;NA;2.37;0.92;30.13;23.89;13.89;NA;NA;NA;
1;1;8.8;13.68;19.09;NA;2.96;0.77;29.62;19.51;ND;NA;NA;NA;
1;2;6.94;ND;ND;NA;ND;1.13;25.03;13.44;3.72;NA;NA;NA;
1;3;6.65;17.62;3.07;NA;2.19;0.73;28.42;7.18;3.72;NA;NA;NA;
1;4;5.63;13.49;0.27;NA;4.02;0.86;28.03;5.12;3.74;NA;NA;NA;
1;5;4.5;7.3;0.19;NA;0.98;0.67;11.96;1.68;5.04;NA;NA;NA;
1;6;5.19;4.6;1.49;NA;3.73;2.44;5.22;3.05;6.67;NA;NA;NA;
1;7;13.51;12.19;6.12;NA;8.04;5.92;16.49;9.27;11.18;NA;NA;NA;
1;8;20.36;21.56;11.91;NA;26.58;18.16;38.83;16.78;24.33;NA;NA;NA;
1;9;44.94;38.41;16.35;NA;25;20.88;58.46;31.08;24.96;NA;NA;NA;
1;10;68.48;50.98;45.9;NA;40.87;47.33;61.13;ND;30.52;NA;NA;NA;
1;11;65.82;49.43;64.07;NA;68.71;80.28;60.42;ND;41.35;NA;NA;NA;
1;12;58.44;46.91;ND;NA;58.43;68.65;77.19;67.32;70.63;NA;NA;NA;
1;13;56.88;48.23;ND;NA;35.52;53;69.49;63.09;63.46;NA;NA;NA;
1;14;51.73;45.92;48.96;NA;38.45;48.71;75.47;ND;59.6;NA;NA;NA;
1;15;44.66;44.03;29.81;NA;25.57;39.56;76.59;ND;36.42;NA;NA;NA;
1;16;38.78;31.48;18.38;NA;24.52;33.95;47.37;ND;21.15;NA;NA;NA;
1;17;33.47;19.5;7.81;NA;20.44;15.51;27.39;23.25;15.8;NA;NA;NA;
1;18;22.53;13.52;0.91;NA;13.57;4.96;31.76;18.1;8.99;NA;NA;NA;
1;19;12.48;11.64;0.27;NA;9.9;2.91;28.11;16.61;12.85;NA;NA;NA;
1;20;5.8;10.41;0.12;NA;12.34;9.71;43.34;14.96;14.61;NA;NA;NA;
1;21;3.94;12.27;4.8;NA;29.22;9.66;50.02;14.15;17.29;NA;NA;NA;
1;22;8.92;12.38;7.68;NA;34.65;8.51;40.68;12.6;17.26;NA;NA;NA;
1;23;9.22;20.06;5.58;NA;30.32;8.1;25.2;9.89;6.2;NA;NA;NA;
2;0;3.33;19.42;7.86;NA;33.82;10.57;47.96;12.4;12.29;NA;NA;NA;
2;1;13.26;6.71;24.84;NA;41.92;31.25;ND;6.22;17.23;NA;NA;NA;
2;2;ND;14.39;27.04;NA;48.38;ND;54.33;7.52;23.24;NA;NA;NA;
2;3;15.82;15.81;22.52;NA;40.22;28.79;59.02;15.99;26.06;NA;NA;NA;
2;4;4.36;8.96;20.23;NA;24.63;31.37;52.24;4.42;24.94;NA;NA;NA;
2;5;3.86;7.01;15.66;NA;7.85;17.45;41.06;4.8;16.21;NA;NA;NA;
2;6;2.29;3.8;3.09;NA;3.88;7.6;40.42;3.31;9.67;NA;NA;NA;
2;7;4.71;3.55;4.46;NA;9.42;11.02;44.87;5.83;13;NA;NA;NA;
2;8;12.32;11.66;15.93;NA;32.72;25.61;50.27;14.66;19.02;NA;NA;NA;
2;9;26.84;22.01;19.97;NA;50.87;49.39;55.19;27.33;18.11;NA;NA;NA;
2;10;38.34;33.01;28.53;NA;50.8;55.62;60.19;44.49;18.27;NA;NA;NA;
2;11;51.51;46.72;35.6;NA;40.21;34.97;61.25;58;30.31;NA;NA;NA;
2;12;46.46;56.84;36.61;NA;21.07;30.57;45.3;70.14;47.64;NA;NA;NA;
2;13;31.98;46.39;9.69;NA;11.25;17.48;22.29;56.87;30.02;NA;NA;NA;
2;14;30.5;36.66;9.87;NA;21.18;14.36;23.47;44.07;13.93;NA;NA;NA;
2;15;30.04;29.35;14.14;NA;22.59;15.05;20.51;37.13;16.92;NA;NA;NA;
2;16;15.32;24.27;10.32;NA;17.08;24.77;34.02;21.49;12.96;NA;NA;NA;
2;17;9.65;18.38;2.64;NA;11.89;13.95;21.2;20.99;9.51;NA;NA;NA;
2;18;3.78;7.52;0.89;NA;1.16;6.12;17.5;9.54;6.71;NA;NA;NA;
2;19;3.47;5.66;1.04;NA;0.91;1.9;6.25;6.21;6.99;NA;NA;NA;
2;20;1.39;8.87;2.16;NA;1.6;1.89;2.64;1.55;8.33;NA;NA;NA;
2;21;2.59;7.64;2.46;NA;2.17;2.65;1.97;0.98;6.7;NA;NA;NA;
2;22;5.77;16.28;2.54;NA;2.14;1.54;9.67;0.19;6.34;NA;NA;NA;
2;23;14.86;15.66;0.29;NA;1.59;1.07;10.35;0.24;6.12;NA;NA;NA;
3;0;18.01;10.52;0.05;NA;1.74;1.2;1.53;ND;5.03;NA;NA;NA;
3;1;16;9.69;0.14;NA;0.75;1.19;3.58;0.07;ND;NA;NA;NA;
3;2;8.49;ND;ND;NA;ND;1.18;12.62;0.05;4.76;NA;NA;NA;
3;3;1.4;0.95;0.39;NA;0.46;0.94;21.7;0.09;4.18;NA;NA;NA;
3;4;0.9;1.37;0.92;NA;0.26;1.01;9.44;0.06;4.21;NA;NA;NA;
3;5;0.9;0.7;2.09;NA;1.37;0.74;2.24;0.12;4.5;NA;NA;NA;
3;6;1.99;2.15;1.93;NA;2.2;1.84;4.38;0.52;6.17;NA;NA;NA;
3;7;4.57;5.33;2.38;NA;3.28;3.35;14.54;1.88;10.55;NA;NA;NA;
3;8;10.98;11.91;7.72;NA;11.84;9.74;27.54;6.69;14.74;NA;NA;NA;
3;9;27.73;22.02;16.3;NA;17.38;19.84;50.36;16.13;19.2;NA;NA;NA;
3;10;36.74;30.48;25.36;NA;29.62;21.71;41.68;29.24;28.22;NA;NA;NA;
3;11;52.84;36.82;34.24;NA;40.67;38.22;36.1;54.19;45.24;NA;NA;NA;
3;12;50.18;42.82;40.14;NA;23.28;40.71;37.1;54.49;53.42;NA;NA;NA;
3;13;47.62;40.98;40.17;NA;19.03;24.44;46.99;56.15;31.9;NA;NA;NA;
3;14;44.56;36.59;17.95;NA;25.46;23;31.32;42.83;34.12;NA;NA;NA;
3;15;33.84;28.46;14.68;NA;32.84;22.33;28.43;30.52;33.95;NA;NA;NA;
3;16;27.96;22.79;8.11;NA;26.24;10.98;29.61;21.12;37.04;NA;NA;NA;
3;17;18.07;17.81;3.1;NA;9.39;4.69;18.61;17.7;33.16;NA;NA;NA;
3;18;12.46;17.56;3.7;NA;3.78;1.14;8.9;9.29;17.82;NA;NA;NA;
3;19;8.79;14.58;0.93;NA;3.03;1.1;8.67;3.09;11.36;NA;NA;NA;
3;20;7.13;17.28;1.38;NA;1.78;0.73;32.72;2.11;9.93;NA;NA;NA;
3;21;5.72;12.68;0.27;NA;2.44;1.18;30.05;4.02;9.23;NA;NA;NA;
3;22;6.65;16.47;2.99;NA;2.93;1.05;14.83;6.31;8.47;NA;NA;NA;
3;23;5.75;17.13;3.78;NA;2.22;1.05;19.27;8.22;6.16;NA;NA;NA;
4;0;7.71;17.51;0.41;NA;0.98;1.36;25.71;11.92;5.28;NA;NA;NA;
4;1;11.15;16.88;1.41;NA;0;1.12;ND;17.2;4.53;NA;NA;NA;
4;2;ND;14.74;2.82;NA;0.66;ND;15.03;20.06;4.31;NA;NA;NA;
4;3;6.97;15.08;0.36;NA;1.43;1.27;9.88;20.4;7.67;NA;NA;NA;
4;4;4.41;14.55;0;NA;2.77;1.55;3.89;23.05;3.48;NA;NA;NA;
4;5;4.46;12.05;2.34;NA;0;1.82;20.65;18.64;3.15;NA;NA;NA;
4;6;5.57;11.31;3.34;NA;0;2.08;18.84;15.84;5.25;NA;NA;NA;
4;7;9.18;11.47;5.72;NA;1.51;4.78;27.47;15.2;8.2;NA;NA;NA;
4;8;22.68;18.09;14.75;NA;10.67;15.49;31.49;15.54;20.8;NA;NA;NA;
4;9;31.27;26.07;26.1;NA;29.86;36.71;49.55;19.24;37.7;NA;NA;NA;
4;10;51.47;40.54;34.47;NA;39.14;47.24;71.97;35.14;39.78;NA;NA;NA;
4;11;54.18;46.92;43.53;NA;44.65;54.98;68.1;61.82;29.81;NA;NA;NA;
4;12;45.43;43.52;40.08;NA;37.33;55.92;39.12;65.62;65.72;NA;NA;NA;
4;13;40.45;39.06;32.78;NA;28.89;40.72;44.11;50.84;39.07;NA;NA;NA;
4;14;37.17;38.27;28.31;NA;27.51;26.49;37.62;45.48;30.33;NA;NA;NA;
4;15;35.74;38.22;18.27;NA;22.04;28.56;36.14;46.49;22.55;NA;NA;NA;
4;16;21.59;31.47;11.84;NA;22.87;22.41;26.53;38.31;18.54;NA;NA;NA;
4;17;20.86;27.76;7.73;NA;21.77;11.82;17.43;37.53;18.2;NA;NA;NA;
4;18;12.99;23.13;2.47;NA;10.29;4.86;8.99;35.1;13.24;NA;NA;NA;
4;19;9.02;22.94;1.38;NA;5.6;2.4;17;33.54;4.3;NA;NA;NA;
4;20;11.59;26.02;0.71;NA;3.97;2.51;20.57;32.84;14.38;NA;NA;NA;
4;21;12.65;23.38;8.81;NA;2.44;2.32;17.57;33.31;29.09;NA;NA;NA;
4;22;14.66;24.18;17.26;NA;1.55;3.46;9.78;26.53;28.66;NA;NA;NA;
4;23;17.46;23.92;15.67;NA;0.89;1.29;8.85;30.17;26.06;NA;NA;NA;
5;0;20.82;24.92;15.92;NA;2.24;5.9;15.47;ND;29.5;NA;NA;NA;
5;1;24.71;26.64;13.76;NA;2.45;9.05;19.86;33.38;ND;NA;NA;NA;
5;2;21.57;ND;ND;NA;ND;3.23;12.76;33.54;28.18;NA;NA;NA;
5;3;18.95;24.67;12.31;NA;2.11;0.84;6.99;31.1;29.01;NA;NA;NA;
5;4;18.55;24.91;9.87;NA;4.29;3.26;7.55;27.74;23.68;NA;NA;NA;
5;5;8.16;16.83;7.89;NA;0.61;3.11;3.13;20.8;22.47;NA;NA;NA;
5;6;4.19;10.83;2.89;NA;1.15;2.25;2.4;8.68;17.98;NA;NA;NA;
5;7;5.58;14.22;2.73;NA;3.31;5.56;12.76;9.77;9.84;NA;NA;NA;
5;8;15.25;16.56;7.97;NA;12.78;15.3;18.37;19.1;18.65;NA;NA;NA;
5;9;28.54;24.04;14;NA;18.51;16.67;30.67;28.42;26.05;NA;NA;NA;
5;10;37.44;34;19.34;NA;22.84;23.35;47.78;41.23;34.59;NA;NA;NA;
5;11;36.56;46.3;23.75;NA;31.68;33.25;50.54;58;48.24;NA;NA;NA;
5;12;31.63;35.74;29.65;NA;23.94;25.04;ND;71.83;54.43;NA;NA;NA;
5;13;29.78;31.24;34.14;NA;29.77;36.19;35.87;45.78;64.44;NA;NA;NA;
5;14;30.83;31.28;21.68;NA;31.34;39.87;40.28;37.02;38.18;NA;NA;NA;
5;15;32.26;30.83;9.64;NA;29.34;36.13;42.08;29.98;34.72;NA;NA;NA;
5;16;28.84;29.11;14.59;NA;27.56;30.62;35.48;32;30.33;NA;NA;NA;
5;17;22.66;22.86;9.15;NA;31.3;20.88;27.92;30.17;28.61;NA;NA;NA;
5;18;14.12;19.87;4.89;NA;16.03;23.17;25.79;26.6;25.39;NA;NA;NA;
5;19;17.23;20.3;7.9;NA;12.33;4.74;27.19;26.76;26.86;NA;NA;NA;
5;20;9.1;20.22;5.76;NA;3.81;9.66;13;27.36;24.85;NA;NA;NA;
5;21;10.72;17.89;7.9;NA;1.92;11.23;10.68;30.73;27.43;NA;NA;NA;
5;22;1.34;11.43;5.57;NA;5.73;3.17;9.56;17.17;27.39;NA;NA;NA;
5;23;1.2;8.15;5.07;NA;0.83;3.11;16.19;6.28;22.42;NA;NA;NA;
6;0;3.55;9.25;7.7;NA;1.13;3.02;19.9;8.92;24.13;NA;NA;NA;
6;1;6.58;8.23;6.29;NA;4.63;12.97;ND;24.37;16.51;NA;NA;NA;
6;2;ND;10.2;1.37;NA;19.44;ND;27.67;18.94;9.87;NA;NA;NA;
6;3;8.99;10.2;3.38;NA;15.07;10.13;26.9;13.14;17.14;NA;NA;NA;
6;4;5.37;2.47;8.4;NA;2.85;3.64;17.3;8.45;19.85;NA;NA;NA;
6;5;3.72;3.59;1.49;NA;0.87;0.89;13.02;1.42;18.49;NA;NA;NA;
6;6;4.57;1.73;3.01;NA;2.44;2.43;11.64;4.19;10.98;NA;NA;NA;
6;7;5.92;6.95;12.59;NA;9.79;7.8;25.57;11.72;20.02;NA;NA;NA;
6;8;15.16;17.33;18.13;NA;16.15;19.87;37.27;20.11;31.76;NA;NA;NA;
6;9;33.28;29.03;28.55;NA;34.52;35.01;47.31;30.89;42;NA;NA;NA;
6;10;57.82;45.83;43.22;NA;56.34;47.87;88.06;50.92;37.72;NA;NA;NA;
6;11;72.59;63.14;68.48;NA;53.75;69.54;71.78;65.97;27.61;NA;NA;NA;
6;12;48.86;53.64;68.06;NA;40.82;60.63;51.92;84.43;63.08;NA;NA;NA;
6;13;40.38;38.55;49.12;NA;31.52;45.46;46.89;66.7;62.46;NA;NA;NA;
6;14;37.5;35.19;37.28;NA;34.49;45.31;50.53;41.84;47.94;NA;NA;NA;
6;15;37.73;35;39.51;NA;32.37;44.97;48.45;34.97;21.49;NA;NA;NA;
6;16;32.77;31.96;24.24;NA;29.14;34.62;43.58;37.71;35.66;NA;NA;NA;
6;17;21.97;26.66;17.69;NA;22.2;26.22;34.19;31.84;31.2;NA;NA;NA;
6;18;9.46;21.05;11.87;NA;11.6;12.4;22.82;26.46;22.93;NA;NA;NA;
6;19;4.73;20.74;7.2;NA;2.65;7.14;24.85;25.06;28.25;NA;NA;NA;
6;20;12.21;20.86;7.13;NA;1.74;4.22;22.69;25.3;16.01;NA;NA;NA;
6;21;9.28;20.04;6.18;NA;3.8;8.23;19.06;25.43;24.54;NA;NA;NA;
6;22;10.76;15.89;ND;NA;7.13;9.58;21.75;22.97;16.93;NA;NA;NA;
6;23;4.86;10.96;ND;NA;1.11;2.36;26.33;7.55;14.87;NA;NA;NA;
7;0;3.5;19.47;8.75;NA;12.71;0.88;27.86;ND;8.81;NA;NA;NA;
7;1;3.73;17.31;3.11;NA;17.04;7.72;27.51;12.03;ND;NA;NA;NA;
7;2;7.01;ND;ND;NA;ND;6.68;19.09;9.1;8.76;NA;NA;NA;
7;3;4.29;10.1;2.51;NA;16.27;6.09;22.87;6.85;8.44;NA;NA;NA;
7;4;1.71;0;2.62;NA;9.63;15.31;24.35;3.74;6.51;NA;NA;NA;
7;5;1.1;0.59;0.91;NA;2.27;8.09;13.79;2.15;5.5;NA;NA;NA;
7;6;1.98;0.38;1.74;NA;2.54;3.73;6.58;1.23;8.22;NA;NA;NA;
7;7;4.83;3.69;6.32;NA;5.82;7.09;10.87;6.52;11.7;NA;NA;NA;
7;8;18.26;12.89;9.7;NA;19.18;16.45;26.5;18.35;19;NA;NA;NA;
7;9;26.46;28.13;13.79;NA;16.81;16.81;37.45;28.06;23.84;NA;NA;NA;
7;10;41.51;41.5;31.75;NA;27.06;30.01;55.17;42.99;36.01;NA;NA;NA;
7;11;55.36;56.23;54.92;NA;45.1;54.01;73.39;56.4;51.27;NA;NA;NA;
7;12;55.92;49.01;56.41;NA;37.31;67.52;36.93;70.21;66.54;NA;NA;NA;
7;13;37.58;34.42;35.49;NA;17.96;37.1;39.68;68.98;59.9;NA;NA;NA;
7;14;28.68;28.19;12.37;NA;20;25.88;40.74;45.77;34.6;NA;NA;NA;
7;15;25.39;29.02;4.72;NA;24.68;16.24;48.11;23.33;21.05;NA;NA;NA;
7;16;31.97;30.18;3.79;NA;23.75;13.15;34.63;21.22;9.54;NA;NA;NA;
7;17;28.89;29.01;2.14;NA;22.73;20.21;15.93;28.11;13.03;NA;NA;NA;
7;18;33.58;25.82;1.05;NA;17.11;9.1;6.95;34.25;28.94;NA;NA;NA;
7;19;38.89;27.2;2.11;NA;10.9;1.96;5.69;38.65;24.46;NA;NA;NA;
7;20;31.81;25.53;2.01;NA;1.89;3.43;12.82;38.34;20.76;NA;NA;NA;
7;21;36.9;28.77;2.44;NA;6.28;6.43;17.7;39.04;32.58;NA;NA;NA;
7;22;40.25;32.06;12.64;NA;15.91;11.89;31.51;43.81;40.72;NA;NA;NA;
7;23;44.05;37.51;23.12;NA;37.46;11.23;30.33;44.83;30.79;NA;NA;NA;
8;0;48.43;39.19;25.8;NA;45.82;26.55;36.3;43.17;27.03;NA;NA;NA;
8;1;42.11;41.64;34.94;NA;38.18;40.88;ND;41.15;38.43;NA;NA;NA;
8;2;ND;37.92;40.17;NA;44.76;ND;48.74;34.57;43.13;NA;NA;NA;
8;3;36.51;32.43;44.38;NA;45.73;53.25;48.5;32.14;43.36;NA;NA;NA;
8;4;19.81;31.77;41.26;NA;39.95;51.65;43.96;31.01;41.88;NA;NA;NA;
8;5;6.96;13.64;32.83;NA;26.99;45.02;24.42;22.61;38.56;NA;NA;NA;
8;6;9.33;6.31;9.25;NA;17.24;9.19;10.9;15.1;17;NA;NA;NA;
8;7;5.93;21.07;6.94;NA;26.84;7.52;19.83;12.7;21.03;NA;NA;NA;
8;8;12.82;31.99;10.72;NA;31.4;19.7;42.3;26.15;32.5;NA;NA;NA;
8;9;26.57;32.66;23.97;NA;30.11;32.04;49.68;39.46;40.38;NA;NA;NA;
8;10;43.82;37.14;22.07;NA;43.92;ND;65.23;43.17;47.57;NA;NA;NA;
8;11;64.39;59.08;29.79;NA;47.56;31.14;87.96;51.63;56.79;NA;NA;NA;
8;12;64.78;ND;46.98;NA;48.77;60.65;102.74;67.4;39.23;NA;NA;NA;
8;13;49.95;ND;58.76;NA;53.09;92.27;67.95;76.48;63.5;NA;NA;NA;
8;14;42.6;43.32;46.59;NA;38.55;60.72;48.76;62.34;72.29;NA;NA;NA;
8;15;37.18;34.37;21.96;NA;26.34;36.87;40.8;51.95;50.65;NA;NA;NA;
8;16;35.43;35.55;12.55;NA;21.85;22.95;30.33;45.82;37.01;NA;NA;NA;
8;17;34.9;32.42;4.19;NA;22.95;17.09;16.48;41.17;33.12;NA;NA;NA;
8;18;29.82;25.68;3.03;NA;20.91;11.95;13.01;34.98;38.92;NA;NA;NA;
8;19;17.55;22.58;0.54;NA;14.03;9.55;18.44;31.16;33.99;NA;NA;NA;
8;20;13.16;22.47;1.46;NA;6.93;3.22;18.15;33.08;35.28;NA;NA;NA;
8;21;15.4;21.52;2.35;NA;9.85;7.44;14.78;30.48;31.14;NA;NA;NA;
8;22;10.79;20.21;0.27;NA;0.5;3.66;10.92;28.95;28.61;NA;NA;NA;
8;23;14.87;20.57;4.98;NA;3.49;11.07;14.3;28.88;27.75;NA;NA;NA;
9;0;14.91;20.33;8.2;NA;6.93;11.83;7.43;ND;27.35;NA;NA;NA;
9;1;13.64;20.16;13.58;NA;18.77;17.71;9.52;25.57;ND;NA;NA;NA;
9;2;14.52;ND;ND;NA;ND;18.69;7.62;25.95;25.53;NA;NA;NA;
9;3;9.32;21.51;13.49;NA;13.33;17.3;5.44;25.46;20.82;NA;NA;NA;
9;4;4.85;17.05;10.64;NA;9.09;13.11;4.16;22.11;21.54;NA;NA;NA;
9;5;2.94;11.62;7.35;NA;6.55;11.73;8.51;16.93;21.29;NA;NA;NA;
9;6;1.69;5.58;2.72;NA;3.32;3.48;8.43;16.08;19.37;NA;NA;NA;
9;7;8.62;9.97;4.02;NA;7.77;4.48;11.71;20.63;16.61;NA;NA;NA;
9;8;19.61;16.74;7.39;NA;14.1;12.16;30.87;25.79;12.21;NA;NA;NA;
9;9;28.2;27.2;19.21;NA;21.15;20.12;36.2;35.41;9;NA;NA;NA;
9;10;45.45;38.34;27.51;NA;33.25;33.15;43.18;42.54;14.72;NA;NA;NA;
9;11;53.94;40.92;41.34;NA;38.75;46.62;51.99;45.35;26.32;NA;NA;NA;
9;12;47.83;38.99;43.3;NA;44.52;54.85;58.17;49.25;33.09;NA;NA;NA;
9;13;40.31;37.2;44.48;NA;47.07;53.74;62.79;55.05;39.01;NA;NA;NA;
9;14;37.68;35.79;35.43;NA;36.14;44.73;63.39;45.11;48.88;NA;NA;NA;
9;15;32.09;27.16;28.14;NA;34.02;40.53;45.74;37.5;43.83;NA;NA;NA;
9;16;24.64;23.01;16.8;NA;23.87;24.72;24.21;30.25;37.45;NA;NA;NA;
9;17;16.38;16.67;4.82;NA;12.03;9.04;16.64;23.46;25.2;NA;NA;NA;
9;18;17.01;9.79;1.79;NA;2.72;2.99;8.09;18.75;16.65;NA;NA;NA;
9;19;5.7;10.62;0.37;NA;1.64;2.02;6.3;18.78;18.39;NA;NA;NA;
9;20;1.67;9.05;0.42;NA;1.77;1.16;10.45;17.42;8.38;NA;NA;NA;
9;21;1.19;7.73;0.03;NA;1.15;0.51;7.46;16.45;16.06;NA;NA;NA;
9;22;6.73;9.63;0;NA;2.12;0.34;10.49;12.31;11.67;NA;NA;NA;
9;23;7.89;12.14;0.2;NA;4.69;0.23;11.23;15.8;8.21;NA;NA;NA;
10;0;5.11;10.98;0;NA;3.66;0.7;16.01;15.9;14.32;NA;NA;NA;
10;1;2.16;10.4;0.54;NA;1.09;0.29;ND;14.69;7.49;NA;NA;NA;
10;2;ND;13.42;0.12;NA;3.09;ND;10.01;6.03;8.41;NA;NA;NA;
10;3;2.07;10.69;0;NA;1.64;0.6;6.13;1.99;8.58;NA;NA;NA;
10;4;1.18;4.74;0.27;NA;0.38;2.67;3.67;2.19;4.87;NA;NA;NA;
10;5;1.64;3.42;0.54;NA;0.74;0.12;2.11;2.97;4.69;NA;NA;NA;
10;6;1.72;5.28;2.11;NA;3.35;1.95;3.18;1.33;7.12;NA;NA;NA;
10;7;7.65;10.37;6.72;NA;7.06;7.4;18.33;3.14;13.44;NA;NA;NA;
10;8;15.17;17.32;15.76;NA;23.91;20.08;34.17;8.4;22.12;NA;NA;NA;
10;9;33.55;29.38;19.74;NA;24.94;29.6;38.49;21.45;31.17;NA;NA;NA;
10;10;52.57;39.51;33.07;NA;28.23;34.33;40.98;42.11;16.3;NA;NA;NA;
10;11;56.5;41.79;43.92;NA;41.63;50.26;52.16;51.65;37.77;NA;NA;NA;
10;12;44.55;36.39;42.33;NA;47.04;56.27;51.36;53.91;49.29;NA;NA;NA;
10;13;45.43;34.7;37.61;NA;36.6;48.03;52.43;46.93;46.63;NA;NA;NA;
10;14;41.72;40.33;40.11;NA;38.74;45.37;53.9;48.05;50.35;NA;NA;NA;
10;15;40.72;38.53;36.02;NA;30.37;41.66;46.64;44.46;50.72;NA;NA;NA;
10;16;34.77;30.88;29.89;NA;29.6;31.96;32.21;41.33;47.46;NA;NA;NA;
10;17;33.48;28.13;11.92;NA;22.14;22.03;29.63;34.16;30.86;NA;NA;NA;
10;18;23.65;25.18;3.15;NA;17.61;13.51;21.49;28.45;30.72;NA;NA;NA;
10;19;16.45;22.82;2.22;NA;12.49;4.66;15;28.32;20.42;NA;NA;NA;
10;20;10.61;22.51;3.33;NA;6.46;7.04;25.78;30.37;25.95;NA;NA;NA;
10;21;7.47;21.71;7.81;NA;5.71;9.67;29.1;31.52;24.96;NA;NA;NA;
10;22;5.46;12.63;8.09;NA;6.3;13.39;19.48;22.07;14.92;NA;NA;NA;
10;23;6.81;14.75;2.07;NA;13.09;4.67;19.23;14.65;24.61;NA;NA;NA;
11;0;5.81;13.28;4.02;NA;5.27;6.68;16.26;ND;18.59;NA;NA;NA;
11;1;8.68;14.23;7.41;NA;4.27;1.32;19.32;18.57;ND;NA;NA;NA;
11;2;5.06;ND;ND;NA;ND;2.28;19.97;9.06;15.07;NA;NA;NA;
11;3;7.86;6.75;0.4;NA;2.33;9.84;26.66;2.57;12.54;NA;NA;NA;
11;4;7.27;4.82;2.14;NA;1.19;2.79;25.21;1.32;10.54;NA;NA;NA;
11;5;2.85;4.05;1.95;NA;1.64;3.18;15.24;3.3;5.47;NA;NA;NA;
11;6;4.7;6.8;3.86;NA;3.42;3.24;23.1;1.78;8.99;NA;NA;NA;
11;7;18.17;14.99;12.85;NA;13.64;12.38;24.52;5.44;15.19;NA;NA;NA;
11;8;29.95;24.6;21.81;NA;28.52;27.19;39.33;17.14;25.12;NA;NA;NA;
11;9;48.15;44.09;39.07;NA;32.38;42.46;46.87;35.76;34.54;NA;NA;NA;
11;10;53.32;46.89;48.4;NA;42.59;48.71;62.45;52.46;44.09;NA;NA;NA;
11;11;58.82;50.05;64.93;NA;65.84;75.49;60.42;65.36;49.04;NA;NA;NA;
11;12;61.34;53.6;64.29;NA;63.92;81.13;79.19;65.22;69.61;NA;NA;NA;
11;13;54.45;51.38;55.44;NA;60.3;74.29;75.98;66.48;64.29;NA;NA;NA;
11;14;54.16;46.72;56.01;NA;56.39;69.27;70.4;62.44;64.62;NA;NA;NA;
11;15;51.33;44.76;51.87;NA;44.1;63.21;56.57;52.07;56.99;NA;NA;NA;
11;16;44.42;42.48;31.6;NA;41.86;53.84;49.36;50.07;51.96;NA;NA;NA;
11;17;37.06;41.57;20.81;NA;44.05;46.03;49.19;44.71;38.36;NA;NA;NA;
11;18;29.29;37.48;23.22;NA;36.81;30.34;46.82;41.92;32.03;NA;NA;NA;
11;19;26.8;33.8;19.58;NA;23.97;27.14;50.98;38.78;27.31;NA;NA;NA;
11;20;28.04;33.19;21.2;NA;20.69;24.59;36.8;40.76;21.38;NA;NA;NA;
11;21;30.06;36.23;28.69;NA;32.03;35.11;28.94;49.52;26.14;NA;NA;NA;
11;22;30.11;37.14;28.74;NA;36.43;38.81;32.55;48.45;38.74;NA;NA;NA;
11;23;29.3;36.83;29.06;NA;37.74;38.7;31.5;48.01;39.59;NA;NA;NA;
12;0;34.24;38.43;34.39;NA;42.75;41.76;43.72;46.17;43.07;NA;NA;NA;
12;1;34.69;37.45;32.72;NA;41.44;38.97;ND;47.17;24.69;NA;NA;NA;
12;2;ND;36.08;28.8;NA;40.1;ND;42.72;44.95;35.45;NA;NA;NA;
12;3;35.01;35.94;31.88;NA;38.67;38.67;41.11;43.83;37.51;NA;NA;NA;
12;4;23.9;30.83;28.65;NA;38.3;36.75;38.26;43.72;35.72;NA;NA;NA;
12;5;16.1;28.89;25.42;NA;24.61;35.29;31.16;39.54;35.05;NA;NA;NA;
12;6;9.83;23.84;16.12;NA;8.35;19.42;29.4;37.96;36.16;NA;NA;NA;
12;7;16.52;23.63;5.95;NA;10.13;13.9;30.16;35.21;22.8;NA;NA;NA;
12;8;21.87;23.07;13.85;NA;29.36;26.16;40.79;40.62;19.38;NA;NA;NA;
12;9;38.6;35.81;30.18;NA;41.19;43.34;56.1;49.55;33.69;NA;NA;NA;
12;10;62.26;49.22;47.52;NA;48.71;56.97;72.96;60.29;25.02;NA;NA;NA;
12;11;60.33;46.8;48.21;NA;53.78;64.92;67.4;59.05;46.49;NA;NA;NA;
12;12;47.98;42.37;51.54;NA;50.18;63.16;63.67;60.63;51.15;NA;NA;NA;
12;13;40.11;36.59;36.62;NA;35.7;50.24;66.81;ND;54.74;NA;NA;NA;
12;14;36.55;35.92;30.67;NA;24.73;41.64;37.54;ND;49.05;NA;NA;NA;
12;15;30.8;28.44;19.03;NA;ND;32.15;39.58;ND;44.96;NA;NA;NA;
12;16;29.2;28.34;12.74;NA;ND;19.47;23.13;ND;23.64;NA;NA;NA;
12;17;22.9;27.96;5.68;NA;16.52;23.41;12.38;ND;15.9;NA;NA;NA;
12;18;15.79;23.75;2.9;NA;19.74;6.02;6.95;27.09;11.35;NA;NA;NA;
12;19;10.09;19.52;4.25;NA;18.57;6.04;5.99;22.97;21.85;NA;NA;NA;
12;20;12.41;19.34;5.32;NA;15.72;2.54;4.28;22.01;25.24;NA;NA;NA;
12;21;14.97;20.09;6.42;NA;9.77;5.7;6.8;20.4;23.23;NA;NA;NA;
12;22;16.11;20.32;7.12;NA;8.62;12.02;16.93;22.2;25.55;NA;NA;NA;
12;23;18.96;20.68;13.92;NA;7.15;12.29;19.09;23.98;23.57;NA;NA;NA;
13;0;21.46;22.16;19.76;NA;16.49;17.34;13.19;ND;23.98;NA;NA;NA;
13;1;21.86;19.73;28.07;NA;23.6;26.98;15.4;23.63;ND;NA;NA;NA;
13;2;21.92;ND;ND;NA;ND;26.08;24.29;21.27;24.04;NA;NA;NA;
13;3;18.82;17.29;25.9;NA;23.94;26.03;17.73;17.33;25.01;NA;NA;NA;
13;4;8.36;11.87;27.12;NA;23.82;3.2;24.67;10.68;22.71;NA;NA;NA;
13;5;8.86;5.26;21.51;NA;4.02;8.3;12.88;4.06;16.61;NA;NA;NA;
13;6;1.83;ND;12.42;NA;5.03;3.25;7.03;1.4;9.64;NA;NA;NA;
13;7;2.36;8.44;7.28;NA;9.88;6.48;9;5.73;9.73;NA;NA;NA;
13;8;5.58;15.4;16.65;NA;15.19;11;17.8;9.33;13.48;NA;NA;NA;
13;9;13.65;26.18;18.13;NA;21.55;23.31;25.74;29.25;19.68;NA;NA;NA;
13;10;31.27;39.71;28.27;NA;25.29;31.84;60.09;43.24;38.08;NA;NA;NA;
13;11;57.86;40.72;36.36;NA;30.88;43.83;45.97;57.11;42.57;NA;NA;NA;
13;12;45.47;49.09;36;NA;52.81;47.13;39.77;57.86;50.47;NA;NA;NA;
13;13;49.39;41.42;38.15;NA;45.08;54.08;62.64;68.7;43.23;NA;NA;NA;
13;14;33.06;32.91;19.37;NA;35.86;46.12;54.73;64.8;54.33;NA;NA;NA;
13;15;29.06;25.79;7.91;NA;20.36;20.8;33.58;41.4;32.53;NA;NA;NA;
13;16;14.68;28.79;7.72;NA;20.98;13.42;22.81;31.95;34.82;NA;NA;NA;
13;17;4.81;22.36;4.82;NA;15.6;7.87;25.09;26.3;18.47;NA;NA;NA;
13;18;4.71;19.6;2.95;NA;11;2.09;15.35;23.47;12.62;NA;NA;NA;
13;19;9.6;14.33;5.15;NA;7.29;5;17.06;21.38;6.23;NA;NA;NA;
13;20;7.13;15.82;6.94;NA;5.54;9.11;11.12;26.68;21.5;NA;NA;NA;
13;21;4.93;10.78;5.18;NA;2.68;9.41;12.8;21.98;26.76;NA;NA;NA;
13;22;3.94;9.62;5.57;NA;4.08;1.31;26.36;17.09;24.22;NA;NA;NA;
13;23;4.09;14.37;8.92;NA;3.86;0.97;24.03;16.17;22.16;NA;NA;NA;
14;0;8.56;21.68;13.23;NA;4.65;3.34;22.27;23.24;19.29;NA;NA;NA;
14;1;12.68;20.36;15.17;NA;14.7;3.01;ND;19.02;20.33;NA;NA;NA;
14;2;ND;21.44;15.44;NA;26.08;ND;28.39;14.91;24.03;NA;NA;NA;
14;3;20.98;20.6;19.79;NA;33.05;18.91;27.66;20.06;21.37;NA;NA;NA;
14;4;16.27;24.93;24.26;NA;34.12;24.21;26.93;26.36;19.95;NA;NA;NA;
14;5;14.75;19.65;19.77;NA;14.07;20.61;22.87;20.25;24.55;NA;NA;NA;
14;6;5.72;9.56;8.67;NA;5.15;8.99;10.45;5;28.56;NA;NA;NA;
14;7;6.59;6.92;4.4;NA;8.33;7.8;20.26;13.43;20.06;NA;NA;NA;
14;8;15.46;18.16;17.49;NA;14.18;22.79;30.26;22.76;19.56;NA;NA;NA;
14;9;16.97;26.85;13.64;NA;38.14;29.62;45.11;23.84;29.27;NA;NA;NA;
14;10;21.77;31.68;11.27;NA;37.53;29.17;41.97;34.05;21.21;NA;NA;NA;
14;11;38.87;39.35;19.01;NA;18.08;18.57;35.06;53.35;33.51;NA;NA;NA;
14;12;54.34;54.89;49.97;NA;41.28;45.02;54.3;66.93;28.48;NA;NA;NA;
14;13;40.36;49.19;39.23;NA;31.68;37.82;46.45;80.11;61.19;NA;NA;NA;
14;14;32.98;41.51;15.7;NA;18.71;19.48;40.63;66.84;38.83;NA;NA;NA;
14;15;24.37;21.95;ND;NA;20.92;6.47;19.96;54.79;27.13;NA;NA;NA;
14;16;28.97;23.37;ND;NA;23.03;11.71;29.63;34.25;28.88;NA;NA;NA;
14;17;15.16;22.82;11.78;NA;6.34;10.38;28.37;35.28;27.31;NA;NA;NA;
14;18;9.61;16.07;1.95;NA;2.91;3.81;13.17;32.64;25.24;NA;NA;NA;
14;19;5.75;11.18;1.72;NA;4.1;0.43;12.9;29.67;26.04;NA;NA;NA;
14;20;5.89;11.75;1.98;NA;5.13;0.38;8.25;26.01;19.34;NA;NA;NA;
14;21;4.88;8.05;1.67;NA;3.51;0.75;6.48;27.06;27.65;NA;NA;NA;
14;22;1.31;0;1.79;NA;6.47;0.46;11.19;26.82;9.68;NA;NA;NA;
14;23;2.24;0;1.79;NA;10.23;0.53;17.8;11.28;5.68;NA;NA;NA;
15;0;2.71;0.09;5.82;NA;7.4;0.59;20;ND;9.93;NA;NA;NA;
15;1;13.71;8.21;11.26;NA;19.43;15.21;25.44;19.08;ND;NA;NA;NA;
15;2;17.78;ND;ND;NA;ND;11.59;31.94;21.49;17;NA;NA;NA;
15;3;21.77;19.98;18.51;NA;28.18;20.19;31.51;26.16;18.2;NA;NA;NA;
15;4;7.17;15.07;17.99;NA;17.53;17.3;21.89;26.48;24.35;NA;NA;NA;
15;5;4.48;12.48;16.28;NA;16.24;10.28;4.45;18.07;24.81;NA;NA;NA;
15;6;1.4;3.39;3.87;NA;10.96;4.26;2.31;11.17;17.95;NA;NA;NA;
15;7;2.63;4.05;3.9;NA;8.16;3.34;5.46;16.1;12.83;NA;NA;NA;
15;8;8.99;11.52;11.91;NA;11.41;9.61;16.58;25.86;16.61;NA;NA;NA;
15;9;15.93;26.71;19.08;NA;24.35;21.89;36.59;36.25;31.65;NA;NA;NA;
15;10;39.39;34.88;22.97;NA;29.19;35.05;56.55;42.18;40.86;NA;NA;NA;
15;11;46.91;38.57;24.14;NA;24.67;34.33;46.34;47.23;29.38;NA;NA;NA;
15;12;43.5;37.73;29.34;NA;45.77;39.42;48.6;50.25;35.76;NA;NA;NA;
15;13;ND;30.79;29.44;NA;36.01;45.67;43.21;50.06;38.34;NA;NA;NA;
15;14;ND;20.85;17.58;NA;12.72;33.45;24.3;53.11;43.61;NA;NA;NA;
15;15;24.4;21.56;10.53;NA;10.29;16.18;14.62;30.08;26.11;NA;NA;NA;
15;16;18.83;19.67;6.37;NA;9.83;7.02;8.01;23.92;21.18;NA;NA;NA;
15;17;16.08;17.32;5.21;NA;7.6;2.92;10.25;18.01;13.23;NA;NA;NA;
15;18;10.1;12.73;2.04;NA;3.78;1.83;7.53;16;14.47;NA;NA;NA;
15;19;6.66;10.91;1.47;NA;2.38;1.52;5.59;16.13;19.24;NA;NA;NA;
15;20;2.36;13.42;1.27;NA;1.97;0.8;3.96;17.96;18.73;NA;NA;NA;
15;21;3.7;12.86;1.23;NA;2.15;0.94;7.31;19.03;13.26;NA;NA;NA;
15;22;5.3;15.17;3.45;NA;8.92;3.11;9.07;20.23;14.31;NA;NA;NA;
15;23;5.06;14.68;5.63;NA;9.21;2.54;3.35;18.98;19.18;NA;NA;NA;
16;0;5.07;12.44;2.96;NA;15.32;3.62;5.8;20.93;17.85;NA;NA;NA;
16;1;13.02;13.34;10.33;NA;16.56;9.49;ND;20.8;17.58;NA;NA;NA;
16;2;12.79;16.76;12.36;NA;14.32;ND;23.31;21.71;18.51;NA;NA;NA;
16;3;12.78;17.35;13.58;NA;14.63;18.3;21.06;21.96;18.1;NA;NA;NA;
16;4;4.35;12.69;16.11;NA;12.26;17.88;19.83;21.42;16.48;NA;NA;NA;
16;5;1.22;3.77;9.49;NA;6.43;15.99;12.4;15.1;14.37;NA;NA;NA;
16;6;1.6;0.67;4.23;NA;3.09;2.85;12.47;8.24;13.08;NA;NA;NA;
16;7;3.38;6.2;4.61;NA;6.04;4.68;20.94;7.99;9.55;NA;NA;NA;
16;8;8.33;11.03;9.68;NA;17.61;14.54;25.74;17.37;22.43;NA;NA;NA;
16;9;16.25;19.95;10.27;NA;26.19;14.7;28.77;27.32;25.03;NA;NA;NA;
16;10;32.94;26.38;17.01;NA;27.74;24.5;43.05;38.95;33.33;NA;NA;NA;
16;11;50.24;30.84;30.99;NA;46.37;51.83;65.82;55.79;39.46;NA;NA;NA;
16;12;32.85;30.99;39.04;NA;41.24;59.35;55.56;54.92;56.4;NA;NA;NA;
16;13;28.86;28.75;20.08;NA;26.76;38.02;42.35;50.02;51.35;NA;NA;NA;
16;14;26.95;26.25;17.58;NA;22.26;27.18;38.33;37.44;49.53;NA;NA;NA;
16;15;25.76;27.46;6.82;NA;27.23;33.07;33.74;23.27;27.18;NA;NA;NA;
16;16;22.34;22.69;4.71;NA;19.9;9.98;23.75;26.53;5.57;NA;NA;NA;
16;17;16.97;16.53;2.15;NA;12.65;6.64;9.73;19.4;3.46;NA;NA;NA;
16;18;7.35;13.21;1.82;NA;10.86;2.22;7.5;14.83;7.45;NA;NA;NA;
16;19;3.29;7.19;1.38;NA;5.75;1.02;7.89;10.59;15.11;NA;NA;NA;
16;20;2.13;1.48;1.22;NA;2.74;1.32;16.58;13.15;15.03;NA;NA;NA;
16;21;1.34;6.71;2.09;NA;6.46;1.13;21.82;8.4;14.85;NA;NA;NA;
16;22;0.85;8.26;1.53;NA;9.26;1.7;16.9;13.3;17.26;NA;NA;NA;
16;23;1.1;2.12;0.88;NA;14.29;0.62;9.99;15.19;10.79;NA;NA;NA;
17;0;1.35;9;4.98;NA;7.67;3.62;13.77;ND;11.81;NA;NA;NA;
17;1;2.87;5.23;8.44;NA;18.98;3.81;13.69;19.58;ND;NA;NA;NA;
17;2;ND;ND;ND;NA;ND;12.65;11.54;20.94;18.5;NA;NA;NA;
17;3;5.63;11.49;5.19;NA;16.76;15.78;10.01;22.23;22.35;NA;NA;NA;
17;4;4.46;9.74;3.2;NA;13.86;9.18;8.41;19.07;21.27;NA;NA;NA;
17;5;3.23;9.85;7.06;NA;7.23;8.09;4.87;14.17;19.73;NA;NA;NA;
17;6;3.37;6.2;3.9;NA;4.9;5.53;6.13;11.72;20.74;NA;NA;NA;
17;7;5.35;5.29;5.53;NA;9.67;6;12.65;17.33;20.41;NA;NA;NA;
17;8;11.3;13.22;13.37;NA;11.12;17.14;24.63;19.79;23.79;NA;NA;NA;
17;9;26.03;30.4;25.57;NA;23.54;31.95;37.77;31;33.24;NA;NA;NA;
17;10;48.58;36.87;33.06;NA;39.46;45.87;54.99;48.78;52.73;NA;NA;NA;
17;11;61.9;45.09;52.29;NA;55.78;67.18;68.03;63.79;57.22;NA;NA;NA;
17;12;56.55;45.19;52.51;NA;58.5;76.64;84.37;60.18;58.2;NA;NA;NA;
17;13;41.63;39.89;48.01;NA;57.15;64.78;88.48;61.75;69.53;NA;NA;NA;
17;14;30.99;31.46;38.81;NA;35.77;40.27;57.21;55.52;43.21;NA;NA;NA;
17;15;37.01;34.98;39.67;NA;32.5;38.65;39.52;49.42;31.66;NA;NA;NA;
17;16;36.36;34.25;25.43;NA;29.42;32.33;48.65;44.24;36.64;NA;NA;NA;
17;17;26.41;27;13.36;NA;19.89;27.18;39.29;33.99;27.32;NA;NA;NA;
17;18;17.97;18.27;6.19;NA;13.62;14.8;32.39;25.27;21.88;NA;NA;NA;
17;19;9.4;17.09;1.88;NA;10.3;8.94;26.83;25.94;27.14;NA;NA;NA;
17;20;5.37;14.87;3.41;NA;7.93;6.44;17.82;25.2;22.71;NA;NA;NA;
17;21;4.79;14.21;4.55;NA;8.17;6.18;18.28;22.62;23.86;NA;NA;NA;
17;22;6.08;7.97;2.46;NA;7.24;1.9;22.97;25.68;14.21;NA;NA;NA;
17;23;2.36;5.42;1.83;NA;6.34;1.66;18.02;20.64;20.08;NA;NA;NA;
18;0;1.4;10.86;5.06;NA;2.93;3.24;15.76;21.27;19.32;NA;NA;NA;
18;1;4.25;8.66;1.89;NA;3.25;2.45;ND;21.05;17.47;NA;NA;NA;
18;2;5.35;12.68;2.92;NA;5.14;ND;27;22.25;14.91;NA;NA;NA;
18;3;5.25;15.07;1.96;NA;7.58;1.92;25.83;17.6;15.24;NA;NA;NA;
18;4;6.35;14.49;1.99;NA;4.15;1.04;18.53;ND;15.54;NA;NA;NA;
18;5;7.23;12.12;3.51;NA;5.39;5.23;6.58;15.55;16.21;NA;NA;NA;
18;6;5.83;7.84;4.31;NA;7.13;5.88;9.61;ND;17.77;NA;NA;NA;
18;7;4.61;6.6;7.21;NA;8.17;7.72;11.29;13.76;15.01;NA;NA;NA;
18;8;7.19;9.09;13.98;NA;11.55;14.19;19.23;14.33;18.28;NA;NA;NA;
18;9;15.34;16.52;28.19;NA;19.34;28.28;33.28;20.15;22.74;NA;NA;NA;
18;10;29.96;30.25;33.32;NA;29.63;34.29;38.2;28.77;32.75;NA;NA;NA;
18;11;43.17;38.45;41.86;NA;42.55;50.64;52.33;52.81;53.73;NA;NA;NA;
18;12;49.85;42.4;45.29;NA;46.41;56.53;55.24;61.26;59.06;NA;NA;NA;
18;13;43.98;36.53;55.04;NA;34.54;52.51;44.91;64.45;44.71;NA;NA;NA;
18;14;39.27;33.23;32.33;NA;31.38;35.31;39.29;53.53;36.67;NA;NA;NA;
18;15;34.62;34.25;22.73;NA;30.41;28.45;43.07;43.44;33.13;NA;NA;NA;
18;16;27.69;32.44;19.73;NA;30.47;19.24;44.35;35.91;21.25;NA;NA;NA;
18;17;15.96;25.84;23.34;NA;10.11;14.89;19.51;31.74;20.86;NA;NA;NA;
18;18;16.89;22.46;9.42;NA;3.9;15.45;7.68;29.71;32.65;NA;NA;NA;
18;19;9.38;20.83;16.78;NA;6.25;16.93;19.11;31.28;14.52;NA;NA;NA;
18;20;11.08;21.04;15.82;NA;14.29;19.55;13.24;33.16;13.89;NA;NA;NA;
18;21;10.19;21.36;13.57;NA;19.28;19.73;14.35;33.94;22.7;NA;NA;NA;
18;22;10;23.18;15.18;NA;16.27;20.33;29.32;33.72;18.29;NA;NA;NA;
18;23;18.85;25.05;17.87;NA;13.08;18.26;31.09;35.23;29.93;NA;NA;NA;
19;0;21.9;23.08;22.17;NA;26.56;21.39;36.41;34.19;29.69;NA;NA;NA;
19;1;21.79;26.39;25.96;NA;15.8;26.87;32.34;31.61;ND;NA;NA;NA;
19;2;ND;ND;ND;NA;ND;24.5;32.42;38.94;31.63;NA;NA;NA;
19;3;24.62;30.03;32.81;NA;30.32;31.18;27.88;42.79;34.79;NA;NA;NA;
19;4;18.15;29.92;30.01;NA;22.44;29.92;17.87;41.44;36.72;NA;NA;NA;
19;5;7.57;23.62;23.42;NA;11.09;24.82;10.15;34.19;34.96;NA;NA;NA;
19;6;3.25;20.39;12.47;NA;4.63;6.19;6.94;35.16;34.3;NA;NA;NA;
19;7;7.58;18.54;4.25;NA;5.14;4.99;9.79;33.28;31.88;NA;NA;NA;
19;8;13.39;17.87;10.77;NA;13.83;15.3;26.47;37.06;26;NA;NA;NA;
19;9;13.48;21.26;20.58;NA;21.57;24.3;37.63;42.29;20.93;NA;NA;NA;
19;10;24.74;27.68;22.38;NA;31.88;33.55;43.69;40.63;21.97;NA;NA;NA;
19;11;42.24;37.66;16.04;NA;40.58;46.72;53.02;51.3;13.71;NA;NA;NA;
19;12;53.78;44.43;23.83;NA;41.82;47.53;56.46;62.12;ND;NA;NA;NA;
19;13;44.42;35.89;33.55;NA;52.2;57.03;62.84;68.5;ND;NA;NA;NA;
19;14;39.95;34.63;29.82;NA;27.94;30.19;50.55;61.01;ND;NA;NA;NA;
19;15;34.02;31.94;12.77;NA;27.64;21.76;39.17;59.72;41.19;NA;NA;NA;
19;16;29.27;28.73;9.56;NA;25.18;10.66;31.45;36.78;23.16;NA;NA;NA;
19;17;17.89;25.18;ND;NA;12.93;2.65;17.38;26.75;9.43;NA;NA;NA;
19;18;7;16.74;2.58;NA;4.01;1.37;12.7;25.76;14.06;NA;NA;NA;
19;19;9.59;15.67;2.85;NA;2.82;4.41;4.41;24.81;20.39;NA;NA;NA;
19;20;6.81;13.16;1.84;NA;2.5;5.47;3.41;25.11;26.16;NA;NA;NA;
19;21;4.79;13.09;1.1;NA;2.51;1.72;3.08;27.76;24.44;NA;NA;NA;
19;22;2.83;12.69;1.13;NA;2.3;2.61;15.04;24.11;23.37;NA;NA;NA;
19;23;2.85;7.32;2.39;NA;10.97;3.01;21.92;20.88;21.44;NA;NA;NA;
20;0;6.73;10.62;6.38;NA;6.59;8.29;21.72;ND;16.42;NA;NA;NA;
20;1;11.06;8.33;10.75;NA;3.28;1.66;ND;22.97;17.99;NA;NA;NA;
20;2;12.04;15.33;4.44;NA;6.02;ND;29.83;25.73;21.99;NA;NA;NA;
20;3;9.59;13.91;4.99;NA;5.56;2.42;31.79;23.74;21.33;NA;NA;NA;
20;4;7.57;11.43;13.61;NA;10.96;5.39;14.24;22.38;21.73;NA;NA;NA;
20;5;3.01;6.57;7.91;NA;7.63;7.68;8.18;19.24;19.37;NA;NA;NA;
20;6;1.33;3.38;5.21;NA;3.21;2.83;6.51;11.19;17.17;NA;NA;NA;
20;7;3.03;5.27;3.89;NA;6.88;3.04;16.06;12.28;11.3;NA;NA;NA;
20;8;6.73;10.22;8.46;NA;17.97;10.2;24.2;22.16;16.98;NA;NA;NA;
20;9;24.63;24.82;14.3;NA;29.51;20.81;41.79;28.72;28.81;NA;NA;NA;
20;10;40.36;38.69;27.87;NA;34.49;ND;48.23;ND;28.07;NA;NA;NA;
20;11;47.76;40.5;38.26;NA;46.19;ND;ND;ND;22.88;NA;NA;NA;
20;12;47.9;39.38;40.1;NA;45.38;51.89;ND;ND;57.23;NA;NA;NA;
20;13;51.01;39.26;40.95;NA;45.12;54.26;53.45;62.72;54.11;NA;NA;NA;
20;14;46.28;37.83;46.93;NA;48.47;53.53;ND;58.58;48.17;NA;NA;NA;
20;15;33.39;28.77;30.04;NA;39.45;42.39;ND;44.49;47.11;NA;NA;NA;
20;16;32.03;28.1;25.46;NA;25.92;31.48;35.41;38.26;39.6;NA;NA;NA;
20;17;14.27;17.49;13.29;NA;13.01;18.23;20.06;28.49;29.75;NA;NA;NA;
20;18;8.93;12.56;5.5;NA;3.71;6.19;10.24;21.55;22.3;NA;NA;NA;
20;19;1.06;10.54;3.57;NA;2.12;3.46;7.4;21.28;11.15;NA;NA;NA;
20;20;1.1;10.31;2.53;NA;1.64;0.85;4.01;19.76;16.66;NA;NA;NA;
20;21;4.87;12.4;8.08;NA;2.14;1.9;4.64;19.63;11.77;NA;NA;NA;
20;22;ND;10.4;10;NA;4.11;6.91;7.88;18.18;9.01;NA;NA;NA;
20;23;ND;6.49;15.68;NA;6.33;14.73;7.94;11.25;3.37;NA;NA;NA;
21;0;8.15;7.65;15.36;NA;8.16;1.52;16.12;12.97;2.87;NA;NA;NA;
21;1;0.86;8.28;8.21;NA;11.47;1.78;20.78;12.63;ND;NA;NA;NA;
21;2;ND;ND;ND;NA;ND;12.16;17.45;10.56;9.87;NA;NA;NA;
21;3;3.53;4.27;9.03;NA;7.41;4.28;21.7;8.94;8.46;NA;NA;NA;
21;4;1.28;0.77;2.49;NA;3.91;0.21;18.44;6.94;9.32;NA;NA;NA;
21;5;1.24;0.83;0.62;NA;3.15;0.14;4.47;7.66;7.11;NA;NA;NA;
21;6;1.85;1.38;0.92;NA;2.23;0.85;10.44;3.91;5.58;NA;NA;NA;
21;7;2.94;3.94;2.72;NA;4.99;2.77;17.37;3.7;7.71;NA;NA;NA;
21;8;11.17;12.38;5.45;NA;11.66;4.88;24.61;9.42;11.31;NA;NA;NA;
21;9;26.87;27.68;21.61;NA;16.18;16.76;42.5;16.44;11.73;NA;NA;NA;
21;10;39.03;31.94;37.5;NA;29.02;42.86;43.54;33.12;19.2;NA;NA;NA;
21;11;43.91;33.01;37.55;NA;39.26;46.82;49.93;46.86;35.38;NA;NA;NA;
21;12;42;35.14;37.52;NA;42.5;48.56;50.73;56.84;47.01;NA;NA;NA;
21;13;36.89;31.53;36.46;NA;40.31;46.91;42.69;42.03;32.3;NA;NA;NA;
21;14;37.34;33.7;33.93;NA;34.11;39.46;44.06;41.29;32.07;NA;NA;NA;
21;15;35.81;30.65;25.89;NA;30.77;35.27;38.81;35.06;32.66;NA;NA;NA;
21;16;29.24;26.62;27.47;NA;23.48;26.86;32.74;35.49;29.93;NA;NA;NA;
21;17;22.89;20.49;22.33;NA;17.58;19.92;24.76;25.81;25.14;NA;NA;NA;
21;18;18.99;16.1;6.94;NA;5.29;3.5;17.04;12.82;9.47;NA;NA;NA;
21;19;10.22;14.6;3.02;NA;1.78;2.15;9.15;6.72;12.13;NA;NA;NA;
21;20;2.97;12.08;2.75;NA;1.46;1.61;8.05;2.15;6.84;NA;NA;NA;
21;21;2.4;9.92;4.97;NA;1.88;0.61;4.63;0.2;4.56;NA;NA;NA;
21;22;6.24;12.01;2.94;NA;1.44;0.85;16.24;0.02;5.58;NA;NA;NA;
21;23;6.39;11.89;1.63;NA;0.99;6.58;26.35;0;5.44;NA;NA;NA;
22;0;4.08;10.05;1.69;NA;1.06;1.02;30.73;ND;4.34;NA;NA;NA;
22;1;20.11;18.97;8.29;NA;1.69;1.48;ND;0.73;3.13;NA;NA;NA;
22;2;14.66;18.56;13.74;NA;2.59;ND;22.82;2.82;3.39;NA;NA;NA;
22;3;8.23;9.39;10.07;NA;4.18;2.35;9.63;1.63;3.25;NA;NA;NA;
22;4;4.23;6.89;5.52;NA;4.97;1.23;16.79;5.47;3.87;NA;NA;NA;
22;5;2.61;2.75;1.35;NA;2.96;0.54;2.26;8.26;5.98;NA;NA;NA;
22;6;2.27;0.36;2.12;NA;1.98;2.04;5.13;10.22;6.15;NA;NA;NA;
22;7;7.59;5.62;5.27;NA;6.54;4.8;24.38;10.15;9.69;NA;NA;NA;
22;8;24.52;18.85;14.39;NA;19.13;18.41;35.28;15.36;17.29;NA;NA;NA;
22;9;36.46;34.98;31.74;NA;30.5;37.1;43.64;27.8;26.32;NA;NA;NA;
22;10;ND;42.78;35.83;NA;39.46;43.8;51.36;53.81;20.9;NA;NA;NA;
22;11;ND;46.37;41.59;NA;45.15;52.23;55.02;68.93;45.72;NA;NA;NA;
22;12;49.93;41.2;49.19;NA;48.85;61.42;61.13;65.96;36.27;NA;NA;NA;
22;13;42.85;38.22;42.71;NA;50.5;54.86;61.62;44.32;45.74;NA;NA;NA;
22;14;ND;36.4;31.17;NA;40.69;44.67;47.65;37.27;32.91;NA;NA;NA;
22;15;35.19;34.5;31.35;NA;32.45;36.47;39.09;38.03;33.79;NA;NA;NA;
22;16;34.23;ND;34.08;NA;24.64;36.09;40.64;42.18;34.81;NA;NA;NA;
22;17;27.24;ND;21.23;NA;19.35;24.74;31.26;34.09;31.07;NA;NA;NA;
22;18;21.2;20.84;21.09;NA;8.55;17.21;18.52;24.95;29.87;NA;NA;NA;
22;19;18.59;21.17;16.59;NA;5.15;12;6.76;11.72;22.24;NA;NA;NA;
22;20;12.65;19.71;13.75;NA;3.88;7.87;5.92;6.56;10.45;NA;NA;NA;
22;21;9.72;14.75;18.71;NA;7.2;9.64;3.76;3.43;8.12;NA;NA;NA;
22;22;7.18;12.94;16.79;NA;3.56;5.13;3.18;1.73;8.09;NA;NA;NA;
22;23;20.38;5.88;19.03;NA;4.47;3.76;2.49;1;6.1;NA;NA;NA;
23;0;21.06;3.03;6.21;NA;4.43;4.71;3.57;1.04;5.37;NA;NA;NA;
23;1;3.33;1.36;2.65;NA;0.78;4.75;13.02;2.57;ND;NA;NA;NA;
23;2;ND;ND;ND;NA;ND;4.84;15.09;0.09;4.66;NA;NA;NA;
23;3;16.7;7.85;2.16;NA;0.81;3.08;18.95;0;3.9;NA;NA;NA;
23;4;8.97;6.36;2.97;NA;0.12;2.83;13.48;0;4.34;NA;NA;NA;
23;5;10.03;4.3;3.13;NA;0.2;2.3;5.26;0.01;5.67;NA;NA;NA;
23;6;9.13;7.73;3.79;NA;1.33;3.8;21.78;0.36;9.51;NA;NA;NA;
23;7;24.24;14.15;8.87;NA;13.14;8.79;38.21;6.63;13.38;NA;NA;NA;
23;8;40.09;33.61;29.84;NA;25.78;26.5;51.36;15;21.71;NA;NA;NA;
23;9;58.33;47.99;43.39;NA;42.28;52.07;62.75;41.6;41.59;NA;NA;NA;
23;10;68.26;60.56;54.12;NA;57.41;63.55;73.31;59.68;43.51;NA;NA;NA;
23;11;77.24;64.62;60.76;NA;60.15;70.68;73.85;74.93;54.48;NA;NA;NA;
23;12;ND;59.1;59.23;NA;62.8;73.51;74.06;78.51;47.58;NA;NA;NA;
23;13;ND;52.3;56.9;NA;66.52;74.07;73.26;73.22;60.7;NA;NA;NA;
23;14;55.47;42.79;55.16;NA;49.03;68.72;62.3;66.33;54.84;NA;NA;NA;
23;15;49.04;37.61;47.93;NA;39.91;54.82;55.51;52.93;60.61;NA;NA;NA;
23;16;43.23;33.51;33.76;NA;34.43;46.37;45.19;43.07;49.38;NA;NA;NA;
23;17;35.93;29.94;23.34;NA;29.01;23.67;33.35;37.78;39.71;NA;NA;NA;
23;18;26.52;25.22;5.54;NA;9.74;11.45;23.22;32.73;24.82;NA;NA;NA;
23;19;8.44;20.27;2.33;NA;2.05;1.32;18.32;30.8;23.66;NA;NA;NA;
23;20;6.63;18.2;2.24;NA;3.93;0.96;16.02;32.87;24.1;NA;NA;NA;
23;21;4.37;5.19;3.48;NA;2.76;8.51;17.36;29.1;12.03;NA;NA;NA;
23;22;3.6;2.82;1.99;NA;1.02;1.17;18.34;22.18;19.17;NA;NA;NA;
23;23;2.95;12.22;4.61;NA;2.14;0.91;9.17;20.12;12.7;NA;NA;NA;
24;0;2.45;15.08;2.59;NA;1.45;0.39;8.41;ND;20.05;NA;NA;NA;
24;1;4.5;17.22;1.88;NA;3.31;0.47;ND;24.12;8.31;NA;NA;NA;
24;2;5.81;11.21;4.75;NA;5.91;ND;22.2;21.44;21.32;NA;NA;NA;
24;3;4.98;13.76;3.31;NA;2.51;1.13;18.74;23.01;14.44;NA;NA;NA;
24;4;7.17;17.25;3.15;NA;3.4;3.69;12.89;21.05;19.44;NA;NA;NA;
24;5;7.51;16.4;9.52;NA;7.65;12.49;10.26;13.6;11.31;NA;NA;NA;
24;6;2.24;5.02;3.76;NA;3.62;2.42;10.66;8.69;6.6;NA;NA;NA;
24;7;7.32;4.63;6.21;NA;4.98;7.48;16.08;8.02;10.94;NA;NA;NA;
24;8;24.09;18.89;16.51;NA;24.14;22.95;32.6;19.21;17.96;NA;NA;NA;
24;9;39.83;33.22;24.57;NA;26.51;31.66;39.29;31.68;22.74;NA;NA;NA;
24;10;48.57;40.9;36.79;NA;31.26;40.97;46.57;38.05;38.87;NA;NA;NA;
24;11;60.24;46.33;48.51;NA;42.68;50.63;51.9;58.16;30.65;NA;NA;NA;
24;12;54.08;46.38;52.49;NA;40.61;48.67;51.72;67.52;44.18;NA;NA;NA;
24;13;36.7;38.27;46.05;NA;39.82;49.27;55.5;55.81;42.55;NA;NA;NA;
24;14;39.92;37.36;40.03;NA;40.91;51.23;53.24;51.79;45.45;NA;NA;NA;
24;15;34.26;27.84;29.64;NA;30.97;40.73;43.55;43.36;43.95;NA;NA;NA;
24;16;25.07;23.31;20.57;NA;18.73;24.04;38;37.66;31.36;NA;NA;NA;
24;17;19.65;18.71;21.15;NA;10.56;18.05;28.82;31.29;22.3;NA;NA;NA;
24;18;8.81;16.27;19.01;NA;5.3;8.39;12.92;26.09;14.25;NA;NA;NA;
24;19;1.17;16.2;4.63;NA;1.82;1.11;8.1;25.84;19.68;NA;NA;NA;
24;20;1.62;18.26;1.79;NA;1.82;1.52;6.37;25.61;17.25;NA;NA;NA;
24;21;1.13;16.54;1.29;NA;1.42;1.32;5.39;27.53;11.7;NA;NA;NA;
24;22;5.88;16.95;2.81;NA;0.85;2.75;5.8;26.12;12.41;NA;NA;NA;
24;23;4.61;15.51;5.21;NA;1.26;6.42;7.23;27.27;19.85;NA;NA;NA;
25;0;10.78;19.29;5.18;NA;4.83;11.66;12.16;24.96;19.28;NA;NA;NA;
25;1;5.84;18.19;1.96;NA;6.18;8.63;14.21;26.07;ND;NA;NA;NA;
25;2;ND;ND;ND;NA;ND;6.18;12.61;23.03;24.19;NA;NA;NA;
25;3;10.17;16.63;8.76;NA;7.96;12.29;18.53;20.68;23.89;NA;NA;NA;
25;4;13.86;21;8.94;NA;11.87;14.55;18.15;22.42;21.93;NA;NA;NA;
25;5;6.79;16.37;8.25;NA;4.79;7.22;13.63;19.45;19.77;NA;NA;NA;
25;6;7.11;14.36;4.44;NA;4.28;4.82;6.5;20.21;16.34;NA;NA;NA;
25;7;18.26;21.28;10.19;NA;13.18;14.14;18.7;21.39;20.1;NA;NA;NA;
25;8;27.57;27.21;24.9;NA;21.61;28.17;30.27;27.77;29.5;NA;NA;NA;
25;9;39.18;33.71;35.97;NA;29.89;38.27;47.59;34.02;35.07;NA;NA;NA;
25;10;43.61;34.48;42.17;NA;41.96;49.32;49.89;44.18;40.48;NA;NA;NA;
25;11;44.46;37.4;45.48;NA;43.74;54.42;53.9;48.09;44.22;NA;NA;NA;
25;12;48.84;38.91;48.06;NA;50.67;60.96;51.87;47.07;37.98;NA;NA;NA;
25;13;44.55;40.39;43.72;NA;45.4;52.07;53.82;49.24;41.55;NA;NA;NA;
25;14;44.01;38.69;43.44;NA;44.34;50.31;54.7;46.92;40.52;NA;NA;NA;
25;15;42.59;37.6;43.27;NA;32.85;47.82;49.07;46.97;40.56;NA;NA;NA;
25;16;41.01;33.84;40.93;NA;29.55;45.36;39.93;45.03;35.07;NA;NA;NA;
25;17;35.21;28.98;37;NA;28.84;37.48;33.32;37.63;37.18;NA;NA;NA;
25;18;26.12;22.87;17.57;NA;18.07;20.14;25.32;32.76;24.6;NA;NA;NA;
25;19;15.57;20.85;6.48;NA;7.51;6.09;16.91;30.77;26.23;NA;NA;NA;
25;20;5.98;20.14;6.14;NA;9.84;7.28;22.5;31.05;22.26;NA;NA;NA;
25;21;1.65;20.85;2.81;NA;6.26;8.87;24.73;34.31;16.75;NA;NA;NA;
25;22;3.66;11.25;3.71;NA;6.36;2.14;13.5;30.42;9.36;NA;NA;NA;
25;23;2.61;15.76;2.19;NA;0.97;3.87;12.08;22.13;13.49;NA;NA;NA;
26;0;8.59;15.15;2.42;NA;1.17;2.2;21.35;ND;11.86;NA;NA;NA;
26;1;8.96;9.26;5.33;NA;1.09;4.72;ND;8.02;8.29;NA;NA;NA;
26;2;7.73;7.94;2.73;NA;0.58;ND;18.98;1.4;6.46;NA;NA;NA;
26;3;11.4;3.02;4.8;NA;1.55;2.63;8.86;2.14;8.56;NA;NA;NA;
26;4;16.56;0.06;4.47;NA;1.05;3.31;13.38;0.72;4.62;NA;NA;NA;
26;5;15.13;0.08;2.13;NA;0.78;2.16;13.54;0.41;4.46;NA;NA;NA;
26;6;3.7;1.68;3.61;NA;2.19;3.14;24.84;0.77;5.07;NA;NA;NA;
26;7;7.83;9.2;7.93;NA;6.05;16.31;31.2;3.24;10.65;NA;NA;NA;
26;8;24.12;20.49;18.72;NA;20.91;27.91;36.53;12.26;12.13;NA;NA;NA;
26;9;37.54;32.86;32.58;NA;32.29;37.52;42.49;32.46;8.56;NA;NA;NA;
26;10;45.24;42.49;34.27;NA;30.83;40.52;49.45;50.95;16.18;NA;NA;NA;
26;11;49.66;46.25;39.05;NA;39.95;47.6;53.05;64.4;36.81;NA;NA;NA;
26;12;60.96;40.77;43.43;NA;50.88;54.08;56.59;61.91;49.19;NA;NA;NA;
26;13;47.83;40.92;43.91;NA;46.04;57.33;58.31;58.66;40.26;NA;NA;NA;
26;14;37.86;37.48;40.52;NA;36.94;53.58;47.67;50.82;44.68;NA;NA;NA;
26;15;33.98;34.73;35.22;NA;37.99;42.08;44.22;49.36;33.45;NA;NA;NA;
26;16;36.27;32.18;36.49;NA;34.38;37.79;34.22;45.21;45.31;NA;NA;NA;
26;17;30.98;27.64;22.21;NA;25.04;26.83;23.17;38.8;39.72;NA;NA;NA;
26;18;19.75;23.72;7.31;NA;9.75;7;19.64;34.16;25.77;NA;NA;NA;
26;19;9.26;21.8;2.09;NA;3.68;1.81;19.92;32.68;22.48;NA;NA;NA;
26;20;3.34;24.45;1.7;NA;2.41;1.53;8.47;37.56;26.68;NA;NA;NA;
26;21;3.31;23.33;1.76;NA;2.93;1.32;7.97;36.56;24.8;NA;NA;NA;
26;22;1.55;23.77;1.64;NA;2.44;0.69;11.04;30.07;23.71;NA;NA;NA;
26;23;1.08;19.49;1.53;NA;2.23;0.65;24.42;27.68;4.87;NA;NA;NA;
27;0;0.95;18.27;1.44;NA;3.47;0.65;11.36;28.22;7.34;NA;NA;NA;
27;1;1.34;25.06;1.28;NA;2.14;0.67;4.31;28.61;ND;NA;NA;NA;
27;2;ND;ND;ND;NA;ND;2.83;5.94;28.19;23.59;NA;NA;NA;
27;3;5.25;23.23;4.08;NA;1.78;1.31;2.95;26.57;16.29;NA;NA;NA;
27;4;2.86;18.39;4.02;NA;1.61;0.82;2.65;23.1;21.86;NA;NA;NA;
27;5;1.22;9.66;3.01;NA;0.85;0.88;3.32;18.3;17.64;NA;NA;NA;
27;6;1.61;3.79;2.88;NA;2.46;1.8;8.96;18.23;6.93;NA;NA;NA;
27;7;8.31;5.63;6.96;NA;6.25;4.38;24.93;17.13;10.01;NA;NA;NA;
27;8;21.95;18.52;12.8;NA;19.28;14.03;27.92;24.1;12.27;NA;NA;NA;
27;9;35.04;31.6;24.12;NA;23.91;26.16;34.84;31.53;22.75;NA;NA;NA;
27;10;53.79;44;ND;NA;32.32;43.36;44.53;50.47;23.48;NA;NA;NA;
27;11;57.06;44.54;43.61;NA;43.15;52.18;45.23;70.41;24.82;NA;NA;NA;
27;12;53.72;44.47;46.89;NA;49.25;54.01;54.3;56.7;43.07;NA;NA;NA;
27;13;46.13;38.09;40.45;NA;47.39;50.88;ND;51.3;31.99;NA;NA;NA;
27;14;40.8;35.26;37.31;NA;41.8;45.08;ND;45.95;30.31;NA;NA;NA;
27;15;34.18;34.32;29.4;NA;33.27;38.84;ND;39.96;26.43;NA;NA;NA;
27;16;31.46;31.03;23.1;NA;24.72;32.94;30.57;38.02;25.35;NA;NA;NA;
27;17;27.24;25.61;18.56;NA;15.92;23.8;23.06;31.77;17.15;NA;NA;NA;
27;18;19.93;15.26;9.36;NA;7.8;3.57;12.99;23.19;23.88;NA;NA;NA;
27;19;8.88;12.31;3.96;NA;4.64;1.3;14.05;20.16;18.15;NA;NA;NA;
27;20;1.62;10.16;0.61;NA;2.53;1.37;6.43;21.88;14.04;NA;NA;NA;
27;21;2.15;6.42;0.17;NA;2.82;1.39;13.12;21.64;12.66;NA;NA;NA;
27;22;2.71;10.35;0.01;NA;2.48;0.89;16.07;20.97;12.53;NA;NA;NA;
27;23;0.96;11.93;0.07;NA;2.47;0.58;5.44;17;6.01;NA;NA;NA;
28;0;2.75;10.72;0.93;NA;4.31;0.23;6.93;ND;3.13;NA;NA;NA;
28;1;6.44;11.51;3.95;NA;8.64;1.55;ND;21.28;3.13;NA;NA;NA;
28;2;5.56;10.94;7.03;NA;7.18;ND;11.18;18.39;12.12;NA;NA;NA;
28;3;7.63;12.99;0.88;NA;7.83;0.78;7.86;20.9;14.82;NA;NA;NA;
28;4;6.09;16.24;2.44;NA;10.16;0.94;5.46;20.54;14.89;NA;NA;NA;
28;5;2.21;7.37;1.16;NA;2.62;0.92;4.68;18.47;12.64;NA;NA;NA;
28;6;4.76;0.94;1.5;NA;2.04;1.85;4.02;12.26;5.53;NA;NA;NA;
28;7;5.15;10.17;6.48;NA;7.37;4.31;16.29;3.93;8.63;NA;NA;NA;
28;8;16.14;14.8;11.07;NA;17.74;18.32;31.13;7.7;16.29;NA;NA;NA;
28;9;28.74;26.35;18.98;NA;33.86;31.38;36.97;23.73;27.99;NA;NA;NA;
28;10;44.97;35.25;26.71;NA;28.58;34.37;43.04;42.2;17.92;NA;NA;NA;
28;11;46.36;40.97;30.49;NA;42.5;ND;41.54;50.21;30.62;NA;NA;NA;
28;12;45.18;40.52;32.06;NA;38.1;ND;45.26;36.93;38.99;NA;NA;NA;
28;13;35.09;41.97;34.19;NA;29.75;39.39;41.4;38.86;28.43;NA;NA;NA;
28;14;35.06;37.01;39.25;NA;29.56;ND;40.59;48.73;28.34;NA;NA;NA;
28;15;36.39;ND;17.78;NA;23.34;27.24;30.96;36.89;33.44;NA;NA;NA;
28;16;32.93;ND;19.7;NA;25.69;18.79;34.41;36.54;30.35;NA;NA;NA;
28;17;24.35;ND;11.87;NA;14.27;14.27;26.71;29.97;26.86;NA;NA;NA;
28;18;21.61;16.57;1.97;NA;5.11;3;15.04;21.62;23.55;NA;NA;NA;
28;19;13.82;14.95;0.25;NA;3.17;0.94;11.48;20.07;20.34;NA;NA;NA;
28;20;5.78;10.16;0.27;NA;2.37;0.75;10.19;21.38;15.04;NA;NA;NA;
28;21;3.76;9.86;0.09;NA;3.27;0.32;10.58;21.82;11.41;NA;NA;NA;
28;22;3.04;11.88;0.98;NA;2.23;0.8;12.17;21.68;5.27;NA;NA;NA;
28;23;4.55;10.25;4.46;NA;4.33;4.53;10.81;18.92;18.44;NA;NA;NA;
29;0;3.83;12.51;5.51;NA;4.17;2.38;7.91;9.48;17.32;NA;NA;NA;
29;1;8.82;13.68;3.67;NA;6.45;0.37;11.1;1.5;ND;NA;NA;NA;
29;2;ND;ND;ND;NA;ND;0.6;11.62;0.28;3.22;NA;NA;NA;
29;3;16.57;12.55;7.75;NA;2.85;0.6;14.07;2.65;4.4;NA;NA;NA;
29;4;7.17;14.29;9.07;NA;4.05;2.04;9.07;1.61;2.59;NA;NA;NA;
29;5;2.71;12.34;4.11;NA;2.77;0.67;10.25;0.28;2.21;NA;NA;NA;
29;6;3.35;4.07;4.29;NA;3.53;4.1;10.4;0.28;5.81;NA;NA;NA;
29;7;8.29;11.48;8.43;NA;8.34;11.82;21.37;4.73;8.68;NA;NA;NA;
29;8;19.15;15.96;ND;NA;15.85;16.02;27.35;16.92;16.11;NA;NA;NA;
29;9;31.86;26.35;23.36;NA;26.98;27.49;36.28;32.68;30.58;NA;NA;NA;
29;10;44.17;ND;31.6;NA;37.76;43.02;53.44;43.76;45.51;NA;NA;NA;
29;11;56.41;ND;36.1;NA;40.33;47.04;65.39;59.07;46.12;NA;NA;NA;
29;12;55;ND;ND;NA;47.07;53.85;58.51;60.29;49.16;NA;NA;NA;
29;13;42.71;ND;36.94;NA;49.54;57.31;62.25;57.08;51.56;NA;NA;NA;
29;14;39.77;ND;ND;NA;40.82;59.91;63.31;52.2;50.06;NA;NA;NA;
29;15;38.91;39.27;ND;NA;29.31;48.24;55.59;43.79;47.07;NA;NA;NA;
29;16;37.55;31.55;35.78;NA;28.31;35.33;39.76;36.63;41.76;NA;NA;NA;
29;17;30.71;27;19.38;NA;19.68;19.01;26.72;30.09;23.83;NA;NA;NA;
29;18;18.58;16.77;1.25;NA;12.2;7.07;13.92;23.72;16.55;NA;NA;NA;
29;19;9.77;14.42;0.45;NA;8.19;3.51;10.3;20.72;21.81;NA;NA;NA;
29;20;11.42;13.51;0.41;NA;5.35;2.86;12.32;21.39;21.64;NA;NA;NA;
29;21;6.95;12.57;0.17;NA;3.26;1.59;11.32;21;18.84;NA;NA;NA;
29;22;2.13;11.92;0.66;NA;3.19;3.57;10.06;22.62;13.81;NA;NA;NA;
29;23;7.22;13.92;1.27;NA;5.4;5.68;9.84;21.39;13.33;NA;NA;NA;
30;0;4.82;12.73;1.49;NA;2.85;3.81;12.76;ND;19.24;NA;NA;NA;
30;1;6.78;10.12;5.05;NA;1.62;1.19;ND;20.18;17.37;NA;NA;NA;
30;2;9.26;7.82;6.01;NA;1.88;ND;12.95;18.49;16.04;NA;NA;NA;
30;3;10.86;10.1;1.63;NA;1.55;0.59;16.71;18.75;14.01;NA;NA;NA;
30;4;4.44;11.08;1.46;NA;1.83;0.41;8.54;17.07;15.89;NA;NA;NA;
30;5;3.05;13.25;5.17;NA;2.23;2.02;5.62;14.06;14.14;NA;NA;NA;
30;6;3.82;7.66;0.71;NA;2.46;1;6.39;14.96;12.24;NA;NA;NA;
30;7;7.65;8.68;6.73;NA;10.31;6.25;11.99;12.62;10.35;NA;NA;NA;
30;8;13.66;15.68;12.9;NA;18.39;18.21;23.75;20.96;16.7;NA;NA;NA;
30;9;28;29.88;23.04;NA;25.21;29.29;39.65;34.14;28.71;NA;NA;NA;
30;10;43.59;40.31;32;NA;32.62;38.83;55.94;46.91;22.9;NA;NA;NA;
30;11;55.87;43.84;43.47;NA;47.29;54.79;60.13;55.38;46.74;NA;NA;NA;
30;12;48.82;47.81;48.93;NA;51.3;61.04;69.76;57.05;44.62;NA;NA;NA;
30;13;44.85;45.46;50.27;NA;55.49;60.42;73.11;55.64;52.35;NA;NA;NA;
30;14;39.95;43.96;36.06;NA;45.95;50.43;54.7;53.08;49.23;NA;NA;NA;
30;15;38.48;40.8;27.58;NA;25.16;40.31;45.52;45.64;48.66;NA;NA;NA;
30;16;32.04;34.5;27.38;NA;15.37;32.4;22.27;36.54;42.06;NA;NA;NA;
30;17;28.36;20.21;15.81;NA;11.81;13.15;18.81;28.04;21.12;NA;NA;NA;
30;18;17.49;13.54;4.88;NA;7.96;2.94;16.15;22.62;18.69;NA;NA;NA;
30;19;8.49;12.66;1.53;NA;6.06;4.37;8.05;20.75;18.53;NA;NA;NA;
30;20;3.5;10.34;0.19;NA;2.2;3.45;14.11;19.73;25;NA;NA;NA;
30;21;2.92;4.85;1.04;NA;3.53;2.34;7.19;16.2;11.61;NA;NA;NA;
30;22;1.15;3.08;0.31;NA;4.85;0.96;13.77;11.23;11.33;NA;NA;NA;
30;23;1.61;3.38;0;NA;2.36;0.59;18.91;1.62;9.34;NA;NA;NA;
31;0;7.17;6.01;0;NA;6.96;0.51;23.97;4.53;4.24;NA;NA;NA;
31;1;8.47;8.25;0;NA;0.88;2.31;24.8;1.03;ND;NA;NA;NA;
31;2;ND;ND;ND;NA;ND;3.61;17.91;0.4;3.87;NA;NA;NA;
31;3;6.41;4.73;0.14;NA;0.3;1.22;8.11;0.25;2.83;NA;NA;NA;
31;4;1.43;0.94;0;NA;0.14;0.52;9.54;0.03;2.83;NA;NA;NA;
31;5;1.01;0.66;0;NA;0.48;1;18.95;0.05;3.55;NA;NA;NA;
31;6;2.47;0.15;0.51;NA;1.09;2.16;23.02;0.15;5.6;NA;NA;NA;
31;7;10.72;8.81;6.45;NA;7.48;5.8;25.45;1.69;11.14;NA;NA;NA;
31;8;24.75;19.51;18.07;NA;17.54;17.2;35.73;13.56;17.55;NA;NA;NA;
31;9;35.12;31.15;28.55;NA;23.69;23.64;38.14;25.5;30.93;NA;NA;NA;
31;10;43.82;41.89;44.37;NA;33.59;49.33;51.35;43.55;49.63;NA;NA;NA;
31;11;49.38;43.59;44.28;NA;45.77;60.72;57.12;62.46;58.34;NA;NA;NA;
31;12;51.15;47.45;43.29;NA;43.95;53.05;56.3;66.97;58.46;NA;NA;NA;
31;13;47.26;47.72;46.63;NA;48.82;54.26;62.23;41.34;42.7;NA;NA;NA;
31;14;44.69;45.58;43.55;NA;39.54;48.61;47.85;48.64;36.8;NA;NA;NA;
31;15;42.64;ND;40.22;NA;42.78;49.99;50.11;47.61;43.67;NA;NA;NA;
31;16;38.58;ND;39.56;NA;33.5;44.85;43.69;44.04;46.61;NA;NA;NA;
31;17;35.64;ND;34.15;NA;26.11;35.55;26.21;36.11;38.79;NA;NA;NA;
31;18;27.73;ND;20.41;NA;17.28;19.96;17.83;31.04;31.48;NA;NA;NA;
31;19;19.83;ND;9.13;NA;8.49;4.28;14.68;28.45;27.9;NA;NA;NA;
31;20;4.8;ND;1;NA;5.29;2.65;20.47;28.37;23.58;NA;NA;NA;
31;21;3.5;ND;0.07;NA;6.43;2;19.41;11.01;21.41;NA;NA;NA;
31;22;3.66;ND;0.86;NA;2.78;2.31;20.77;11.68;18.63;NA;NA;NA;
31;23;4.68;ND;1.12;NA;5.41;1.67;18.82;17.07;17.41;NA;NA;NA;
