DIA;HORA;Cotocollao;Carapungo;Belisario;Jipijapa;El Camal;Centro;Guamaní;Tumbaco;Los Chillos;El Condado;Turubamba;Chillogallo;
1;0;ND;ND;0.88;NA;ND;ND;0.6;NA;ND;NA;NA;NA;
1;1;0.55;0.43;0.72;NA;0.72;0.65;0.45;NA;ND;NA;NA;NA;
1;2;0.48;0.39;0.8;NA;0.71;0.62;0.66;NA;ND;NA;NA;NA;
1;3;0.42;0.38;0.63;NA;0.65;0.67;0.63;NA;ND;NA;NA;NA;
1;4;0.44;0.41;0.66;NA;0.66;0.56;0.61;NA;ND;NA;NA;NA;
1;5;0.55;0.58;0.78;NA;0.9;0.84;0.96;NA;ND;NA;NA;NA;
1;6;1.15;0.98;1.02;NA;1.58;1.28;1.27;NA;ND;NA;NA;NA;
1;7;1.25;1.24;1.78;NA;1.77;1.94;1.81;NA;ND;NA;NA;NA;
1;8;0.68;0.85;2.05;NA;1.48;2;0.6;NA;ND;NA;NA;NA;
1;9;0.55;0.64;ND;NA;1.14;1.18;0.41;NA;ND;NA;NA;NA;
1;10;0.67;0.63;ND;NA;1.05;0.69;ND;NA;ND;NA;NA;NA;
1;11;0.47;0.72;ND;NA;0.75;0.53;ND;NA;ND;NA;NA;NA;
1;12;0.48;0.7;ND;NA;0.77;0.49;0.66;NA;ND;NA;NA;NA;
1;13;0.47;0.71;ND;NA;0.82;0.47;ND;NA;ND;NA;NA;NA;
1;14;0.44;0.56;ND;NA;0.83;0.48;ND;NA;ND;NA;NA;NA;
1;15;0.42;0.59;ND;NA;0.84;0.54;0.36;NA;ND;NA;NA;NA;
1;16;0.41;0.56;ND;NA;0.88;0.6;ND;NA;ND;NA;NA;NA;
1;17;0.48;0.54;ND;NA;1.04;0.81;0.56;NA;ND;NA;NA;NA;
1;18;0.55;0.61;0.83;NA;1.46;0.9;0.74;NA;ND;NA;NA;NA;
1;19;0.95;0.82;0.95;NA;1.53;1.08;0.78;NA;ND;NA;NA;NA;
1;20;1.28;0.92;0.92;NA;1.79;1.24;0.78;NA;ND;NA;NA;NA;
1;21;1.06;0.76;0.89;NA;1.7;0.91;0.9;NA;ND;NA;NA;NA;
1;22;1.12;0.71;1.65;NA;1.9;0.64;0.76;NA;ND;NA;NA;NA;
1;23;0.49;0.79;1.18;NA;1.4;0.87;0.36;NA;ND;NA;NA;NA;
2;0;0.52;0.62;1.46;NA;1.21;0.78;ND;NA;ND;NA;NA;NA;
2;1;0.58;0.47;1.13;NA;0.92;0.64;0.25;NA;ND;NA;NA;NA;
2;2;0.51;0.46;0.9;NA;0.74;0.85;0.27;NA;ND;NA;NA;NA;
2;3;0.39;0.39;0.79;NA;0.76;0.73;0.29;NA;ND;NA;NA;NA;
2;4;0.4;0.37;0.59;NA;0.62;0.55;0.47;NA;ND;NA;NA;NA;
2;5;0.48;0.36;0.65;NA;0.79;0.58;0.58;NA;ND;NA;NA;NA;
2;6;1.22;1;1.08;NA;1.42;1.11;0.87;NA;ND;NA;NA;NA;
2;7;1.7;1.19;1.68;NA;1.82;1.79;1.32;NA;ND;NA;NA;NA;
2;8;0.98;0.79;1.83;NA;1.94;2.44;1.22;NA;ND;NA;NA;NA;
2;9;0.58;0.51;1.19;NA;1.9;1.39;0.54;NA;ND;NA;NA;NA;
2;10;0.53;ND;1.13;NA;ND;0.89;0.54;NA;ND;NA;NA;NA;
2;11;0.42;ND;0.89;NA;ND;0.83;0.58;NA;ND;NA;NA;NA;
2;12;0.44;ND;0.87;NA;0.42;0.57;0.53;NA;ND;NA;NA;NA;
2;13;0.47;ND;1.01;NA;0.84;0.53;0.51;NA;ND;NA;NA;NA;
2;14;0.44;0.23;0.9;NA;ND;0.52;0.49;NA;ND;NA;NA;NA;
2;15;0.42;0.16;0.69;NA;ND;0.63;0.47;NA;ND;NA;NA;NA;
2;16;0.4;ND;0.8;NA;ND;0.76;0.55;NA;ND;NA;NA;NA;
2;17;0.46;0.4;0.91;NA;ND;0.81;0.6;NA;ND;NA;NA;NA;
2;18;0.64;0.42;0.95;NA;0.77;0.97;0.67;NA;ND;NA;NA;NA;
2;19;0.95;0.53;1.35;NA;1.17;1.16;0.8;NA;ND;NA;NA;NA;
2;20;1.15;0.52;1.09;NA;1.17;1.11;0.73;NA;ND;NA;NA;NA;
2;21;1.3;0.57;0.77;NA;1.11;1.3;0.57;NA;ND;NA;NA;NA;
2;22;1.45;0.47;0.73;NA;0.78;1.32;0.62;NA;ND;NA;NA;NA;
2;23;0.81;0.55;0.99;NA;0.66;0.81;0.38;NA;ND;NA;NA;NA;
3;0;ND;ND;ND;NA;0.41;ND;0.31;NA;ND;NA;NA;NA;
3;1;0.48;0.29;0.72;NA;0.34;0.71;0.3;NA;ND;NA;NA;NA;
3;2;0.47;0.19;0.73;NA;0.38;0.63;0.28;NA;ND;NA;NA;NA;
3;3;0.44;0.2;0.71;NA;0.35;0.62;0.25;NA;ND;NA;NA;NA;
3;4;0.53;0.29;0.71;NA;0.37;0.62;0.33;NA;ND;NA;NA;NA;
3;5;0.7;0.45;0.77;NA;0.68;0.88;0.77;NA;ND;NA;NA;NA;
3;6;1.36;1.04;1.06;NA;2.24;2.07;0.96;NA;ND;NA;NA;NA;
3;7;1.82;1.07;3.04;NA;2.56;2.89;0.68;NA;ND;NA;NA;NA;
3;8;1.36;0.63;2.53;NA;1.26;2.33;0.37;NA;ND;NA;NA;NA;
3;9;0.6;0.27;1.66;NA;1.1;1.96;0.33;NA;ND;NA;NA;NA;
3;10;0.48;0.28;1.34;NA;0.69;0.8;0.4;NA;ND;NA;NA;NA;
3;11;0.49;0.26;0.86;NA;0.47;0.55;0.41;NA;ND;NA;NA;NA;
3;12;0.45;0.37;0.9;NA;0.5;0.52;0.43;NA;ND;NA;NA;NA;
3;13;0.41;0.48;0.89;NA;0.44;0.48;0.39;NA;ND;NA;NA;NA;
3;14;0.43;0.33;0.81;NA;0.41;0.5;0.44;NA;ND;NA;NA;NA;
3;15;0.41;0.32;0.79;NA;0.56;0.63;0.48;NA;ND;NA;NA;NA;
3;16;0.44;0.3;0.78;NA;0.66;0.63;0.71;NA;ND;NA;NA;NA;
3;17;0.43;0.31;0.8;NA;0.68;0.59;0.87;NA;ND;NA;NA;NA;
3;18;0.49;0.42;1.01;NA;0.63;1.08;0.86;NA;ND;NA;NA;NA;
3;19;0.54;0.53;1.08;NA;0.72;1.28;0.88;NA;ND;NA;NA;NA;
3;20;0.58;0.39;1.26;NA;0.93;1.12;0.58;NA;ND;NA;NA;NA;
3;21;0.7;0.27;1.13;NA;0.57;0.73;0.55;NA;ND;NA;NA;NA;
3;22;0.68;0.23;1.23;NA;0.5;0.87;0.58;NA;ND;NA;NA;NA;
3;23;0.56;0.29;0.84;NA;0.31;0.74;0.43;NA;ND;NA;NA;NA;
4;0;0.43;0.24;0.72;NA;0.34;0.63;ND;NA;ND;NA;NA;NA;
4;1;0.5;0.18;0.82;NA;0.29;0.63;0.4;NA;ND;NA;NA;NA;
4;2;0.4;0.19;0.67;NA;0.24;0.48;0.38;NA;ND;NA;NA;NA;
4;3;0.44;0.16;0.68;NA;0.23;0.42;0.38;NA;ND;NA;NA;NA;
4;4;0.51;0.2;0.64;NA;0.22;0.45;0.36;NA;ND;NA;NA;NA;
4;5;0.52;0.29;0.68;NA;0.56;0.6;0.68;NA;ND;NA;NA;NA;
4;6;1.01;0.51;0.99;NA;0.69;0.85;0.55;NA;ND;NA;NA;NA;
4;7;1.11;0.81;1.66;NA;0.92;1.25;0.82;NA;ND;NA;NA;NA;
4;8;1.19;0.73;1.87;NA;ND;1.66;0.7;NA;ND;NA;NA;NA;
4;9;1.33;0.84;1.75;NA;1.26;1.71;0.87;NA;ND;NA;NA;NA;
4;10;0.93;0.69;1.48;NA;1.16;1.57;0.61;NA;ND;NA;NA;NA;
4;11;0.59;0.34;1.09;NA;0.58;0.85;0.5;NA;ND;NA;NA;NA;
4;12;0.49;0.32;0.91;NA;0.63;0.75;0.5;NA;ND;NA;NA;NA;
4;13;0.45;0.36;0.75;NA;0.55;0.62;0.5;NA;ND;NA;NA;NA;
4;14;0.45;0.33;0.93;NA;0.73;0.78;0.6;NA;ND;NA;NA;NA;
4;15;0.43;0.29;0.77;NA;0.76;0.72;0.67;NA;ND;NA;NA;NA;
4;16;0.43;0.31;0.99;NA;0.59;0.78;0.71;NA;ND;NA;NA;NA;
4;17;0.45;0.33;1.41;NA;0.66;0.77;0.82;NA;ND;NA;NA;NA;
4;18;0.61;0.33;1.37;NA;0.69;0.88;0.83;NA;ND;NA;NA;NA;
4;19;0.64;0.36;1.4;NA;0.8;1.03;1.07;NA;ND;NA;NA;NA;
4;20;0.65;0.29;1.15;NA;0.8;0.78;0.88;NA;ND;NA;NA;NA;
4;21;0.71;0.37;1.25;NA;0.56;0.69;0.64;NA;ND;NA;NA;NA;
4;22;0.66;0.34;0.88;NA;0.67;0.69;0.51;NA;ND;NA;NA;NA;
4;23;0.6;0.26;0.65;NA;0.37;0.58;0.49;NA;ND;NA;NA;NA;
5;0;ND;ND;ND;NA;0.34;ND;0.49;NA;ND;NA;NA;NA;
5;1;0.48;0.18;0.59;NA;0.26;0.51;0.43;NA;ND;NA;NA;NA;
5;2;0.43;0.16;0.53;NA;0.26;0.47;0.41;NA;ND;NA;NA;NA;
5;3;0.38;0.16;0.53;NA;0.28;0.44;0.46;NA;ND;NA;NA;NA;
5;4;0.38;0.15;0.53;NA;0.27;0.46;0.47;NA;ND;NA;NA;NA;
5;5;0.4;0.14;0.52;NA;0.31;0.45;0.53;NA;ND;NA;NA;NA;
5;6;0.58;0.2;0.61;NA;0.49;0.58;1.02;NA;ND;NA;NA;NA;
5;7;0.69;0.44;0.82;NA;0.68;0.87;1.57;NA;ND;NA;NA;NA;
5;8;0.66;0.33;0.96;NA;1.01;0.87;0.5;NA;ND;NA;NA;NA;
5;9;0.6;0.35;0.98;NA;0.84;1.06;0.68;NA;ND;NA;NA;NA;
5;10;0.56;0.41;1.01;NA;0.87;0.95;0.75;NA;ND;NA;NA;NA;
5;11;0.47;0.36;0.89;NA;0.85;0.73;0.72;NA;ND;NA;NA;NA;
5;12;0.44;0.42;0.74;NA;0.73;0.67;0.8;NA;ND;NA;NA;NA;
5;13;0.44;0.43;0.69;NA;0.77;0.65;0.77;NA;ND;NA;NA;NA;
5;14;0.44;0.4;0.59;NA;0.78;0.71;0.73;NA;ND;NA;NA;NA;
5;15;0.44;0.43;0.54;NA;0.79;0.7;0.72;NA;ND;NA;NA;NA;
5;16;0.44;0.32;0.63;NA;0.81;0.72;0.79;NA;ND;NA;NA;NA;
5;17;0.48;0.35;0.82;NA;0.85;0.86;0.78;NA;ND;NA;NA;NA;
5;18;0.55;0.34;1.05;NA;0.71;0.83;0.71;NA;ND;NA;NA;NA;
5;19;0.69;0.35;1.07;NA;0.82;0.92;0.75;NA;ND;NA;NA;NA;
5;20;0.64;0.41;0.91;NA;0.75;0.89;0.76;NA;ND;NA;NA;NA;
5;21;0.62;0.3;0.84;NA;0.59;0.84;0.77;NA;ND;NA;NA;NA;
5;22;0.58;0.31;0.71;NA;0.59;0.74;0.54;NA;ND;NA;NA;NA;
5;23;0.59;0.21;0.64;NA;0.53;0.69;0.56;NA;ND;NA;NA;NA;
6;0;0.53;0.21;0.54;NA;ND;0.58;ND;NA;ND;NA;NA;NA;
6;1;0.5;0.17;0.53;NA;0.3;0.45;0.54;NA;ND;NA;NA;NA;
6;2;0.44;0.15;0.5;NA;0.28;0.48;0.49;NA;ND;NA;NA;NA;
6;3;0.41;0.2;0.54;NA;0.23;0.53;0.42;NA;ND;NA;NA;NA;
6;4;0.47;0.14;0.55;NA;0.36;0.52;0.5;NA;ND;NA;NA;NA;
6;5;0.44;0.2;0.48;NA;0.39;0.59;0.68;NA;ND;NA;NA;NA;
6;6;0.67;0.22;0.6;NA;0.82;0.97;1.12;NA;ND;NA;NA;NA;
6;7;0.6;0.29;0.78;NA;0.72;1.07;0.83;NA;ND;NA;NA;NA;
6;8;0.59;0.33;1.07;NA;0.69;0.88;0.78;NA;ND;NA;NA;NA;
6;9;0.57;0.4;0.87;NA;0.83;0.72;0.77;NA;ND;NA;NA;NA;
6;10;0.56;0.3;0.95;NA;0.87;0.69;0.64;NA;ND;NA;NA;NA;
6;11;0.47;0.36;0.88;NA;1.02;0.71;0.72;NA;ND;NA;NA;NA;
6;12;0.51;0.46;0.74;NA;0.7;0.76;0.82;NA;ND;NA;NA;NA;
6;13;0.52;0.38;0.85;NA;0.85;0.73;0.87;NA;ND;NA;NA;NA;
6;14;0.52;0.31;0.94;NA;0.71;0.7;0.68;NA;ND;NA;NA;NA;
6;15;0.49;0.29;0.72;NA;0.69;0.65;0.72;NA;ND;NA;NA;NA;
6;16;0.57;0.4;0.87;NA;0.78;0.63;0.88;NA;ND;NA;NA;NA;
6;17;0.84;0.46;0.56;NA;0.71;0.68;0.95;NA;ND;NA;NA;NA;
6;18;0.7;0.78;1.22;NA;1.29;0.86;0.92;NA;ND;NA;NA;NA;
6;19;1.17;0.73;1.56;NA;1.75;1.2;1.11;NA;ND;NA;NA;NA;
6;20;0.89;0.68;1.67;NA;1.36;1.3;1.48;NA;ND;NA;NA;NA;
6;21;0.99;0.41;1.03;NA;1.61;1.29;1.44;NA;ND;NA;NA;NA;
6;22;0.87;0.26;1.09;NA;1.85;1.73;1.4;NA;ND;NA;NA;NA;
6;23;0.69;0.28;0.84;NA;1.3;1.01;1.02;NA;ND;NA;NA;NA;
7;0;ND;ND;ND;NA;0.68;ND;1.01;NA;ND;NA;NA;NA;
7;1;0.71;0.28;0.95;NA;0.96;1.05;0.7;NA;ND;NA;NA;NA;
7;2;0.67;0.42;0.71;NA;1.03;1.14;0.83;NA;ND;NA;NA;NA;
7;3;0.57;0.32;0.68;NA;0.9;0.87;0.87;NA;ND;NA;NA;NA;
7;4;0.59;0.26;0.62;NA;0.59;0.8;0.79;NA;ND;NA;NA;NA;
7;5;0.7;0.3;0.76;NA;0.95;1;0.94;NA;ND;NA;NA;NA;
7;6;1.37;0.62;1.14;NA;1.28;1.45;1.31;NA;ND;NA;NA;NA;
7;7;1.1;0.68;1.74;NA;1.23;1.72;1.1;NA;ND;NA;NA;NA;
7;8;0.77;0.48;1.94;NA;0.83;1.38;0.77;NA;ND;NA;NA;NA;
7;9;0.73;0.61;1.61;NA;0.82;0.96;0.62;NA;ND;NA;NA;NA;
7;10;ND;0.46;1.24;NA;0.86;1.11;0.61;NA;ND;NA;NA;NA;
7;11;ND;0.38;ND;NA;0.81;1.25;0.68;NA;ND;NA;NA;NA;
7;12;0.41;0.44;ND;NA;0.95;1.01;0.7;NA;ND;NA;NA;NA;
7;13;0.31;0.38;0.79;NA;0.81;0.82;0.6;NA;ND;NA;NA;NA;
7;14;0.31;0.32;0.84;NA;0.68;0.7;0.5;NA;ND;NA;NA;NA;
7;15;0.37;0.33;1.18;NA;0.65;0.88;0.53;NA;ND;NA;NA;NA;
7;16;0.31;0.29;1.19;NA;0.67;1.07;0.61;NA;ND;NA;NA;NA;
7;17;0.56;0.35;1.49;NA;0.76;1.03;0.74;NA;ND;NA;NA;NA;
7;18;0.69;0.39;1.77;NA;0.92;0.96;0.57;NA;ND;NA;NA;NA;
7;19;0.68;0.36;1.5;NA;1.02;1.19;0.6;NA;ND;NA;NA;NA;
7;20;0.52;0.32;1.34;NA;0.72;1.31;0.47;NA;ND;NA;NA;NA;
7;21;0.47;0.24;1.09;NA;0.69;1.28;0.45;NA;ND;NA;NA;NA;
7;22;0.37;0.22;0.71;NA;0.48;0.89;0.5;NA;ND;NA;NA;NA;
7;23;0.28;0.2;0.61;NA;0.59;0.61;0.37;NA;ND;NA;NA;NA;
8;0;0.23;0.13;ND;NA;ND;0.48;ND;NA;ND;NA;NA;NA;
8;1;0.23;0.15;0.46;NA;0.36;0.47;0.32;NA;ND;NA;NA;NA;
8;2;0.23;0.29;0.4;NA;0.35;0.44;0.33;NA;ND;NA;NA;NA;
8;3;0.28;0.23;0.33;NA;0.34;0.41;0.36;NA;ND;NA;NA;NA;
8;4;0.31;0.23;0.34;NA;0.32;0.37;0.37;NA;ND;NA;NA;NA;
8;5;0.36;0.23;0.35;NA;0.48;0.58;0.47;NA;ND;NA;NA;NA;
8;6;0.55;0.49;0.97;NA;1.71;1.4;0.67;NA;ND;NA;NA;NA;
8;7;1.08;0.92;1.41;NA;2.21;1.61;0.75;NA;ND;NA;NA;NA;
8;8;0.68;0.48;1.54;NA;1.45;1.43;0.57;NA;ND;NA;NA;NA;
8;9;0.56;0.31;1.73;NA;1.04;1.14;0.5;NA;ND;NA;NA;NA;
8;10;0.41;0.33;1.61;NA;ND;1.1;0.57;NA;ND;NA;NA;NA;
8;11;0.43;0.43;1.43;NA;ND;ND;0.65;NA;ND;NA;NA;NA;
8;12;0.33;0.36;1.83;NA;1.25;ND;0.85;NA;ND;NA;NA;NA;
8;13;0.3;ND;1.89;NA;0.96;1.45;0.79;NA;ND;NA;NA;NA;
8;14;0.28;ND;1.39;NA;0.8;0.86;0.55;NA;ND;NA;NA;NA;
8;15;0.29;0.33;1.35;NA;0.63;0.91;0.58;NA;ND;NA;NA;NA;
8;16;0.31;0.58;1.46;NA;0.8;0.9;0.54;NA;ND;NA;NA;NA;
8;17;0.34;0.59;1.51;NA;0.84;1.01;0.57;NA;ND;NA;NA;NA;
8;18;0.53;0.7;1.74;NA;0.92;1.07;0.6;NA;ND;NA;NA;NA;
8;19;0.5;0.55;1.4;NA;1.08;0.94;0.65;NA;ND;NA;NA;NA;
8;20;0.73;0.73;1.05;NA;1.17;0.88;0.91;NA;ND;NA;NA;NA;
8;21;0.76;0.4;0.99;NA;1.01;1.08;0.84;NA;ND;NA;NA;NA;
8;22;0.43;0.39;0.75;NA;1.07;0.82;0.67;NA;ND;NA;NA;NA;
8;23;0.51;0.27;0.58;NA;1.04;0.75;0.4;NA;ND;NA;NA;NA;
9;0;ND;0.35;0.68;NA;0.83;0.77;0.39;NA;ND;NA;NA;NA;
9;1;0.46;0.31;0.66;NA;0.87;0.8;0.38;NA;ND;NA;NA;NA;
9;2;0.44;0.3;0.54;NA;0.75;0.72;0.35;NA;ND;NA;NA;NA;
9;3;0.43;0.23;0.5;NA;0.78;0.58;0.45;NA;ND;NA;NA;NA;
9;4;0.44;0.32;0.58;NA;0.79;0.75;0.55;NA;ND;NA;NA;NA;
9;5;0.62;0.49;0.66;NA;1.03;1.02;0.61;NA;ND;NA;NA;NA;
9;6;1.44;1.72;1.25;NA;2.66;2;1.76;NA;ND;NA;NA;NA;
9;7;1.99;1.69;1.6;NA;3.56;3.04;2.04;NA;ND;NA;NA;NA;
9;8;0.98;1.2;2.23;NA;1.58;2.28;0.89;NA;ND;NA;NA;NA;
9;9;1;0.71;1.49;NA;0.91;1.19;0.45;NA;ND;NA;NA;NA;
9;10;0.83;0.51;1.02;NA;0.75;0.83;0.48;NA;ND;NA;NA;NA;
9;11;0.53;0.52;1;NA;0.71;0.72;0.44;NA;ND;NA;NA;NA;
9;12;0.44;0.48;0.86;NA;0.74;0.64;0.57;NA;ND;NA;NA;NA;
9;13;0.38;0.4;0.85;NA;0.84;0.8;0.66;NA;ND;NA;NA;NA;
9;14;0.36;0.42;0.66;NA;1.03;0.85;0.68;NA;ND;NA;NA;NA;
9;15;0.35;0.34;0.72;NA;0.78;0.79;ND;NA;ND;NA;NA;NA;
9;16;0.33;0.41;1;NA;0.71;0.78;ND;NA;ND;NA;NA;NA;
9;17;0.39;0.39;1.4;NA;0.71;0.6;0.6;NA;ND;NA;NA;NA;
9;18;0.49;0.51;1.6;NA;0.88;0.94;0.75;NA;ND;NA;NA;NA;
9;19;0.5;0.55;1.17;NA;1.4;0.86;0.83;NA;ND;NA;NA;NA;
9;20;0.49;0.45;0.9;NA;0.78;0.64;0.55;NA;ND;NA;NA;NA;
9;21;0.56;0.37;0.75;NA;0.87;0.64;0.46;NA;ND;NA;NA;NA;
9;22;0.47;0.41;0.82;NA;0.6;0.66;0.4;NA;ND;NA;NA;NA;
9;23;0.42;0.35;0.68;NA;0.51;0.65;0.35;NA;ND;NA;NA;NA;
10;0;0.41;0.33;ND;NA;ND;ND;ND;NA;ND;NA;NA;NA;
10;1;0.42;0.24;0.4;NA;0.43;0.43;0.3;NA;ND;NA;NA;NA;
10;2;0.33;0.23;0.4;NA;0.38;0.46;0.29;NA;ND;NA;NA;NA;
10;3;0.3;0.23;0.36;NA;0.37;0.39;0.3;NA;ND;NA;NA;NA;
10;4;0.34;0.24;0.42;NA;0.44;0.43;0.33;NA;ND;NA;NA;NA;
10;5;0.39;0.25;0.45;NA;0.73;0.54;0.43;NA;ND;NA;NA;NA;
10;6;0.74;0.72;0.83;NA;1.01;1.08;0.66;NA;ND;NA;NA;NA;
10;7;1.02;0.67;1.11;NA;1.66;0.96;0.7;NA;ND;NA;NA;NA;
10;8;0.83;0.45;1.16;NA;1.46;1.22;0.65;NA;ND;NA;NA;NA;
10;9;0.59;0.46;1.26;NA;1.35;1.34;0.58;NA;ND;NA;NA;NA;
10;10;0.51;ND;1.3;NA;1.63;1.31;0.92;NA;ND;NA;NA;NA;
10;11;0.45;0.39;1;NA;1.43;1.6;1;NA;ND;NA;NA;NA;
10;12;0.35;0.4;0.85;NA;0.8;1.14;0.49;NA;ND;NA;NA;NA;
10;13;0.34;0.41;0.95;NA;0.8;0.79;0.43;NA;ND;NA;NA;NA;
10;14;0.42;0.4;1.34;NA;0.79;0.75;0.53;NA;ND;NA;NA;NA;
10;15;0.45;0.42;1.31;NA;1.1;1.09;0.71;NA;ND;NA;NA;NA;
10;16;0.48;0.38;1.53;NA;0.92;0.79;0.73;NA;ND;NA;NA;NA;
10;17;0.51;0.39;1.29;NA;1.03;1.01;0.84;NA;ND;NA;NA;NA;
10;18;0.49;0.47;1.81;NA;1.84;1;0.75;NA;ND;NA;NA;NA;
10;19;0.7;0.48;1.5;NA;1.32;0.99;0.69;NA;ND;NA;NA;NA;
10;20;0.63;0.46;1.72;NA;1.42;1.01;0.95;NA;ND;NA;NA;NA;
10;21;0.54;0.42;1.06;NA;0.89;0.77;0.39;NA;ND;NA;NA;NA;
10;22;0.49;0.32;0.79;NA;0.73;0.72;0.36;NA;ND;NA;NA;NA;
10;23;0.47;0.3;0.72;NA;0.72;0.6;0.37;NA;ND;NA;NA;NA;
11;0;ND;0.26;0.59;NA;0.71;0.47;0.32;NA;ND;NA;NA;NA;
11;1;0.35;0.25;0.45;NA;0.59;0.53;0.32;NA;ND;NA;NA;NA;
11;2;0.28;0.19;0.4;NA;0.43;0.47;0.32;NA;ND;NA;NA;NA;
11;3;0.28;0.2;0.4;NA;0.42;0.41;0.33;NA;ND;NA;NA;NA;
11;4;0.29;0.23;0.41;NA;0.49;0.47;0.34;NA;ND;NA;NA;NA;
11;5;0.47;0.43;0.5;NA;0.74;0.81;0.4;NA;ND;NA;NA;NA;
11;6;0.8;0.57;0.9;NA;2.18;1.61;1.33;NA;ND;NA;NA;NA;
11;7;1.01;0.58;1.73;NA;1.6;1.71;1.32;NA;ND;NA;NA;NA;
11;8;0.85;0.45;1.51;NA;1.17;0.93;0.75;NA;ND;NA;NA;NA;
11;9;0.52;0.41;1.19;NA;0.86;0.89;0.59;NA;ND;NA;NA;NA;
11;10;0.62;0.55;1.11;NA;0.98;0.92;0.55;NA;ND;NA;NA;NA;
11;11;0.51;0.37;1.32;NA;1.07;0.97;0.57;NA;ND;NA;NA;NA;
11;12;0.52;0.41;1.44;NA;1.26;1.11;0.58;NA;ND;NA;NA;NA;
11;13;0.45;0.49;1.13;NA;1.26;1.15;0.84;NA;ND;NA;NA;NA;
11;14;0.4;0.38;1.02;NA;1.33;0.85;0.69;NA;ND;NA;NA;NA;
11;15;0.39;0.38;1.31;NA;0.94;0.87;0.71;NA;ND;NA;NA;NA;
11;16;0.37;0.42;1.18;NA;1.26;1.11;0.86;NA;ND;NA;NA;NA;
11;17;0.45;0.41;1.61;NA;1.03;1.52;0.91;NA;ND;NA;NA;NA;
11;18;0.52;0.51;2.24;NA;1.29;1.69;1.03;NA;ND;NA;NA;NA;
11;19;0.59;0.56;1.73;NA;1.19;1.49;0.98;NA;ND;NA;NA;NA;
11;20;0.67;0.52;1.41;NA;1.58;1.08;0.99;NA;ND;NA;NA;NA;
11;21;0.69;0.41;1.24;NA;1.65;1.08;1.13;NA;ND;NA;NA;NA;
11;22;0.57;0.37;1.55;NA;1.19;1.12;0.96;NA;ND;NA;NA;NA;
11;23;0.54;0.31;1.16;NA;0.72;0.91;0.86;NA;ND;NA;NA;NA;
12;0;0.56;ND;ND;NA;ND;ND;ND;NA;ND;NA;NA;NA;
12;1;0.58;0.39;0.71;NA;0.65;0.59;0.57;NA;ND;NA;NA;NA;
12;2;0.54;0.32;0.73;NA;0.85;0.87;0.52;NA;ND;NA;NA;NA;
12;3;0.4;0.24;0.63;NA;0.77;0.66;0.53;NA;ND;NA;NA;NA;
12;4;0.39;0.28;0.54;NA;0.57;0.45;0.44;NA;ND;NA;NA;NA;
12;5;0.51;0.39;0.6;NA;0.95;0.68;0.73;NA;ND;NA;NA;NA;
12;6;0.72;0.43;0.83;NA;1.43;1.14;1.17;NA;ND;NA;NA;NA;
12;7;1.44;0.75;0.95;NA;1.72;1.03;1.11;NA;ND;NA;NA;NA;
12;8;1.23;0.74;1.24;NA;1.29;1.17;0.65;NA;ND;NA;NA;NA;
12;9;1.02;0.8;1.39;NA;1.07;1.28;0.64;NA;ND;NA;NA;NA;
12;10;0.57;0.65;1.19;NA;1.13;1.2;0.62;NA;ND;NA;NA;NA;
12;11;0.43;0.45;0.81;NA;1.15;0.96;0.53;NA;ND;NA;NA;NA;
12;12;0.4;0.48;0.8;NA;1.1;0.84;0.57;NA;ND;NA;NA;NA;
12;13;0.4;0.49;0.79;NA;1.01;0.8;0.62;NA;ND;NA;NA;NA;
12;14;0.39;0.59;0.71;NA;1.21;0.84;0.83;NA;ND;NA;NA;NA;
12;15;0.4;0.48;0.84;NA;1.27;0.81;0.8;NA;ND;NA;NA;NA;
12;16;0.4;0.43;1.17;NA;0.94;0.95;0.74;NA;ND;NA;NA;NA;
12;17;0.41;0.44;1.24;NA;1.04;1.19;0.74;NA;ND;NA;NA;NA;
12;18;0.47;0.55;1.68;NA;0.96;1.11;0.8;NA;ND;NA;NA;NA;
12;19;0.61;0.48;1.47;NA;1.08;1.02;0.88;NA;ND;NA;NA;NA;
12;20;0.63;0.45;1.28;NA;1.07;0.87;0.89;NA;ND;NA;NA;NA;
12;21;0.53;0.44;1.23;NA;0.98;0.8;0.62;NA;ND;NA;NA;NA;
12;22;0.52;0.37;1.16;NA;0.83;0.69;0.6;NA;ND;NA;NA;NA;
12;23;0.49;0.35;0.87;NA;0.94;0.53;0.43;NA;ND;NA;NA;NA;
13;0;ND;0.28;0.78;NA;0.59;0.47;0.42;NA;ND;NA;NA;NA;
13;1;0.38;0.33;0.83;NA;0.64;0.48;0.46;NA;ND;NA;NA;NA;
13;2;0.42;0.31;0.71;NA;0.64;0.5;0.36;NA;ND;NA;NA;NA;
13;3;0.37;0.27;0.61;NA;0.67;0.53;0.34;NA;ND;NA;NA;NA;
13;4;0.36;0.27;0.57;NA;0.65;0.55;0.39;NA;ND;NA;NA;NA;
13;5;0.32;0.26;0.51;NA;0.71;0.5;0.45;NA;ND;NA;NA;NA;
13;6;0.38;0.29;0.63;NA;0.76;0.49;0.59;NA;ND;NA;NA;NA;
13;7;0.42;0.29;0.8;NA;0.99;0.57;0.77;NA;ND;NA;NA;NA;
13;8;0.54;0.46;0.86;NA;1.07;0.57;0.51;NA;ND;NA;NA;NA;
13;9;0.55;0.59;0.81;NA;0.88;0.55;0.38;NA;ND;NA;NA;NA;
13;10;0.45;0.41;0.85;NA;0.8;0.52;0.4;NA;ND;NA;NA;NA;
13;11;0.41;0.39;0.61;NA;1.04;0.73;0.62;NA;ND;NA;NA;NA;
13;12;0.36;0.38;1.12;NA;1;0.72;0.65;NA;ND;NA;NA;NA;
13;13;0.37;0.43;0.83;NA;1.16;0.6;0.56;NA;ND;NA;NA;NA;
13;14;0.34;0.44;0.72;NA;1.02;0.71;0.54;NA;ND;NA;NA;NA;
13;15;0.39;0.38;0.75;NA;0.83;1.04;0.59;NA;ND;NA;NA;NA;
13;16;0.41;0.39;1.02;NA;0.96;0.84;0.65;NA;ND;NA;NA;NA;
13;17;0.43;0.44;0.88;NA;1.45;0.67;0.74;NA;ND;NA;NA;NA;
13;18;0.59;0.44;1;NA;1.07;0.64;0.58;NA;ND;NA;NA;NA;
13;19;0.68;0.44;1.1;NA;1.25;0.65;0.58;NA;ND;NA;NA;NA;
13;20;0.6;0.4;0.96;NA;1.64;0.63;0.49;NA;ND;NA;NA;NA;
13;21;0.55;0.34;0.78;NA;1.43;0.58;0.39;NA;ND;NA;NA;NA;
13;22;0.37;0.26;0.66;NA;0.81;0.49;0.35;NA;ND;NA;NA;NA;
13;23;0.34;0.23;0.48;NA;0.74;0.39;0.31;NA;ND;NA;NA;NA;
14;0;0.31;ND;ND;NA;ND;ND;ND;NA;ND;NA;NA;NA;
14;1;0.28;0.19;0.38;NA;0.55;0.35;0.27;NA;ND;NA;NA;NA;
14;2;0.26;0.2;0.37;NA;0.47;0.32;0.27;NA;ND;NA;NA;NA;
14;3;0.26;0.19;0.39;NA;0.46;0.33;0.3;NA;ND;NA;NA;NA;
14;4;0.27;0.19;0.39;NA;0.49;0.34;0.38;NA;ND;NA;NA;NA;
14;5;0.37;0.24;0.45;NA;0.68;0.48;0.52;NA;ND;NA;NA;NA;
14;6;0.63;0.43;0.94;NA;1.28;0.98;0.72;NA;ND;NA;NA;NA;
14;7;0.7;1.01;1.26;NA;1.18;1.03;0.65;NA;ND;NA;NA;NA;
14;8;1.2;0.87;1.36;NA;1.44;1.26;0.5;NA;ND;NA;NA;NA;
14;9;0.86;0.48;1.1;NA;1.26;0.92;0.43;NA;ND;NA;NA;NA;
14;10;0.86;0.5;1.36;NA;0.92;0.78;0.55;NA;ND;NA;NA;NA;
14;11;0.5;0.44;1.08;NA;ND;0.83;0.44;NA;ND;NA;NA;NA;
14;12;0.36;0.48;0.85;NA;ND;ND;0.58;NA;ND;NA;NA;NA;
14;13;0.35;0.46;ND;NA;0.92;ND;0.55;NA;ND;NA;NA;NA;
14;14;0.38;0.45;ND;NA;0.83;0.79;0.53;NA;ND;NA;NA;NA;
14;15;0.35;0.44;0.69;NA;0.78;0.76;0.62;NA;ND;NA;NA;NA;
14;16;0.36;0.42;0.9;NA;0.71;0.84;0.67;NA;ND;NA;NA;NA;
14;17;0.41;0.43;1.29;NA;0.52;1.08;0.74;NA;ND;NA;NA;NA;
14;18;0.43;0.49;1.48;NA;0.71;1.07;0.56;NA;ND;NA;NA;NA;
14;19;0.87;0.84;1.29;NA;0.83;1.22;0.46;NA;ND;NA;NA;NA;
14;20;0.62;0.59;1.09;NA;0.84;1.07;0.47;NA;ND;NA;NA;NA;
14;21;0.78;0.51;0.89;NA;1.17;0.7;0.45;NA;ND;NA;NA;NA;
14;22;0.48;ND;0.85;NA;0.71;0.73;0.66;NA;ND;NA;NA;NA;
14;23;0.45;ND;0.55;NA;0.28;0.49;0.37;NA;ND;NA;NA;NA;
15;0;ND;0.26;0.46;NA;0.31;0.41;0.34;NA;ND;NA;NA;NA;
15;1;0.29;0.24;0.41;NA;0.3;0.4;0.4;NA;ND;NA;NA;NA;
15;2;0.29;0.24;0.37;NA;0.23;0.37;0.3;NA;ND;NA;NA;NA;
15;3;0.29;0.21;0.43;NA;0.27;0.39;0.3;NA;ND;NA;NA;NA;
15;4;0.33;0.3;0.41;NA;0.23;0.38;0.38;NA;ND;NA;NA;NA;
15;5;0.42;0.3;0.55;NA;0.46;0.51;0.53;NA;ND;NA;NA;NA;
15;6;0.98;0.68;1.11;NA;1.5;1.58;0.63;NA;ND;NA;NA;NA;
15;7;3.17;1.47;2.02;NA;1.68;2.27;0.97;NA;ND;NA;NA;NA;
15;8;2.17;0.89;2.34;NA;1.59;1.84;0.83;NA;ND;NA;NA;NA;
15;9;1.18;0.84;2.36;NA;1.33;1.89;0.64;NA;ND;NA;NA;NA;
15;10;1.01;0.6;1.95;NA;1.39;1.83;0.42;NA;ND;NA;NA;NA;
15;11;ND;0.73;1.92;NA;1.51;1.76;0.42;NA;ND;NA;NA;NA;
15;12;0.68;0.7;1.74;NA;0.68;1.29;0.54;NA;ND;NA;NA;NA;
15;13;0.42;0.43;1.21;NA;1;1.14;0.57;NA;ND;NA;NA;NA;
15;14;0.42;0.35;0.98;NA;0.78;0.83;0.71;NA;ND;NA;NA;NA;
15;15;0.39;0.36;0.98;NA;0.78;0.64;0.7;NA;ND;NA;NA;NA;
15;16;0.4;0.37;1.07;NA;0.84;0.98;0.77;NA;ND;NA;NA;NA;
15;17;0.45;0.41;1.61;NA;0.68;1.43;0.87;NA;ND;NA;NA;NA;
15;18;0.48;0.55;1.66;NA;0.94;1.23;0.74;NA;ND;NA;NA;NA;
15;19;0.64;0.6;1.46;NA;1.25;0.82;0.83;NA;ND;NA;NA;NA;
15;20;0.68;0.49;1.17;NA;1.23;0.79;0.77;NA;ND;NA;NA;NA;
15;21;0.68;0.41;1.28;NA;1.09;0.78;1.06;NA;ND;NA;NA;NA;
15;22;0.46;0.38;0.76;NA;0.74;0.6;0.59;NA;ND;NA;NA;NA;
15;23;0.51;0.35;0.64;NA;0.52;0.53;0.43;NA;ND;NA;NA;NA;
16;0;0.41;ND;ND;NA;ND;ND;ND;NA;ND;NA;NA;NA;
16;1;0.37;0.32;0.46;NA;0.24;0.4;0.32;NA;ND;NA;NA;NA;
16;2;0.34;0.27;0.44;NA;0.19;0.35;0.31;NA;ND;NA;NA;NA;
16;3;0.32;0.24;0.42;NA;0.19;0.37;0.31;NA;ND;NA;NA;NA;
16;4;0.32;0.27;0.44;NA;0.27;0.39;0.36;NA;ND;NA;NA;NA;
16;5;0.43;0.37;0.48;NA;0.5;0.53;0.42;NA;ND;NA;NA;NA;
16;6;0.86;0.68;0.81;NA;1.67;0.88;0.65;NA;ND;NA;NA;NA;
16;7;1.08;0.92;1.5;NA;2.08;1.38;0.79;NA;ND;NA;NA;NA;
16;8;0.95;0.51;1.67;NA;1.31;1.18;0.6;NA;ND;NA;NA;NA;
16;9;0.73;0.39;1.42;NA;0.95;1.22;0.5;NA;ND;NA;NA;NA;
16;10;0.69;0.4;1.38;NA;0.92;1.24;0.52;NA;ND;NA;NA;NA;
16;11;0.47;0.38;1.12;NA;0.9;0.92;0.55;NA;ND;NA;NA;NA;
16;12;0.39;0.45;0.8;NA;0.93;0.78;0.71;NA;ND;NA;NA;NA;
16;13;0.37;ND;0.77;NA;0.81;0.78;ND;NA;ND;NA;NA;NA;
16;14;0.37;ND;0.7;NA;0.92;0.77;0.47;NA;ND;NA;NA;NA;
16;15;0.4;0.38;1.1;NA;0.57;0.77;0.5;NA;ND;NA;NA;NA;
16;16;0.41;0.38;1.37;NA;0.52;0.8;0.59;NA;ND;NA;NA;NA;
16;17;0.48;0.37;1.4;NA;0.95;0.84;0.72;NA;ND;NA;NA;NA;
16;18;0.52;0.42;1.42;NA;1.43;1.03;0.83;NA;ND;NA;NA;NA;
16;19;0.77;0.6;1.71;NA;1.09;1.57;0.66;NA;ND;NA;NA;NA;
16;20;0.6;0.59;1.83;NA;0.83;1.38;0.45;NA;ND;NA;NA;NA;
16;21;0.62;0.47;1.03;NA;0.96;0.65;0.54;NA;ND;NA;NA;NA;
16;22;0.61;0.41;0.83;NA;0.8;0.69;0.36;NA;ND;NA;NA;NA;
16;23;0.64;0.38;ND;NA;0.48;0.54;0.45;NA;ND;NA;NA;NA;
17;0;ND;ND;0.78;NA;0.55;0.46;0.53;NA;ND;NA;NA;NA;
17;1;0.65;0.26;0.55;NA;0.48;0.55;0.5;NA;ND;NA;NA;NA;
17;2;0.45;0.26;0.62;NA;0.41;0.51;0.49;NA;ND;NA;NA;NA;
17;3;0.35;0.24;0.64;NA;0.51;0.46;0.31;NA;ND;NA;NA;NA;
17;4;0.42;0.3;0.61;NA;0.52;0.67;0.53;NA;ND;NA;NA;NA;
17;5;0.67;0.4;0.83;NA;0.91;0.8;1.18;NA;ND;NA;NA;NA;
17;6;1.34;0.89;1.42;NA;1.77;1.51;1.65;NA;ND;NA;NA;NA;
17;7;1.92;1.07;1.53;NA;1.65;1.05;1.15;NA;ND;NA;NA;NA;
17;8;0.93;0.9;1.4;NA;1.47;1.12;0.74;NA;ND;NA;NA;NA;
17;9;0.58;0.68;1.39;NA;0.84;0.95;0.58;NA;ND;NA;NA;NA;
17;10;0.87;0.6;1.3;NA;0.62;0.9;0.62;NA;ND;NA;NA;NA;
17;11;0.75;0.51;1.01;NA;1.24;0.94;0.67;NA;ND;NA;NA;NA;
17;12;0.56;0.48;1.14;NA;0.89;1.03;0.66;NA;ND;NA;NA;NA;
17;13;0.48;0.4;1.31;NA;0.84;1.01;0.55;NA;ND;NA;NA;NA;
17;14;0.39;0.44;1.24;NA;1.03;1.04;0.64;NA;ND;NA;NA;NA;
17;15;0.72;0.49;1.93;NA;0.7;1.17;0.85;NA;ND;NA;NA;NA;
17;16;1.05;0.78;2.31;NA;1;1.41;0.97;NA;ND;NA;NA;NA;
17;17;0.9;0.63;1.56;NA;0.92;1.22;0.61;NA;ND;NA;NA;NA;
17;18;0.79;0.9;1.42;NA;1.69;1.46;0.86;NA;ND;NA;NA;NA;
17;19;1.35;1.28;1.67;NA;1.81;2.54;1.32;NA;ND;NA;NA;NA;
17;20;1.26;1.56;2.94;NA;2.81;3.18;1.15;NA;ND;NA;NA;NA;
17;21;0.96;1.17;1.98;NA;3.54;3;1.43;NA;ND;NA;NA;NA;
17;22;1.15;1.28;2.16;NA;2.9;2.48;0.86;NA;ND;NA;NA;NA;
17;23;1.26;1.08;2.28;NA;2.64;3.05;1.29;NA;ND;NA;NA;NA;
18;0;0.9;0.62;ND;NA;ND;ND;ND;NA;ND;NA;NA;NA;
18;1;0.6;0.5;1.06;NA;1.68;1.32;1.03;NA;ND;NA;NA;NA;
18;2;0.64;0.65;1.11;NA;1.03;0.95;0.77;NA;ND;NA;NA;NA;
18;3;0.71;0.6;1.05;NA;0.96;1.1;0.71;NA;ND;NA;NA;NA;
18;4;0.73;0.49;0.95;NA;1.24;0.97;0.87;NA;ND;NA;NA;NA;
18;5;0.93;0.78;1.16;NA;1.45;1.66;1.23;NA;ND;NA;NA;NA;
18;6;1.36;1.44;1.24;NA;2.61;2.2;2.21;NA;ND;NA;NA;NA;
18;7;2.27;1.99;2.13;NA;3.34;3.64;1.45;NA;ND;NA;NA;NA;
18;8;2.28;0.9;3.1;NA;2.21;2.67;0.82;NA;ND;NA;NA;NA;
18;9;1.54;0.73;2.38;NA;1.37;1.44;0.38;NA;ND;NA;NA;NA;
18;10;0.76;0.66;1.31;NA;0.7;0.82;0.46;NA;ND;NA;NA;NA;
18;11;0.42;0.51;1.42;NA;0.95;1.23;0.57;NA;ND;NA;NA;NA;
18;12;0.4;0.41;1.01;NA;1.19;1.03;0.72;NA;ND;NA;NA;NA;
18;13;0.39;0.48;0.78;NA;0.96;0.8;0.79;NA;ND;NA;NA;NA;
18;14;0.38;0.36;0.83;NA;1;0.79;0.63;NA;ND;NA;NA;NA;
18;15;0.44;0.41;1.18;NA;1.1;0.75;0.73;NA;ND;NA;NA;NA;
18;16;0.42;0.42;1.46;NA;0.85;0.79;0.74;NA;ND;NA;NA;NA;
18;17;0.68;0.44;1.43;NA;0.79;1.03;0.96;NA;ND;NA;NA;NA;
18;18;0.55;0.48;1.61;NA;0.74;1.4;1.05;NA;ND;NA;NA;NA;
18;19;0.76;0.52;1.8;NA;0.93;1.47;1.36;NA;ND;NA;NA;NA;
18;20;1.26;0.55;1.85;NA;0.93;1.91;1.58;NA;ND;NA;NA;NA;
18;21;0.62;0.54;1.27;NA;1.04;1.28;0.99;NA;ND;NA;NA;NA;
18;22;0.68;0.6;0.97;NA;1.22;0.76;0.64;NA;ND;NA;NA;NA;
18;23;0.81;0.47;1.07;NA;0.94;1.1;0.6;NA;ND;NA;NA;NA;
19;0;ND;ND;0.75;NA;0.96;0.8;0.48;NA;ND;NA;NA;NA;
19;1;0.55;0.36;0.74;NA;0.73;0.73;0.5;NA;ND;NA;NA;NA;
19;2;0.57;0.31;0.79;NA;0.74;0.53;0.38;NA;ND;NA;NA;NA;
19;3;0.56;0.23;0.79;NA;0.89;0.65;0.37;NA;ND;NA;NA;NA;
19;4;0.58;0.31;0.84;NA;0.57;0.74;0.49;NA;ND;NA;NA;NA;
19;5;0.42;0.33;0.62;NA;0.68;0.62;0.56;NA;ND;NA;NA;NA;
19;6;0.8;0.53;0.74;NA;1.05;0.89;1.01;NA;ND;NA;NA;NA;
19;7;1;0.5;0.98;NA;1.75;1.17;0.93;NA;ND;NA;NA;NA;
19;8;1.29;0.88;1.35;NA;1.62;1.01;0.88;NA;ND;NA;NA;NA;
19;9;0.87;0.6;1.05;NA;0.79;0.71;0.57;NA;ND;NA;NA;NA;
19;10;0.78;0.56;0.83;NA;0.66;0.56;0.44;NA;ND;NA;NA;NA;
19;11;0.85;0.5;0.97;NA;0.69;0.6;0.51;NA;ND;NA;NA;NA;
19;12;0.57;0.52;0.83;NA;1;0.71;0.6;NA;ND;NA;NA;NA;
19;13;0.44;0.47;0.73;NA;1.19;0.85;0.55;NA;ND;NA;NA;NA;
19;14;0.41;0.41;0.8;NA;1.03;0.66;0.57;NA;ND;NA;NA;NA;
19;15;0.37;0.44;0.75;NA;0.95;0.75;0.64;NA;ND;NA;NA;NA;
19;16;0.4;0.45;0.79;NA;1.01;0.69;0.79;NA;ND;NA;NA;NA;
19;17;0.41;0.45;1.12;NA;0.87;0.68;0.68;NA;ND;NA;NA;NA;
19;18;0.5;0.51;1.2;NA;1.07;0.71;0.71;NA;ND;NA;NA;NA;
19;19;0.52;0.51;0.99;NA;1.55;0.73;1.27;NA;ND;NA;NA;NA;
19;20;0.67;0.46;1;NA;1.58;0.7;0.58;NA;ND;NA;NA;NA;
19;21;0.53;0.6;1.03;NA;1.13;0.63;0.53;NA;ND;NA;NA;NA;
19;22;0.53;0.35;0.82;NA;0.84;0.58;0.46;NA;ND;NA;NA;NA;
19;23;0.46;0.27;0.73;NA;0.67;0.47;0.4;NA;ND;NA;NA;NA;
20;0;0.47;0.28;ND;NA;ND;ND;ND;NA;ND;NA;NA;NA;
20;1;0.57;0.26;0.63;NA;0.61;0.47;0.32;NA;ND;NA;NA;NA;
20;2;0.43;0.25;0.66;NA;0.57;0.64;0.34;NA;ND;NA;NA;NA;
20;3;0.37;0.22;0.58;NA;0.45;0.53;0.34;NA;ND;NA;NA;NA;
20;4;0.35;0.23;0.52;NA;0.48;0.39;0.36;NA;ND;NA;NA;NA;
20;5;0.4;0.37;0.57;NA;0.57;0.38;0.38;NA;ND;NA;NA;NA;
20;6;0.65;0.55;0.66;NA;0.58;0.43;0.47;NA;ND;NA;NA;NA;
20;7;0.72;0.64;0.78;NA;0.87;0.6;0.51;NA;ND;NA;NA;NA;
20;8;0.59;0.45;0.76;NA;1.32;0.79;0.44;NA;ND;NA;NA;NA;
20;9;0.52;0.47;0.76;NA;0.75;0.6;0.39;NA;ND;NA;NA;NA;
20;10;0.54;0.46;0.72;NA;0.61;0.51;0.42;NA;ND;NA;NA;NA;
20;11;0.48;0.44;0.8;NA;0.78;0.53;0.53;NA;ND;NA;NA;NA;
20;12;0.4;0.49;0.52;NA;0.9;0.53;0.63;NA;ND;NA;NA;NA;
20;13;0.37;0.44;0.29;NA;0.87;0.6;0.59;NA;ND;NA;NA;NA;
20;14;0.36;0.45;0.29;NA;0.91;0.44;0.68;NA;ND;NA;NA;NA;
20;15;0.34;0.47;0.66;NA;0.78;0.54;0.59;NA;ND;NA;NA;NA;
20;16;0.4;0.48;0.66;NA;0.83;0.58;0.68;NA;ND;NA;NA;NA;
20;17;0.38;0.42;0.71;NA;0.87;0.54;0.68;NA;ND;NA;NA;NA;
20;18;0.54;0.47;0.85;NA;1.02;0.58;0.65;NA;ND;NA;NA;NA;
20;19;0.59;0.44;1.16;NA;1.22;0.59;0.74;NA;ND;NA;NA;NA;
20;20;0.55;0.44;0.8;NA;1.1;0.47;0.54;NA;ND;NA;NA;NA;
20;21;0.56;0.41;0.7;NA;0.79;0.51;0.5;NA;ND;NA;NA;NA;
20;22;0.5;0.34;0.71;NA;0.71;0.65;0.5;NA;ND;NA;NA;NA;
20;23;0.39;0.3;0.5;NA;0.46;0.35;0.39;NA;ND;NA;NA;NA;
21;0;ND;ND;0.49;NA;0.44;0.34;0.37;NA;ND;NA;NA;NA;
21;1;0.36;0.28;0.5;NA;0.43;0.32;0.37;NA;ND;NA;NA;NA;
21;2;0.32;0.26;0.47;NA;0.36;0.33;0.32;NA;ND;NA;NA;NA;
21;3;0.31;0.26;0.45;NA;0.38;0.32;0.35;NA;ND;NA;NA;NA;
21;4;0.31;0.28;0.47;NA;0.46;0.33;0.37;NA;ND;NA;NA;NA;
21;5;0.38;0.31;0.52;NA;0.75;0.5;0.53;NA;ND;NA;NA;NA;
21;6;0.61;0.5;0.8;NA;1.47;0.8;0.79;NA;ND;NA;NA;NA;
21;7;0.97;0.6;1.94;NA;1.72;1.77;0.76;NA;ND;NA;NA;NA;
21;8;0.79;0.43;2.4;NA;1.08;1.36;0.57;NA;ND;NA;NA;NA;
21;9;0.67;0.43;ND;NA;0.81;0.91;0.49;NA;ND;NA;NA;NA;
21;10;0.53;0.57;ND;NA;1.01;0.85;0.59;NA;ND;NA;NA;NA;
21;11;0.49;0.5;1.07;NA;0.95;1.07;0.46;NA;ND;NA;NA;NA;
21;12;0.44;0.48;0.9;NA;1.07;1.2;0.58;NA;ND;NA;NA;NA;
21;13;0.39;0.59;0.97;NA;0.93;0.78;ND;NA;ND;NA;NA;NA;
21;14;0.38;0.45;1.12;NA;0.78;0.87;ND;NA;ND;NA;NA;NA;
21;15;0.4;0.48;1.29;NA;1.01;0.96;0.57;NA;ND;NA;NA;NA;
21;16;0.38;0.49;1;NA;0.84;1.58;0.67;NA;ND;NA;NA;NA;
21;17;0.47;0.45;1.55;NA;0.78;1.05;0.79;NA;ND;NA;NA;NA;
21;18;0.63;0.48;1.62;NA;1.29;1.04;0.64;NA;ND;NA;NA;NA;
21;19;0.65;0.51;1;NA;0.92;1.15;0.54;NA;ND;NA;NA;NA;
21;20;1.02;0.54;1.02;NA;1.04;0.93;0.56;NA;ND;NA;NA;NA;
21;21;1.27;0.76;1.27;NA;1.13;0.74;0.64;NA;ND;NA;NA;NA;
21;22;1.11;0.62;1.08;NA;0.72;0.79;0.47;NA;ND;NA;NA;NA;
21;23;1.16;1.09;0.82;NA;0.68;0.74;0.62;NA;ND;NA;NA;NA;
22;0;0.81;0.84;ND;NA;ND;ND;ND;NA;ND;NA;NA;NA;
22;1;0.51;0.63;0.53;NA;0.72;0.64;0.37;NA;ND;NA;NA;NA;
22;2;0.38;0.64;0.55;NA;0.62;1.23;0.4;NA;ND;NA;NA;NA;
22;3;0.41;0.61;0.57;NA;0.72;0.62;0.45;NA;ND;NA;NA;NA;
22;4;0.42;0.66;0.49;NA;0.86;0.79;0.44;NA;ND;NA;NA;NA;
22;5;0.72;0.69;0.61;NA;1.51;1.42;0.39;NA;ND;NA;NA;NA;
22;6;1.55;1.3;1.79;NA;2.47;2.72;1.46;NA;ND;NA;NA;NA;
22;7;2.97;1.46;3.57;NA;3.38;4.1;1.02;NA;ND;NA;NA;NA;
22;8;1.68;1.11;2.96;NA;2.13;2.22;0.56;NA;ND;NA;NA;NA;
22;9;1.3;0.78;1.64;NA;1;0.83;0.43;NA;ND;NA;NA;NA;
22;10;0.83;0.71;1.23;NA;0.81;0.88;0.4;NA;ND;NA;NA;NA;
22;11;0.6;0.6;0.75;NA;0.84;0.71;0.54;NA;ND;NA;NA;NA;
22;12;0.5;0.54;0.79;NA;0.78;0.6;0.49;NA;ND;NA;NA;NA;
22;13;0.45;0.59;0.65;NA;0.88;0.65;0.57;NA;ND;NA;NA;NA;
22;14;0.41;0.56;0.73;NA;1.02;0.76;0.56;NA;ND;NA;NA;NA;
22;15;0.43;0.56;1.28;NA;0.81;0.92;0.65;NA;ND;NA;NA;NA;
22;16;0.49;0.61;1.38;NA;0.96;1.03;0.68;NA;ND;NA;NA;NA;
22;17;0.53;0.7;1.31;NA;0.99;1.53;0.7;NA;ND;NA;NA;NA;
22;18;0.55;0.53;2.01;NA;1.13;1.56;0.86;NA;ND;NA;NA;NA;
22;19;0.63;0.65;1.77;NA;1.67;1.18;1.07;NA;ND;NA;NA;NA;
22;20;0.69;0.49;1.27;NA;1.39;1.45;0.79;NA;ND;NA;NA;NA;
22;21;0.62;0.4;0.83;NA;0.7;0.54;0.68;NA;ND;NA;NA;NA;
22;22;0.56;0.37;0.68;NA;0.66;0.48;0.66;NA;ND;NA;NA;NA;
22;23;0.58;0.38;0.5;NA;0.61;0.46;0.61;NA;ND;NA;NA;NA;
23;0;ND;ND;0.62;NA;0.62;0.48;0.53;NA;ND;NA;NA;NA;
23;1;0.45;0.29;0.53;NA;0.61;0.54;0.47;NA;ND;NA;NA;NA;
23;2;0.38;0.28;0.42;NA;0.55;0.38;0.45;NA;ND;NA;NA;NA;
23;3;0.39;0.31;0.42;NA;0.51;0.37;0.44;NA;ND;NA;NA;NA;
23;4;0.44;0.32;0.43;NA;0.59;0.42;0.49;NA;ND;NA;NA;NA;
23;5;0.52;0.41;0.5;NA;0.88;0.56;0.8;NA;ND;NA;NA;NA;
23;6;0.96;0.43;1.07;NA;1.55;1.63;1.02;NA;ND;NA;NA;NA;
23;7;1.01;0.59;1.86;NA;2.38;1.74;1.29;NA;ND;NA;NA;NA;
23;8;0.83;0.9;1.88;NA;1.5;1.39;0.98;NA;ND;NA;NA;NA;
23;9;1.04;0.81;1.69;NA;1.51;1.13;0.54;NA;ND;NA;NA;NA;
23;10;0.86;0.69;1.73;NA;1.07;1.03;0.5;NA;ND;NA;NA;NA;
23;11;0.54;0.55;1.28;NA;1.21;1.18;0.52;NA;ND;NA;NA;NA;
23;12;0.46;0.54;0.91;NA;1.34;0.88;0.74;NA;ND;NA;NA;NA;
23;13;0.43;0.51;0.86;NA;1.22;0.72;0.74;NA;ND;NA;NA;NA;
23;14;0.44;0.48;0.85;NA;0.97;0.7;0.65;NA;ND;NA;NA;NA;
23;15;0.45;0.55;1.25;NA;0.96;0.67;0.69;NA;ND;NA;NA;NA;
23;16;0.44;0.58;1.47;NA;0.96;0.89;0.68;NA;ND;NA;NA;NA;
23;17;0.53;0.45;1.36;NA;0.85;0.94;0.57;NA;ND;NA;NA;NA;
23;18;0.62;0.56;1.39;NA;0.85;1.12;0.77;NA;ND;NA;NA;NA;
23;19;0.65;0.68;1.22;NA;0.99;1.23;0.99;NA;ND;NA;NA;NA;
23;20;0.73;0.57;1.15;NA;1.14;0.86;0.93;NA;ND;NA;NA;NA;
23;21;0.56;0.49;0.88;NA;1.52;0.66;0.74;NA;ND;NA;NA;NA;
23;22;0.52;0.4;0.7;NA;1.21;0.56;0.67;NA;ND;NA;NA;NA;
23;23;0.44;0.34;0.57;NA;0.77;0.55;0.66;NA;ND;NA;NA;NA;
24;0;0.45;0.36;ND;NA;ND;ND;ND;NA;ND;NA;NA;NA;
24;1;0.4;0.29;0.55;NA;0.58;0.44;0.46;NA;ND;NA;NA;NA;
24;2;0.4;0.28;0.46;NA;0.53;0.36;0.41;NA;ND;NA;NA;NA;
24;3;0.39;0.29;0.4;NA;0.53;0.35;0.37;NA;ND;NA;NA;NA;
24;4;0.39;0.31;0.4;NA;0.57;0.32;0.42;NA;ND;NA;NA;NA;
24;5;0.42;0.35;0.44;NA;0.81;0.37;0.49;NA;ND;NA;NA;NA;
24;6;0.77;0.64;0.87;NA;1.75;0.68;0.63;NA;ND;NA;NA;NA;
24;7;0.86;0.64;1.16;NA;2.43;1.03;0.64;NA;ND;NA;NA;NA;
24;8;0.89;0.58;1.26;NA;1.78;1.07;0.45;NA;ND;NA;NA;NA;
24;9;0.81;0.59;1.39;NA;1.06;0.94;0.47;NA;ND;NA;NA;NA;
24;10;0.63;0.47;0.98;NA;ND;0.77;0.54;NA;ND;NA;NA;NA;
24;11;0.48;0.45;0.84;NA;ND;0.76;0.74;NA;ND;NA;NA;NA;
24;12;0.45;0.48;0.88;NA;0.77;0.79;0.66;NA;ND;NA;NA;NA;
24;13;0.4;0.54;0.98;NA;0.68;0.92;0.56;NA;ND;NA;NA;NA;
24;14;0.43;0.5;0.63;NA;0.65;1.06;0.63;NA;ND;NA;NA;NA;
24;15;0.43;0.47;1.07;NA;0.51;0.8;0.65;NA;ND;NA;NA;NA;
24;16;0.41;0.48;1.03;NA;0.31;0.73;0.49;NA;ND;NA;NA;NA;
24;17;0.47;0.49;1.21;NA;0.29;0.81;0.67;NA;ND;NA;NA;NA;
24;18;0.48;0.52;1.31;NA;0.39;0.92;0.79;NA;ND;NA;NA;NA;
24;19;0.5;0.53;1.32;NA;0.37;1.17;0.8;NA;ND;NA;NA;NA;
24;20;0.54;0.54;1.29;NA;0.41;0.97;0.62;NA;ND;NA;NA;NA;
24;21;0.52;0.49;0.88;NA;0.35;0.62;0.59;NA;ND;NA;NA;NA;
24;22;0.44;0.37;0.78;NA;0.46;0.53;0.51;NA;ND;NA;NA;NA;
24;23;0.55;0.33;0.69;NA;0.15;0.7;0.41;NA;ND;NA;NA;NA;
25;0;ND;ND;0.49;NA;0.14;0.4;0.39;NA;ND;NA;NA;NA;
25;1;0.36;0.25;0.41;NA;0.09;0.33;0.37;NA;ND;NA;NA;NA;
25;2;0.36;0.24;0.4;NA;0.06;0.39;0.33;NA;ND;NA;NA;NA;
25;3;0.39;0.23;0.37;NA;0.07;0.26;0.32;NA;ND;NA;NA;NA;
25;4;0.37;0.28;0.39;NA;0.1;0.28;0.33;NA;ND;NA;NA;NA;
25;5;0.48;0.43;0.42;NA;0.29;0.33;0.49;NA;ND;NA;NA;NA;
25;6;0.88;1.13;0.94;NA;0.98;1.18;0.87;NA;ND;NA;NA;NA;
25;7;1.67;2.05;2.06;NA;1.33;1.56;0.95;NA;ND;NA;NA;NA;
25;8;1.8;1.27;2.34;NA;1.52;1.76;0.52;NA;ND;NA;NA;NA;
25;9;1.33;1.16;1.14;NA;1;0.74;0.41;NA;ND;NA;NA;NA;
25;10;1.17;0.73;1.39;NA;0.57;0.81;0.36;NA;ND;NA;NA;NA;
25;11;0.93;0.63;1.57;NA;0.5;0.96;0.44;NA;ND;NA;NA;NA;
25;12;0.51;0.51;1.2;NA;0.6;0.96;0.52;NA;ND;NA;NA;NA;
25;13;0.42;0.45;0.8;NA;0.53;0.78;0.62;NA;ND;NA;NA;NA;
25;14;0.39;0.45;0.57;NA;0.58;0.65;0.71;NA;ND;NA;NA;NA;
25;15;0.43;0.5;0.43;NA;0.73;0.76;0.81;NA;ND;NA;NA;NA;
25;16;0.43;0.53;0.68;NA;0.46;0.79;0.62;NA;ND;NA;NA;NA;
25;17;0.46;0.5;0.97;NA;0.47;0.65;0.61;NA;ND;NA;NA;NA;
25;18;0.43;0.53;1.27;NA;0.66;0.84;0.8;NA;ND;NA;NA;NA;
25;19;0.81;0.54;1.23;NA;0.48;0.9;0.86;NA;ND;NA;NA;NA;
25;20;1.08;0.65;1.41;NA;0.56;0.93;1.03;NA;ND;NA;NA;NA;
25;21;1.03;0.83;1.29;NA;0.46;1.04;0.75;NA;ND;NA;NA;NA;
25;22;0.74;0.63;1.34;NA;0.51;1.13;0.65;NA;ND;NA;NA;NA;
25;23;0.97;0.69;0.83;NA;0.52;0.69;0.62;NA;ND;NA;NA;NA;
26;0;0.88;0.79;ND;NA;ND;ND;ND;NA;ND;NA;NA;NA;
26;1;0.65;0.54;0.84;NA;0.38;0.47;0.52;NA;ND;NA;NA;NA;
26;2;0.93;0.4;0.78;NA;0.51;0.5;0.67;NA;ND;NA;NA;NA;
26;3;0.9;0.47;0.58;NA;0.7;0.39;0.74;NA;ND;NA;NA;NA;
26;4;0.79;0.51;0.73;NA;0.67;0.86;0.65;NA;ND;NA;NA;NA;
26;5;0.9;0.89;0.65;NA;1.03;1.61;0.98;NA;ND;NA;NA;NA;
26;6;1.34;1.5;0.87;NA;2.6;2.43;2.57;NA;ND;NA;NA;NA;
26;7;1.85;1.42;1.26;NA;2.76;2.6;1.58;NA;ND;NA;NA;NA;
26;8;1.67;0.93;2.01;NA;1.58;2.1;0.38;NA;ND;NA;NA;NA;
26;9;1.31;0.9;1.45;NA;0.73;1.08;0.32;NA;ND;NA;NA;NA;
26;10;0.65;0.65;0.87;NA;0.49;0.64;0.37;NA;ND;NA;NA;NA;
26;11;0.47;0.53;0.74;NA;0.42;0.61;0.53;NA;ND;NA;NA;NA;
26;12;0.47;0.53;0.61;NA;0.4;0.56;0.55;NA;ND;NA;NA;NA;
26;13;0.44;0.55;0.58;NA;0.42;0.56;0.51;NA;ND;NA;NA;NA;
26;14;0.43;0.52;0.41;NA;0.57;0.44;0.64;NA;ND;NA;NA;NA;
26;15;0.41;0.52;0.55;NA;0.55;0.48;0.67;NA;ND;NA;NA;NA;
26;16;0.42;0.58;0.61;NA;0.62;0.6;0.71;NA;ND;NA;NA;NA;
26;17;0.46;0.55;0.91;NA;0.72;0.59;0.74;NA;ND;NA;NA;NA;
26;18;0.5;0.58;0.97;NA;0.83;0.71;0.93;NA;ND;NA;NA;NA;
26;19;0.63;0.67;1.01;NA;0.88;0.92;0.84;NA;ND;NA;NA;NA;
26;20;0.72;0.78;0.9;NA;0.85;0.8;0.73;NA;ND;NA;NA;NA;
26;21;0.75;0.87;0.95;NA;0.55;0.92;0.51;NA;ND;NA;NA;NA;
26;22;0.85;0.77;0.75;NA;ND;0.73;0.52;NA;ND;NA;NA;NA;
26;23;1.12;0.78;0.84;NA;ND;0.84;0.41;NA;ND;NA;NA;NA;
27;0;ND;ND;0.7;NA;0.48;0.62;0.46;NA;ND;NA;NA;NA;
27;1;ND;ND;0.65;NA;0.5;0.81;0.55;NA;ND;NA;NA;NA;
27;2;0.88;0.49;0.78;NA;0.55;0.83;0.73;NA;ND;NA;NA;NA;
27;3;ND;ND;0.68;NA;0.3;0.69;0.58;NA;ND;NA;NA;NA;
27;4;0.75;0.53;0.74;NA;0.38;0.55;0.78;NA;ND;NA;NA;NA;
27;5;ND;ND;0.72;NA;0.73;0.88;0.77;NA;ND;NA;NA;NA;
27;6;0.95;0.66;0.86;NA;1.12;1.39;0.79;NA;ND;NA;NA;NA;
27;7;ND;ND;1.3;NA;1.32;1.67;0.73;NA;ND;NA;NA;NA;
27;8;1.16;ND;1.13;NA;0.89;1.27;0.71;NA;ND;NA;NA;NA;
27;9;ND;ND;0.84;NA;0.58;0.67;0.45;NA;ND;NA;NA;NA;
27;10;0.45;0.54;0.75;NA;0.37;0.54;0.43;NA;ND;NA;NA;NA;
27;11;0.42;0.61;0.64;NA;0.32;0.51;0.44;NA;ND;NA;NA;NA;
27;12;0.48;0.58;0.64;NA;0.39;0.47;0.5;NA;ND;NA;NA;NA;
27;13;0.46;0.57;0.47;NA;0.61;0.54;0.7;NA;ND;NA;NA;NA;
27;14;0.4;0.58;0.47;NA;0.52;0.54;0.62;NA;ND;NA;NA;NA;
27;15;0.4;0.55;0.52;NA;0.52;0.54;0.81;NA;ND;NA;NA;NA;
27;16;0.44;0.51;0.73;NA;0.44;0.57;0.79;NA;ND;NA;NA;NA;
27;17;0.51;0.51;0.79;NA;0.46;0.6;0.6;NA;ND;NA;NA;NA;
27;18;0.65;0.56;0.74;NA;0.6;0.56;0.73;NA;ND;NA;NA;NA;
27;19;0.61;0.55;0.82;NA;0.61;0.7;0.69;NA;ND;NA;NA;NA;
27;20;0.46;0.47;0.62;NA;0.52;0.53;0.69;NA;ND;NA;NA;NA;
27;21;0.48;0.49;0.65;NA;0.21;0.49;0.54;NA;ND;NA;NA;NA;
27;22;0.46;0.39;0.5;NA;0.16;0.38;0.38;NA;ND;NA;NA;NA;
27;23;0.45;0.34;0.42;NA;0.08;0.29;0.32;NA;ND;NA;NA;NA;
28;0;ND;ND;ND;NA;ND;ND;ND;NA;ND;NA;NA;NA;
28;1;0.35;0.29;0.45;NA;0.06;0.31;0.34;NA;ND;NA;NA;NA;
28;2;0.34;0.27;0.43;NA;0.05;0.32;0.33;NA;ND;NA;NA;NA;
28;3;0.37;0.33;0.46;NA;0.11;0.34;0.31;NA;ND;NA;NA;NA;
28;4;0.44;0.46;0.53;NA;0.13;0.39;0.48;NA;ND;NA;NA;NA;
28;5;0.71;0.45;0.56;NA;0.52;0.55;1.33;NA;ND;NA;NA;NA;
28;6;1.55;0.9;0.7;NA;2.51;1.79;2.2;NA;ND;NA;NA;NA;
28;7;1.8;1.35;2.29;NA;1.74;2.5;0.68;NA;ND;NA;NA;NA;
28;8;1.68;0.88;1.72;NA;0.81;1.27;0.35;NA;ND;NA;NA;NA;
28;9;1.09;0.84;1.65;NA;0.49;1.14;0.41;NA;ND;NA;NA;NA;
28;10;0.59;0.7;1.3;NA;0.67;1.18;0.48;NA;ND;NA;NA;NA;
28;11;0.44;ND;0.82;NA;0.67;0.93;ND;NA;ND;NA;NA;NA;
28;12;0.44;ND;0.73;NA;0.47;0.68;ND;NA;ND;NA;NA;NA;
28;13;0.42;0.91;0.71;NA;0.59;0.78;ND;NA;ND;NA;NA;NA;
28;14;0.43;ND;0.65;NA;0.57;0.79;ND;NA;ND;NA;NA;NA;
28;15;0.46;ND;0.86;NA;0.53;0.64;ND;NA;ND;NA;NA;NA;
28;16;0.44;ND;1.01;NA;0.38;0.66;0.67;NA;ND;NA;NA;NA;
28;17;0.46;0.08;1.25;NA;0.36;0.74;0.62;NA;ND;NA;NA;NA;
28;18;0.66;ND;1.32;NA;0.43;0.75;0.65;NA;ND;NA;NA;NA;
28;19;0.53;ND;1.27;NA;0.51;0.96;0.63;NA;ND;NA;NA;NA;
28;20;0.48;0.27;1.1;NA;0.47;0.82;0.56;NA;ND;NA;NA;NA;
28;21;0.4;0.18;1.05;NA;0.21;0.81;0.59;NA;ND;NA;NA;NA;
28;22;0.45;0.1;0.67;NA;0.14;0.47;0.47;NA;ND;NA;NA;NA;
28;23;0.46;0.02;0.52;NA;0.07;0.36;0.4;NA;ND;NA;NA;NA;
