DIA;HORA;Cotocollao;Carapungo;Belisario;Jipijapa;El Camal;Centro;Guamaní;Tumbaco;Los Chillos;El Condado;Turubamba;Chillogallo;
1;0;12.55;2.23;22.81;NA;6.57;24.24;NA;NA;ND;NA;NA;NA;
1;1;11.1;6.51;11.29;NA;8.64;24.76;NA;NA;ND;NA;NA;NA;
1;2;6.61;6.43;15.77;NA;4.18;12.7;NA;NA;ND;NA;NA;NA;
1;3;10.41;15.38;7.61;NA;5.42;6.23;NA;NA;ND;NA;NA;NA;
1;4;8.96;2.22;12.09;NA;9.01;13.64;NA;NA;ND;NA;NA;NA;
1;5;4.62;7.74;16.97;NA;10.86;14.63;NA;NA;ND;NA;NA;NA;
1;6;10.66;17.82;14.2;NA;27.7;20.48;NA;NA;ND;NA;NA;NA;
1;7;12.04;21.23;22.8;NA;19.16;28.62;NA;NA;ND;NA;NA;NA;
1;8;8.96;18.67;20.31;NA;26.94;26.17;NA;NA;ND;NA;NA;NA;
1;9;26.47;16.42;19.68;NA;10.79;21.35;NA;NA;ND;NA;NA;NA;
1;10;23.62;22.32;15.45;NA;10.53;8.58;NA;NA;ND;NA;NA;NA;
1;11;14.63;19.31;22.01;NA;19.27;27.09;NA;NA;ND;NA;NA;NA;
1;12;3.36;0.68;7.49;NA;23.53;17.4;NA;NA;ND;NA;NA;NA;
1;13;12.8;12.04;14.58;NA;13.98;24.35;NA;NA;ND;NA;NA;NA;
1;14;10.06;17.04;17.28;NA;3.95;10.81;NA;NA;ND;NA;NA;NA;
1;15;3.47;22.62;4.71;NA;11.22;1.19;NA;NA;ND;NA;NA;NA;
1;16;4.16;11.08;23.11;NA;16.75;29.62;NA;NA;ND;NA;NA;NA;
1;17;12.15;16.01;ND;NA;15.18;5.12;NA;NA;ND;NA;NA;NA;
1;18;12.05;19.35;ND;NA;14.62;17.56;NA;NA;ND;NA;NA;NA;
1;19;13.17;19.61;10.42;NA;33.67;30.03;NA;NA;ND;NA;NA;NA;
1;20;8.44;12.32;17.83;NA;38.77;29.59;NA;NA;ND;NA;NA;NA;
1;21;16.66;5.47;16;NA;44.32;26;NA;NA;ND;NA;NA;NA;
1;22;19.5;6.64;24.37;NA;25.17;19.43;NA;NA;ND;NA;NA;NA;
1;23;7.65;9.61;11.18;NA;37.56;12.97;NA;NA;ND;NA;NA;NA;
2;0;9.62;0;13.84;NA;37.89;24.34;NA;NA;ND;NA;NA;NA;
2;1;3.99;6.48;9.61;NA;20.59;10.88;NA;NA;ND;NA;NA;NA;
2;2;8.16;3.01;4;NA;8.92;7.08;NA;NA;ND;NA;NA;NA;
2;3;5.58;10.21;8.73;NA;19.48;9.63;NA;NA;ND;NA;NA;NA;
2;4;7.24;4.99;12.83;NA;8.83;17.42;NA;NA;ND;NA;NA;NA;
2;5;3.53;2.52;11.74;NA;13.53;6.12;NA;NA;ND;NA;NA;NA;
2;6;13.64;8.21;14.84;NA;35.81;16.68;NA;NA;ND;NA;NA;NA;
2;7;17.79;23.72;24.94;NA;45.99;44.57;NA;NA;ND;NA;NA;NA;
2;8;14.85;5.52;26.94;NA;31.94;56.04;NA;NA;ND;NA;NA;NA;
2;9;15.39;12.56;30;NA;28.92;34.16;NA;NA;ND;NA;NA;NA;
2;10;29.53;16.85;28.99;NA;23.88;24.07;NA;NA;ND;NA;NA;NA;
2;11;32.38;13.24;25.34;NA;21.72;27.47;NA;NA;ND;NA;NA;NA;
2;12;12.52;15.13;33.52;NA;24.19;21.02;NA;NA;ND;NA;NA;NA;
2;13;11.43;7.94;19.96;NA;13.65;26.57;NA;NA;ND;NA;NA;NA;
2;14;10.52;13.97;11.12;NA;15.45;15.44;NA;NA;ND;NA;NA;NA;
2;15;13.84;4.42;18.59;NA;18.69;11.76;NA;NA;ND;NA;NA;NA;
2;16;5.15;19.66;20.51;NA;22.55;16.53;NA;NA;ND;NA;NA;NA;
2;17;10.72;22.04;15.37;NA;13.81;20.6;NA;NA;ND;NA;NA;NA;
2;18;7.05;12.01;10.8;NA;28.08;22.63;NA;NA;ND;NA;NA;NA;
2;19;17.24;18.86;24.53;NA;38.81;24.1;NA;NA;ND;NA;NA;NA;
2;20;16.26;15.92;26.61;NA;22.79;20.44;NA;NA;ND;NA;NA;NA;
2;21;18.42;20.69;16.93;NA;21.04;37.74;NA;NA;ND;NA;NA;NA;
2;22;18.65;18.01;17.93;NA;39.33;19.1;NA;NA;ND;NA;NA;NA;
2;23;10;5.72;19.11;NA;28.54;24.7;NA;NA;ND;NA;NA;NA;
3;0;25.15;13.58;31.84;NA;39.22;17.28;NA;NA;ND;NA;NA;NA;
3;1;8.57;5.06;27.13;NA;27.23;28.01;NA;NA;ND;NA;NA;NA;
3;2;15.83;19.49;17.11;NA;25.18;16.49;NA;NA;ND;NA;NA;NA;
3;3;12.55;19.78;14.28;NA;6.37;11.31;NA;NA;ND;NA;NA;NA;
3;4;13.72;12.47;8.58;NA;10.12;4.87;NA;NA;ND;NA;NA;NA;
3;5;17.07;13.51;7.7;NA;17.41;7.23;NA;NA;ND;NA;NA;NA;
3;6;16.36;44.45;15.74;NA;31.07;12.12;NA;NA;ND;NA;NA;NA;
3;7;16.39;42.83;6.89;NA;12.47;12.31;NA;NA;ND;NA;NA;NA;
3;8;22.8;9.99;2.72;NA;13.99;5.13;NA;NA;ND;NA;NA;NA;
3;9;10.09;26.51;6.4;NA;8.26;10.73;NA;NA;ND;NA;NA;NA;
3;10;5.3;10.84;5.66;NA;0.61;2.54;NA;NA;ND;NA;NA;NA;
3;11;7.61;6.85;1.31;NA;5.69;3.4;NA;NA;ND;NA;NA;NA;
3;12;5.26;0.24;9.39;NA;7.31;8.58;NA;NA;ND;NA;NA;NA;
3;13;4.9;1.91;0.64;NA;0.34;8.14;NA;NA;ND;NA;NA;NA;
3;14;4.52;8.15;6.81;NA;4.36;3.91;NA;NA;ND;NA;NA;NA;
3;15;8.27;3.48;10.21;NA;17.52;8;NA;NA;ND;NA;NA;NA;
3;16;4.1;18.72;6.86;NA;16.48;2.39;NA;NA;ND;NA;NA;NA;
3;17;5.13;28.09;14.72;NA;6.74;5.66;NA;NA;ND;NA;NA;NA;
3;18;9.03;19.8;7.8;NA;4.81;5.95;NA;NA;ND;NA;NA;NA;
3;19;8.7;17.21;8.35;NA;8.13;11.43;NA;NA;ND;NA;NA;NA;
3;20;14.77;18.26;10.25;NA;6.57;12;NA;NA;ND;NA;NA;NA;
3;21;21.13;11.83;7.3;NA;26.77;13.74;NA;NA;ND;NA;NA;NA;
3;22;16.72;18.8;7.44;NA;24.25;10.64;NA;NA;ND;NA;NA;NA;
3;23;10.9;10.39;14.36;NA;38.63;7.98;NA;NA;ND;NA;NA;NA;
4;0;0.7;20.64;10.84;NA;26.45;6.85;NA;NA;ND;NA;NA;NA;
4;1;4.6;23.21;16.52;NA;30.8;17.14;NA;NA;ND;NA;NA;NA;
4;2;16.76;31.55;13.03;NA;13.28;10.76;NA;NA;ND;NA;NA;NA;
4;3;9.72;24.16;6.94;NA;23.87;16.08;NA;NA;ND;NA;NA;NA;
4;4;13.29;11.67;12.12;NA;19.4;12.98;NA;NA;ND;NA;NA;NA;
4;5;12.43;19.17;11.95;NA;14.36;18.05;NA;NA;ND;NA;NA;NA;
4;6;27.32;45.88;24.41;NA;43.55;22.53;NA;NA;ND;NA;NA;NA;
4;7;24.89;50.09;31.22;NA;47.11;51.06;NA;NA;ND;NA;NA;NA;
4;8;20.27;33.09;36.17;NA;46.81;34.53;NA;NA;ND;NA;NA;NA;
4;9;35.12;25.19;26.31;NA;23.69;12.51;NA;NA;ND;NA;NA;NA;
4;10;22.98;35.59;8.75;NA;3.79;7.32;NA;NA;ND;NA;NA;NA;
4;11;7.55;30.5;1.21;NA;7.55;2.07;NA;NA;ND;NA;NA;NA;
4;12;11.21;16.49;8;NA;7.84;13.93;NA;NA;ND;NA;NA;NA;
4;13;20.14;19.31;5.21;NA;15.87;8.17;NA;NA;ND;NA;NA;NA;
4;14;14.72;12.16;9.53;NA;20.13;10.08;NA;NA;ND;NA;NA;NA;
4;15;17.06;13.66;12.13;NA;6.94;7.26;NA;NA;ND;NA;NA;NA;
4;16;11.41;11.7;13.88;NA;11.27;7.71;NA;NA;ND;NA;NA;NA;
4;17;14.6;29.23;26.01;NA;21.43;9.66;NA;NA;ND;NA;NA;NA;
4;18;11.22;22.8;14.47;NA;26.52;24.07;NA;NA;ND;NA;NA;NA;
4;19;17.95;24.43;22.33;NA;24.43;31.06;NA;NA;ND;NA;NA;NA;
4;20;20.27;12.86;20.74;NA;26.01;45.85;NA;NA;ND;NA;NA;NA;
4;21;17.26;25.7;23.67;NA;37.53;33.13;NA;NA;ND;NA;NA;NA;
4;22;17.31;16.87;29.2;NA;35.62;41.4;NA;NA;ND;NA;NA;NA;
4;23;26.07;16.93;26.55;NA;27.44;23.18;NA;NA;ND;NA;NA;NA;
5;0;30.29;30.35;23.95;NA;30.89;31.82;NA;NA;ND;NA;NA;NA;
5;1;22.66;25.13;29.47;NA;23.86;34.62;NA;NA;ND;NA;NA;NA;
5;2;19.69;23.65;27.2;NA;37.07;29.53;NA;NA;ND;NA;NA;NA;
5;3;19.02;20.86;28.16;NA;33.46;29.45;NA;NA;ND;NA;NA;NA;
5;4;26.71;26.98;25.17;NA;44.43;27.7;NA;NA;ND;NA;NA;NA;
5;5;24.76;27.21;17.38;NA;41.15;26.77;NA;NA;ND;NA;NA;NA;
5;6;26.42;33.88;9.94;NA;58.6;28.56;NA;NA;ND;NA;NA;NA;
5;7;29.54;35.26;25.97;NA;39.79;33.54;NA;NA;ND;NA;NA;NA;
5;8;30.21;26.78;29.46;NA;36.6;36.68;NA;NA;ND;NA;NA;NA;
5;9;26.72;19.75;15.24;NA;21.93;16.28;NA;NA;ND;NA;NA;NA;
5;10;17.87;18.76;10.32;NA;18.9;4.41;NA;NA;ND;NA;NA;NA;
5;11;8.57;7.29;22.53;NA;12.57;29.67;NA;NA;ND;NA;NA;NA;
5;12;16.12;20.22;12.3;NA;23.91;21.59;NA;NA;ND;NA;NA;NA;
5;13;7.31;7.71;15.58;NA;12.17;24;NA;NA;ND;NA;NA;NA;
5;14;6.56;20.47;8.26;NA;13.98;17.43;NA;NA;ND;NA;NA;NA;
5;15;9.63;18.78;22.29;NA;14.52;14.38;NA;NA;ND;NA;NA;NA;
5;16;16.58;19.63;6.82;NA;7.75;6.53;NA;NA;ND;NA;NA;NA;
5;17;7.87;16.52;21.74;NA;15.09;12.7;NA;NA;ND;NA;NA;NA;
5;18;11.63;10.87;16.88;NA;16.08;17.92;NA;NA;ND;NA;NA;NA;
5;19;6.02;15.72;13.18;NA;6.94;20.18;NA;NA;ND;NA;NA;NA;
5;20;11.6;18;19.33;NA;20.73;19.08;NA;NA;ND;NA;NA;NA;
5;21;4.6;14.12;16.47;NA;21.58;21.87;NA;NA;ND;NA;NA;NA;
5;22;14.69;5.4;10.07;NA;19.57;11.97;NA;NA;ND;NA;NA;NA;
5;23;6.6;10.47;12.7;NA;13.86;12.78;NA;NA;ND;NA;NA;NA;
6;0;26.81;5.29;0.82;NA;17.47;4.82;NA;NA;ND;NA;NA;NA;
6;1;10.3;5.15;15.26;NA;12.83;18.88;NA;NA;ND;NA;NA;NA;
6;2;7.9;8.66;12.87;NA;21.9;18.44;NA;NA;ND;NA;NA;NA;
6;3;9.12;6.51;18.7;NA;13.72;19.35;NA;NA;ND;NA;NA;NA;
6;4;10.42;10.62;13.34;NA;16.27;8.04;NA;NA;ND;NA;NA;NA;
6;5;8.67;11.27;21.75;NA;18.82;15.23;NA;NA;ND;NA;NA;NA;
6;6;17.62;9.4;18.54;NA;12.94;24.02;NA;NA;ND;NA;NA;NA;
6;7;13.1;18.75;18.42;NA;30.98;16.04;NA;NA;ND;NA;NA;NA;
6;8;17.03;8.39;15.79;NA;26.67;20.1;NA;NA;ND;NA;NA;NA;
6;9;21.67;12.87;15.34;NA;31.53;25.14;NA;NA;ND;NA;NA;NA;
6;10;28.49;18.29;16.89;NA;26.41;25.14;NA;NA;ND;NA;NA;NA;
6;11;8.1;11.99;26.68;NA;26.93;19.24;NA;NA;ND;NA;NA;NA;
6;12;14.8;4.03;6.97;NA;13.37;11.68;NA;NA;ND;NA;NA;NA;
6;13;5.83;4.8;12.39;NA;9.75;8.48;NA;NA;ND;NA;NA;NA;
6;14;7.58;6.59;13.53;NA;13.51;21.53;NA;NA;ND;NA;NA;NA;
6;15;10.33;14.45;12.39;NA;3.74;4.21;NA;NA;ND;NA;NA;NA;
6;16;3.29;10.78;6.44;NA;12.42;6.21;NA;NA;ND;NA;NA;NA;
6;17;13.11;20.34;19.22;NA;8.29;15.43;NA;NA;ND;NA;NA;NA;
6;18;8.08;24.52;14.06;NA;5.42;11.53;NA;NA;ND;NA;NA;NA;
6;19;5.3;5.68;14.5;NA;12.35;20.45;NA;NA;ND;NA;NA;NA;
6;20;3.07;14.62;16.39;NA;19.7;14.48;NA;NA;ND;NA;NA;NA;
6;21;7.54;5.17;10.19;NA;23.7;12.33;NA;NA;ND;NA;NA;NA;
6;22;7.98;2.71;7.79;NA;13.3;7.75;NA;NA;ND;NA;NA;NA;
6;23;1.94;5.93;10.65;NA;2.34;12.25;NA;NA;ND;NA;NA;NA;
7;0;2.88;6.11;2.73;NA;18.4;20.32;NA;NA;ND;NA;NA;NA;
7;1;10.44;3.53;12.7;NA;7.38;16.84;NA;NA;ND;NA;NA;NA;
7;2;9.33;14.6;11.88;NA;22.06;9.25;NA;NA;ND;NA;NA;NA;
7;3;4.53;2.02;9.76;NA;13.4;14.72;NA;NA;ND;NA;NA;NA;
7;4;10.31;8.65;7.85;NA;20.61;9.29;NA;NA;ND;NA;NA;NA;
7;5;11.48;12.33;7.86;NA;21.38;13.53;NA;NA;ND;NA;NA;NA;
7;6;15.54;29.77;17.74;NA;59.08;27.91;NA;NA;ND;NA;NA;NA;
7;7;23.66;22.89;20.2;NA;77.62;49.01;NA;NA;ND;NA;NA;NA;
7;8;26.15;17.57;36.32;NA;63.05;26.69;NA;NA;ND;NA;NA;NA;
7;9;21.32;8.77;18.02;NA;11.75;10.79;NA;NA;ND;NA;NA;NA;
7;10;18.06;17.81;7.39;NA;9.37;9.95;NA;NA;ND;NA;NA;NA;
7;11;14.76;13.62;14.65;NA;2.97;4.35;NA;NA;ND;NA;NA;NA;
7;12;12.41;6.63;18.4;NA;15.37;9.24;NA;NA;ND;NA;NA;NA;
7;13;8.22;9.93;12.49;NA;2.73;5.89;NA;NA;ND;NA;NA;NA;
7;14;12.94;28.85;13.92;NA;12.08;15.62;NA;NA;ND;NA;NA;NA;
7;15;0.97;2.96;4.72;NA;8.05;2.95;NA;NA;ND;NA;NA;NA;
7;16;6.96;7.39;21;NA;11.13;12.81;NA;NA;ND;NA;NA;NA;
7;17;22.65;14.94;18.91;NA;18.54;22.11;NA;NA;ND;NA;NA;NA;
7;18;5.29;26.76;21.41;NA;18.47;20.95;NA;NA;ND;NA;NA;NA;
7;19;9.5;16.68;22.43;NA;15.51;24.2;NA;NA;ND;NA;NA;NA;
7;20;11.63;14.6;25.7;NA;20.4;23.61;NA;NA;ND;NA;NA;NA;
7;21;12.21;15.5;16.88;NA;25.56;16.82;NA;NA;ND;NA;NA;NA;
7;22;24.5;10.97;14.98;NA;21.62;23.29;NA;NA;ND;NA;NA;NA;
7;23;25.52;14.28;18.32;NA;9.38;17.43;NA;NA;ND;NA;NA;NA;
8;0;20.88;30.58;22.63;NA;22.14;3.07;NA;NA;ND;NA;NA;NA;
8;1;16.36;23.72;20.4;NA;18.39;17.78;NA;NA;ND;NA;NA;NA;
8;2;20.81;21.5;13.71;NA;8.26;9.7;NA;NA;ND;NA;NA;NA;
8;3;17.49;15.5;14.26;NA;9.93;12.92;NA;NA;ND;NA;NA;NA;
8;4;14.11;18.34;12.65;NA;8.79;13.8;NA;NA;ND;NA;NA;NA;
8;5;27.19;24.58;15.67;NA;17.11;18.25;NA;NA;ND;NA;NA;NA;
8;6;24.34;30.6;16.19;NA;41.78;32.2;NA;NA;ND;NA;NA;NA;
8;7;22.7;24.29;23.53;NA;77.34;22.6;NA;NA;ND;NA;NA;NA;
8;8;27.91;20.84;12.82;NA;27.21;8.72;NA;NA;ND;NA;NA;NA;
8;9;14.39;11.18;12.67;NA;10.99;12.92;NA;NA;ND;NA;NA;NA;
8;10;15.74;12.08;4.22;NA;4.13;17.96;NA;NA;ND;NA;NA;NA;
8;11;8.14;8.78;6.39;NA;14.14;21.33;NA;NA;ND;NA;NA;NA;
8;12;14.54;4.85;8.33;NA;0.71;15.91;NA;NA;ND;NA;NA;NA;
8;13;7.28;25.05;6.7;NA;0.93;2.92;NA;NA;ND;NA;NA;NA;
8;14;14.21;13.97;5.5;NA;7.02;5.81;NA;NA;ND;NA;NA;NA;
8;15;18.3;11.9;11.91;NA;11.01;16.62;NA;NA;ND;NA;NA;NA;
8;16;5.84;14.99;14.94;NA;8.9;1.54;NA;NA;ND;NA;NA;NA;
8;17;16.92;16.75;13.58;NA;19.6;0.88;NA;NA;ND;NA;NA;NA;
8;18;23.24;33.07;17.26;NA;16.53;7.09;NA;NA;ND;NA;NA;NA;
8;19;9.85;20.14;17.45;NA;26;21.42;NA;NA;ND;NA;NA;NA;
8;20;20.89;22.72;20.02;NA;29.24;22.25;NA;NA;ND;NA;NA;NA;
8;21;20.39;21.37;22.43;NA;30.64;26.85;NA;NA;ND;NA;NA;NA;
8;22;11.99;14.29;14.82;NA;24.65;16.34;NA;NA;ND;NA;NA;NA;
8;23;8.79;28.57;15.67;NA;21.02;11.61;NA;NA;ND;NA;NA;NA;
9;0;3.74;26.64;8.4;NA;40.96;16.71;NA;NA;ND;NA;NA;NA;
9;1;14.62;12.17;13.07;NA;29.81;27.83;NA;NA;ND;NA;NA;NA;
9;2;8.31;28.35;12.7;NA;32;25.02;NA;NA;ND;NA;NA;NA;
9;3;5.7;20.75;15.36;NA;18.24;22.23;NA;NA;ND;NA;NA;NA;
9;4;12.57;19.23;20.89;NA;5.32;11.83;NA;NA;ND;NA;NA;NA;
9;5;21.54;13.55;14.1;NA;19.47;11.83;NA;NA;ND;NA;NA;NA;
9;6;23.68;33.57;12.26;NA;30.45;32.82;NA;NA;ND;NA;NA;NA;
9;7;50.64;54.68;37.22;NA;37.23;31.79;NA;NA;ND;NA;NA;NA;
9;8;19.87;26.44;23.45;NA;8.47;8.21;NA;NA;ND;NA;NA;NA;
9;9;32.4;23.22;12.17;NA;5.63;6.23;NA;NA;ND;NA;NA;NA;
9;10;20.56;22.84;4.65;NA;12.85;2.91;NA;NA;ND;NA;NA;NA;
9;11;29.62;19.68;4.78;NA;6.35;5.18;NA;NA;ND;NA;NA;NA;
9;12;29.52;9.5;12.86;NA;8.61;12.63;NA;NA;ND;NA;NA;NA;
9;13;31.5;18.36;18.04;NA;12.4;10.56;NA;NA;ND;NA;NA;NA;
9;14;2.37;12.7;20.05;NA;12.79;20.58;NA;NA;ND;NA;NA;NA;
9;15;2.23;14.27;19.13;NA;19.88;21.34;NA;NA;ND;NA;NA;NA;
9;16;0;4.24;19.4;NA;24.39;8.78;NA;NA;ND;NA;NA;NA;
9;17;0;20.5;15.37;NA;25.99;18.97;NA;NA;ND;NA;NA;NA;
9;18;7.76;26.36;22.82;NA;22.67;22.51;NA;NA;ND;NA;NA;NA;
9;19;3.22;10.33;17.24;NA;44.34;31.91;NA;NA;ND;NA;NA;NA;
9;20;15.26;20.34;26.32;NA;28.93;33.79;NA;NA;ND;NA;NA;NA;
9;21;11.72;21.48;28.75;NA;29.54;27.49;NA;NA;ND;NA;NA;NA;
9;22;15.72;18.06;26.59;NA;29.51;25.39;NA;NA;ND;NA;NA;NA;
9;23;16.73;25.21;29.6;NA;30.82;33.3;NA;NA;ND;NA;NA;NA;
10;0;31.61;28.54;27.49;NA;31.75;13.65;NA;NA;ND;NA;NA;NA;
10;1;25.44;13.57;23.2;NA;35.3;19.78;NA;NA;ND;NA;NA;NA;
10;2;27.7;29.39;22.73;NA;22.36;25.85;NA;NA;ND;NA;NA;NA;
10;3;6.98;27.03;22.56;NA;36.49;20.98;NA;NA;ND;NA;NA;NA;
10;4;21.42;25.55;20.83;NA;37.51;25.3;NA;NA;ND;NA;NA;NA;
10;5;25.22;31.26;30.76;NA;31.23;34.27;NA;NA;ND;NA;NA;NA;
10;6;29.36;33.45;32.71;NA;75.37;47.55;NA;NA;ND;NA;NA;NA;
10;7;35.74;39.89;37.52;NA;96.63;64.61;NA;NA;ND;NA;NA;NA;
10;8;51.14;33.33;44.1;NA;89.1;72.95;NA;NA;ND;NA;NA;NA;
10;9;ND;22.54;52.48;NA;59.28;64.45;NA;NA;ND;NA;NA;NA;
10;10;24.95;19.52;23.95;NA;34.47;43.26;NA;NA;ND;NA;NA;NA;
10;11;22.48;25.7;18.68;NA;19.13;6.34;NA;NA;ND;NA;NA;NA;
10;12;20.77;18.03;9.79;NA;2.34;7.11;NA;NA;ND;NA;NA;NA;
10;13;16.46;21.7;9.99;NA;15.29;17.16;NA;NA;ND;NA;NA;NA;
10;14;10.82;10.23;23.24;NA;20.38;22.9;NA;NA;ND;NA;NA;NA;
10;15;5.98;21.65;15.84;NA;6.22;20.73;NA;NA;ND;NA;NA;NA;
10;16;7.72;12.02;20.47;NA;12.59;13.44;NA;NA;ND;NA;NA;NA;
10;17;20.25;27.34;29.12;NA;22.23;26.25;NA;NA;ND;NA;NA;NA;
10;18;14.1;25.58;27.19;NA;16.27;24.22;NA;NA;ND;NA;NA;NA;
10;19;14.58;26.19;19.53;NA;12.16;18.84;NA;NA;ND;NA;NA;NA;
10;20;16.05;17.25;33.94;NA;38.87;32.97;NA;NA;ND;NA;NA;NA;
10;21;23.14;12.57;28.04;NA;34.04;23.43;NA;NA;ND;NA;NA;NA;
10;22;19.18;2.03;20.6;NA;ND;22.67;NA;NA;ND;NA;NA;NA;
10;23;13.08;10.27;21.27;NA;ND;16.53;NA;NA;ND;NA;NA;NA;
11;0;13.16;11.79;13.72;NA;23.51;27.71;NA;NA;ND;NA;NA;NA;
11;1;9.99;9.29;17.95;NA;29.36;23.65;NA;NA;ND;NA;NA;NA;
11;2;15.86;9.51;15.87;NA;30.91;13.7;NA;NA;ND;NA;NA;NA;
11;3;16.37;15.58;20.59;NA;20.96;24.53;NA;NA;ND;NA;NA;NA;
11;4;15.82;18.67;20.46;NA;34.1;18.32;NA;NA;ND;NA;NA;NA;
11;5;14.66;34.42;15.18;NA;35.53;19.94;NA;NA;ND;NA;NA;NA;
11;6;28.84;41.91;24.32;NA;56.74;39.69;NA;NA;ND;NA;NA;NA;
11;7;26.73;32.89;34.76;NA;57.1;63.32;NA;NA;ND;NA;NA;NA;
11;8;28.07;30.06;49.11;NA;67.86;63.24;NA;NA;ND;NA;NA;NA;
11;9;36.11;24.84;46.01;NA;42.98;56.42;NA;NA;ND;NA;NA;NA;
11;10;15.26;16.69;29.52;NA;36.38;26.86;NA;NA;ND;NA;NA;NA;
11;11;15.79;14.8;11.09;NA;13.11;0;NA;NA;ND;NA;NA;NA;
11;12;18.91;27.19;15.58;NA;10.75;7.19;NA;NA;ND;NA;NA;NA;
11;13;16.36;15.95;22.09;NA;14.47;11.31;NA;NA;ND;NA;NA;NA;
11;14;12.65;12.63;18.21;NA;13.79;14.51;NA;NA;ND;NA;NA;NA;
11;15;16.91;28.27;24.53;NA;27.4;23.55;NA;NA;ND;NA;NA;NA;
11;16;15.76;17.23;11.18;NA;18.61;11.8;NA;NA;ND;NA;NA;NA;
11;17;16.1;26.4;35.84;NA;8.47;25.24;NA;NA;ND;NA;NA;NA;
11;18;19.44;26.89;31.8;NA;11.94;26.28;NA;NA;ND;NA;NA;NA;
11;19;15.63;15.58;33.31;NA;25.95;26.5;NA;NA;ND;NA;NA;NA;
11;20;23.01;14.85;30.34;NA;36.13;23.9;NA;NA;ND;NA;NA;NA;
11;21;14.43;4.35;33.53;NA;35.98;25.08;NA;NA;ND;NA;NA;NA;
11;22;18;18.87;27.67;NA;31.61;33.13;NA;NA;ND;NA;NA;NA;
11;23;9.68;4.83;19.92;NA;25.71;19.72;NA;NA;ND;NA;NA;NA;
12;0;16.61;19.06;9.79;NA;26.52;5.95;NA;NA;ND;NA;NA;NA;
12;1;11.94;11.35;15.21;NA;16.97;22.67;NA;NA;ND;NA;NA;NA;
12;2;13.64;12.11;17.07;NA;23.31;13.3;NA;NA;ND;NA;NA;NA;
12;3;10.41;ND;12.91;NA;19.15;16.02;NA;NA;ND;NA;NA;NA;
12;4;15.23;5.98;16.29;NA;13.6;11.79;NA;NA;ND;NA;NA;NA;
12;5;13.84;9.7;13.03;NA;14.93;17.05;NA;NA;ND;NA;NA;NA;
12;6;18.06;18.77;19.22;NA;29.12;22.4;NA;NA;ND;NA;NA;NA;
12;7;25.89;24.37;18.34;NA;32.6;27.07;NA;NA;ND;NA;NA;NA;
12;8;22.25;13.26;18.22;NA;33.54;18.48;NA;NA;ND;NA;NA;NA;
12;9;18.9;7.83;17.16;NA;21.5;18.78;NA;NA;ND;NA;NA;NA;
12;10;21.26;32.18;12.28;NA;1.46;7.29;NA;NA;ND;NA;NA;NA;
12;11;11.96;17.94;16.49;NA;15.71;9.5;NA;NA;ND;NA;NA;NA;
12;12;8.61;ND;5.85;NA;13.23;6.1;NA;NA;ND;NA;NA;NA;
12;13;18;13.71;5.23;NA;7.72;6.17;NA;NA;ND;NA;NA;NA;
12;14;13.93;11.76;13.69;NA;18.73;16.63;NA;NA;ND;NA;NA;NA;
12;15;14.53;18.95;21.21;NA;23.41;16.1;NA;NA;ND;NA;NA;NA;
12;16;4.93;12.96;4.69;NA;15.92;13.52;NA;NA;ND;NA;NA;NA;
12;17;16.94;14.21;20.39;NA;25;16.16;NA;NA;ND;NA;NA;NA;
12;18;16.25;18.23;14.36;NA;24.02;16.67;NA;NA;ND;NA;NA;NA;
12;19;4.98;18.03;14.88;NA;20.46;22.72;NA;NA;ND;NA;NA;NA;
12;20;14.01;12.95;10.76;NA;24.46;17.47;NA;NA;ND;NA;NA;NA;
12;21;9.71;9.22;8.54;NA;19.99;21.52;NA;NA;ND;NA;NA;NA;
12;22;12.22;1.48;9.08;NA;19.88;12.66;NA;NA;ND;NA;NA;NA;
12;23;13.27;6.77;8.33;NA;17.35;13.26;NA;NA;ND;NA;NA;NA;
13;0;20.59;8.96;17.71;NA;1.62;26.92;NA;NA;ND;NA;NA;NA;
13;1;13.9;4;15.31;NA;20.97;10.94;NA;NA;ND;NA;NA;NA;
13;2;9.96;13.23;12.75;NA;6.35;16.85;NA;NA;ND;NA;NA;NA;
13;3;7.03;8.69;10.4;NA;22.64;13.11;NA;NA;ND;NA;NA;NA;
13;4;10.19;6.99;10.45;NA;17.94;10.29;NA;NA;ND;NA;NA;NA;
13;5;13.53;5.82;10.34;NA;11.97;5.99;NA;NA;ND;NA;NA;NA;
13;6;22.68;9.13;10.77;NA;19.34;13.74;NA;NA;ND;NA;NA;NA;
13;7;5.79;16.74;7;NA;22.94;17.64;NA;NA;ND;NA;NA;NA;
13;8;15.55;0.69;15.73;NA;27.4;16.17;NA;NA;ND;NA;NA;NA;
13;9;0;1.67;13.53;NA;17.59;21.75;NA;NA;ND;NA;NA;NA;
13;10;32.83;12.33;21.02;NA;25.83;17.87;NA;NA;ND;NA;NA;NA;
13;11;4.15;11.04;12.03;NA;20.35;3.46;NA;NA;ND;NA;NA;NA;
13;12;6.51;6.59;3.09;NA;9.96;3.59;NA;NA;ND;NA;NA;NA;
13;13;16.91;6.15;11.81;NA;10.93;6.49;NA;NA;ND;NA;NA;NA;
13;14;10.49;11.4;17.09;NA;18.11;22.16;NA;NA;ND;NA;NA;NA;
13;15;14.69;18.38;10.05;NA;7.36;6.54;NA;NA;ND;NA;NA;NA;
13;16;10.57;18.98;9.24;NA;10.14;5.5;NA;NA;ND;NA;NA;NA;
13;17;11.32;20.54;9.65;NA;9.19;8.42;NA;NA;ND;NA;NA;NA;
13;18;10.79;11.09;11.88;NA;11.34;20.34;NA;NA;ND;NA;NA;NA;
13;19;14.02;23.09;20.15;NA;12.83;22.63;NA;NA;ND;NA;NA;NA;
13;20;19.97;5.14;16.83;NA;26.21;14.65;NA;NA;ND;NA;NA;NA;
13;21;7.75;3.4;9.19;NA;19.91;10.85;NA;NA;ND;NA;NA;NA;
13;22;5.74;7.81;14.84;NA;13.25;19.94;NA;NA;ND;NA;NA;NA;
13;23;15.85;9.94;12.43;NA;8.82;14.45;NA;NA;ND;NA;NA;NA;
14;0;1.97;4.38;14.58;NA;14.2;9.03;NA;NA;ND;NA;NA;NA;
14;1;5.5;11;10.31;NA;18.96;12.4;NA;NA;ND;NA;NA;NA;
14;2;8.28;7.52;14.66;NA;14.96;18.53;NA;NA;ND;NA;NA;NA;
14;3;8.19;14.54;10.96;NA;13.14;14.07;NA;NA;ND;NA;NA;NA;
14;4;11.96;5.02;13.9;NA;18.55;11.6;NA;NA;ND;NA;NA;NA;
14;5;14.37;19.56;14.2;NA;31.2;14.59;NA;NA;ND;NA;NA;NA;
14;6;23.98;22.43;21.7;NA;28.48;24.02;NA;NA;ND;NA;NA;NA;
14;7;58.44;16.6;33.73;NA;48.56;30.49;NA;NA;ND;NA;NA;NA;
14;8;39.75;19.73;54.59;NA;45.73;53.42;NA;NA;ND;NA;NA;NA;
14;9;29.29;17.24;43.74;NA;36.92;65.44;NA;NA;ND;NA;NA;NA;
14;10;27.97;27.45;49.59;NA;51.31;45.07;NA;NA;ND;NA;NA;NA;
14;11;11.84;26.79;34.26;NA;34.46;24.95;NA;NA;ND;NA;NA;NA;
14;12;10.07;18;25.92;NA;15.78;15.33;NA;NA;ND;NA;NA;NA;
14;13;15.65;17.22;18.33;NA;26.13;17.01;NA;NA;ND;NA;NA;NA;
14;14;2.24;9.68;11.67;NA;19.2;16.84;NA;NA;ND;NA;NA;NA;
14;15;6.06;10.88;9.87;NA;14.59;5.34;NA;NA;ND;NA;NA;NA;
14;16;10.6;17.95;11.7;NA;23.1;13.45;NA;NA;ND;NA;NA;NA;
14;17;16;26.1;17.65;NA;18.09;15.97;NA;NA;ND;NA;NA;NA;
14;18;21.86;21.47;17.39;NA;21.79;23.8;NA;NA;ND;NA;NA;NA;
14;19;8.54;11.67;20.88;NA;29.94;23.92;NA;NA;ND;NA;NA;NA;
14;20;22.55;29.95;23.75;NA;31.72;31.74;NA;NA;ND;NA;NA;NA;
14;21;14.87;10.29;26.88;NA;13.68;26.32;NA;NA;ND;NA;NA;NA;
14;22;19.19;15.28;29.76;NA;18.28;22.89;NA;NA;ND;NA;NA;NA;
14;23;17.69;24.84;28.52;NA;20.98;19.04;NA;NA;ND;NA;NA;NA;
15;0;4.88;22.75;25.42;NA;29.52;24.82;NA;NA;ND;NA;NA;NA;
15;1;21.22;12.47;23.98;NA;24.81;22.6;NA;NA;ND;NA;NA;NA;
15;2;9.72;15.32;18.18;NA;21.82;20.04;NA;NA;ND;NA;NA;NA;
15;3;14.07;19.53;14.3;NA;27.06;24.91;NA;NA;ND;NA;NA;NA;
15;4;26.89;31.16;20.97;NA;30.41;28.9;NA;NA;ND;NA;NA;NA;
15;5;21.39;18.8;29.24;NA;27.53;24.03;NA;NA;ND;NA;NA;NA;
15;6;23.57;56.44;23.25;NA;49.03;29.63;NA;NA;ND;NA;NA;NA;
15;7;55.02;47.88;28;NA;61.87;41.75;NA;NA;ND;NA;NA;NA;
15;8;38.94;27.25;31.89;NA;46.39;40.16;NA;NA;ND;NA;NA;NA;
15;9;17.07;32.37;21.33;NA;31.02;36.71;NA;NA;ND;NA;NA;NA;
15;10;27.04;18.31;11.22;NA;17.22;4.63;NA;NA;ND;NA;NA;NA;
15;11;17.77;5.36;16.9;NA;ND;8.55;NA;NA;ND;NA;NA;NA;
15;12;20.84;20.31;24.15;NA;ND;6.76;NA;NA;ND;NA;NA;NA;
15;13;13.5;17.88;14.89;NA;13.75;11.8;NA;NA;ND;NA;NA;NA;
15;14;8.93;14.39;ND;NA;ND;9.21;NA;NA;ND;NA;NA;NA;
15;15;15.87;22.95;ND;NA;0.72;3.34;NA;NA;ND;NA;NA;NA;
15;16;6.1;15.88;ND;NA;10.75;10.24;NA;NA;ND;NA;NA;NA;
15;17;5.74;19.55;24.25;NA;12.03;5.82;NA;NA;ND;NA;NA;NA;
15;18;13.28;32.74;17.43;NA;7.94;5.34;NA;NA;ND;NA;NA;NA;
15;19;12.28;21.38;17;NA;6.99;11.16;NA;NA;ND;NA;NA;NA;
15;20;6.71;26.01;10.98;NA;11.72;13.43;NA;NA;ND;NA;NA;NA;
15;21;11.19;15.27;15.84;NA;11;14.99;NA;NA;ND;NA;NA;NA;
15;22;14.03;11.73;15.59;NA;21.19;15.95;NA;NA;ND;NA;NA;NA;
15;23;9.14;23.79;14.3;NA;8.69;9.75;NA;NA;ND;NA;NA;NA;
16;0;10.41;11.78;12.44;NA;9.78;3.18;NA;NA;ND;NA;NA;NA;
16;1;5.26;14.37;10.87;NA;16.6;8.79;NA;NA;ND;NA;NA;NA;
16;2;7.6;18.99;4.47;NA;4.79;10.39;NA;NA;ND;NA;NA;NA;
16;3;6.41;20.41;10.5;NA;8.31;13.18;NA;NA;ND;NA;NA;NA;
16;4;3.92;12.94;12.21;NA;20.91;12.33;NA;NA;ND;NA;NA;NA;
16;5;15.06;19.43;12.32;NA;21.42;16.73;NA;NA;ND;NA;NA;NA;
16;6;24.84;50.52;18.3;NA;38.19;30.36;NA;NA;ND;NA;NA;NA;
16;7;40.53;44.48;39.17;NA;54.08;47.75;NA;NA;ND;NA;NA;NA;
16;8;34.01;22.03;44.92;NA;53.39;45.17;NA;NA;ND;NA;NA;NA;
16;9;30.3;24.99;20.02;NA;37.82;19.04;NA;NA;ND;NA;NA;NA;
16;10;10.22;17.89;7.76;NA;7.96;10.54;NA;NA;ND;NA;NA;NA;
16;11;14.3;18.43;4.45;NA;20.17;ND;NA;NA;ND;NA;NA;NA;
16;12;8.77;8.88;12.34;NA;2.64;31.31;NA;NA;ND;NA;NA;NA;
16;13;11.66;5.94;9.08;NA;7.37;ND;NA;NA;ND;NA;NA;NA;
16;14;10.3;18.14;11.58;NA;8.7;ND;NA;NA;ND;NA;NA;NA;
16;15;16.04;3.24;9.83;NA;11.71;12.2;NA;NA;ND;NA;NA;NA;
16;16;16.13;15.96;18.51;NA;12.77;17.62;NA;NA;ND;NA;NA;NA;
16;17;12.95;9.63;11.54;NA;17.62;0.7;NA;NA;ND;NA;NA;NA;
16;18;11.74;23.51;7.74;NA;21.62;0.48;NA;NA;ND;NA;NA;NA;
16;19;12.29;15.47;8.28;NA;15.62;3.58;NA;NA;ND;NA;NA;NA;
16;20;20.28;16.8;15.88;NA;23.77;10.9;NA;NA;ND;NA;NA;NA;
16;21;13.85;24.62;12.77;NA;19.85;6.93;NA;NA;ND;NA;NA;NA;
16;22;17.78;25.48;9.19;NA;42.49;13.24;NA;NA;ND;NA;NA;NA;
16;23;ND;31.23;21.16;NA;45.54;27.69;NA;NA;ND;NA;NA;NA;
17;0;17.94;16.88;30.78;NA;25.28;24.41;NA;NA;ND;NA;NA;NA;
17;1;16.2;19.54;16.77;NA;24.86;18.21;NA;NA;ND;NA;NA;NA;
17;2;14.12;14.44;19.35;NA;17.23;20.18;NA;NA;ND;NA;NA;NA;
17;3;12.17;17.9;19;NA;17.35;20.9;NA;NA;ND;NA;NA;NA;
17;4;9.15;13.56;13.46;NA;16.34;15.29;NA;NA;ND;NA;NA;NA;
17;5;14.88;23.43;23.08;NA;24.06;21.71;NA;NA;ND;NA;NA;NA;
17;6;23.12;18.83;23.99;NA;51.02;29.76;NA;NA;ND;NA;NA;NA;
17;7;ND;45.89;38.41;NA;47.81;47.92;NA;NA;ND;NA;NA;NA;
17;8;37.36;37.36;34.55;NA;37.41;37.86;NA;NA;ND;NA;NA;NA;
17;9;9.27;9.27;ND;NA;21.04;23.4;NA;NA;ND;NA;NA;NA;
17;10;17.31;17.31;ND;NA;22.57;20.47;NA;NA;ND;NA;NA;NA;
17;11;ND;20.4;4.53;NA;6.34;5.18;NA;NA;ND;NA;NA;NA;
17;12;ND;16.03;7.1;NA;2.67;12.77;NA;NA;ND;NA;NA;NA;
17;13;5.12;5.12;10.8;NA;23.28;14.67;NA;NA;ND;NA;NA;NA;
17;14;12.71;12.71;8.7;NA;12.48;10.77;NA;NA;ND;NA;NA;NA;
17;15;10.36;10.36;17.05;NA;19.54;16.34;NA;NA;ND;NA;NA;NA;
17;16;14.25;14.25;18.71;NA;27.03;8.74;NA;NA;ND;NA;NA;NA;
17;17;18.15;18.15;10.95;NA;9.54;11.7;NA;NA;ND;NA;NA;NA;
17;18;20.44;20.44;15.57;NA;17.57;14.06;NA;NA;ND;NA;NA;NA;
17;19;14.66;14.66;12.2;NA;18.8;22.13;NA;NA;ND;NA;NA;NA;
17;20;16.33;16.33;14.2;NA;16.79;20.2;NA;NA;ND;NA;NA;NA;
17;21;12.53;12.53;23.19;NA;14.86;16.41;NA;NA;ND;NA;NA;NA;
17;22;13.62;13.62;19.03;NA;17.28;18.54;NA;NA;ND;NA;NA;NA;
17;23;12.1;12.1;11.99;NA;20.26;17.52;NA;NA;ND;NA;NA;NA;
18;0;7.18;7.18;13.54;NA;9.85;19.8;NA;NA;ND;NA;NA;NA;
18;1;7.47;7.47;22.26;NA;23.14;17.13;NA;NA;ND;NA;NA;NA;
18;2;13.02;13.02;17.02;NA;24.21;19.43;NA;NA;ND;NA;NA;NA;
18;3;10.52;10.52;17.25;NA;22.25;27.06;NA;NA;ND;NA;NA;NA;
18;4;14.47;14.47;23.56;NA;22.05;20.09;NA;NA;ND;NA;NA;NA;
18;5;18.11;18.11;23.11;NA;36.15;34.12;NA;NA;ND;NA;NA;NA;
18;6;25.32;25.32;30.94;NA;59.36;46.48;NA;NA;ND;NA;NA;NA;
18;7;25.83;25.83;52.74;NA;71.55;58.71;NA;NA;ND;NA;NA;NA;
18;8;32.16;32.16;53.66;NA;70.21;53.2;NA;NA;ND;NA;NA;NA;
18;9;21.36;21.36;47.49;NA;37.82;52.21;NA;NA;ND;NA;NA;NA;
18;10;27.19;27.19;ND;NA;31.87;29.04;NA;NA;ND;NA;NA;NA;
18;11;5.29;5.29;11.28;NA;14.29;15.61;NA;NA;ND;NA;NA;NA;
18;12;21.41;21.41;6.83;NA;15.22;12.25;NA;NA;ND;NA;NA;NA;
18;13;17.64;17.64;13.46;NA;18.58;15.75;NA;NA;ND;NA;NA;NA;
18;14;9.12;9.12;14.51;NA;10.25;17.24;NA;NA;ND;NA;NA;NA;
18;15;22.01;22.01;18.31;NA;14.8;18.22;NA;NA;ND;NA;NA;NA;
18;16;12.62;12.62;14.31;NA;19.44;12.35;NA;NA;ND;NA;NA;NA;
18;17;21.14;21.14;22.07;NA;9.56;25.88;NA;NA;ND;NA;NA;NA;
18;18;30.27;30.27;20.66;NA;20.26;18.8;NA;NA;ND;NA;NA;NA;
18;19;18.66;18.66;27.04;NA;23.52;17.13;NA;NA;ND;NA;NA;NA;
18;20;9.85;9.85;25.05;NA;24.49;16.54;NA;NA;ND;NA;NA;NA;
18;21;8.31;8.31;33.69;NA;17.31;17.16;NA;NA;ND;NA;NA;NA;
18;22;8.58;8.58;17.82;NA;20.01;19.94;NA;NA;ND;NA;NA;NA;
18;23;17.41;17.41;15.83;NA;23.03;14.76;NA;NA;ND;NA;NA;NA;
19;0;7.65;7.65;6.36;NA;8.11;15.8;NA;NA;ND;NA;NA;NA;
19;1;12.93;12.93;13.57;NA;13.22;22.48;NA;NA;ND;NA;NA;NA;
19;2;5.24;5.24;17.37;NA;16.42;9.68;NA;NA;ND;NA;NA;NA;
19;3;24.66;24.66;16.84;NA;16.61;20.26;NA;NA;ND;NA;NA;NA;
19;4;6.83;6.83;13.09;NA;16.51;8.76;NA;NA;ND;NA;NA;NA;
19;5;5.29;5.29;13.81;NA;11.28;18.04;NA;NA;ND;NA;NA;NA;
19;6;11.42;11.42;8.79;NA;21.73;13.3;NA;NA;ND;NA;NA;NA;
19;7;18.16;18.16;19.59;NA;24.12;14.85;NA;NA;ND;NA;NA;NA;
19;8;10.38;10.38;11.6;NA;19.74;22.23;NA;NA;ND;NA;NA;NA;
19;9;11.99;11.99;19.41;NA;12.85;20.49;NA;NA;ND;NA;NA;NA;
19;10;30;30;32.04;NA;39.6;37.59;NA;NA;ND;NA;NA;NA;
19;11;33.32;33.32;27.8;NA;17.91;23.7;NA;NA;ND;NA;NA;NA;
19;12;ND;13.31;17.82;NA;28.34;39.33;NA;NA;ND;NA;NA;NA;
19;13;7.42;12.73;30.05;NA;33.21;22.59;NA;NA;ND;NA;NA;NA;
19;14;5.45;5.63;17.83;NA;5.48;19.91;NA;NA;ND;NA;NA;NA;
19;15;4;11.22;24;NA;22.73;16.49;NA;NA;ND;NA;NA;NA;
19;16;11.16;0.38;28.75;NA;18.63;25.33;NA;NA;ND;NA;NA;NA;
19;17;11.2;7.14;20.23;NA;20.81;26.06;NA;NA;ND;NA;NA;NA;
19;18;18.54;19.69;22.93;NA;29.43;26.87;NA;NA;ND;NA;NA;NA;
19;19;16.86;20.3;21.73;NA;31.8;18.5;NA;NA;ND;NA;NA;NA;
19;20;10.22;23.88;21.81;NA;23.9;15.93;NA;NA;ND;NA;NA;NA;
19;21;27.54;17.79;18.13;NA;28;22.19;NA;NA;ND;NA;NA;NA;
19;22;27.88;15.09;15.54;NA;27.27;13.28;NA;NA;ND;NA;NA;NA;
19;23;16.7;18.59;25.85;NA;23.74;19.79;NA;NA;ND;NA;NA;NA;
20;0;21.13;19.39;28.05;NA;26;24.65;NA;NA;ND;NA;NA;NA;
20;1;14.95;13.22;22.46;NA;14.12;19.17;NA;NA;ND;NA;NA;NA;
20;2;26.15;8.99;18.9;NA;20.82;19.96;NA;NA;ND;NA;NA;NA;
20;3;10.12;19.31;19.67;NA;26.52;29.55;NA;NA;ND;NA;NA;NA;
20;4;11.73;17.4;18.2;NA;13.43;24.16;NA;NA;ND;NA;NA;NA;
20;5;20.78;9.79;24.43;NA;32.43;23.52;NA;NA;ND;NA;NA;NA;
20;6;18.76;3.63;17.96;NA;35.09;27.38;NA;NA;ND;NA;NA;NA;
20;7;26.9;20.22;26.42;NA;41.72;32.69;NA;NA;ND;NA;NA;NA;
20;8;16.39;22.15;21.04;NA;42.7;25.99;NA;NA;ND;NA;NA;NA;
20;9;22.19;22.19;21.96;NA;40.8;29.12;NA;NA;ND;NA;NA;NA;
20;10;17.71;14.67;16.03;NA;21.53;23.05;NA;NA;ND;NA;NA;NA;
20;11;14.57;17.09;3.7;NA;3.83;1.63;NA;NA;ND;NA;NA;NA;
20;12;16.64;21.47;7.19;NA;5.8;12.29;NA;NA;ND;NA;NA;NA;
20;13;18.95;20.49;14.66;NA;8.57;15.01;NA;NA;ND;NA;NA;NA;
20;14;11.87;7.5;14.18;NA;17.99;14.56;NA;NA;ND;NA;NA;NA;
20;15;14.3;21.5;14.4;NA;16.07;10.01;NA;NA;ND;NA;NA;NA;
20;16;8.18;16.37;6.94;NA;2.32;4.79;NA;NA;ND;NA;NA;NA;
20;17;12.29;14.29;18.74;NA;20.98;18.91;NA;NA;ND;NA;NA;NA;
20;18;11.59;20.77;19.94;NA;7.31;14.99;NA;NA;ND;NA;NA;NA;
20;19;12.58;14.3;18.41;NA;21.91;18.45;NA;NA;ND;NA;NA;NA;
20;20;14.63;6.1;17.47;NA;27.28;20.58;NA;NA;ND;NA;NA;NA;
20;21;16.81;24.48;14.89;NA;17.32;19.99;NA;NA;ND;NA;NA;NA;
20;22;14;17.97;16.81;NA;18.25;13.02;NA;NA;ND;NA;NA;NA;
20;23;15.53;27.3;12.5;NA;15.6;18.3;NA;NA;ND;NA;NA;NA;
21;0;30.49;10.74;10.52;NA;7.61;3.85;NA;NA;ND;NA;NA;NA;
21;1;17.56;4.38;17.91;NA;18.2;13.31;NA;NA;ND;NA;NA;NA;
21;2;15.49;14.6;13.38;NA;19.14;15.98;NA;NA;ND;NA;NA;NA;
21;3;7.89;17.56;7.02;NA;7.59;11.59;NA;NA;ND;NA;NA;NA;
21;4;14.74;5.73;14.09;NA;13.82;11.63;NA;NA;ND;NA;NA;NA;
21;5;13.43;9.74;8.93;NA;18.93;13.41;NA;NA;ND;NA;NA;NA;
21;6;10.35;3.97;14.51;NA;28.59;16.03;NA;NA;ND;NA;NA;NA;
21;7;27.18;23.17;26.94;NA;30.73;17.68;NA;NA;ND;NA;NA;NA;
21;8;19.51;10.81;29.67;NA;24.84;22.67;NA;NA;ND;NA;NA;NA;
21;9;13.6;4.86;25.77;NA;24.33;27.12;NA;NA;ND;NA;NA;NA;
21;10;11.8;1.31;24;NA;23.77;29.7;NA;NA;ND;NA;NA;NA;
21;11;9.51;3.91;15.94;NA;34.59;16.96;NA;NA;ND;NA;NA;NA;
21;12;9.26;12.74;19.8;NA;14.87;11.46;NA;NA;ND;NA;NA;NA;
21;13;8.05;4.99;20.93;NA;11.29;15.88;NA;NA;ND;NA;NA;NA;
21;14;10.31;1.29;14.05;NA;10.09;18.49;NA;NA;ND;NA;NA;NA;
21;15;9.15;21.08;14.77;NA;13.1;31.36;NA;NA;ND;NA;NA;NA;
21;16;10.73;19.02;14.9;NA;7.84;29.1;NA;NA;ND;NA;NA;NA;
21;17;3.04;11.43;18.51;NA;13.87;8.94;NA;NA;ND;NA;NA;NA;
21;18;11.87;15.44;21.97;NA;18.49;11.96;NA;NA;ND;NA;NA;NA;
21;19;16.15;10.28;21.17;NA;27.87;26.39;NA;NA;ND;NA;NA;NA;
21;20;15.56;23.47;21.88;NA;27.93;20.63;NA;NA;ND;NA;NA;NA;
21;21;18.98;20.15;20.46;NA;22.55;23.76;NA;NA;ND;NA;NA;NA;
21;22;15.57;25.85;31.11;NA;19.51;26.32;NA;NA;ND;NA;NA;NA;
21;23;22.89;34.57;23.17;NA;24.52;22.54;NA;NA;ND;NA;NA;NA;
22;0;27.56;23.39;20.46;NA;19.98;35.44;NA;NA;ND;NA;NA;NA;
22;1;39.92;24.46;36.31;NA;20.02;27.29;NA;NA;ND;NA;NA;NA;
22;2;34.75;19.57;33.34;NA;22.82;24.71;NA;NA;ND;NA;NA;NA;
22;3;23.79;15.73;30.76;NA;23.76;26.66;NA;NA;ND;NA;NA;NA;
22;4;25.3;13.41;27.12;NA;26.76;31.02;NA;NA;ND;NA;NA;NA;
22;5;20.11;23.31;26.68;NA;29.72;8.84;NA;NA;ND;NA;NA;NA;
22;6;31.13;27.12;30.76;NA;26.46;33.72;NA;NA;ND;NA;NA;NA;
22;7;31.58;37.13;33.97;NA;51.88;50.78;NA;NA;ND;NA;NA;NA;
22;8;36.12;35.44;41.36;NA;69.06;85.18;NA;NA;ND;NA;NA;NA;
22;9;44.51;34.96;40.71;NA;46.48;49.23;NA;NA;ND;NA;NA;NA;
22;10;23.65;28.59;26.04;NA;32.29;33.73;NA;NA;ND;NA;NA;NA;
22;11;31.04;29.62;20.19;NA;27.29;20.7;NA;NA;ND;NA;NA;NA;
22;12;13.75;18.32;25.27;NA;15.26;14.93;NA;NA;ND;NA;NA;NA;
22;13;17.49;9.07;17.99;NA;27.47;35.54;NA;NA;ND;NA;NA;NA;
22;14;12.98;13.62;17.55;NA;27.05;36.25;NA;NA;ND;NA;NA;NA;
22;15;5.39;2.6;9.45;NA;15.45;19.82;NA;NA;ND;NA;NA;NA;
22;16;16.54;17.52;13.59;NA;18.81;8.89;NA;NA;ND;NA;NA;NA;
22;17;3.74;21.47;13.09;NA;13.49;21.49;NA;NA;ND;NA;NA;NA;
22;18;20.41;28.66;16.75;NA;25.28;16.63;NA;NA;ND;NA;NA;NA;
22;19;22.09;23.16;15.65;NA;16.17;37.81;NA;NA;ND;NA;NA;NA;
22;20;15.8;15.01;18.45;NA;32.78;27.97;NA;NA;ND;NA;NA;NA;
22;21;34.15;20.77;21.03;NA;34.33;29.76;NA;NA;ND;NA;NA;NA;
22;22;11.98;41;15.18;NA;32.37;26.93;NA;NA;ND;NA;NA;NA;
22;23;1.53;39.77;11.73;NA;35.98;17.29;NA;NA;ND;NA;NA;NA;
23;0;17.23;28.31;5.07;NA;46.59;24.61;NA;NA;ND;NA;NA;NA;
23;1;9.26;32.79;20.12;NA;48.1;19.13;NA;NA;ND;NA;NA;NA;
23;2;17.81;26.16;18;NA;30.34;25.56;NA;NA;ND;NA;NA;NA;
23;3;17.25;26.35;15.03;NA;24.53;56.44;NA;NA;ND;NA;NA;NA;
23;4;14.38;20.36;11.34;NA;32.11;15.48;NA;NA;ND;NA;NA;NA;
23;5;13.39;34.58;16.61;NA;32.08;19.77;NA;NA;ND;NA;NA;NA;
23;6;22.88;53.56;19.17;NA;41.4;13.79;NA;NA;ND;NA;NA;NA;
23;7;48.16;54.81;18.58;NA;75.93;83.52;NA;NA;ND;NA;NA;NA;
23;8;32.14;24.6;10.29;NA;56.53;77.66;NA;NA;ND;NA;NA;NA;
23;9;17.76;4.07;13.14;NA;17.18;6.93;NA;NA;ND;NA;NA;NA;
23;10;14.51;8.27;0.32;NA;11.95;10.44;NA;NA;ND;NA;NA;NA;
23;11;15.08;7.44;6.22;NA;9.56;16.02;NA;NA;ND;NA;NA;NA;
23;12;16.07;23.48;14.45;NA;11.27;7.4;NA;NA;ND;NA;NA;NA;
23;13;18.69;22.47;4.3;NA;1.89;20.33;NA;NA;ND;NA;NA;NA;
23;14;15.58;22.8;17.35;NA;13.14;14.54;NA;NA;ND;NA;NA;NA;
23;15;13.97;27.51;17.73;NA;11.28;16.2;NA;NA;ND;NA;NA;NA;
23;16;21.9;23.41;10.12;NA;12.27;2.97;NA;NA;ND;NA;NA;NA;
23;17;15.48;28.57;20.44;NA;14.81;13.04;NA;NA;ND;NA;NA;NA;
23;18;10.61;29.77;23.96;NA;16.28;7.66;NA;NA;ND;NA;NA;NA;
23;19;17.03;33.54;23.51;NA;23.27;20.36;NA;NA;ND;NA;NA;NA;
23;20;13.43;25.32;17.89;NA;20.5;12.3;NA;NA;ND;NA;NA;NA;
23;21;8.44;15.66;16.45;NA;31.43;14.17;NA;NA;ND;NA;NA;NA;
23;22;11.33;18.16;16.53;NA;20.03;19.66;NA;NA;ND;NA;NA;NA;
23;23;14.94;30.62;13.53;NA;33.54;15.02;NA;NA;ND;NA;NA;NA;
24;0;20.34;30.64;3.53;NA;22.85;12.84;NA;NA;ND;NA;NA;NA;
24;1;19.16;14.95;9.1;NA;31.93;21.99;NA;NA;ND;NA;NA;NA;
24;2;14.02;18.82;15.08;NA;22.15;11.57;NA;NA;ND;NA;NA;NA;
24;3;14.19;22.09;13.92;NA;12.38;13.73;NA;NA;ND;NA;NA;NA;
24;4;11.29;21.8;12.18;NA;22.28;17.71;NA;NA;ND;NA;NA;NA;
24;5;12.86;40.15;17.76;NA;21.18;8.77;NA;NA;ND;NA;NA;NA;
24;6;37.51;80.01;11.34;NA;40.69;19.45;NA;NA;ND;NA;NA;NA;
24;7;43.77;73.22;42.36;NA;42.21;25.8;NA;NA;ND;NA;NA;NA;
24;8;59.64;54.15;51.21;NA;44.17;36.12;NA;NA;ND;NA;NA;NA;
24;9;22.25;33.97;19.05;NA;23.44;30.9;NA;NA;ND;NA;NA;NA;
24;10;23.2;18.89;20.81;NA;29.19;16.99;NA;NA;ND;NA;NA;NA;
24;11;34.18;28.52;16.45;NA;18.1;14.83;NA;NA;ND;NA;NA;NA;
24;12;21;20.84;17.01;NA;17.47;13.63;NA;NA;ND;NA;NA;NA;
24;13;12.49;5.71;9.42;NA;9.49;25.08;NA;NA;ND;NA;NA;NA;
24;14;19.35;5.66;11.8;NA;18.23;8.47;NA;NA;ND;NA;NA;NA;
24;15;23.92;10.06;13.53;NA;19.28;11.46;NA;NA;ND;NA;NA;NA;
24;16;11.26;3.83;25.24;NA;20.96;26.74;NA;NA;ND;NA;NA;NA;
24;17;16.05;19.33;22.34;NA;24.43;27.17;NA;NA;ND;NA;NA;NA;
24;18;16;32.3;20.15;NA;18.39;28.36;NA;NA;ND;NA;NA;NA;
24;19;25.65;33.24;20.48;NA;44.82;35.23;NA;NA;ND;NA;NA;NA;
24;20;22.89;38.65;ND;NA;35.89;38.51;NA;NA;ND;NA;NA;NA;
24;21;18.5;27.3;16.36;NA;59.48;36.76;NA;NA;ND;NA;NA;NA;
24;22;25.05;39.91;17.51;NA;76.79;36.62;NA;NA;ND;NA;NA;NA;
24;23;20.36;72.37;22.4;NA;84.08;26.77;NA;NA;ND;NA;NA;NA;
25;0;17.8;29.58;30.04;NA;73.38;31.73;NA;NA;ND;NA;NA;NA;
25;1;12.71;39.82;15.21;NA;67.48;28.09;NA;NA;ND;NA;NA;NA;
25;2;8.36;32.34;17.24;NA;47.96;31.86;NA;NA;ND;NA;NA;NA;
25;3;11.86;29.13;15.25;NA;40.48;26.29;NA;NA;ND;NA;NA;NA;
25;4;15.46;38.74;12.76;NA;35.36;21.79;NA;NA;ND;NA;NA;NA;
25;5;20.77;33.91;15.82;NA;28.19;27.56;NA;NA;ND;NA;NA;NA;
25;6;21.2;50.21;14.25;NA;38.23;26.31;NA;NA;ND;NA;NA;NA;
25;7;10.06;67.15;19.67;NA;64.77;37.67;NA;NA;ND;NA;NA;NA;
25;8;30.73;14.16;34.69;NA;67.05;40.08;NA;NA;ND;NA;NA;NA;
25;9;22.07;31.52;26.92;NA;30.83;38.79;NA;NA;ND;NA;NA;NA;
25;10;34.3;29.22;14.26;NA;18.12;13.38;NA;NA;ND;NA;NA;NA;
25;11;16.23;13.78;3.1;NA;2.28;5.91;NA;NA;ND;NA;NA;NA;
25;12;16.16;14.54;11.3;NA;9.39;8.53;NA;NA;ND;NA;NA;NA;
25;13;14.37;8.51;3.79;NA;2.58;10.64;NA;NA;ND;NA;NA;NA;
25;14;16.71;20.03;10.49;NA;12.11;13.74;NA;NA;ND;NA;NA;NA;
25;15;15.54;5.01;12.33;NA;15.78;24.73;NA;NA;ND;NA;NA;NA;
25;16;18.1;22.68;13.56;NA;12.01;19.86;NA;NA;ND;NA;NA;NA;
25;17;13.67;27.31;17.75;NA;18.59;3.08;NA;NA;ND;NA;NA;NA;
25;18;13.86;17.89;16.52;NA;15.45;12.69;NA;NA;ND;NA;NA;NA;
25;19;14.82;21.04;15.85;NA;16.42;13.6;NA;NA;ND;NA;NA;NA;
25;20;23.75;25.89;19.54;NA;22.58;21.46;NA;NA;ND;NA;NA;NA;
25;21;29.64;25.21;13.1;NA;26.41;14.26;NA;NA;ND;NA;NA;NA;
25;22;36.27;28.53;14.26;NA;40.81;14.47;NA;NA;ND;NA;NA;NA;
25;23;25.98;43.02;16.93;NA;35.54;31.29;NA;NA;ND;NA;NA;NA;
26;0;15.52;45.67;8.42;NA;35.1;32.46;NA;NA;ND;NA;NA;NA;
26;1;11.52;17.92;11.79;NA;34.01;27.44;NA;NA;ND;NA;NA;NA;
26;2;9.74;28.96;15.39;NA;48.65;36.35;NA;NA;ND;NA;NA;NA;
26;3;19.35;37.76;18.73;NA;30.21;30.54;NA;NA;ND;NA;NA;NA;
26;4;13.5;27.41;13.52;NA;24.87;18.95;NA;NA;ND;NA;NA;NA;
26;5;16.9;39.52;7.23;NA;13.99;14.36;NA;NA;ND;NA;NA;NA;
26;6;25.68;45.74;11.8;NA;31.62;18.49;NA;NA;ND;NA;NA;NA;
26;7;14.93;52.91;19.47;NA;49.04;27.98;NA;NA;ND;NA;NA;NA;
26;8;9.35;30.89;18.91;NA;19.43;37.2;NA;NA;ND;NA;NA;NA;
26;9;23.05;17.96;10.55;NA;7.65;11.84;NA;NA;ND;NA;NA;NA;
26;10;16.46;8.09;5.71;NA;1.82;6.99;NA;NA;ND;NA;NA;NA;
26;11;9.15;17.3;4.12;NA;14.76;3.45;NA;NA;ND;NA;NA;NA;
26;12;11.1;4.5;7.7;NA;4.78;6.61;NA;NA;ND;NA;NA;NA;
26;13;3.76;11.86;5.97;NA;11.95;12.89;NA;NA;ND;NA;NA;NA;
26;14;3.41;15.91;5.52;NA;12.84;2.43;NA;NA;ND;NA;NA;NA;
26;15;20.75;16.43;8.17;NA;20.55;15.12;NA;NA;ND;NA;NA;NA;
26;16;12.27;11.16;4.64;NA;4.47;2.35;NA;NA;ND;NA;NA;NA;
26;17;20.15;32.65;13.32;NA;4.7;8.7;NA;NA;ND;NA;NA;NA;
26;18;22.27;19.78;5.63;NA;1.21;8.77;NA;NA;ND;NA;NA;NA;
26;19;21.7;30.4;9.3;NA;13.16;7.11;NA;NA;ND;NA;NA;NA;
26;20;26.68;23.78;7.21;NA;19.55;8.67;NA;NA;ND;NA;NA;NA;
26;21;20.42;28.34;9.48;NA;11.35;17.14;NA;NA;ND;NA;NA;NA;
26;22;14.35;28;12.93;NA;24.66;18.87;NA;NA;ND;NA;NA;NA;
26;23;12.11;43.22;7.99;NA;18.56;10.87;NA;NA;ND;NA;NA;NA;
27;0;17.79;28.14;15.83;NA;27.23;6.73;NA;NA;ND;NA;NA;NA;
27;1;6.57;26.75;13;NA;16.65;16.41;NA;NA;ND;NA;NA;NA;
27;2;17.93;10;11.49;NA;32.51;21.66;NA;NA;ND;NA;NA;NA;
27;3;7.49;28.31;13.32;NA;19.35;17.35;NA;NA;ND;NA;NA;NA;
27;4;15.07;20.67;11.2;NA;20.94;4.46;NA;NA;ND;NA;NA;NA;
27;5;5.08;21.82;9.64;NA;10.71;10.2;NA;NA;ND;NA;NA;NA;
27;6;13.11;14.5;9.28;NA;21.32;12.11;NA;NA;ND;NA;NA;NA;
27;7;5.6;18.94;3.18;NA;28.06;5.5;NA;NA;ND;NA;NA;NA;
27;8;18.38;4.53;14.5;NA;19.23;10.41;NA;NA;ND;NA;NA;NA;
27;9;12.59;2.96;6.75;NA;2.81;5.43;NA;NA;ND;NA;NA;NA;
27;10;11.98;14.64;0.11;NA;6.35;6.75;NA;NA;ND;NA;NA;NA;
27;11;7.61;11.32;0;NA;3.76;2.21;NA;NA;ND;NA;NA;NA;
27;12;7.91;9.18;6.79;NA;3.28;9.09;NA;NA;ND;NA;NA;NA;
27;13;4.52;7.13;4.92;NA;6.84;4.58;NA;NA;ND;NA;NA;NA;
27;14;7.85;0.56;0.68;NA;0.56;10.61;NA;NA;ND;NA;NA;NA;
27;15;13.33;37.05;10.84;NA;12.48;13.05;NA;NA;ND;NA;NA;NA;
27;16;6.25;24.61;9.18;NA;5.6;4.28;NA;NA;ND;NA;NA;NA;
27;17;14.31;18.91;8.77;NA;13.65;5.64;NA;NA;ND;NA;NA;NA;
27;18;11.11;27.35;7.12;NA;5.59;1.52;NA;NA;ND;NA;NA;NA;
27;19;11.41;29.04;10.73;NA;17.25;9.3;NA;NA;ND;NA;NA;NA;
27;20;15.09;13.99;16.05;NA;7.37;11.67;NA;NA;ND;NA;NA;NA;
27;21;16.55;18.24;8.84;NA;19.58;5.89;NA;NA;ND;NA;NA;NA;
27;22;11.16;15.12;11.28;NA;9.15;12.93;NA;NA;ND;NA;NA;NA;
27;23;10.22;16.97;6.42;NA;8.72;8.73;NA;NA;ND;NA;NA;NA;
28;0;3.8;7.81;19.81;NA;25.13;3.9;NA;NA;ND;NA;NA;NA;
28;1;2.46;5.77;7.04;NA;3.21;12.78;NA;NA;ND;NA;NA;NA;
28;2;7.47;14.23;6.76;NA;16.38;9.88;NA;NA;ND;NA;NA;NA;
28;3;2.66;4.14;3.68;NA;4.26;4.48;NA;NA;ND;NA;NA;NA;
28;4;1.57;5.71;4.69;NA;6.91;7.15;NA;NA;ND;NA;NA;NA;
28;5;6.88;10.39;6.43;NA;8.45;7.39;NA;NA;ND;NA;NA;NA;
28;6;9.05;53.73;8.21;NA;29.38;13.52;NA;NA;ND;NA;NA;NA;
28;7;31.81;49.61;10.51;NA;44.09;15.29;NA;NA;ND;NA;NA;NA;
28;8;14.1;19.5;8.87;NA;32.72;18.89;NA;NA;ND;NA;NA;NA;
28;9;16.08;8.35;8.86;NA;13.51;9.58;NA;NA;ND;NA;NA;NA;
28;10;17.38;13.54;0.57;NA;3.86;0.34;NA;NA;ND;NA;NA;NA;
28;11;6.21;14.73;9.01;NA;2.8;8.71;NA;NA;ND;NA;NA;NA;
28;12;8.89;ND;5.95;NA;3.15;10.69;NA;NA;ND;NA;NA;NA;
28;13;6.89;ND;4.89;NA;7.46;8.08;NA;NA;ND;NA;NA;NA;
28;14;5.95;ND;7.34;NA;1.64;6.54;NA;NA;ND;NA;NA;NA;
28;15;11.8;ND;11.04;NA;8.19;8.25;NA;NA;ND;NA;NA;NA;
28;16;10.81;ND;4.91;NA;17.02;6.39;NA;NA;ND;NA;NA;NA;
28;17;9.28;10.84;16.8;NA;11.39;3.09;NA;NA;ND;NA;NA;NA;
28;18;8.28;37.06;16.26;NA;12.02;8.8;NA;NA;ND;NA;NA;NA;
28;19;10.74;23.5;6.29;NA;15.49;7.38;NA;NA;ND;NA;NA;NA;
28;20;8.82;15.72;8.36;NA;13.19;11.43;NA;NA;ND;NA;NA;NA;
28;21;8.37;13.17;6.82;NA;14.43;5.9;NA;NA;ND;NA;NA;NA;
28;22;0;16.26;2.56;NA;11.58;9.41;NA;NA;ND;NA;NA;NA;
28;23;5.54;21.39;7.21;NA;12.86;6.12;NA;NA;ND;NA;NA;NA;
29;0;16.41;20.72;6.96;NA;16.8;2.08;NA;NA;ND;NA;NA;NA;
29;1;19.54;13.41;6.81;NA;7.75;7.97;NA;NA;ND;NA;NA;NA;
29;2;4.46;9.15;4;NA;1.53;6.57;NA;NA;ND;NA;NA;NA;
29;3;5.58;1.95;12.01;NA;13.28;14.28;NA;NA;ND;NA;NA;NA;
29;4;2.92;2.52;10;NA;7.89;12.98;NA;NA;ND;NA;NA;NA;
29;5;11.01;4.58;9.87;NA;15.12;10.21;NA;NA;ND;NA;NA;NA;
29;6;5.96;28.86;8.59;NA;26.35;24.44;NA;NA;ND;NA;NA;NA;
29;7;8.31;32.61;9.85;NA;53.62;42.94;NA;NA;ND;NA;NA;NA;
29;8;11.41;7.01;13.05;NA;48.22;25.02;NA;NA;ND;NA;NA;NA;
29;9;9.18;15.25;10.14;NA;7.28;6.28;NA;NA;ND;NA;NA;NA;
29;10;9.42;4.93;0.52;NA;5.36;4.79;NA;NA;ND;NA;NA;NA;
29;11;9.49;7.78;3.45;NA;1.71;4.3;NA;NA;ND;NA;NA;NA;
29;12;10.5;14.92;5.44;NA;3.7;14.65;NA;NA;ND;NA;NA;NA;
29;13;7.02;11.94;7.88;NA;0.29;8.33;NA;NA;ND;NA;NA;NA;
29;14;7.97;15.67;9.91;NA;11.99;13.18;NA;NA;ND;NA;NA;NA;
29;15;3.63;5.96;7.06;NA;6.18;2.74;NA;NA;ND;NA;NA;NA;
29;16;11.64;16.62;8.26;NA;8.57;3.97;NA;NA;ND;NA;NA;NA;
29;17;14.24;24.39;12.4;NA;8.53;10.01;NA;NA;ND;NA;NA;NA;
29;18;14.31;26.35;9.3;NA;9.49;1.31;NA;NA;ND;NA;NA;NA;
29;19;6.33;30.94;12.29;NA;10.64;0.95;NA;NA;ND;NA;NA;NA;
29;20;15.18;17.5;7.72;NA;10.6;8.16;NA;NA;ND;NA;NA;NA;
29;21;9.21;19.2;17.27;NA;10.25;13.83;NA;NA;ND;NA;NA;NA;
29;22;7.42;9.54;9.73;NA;9.75;8.67;NA;NA;ND;NA;NA;NA;
29;23;0.07;24.15;4.92;NA;5.58;11.5;NA;NA;ND;NA;NA;NA;
30;0;9.73;12.58;11.66;NA;13.43;16.06;NA;NA;ND;NA;NA;NA;
30;1;13.09;5.18;3.62;NA;8.78;4.31;NA;NA;ND;NA;NA;NA;
30;2;4.79;4.86;4.98;NA;10.01;9.39;NA;NA;ND;NA;NA;NA;
30;3;4.81;13.74;4.47;NA;4.03;1.6;NA;NA;ND;NA;NA;NA;
30;4;6.05;7.47;2.49;NA;2.16;5.79;NA;NA;ND;NA;NA;NA;
30;5;1.84;9.62;5.68;NA;11.84;4.38;NA;NA;ND;NA;NA;NA;
30;6;2.88;27.33;4.11;NA;14.8;10.97;NA;NA;ND;NA;NA;NA;
30;7;3.16;15.53;6.6;NA;4.23;5.3;NA;NA;ND;NA;NA;NA;
30;8;15.01;21.24;9.26;NA;12.51;12.86;NA;NA;ND;NA;NA;NA;
30;9;16.33;8.6;4.71;NA;15.9;9.69;NA;NA;ND;NA;NA;NA;
30;10;8.79;7.64;0.41;NA;3.95;13.35;NA;NA;ND;NA;NA;NA;
30;11;15.77;7.72;9.84;NA;7.65;16.09;NA;NA;ND;NA;NA;NA;
30;12;10.5;13.73;8.92;NA;6.42;27.6;NA;NA;ND;NA;NA;NA;
30;13;9.92;11.49;6.17;NA;17.1;18.04;NA;NA;ND;NA;NA;NA;
30;14;19.89;21.4;7.82;NA;13.12;21.18;NA;NA;ND;NA;NA;NA;
30;15;10.83;18.57;9.78;NA;1.01;13.84;NA;NA;ND;NA;NA;NA;
30;16;7.38;23.27;12.66;NA;14.82;11.82;NA;NA;ND;NA;NA;NA;
30;17;5.78;8.12;17.76;NA;23.08;6.44;NA;NA;ND;NA;NA;NA;
30;18;16.07;27.72;11.55;NA;14.1;2.12;NA;NA;ND;NA;NA;NA;
30;19;12.82;25.7;21.04;NA;14.11;5.5;NA;NA;ND;NA;NA;NA;
30;20;11.52;20.12;12.36;NA;23.42;5.09;NA;NA;ND;NA;NA;NA;
30;21;16.27;18.09;23.75;NA;17.21;18.53;NA;NA;ND;NA;NA;NA;
30;22;7.49;22.37;10.52;NA;14.12;17.89;NA;NA;ND;NA;NA;NA;
30;23;12.58;26.97;8.68;NA;14.61;6.98;NA;NA;ND;NA;NA;NA;
31;0;5.25;22.33;5.93;NA;12.07;15.03;NA;NA;ND;NA;NA;NA;
31;1;6.68;37.38;6.56;NA;1.55;10.65;NA;NA;ND;NA;NA;NA;
31;2;4.96;19.51;4.64;NA;6.93;5.85;NA;NA;ND;NA;NA;NA;
31;3;7.84;16.47;4.29;NA;9.15;9.43;NA;NA;ND;NA;NA;NA;
31;4;11.83;22.21;7.81;NA;6.93;4.27;NA;NA;ND;NA;NA;NA;
31;5;7.21;14.24;1.89;NA;12.68;5.69;NA;NA;ND;NA;NA;NA;
31;6;18.75;66.52;4.82;NA;22.65;11.67;NA;NA;ND;NA;NA;NA;
31;7;19.83;54.69;9.21;NA;8.54;9.49;NA;NA;ND;NA;NA;NA;
31;8;24.52;23.62;5.29;NA;8.02;9.53;NA;NA;ND;NA;NA;NA;
31;9;20.51;7.66;7.91;NA;8.78;11.51;NA;NA;ND;NA;NA;NA;
31;10;9.36;17.03;3;NA;4.14;8.51;NA;NA;ND;NA;NA;NA;
31;11;17.59;11.75;9.89;NA;7.02;12.18;NA;NA;ND;NA;NA;NA;
31;12;10.41;3.9;15.57;NA;5.81;10.92;NA;NA;ND;NA;NA;NA;
31;13;8.12;6.41;31.41;NA;13.69;12.82;NA;NA;ND;NA;NA;NA;
31;14;6.17;13.26;22.44;NA;2.73;8.21;NA;NA;ND;NA;NA;NA;
31;15;0;17.76;0.37;NA;14.47;3.67;NA;NA;ND;NA;NA;NA;
31;16;14.35;14.63;0.01;NA;9.59;7.27;NA;NA;ND;NA;NA;NA;
31;17;15.85;19.83;1.98;NA;3.89;5.24;NA;NA;ND;NA;NA;NA;
31;18;16.54;22.21;4.92;NA;19.71;5.83;NA;NA;ND;NA;NA;NA;
31;19;15.41;26.11;4.74;NA;10.66;14.59;NA;NA;ND;NA;NA;NA;
31;20;7.27;20.35;9.67;NA;17.96;15.14;NA;NA;ND;NA;NA;NA;
31;21;13.81;22.1;10.53;NA;23.79;16.07;NA;NA;ND;NA;NA;NA;
31;22;14.56;14.91;7.69;NA;6.36;10.47;NA;NA;ND;NA;NA;NA;
31;23;13.96;24.66;3.77;NA;4.55;9.99;NA;NA;ND;NA;NA;NA;
