DIA;HORA;Cotocollao;Carapungo;Belisario;Jipijapa;El Camal;Centro;Guamaní;Tumbaco;Los Chillos;El Condado;Turubamba;Chillogallo;
1;0;0.37;ND;0.44;NA;0.29;0.47;0.2;NA;ND;NA;NA;NA;
1;1;0.4;0.36;0.41;NA;0.25;0.44;0.18;NA;ND;NA;NA;NA;
1;2;0.3;0.39;0.41;NA;0.21;0.45;0.17;NA;ND;NA;NA;NA;
1;3;0.32;0.42;0.41;NA;0.27;0.46;0.18;NA;ND;NA;NA;NA;
1;4;0.38;0.4;0.41;NA;0.27;0.48;0.19;NA;ND;NA;NA;NA;
1;5;0.43;0.44;0.43;NA;0.27;0.56;0.25;NA;ND;NA;NA;NA;
1;6;0.47;0.73;0.48;NA;0.36;0.69;0.45;NA;ND;NA;NA;NA;
1;7;0.49;0.76;0.58;NA;0.71;0.76;0.5;NA;ND;NA;NA;NA;
1;8;0.52;0.6;0.63;NA;0.55;0.7;0.45;NA;ND;NA;NA;NA;
1;9;0.53;0.58;0.62;NA;0.4;0.59;0.44;NA;ND;NA;NA;NA;
1;10;0.48;0.61;0.62;NA;0.4;0.63;0.42;NA;ND;NA;NA;NA;
1;11;0.47;0.63;0.61;NA;0.41;0.6;0.36;NA;ND;NA;NA;NA;
1;12;0.48;0.65;0.66;NA;0.41;0.65;0.44;NA;ND;NA;NA;NA;
1;13;0.48;0.63;0.69;NA;0.42;0.7;0.44;NA;ND;NA;NA;NA;
1;14;0.44;0.59;0.6;NA;0.46;0.64;0.56;NA;ND;NA;NA;NA;
1;15;0.46;0.6;0.64;NA;0.46;0.61;0.47;NA;ND;NA;NA;NA;
1;16;0.49;0.61;0.63;NA;0.46;0.69;0.47;NA;ND;NA;NA;NA;
1;17;0.49;0.67;0.63;NA;0.51;0.71;0.46;NA;ND;NA;NA;NA;
1;18;0.66;0.76;0.8;NA;0.61;0.93;0.44;NA;ND;NA;NA;NA;
1;19;0.61;0.88;0.76;NA;0.66;1.05;0.43;NA;ND;NA;NA;NA;
1;20;0.8;0.8;0.76;NA;0.67;1.11;0.37;NA;ND;NA;NA;NA;
1;21;0.72;0.62;0.63;NA;0.77;0.82;0.29;NA;ND;NA;NA;NA;
1;22;0.63;0.69;0.52;NA;0.51;0.67;0.25;NA;ND;NA;NA;NA;
1;23;0.43;0.57;0.5;NA;0.3;0.61;0.23;NA;ND;NA;NA;NA;
2;0;ND;0.63;ND;NA;ND;ND;ND;NA;ND;NA;NA;NA;
2;1;0.3;0.6;0.47;NA;0.44;0.54;0.21;NA;ND;NA;NA;NA;
2;2;0.31;0.65;0.45;NA;0.39;0.49;0.2;NA;ND;NA;NA;NA;
2;3;0.38;0.68;0.46;NA;0.35;0.49;0.2;NA;ND;NA;NA;NA;
2;4;0.41;0.6;0.45;NA;0.39;0.54;0.22;NA;ND;NA;NA;NA;
2;5;0.39;0.73;0.48;NA;0.49;0.58;0.23;NA;ND;NA;NA;NA;
2;6;0.38;0.54;0.51;NA;0.99;0.72;0.31;NA;ND;NA;NA;NA;
2;7;0.46;0.59;0.56;NA;0.41;0.67;0.38;NA;ND;NA;NA;NA;
2;8;0.45;0.46;0.65;NA;0.35;0.55;0.42;NA;ND;NA;NA;NA;
2;9;0.41;0.46;0.49;NA;0.37;0.51;0.35;NA;ND;NA;NA;NA;
2;10;0.38;0.49;0.58;NA;0.37;0.49;0.29;NA;ND;NA;NA;NA;
2;11;0.38;0.53;0.59;NA;0.38;0.47;0.3;NA;ND;NA;NA;NA;
2;12;0.35;0.54;0.51;NA;0.36;0.46;0.33;NA;ND;NA;NA;NA;
2;13;0.34;0.57;0.54;NA;0.33;0.47;0.37;NA;ND;NA;NA;NA;
2;14;0.37;0.58;0.57;NA;0.42;0.51;0.37;NA;ND;NA;NA;NA;
2;15;0.37;0.59;0.57;NA;0.36;0.54;0.4;NA;ND;NA;NA;NA;
2;16;0.41;0.61;0.56;NA;0.37;0.56;0.42;NA;ND;NA;NA;NA;
2;17;0.48;0.64;0.6;NA;0.39;0.63;0.39;NA;ND;NA;NA;NA;
2;18;0.65;0.73;0.73;NA;0.47;0.69;0.43;NA;ND;NA;NA;NA;
2;19;0.6;0.72;0.8;NA;0.49;0.88;0.44;NA;ND;NA;NA;NA;
2;20;0.57;0.79;0.61;NA;0.42;0.82;0.32;NA;ND;NA;NA;NA;
2;21;0.44;0.7;0.58;NA;0.35;0.67;0.27;NA;ND;NA;NA;NA;
2;22;0.32;ND;0.49;NA;0.33;0.56;0.25;NA;ND;NA;NA;NA;
2;23;0.29;ND;0.43;NA;0.34;0.48;0.21;NA;ND;NA;NA;NA;
3;0;0.25;ND;0.39;NA;0.19;0.43;0.17;NA;ND;NA;NA;NA;
3;1;0.24;0.54;0.39;NA;0.18;0.39;0.16;NA;ND;NA;NA;NA;
3;2;0.23;0.44;0.42;NA;0.17;0.38;0.16;NA;ND;NA;NA;NA;
3;3;0.24;0.4;0.4;NA;0.17;0.38;0.17;NA;ND;NA;NA;NA;
3;4;0.25;0.36;0.39;NA;0.2;0.41;0.18;NA;ND;NA;NA;NA;
3;5;0.31;0.41;0.41;NA;0.31;0.46;0.21;NA;ND;NA;NA;NA;
3;6;0.51;0.7;0.58;NA;0.54;0.73;0.26;NA;ND;NA;NA;NA;
3;7;0.61;0.79;0.72;NA;0.42;0.86;0.3;NA;ND;NA;NA;NA;
3;8;0.59;0.55;0.72;NA;0.35;0.59;0.27;NA;ND;NA;NA;NA;
3;9;0.51;0.53;0.75;NA;0.33;0.59;0.26;NA;ND;NA;NA;NA;
3;10;0.44;0.56;0.66;NA;0.32;0.58;0.27;NA;ND;NA;NA;NA;
3;11;0.42;0.59;0.75;NA;0.3;0.66;0.27;NA;ND;NA;NA;NA;
3;12;0.42;0.57;0.76;NA;0.3;0.64;0.26;NA;ND;NA;NA;NA;
3;13;0.4;0.62;0.77;NA;0.3;0.58;0.3;NA;ND;NA;NA;NA;
3;14;0.43;0.67;0.73;NA;0.43;0.6;0.32;NA;ND;NA;NA;NA;
3;15;0.43;0.72;0.75;NA;0.44;0.62;0.34;NA;ND;NA;NA;NA;
3;16;0.43;0.73;0.76;NA;0.41;0.67;0.35;NA;ND;NA;NA;NA;
3;17;0.51;0.72;0.96;NA;0.4;0.67;0.35;NA;ND;NA;NA;NA;
3;18;0.7;0.83;1.19;NA;0.42;0.83;0.37;NA;ND;NA;NA;NA;
3;19;0.71;0.99;0.87;NA;0.49;0.91;0.33;NA;ND;NA;NA;NA;
3;20;0.61;0.9;0.72;NA;0.43;0.93;0.27;NA;ND;NA;NA;NA;
3;21;0.48;0.9;0.62;NA;0.39;0.76;0.23;NA;ND;NA;NA;NA;
3;22;0.44;0.61;0.54;NA;0.49;0.63;0.21;NA;ND;NA;NA;NA;
3;23;0.32;0.58;0.42;NA;0.22;0.5;0.15;NA;ND;NA;NA;NA;
4;0;ND;0.52;ND;NA;ND;ND;ND;NA;ND;NA;NA;NA;
4;1;0.24;0.49;0.36;NA;0.16;0.39;0.11;NA;ND;NA;NA;NA;
4;2;0.23;0.46;0.35;NA;0.19;0.38;0.1;NA;ND;NA;NA;NA;
4;3;0.24;0.44;0.36;NA;0.17;0.4;0.1;NA;ND;NA;NA;NA;
4;4;0.27;0.46;0.36;NA;0.21;0.45;0.11;NA;ND;NA;NA;NA;
4;5;0.47;0.89;0.39;NA;0.53;0.6;0.14;NA;ND;NA;NA;NA;
4;6;0.88;1.88;0.62;NA;1.22;0.83;0.2;NA;ND;NA;NA;NA;
4;7;0.93;2.07;0.69;NA;0.62;0.9;0.21;NA;ND;NA;NA;NA;
4;8;0.56;1.15;0.68;NA;0.36;0.68;0.21;NA;ND;NA;NA;NA;
4;9;0.5;0.65;0.71;NA;0.27;0.62;0.2;NA;ND;NA;NA;NA;
4;10;0.41;0.8;ND;NA;0.32;0.54;0.2;NA;ND;NA;NA;NA;
4;11;0.4;0.73;ND;NA;0.33;0.49;0.22;NA;ND;NA;NA;NA;
4;12;0.4;0.74;0.51;NA;0.36;0.54;ND;NA;ND;NA;NA;NA;
4;13;0.45;0.8;0.52;NA;0.41;0.58;ND;NA;ND;NA;NA;NA;
4;14;0.42;0.77;0.51;NA;0.43;0.6;ND;NA;ND;NA;NA;NA;
4;15;0.5;0.83;0.66;NA;0.46;0.68;ND;NA;ND;NA;NA;NA;
4;16;0.39;0.8;0.72;NA;0.43;0.73;0.53;NA;ND;NA;NA;NA;
4;17;0.44;0.87;0.82;NA;0.45;0.74;1.81;NA;ND;NA;NA;NA;
4;18;0.49;0.96;0.83;NA;0.53;0.82;1.14;NA;ND;NA;NA;NA;
4;19;0.7;0.93;0.77;NA;0.58;0.85;0.71;NA;ND;NA;NA;NA;
4;20;0.8;0.96;0.67;NA;0.52;0.86;0.44;NA;ND;NA;NA;NA;
4;21;0.66;1.05;0.56;NA;0.44;0.78;0.32;NA;ND;NA;NA;NA;
4;22;0.54;0.97;0.49;NA;0.35;0.66;0.23;NA;ND;NA;NA;NA;
4;23;0.39;0.76;0.35;NA;0.29;0.54;0.15;NA;ND;NA;NA;NA;
5;0;0.35;ND;0.33;NA;0.26;0.5;0.13;NA;ND;NA;NA;NA;
5;1;0.33;0.8;0.3;NA;0.26;0.47;0.1;NA;ND;NA;NA;NA;
5;2;0.31;0.73;0.29;NA;0.24;0.43;0.07;NA;ND;NA;NA;NA;
5;3;0.31;0.74;0.29;NA;0.22;0.43;0.05;NA;ND;NA;NA;NA;
5;4;0.29;0.65;0.29;NA;0.22;0.47;0.03;NA;ND;NA;NA;NA;
5;5;0.34;0.67;0.32;NA;0.29;0.54;0.08;NA;ND;NA;NA;NA;
5;6;0.61;0.9;0.46;NA;1.01;0.83;0.16;NA;ND;NA;NA;NA;
5;7;0.69;1;0.57;NA;0.51;0.89;0.16;NA;ND;NA;NA;NA;
5;8;0.63;0.87;0.66;NA;0.43;0.68;0.12;NA;ND;NA;NA;NA;
5;9;0.56;0.8;0.68;NA;0.4;0.65;0.12;NA;ND;NA;NA;NA;
5;10;0.56;0.71;0.7;NA;0.36;0.66;0.13;NA;ND;NA;NA;NA;
5;11;0.52;0.76;0.69;NA;0.33;0.63;0.13;NA;ND;NA;NA;NA;
5;12;0.44;0.76;0.67;NA;0.34;0.62;0.14;NA;ND;NA;NA;NA;
5;13;0.43;0.78;0.63;NA;0.35;0.6;ND;NA;ND;NA;NA;NA;
5;14;0.4;0.71;0.6;NA;0.33;0.61;ND;NA;ND;NA;NA;NA;
5;15;0.41;0.72;0.56;NA;0.35;0.63;0.36;NA;ND;NA;NA;NA;
5;16;0.39;0.77;0.66;NA;0.37;0.63;0.4;NA;ND;NA;NA;NA;
5;17;0.5;0.89;0.81;NA;0.39;0.7;0.51;NA;ND;NA;NA;NA;
5;18;0.71;0.99;0.9;NA;0.45;0.73;0.52;NA;ND;NA;NA;NA;
5;19;0.78;1.05;0.74;NA;0.49;0.78;0.45;NA;ND;NA;NA;NA;
5;20;0.69;0.97;0.61;NA;0.55;0.72;0.33;NA;ND;NA;NA;NA;
5;21;0.59;0.74;0.54;NA;0.72;0.75;0.28;NA;ND;NA;NA;NA;
5;22;0.5;0.67;0.51;NA;0.49;0.68;0.23;NA;ND;NA;NA;NA;
5;23;0.39;0.61;0.39;NA;0.33;0.54;0.19;NA;ND;NA;NA;NA;
6;0;ND;0.57;ND;NA;ND;ND;ND;NA;ND;NA;NA;NA;
6;1;0.31;0.48;0.28;NA;0.21;0.43;0.14;NA;ND;NA;NA;NA;
6;2;0.29;0.45;0.27;NA;0.2;0.41;0.13;NA;ND;NA;NA;NA;
6;3;0.28;0.44;0.26;NA;0.2;0.42;0.13;NA;ND;NA;NA;NA;
6;4;0.29;0.49;0.26;NA;0.21;0.46;0.14;NA;ND;NA;NA;NA;
6;5;0.33;0.56;0.3;NA;0.31;0.53;0.19;NA;ND;NA;NA;NA;
6;6;0.57;0.82;0.45;NA;0.57;0.75;0.26;NA;ND;NA;NA;NA;
6;7;0.66;0.94;0.55;NA;0.46;0.93;0.27;NA;ND;NA;NA;NA;
6;8;0.58;0.78;0.58;NA;0.37;0.64;0.22;NA;ND;NA;NA;NA;
6;9;0.5;0.71;0.58;NA;0.33;0.59;0.21;NA;ND;NA;NA;NA;
6;10;0.47;0.67;0.54;NA;0.28;0.57;0.23;NA;ND;NA;NA;NA;
6;11;0.46;0.7;0.55;NA;0.32;0.57;0.26;NA;ND;NA;NA;NA;
6;12;0.45;0.7;0.59;NA;0.33;0.59;0.3;NA;ND;NA;NA;NA;
6;13;0.39;0.8;0.57;NA;0.36;ND;0.3;NA;ND;NA;NA;NA;
6;14;0.39;0.81;0.53;NA;0.34;ND;0.32;NA;ND;NA;NA;NA;
6;15;0.38;0.78;0.59;NA;0.35;0.22;0.34;NA;ND;NA;NA;NA;
6;16;0.39;0.84;0.61;NA;0.48;0.43;0.38;NA;ND;NA;NA;NA;
6;17;0.47;0.84;0.7;NA;0.49;0.54;0.5;NA;ND;NA;NA;NA;
6;18;0.68;0.92;1.15;NA;0.49;0.64;0.48;NA;ND;NA;NA;NA;
6;19;0.74;0.96;0.86;NA;0.56;0.45;0.44;NA;ND;NA;NA;NA;
6;20;0.72;1.04;0.61;NA;0.48;0.51;0.32;NA;ND;NA;NA;NA;
6;21;0.55;1.1;0.46;NA;0.36;0.3;0.28;NA;ND;NA;NA;NA;
6;22;0.41;0.85;0.39;NA;0.3;0.15;0.25;NA;ND;NA;NA;NA;
6;23;0.38;0.72;0.33;NA;0.27;0.1;0.22;NA;ND;NA;NA;NA;
7;0;0.35;ND;0.31;NA;0.3;0.05;0.19;NA;ND;NA;NA;NA;
7;1;0.36;0.56;0.28;NA;0.22;0.02;0.17;NA;ND;NA;NA;NA;
7;2;0.33;0.58;0.27;NA;0.24;0.01;0.17;NA;ND;NA;NA;NA;
7;3;0.33;0.65;0.26;NA;0.26;0.03;0.16;NA;ND;NA;NA;NA;
7;4;0.33;0.59;0.26;NA;0.31;0.07;0.17;NA;ND;NA;NA;NA;
7;5;0.36;0.68;0.33;NA;0.6;0.32;0.23;NA;ND;NA;NA;NA;
7;6;1.11;1.01;0.59;NA;1.24;0.59;0.29;NA;ND;NA;NA;NA;
7;7;1.19;1.22;0.63;NA;0.81;0.67;0.31;NA;ND;NA;NA;NA;
7;8;0.63;1;0.58;NA;0.58;0.45;0.28;NA;ND;NA;NA;NA;
7;9;0.46;ND;0.5;NA;0.49;0.25;0.28;NA;ND;NA;NA;NA;
7;10;0.41;ND;0.47;NA;0.43;0.14;0.26;NA;ND;NA;NA;NA;
7;11;0.39;0.42;0.51;NA;0.36;0.09;0.28;NA;ND;NA;NA;NA;
7;12;0.36;0.48;0.51;NA;0.36;0.1;0.33;NA;ND;NA;NA;NA;
7;13;0.35;0.43;0.57;NA;0.34;0.13;0.32;NA;ND;NA;NA;NA;
7;14;0.36;0.45;0.55;NA;0.42;0.3;0.36;NA;ND;NA;NA;NA;
7;15;0.56;0.54;0.68;NA;0.43;0.46;0.42;NA;ND;NA;NA;NA;
7;16;0.59;0.56;0.73;NA;0.43;0.31;0.4;NA;ND;NA;NA;NA;
7;17;0.45;0.52;0.68;NA;0.4;0.36;0.4;NA;ND;NA;NA;NA;
7;18;0.47;0.56;0.83;NA;0.5;0.53;0.48;NA;ND;NA;NA;NA;
7;19;0.44;0.59;0.6;NA;0.56;0.44;0.49;NA;ND;NA;NA;NA;
7;20;0.5;0.56;0.94;NA;0.54;0.6;0.44;NA;ND;NA;NA;NA;
7;21;0.68;0.62;0.95;NA;0.61;0.69;0.35;NA;ND;NA;NA;NA;
7;22;0.87;0.55;0.56;NA;0.72;0.35;0.3;NA;ND;NA;NA;NA;
7;23;0.49;0.55;0.43;NA;0.63;0.25;0.26;NA;ND;NA;NA;NA;
8;0;ND;0.45;ND;NA;ND;ND;ND;NA;ND;NA;NA;NA;
8;1;0.56;0.43;0.33;NA;0.3;0.09;0.22;NA;ND;NA;NA;NA;
8;2;0.49;0.36;0.3;NA;0.28;0.07;0.22;NA;ND;NA;NA;NA;
8;3;0.37;0.37;0.28;NA;0.29;0.04;0.2;NA;ND;NA;NA;NA;
8;4;0.34;0.39;0.27;NA;0.31;0.07;0.19;NA;ND;NA;NA;NA;
8;5;0.32;0.29;0.28;NA;0.25;0.11;0.23;NA;ND;NA;NA;NA;
8;6;0.45;0.44;0.37;NA;0.34;0.25;0.38;NA;ND;NA;NA;NA;
8;7;0.52;0.46;0.41;NA;0.36;0.36;0.47;NA;ND;NA;NA;NA;
8;8;0.65;0.57;0.47;NA;0.47;0.27;0.47;NA;ND;NA;NA;NA;
8;9;0.54;0.43;0.47;NA;0.44;0.23;0.44;NA;ND;NA;NA;NA;
8;10;0.55;0.35;0.53;NA;0.34;0.21;0.44;NA;ND;NA;NA;NA;
8;11;0.45;0.4;0.49;NA;0.43;0.36;0.48;NA;ND;NA;NA;NA;
8;12;0.46;0.47;0.49;NA;0.47;0.23;0.51;NA;ND;NA;NA;NA;
8;13;0.44;0.4;0.48;NA;0.53;0.2;0.44;NA;ND;NA;NA;NA;
8;14;0.44;0.46;0.4;NA;0.45;0.14;0.43;NA;ND;NA;NA;NA;
8;15;0.37;0.41;0.43;NA;0.41;0.14;0.41;NA;ND;NA;NA;NA;
8;16;0.52;0.47;0.43;NA;0.46;0.2;0.42;NA;ND;NA;NA;NA;
8;17;0.46;0.5;0.51;NA;0.42;0.25;0.44;NA;ND;NA;NA;NA;
8;18;0.63;0.62;0.58;NA;0.51;0.33;0.68;NA;ND;NA;NA;NA;
8;19;0.68;0.71;0.74;NA;0.49;0.46;0.55;NA;ND;NA;NA;NA;
8;20;0.62;0.46;0.73;NA;0.4;0.38;0.41;NA;ND;NA;NA;NA;
8;21;0.59;0.53;0.5;NA;0.31;0.26;0.34;NA;ND;NA;NA;NA;
8;22;0.48;0.31;0.48;NA;0.28;0.27;0.29;NA;ND;NA;NA;NA;
8;23;0.36;0.26;0.38;NA;0.23;0.12;0.24;NA;ND;NA;NA;NA;
9;0;0.3;ND;0.32;NA;0.22;0.06;0.22;NA;ND;NA;NA;NA;
9;1;0.28;0.2;0.28;NA;0.2;0.06;0.21;NA;ND;NA;NA;NA;
9;2;0.28;0.19;0.27;NA;0.21;0.04;0.2;NA;ND;NA;NA;NA;
9;3;0.29;0.19;0.28;NA;0.19;0.04;0.2;NA;ND;NA;NA;NA;
9;4;0.28;0.16;0.26;NA;0.19;0.05;0.21;NA;ND;NA;NA;NA;
9;5;0.28;0.19;0.27;NA;0.37;0.15;0.22;NA;ND;NA;NA;NA;
9;6;0.35;0.28;0.32;NA;0.23;0.14;0.29;NA;ND;NA;NA;NA;
9;7;0.44;0.27;0.38;NA;0.27;0.14;0.37;NA;ND;NA;NA;NA;
9;8;0.45;0.31;0.41;NA;0.25;0.02;0.34;NA;ND;NA;NA;NA;
9;9;0.4;0.35;0.36;NA;0.33;0.03;0.32;NA;ND;NA;NA;NA;
9;10;0.41;0.45;0.43;NA;0.32;0.06;0.34;NA;ND;NA;NA;NA;
9;11;0.4;0.43;0.38;NA;0.39;0.03;0.37;NA;ND;NA;NA;NA;
9;12;0.38;0.5;0.37;NA;0.37;0.03;0.38;NA;ND;NA;NA;NA;
9;13;0.36;0.56;0.47;NA;0.34;0.02;0.38;NA;ND;NA;NA;NA;
9;14;0.35;0.72;0.37;NA;0.34;0.02;0.39;NA;ND;NA;NA;NA;
9;15;0.34;0.59;0.39;NA;0.31;0.05;0.43;NA;ND;NA;NA;NA;
9;16;0.37;0.69;0.4;NA;0.35;0.09;0.43;NA;ND;NA;NA;NA;
9;17;0.4;0.67;0.44;NA;0.4;0.16;0.46;NA;ND;NA;NA;NA;
9;18;0.47;0.8;0.51;NA;0.52;0.23;0.48;NA;ND;NA;NA;NA;
9;19;0.53;0.74;0.5;NA;0.61;0.26;0.52;NA;ND;NA;NA;NA;
9;20;0.48;0.52;0.53;NA;0.4;0.28;0.47;NA;ND;NA;NA;NA;
9;21;0.4;0.44;0.49;NA;0.35;0.23;0.34;NA;ND;NA;NA;NA;
9;22;0.36;0.44;0.36;NA;0.39;0.14;0.52;NA;ND;NA;NA;NA;
9;23;0.31;0.29;0.31;NA;0.5;0.11;0.31;NA;ND;NA;NA;NA;
10;0;ND;0.21;ND;NA;ND;ND;ND;NA;ND;NA;NA;NA;
10;1;0.28;0.2;0.27;NA;0.39;0.1;0.27;NA;ND;NA;NA;NA;
10;2;0.28;0.19;0.28;NA;0.25;0;0.25;NA;ND;NA;NA;NA;
10;3;0.28;0.19;0.28;NA;0.28;0;0.25;NA;ND;NA;NA;NA;
10;4;0.31;0.18;0.3;NA;0.3;0.02;0.72;NA;ND;NA;NA;NA;
10;5;0.38;0.48;0.37;NA;0.35;0.09;0.09;NA;ND;NA;NA;NA;
10;6;0.7;1.57;0.71;NA;0.77;0.47;0.24;NA;ND;NA;NA;NA;
10;7;0.85;1.17;0.86;NA;0.96;0.66;0.25;NA;ND;NA;NA;NA;
10;8;0.59;0.45;0.66;NA;0.39;0.3;0.25;NA;ND;NA;NA;NA;
10;9;0.48;0.26;0.56;NA;0.48;0.19;0.3;NA;ND;NA;NA;NA;
10;10;0.44;0.32;0.59;NA;ND;0.22;0.33;NA;ND;NA;NA;NA;
10;11;0.4;0.41;0.61;NA;ND;0.15;0.35;NA;ND;NA;NA;NA;
10;12;0.48;0.41;0.6;NA;0.33;0.12;0.4;NA;ND;NA;NA;NA;
10;13;0.44;0.39;0.61;NA;0.32;0.11;0.39;NA;ND;NA;NA;NA;
10;14;0.37;0.31;0.54;NA;0.33;ND;0.42;NA;ND;NA;NA;NA;
10;15;0.42;0.41;0.63;NA;0.32;ND;0.42;NA;ND;NA;NA;NA;
10;16;0.42;0.39;0.67;NA;0.31;0.07;0.44;NA;ND;NA;NA;NA;
10;17;0.53;0.38;0.78;NA;0.34;0.12;0.44;NA;ND;NA;NA;NA;
10;18;0.74;0.52;0.8;NA;0.43;0.2;0.5;NA;ND;NA;NA;NA;
10;19;0.67;0.66;0.68;NA;0.51;0.28;0.54;NA;ND;NA;NA;NA;
10;20;0.87;0.52;0.65;NA;0.5;0.32;0.6;NA;ND;NA;NA;NA;
10;21;0.82;0.48;0.56;NA;0.43;0.4;0.42;NA;ND;NA;NA;NA;
10;22;0.87;0.68;0.52;NA;0.36;0.53;0.42;NA;ND;NA;NA;NA;
10;23;0.39;0.49;0.35;NA;0.22;0.18;0.31;NA;ND;NA;NA;NA;
11;0;0.42;ND;0.33;NA;ND;0.02;0.27;NA;ND;NA;NA;NA;
11;1;0.42;0.22;0.3;NA;0.38;0.01;0.29;NA;ND;NA;NA;NA;
11;2;0.43;0.19;0.3;NA;0.22;0;0.23;NA;ND;NA;NA;NA;
11;3;0.47;0.2;0.32;NA;0.45;0;0.24;NA;ND;NA;NA;NA;
11;4;0.48;0.26;0.32;NA;0.53;0.06;0.36;NA;ND;NA;NA;NA;
11;5;0.51;0.79;0.37;NA;1.11;0.7;0.39;NA;ND;NA;NA;NA;
11;6;1;1.7;0.63;NA;2.2;1.74;0.58;NA;ND;NA;NA;NA;
11;7;0.84;1.09;0.81;NA;2.22;1.19;0.44;NA;ND;NA;NA;NA;
11;8;0.59;0.44;0.66;NA;0.38;0.15;0.26;NA;ND;NA;NA;NA;
11;9;0.46;0.33;0.55;NA;0.32;0.03;0.31;NA;ND;NA;NA;NA;
11;10;0.45;0.35;0.55;NA;0.32;0.09;0.32;NA;ND;NA;NA;NA;
11;11;0.49;0.38;0.57;NA;0.31;0.07;0.34;NA;ND;NA;NA;NA;
11;12;0.49;0.38;0.6;NA;0.3;0.05;0.39;NA;ND;NA;NA;NA;
11;13;0.42;0.42;0.56;NA;0.34;0.04;0.39;NA;ND;NA;NA;NA;
11;14;0.4;0.4;0.59;NA;0.37;0.07;0.47;NA;ND;NA;NA;NA;
11;15;0.43;0.37;0.65;NA;0.32;0.1;0.44;NA;ND;NA;NA;NA;
11;16;0.37;0.34;0.67;NA;0.37;0.14;0.43;NA;ND;NA;NA;NA;
11;17;0.48;0.4;0.65;NA;0.35;0.1;0.44;NA;ND;NA;NA;NA;
11;18;0.5;0.49;0.54;NA;0.49;0.36;0.55;NA;ND;NA;NA;NA;
11;19;0.72;0.62;0.51;NA;0.65;0.77;0.52;NA;ND;NA;NA;NA;
11;20;1.04;0.62;0.68;NA;0.7;0.6;0.39;NA;ND;NA;NA;NA;
11;21;1.42;0.55;0.68;NA;0.65;0.42;0.36;NA;ND;NA;NA;NA;
11;22;0.77;0.51;0.76;NA;0.77;0.28;0.29;NA;ND;NA;NA;NA;
11;23;0.67;0.65;0.58;NA;0.4;0.12;0.26;NA;ND;NA;NA;NA;
12;0;ND;0.48;ND;NA;0.27;ND;ND;NA;ND;NA;NA;NA;
12;1;0.55;0.38;0.42;NA;0.3;0.01;0.22;NA;ND;NA;NA;NA;
12;2;0.57;0.39;0.49;NA;0.2;0.01;0.22;NA;ND;NA;NA;NA;
12;3;0.61;0.31;0.3;NA;0.15;0;0.2;NA;ND;NA;NA;NA;
12;4;0.6;0.39;0.31;NA;0.15;0;0.2;NA;ND;NA;NA;NA;
12;5;0.68;0.69;0.34;NA;0.29;0.06;0.23;NA;ND;NA;NA;NA;
12;6;1.38;2.08;0.53;NA;0.71;0.37;0.32;NA;ND;NA;NA;NA;
12;7;0.97;1.57;0.6;NA;0.73;0.5;0.39;NA;ND;NA;NA;NA;
12;8;0.64;0.66;0.63;NA;0.41;0.23;0.33;NA;ND;NA;NA;NA;
12;9;0.56;0.46;0.58;NA;0.35;0.09;0.32;NA;ND;NA;NA;NA;
12;10;0.49;0.37;0.52;NA;0.35;0.12;0.34;NA;ND;NA;NA;NA;
12;11;0.43;0.34;0.56;NA;0.35;0.1;ND;NA;ND;NA;NA;NA;
12;12;0.44;0.44;0.59;NA;0.37;0.1;ND;NA;ND;NA;NA;NA;
12;13;0.51;0.5;0.63;NA;0.34;0.07;ND;NA;ND;NA;NA;NA;
12;14;0.45;0.47;0.58;NA;0.38;0.09;ND;NA;ND;NA;NA;NA;
12;15;0.48;0.49;0.64;NA;0.35;0.13;0.28;NA;ND;NA;NA;NA;
12;16;0.49;0.54;0.7;NA;0.37;0.16;0.34;NA;ND;NA;NA;NA;
12;17;0.58;0.56;0.83;NA;0.36;0.17;0.33;NA;ND;NA;NA;NA;
12;18;0.77;0.53;0.87;NA;0.54;0.18;0.35;NA;ND;NA;NA;NA;
12;19;0.8;0.52;0.77;NA;0.59;0.24;0.33;NA;ND;NA;NA;NA;
12;20;0.89;0.59;0.95;NA;0.6;0.61;0.32;NA;ND;NA;NA;NA;
12;21;0.86;0.52;1.03;NA;0.49;0.4;0.2;NA;ND;NA;NA;NA;
12;22;0.79;0.52;0.62;NA;0.65;0.25;0.14;NA;ND;NA;NA;NA;
12;23;0.67;0.38;0.46;NA;0.44;0.13;0.1;NA;ND;NA;NA;NA;
13;0;0.59;ND;0.4;NA;ND;0.04;0.06;NA;ND;NA;NA;NA;
13;1;0.53;0.26;0.33;NA;0.29;0;0.04;NA;ND;NA;NA;NA;
13;2;0.48;0.26;0.32;NA;0.26;0;0.06;NA;ND;NA;NA;NA;
13;3;0.48;0.24;0.32;NA;0.28;0;0.05;NA;ND;NA;NA;NA;
13;4;0.54;0.31;0.33;NA;0.37;0.04;0.07;NA;ND;NA;NA;NA;
13;5;0.71;0.64;0.36;NA;0.52;0.15;0.12;NA;ND;NA;NA;NA;
13;6;1.66;2.18;0.79;NA;1.17;0.48;0.28;NA;ND;NA;NA;NA;
13;7;1.11;1.59;0.94;NA;0.75;0.53;0.26;NA;ND;NA;NA;NA;
13;8;0.73;0.46;0.75;NA;0.37;0.28;0.16;NA;ND;NA;NA;NA;
13;9;0.53;0.43;0.66;NA;0.31;0.18;0.2;NA;ND;NA;NA;NA;
13;10;0.48;0.48;0.56;NA;0.36;0.2;0.2;NA;ND;NA;NA;NA;
13;11;0.45;0.44;0.61;NA;0.36;0.13;0.23;NA;ND;NA;NA;NA;
13;12;0.48;0.5;0.6;NA;0.33;0.24;0.24;NA;ND;NA;NA;NA;
13;13;0.46;ND;0.62;NA;0.33;0.2;0.25;NA;ND;NA;NA;NA;
13;14;ND;ND;0.61;NA;0.33;0.15;0.26;NA;ND;NA;NA;NA;
13;15;ND;0.39;0.67;NA;0.35;0.16;0.26;NA;ND;NA;NA;NA;
13;16;0.39;0.46;0.69;NA;0.38;0.16;0.33;NA;ND;NA;NA;NA;
13;17;0.46;0.5;0.84;NA;0.39;0.23;0.32;NA;ND;NA;NA;NA;
13;18;0.61;0.52;0.98;NA;0.43;0.29;0.35;NA;ND;NA;NA;NA;
13;19;0.78;0.55;0.89;NA;0.5;0.4;0.31;NA;ND;NA;NA;NA;
13;20;0.62;0.55;0.85;NA;0.47;0.5;0.22;NA;ND;NA;NA;NA;
13;21;0.57;0.48;0.7;NA;0.35;0.36;0.2;NA;ND;NA;NA;NA;
13;22;0.53;0.38;0.6;NA;0.34;0.29;0.16;NA;ND;NA;NA;NA;
13;23;0.41;0.29;0.49;NA;0.31;0.15;0.12;NA;ND;NA;NA;NA;
14;0;ND;0.26;ND;NA;0.29;ND;ND;NA;ND;NA;NA;NA;
14;1;0.29;0.18;0.39;NA;0.26;0.07;0.07;NA;ND;NA;NA;NA;
14;2;0.28;0.18;0.38;NA;0.25;0.05;0.06;NA;ND;NA;NA;NA;
14;3;0.29;0.18;0.37;NA;0.24;0.05;0.04;NA;ND;NA;NA;NA;
14;4;0.29;0.18;0.37;NA;0.24;0.09;0.03;NA;ND;NA;NA;NA;
14;5;0.37;0.26;0.41;NA;0.29;0.18;0.06;NA;ND;NA;NA;NA;
14;6;0.71;0.72;0.67;NA;0.55;0.53;0.19;NA;ND;NA;NA;NA;
14;7;0.65;0.75;0.76;NA;0.57;0.66;0.22;NA;ND;NA;NA;NA;
14;8;0.58;0.47;0.78;NA;0.53;0.36;0.18;NA;ND;NA;NA;NA;
14;9;0.48;0.33;0.67;NA;0.35;0.19;0.17;NA;ND;NA;NA;NA;
14;10;0.45;0.37;0.68;NA;0.36;0.24;0.13;NA;ND;NA;NA;NA;
14;11;0.46;0.39;0.72;NA;0.4;0.28;0.21;NA;ND;NA;NA;NA;
14;12;0.49;0.43;0.67;NA;0.45;0.33;0.28;NA;ND;NA;NA;NA;
14;13;0.46;0.46;0.81;NA;0.43;0.34;0.24;NA;ND;NA;NA;NA;
14;14;0.44;0.43;0.77;NA;0.41;0.3;ND;NA;ND;NA;NA;NA;
14;15;0.46;0.46;0.73;NA;0.39;0.27;0.48;NA;ND;NA;NA;NA;
14;16;0.48;0.48;0.82;NA;0.45;0.28;ND;NA;ND;NA;NA;NA;
14;17;0.57;0.6;0.89;NA;0.51;0.41;ND;NA;ND;NA;NA;NA;
14;18;0.77;0.71;0.97;NA;0.55;0.5;ND;NA;ND;NA;NA;NA;
14;19;0.71;0.76;0.8;NA;0.6;0.61;ND;NA;ND;NA;NA;NA;
14;20;0.75;0.79;0.74;NA;0.59;0.51;0.45;NA;ND;NA;NA;NA;
14;21;0.59;0.83;0.68;NA;0.56;0.51;0.43;NA;ND;NA;NA;NA;
14;22;0.53;0.7;0.56;NA;0.59;0.38;0.38;NA;ND;NA;NA;NA;
14;23;0.46;0.54;0.52;NA;0.55;0.28;0.34;NA;ND;NA;NA;NA;
15;0;0.41;ND;0.46;NA;ND;0.15;0.31;NA;ND;NA;NA;NA;
15;1;0.4;0.39;0.43;NA;0.34;0.11;0.29;NA;ND;NA;NA;NA;
15;2;0.4;0.41;0.43;NA;0.35;0.11;0.29;NA;ND;NA;NA;NA;
15;3;0.39;0.45;0.42;NA;0.37;0.12;0.31;NA;ND;NA;NA;NA;
15;4;0.41;0.38;0.43;NA;0.35;0.18;0.27;NA;ND;NA;NA;NA;
15;5;0.41;0.59;0.42;NA;0.43;0.25;0.33;NA;ND;NA;NA;NA;
15;6;0.47;0.66;0.48;NA;0.51;0.35;0.57;NA;ND;NA;NA;NA;
15;7;0.55;0.47;0.56;NA;0.47;0.33;0.51;NA;ND;NA;NA;NA;
15;8;0.54;0.51;0.58;NA;0.34;0.2;0.38;NA;ND;NA;NA;NA;
15;9;0.51;0.4;0.58;NA;0.41;0.2;0.34;NA;ND;NA;NA;NA;
15;10;0.43;0.4;0.5;NA;0.46;0.09;0.3;NA;ND;NA;NA;NA;
15;11;0.43;0.39;0.51;NA;0.42;0.09;0.34;NA;ND;NA;NA;NA;
15;12;0.44;0.38;0.51;NA;0.33;0.09;0.36;NA;ND;NA;NA;NA;
15;13;0.41;0.36;0.51;NA;0.35;0.07;0.34;NA;ND;NA;NA;NA;
15;14;0.4;0.38;0.49;NA;0.35;0.1;0.35;NA;ND;NA;NA;NA;
15;15;0.37;0.38;0.5;NA;0.36;0.09;0.37;NA;ND;NA;NA;NA;
15;16;0.44;0.42;0.52;NA;0.38;0.11;0.43;NA;ND;NA;NA;NA;
15;17;0.49;0.48;0.56;NA;0.42;0.19;0.45;NA;ND;NA;NA;NA;
15;18;0.68;0.63;0.68;NA;0.54;0.21;0.44;NA;ND;NA;NA;NA;
15;19;0.66;0.63;0.56;NA;0.58;0.43;0.44;NA;ND;NA;NA;NA;
15;20;0.64;0.48;0.71;NA;0.49;0.59;0.38;NA;ND;NA;NA;NA;
15;21;0.54;0.47;0.65;NA;0.51;0.42;0.28;NA;ND;NA;NA;NA;
15;22;0.56;0.47;0.46;NA;0.56;0.17;0.22;NA;ND;NA;NA;NA;
15;23;0.64;0.48;0.42;NA;0.42;0.16;0.19;NA;ND;NA;NA;NA;
16;0;ND;0.76;ND;NA;0.38;ND;ND;NA;ND;NA;NA;NA;
16;1;0.52;0.48;0.36;NA;0.33;0.12;0.15;NA;ND;NA;NA;NA;
16;2;0.53;0.47;0.34;NA;0.34;0.09;0.15;NA;ND;NA;NA;NA;
16;3;0.56;0.66;0.32;NA;0.32;0.06;0.12;NA;ND;NA;NA;NA;
16;4;0.51;0.62;0.34;NA;0.32;0.06;0.13;NA;ND;NA;NA;NA;
16;5;0.54;0.84;0.34;NA;0.43;0.09;0.15;NA;ND;NA;NA;NA;
16;6;0.81;1.4;0.35;NA;0.58;0.23;0.22;NA;ND;NA;NA;NA;
16;7;0.6;0.72;0.41;NA;0.51;0.2;0.29;NA;ND;NA;NA;NA;
16;8;0.41;0.45;0.5;NA;0.3;0.1;0.32;NA;ND;NA;NA;NA;
16;9;0.36;0.34;0.38;NA;0.44;0.09;0.29;NA;ND;NA;NA;NA;
16;10;0.33;0.31;0.4;NA;0.28;0.04;0.27;NA;ND;NA;NA;NA;
16;11;0.3;0.33;0.44;NA;0.31;0;0.23;NA;ND;NA;NA;NA;
16;12;0.33;0.32;0.39;NA;0.31;0;0.24;NA;ND;NA;NA;NA;
16;13;0.34;0.32;0.46;NA;0.35;0;0.26;NA;ND;NA;NA;NA;
16;14;0.33;0.3;0.4;NA;0.35;0.01;0.32;NA;ND;NA;NA;NA;
16;15;0.38;0.31;0.41;NA;0.34;0.04;0.36;NA;ND;NA;NA;NA;
16;16;0.34;0.33;0.43;NA;0.36;0.04;0.33;NA;ND;NA;NA;NA;
16;17;0.42;0.43;0.45;NA;0.46;0.05;0.4;NA;ND;NA;NA;NA;
16;18;0.6;0.55;0.66;NA;0.49;0.1;0.54;NA;ND;NA;NA;NA;
16;19;0.55;0.63;0.6;NA;0.51;0.14;0.57;NA;ND;NA;NA;NA;
16;20;0.77;0.57;0.65;NA;0.51;0.29;0.35;NA;ND;NA;NA;NA;
16;21;0.8;0.52;0.63;NA;0.38;0.36;0.29;NA;ND;NA;NA;NA;
16;22;0.68;0.43;0.56;NA;0.42;0.25;0.22;NA;ND;NA;NA;NA;
16;23;0.63;0.44;0.37;NA;0.3;0.07;0.15;NA;ND;NA;NA;NA;
17;0;0.57;ND;0.31;NA;ND;0;0.14;NA;ND;NA;NA;NA;
17;1;0.4;0.4;0.3;NA;0.19;0;0.13;NA;ND;NA;NA;NA;
17;2;0.36;0.27;0.29;NA;0.17;0;0.11;NA;ND;NA;NA;NA;
17;3;0.37;0.23;0.33;NA;0.19;0;0.11;NA;ND;NA;NA;NA;
17;4;0.43;0.39;0.49;NA;0.24;0.04;0.15;NA;ND;NA;NA;NA;
17;5;0.78;0.87;0.49;NA;0.46;0.2;0.2;NA;ND;NA;NA;NA;
17;6;1.75;2.85;1.31;NA;1.55;0.76;0.33;NA;ND;NA;NA;NA;
17;7;1.18;1.84;0.78;NA;1.15;0.51;0.24;NA;ND;NA;NA;NA;
17;8;0.97;0.59;0.71;NA;0.43;0.28;0.22;NA;ND;NA;NA;NA;
17;9;0.45;0.44;0.59;NA;0.37;0.13;0.22;NA;ND;NA;NA;NA;
17;10;0.42;0.36;0.49;NA;0.4;0.11;0.26;NA;ND;NA;NA;NA;
17;11;0.39;0.28;0.57;NA;0.4;0.09;0.27;NA;ND;NA;NA;NA;
17;12;0.37;0.36;0.59;NA;0.43;ND;0.31;NA;ND;NA;NA;NA;
17;13;ND;0.38;0.58;NA;0.43;ND;0.33;NA;ND;NA;NA;NA;
17;14;ND;0.39;0.49;NA;0.44;0.12;0.38;NA;ND;NA;NA;NA;
17;15;ND;0.43;0.48;NA;0.83;0.22;0.94;NA;ND;NA;NA;NA;
17;16;0.31;0.56;0.53;NA;0.65;0.31;1.03;NA;ND;NA;NA;NA;
17;17;0.36;0.58;0.85;NA;0.65;0.45;1;NA;ND;NA;NA;NA;
17;18;0.41;0.63;1.17;NA;0.76;0.73;0.97;NA;ND;NA;NA;NA;
17;19;0.43;0.61;0.98;NA;0.99;0.68;0.8;NA;ND;NA;NA;NA;
17;20;0.68;0.57;0.84;NA;0.97;0.75;0.87;NA;ND;NA;NA;NA;
17;21;0.61;0.5;0.96;NA;0.87;0.56;0.78;NA;ND;NA;NA;NA;
17;22;0.54;0.39;0.81;NA;0.77;0.47;0.62;NA;ND;NA;NA;NA;
17;23;0.51;0.39;0.79;NA;0.81;0.62;0.38;NA;ND;NA;NA;NA;
18;0;ND;0.31;ND;NA;0.73;ND;ND;NA;ND;NA;NA;NA;
18;1;0.35;0.37;0.51;NA;0.37;0.06;0.26;NA;ND;NA;NA;NA;
18;2;0.33;0.33;0.34;NA;0.28;0;0.2;NA;ND;NA;NA;NA;
18;3;0.32;0.32;0.34;NA;0.27;0;0.2;NA;ND;NA;NA;NA;
18;4;0.34;0.36;0.35;NA;0.31;0.05;0.2;NA;ND;NA;NA;NA;
18;5;0.43;0.52;0.41;NA;0.61;0.12;0.26;NA;ND;NA;NA;NA;
18;6;0.97;1.13;1.04;NA;1.4;0.61;0.41;NA;ND;NA;NA;NA;
18;7;1.3;1.56;1.27;NA;0.82;0.73;0.45;NA;ND;NA;NA;NA;
18;8;0.75;0.92;0.8;NA;0.5;0.48;0.36;NA;ND;NA;NA;NA;
18;9;0.45;0.56;0.7;NA;0.42;0.2;0.33;NA;ND;NA;NA;NA;
18;10;0.39;0.47;0.54;NA;0.59;0.24;0.33;NA;ND;NA;NA;NA;
18;11;0.32;0.44;0.65;NA;0.48;ND;0.37;NA;ND;NA;NA;NA;
18;12;0.34;0.51;0.66;NA;0.48;ND;0.39;NA;ND;NA;NA;NA;
18;13;0.36;0.45;0.65;NA;0.45;ND;0.39;NA;ND;NA;NA;NA;
18;14;0.36;0.39;0.68;NA;0.44;ND;0.38;NA;ND;NA;NA;NA;
18;15;0.37;0.42;0.79;NA;0.52;ND;0.43;NA;ND;NA;NA;NA;
18;16;0.43;0.42;0.76;NA;0.5;ND;0.45;NA;ND;NA;NA;NA;
18;17;0.47;0.53;0.82;NA;0.59;0.08;0.47;NA;ND;NA;NA;NA;
18;18;0.52;0.72;1.39;NA;0.83;0.86;0.52;NA;ND;NA;NA;NA;
18;19;0.72;0.63;1.3;NA;1.06;0.89;0.5;NA;ND;NA;NA;NA;
18;20;0.89;0.6;1.3;NA;1.63;1.19;0.44;NA;ND;NA;NA;NA;
18;21;1.07;0.47;1.31;NA;0.84;0.52;0.35;NA;ND;NA;NA;NA;
18;22;0.67;0.74;1.17;NA;0.65;0.18;0.31;NA;ND;NA;NA;NA;
18;23;0.78;0.82;0.78;NA;0.56;0.31;0.24;NA;ND;NA;NA;NA;
19;0;0.71;ND;0.63;NA;ND;ND;0.21;NA;ND;NA;NA;NA;
19;1;0.49;0.72;0.44;NA;0.33;0;0.23;NA;ND;NA;NA;NA;
19;2;0.43;0.59;0.37;NA;0.24;0;0.21;NA;ND;NA;NA;NA;
19;3;0.4;0.49;0.39;NA;0.27;0;0.2;NA;ND;NA;NA;NA;
19;4;0.38;0.68;0.37;NA;0.26;0;0.19;NA;ND;NA;NA;NA;
19;5;0.58;0.81;0.44;NA;0.49;0;0.23;NA;ND;NA;NA;NA;
19;6;2.41;3.43;1;NA;1.2;0.22;0.33;NA;ND;NA;NA;NA;
19;7;1.28;1.08;1;NA;0.98;0.31;0.33;NA;ND;NA;NA;NA;
19;8;0.78;0.54;0.78;NA;0.47;0.04;0.3;NA;ND;NA;NA;NA;
19;9;0.74;0.59;1.02;NA;0.5;0;0.32;NA;ND;NA;NA;NA;
19;10;0.48;0.37;0.6;NA;0.62;ND;0.3;NA;ND;NA;NA;NA;
19;11;0.32;0.36;0.65;NA;0.55;ND;0.32;NA;ND;NA;NA;NA;
19;12;0.33;0.38;0.62;NA;0.51;ND;0.36;NA;ND;NA;NA;NA;
19;13;0.41;0.52;0.58;NA;0.49;ND;0.42;NA;ND;NA;NA;NA;
19;14;0.41;0.56;0.54;NA;0.66;ND;0.7;NA;ND;NA;NA;NA;
19;15;0.36;0.5;0.55;NA;0.63;ND;0.73;NA;ND;NA;NA;NA;
19;16;0.36;0.47;0.74;NA;0.59;ND;0.97;NA;ND;NA;NA;NA;
19;17;0.44;0.64;0.81;NA;0.65;ND;0.9;NA;ND;NA;NA;NA;
19;18;0.63;0.68;1;NA;0.9;ND;1.17;NA;ND;NA;NA;NA;
19;19;1.04;0.67;1.22;NA;1.22;ND;0.65;NA;ND;NA;NA;NA;
19;20;0.87;0.71;0.92;NA;1.19;ND;0.61;NA;ND;NA;NA;NA;
19;21;0.75;0.68;1;NA;1;ND;0.44;NA;ND;NA;NA;NA;
19;22;0.96;0.82;1.18;NA;0.68;ND;0.34;NA;ND;NA;NA;NA;
19;23;0.76;0.77;0.53;NA;0.47;ND;0.26;NA;ND;NA;NA;NA;
20;0;ND;0.53;ND;NA;0.28;ND;ND;NA;ND;NA;NA;NA;
20;1;0.58;0.5;0.39;NA;0.29;ND;0.23;NA;ND;NA;NA;NA;
20;2;0.5;0.58;0.4;NA;0.29;ND;0.22;NA;ND;NA;NA;NA;
20;3;0.48;0.61;0.39;NA;0.31;ND;0.21;NA;ND;NA;NA;NA;
20;4;0.49;0.76;0.39;NA;0.36;ND;0.21;NA;ND;NA;NA;NA;
20;5;0.67;0.97;0.55;NA;0.63;ND;0.26;NA;ND;NA;NA;NA;
20;6;2.88;1.55;1.13;NA;1.57;ND;0.34;NA;ND;NA;NA;NA;
20;7;1.63;0.99;1.1;NA;1.03;ND;0.33;NA;ND;NA;NA;NA;
20;8;1.1;0.6;1.23;NA;0.59;ND;0.32;NA;ND;NA;NA;NA;
20;9;0.62;0.42;0.96;NA;0.56;ND;0.25;NA;ND;NA;NA;NA;
20;10;0.36;0.38;ND;NA;0.64;ND;0.29;NA;ND;NA;NA;NA;
20;11;0.27;0.44;ND;NA;0.53;ND;0.4;NA;ND;NA;NA;NA;
20;12;0.36;0.51;0.42;NA;0.61;ND;0.53;NA;ND;NA;NA;NA;
20;13;0.34;0.57;0.46;NA;0.67;ND;0.62;NA;ND;NA;NA;NA;
20;14;ND;0.59;0.43;NA;0.6;ND;0.66;NA;ND;NA;NA;NA;
20;15;ND;0.6;0.4;NA;0.6;ND;0.67;NA;ND;NA;NA;NA;
20;16;0.35;0.64;0.51;NA;0.6;ND;0.63;NA;ND;NA;NA;NA;
20;17;0.39;0.66;0.82;NA;0.49;ND;0.47;NA;ND;NA;NA;NA;
20;18;0.5;0.68;0.83;NA;0.53;ND;0.49;NA;ND;NA;NA;NA;
20;19;0.65;0.75;0.97;NA;0.71;ND;0.56;NA;ND;NA;NA;NA;
20;20;1.03;1.01;0.95;NA;0.84;ND;0.57;NA;ND;NA;NA;NA;
20;21;0.84;1.09;0.97;NA;1.22;ND;0.74;NA;ND;NA;NA;NA;
20;22;0.91;0.97;1.07;NA;1.46;ND;0.47;NA;ND;NA;NA;NA;
20;23;0.88;0.79;0.68;NA;1;ND;0.28;NA;ND;NA;NA;NA;
21;0;0.99;ND;0.32;NA;ND;ND;0.27;NA;ND;NA;NA;NA;
21;1;0.8;0.84;0.4;NA;0.29;ND;0.27;NA;ND;NA;NA;NA;
21;2;0.68;0.83;0.28;NA;0.29;ND;0.27;NA;ND;NA;NA;NA;
21;3;0.49;0.88;0.28;NA;0.35;ND;0.26;NA;ND;NA;NA;NA;
21;4;0.66;0.74;0.3;NA;0.46;ND;0.25;NA;ND;NA;NA;NA;
21;5;0.71;1.1;0.45;NA;0.91;ND;0.28;NA;ND;NA;NA;NA;
21;6;2.15;2.09;0.84;NA;1.74;ND;0.41;NA;ND;NA;NA;NA;
21;7;1.16;1.12;0.72;NA;0.56;ND;0.4;NA;ND;NA;NA;NA;
21;8;0.57;0.78;0.63;NA;0.44;ND;0.33;NA;ND;NA;NA;NA;
21;9;0.54;0.58;0.47;NA;0.39;ND;0.3;NA;ND;NA;NA;NA;
21;10;0.49;0.41;0.42;NA;0.41;ND;0.34;NA;ND;NA;NA;NA;
21;11;0.33;0.34;0.41;NA;0.33;ND;ND;NA;ND;NA;NA;NA;
21;12;0.34;0.42;0.45;NA;0.39;ND;ND;NA;ND;NA;NA;NA;
21;13;0.42;0.61;0.44;NA;0.5;ND;0.37;NA;ND;NA;NA;NA;
21;14;0.43;0.62;0.48;NA;0.68;ND;0.55;NA;ND;NA;NA;NA;
21;15;0.49;0.67;0.64;NA;0.78;ND;0.69;NA;ND;NA;NA;NA;
21;16;0.45;0.7;0.79;NA;0.74;ND;0.78;NA;ND;NA;NA;NA;
21;17;0.45;0.67;1.49;NA;0.66;ND;0.86;NA;ND;NA;NA;NA;
21;18;0.69;0.69;1.43;NA;0.81;ND;0.95;NA;ND;NA;NA;NA;
21;19;0.77;0.81;1.32;NA;0.88;ND;0.7;NA;ND;NA;NA;NA;
21;20;0.8;0.77;0.96;NA;1.1;ND;0.6;NA;ND;NA;NA;NA;
21;21;1.37;1.08;1.3;NA;1.16;ND;0.52;NA;ND;NA;NA;NA;
21;22;1.78;1.36;1.19;NA;1.42;ND;0.39;NA;ND;NA;NA;NA;
21;23;1.28;0.86;0.38;NA;0.67;ND;0.3;NA;ND;NA;NA;NA;
22;0;ND;0.92;ND;NA;0.56;ND;0.26;NA;ND;NA;NA;NA;
22;1;0.74;0.81;0.29;NA;0.41;ND;0.25;NA;ND;NA;NA;NA;
22;2;0.76;1;0.28;NA;0.41;ND;0.25;NA;ND;NA;NA;NA;
22;3;0.72;1.29;0.29;NA;0.37;ND;0.23;NA;ND;NA;NA;NA;
22;4;0.83;0.83;0.37;NA;0.51;ND;0.22;NA;ND;NA;NA;NA;
22;5;0.77;1.05;0.47;NA;0.73;ND;0.31;NA;ND;NA;NA;NA;
22;6;1.24;1.91;1.1;NA;1.54;ND;0.72;NA;ND;NA;NA;NA;
22;7;1.42;2.08;0.86;NA;1.47;ND;0.61;NA;ND;NA;NA;NA;
22;8;1.61;0.91;0.85;NA;0.83;ND;0.6;NA;ND;NA;NA;NA;
22;9;0.63;0.94;0.58;NA;0.66;ND;0.48;NA;ND;NA;NA;NA;
22;10;0.48;0.57;0.45;NA;0.5;ND;0.34;NA;ND;NA;NA;NA;
22;11;0.37;0.53;0.41;NA;0.4;ND;0.32;NA;ND;NA;NA;NA;
22;12;0.39;0.53;0.46;NA;0.49;ND;0.38;NA;ND;NA;NA;NA;
22;13;0.41;0.63;0.48;NA;0.49;ND;0.43;NA;ND;NA;NA;NA;
22;14;0.41;0.65;0.48;NA;0.45;ND;0.42;NA;ND;NA;NA;NA;
22;15;0.41;0.67;0.5;NA;0.57;ND;0.51;NA;ND;NA;NA;NA;
22;16;0.35;0.58;0.32;NA;0.71;ND;0.73;NA;ND;NA;NA;NA;
22;17;0.4;0.64;0.41;NA;0.72;ND;0.68;NA;ND;NA;NA;NA;
22;18;0.43;0.68;0.35;NA;0.86;ND;0.62;NA;ND;NA;NA;NA;
22;19;0.46;0.71;0.58;NA;0.83;ND;0.49;NA;ND;NA;NA;NA;
22;20;0.55;0.68;0.78;NA;0.81;ND;0.44;NA;ND;NA;NA;NA;
22;21;0.71;0.66;0.65;NA;0.74;ND;0.45;NA;ND;NA;NA;NA;
22;22;0.74;0.9;0.72;NA;0.86;ND;0.42;NA;ND;NA;NA;NA;
22;23;0.75;1;ND;NA;0.67;ND;0.36;NA;ND;NA;NA;NA;
23;0;0.82;ND;ND;NA;ND;ND;ND;NA;ND;NA;NA;NA;
23;1;0.79;0.98;0.48;NA;0.68;ND;0.23;NA;ND;NA;NA;NA;
23;2;0.69;0.95;0.33;NA;0.51;ND;0.22;NA;ND;NA;NA;NA;
23;3;0.51;1.09;0.36;NA;0.53;ND;0.2;NA;ND;NA;NA;NA;
23;4;0.62;0.74;0.36;NA;0.57;ND;0.2;NA;ND;NA;NA;NA;
23;5;0.72;0.81;0.4;NA;0.75;ND;0.21;NA;ND;NA;NA;NA;
23;6;0.98;0.8;0.31;NA;0.86;ND;0.28;NA;ND;NA;NA;NA;
23;7;0.58;1.05;0.43;NA;0.56;ND;0.33;NA;ND;NA;NA;NA;
23;8;0.46;0.7;0.51;NA;0.39;ND;0.42;NA;ND;NA;NA;NA;
23;9;0.45;0.65;0.42;NA;0.48;ND;0.4;NA;ND;NA;NA;NA;
23;10;0.4;0.62;0.41;NA;0.38;ND;0.31;NA;ND;NA;NA;NA;
23;11;0.32;0.58;0.36;NA;0.46;ND;0.3;NA;ND;NA;NA;NA;
23;12;0.32;0.58;0.36;NA;0.42;ND;0.37;NA;ND;NA;NA;NA;
23;13;0.46;0.66;0.4;NA;0.45;ND;0.4;NA;ND;NA;NA;NA;
23;14;0.36;0.6;0.36;NA;0.41;ND;0.33;NA;ND;NA;NA;NA;
23;15;0.38;0.69;0.35;NA;0.4;ND;0.34;NA;ND;NA;NA;NA;
23;16;0.36;0.67;0.36;NA;0.61;ND;0.59;NA;ND;NA;NA;NA;
23;17;0.4;0.7;0.38;NA;0.68;ND;0.66;NA;ND;NA;NA;NA;
23;18;0.44;0.67;0.39;NA;0.62;ND;0.56;NA;ND;NA;NA;NA;
23;19;0.67;0.77;0.41;NA;0.71;ND;0.51;NA;ND;NA;NA;NA;
23;20;0.61;0.73;0.53;NA;0.68;ND;0.51;NA;ND;NA;NA;NA;
23;21;0.46;0.71;0.56;NA;0.61;ND;0.45;NA;ND;NA;NA;NA;
23;22;0.42;0.66;0.51;NA;0.53;ND;0.3;NA;ND;NA;NA;NA;
23;23;0.33;0.53;0.4;NA;0.36;ND;0.27;NA;ND;NA;NA;NA;
24;0;ND;0.49;ND;NA;0.38;ND;0.23;NA;ND;NA;NA;NA;
24;1;0.31;0.51;0.32;NA;0.33;ND;0.21;NA;ND;NA;NA;NA;
24;2;0.29;0.54;0.31;NA;0.29;ND;0.21;NA;ND;NA;NA;NA;
24;3;0.29;0.49;0.29;NA;0.38;ND;0.2;NA;ND;NA;NA;NA;
24;4;0.33;0.47;0.28;NA;0.33;ND;0.23;NA;ND;NA;NA;NA;
24;5;0.48;0.77;0.35;NA;0.46;ND;0.38;NA;ND;NA;NA;NA;
24;6;1.32;1.29;0.89;NA;1.07;ND;0.88;NA;ND;NA;NA;NA;
24;7;1.34;1.33;1.44;NA;1.38;ND;0.51;NA;ND;NA;NA;NA;
24;8;1.18;0.99;1.4;NA;1.21;ND;0.26;NA;ND;NA;NA;NA;
24;9;0.84;0.73;0.9;NA;0.72;ND;0.26;NA;ND;NA;NA;NA;
24;10;0.52;0.63;0.49;NA;0.57;ND;0.31;NA;ND;NA;NA;NA;
24;11;0.38;0.64;0.49;NA;0.54;ND;0.37;NA;ND;NA;NA;NA;
24;12;0.38;0.76;0.5;NA;0.81;ND;0.52;NA;ND;NA;NA;NA;
24;13;0.39;0.71;0.55;NA;0.7;ND;ND;NA;ND;NA;NA;NA;
24;14;0.39;0.72;0.68;NA;0.58;ND;0.97;NA;ND;NA;NA;NA;
24;15;0.49;0.8;0.77;NA;0.72;ND;1;NA;ND;NA;NA;NA;
24;16;0.56;0.95;1.02;NA;0.82;ND;0.79;NA;ND;NA;NA;NA;
24;17;0.57;0.99;1.13;NA;1.12;ND;0.8;NA;ND;NA;NA;NA;
24;18;0.78;1.04;1.55;NA;1.44;ND;1;NA;ND;NA;NA;NA;
24;19;0.62;0.82;1.27;NA;1.42;ND;0.96;NA;ND;NA;NA;NA;
24;20;0.7;0.84;1.19;NA;1.51;ND;0.87;NA;ND;NA;NA;NA;
24;21;0.53;0.72;1.04;NA;1.11;ND;0.77;NA;ND;NA;NA;NA;
24;22;0.51;0.64;0.86;NA;1.31;ND;0.78;NA;ND;NA;NA;NA;
24;23;0.39;0.59;0.67;NA;0.73;ND;0.73;NA;ND;NA;NA;NA;
25;0;0.35;ND;0.56;NA;ND;ND;0.48;NA;ND;NA;NA;NA;
25;1;0.36;0.62;0.5;NA;0.71;ND;0.78;NA;ND;NA;NA;NA;
25;2;0.34;0.55;0.49;NA;0.64;ND;0.46;NA;ND;NA;NA;NA;
25;3;0.34;0.59;0.44;NA;0.53;ND;0.41;NA;ND;NA;NA;NA;
25;4;0.4;0.62;0.47;NA;0.54;ND;0.65;NA;ND;NA;NA;NA;
25;5;0.49;0.66;0.5;NA;0.79;ND;0.78;NA;ND;NA;NA;NA;
25;6;0.89;1.06;0.85;NA;1.25;ND;0.81;NA;ND;NA;NA;NA;
25;7;0.85;1.53;1.06;NA;1.5;ND;0.51;NA;ND;NA;NA;NA;
25;8;0.97;1;1.43;NA;1.25;ND;0.44;NA;ND;NA;NA;NA;
25;9;0.92;0.98;0.91;NA;0.75;ND;0.36;NA;ND;NA;NA;NA;
25;10;0.53;0.83;0.56;NA;0.51;ND;0.35;NA;ND;NA;NA;NA;
25;11;0.37;0.67;0.53;NA;0.54;ND;0.31;NA;ND;NA;NA;NA;
25;12;0.37;0.72;0.55;NA;0.67;ND;0.4;NA;ND;NA;NA;NA;
25;13;0.36;0.74;0.49;NA;0.59;ND;0.4;NA;ND;NA;NA;NA;
25;14;0.38;0.73;0.49;NA;0.58;ND;0.42;NA;ND;NA;NA;NA;
25;15;0.35;0.78;0.45;NA;0.71;ND;0.46;NA;ND;NA;NA;NA;
25;16;0.47;0.78;0.51;NA;0.66;ND;0.77;NA;ND;NA;NA;NA;
25;17;0.54;0.93;1.19;NA;0.79;ND;0.77;NA;ND;NA;NA;NA;
25;18;1.01;1.14;1.53;NA;1.3;ND;0.89;NA;ND;NA;NA;NA;
25;19;0.9;1.03;1.16;NA;1.1;ND;0.87;NA;ND;NA;NA;NA;
25;20;1.07;1.12;1.38;NA;1.18;ND;0.74;NA;ND;NA;NA;NA;
25;21;1.08;0.89;1.31;NA;1.72;ND;0.68;NA;ND;NA;NA;NA;
25;22;0.92;0.8;0.85;NA;1.53;ND;1.12;NA;ND;NA;NA;NA;
25;23;0.85;0.9;0.96;NA;1.81;ND;0.24;NA;ND;NA;NA;NA;
26;0;ND;1.08;0.85;NA;1.72;ND;ND;NA;ND;NA;NA;NA;
26;1;0.85;1.05;0.47;NA;0.7;ND;0.19;NA;ND;NA;NA;NA;
26;2;0.68;0.72;0.59;NA;0.6;ND;0.18;NA;ND;NA;NA;NA;
26;3;0.67;0.84;0.41;NA;0.47;ND;0.18;NA;ND;NA;NA;NA;
26;4;0.64;1.1;0.28;NA;0.38;ND;0.19;NA;ND;NA;NA;NA;
26;5;0.75;1.28;0.31;NA;0.63;ND;0.25;NA;ND;NA;NA;NA;
26;6;1.4;2.48;0.72;NA;1.77;ND;0.48;NA;ND;NA;NA;NA;
26;7;1.84;2.8;0.82;NA;1.41;ND;0.39;NA;ND;NA;NA;NA;
26;8;1.1;1.04;0.73;NA;0.73;ND;0.36;NA;ND;NA;NA;NA;
26;9;0.59;0.89;0.64;NA;0.58;ND;0.33;NA;ND;NA;NA;NA;
26;10;0.44;0.7;0.41;NA;0.47;ND;0.3;NA;ND;NA;NA;NA;
26;11;0.41;0.69;0.56;NA;0.48;ND;0.33;NA;ND;NA;NA;NA;
26;12;0.39;0.73;0.42;NA;ND;ND;0.32;NA;ND;NA;NA;NA;
26;13;0.39;0.74;0.52;NA;0.49;ND;0.38;NA;ND;NA;NA;NA;
26;14;0.37;0.74;0.49;NA;0.46;ND;0.37;NA;ND;NA;NA;NA;
26;15;0.39;0.75;0.55;NA;0.48;ND;0.41;NA;ND;NA;NA;NA;
26;16;0.42;0.79;0.61;NA;0.62;0.43;0.56;NA;ND;NA;NA;NA;
26;17;0.43;0.76;0.65;NA;0.69;0.59;0.67;NA;ND;NA;NA;NA;
26;18;0.5;0.87;0.58;NA;0.74;0.95;0.58;NA;ND;NA;NA;NA;
26;19;0.65;0.94;1.06;NA;0.78;0.75;0.51;NA;ND;NA;NA;NA;
26;20;0.7;0.88;0.89;NA;0.85;0.83;0.43;NA;ND;NA;NA;NA;
26;21;0.82;0.78;0.66;NA;0.64;0.55;0.34;NA;ND;NA;NA;NA;
26;22;0.6;0.72;0.64;NA;0.44;0.51;0.27;NA;ND;NA;NA;NA;
26;23;0.52;0.63;0.39;NA;0.55;0.36;0.23;NA;ND;NA;NA;NA;
27;0;0.51;0.58;ND;NA;ND;0.29;0.21;NA;ND;NA;NA;NA;
27;1;0.44;0.61;0.28;NA;0.36;0.27;0.21;NA;ND;NA;NA;NA;
27;2;0.38;0.6;0.23;NA;0.35;0.23;0.2;NA;ND;NA;NA;NA;
27;3;0.38;0.71;0.23;NA;0.34;0.22;0.19;NA;ND;NA;NA;NA;
27;4;0.49;0.79;0.24;NA;0.39;0.27;0.18;NA;ND;NA;NA;NA;
27;5;0.67;1.19;0.28;NA;0.74;0.51;0.26;NA;ND;NA;NA;NA;
27;6;1.64;3.21;0.67;NA;1.53;0.98;0.38;NA;ND;NA;NA;NA;
27;7;1.36;1.38;0.86;NA;0.95;0.82;0.39;NA;ND;NA;NA;NA;
27;8;0.67;0.87;0.57;NA;0.57;0.51;0.32;NA;ND;NA;NA;NA;
27;9;0.54;0.79;0.5;NA;0.47;0.42;0.32;NA;ND;NA;NA;NA;
27;10;0.46;0.65;0.5;NA;0.49;0.48;0.3;NA;ND;NA;NA;NA;
27;11;0.45;0.74;0.53;NA;0.51;0.44;0.32;NA;ND;NA;NA;NA;
27;12;0.45;0.88;0.59;NA;0.58;0.4;0.35;NA;ND;NA;NA;NA;
27;13;0.43;0.93;0.56;NA;0.64;0.41;0.46;NA;ND;NA;NA;NA;
27;14;0.44;0.91;0.48;NA;0.71;0.55;0.42;NA;ND;NA;NA;NA;
27;15;0.41;0.81;0.58;NA;0.59;0.66;0.43;NA;ND;NA;NA;NA;
27;16;0.73;1.09;0.72;NA;0.69;0.7;0.44;NA;ND;NA;NA;NA;
27;17;1.75;1.37;0.75;NA;0.84;1.06;0.57;NA;ND;NA;NA;NA;
27;18;1.23;1.07;1.21;NA;1.32;1.61;0.58;NA;ND;NA;NA;NA;
27;19;1.01;1.06;0.85;NA;1.09;1.14;0.48;NA;ND;NA;NA;NA;
27;20;0.81;1.03;0.88;NA;0.79;0.61;0.4;NA;ND;NA;NA;NA;
27;21;0.94;0.94;0.71;NA;0.8;0.71;0.36;NA;ND;NA;NA;NA;
27;22;0.83;0.88;0.55;NA;0.94;0.56;0.32;NA;ND;NA;NA;NA;
27;23;0.68;1.05;0.51;NA;0.59;0.44;0.27;NA;ND;NA;NA;NA;
28;0;ND;1.1;0.33;NA;0.5;ND;ND;NA;ND;NA;NA;NA;
28;1;0.62;1.06;0.3;NA;0.46;0.3;0.22;NA;ND;NA;NA;NA;
28;2;0.48;0.88;0.32;NA;0.37;0.26;0.21;NA;ND;NA;NA;NA;
28;3;0.51;0.76;0.3;NA;0.34;0.26;0.21;NA;ND;NA;NA;NA;
28;4;0.61;0.68;0.4;NA;0.43;0.28;0.23;NA;ND;NA;NA;NA;
28;5;0.86;1.07;0.52;NA;0.92;0.55;0.33;NA;ND;NA;NA;NA;
28;6;1.39;1.98;1.09;NA;2.22;1.19;0.82;NA;ND;NA;NA;NA;
28;7;0.93;1.65;1.08;NA;1.66;1.24;0.59;NA;ND;NA;NA;NA;
28;8;1.17;0.91;0.98;NA;1.3;1.12;0.31;NA;ND;NA;NA;NA;
28;9;0.6;0.73;0.9;NA;0.91;0.75;0.32;NA;ND;NA;NA;NA;
28;10;0.61;0.8;0.49;NA;0.63;0.53;0.31;NA;ND;NA;NA;NA;
28;11;0.42;0.8;0.49;NA;0.51;0.39;0.33;NA;ND;NA;NA;NA;
28;12;0.42;0.86;0.52;NA;0.57;0.45;0.4;NA;ND;NA;NA;NA;
28;13;0.43;0.93;0.55;NA;0.74;0.44;0.47;NA;ND;NA;NA;NA;
28;14;0.43;0.89;0.44;NA;0.85;0.57;0.51;NA;ND;NA;NA;NA;
28;15;0.44;0.81;0.4;NA;0.74;0.59;0.54;NA;ND;NA;NA;NA;
28;16;0.57;0.94;0.88;NA;0.76;0.72;0.63;NA;ND;NA;NA;NA;
28;17;1.07;1.19;1.29;NA;1.1;1.05;0.98;NA;ND;NA;NA;NA;
28;18;1.05;1.08;1.8;NA;1.65;1.75;1.28;NA;ND;NA;NA;NA;
28;19;0.65;1.02;1.26;NA;2.53;2.47;1.89;NA;ND;NA;NA;NA;
28;20;1.61;1.38;1.95;NA;3.26;1.8;1.74;NA;ND;NA;NA;NA;
28;21;2.26;1.75;1.86;NA;2.93;1.06;0.9;NA;ND;NA;NA;NA;
28;22;1.84;1.44;2.1;NA;2.74;1.93;0.39;NA;ND;NA;NA;NA;
28;23;1.85;1.27;1.69;NA;3.1;0.84;0.25;NA;ND;NA;NA;NA;
29;0;1.04;ND;ND;NA;ND;0.9;0.21;NA;ND;NA;NA;NA;
29;1;0.75;1.58;0.82;NA;0.52;0.43;0.2;NA;ND;NA;NA;NA;
29;2;0.66;1.93;0.46;NA;0.51;0.39;0.17;NA;ND;NA;NA;NA;
29;3;0.75;1.74;0.44;NA;0.51;0.39;0.18;NA;ND;NA;NA;NA;
29;4;0.79;1.59;0.32;NA;0.56;0.42;0.17;NA;ND;NA;NA;NA;
29;5;0.92;1.29;0.32;NA;0.78;0.58;0.22;NA;ND;NA;NA;NA;
29;6;0.95;1.83;0.36;NA;1.22;0.68;0.45;NA;ND;NA;NA;NA;
29;7;0.7;1.03;0.42;NA;0.75;0.5;0.53;NA;ND;NA;NA;NA;
29;8;0.56;0.98;0.52;NA;0.65;0.44;0.48;NA;ND;NA;NA;NA;
29;9;0.55;0.82;0.46;NA;0.53;0.38;0.36;NA;ND;NA;NA;NA;
29;10;0.5;0.78;0.51;NA;0.53;0.36;0.37;NA;ND;NA;NA;NA;
29;11;0.45;0.74;0.4;NA;0.52;0.36;0.33;NA;ND;NA;NA;NA;
29;12;0.44;ND;0.44;NA;0.59;0.33;0.38;NA;ND;NA;NA;NA;
29;13;0.45;0.37;0.5;NA;0.57;0.31;0.41;NA;ND;NA;NA;NA;
29;14;0.43;0.4;0.41;NA;0.51;0.32;0.43;NA;ND;NA;NA;NA;
29;15;0.46;0.43;0.42;NA;0.55;0.38;0.44;NA;ND;NA;NA;NA;
29;16;0.48;0.39;0.54;NA;0.54;0.36;0.44;NA;ND;NA;NA;NA;
29;17;0.49;0.49;0.58;NA;0.58;0.47;0.53;NA;ND;NA;NA;NA;
29;18;0.71;0.52;0.63;NA;0.6;0.62;0.52;NA;ND;NA;NA;NA;
29;19;0.52;0.56;0.57;NA;0.57;0.6;0.44;NA;ND;NA;NA;NA;
29;20;0.61;0.53;0.49;NA;0.88;0.86;0.39;NA;ND;NA;NA;NA;
29;21;0.68;0.55;0.65;NA;0.53;0.73;0.32;NA;ND;NA;NA;NA;
29;22;0.64;0.45;0.41;NA;0.41;0.48;0.26;NA;ND;NA;NA;NA;
29;23;0.49;0.45;0.32;NA;0.58;0.39;0.23;NA;ND;NA;NA;NA;
30;0;0.51;0.42;0.29;NA;0.5;ND;ND;NA;ND;NA;NA;NA;
30;1;0.53;0.6;0.29;NA;0.5;0.26;0.19;NA;ND;NA;NA;NA;
30;2;0.52;0.75;0.31;NA;0.5;0.27;0.2;NA;ND;NA;NA;NA;
30;3;0.48;0.7;0.26;NA;0.45;0.24;0.2;NA;ND;NA;NA;NA;
30;4;0.46;0.56;0.26;NA;0.49;0.24;0.19;NA;ND;NA;NA;NA;
30;5;0.52;0.51;0.28;NA;0.49;0.36;0.21;NA;ND;NA;NA;NA;
30;6;0.62;0.93;0.3;NA;0.58;0.33;0.3;NA;ND;NA;NA;NA;
30;7;0.6;0.49;0.37;NA;0.51;0.39;0.37;NA;ND;NA;NA;NA;
30;8;0.45;0.39;0.42;NA;0.5;0.31;0.43;NA;ND;NA;NA;NA;
30;9;0.44;0.39;0.38;NA;0.46;0.2;0.4;NA;ND;NA;NA;NA;
30;10;0.4;0.38;0.35;NA;0.46;0.22;0.33;NA;ND;NA;NA;NA;
30;11;0.37;0.45;0.36;NA;0.47;0.23;0.33;NA;ND;NA;NA;NA;
30;12;0.38;0.51;0.34;NA;0.5;0.23;0.34;NA;ND;NA;NA;NA;
30;13;0.36;0.4;0.37;NA;0.48;0.22;0.33;NA;ND;NA;NA;NA;
30;14;0.32;0.36;0.36;NA;0.45;0.22;0.36;NA;ND;NA;NA;NA;
30;15;0.37;0.41;0.36;NA;0.44;0.24;0.46;NA;ND;NA;NA;NA;
30;16;0.41;0.44;0.39;NA;0.47;0.33;0.99;NA;ND;NA;NA;NA;
30;17;0.42;0.39;0.42;NA;0.52;0.34;1.05;NA;ND;NA;NA;NA;
30;18;0.46;0.39;0.58;NA;0.59;0.4;1.09;NA;ND;NA;NA;NA;
30;19;0.57;0.41;0.77;NA;0.68;0.4;1.03;NA;ND;NA;NA;NA;
30;20;0.6;0.37;0.58;NA;0.55;0.53;0.98;NA;ND;NA;NA;NA;
30;21;0.69;0.36;0.38;NA;0.46;0.42;0.87;NA;ND;NA;NA;NA;
30;22;0.54;0.27;0.32;NA;0.37;ND;0.86;NA;ND;NA;NA;NA;
30;23;0.53;0.25;0.26;NA;0.38;ND;0.82;NA;ND;NA;NA;NA;
