DIA;HORA;Cotocollao;Carapungo;Belisario;Jipijapa;El Camal;Centro;Guamaní;Tumbaco;Los Chillos;El Condado;Turubamba;Chillogallo;
1;0;18.19;13.18;2.84;NA;27.38;23.46;NA;NA;ND;NA;NA;NA;
1;1;6.65;6.41;4.21;NA;25.03;21.59;NA;NA;ND;NA;NA;NA;
1;2;0.95;11.8;5.76;NA;1.23;9.72;NA;NA;ND;NA;NA;NA;
1;3;5.48;5.09;5.03;NA;2.27;3.81;NA;NA;ND;NA;NA;NA;
1;4;4.6;0.99;4.88;NA;6.18;6.7;NA;NA;ND;NA;NA;NA;
1;5;5.19;10.45;6.45;NA;10.92;11.31;NA;NA;ND;NA;NA;NA;
1;6;21.59;14.78;8.78;NA;46.33;13.49;NA;NA;ND;NA;NA;NA;
1;7;39.6;23.37;21.53;NA;50.45;39.78;NA;NA;ND;NA;NA;NA;
1;8;38.79;18.76;22.96;NA;66.56;54.68;NA;NA;ND;NA;NA;NA;
1;9;54.02;18.18;31.33;NA;39.8;38.19;NA;NA;ND;NA;NA;NA;
1;10;32.13;46.73;28.22;NA;38.1;35.86;NA;NA;ND;NA;NA;NA;
1;11;24.41;39.57;36.98;NA;26.83;36.19;NA;NA;ND;NA;NA;NA;
1;12;23.09;4.99;9.66;NA;24.81;15.47;NA;NA;ND;NA;NA;NA;
1;13;14.33;5.72;7.6;NA;7.03;3.65;NA;NA;ND;NA;NA;NA;
1;14;12.43;24.59;17.39;NA;24.11;7.88;NA;NA;ND;NA;NA;NA;
1;15;9.12;23.42;12.67;NA;5.39;13.13;NA;NA;ND;NA;NA;NA;
1;16;19.34;11.78;12.11;NA;10.38;13.82;NA;NA;ND;NA;NA;NA;
1;17;20.14;16.34;19.82;NA;10.53;22.93;NA;NA;ND;NA;NA;NA;
1;18;8.99;20.84;16.31;NA;21.68;16.96;NA;NA;ND;NA;NA;NA;
1;19;8.09;20.64;24.48;NA;16.7;23.87;NA;NA;ND;NA;NA;NA;
1;20;15.07;25.21;17.03;NA;34.84;26.67;NA;NA;ND;NA;NA;NA;
1;21;12.48;26.45;24.19;NA;42.77;33.54;NA;NA;ND;NA;NA;NA;
1;22;10.31;32.59;18.45;NA;32.75;25.51;NA;NA;ND;NA;NA;NA;
1;23;ND;50.22;12.36;NA;15.68;21.81;NA;NA;ND;NA;NA;NA;
2;0;23.07;61.49;11.04;NA;16.42;5.54;NA;NA;ND;NA;NA;NA;
2;1;19.4;50.94;13.14;NA;17.28;0.02;NA;NA;ND;NA;NA;NA;
2;2;14.34;37.76;14.94;NA;14.21;34.8;NA;NA;ND;NA;NA;NA;
2;3;15;37.42;15.31;NA;17.8;17.33;NA;NA;ND;NA;NA;NA;
2;4;23.8;42.65;6.66;NA;13.79;7.21;NA;NA;ND;NA;NA;NA;
2;5;24.62;27.43;11.73;NA;22.09;10.29;NA;NA;ND;NA;NA;NA;
2;6;26.27;43.92;18.92;NA;46.87;41.02;NA;NA;ND;NA;NA;NA;
2;7;46.15;104.55;57;NA;88.68;53.92;NA;NA;ND;NA;NA;NA;
2;8;34.12;89.33;40.07;NA;38.41;24.47;NA;NA;ND;NA;NA;NA;
2;9;29.37;58.06;46.2;NA;31.44;27.23;NA;NA;ND;NA;NA;NA;
2;10;28.4;61.97;25.18;NA;37.06;36;NA;NA;ND;NA;NA;NA;
2;11;6.32;26.69;16.51;NA;25.38;28.51;NA;NA;ND;NA;NA;NA;
2;12;5.76;10.26;3.95;NA;16.57;5.42;NA;NA;ND;NA;NA;NA;
2;13;11.42;15.73;11.44;NA;5.18;5.64;NA;NA;ND;NA;NA;NA;
2;14;15.13;11.88;12.43;NA;9.36;12.5;NA;NA;ND;NA;NA;NA;
2;15;7.54;9.35;8.56;NA;8.21;2.03;NA;NA;ND;NA;NA;NA;
2;16;6.91;19.28;8.95;NA;0.91;5.95;NA;NA;ND;NA;NA;NA;
2;17;15.24;15.92;5.04;NA;14.44;11.71;NA;NA;ND;NA;NA;NA;
2;18;15.67;27.62;17.88;NA;12.45;20.38;NA;NA;ND;NA;NA;NA;
2;19;18.34;25.18;16.28;NA;21.3;14.28;NA;NA;ND;NA;NA;NA;
2;20;26.58;22.2;24.56;NA;30.25;24.05;NA;NA;ND;NA;NA;NA;
2;21;14.98;18.13;22.61;NA;31.47;24.23;NA;NA;ND;NA;NA;NA;
2;22;15.25;14.25;25.81;NA;25.01;16.78;NA;NA;ND;NA;NA;NA;
2;23;ND;26.94;16.68;NA;24.46;20.35;NA;NA;ND;NA;NA;NA;
3;0;17.59;19.13;38.93;NA;36.07;31.71;NA;NA;ND;NA;NA;NA;
3;1;16.62;22.57;30.87;NA;26.39;30.08;NA;NA;ND;NA;NA;NA;
3;2;14.14;35.07;22.21;NA;16.23;14.36;NA;NA;ND;NA;NA;NA;
3;3;15.84;29.67;7.74;NA;17.98;19.23;NA;NA;ND;NA;NA;NA;
3;4;24.87;29.06;14.84;NA;18.09;15.89;NA;NA;ND;NA;NA;NA;
3;5;21.44;14.36;17.37;NA;19.29;7.18;NA;NA;ND;NA;NA;NA;
3;6;27.3;43.75;18.11;NA;24.12;21.12;NA;NA;ND;NA;NA;NA;
3;7;29.3;48.57;33.26;NA;37.9;32.69;NA;NA;ND;NA;NA;NA;
3;8;16.01;39.21;37.4;NA;38.4;31.35;NA;NA;ND;NA;NA;NA;
3;9;29.76;12.02;36.99;NA;26.8;11.86;NA;NA;ND;NA;NA;NA;
3;10;18.39;16.64;10.73;NA;8.47;11.65;NA;NA;ND;NA;NA;NA;
3;11;7.28;16.09;2.99;NA;5.3;9.6;NA;NA;ND;NA;NA;NA;
3;12;11.55;12.99;4.8;NA;4.75;11.41;NA;NA;ND;NA;NA;NA;
3;13;12.64;7.12;2.03;NA;2.2;7.52;NA;NA;ND;NA;NA;NA;
3;14;7.07;7.94;5.33;NA;4.42;7.22;NA;NA;ND;NA;NA;NA;
3;15;5.58;28.26;8.59;NA;6.78;1.81;NA;NA;ND;NA;NA;NA;
3;16;5.64;8.86;6.53;NA;7.21;4.7;NA;NA;ND;NA;NA;NA;
3;17;6.07;5.48;8.83;NA;5.47;9.79;NA;NA;ND;NA;NA;NA;
3;18;5.72;29.04;9.57;NA;15.59;10.34;NA;NA;ND;NA;NA;NA;
3;19;5.4;39.95;5.5;NA;10.18;10.09;NA;NA;ND;NA;NA;NA;
3;20;11.75;16.99;2.67;NA;4.19;3.6;NA;NA;ND;NA;NA;NA;
3;21;3.27;28.78;11.99;NA;9.37;3.93;NA;NA;ND;NA;NA;NA;
3;22;4.29;27.17;6.25;NA;15.09;4.87;NA;NA;ND;NA;NA;NA;
3;23;ND;25.44;6.43;NA;16.09;23.17;NA;NA;ND;NA;NA;NA;
4;0;2.16;31.19;16.65;NA;24.27;1.44;NA;NA;ND;NA;NA;NA;
4;1;14.36;44.17;3.51;NA;22.44;19.34;NA;NA;ND;NA;NA;NA;
4;2;7.87;47.29;5.07;NA;24.96;18.85;NA;NA;ND;NA;NA;NA;
4;3;5.6;64.85;10.59;NA;19.37;6.29;NA;NA;ND;NA;NA;NA;
4;4;3.44;46.29;7.68;NA;8.15;13.33;NA;NA;ND;NA;NA;NA;
4;5;6.8;22.89;6.33;NA;15.76;19.74;NA;NA;ND;NA;NA;NA;
4;6;1.26;14.66;11.76;NA;24.7;10.98;NA;NA;ND;NA;NA;NA;
4;7;12.61;42.64;10;NA;12.63;15.44;NA;NA;ND;NA;NA;NA;
4;8;11.19;48.6;15.7;NA;17.47;9.02;NA;NA;ND;NA;NA;NA;
4;9;7.81;42.28;3.8;NA;16.32;7.3;NA;NA;ND;NA;NA;NA;
4;10;6.08;13.89;4.72;NA;8.59;7.82;NA;NA;ND;NA;NA;NA;
4;11;13.81;24.14;0.79;NA;1.06;0.37;NA;NA;ND;NA;NA;NA;
4;12;11.88;73.46;0;NA;0.87;1.01;NA;NA;ND;NA;NA;NA;
4;13;5.6;19.81;0.92;NA;1.84;0.23;NA;NA;ND;NA;NA;NA;
4;14;6.48;18.55;6.62;NA;8.69;7.63;NA;NA;ND;NA;NA;NA;
4;15;15.35;52.9;8.31;NA;3.68;4.07;NA;NA;ND;NA;NA;NA;
4;16;9.75;30.46;6.71;NA;2;7.9;NA;NA;ND;NA;NA;NA;
4;17;8.35;19.49;8.55;NA;7.21;7.16;NA;NA;ND;NA;NA;NA;
4;18;6.96;24.65;14.43;NA;15.45;17.7;NA;NA;ND;NA;NA;NA;
4;19;12.63;25.62;14.65;NA;14.79;11.71;NA;NA;ND;NA;NA;NA;
4;20;7.35;23.99;20.57;NA;15.88;5.55;NA;NA;ND;NA;NA;NA;
4;21;9.12;17.59;11.35;NA;9.24;15.63;NA;NA;ND;NA;NA;NA;
4;22;11.98;5.64;11.55;NA;11.16;13.24;NA;NA;ND;NA;NA;NA;
4;23;ND;19.39;5.59;NA;17.46;3.48;NA;NA;ND;NA;NA;NA;
5;0;7.37;19.21;5.99;NA;18.61;9.16;NA;NA;ND;NA;NA;NA;
5;1;13.28;10.21;13.51;NA;20.75;8.35;NA;NA;ND;NA;NA;NA;
5;2;5.54;16.16;13.27;NA;13.48;23.45;NA;NA;ND;NA;NA;NA;
5;3;8.6;7.6;10.58;NA;18.31;20.24;NA;NA;ND;NA;NA;NA;
5;4;13.19;11.85;18.76;NA;14.43;14.2;NA;NA;ND;NA;NA;NA;
5;5;10.85;17.99;11.1;NA;12.22;18.5;NA;NA;ND;NA;NA;NA;
5;6;28.88;26.6;20.89;NA;28.56;19.79;NA;NA;ND;NA;NA;NA;
5;7;31.85;37.37;27.89;NA;35.02;33.25;NA;NA;ND;NA;NA;NA;
5;8;41.11;62.32;33.73;NA;54.67;32.4;NA;NA;ND;NA;NA;NA;
5;9;30.32;47.97;36.24;NA;25.88;33.82;NA;NA;ND;NA;NA;NA;
5;10;23.33;25.59;32.49;NA;13.9;13.45;NA;NA;ND;NA;NA;NA;
5;11;17.66;52.41;37.69;NA;32.27;36.69;NA;NA;ND;NA;NA;NA;
5;12;7.87;33.3;23.67;NA;21.81;ND;NA;NA;ND;NA;NA;NA;
5;13;24.97;35.08;32.58;NA;31.34;30.39;NA;NA;ND;NA;NA;NA;
5;14;10.6;17.4;ND;NA;21.93;10.02;NA;NA;ND;NA;NA;NA;
5;15;1.73;26.07;ND;NA;15.67;ND;NA;NA;ND;NA;NA;NA;
5;16;12.9;42.35;ND;NA;17.86;ND;NA;NA;ND;NA;NA;NA;
5;17;10.62;52.55;11.26;NA;21.35;ND;NA;NA;ND;NA;NA;NA;
5;18;5.44;20.83;15.81;NA;11.59;3.79;NA;NA;ND;NA;NA;NA;
5;19;2.82;26.62;9.81;NA;16.28;7.66;NA;NA;ND;NA;NA;NA;
5;20;4.91;14.19;16.29;NA;22.02;14.08;NA;NA;ND;NA;NA;NA;
5;21;12.75;31.94;16.89;NA;7.43;18.79;NA;NA;ND;NA;NA;NA;
5;22;9.75;10.76;13.95;NA;ND;14.98;NA;NA;ND;NA;NA;NA;
5;23;ND;9.4;17.31;NA;ND;13.92;NA;NA;ND;NA;NA;NA;
6;0;16.83;27.34;11.1;NA;12.19;24.23;NA;NA;ND;NA;NA;NA;
6;1;16.26;14.4;21.4;NA;27.33;16.87;NA;NA;ND;NA;NA;NA;
6;2;18.33;16.77;20.65;NA;27.39;25.3;NA;NA;ND;NA;NA;NA;
6;3;18.46;14.05;18.84;NA;30.75;13.68;NA;NA;ND;NA;NA;NA;
6;4;19.09;17.75;18.32;NA;31.92;23.84;NA;NA;ND;NA;NA;NA;
6;5;18.09;16.47;19.18;NA;33.37;27.5;NA;NA;ND;NA;NA;NA;
6;6;33.68;34.32;33.43;NA;74.52;51.91;NA;NA;ND;NA;NA;NA;
6;7;37.15;51.93;52.64;NA;104.34;37.96;NA;NA;ND;NA;NA;NA;
6;8;31.65;70;51.28;NA;56.01;22.58;NA;NA;ND;NA;NA;NA;
6;9;34.67;67.25;41.64;NA;57.03;43.15;NA;NA;ND;NA;NA;NA;
6;10;16.14;42.63;42.17;NA;ND;32.96;NA;NA;ND;NA;NA;NA;
6;11;18.94;16.86;23.35;NA;ND;19.04;NA;NA;ND;NA;NA;NA;
6;12;15.18;7.95;18.25;NA;ND;16.29;NA;NA;ND;NA;NA;NA;
6;13;17.85;21.89;18.3;NA;ND;17.27;NA;NA;ND;NA;NA;NA;
6;14;22.75;27.13;18.34;NA;13.88;26.37;NA;NA;ND;NA;NA;NA;
6;15;11.73;29.96;15.93;NA;18.19;17.62;NA;NA;ND;NA;NA;NA;
6;16;6.24;44.07;12.93;NA;16.31;20.09;NA;NA;ND;NA;NA;NA;
6;17;10.63;46.08;6.37;NA;24.01;15.99;NA;NA;ND;NA;NA;NA;
6;18;15.85;31.13;26.01;NA;26.41;23.31;NA;NA;ND;NA;NA;NA;
6;19;12.36;28.71;32.52;NA;9.63;21.35;NA;NA;ND;NA;NA;NA;
6;20;9.38;18.9;20.12;NA;22.16;35.28;NA;NA;ND;NA;NA;NA;
6;21;12.77;22.81;22.41;NA;24.06;21.64;NA;NA;ND;NA;NA;NA;
6;22;11.44;22.13;17.68;NA;23.84;23.9;NA;NA;ND;NA;NA;NA;
6;23;ND;32.21;9.84;NA;15.22;17.06;NA;NA;ND;NA;NA;NA;
7;0;4.58;19.21;13.1;NA;8.65;9.79;NA;NA;ND;NA;NA;NA;
7;1;13.76;26.07;11.6;NA;23.08;24.14;NA;NA;ND;NA;NA;NA;
7;2;5.63;23.63;18.33;NA;14.04;10.17;NA;NA;ND;NA;NA;NA;
7;3;17.83;24.15;12.73;NA;10.5;10.26;NA;NA;ND;NA;NA;NA;
7;4;5.7;39.18;12.3;NA;21.23;13.57;NA;NA;ND;NA;NA;NA;
7;5;20.82;25.89;7.62;NA;21.18;27.63;NA;NA;ND;NA;NA;NA;
7;6;40.54;80.08;27.83;NA;56.3;24.27;NA;NA;ND;NA;NA;NA;
7;7;40.69;88.35;41.37;NA;75.66;27.63;NA;NA;ND;NA;NA;NA;
7;8;27.21;72.96;33.51;NA;43.5;12.83;NA;NA;ND;NA;NA;NA;
7;9;32.18;45.49;26.17;NA;14.61;29.57;NA;NA;ND;NA;NA;NA;
7;10;25.61;38.38;17.12;NA;33.81;21.94;NA;NA;ND;NA;NA;NA;
7;11;13.83;64.05;9.25;NA;6.38;12.88;NA;NA;ND;NA;NA;NA;
7;12;9.16;ND;5.94;NA;8.66;15.21;NA;NA;ND;NA;NA;NA;
7;13;22.68;ND;12.41;NA;11.13;19.32;NA;NA;ND;NA;NA;NA;
7;14;ND;ND;6.38;NA;6.34;4.26;NA;NA;ND;NA;NA;NA;
7;15;ND;ND;9.88;NA;7.73;3.69;NA;NA;ND;NA;NA;NA;
7;16;11.61;28.03;18.41;NA;23.79;11.51;NA;NA;ND;NA;NA;NA;
7;17;20.13;20.13;17.07;NA;18.61;12.9;NA;NA;ND;NA;NA;NA;
7;18;16.38;20.17;12.86;NA;31.46;21.83;NA;NA;ND;NA;NA;NA;
7;19;21.58;23.47;19.02;NA;22.88;21.23;NA;NA;ND;NA;NA;NA;
7;20;14.76;17.8;13.78;NA;19.66;18.52;NA;NA;ND;NA;NA;NA;
7;21;6.26;21.72;14.05;NA;13.27;15.85;NA;NA;ND;NA;NA;NA;
7;22;5.25;15.56;7.21;NA;24.03;19.75;NA;NA;ND;NA;NA;NA;
7;23;ND;18.16;15.49;NA;27.75;17.07;NA;NA;ND;NA;NA;NA;
8;0;11.52;21.79;16.75;NA;21.39;28.92;NA;NA;ND;NA;NA;NA;
8;1;9.7;22;16.56;NA;16.22;13.81;NA;NA;ND;NA;NA;NA;
8;2;20.56;18.97;14.62;NA;4.52;6.39;NA;NA;ND;NA;NA;NA;
8;3;7.85;25.48;12.76;NA;9.39;0.41;NA;NA;ND;NA;NA;NA;
8;4;14.79;23.91;13.38;NA;9.27;14.01;NA;NA;ND;NA;NA;NA;
8;5;13.86;38.25;16.56;NA;11.44;16.11;NA;NA;ND;NA;NA;NA;
8;6;45.73;82.06;16.45;NA;41.99;30.58;NA;NA;ND;NA;NA;NA;
8;7;37.99;94.52;27.86;NA;47.95;31.1;NA;NA;ND;NA;NA;NA;
8;8;34.13;33.03;16.17;NA;15.35;19.72;NA;NA;ND;NA;NA;NA;
8;9;15.66;16.69;21.08;NA;18.01;8.1;NA;NA;ND;NA;NA;NA;
8;10;18.3;5.38;5.67;NA;11.99;0;NA;NA;ND;NA;NA;NA;
8;11;19.65;12.73;6.44;NA;ND;11.89;NA;NA;ND;NA;NA;NA;
8;12;15;13.01;10.46;NA;ND;16.17;NA;NA;ND;NA;NA;NA;
8;13;13.16;19.89;10.27;NA;ND;20.82;NA;NA;ND;NA;NA;NA;
8;14;ND;26.11;6.76;NA;14.29;9.43;NA;NA;ND;NA;NA;NA;
8;15;21.06;23.06;13.33;NA;6.02;10.81;NA;NA;ND;NA;NA;NA;
8;16;24.29;17.35;11.2;NA;6.95;4.33;NA;NA;ND;NA;NA;NA;
8;17;3.05;24.73;17.3;NA;13.1;4.5;NA;NA;ND;NA;NA;NA;
8;18;7.88;17.64;17.55;NA;21.18;7.76;NA;NA;ND;NA;NA;NA;
8;19;9.58;21.81;17.32;NA;7.21;15.23;NA;NA;ND;NA;NA;NA;
8;20;14.25;18.81;7.2;NA;16.55;6.76;NA;NA;ND;NA;NA;NA;
8;21;9.19;27.2;14.89;NA;18.37;5.1;NA;NA;ND;NA;NA;NA;
8;22;12.72;18.82;9.63;NA;21.49;15.11;NA;NA;ND;NA;NA;NA;
8;23;15.19;31.75;11.46;NA;18.19;16.69;NA;NA;ND;NA;NA;NA;
9;0;16.55;20.54;0.73;NA;7.44;11.48;NA;NA;ND;NA;NA;NA;
9;1;12.4;14;5.18;NA;5.83;6.6;NA;NA;ND;NA;NA;NA;
9;2;9.21;7.98;7.07;NA;7.06;12.78;NA;NA;ND;NA;NA;NA;
9;3;11.92;23.74;1.44;NA;3.34;15.39;NA;NA;ND;NA;NA;NA;
9;4;10.87;15.61;1.6;NA;5.05;2.57;NA;NA;ND;NA;NA;NA;
9;5;11.91;21.72;8.23;NA;9.9;3.77;NA;NA;ND;NA;NA;NA;
9;6;23.24;92.24;19.91;NA;35.52;23.09;NA;NA;ND;NA;NA;NA;
9;7;33.13;310.15;24.72;NA;30.6;5.41;NA;NA;ND;NA;NA;NA;
9;8;26.81;161.17;9.79;NA;9.6;25.35;NA;NA;ND;NA;NA;NA;
9;9;7.22;42.2;9.05;NA;12.98;13.16;NA;NA;ND;NA;NA;NA;
9;10;27.34;19.28;12.15;NA;14.46;7.51;NA;NA;ND;NA;NA;NA;
9;11;32.07;35.84;7.04;NA;5.93;9.79;NA;NA;ND;NA;NA;NA;
9;12;22.54;21.9;14.69;NA;7.18;14.18;NA;NA;ND;NA;NA;NA;
9;13;11.82;11.43;8.86;NA;6.2;12.39;NA;NA;ND;NA;NA;NA;
9;14;10.64;15.92;11.2;NA;3.06;11.02;NA;NA;ND;NA;NA;NA;
9;15;14.6;14.09;11.33;NA;15.85;12.31;NA;NA;ND;NA;NA;NA;
9;16;7.92;25.14;12.52;NA;8.93;5.66;NA;NA;ND;NA;NA;NA;
9;17;12.92;34.97;7.67;NA;9.23;7.81;NA;NA;ND;NA;NA;NA;
9;18;17.27;28.03;17.02;NA;19.54;6.5;NA;NA;ND;NA;NA;NA;
9;19;13.2;39.66;19.93;NA;18.73;8.33;NA;NA;ND;NA;NA;NA;
9;20;22.06;24.05;20.61;NA;12.56;17.05;NA;NA;ND;NA;NA;NA;
9;21;22.43;18.14;23.7;NA;17.49;23.77;NA;NA;ND;NA;NA;NA;
9;22;17.45;24.61;18.04;NA;6.83;17.02;NA;NA;ND;NA;NA;NA;
9;23;31.44;16.53;7.5;NA;23.73;7.88;NA;NA;ND;NA;NA;NA;
10;0;17.13;36.82;1.35;NA;22.93;11.86;NA;NA;ND;NA;NA;NA;
10;1;21.35;14.6;15.79;NA;15.27;7.21;NA;NA;ND;NA;NA;NA;
10;2;20.24;10.55;26.67;NA;2.98;12.61;NA;NA;ND;NA;NA;NA;
10;3;20.23;18.09;21.35;NA;6.95;21.2;NA;NA;ND;NA;NA;NA;
10;4;20.71;16.32;17.11;NA;16.85;14.03;NA;NA;ND;NA;NA;NA;
10;5;19.06;17.95;21.19;NA;16.14;17.09;NA;NA;ND;NA;NA;NA;
10;6;24.3;25.32;21.48;NA;23.69;17.71;NA;NA;ND;NA;NA;NA;
10;7;31.15;35.39;31.05;NA;24.99;8.85;NA;NA;ND;NA;NA;NA;
10;8;31.25;25.76;39.95;NA;22.25;7.23;NA;NA;ND;NA;NA;NA;
10;9;37.65;39.83;22.19;NA;14.75;8.9;NA;NA;ND;NA;NA;NA;
10;10;31.84;28.52;17.25;NA;2.49;13.02;NA;NA;ND;NA;NA;NA;
10;11;14.98;11.45;13.69;NA;13.46;10.5;NA;NA;ND;NA;NA;NA;
10;12;13.69;30.03;18.23;NA;20.37;27.69;NA;NA;ND;NA;NA;NA;
10;13;21.1;20.7;9.68;NA;3.77;8.5;NA;NA;ND;NA;NA;NA;
10;14;3.96;9.99;13.99;NA;2.27;6.64;NA;NA;ND;NA;NA;NA;
10;15;12.5;15.02;27.6;NA;25.48;30.16;NA;NA;ND;NA;NA;NA;
10;16;12.36;20.65;16.38;NA;10.8;9.71;NA;NA;ND;NA;NA;NA;
10;17;5.02;10.55;14.07;NA;21.13;26.83;NA;NA;ND;NA;NA;NA;
10;18;17.73;8.99;12.09;NA;40.41;33.68;NA;NA;ND;NA;NA;NA;
10;19;15.09;11.52;29.51;NA;56.2;20.69;NA;NA;ND;NA;NA;NA;
10;20;8.98;9.06;28.27;NA;44.7;29.1;NA;NA;ND;NA;NA;NA;
10;21;18.31;11.39;21.33;NA;31.51;25.25;NA;NA;ND;NA;NA;NA;
10;22;16.86;4.4;17.47;NA;22.25;28.91;NA;NA;ND;NA;NA;NA;
10;23;15.32;14.2;16.03;NA;16.41;16.53;NA;NA;ND;NA;NA;NA;
11;0;20.45;23.26;25.49;NA;30.32;18.27;NA;NA;ND;NA;NA;NA;
11;1;19.86;21.47;24.77;NA;23.71;30.28;NA;NA;ND;NA;NA;NA;
11;2;6.34;7.27;16.4;NA;19.54;24.38;NA;NA;ND;NA;NA;NA;
11;3;7.49;9.77;15.84;NA;14.74;17.58;NA;NA;ND;NA;NA;NA;
11;4;8.79;6.58;13.67;NA;17.65;9.97;NA;NA;ND;NA;NA;NA;
11;5;10.28;16.64;14.45;NA;22.72;29.71;NA;NA;ND;NA;NA;NA;
11;6;12.76;24.94;17.57;NA;27.48;9.85;NA;NA;ND;NA;NA;NA;
11;7;9.41;23.89;14.35;NA;45.01;29.88;NA;NA;ND;NA;NA;NA;
11;8;18.46;15.12;17.38;NA;30.76;27.11;NA;NA;ND;NA;NA;NA;
11;9;14.12;7.3;13.16;NA;25.56;17.38;NA;NA;ND;NA;NA;NA;
11;10;19.75;18.51;25.43;NA;26.05;27.25;NA;NA;ND;NA;NA;NA;
11;11;4.46;0.17;20.37;NA;21.75;25.59;NA;NA;ND;NA;NA;NA;
11;12;7.08;2.73;7.47;NA;9.43;19.49;NA;NA;ND;NA;NA;NA;
11;13;10.27;5.21;9.31;NA;25.61;9.74;NA;NA;ND;NA;NA;NA;
11;14;17.16;16.91;6.72;NA;11.56;6.19;NA;NA;ND;NA;NA;NA;
11;15;10.81;14.46;2.63;NA;8.94;7.1;NA;NA;ND;NA;NA;NA;
11;16;8.68;3.21;5.69;NA;8.95;13.33;NA;NA;ND;NA;NA;NA;
11;17;7.24;12.85;12.77;NA;6.35;9.04;NA;NA;ND;NA;NA;NA;
11;18;8.58;20.01;7.1;NA;16.73;10.3;NA;NA;ND;NA;NA;NA;
11;19;5.95;11.62;11.94;NA;28.73;20.29;NA;NA;ND;NA;NA;NA;
11;20;3.23;5.99;6.98;NA;17.42;5.47;NA;NA;ND;NA;NA;NA;
11;21;15.78;10.01;8.7;NA;12.57;17.21;NA;NA;ND;NA;NA;NA;
11;22;ND;0.34;8.7;NA;18.16;6.73;NA;NA;ND;NA;NA;NA;
11;23;ND;18.47;7.42;NA;22.76;13.15;NA;NA;ND;NA;NA;NA;
12;0;12.7;4.42;10.54;NA;12.63;21.2;NA;NA;ND;NA;NA;NA;
12;1;2.37;6.29;8.99;NA;12.34;21.68;NA;NA;ND;NA;NA;NA;
12;2;9.35;14.1;3.87;NA;10.43;6.41;NA;NA;ND;NA;NA;NA;
12;3;9.63;6.61;5.59;NA;3.65;7.45;NA;NA;ND;NA;NA;NA;
12;4;6.7;9.81;6.51;NA;10.21;1.96;NA;NA;ND;NA;NA;NA;
12;5;13.72;23.09;7.65;NA;16.91;13.23;NA;NA;ND;NA;NA;NA;
12;6;20.24;31.15;18.44;NA;29.81;22.06;NA;NA;ND;NA;NA;NA;
12;7;29.79;26.81;45.56;NA;58.51;33.29;NA;NA;ND;NA;NA;NA;
12;8;22.31;20.25;36.42;NA;49.5;44.19;NA;NA;ND;NA;NA;NA;
12;9;16.25;13.36;18.29;NA;37.55;42.24;NA;NA;ND;NA;NA;NA;
12;10;18.44;22.75;4.92;NA;22.76;18.93;NA;NA;ND;NA;NA;NA;
12;11;13.52;5.23;8.55;NA;16.66;3.52;NA;NA;ND;NA;NA;NA;
12;12;12.96;12.25;9.28;NA;9.89;4.02;NA;NA;ND;NA;NA;NA;
12;13;9.36;3.63;3.16;NA;2.58;8.88;NA;NA;ND;NA;NA;NA;
12;14;10.17;12.75;6.97;NA;4.32;7.26;NA;NA;ND;NA;NA;NA;
12;15;9.64;22.66;6.84;NA;5.48;8.72;NA;NA;ND;NA;NA;NA;
12;16;5.91;19.41;12.01;NA;5.73;17.65;NA;NA;ND;NA;NA;NA;
12;17;10.82;8.72;10.09;NA;24.05;8.74;NA;NA;ND;NA;NA;NA;
12;18;11.56;23.3;14.3;NA;9.02;13.29;NA;NA;ND;NA;NA;NA;
12;19;9.26;19.85;25.26;NA;11.57;21.01;NA;NA;ND;NA;NA;NA;
12;20;10.84;30.02;12.69;NA;14.17;7.88;NA;NA;ND;NA;NA;NA;
12;21;3.31;7.32;7.08;NA;19.32;8.37;NA;NA;ND;NA;NA;NA;
12;22;4.01;11.11;9.97;NA;11.27;6.99;NA;NA;ND;NA;NA;NA;
12;23;3.11;2.83;8.05;NA;7.75;13.36;NA;NA;ND;NA;NA;NA;
13;0;19.76;5.92;12.04;NA;9.71;23.62;NA;NA;ND;NA;NA;NA;
13;1;9.59;3.89;4.21;NA;8.85;7.42;NA;NA;ND;NA;NA;NA;
13;2;3.28;8.14;11.33;NA;14.23;7.45;NA;NA;ND;NA;NA;NA;
13;3;8.7;2.97;2.83;NA;6.49;10.77;NA;NA;ND;NA;NA;NA;
13;4;3.7;7.76;7.95;NA;4.68;10.2;NA;NA;ND;NA;NA;NA;
13;5;11.42;9.59;8.6;NA;15.33;8.27;NA;NA;ND;NA;NA;NA;
13;6;19.67;26.54;7.15;NA;19.67;19.03;NA;NA;ND;NA;NA;NA;
13;7;38.96;33.88;21.57;NA;34.62;38.95;NA;NA;ND;NA;NA;NA;
13;8;32.13;26.38;18.74;NA;19.51;30.03;NA;NA;ND;NA;NA;NA;
13;9;15.89;8.92;33.99;NA;31.84;31.95;NA;NA;ND;NA;NA;NA;
13;10;10.68;6.86;23.62;NA;24.99;35.14;NA;NA;ND;NA;NA;NA;
13;11;18.54;4.78;10.59;NA;13.44;4.98;NA;NA;ND;NA;NA;NA;
13;12;10.97;6.95;9.14;NA;9.07;18.96;NA;NA;ND;NA;NA;NA;
13;13;11.57;8.06;8.42;NA;13.65;14.82;NA;NA;ND;NA;NA;NA;
13;14;7.67;15.8;2.07;NA;3.33;6.28;NA;NA;ND;NA;NA;NA;
13;15;7.83;3.7;12.39;NA;0.44;12.14;NA;NA;ND;NA;NA;NA;
13;16;10.67;18.05;11.04;NA;0.39;8.86;NA;NA;ND;NA;NA;NA;
13;17;5.49;19.69;3.29;NA;6.33;6.88;NA;NA;ND;NA;NA;NA;
13;18;14.03;21.9;14.31;NA;18.44;4.81;NA;NA;ND;NA;NA;NA;
13;19;18.1;30.41;8.96;NA;15.95;3.69;NA;NA;ND;NA;NA;NA;
13;20;5.71;21.16;16.44;NA;17.83;11.08;NA;NA;ND;NA;NA;NA;
13;21;14.65;19.52;16.49;NA;21.8;13.08;NA;NA;ND;NA;NA;NA;
13;22;15.18;12.96;12.09;NA;12.58;13.35;NA;NA;ND;NA;NA;NA;
13;23;10.17;12.62;9.82;NA;17.9;8.54;NA;NA;ND;NA;NA;NA;
14;0;13.87;24.47;25.56;NA;19.67;6.15;NA;NA;ND;NA;NA;NA;
14;1;7.07;18.29;7.21;NA;19.07;7.87;NA;NA;ND;NA;NA;NA;
14;2;11.03;19.58;14.92;NA;15.13;8.27;NA;NA;ND;NA;NA;NA;
14;3;11.65;22.49;4.75;NA;6.54;8.54;NA;NA;ND;NA;NA;NA;
14;4;9.28;16.77;8.78;NA;15.35;9.88;NA;NA;ND;NA;NA;NA;
14;5;50.7;16.25;8.17;NA;33.9;8.12;NA;NA;ND;NA;NA;NA;
14;6;119.02;40.43;16.95;NA;66.09;32.1;NA;NA;ND;NA;NA;NA;
14;7;27.77;43.41;23.1;NA;73.2;20.38;NA;NA;ND;NA;NA;NA;
14;8;15.32;29.39;20.36;NA;17.64;12.53;NA;NA;ND;NA;NA;NA;
14;9;35.21;21.97;16.3;NA;9.83;6.71;NA;NA;ND;NA;NA;NA;
14;10;40.12;23.2;13.29;NA;9.21;4.76;NA;NA;ND;NA;NA;NA;
14;11;14.98;16.13;5.29;NA;10.71;9.31;NA;NA;ND;NA;NA;NA;
14;12;7.55;18.98;5.9;NA;8.22;21.66;NA;NA;ND;NA;NA;NA;
14;13;14.78;34.57;4.12;NA;2.81;14.6;NA;NA;ND;NA;NA;NA;
14;14;35.41;7.28;11.16;NA;5.99;10.36;NA;NA;ND;NA;NA;NA;
14;15;43.57;22.46;15.03;NA;3.21;23.35;NA;NA;ND;NA;NA;NA;
14;16;23.88;31.43;9.48;NA;20.02;10.21;NA;NA;ND;NA;NA;NA;
14;17;5.89;57.53;14.5;NA;7.94;1.69;NA;NA;ND;NA;NA;NA;
14;18;0;37.46;12.74;NA;11.49;0.2;NA;NA;ND;NA;NA;NA;
14;19;0;46.74;11.06;NA;12.16;6.64;NA;NA;ND;NA;NA;NA;
14;20;0;22.82;9.93;NA;14.8;7.3;NA;NA;ND;NA;NA;NA;
14;21;4.77;21.74;9.34;NA;19.29;8.38;NA;NA;ND;NA;NA;NA;
14;22;2.98;18.35;11.74;NA;19.94;9.08;NA;NA;ND;NA;NA;NA;
14;23;0.02;10.43;9.71;NA;13.18;6.95;NA;NA;ND;NA;NA;NA;
15;0;11.72;28.99;10.25;NA;0.94;14.32;NA;NA;ND;NA;NA;NA;
15;1;7.63;21.35;15.55;NA;16.72;7.75;NA;NA;ND;NA;NA;NA;
15;2;12.62;19.15;5.08;NA;20.08;11.23;NA;NA;ND;NA;NA;NA;
15;3;12.63;13.95;11.42;NA;16.15;16.19;NA;NA;ND;NA;NA;NA;
15;4;26.34;37.61;10.55;NA;16.15;3.69;NA;NA;ND;NA;NA;NA;
15;5;13.29;32.9;18.14;NA;17.61;16.24;NA;NA;ND;NA;NA;NA;
15;6;9.46;111.27;16.53;NA;66.98;40.52;NA;NA;ND;NA;NA;NA;
15;7;22.94;103.06;32.32;NA;63.65;36.43;NA;NA;ND;NA;NA;NA;
15;8;36.54;70.03;44.54;NA;33.75;10.11;NA;NA;ND;NA;NA;NA;
15;9;16.4;71.63;11.61;NA;23.35;8.87;NA;NA;ND;NA;NA;NA;
15;10;13.82;58.48;9.67;NA;3.91;4.32;NA;NA;ND;NA;NA;NA;
15;11;5.3;42.52;1.33;NA;2.84;8.63;NA;NA;ND;NA;NA;NA;
15;12;13.64;28.13;6.98;NA;4.97;3.73;NA;NA;ND;NA;NA;NA;
15;13;6.42;33.94;5.4;NA;7.45;10.52;NA;NA;ND;NA;NA;NA;
15;14;15.77;67.01;9.92;NA;3.42;11.44;NA;NA;ND;NA;NA;NA;
15;15;13.51;50.68;8.17;NA;6.44;8.12;NA;NA;ND;NA;NA;NA;
15;16;3.88;24.73;15.82;NA;ND;15.55;NA;NA;ND;NA;NA;NA;
15;17;10.37;17.98;13.17;NA;9.91;7.89;NA;NA;ND;NA;NA;NA;
15;18;9.97;34.62;18.16;NA;17.06;5.95;NA;NA;ND;NA;NA;NA;
15;19;14;49.87;20.45;NA;16.66;16.71;NA;NA;ND;NA;NA;NA;
15;20;19.87;44.73;18.99;NA;19.97;24.33;NA;NA;ND;NA;NA;NA;
15;21;15.76;25.56;17.88;NA;22.92;18.95;NA;NA;ND;NA;NA;NA;
15;22;11.79;40.71;16.71;NA;23.19;17.57;NA;NA;ND;NA;NA;NA;
15;23;18.12;45.78;13.43;NA;4.59;10.26;NA;NA;ND;NA;NA;NA;
16;0;49.78;33.73;24.41;NA;23.72;5.84;NA;NA;ND;NA;NA;NA;
16;1;32.81;25.55;11.6;NA;12.6;16.91;NA;NA;ND;NA;NA;NA;
16;2;13.85;17.08;11.38;NA;13.89;10.8;NA;NA;ND;NA;NA;NA;
16;3;42.3;26.84;15.35;NA;14.39;10.43;NA;NA;ND;NA;NA;NA;
16;4;12.56;30.38;21.39;NA;4.28;14.08;NA;NA;ND;NA;NA;NA;
16;5;12.34;24.06;16.11;NA;19.6;7.12;NA;NA;ND;NA;NA;NA;
16;6;23.69;40.53;23.82;NA;32.77;38.12;NA;NA;ND;NA;NA;NA;
16;7;45.69;49.44;23.94;NA;66.93;54.38;NA;NA;ND;NA;NA;NA;
16;8;31.26;8.69;32.8;NA;30.2;36.98;NA;NA;ND;NA;NA;NA;
16;9;22.34;18.66;33.54;NA;27.27;23.91;NA;NA;ND;NA;NA;NA;
16;10;22.16;23.8;24.29;NA;34.72;21.18;NA;NA;ND;NA;NA;NA;
16;11;13.18;16.28;4.71;NA;15.63;13.64;NA;NA;ND;NA;NA;NA;
16;12;13.93;31.74;7.63;NA;9.23;11.12;NA;NA;ND;NA;NA;NA;
16;13;15.74;22.93;19.59;NA;16.02;15.18;NA;NA;ND;NA;NA;NA;
16;14;7.63;35.09;8.03;NA;10.23;11.54;NA;NA;ND;NA;NA;NA;
16;15;12.12;33.34;20.2;NA;8.6;13.06;NA;NA;ND;NA;NA;NA;
16;16;12.32;26.31;7.71;NA;21.5;13.11;NA;NA;ND;NA;NA;NA;
16;17;5.35;32.02;8.27;NA;14.05;14.83;NA;NA;ND;NA;NA;NA;
16;18;10.98;27.15;13.6;NA;13.44;9.02;NA;NA;ND;NA;NA;NA;
16;19;12.37;21.28;13.51;NA;20.09;14.31;NA;NA;ND;NA;NA;NA;
16;20;23.16;24.38;11.25;NA;29.57;12.45;NA;NA;ND;NA;NA;NA;
16;21;9.15;10.74;20.72;NA;27.9;30.89;NA;NA;ND;NA;NA;NA;
16;22;12.27;19.04;17.35;NA;14.4;19.24;NA;NA;ND;NA;NA;NA;
16;23;13.79;13.47;17.56;NA;13.45;22.32;NA;NA;ND;NA;NA;NA;
17;0;4.83;11.32;20.66;NA;16.13;21.4;NA;NA;ND;NA;NA;NA;
17;1;17.09;18.64;15.18;NA;12.32;18.59;NA;NA;ND;NA;NA;NA;
17;2;18.95;11.75;9.58;NA;16.64;19.69;NA;NA;ND;NA;NA;NA;
17;3;12.61;16.79;18.86;NA;20.97;16.83;NA;NA;ND;NA;NA;NA;
17;4;22.95;29.19;17.13;NA;18.65;22.05;NA;NA;ND;NA;NA;NA;
17;5;21.58;16.41;17.94;NA;18.26;22.02;NA;NA;ND;NA;NA;NA;
17;6;26.61;18.21;21.62;NA;21.16;24.28;NA;NA;ND;NA;NA;NA;
17;7;17.64;23.34;27.02;NA;10.45;25.78;NA;NA;ND;NA;NA;NA;
17;8;9.07;30.52;24.31;NA;8.31;11.73;NA;NA;ND;NA;NA;NA;
17;9;31.07;21.35;17.32;NA;24.92;7.45;NA;NA;ND;NA;NA;NA;
17;10;31.09;21.05;13.42;NA;14.94;8.8;NA;NA;ND;NA;NA;NA;
17;11;23.25;30.69;4.53;NA;26.13;6.56;NA;NA;ND;NA;NA;NA;
17;12;14.18;11.18;11.1;NA;9.43;6.46;NA;NA;ND;NA;NA;NA;
17;13;15.64;26.08;6.35;NA;14.71;3.82;NA;NA;ND;NA;NA;NA;
17;14;15.39;37.02;11.02;NA;21.83;14.75;NA;NA;ND;NA;NA;NA;
17;15;6.12;41.17;11.97;NA;24.53;28.85;NA;NA;ND;NA;NA;NA;
17;16;10.87;34.44;25.28;NA;22.42;24.68;NA;NA;ND;NA;NA;NA;
17;17;9.01;24.64;17.68;NA;17.34;20.47;NA;NA;ND;NA;NA;NA;
17;18;10.75;18.8;22;NA;7.94;18.34;NA;NA;ND;NA;NA;NA;
17;19;10.36;18.87;21.25;NA;16.44;23.44;NA;NA;ND;NA;NA;NA;
17;20;6.9;16.45;20.27;NA;14.28;15.85;NA;NA;ND;NA;NA;NA;
17;21;1.67;2;14.9;NA;9;7.58;NA;NA;ND;NA;NA;NA;
17;22;2.76;12.22;10.52;NA;12.04;6.64;NA;NA;ND;NA;NA;NA;
17;23;2.48;3.86;7.47;NA;4.04;15.87;NA;NA;ND;NA;NA;NA;
18;0;2.67;1.37;6.54;NA;2.79;2.22;NA;NA;ND;NA;NA;NA;
18;1;5.79;5.31;6.93;NA;10.37;6.14;NA;NA;ND;NA;NA;NA;
18;2;3.56;8.29;7.46;NA;15.67;8.1;NA;NA;ND;NA;NA;NA;
18;3;7.13;8.31;8.79;NA;7.59;7.58;NA;NA;ND;NA;NA;NA;
18;4;3.63;9.19;8.72;NA;2.46;7.9;NA;NA;ND;NA;NA;NA;
18;5;7.7;7.71;5.49;NA;9.81;10.5;NA;NA;ND;NA;NA;NA;
18;6;11.47;4.23;4.89;NA;10.54;12.12;NA;NA;ND;NA;NA;NA;
18;7;8.26;8.53;14.27;NA;17.13;14.49;NA;NA;ND;NA;NA;NA;
18;8;12.28;16.3;20.95;NA;24.37;21.41;NA;NA;ND;NA;NA;NA;
18;9;24.64;4.2;15.89;NA;25.89;21.1;NA;NA;ND;NA;NA;NA;
18;10;21.76;33.84;15.82;NA;19.73;19.87;NA;NA;ND;NA;NA;NA;
18;11;18.49;11.71;20.46;NA;22.13;24.64;NA;NA;ND;NA;NA;NA;
18;12;15.36;8.65;16.2;NA;12.3;20.79;NA;NA;ND;NA;NA;NA;
18;13;16.63;8.28;15.62;NA;22.33;15.05;NA;NA;ND;NA;NA;NA;
18;14;9.43;8.98;9.21;NA;12.6;17.06;NA;NA;ND;NA;NA;NA;
18;15;9.82;12.39;11.29;NA;11.6;14.63;NA;NA;ND;NA;NA;NA;
18;16;9.35;25.32;17.85;NA;7.79;5.89;NA;NA;ND;NA;NA;NA;
18;17;7;2.69;13.19;NA;12.61;10.63;NA;NA;ND;NA;NA;NA;
18;18;6.38;28.9;13.96;NA;16.84;26.15;NA;NA;ND;NA;NA;NA;
18;19;9.32;17.31;10.56;NA;27.45;11.64;NA;NA;ND;NA;NA;NA;
18;20;17.75;ND;12.46;NA;16.9;9.37;NA;NA;ND;NA;NA;NA;
18;21;5.3;6.98;4.51;NA;13.96;17.21;NA;NA;ND;NA;NA;NA;
18;22;5.28;17.36;16.18;NA;15.75;9.37;NA;NA;ND;NA;NA;NA;
18;23;11.73;9.08;6.52;NA;10.06;15.02;NA;NA;ND;NA;NA;NA;
19;0;13.62;14.38;1.24;NA;13.26;11.18;NA;NA;ND;NA;NA;NA;
19;1;0.88;5.45;9.22;NA;5.91;11.28;NA;NA;ND;NA;NA;NA;
19;2;4.37;6.21;8.76;NA;9.5;14.08;NA;NA;ND;NA;NA;NA;
19;3;10.75;2.78;10.94;NA;5.77;9.19;NA;NA;ND;NA;NA;NA;
19;4;1.42;7.16;5.81;NA;2.68;10.76;NA;NA;ND;NA;NA;NA;
19;5;3.45;8.57;13;NA;5.51;9.33;NA;NA;ND;NA;NA;NA;
19;6;13.35;12.76;14.03;NA;21.31;14.34;NA;NA;ND;NA;NA;NA;
19;7;7.33;13.02;18.99;NA;28.96;17.73;NA;NA;ND;NA;NA;NA;
19;8;20.81;5.16;21.12;NA;22.59;16.32;NA;NA;ND;NA;NA;NA;
19;9;20.11;4.95;22.1;NA;16.7;18.77;NA;NA;ND;NA;NA;NA;
19;10;33.34;11.16;18.17;NA;21.18;17.67;NA;NA;ND;NA;NA;NA;
19;11;31.56;23.18;14.95;NA;20.57;20.51;NA;NA;ND;NA;NA;NA;
19;12;17.27;9.61;17.35;NA;16.75;8.41;NA;NA;ND;NA;NA;NA;
19;13;7.24;11.44;25;NA;10.16;19.27;NA;NA;ND;NA;NA;NA;
19;14;13.09;0.72;9.76;NA;15.58;11.44;NA;NA;ND;NA;NA;NA;
19;15;6.24;20.56;14.66;NA;ND;22.14;NA;NA;ND;NA;NA;NA;
19;16;11.99;4.01;19.79;NA;18.27;13.83;NA;NA;ND;NA;NA;NA;
19;17;3.28;ND;22.75;NA;18.16;22.24;NA;NA;ND;NA;NA;NA;
19;18;6.01;11.78;20.89;NA;9.71;24.14;NA;NA;ND;NA;NA;NA;
19;19;2.51;12.37;18.13;NA;15.51;23.9;NA;NA;ND;NA;NA;NA;
19;20;8.99;7.22;15.2;NA;10.74;19.95;NA;NA;ND;NA;NA;NA;
19;21;5.51;8.37;5.91;NA;17.55;10.4;NA;NA;ND;NA;NA;NA;
19;22;11.07;5.08;4.77;NA;19.48;10.47;NA;NA;ND;NA;NA;NA;
19;23;3.61;6.93;8.94;NA;8.13;8.43;NA;NA;ND;NA;NA;NA;
20;0;3.53;6.86;19.54;NA;24.81;6;NA;NA;ND;NA;NA;NA;
20;1;9.7;4.73;3.7;NA;14.03;11.99;NA;NA;ND;NA;NA;NA;
20;2;6.54;2.81;9.61;NA;8.96;3.88;NA;NA;ND;NA;NA;NA;
20;3;2.42;1.95;4.2;NA;10.67;9.76;NA;NA;ND;NA;NA;NA;
20;4;0.51;9.19;6.36;NA;3.86;3.37;NA;NA;ND;NA;NA;NA;
20;5;13.92;16.81;10.93;NA;12.38;3.52;NA;NA;ND;NA;NA;NA;
20;6;17.97;13.19;13.05;NA;25.66;14.84;NA;NA;ND;NA;NA;NA;
20;7;27.78;19.95;21.95;NA;36.23;23.24;NA;NA;ND;NA;NA;NA;
20;8;25.04;10.43;20.84;NA;20.18;29.93;NA;NA;ND;NA;NA;NA;
20;9;14.69;6.37;26;NA;23.97;17.01;NA;NA;ND;NA;NA;NA;
20;10;ND;13.23;20;NA;27.55;16.89;NA;NA;ND;NA;NA;NA;
20;11;ND;13.58;27.1;NA;25.57;29.19;NA;NA;ND;NA;NA;NA;
20;12;ND;13.72;18.74;NA;25.82;28.49;NA;NA;ND;NA;NA;NA;
20;13;ND;28.99;24.08;NA;32.65;32.29;NA;NA;ND;NA;NA;NA;
20;14;ND;32.54;16.47;NA;15.73;18.2;NA;NA;ND;NA;NA;NA;
20;15;0;23.12;18.04;NA;10.71;12.44;NA;NA;ND;NA;NA;NA;
20;16;0;24.18;26.52;NA;12.91;12.06;NA;NA;ND;NA;NA;NA;
20;17;0;31.11;28.06;NA;10.84;12.76;NA;NA;ND;NA;NA;NA;
20;18;0;20.48;16.15;NA;15.29;19.48;NA;NA;ND;NA;NA;NA;
20;19;0.54;4.01;26.58;NA;21.91;25.51;NA;NA;ND;NA;NA;NA;
20;20;1.79;14.2;13.97;NA;22.32;33.95;NA;NA;ND;NA;NA;NA;
20;21;10.63;9.98;8.24;NA;26.09;7.21;NA;NA;ND;NA;NA;NA;
20;22;0.17;19;6.91;NA;16.61;10.94;NA;NA;ND;NA;NA;NA;
20;23;1.88;13.74;8.77;NA;23.55;10.1;NA;NA;ND;NA;NA;NA;
21;0;5.82;5.98;13.41;NA;20.04;6.13;NA;NA;ND;NA;NA;NA;
21;1;0;3.29;15.95;NA;17.63;15.71;NA;NA;ND;NA;NA;NA;
21;2;0;2.96;4.93;NA;10.32;14.63;NA;NA;ND;NA;NA;NA;
21;3;2.58;2.2;6.5;NA;8.82;4.63;NA;NA;ND;NA;NA;NA;
21;4;5.15;2.09;3.29;NA;10.46;1.16;NA;NA;ND;NA;NA;NA;
21;5;1.61;5.02;5.85;NA;20.15;16.02;NA;NA;ND;NA;NA;NA;
21;6;14.58;4.41;10.84;NA;20.79;15.11;NA;NA;ND;NA;NA;NA;
21;7;26.82;14.15;30.25;NA;40.68;23.73;NA;NA;ND;NA;NA;NA;
21;8;31.06;20.29;39;NA;32.26;43.94;NA;NA;ND;NA;NA;NA;
21;9;31.02;24.32;25.15;NA;24.18;19.63;NA;NA;ND;NA;NA;NA;
21;10;37.75;22.04;28.62;NA;17.76;29.32;NA;NA;ND;NA;NA;NA;
21;11;14.77;19.43;20.45;NA;14.93;10.71;NA;NA;ND;NA;NA;NA;
21;12;32.57;18.3;11.08;NA;18.24;8.24;NA;NA;ND;NA;NA;NA;
21;13;19.95;20.39;9.37;NA;17.42;13.96;NA;NA;ND;NA;NA;NA;
21;14;9.11;18.12;29.07;NA;19.32;22.6;NA;NA;ND;NA;NA;NA;
21;15;13.11;10.58;9.1;NA;11.78;1.5;NA;NA;ND;NA;NA;NA;
21;16;0.09;19.19;11.96;NA;7.99;25.82;NA;NA;ND;NA;NA;NA;
21;17;3.69;6.34;22.5;NA;13.49;15.13;NA;NA;ND;NA;NA;NA;
21;18;10.25;22.03;21.76;NA;11.43;30.32;NA;NA;ND;NA;NA;NA;
21;19;8.53;16.47;23.87;NA;17.51;6.88;NA;NA;ND;NA;NA;NA;
21;20;6.2;13.32;17.37;NA;4.38;17.93;NA;NA;ND;NA;NA;NA;
21;21;16.2;12.69;15.3;NA;5.12;21.1;NA;NA;ND;NA;NA;NA;
21;22;13.04;10.43;14.31;NA;23.14;26.55;NA;NA;ND;NA;NA;NA;
21;23;14.33;13.52;19.13;NA;26.39;24.8;NA;NA;ND;NA;NA;NA;
22;0;18.39;4.77;1.25;NA;13.91;8;NA;NA;ND;NA;NA;NA;
22;1;7.75;7.06;13.68;NA;16.56;6.17;NA;NA;ND;NA;NA;NA;
22;2;1.27;2.6;8.28;NA;14.45;18.78;NA;NA;ND;NA;NA;NA;
22;3;9.6;5.42;8.25;NA;10.28;13.32;NA;NA;ND;NA;NA;NA;
22;4;7.6;6.46;5.22;NA;4.32;0.4;NA;NA;ND;NA;NA;NA;
22;5;6.95;8.22;6.96;NA;14.03;10.1;NA;NA;ND;NA;NA;NA;
22;6;16.21;12.31;12.46;NA;12.92;8.46;NA;NA;ND;NA;NA;NA;
22;7;19.8;19.19;17.12;NA;38.05;32.59;NA;NA;ND;NA;NA;NA;
22;8;18.02;8.1;33.05;NA;24.89;37.93;NA;NA;ND;NA;NA;NA;
22;9;14.23;8.28;15.19;NA;38.54;13.09;NA;NA;ND;NA;NA;NA;
22;10;14.12;17.12;19.9;NA;9.43;12.73;NA;NA;ND;NA;NA;NA;
22;11;22.19;18.55;16.31;NA;19.57;23.81;NA;NA;ND;NA;NA;NA;
22;12;6.27;6.58;19.25;NA;17.59;10.76;NA;NA;ND;NA;NA;NA;
22;13;4.02;16.98;4.92;NA;10.84;8.76;NA;NA;ND;NA;NA;NA;
22;14;7.28;13.59;18.28;NA;23.78;27.57;NA;NA;ND;NA;NA;NA;
22;15;17.11;17.9;30.56;NA;15.93;26.1;NA;NA;ND;NA;NA;NA;
22;16;17.14;32.75;2.83;NA;9.76;11.57;NA;NA;ND;NA;NA;NA;
22;17;1.21;19.6;17.99;NA;22.78;22.81;NA;NA;ND;NA;NA;NA;
22;18;17.56;16.86;17.59;NA;28.14;25.93;NA;NA;ND;NA;NA;NA;
22;19;13.62;15.85;23.42;NA;32.01;30.06;NA;NA;ND;NA;NA;NA;
22;20;6.58;8.98;21.21;NA;35.98;25.47;NA;NA;ND;NA;NA;NA;
22;21;11.62;14.86;19.6;NA;20.74;21.09;NA;NA;ND;NA;NA;NA;
22;22;7.63;6.61;15.13;NA;20.73;19.2;NA;NA;ND;NA;NA;NA;
22;23;9.3;5.38;11.9;NA;11.8;8.61;NA;NA;ND;NA;NA;NA;
23;0;10.32;7.46;11.72;NA;8.75;1.99;NA;NA;ND;NA;NA;NA;
23;1;4.05;3.9;7.84;NA;14.11;9.76;NA;NA;ND;NA;NA;NA;
23;2;18.35;7.19;9.37;NA;4.23;4.73;NA;NA;ND;NA;NA;NA;
23;3;10.18;5.81;8.11;NA;8.27;26.18;NA;NA;ND;NA;NA;NA;
23;4;9.4;7.86;5.55;NA;8.05;7.92;NA;NA;ND;NA;NA;NA;
23;5;11.92;4.89;6.99;NA;12.93;13.43;NA;NA;ND;NA;NA;NA;
23;6;12.09;16.94;12.46;NA;25.89;14.97;NA;NA;ND;NA;NA;NA;
23;7;24.81;33.89;33.34;NA;57.44;35.73;NA;NA;ND;NA;NA;NA;
23;8;27.65;26.23;36.39;NA;46.14;38.42;NA;NA;ND;NA;NA;NA;
23;9;28.59;10.85;31.65;NA;35.04;35.7;NA;NA;ND;NA;NA;NA;
23;10;29.34;11.27;24.7;NA;31.97;29.08;NA;NA;ND;NA;NA;NA;
23;11;31.93;15.55;27.33;NA;42.13;29.64;NA;NA;ND;NA;NA;NA;
23;12;13.6;18.68;17.98;NA;18.5;18.69;NA;NA;ND;NA;NA;NA;
23;13;13.99;12.94;14.32;NA;29.94;25.07;NA;NA;ND;NA;NA;NA;
23;14;0.4;20.05;12.48;NA;10.43;12.74;NA;NA;ND;NA;NA;NA;
23;15;2.75;8.33;20.52;NA;12.22;6.65;NA;NA;ND;NA;NA;NA;
23;16;4.18;14.95;18.93;NA;11.05;12.13;NA;NA;ND;NA;NA;NA;
23;17;8.81;7.13;22.12;NA;3.45;11.13;NA;NA;ND;NA;NA;NA;
23;18;12.72;16.06;25.93;NA;5.55;25.74;NA;NA;ND;NA;NA;NA;
23;19;4.61;17.55;22.35;NA;22.37;15.53;NA;NA;ND;NA;NA;NA;
23;20;8.17;8.03;14.49;NA;11.99;20.09;NA;NA;ND;NA;NA;NA;
23;21;13.34;17.09;12.06;NA;23.33;26.03;NA;NA;ND;NA;NA;NA;
23;22;7.04;5.49;16.47;NA;17.58;10.89;NA;NA;ND;NA;NA;NA;
23;23;1.92;14.65;4.62;NA;7.17;15.31;NA;NA;ND;NA;NA;NA;
24;0;0.02;19.13;3.25;NA;3.07;9.58;NA;NA;ND;NA;NA;NA;
24;1;1.6;5.1;6.98;NA;1.8;4.52;NA;NA;ND;NA;NA;NA;
24;2;6.38;3.03;8.79;NA;17.37;11.28;NA;NA;ND;NA;NA;NA;
24;3;5.61;1.82;9.04;NA;11.21;12.5;NA;NA;ND;NA;NA;NA;
24;4;4.21;12.88;5.34;NA;10.65;8.37;NA;NA;ND;NA;NA;NA;
24;5;4.3;4.97;7.24;NA;10.66;9.63;NA;NA;ND;NA;NA;NA;
24;6;12.98;15.48;9.05;NA;16.84;7.15;NA;NA;ND;NA;NA;NA;
24;7;15.81;8.49;23.44;NA;23.64;11.59;NA;NA;ND;NA;NA;NA;
24;8;1.5;5.48;33.93;NA;20.16;22.7;NA;NA;ND;NA;NA;NA;
24;9;24.99;11.42;4.74;NA;12.04;2.57;NA;NA;ND;NA;NA;NA;
24;10;7.14;29.13;16;NA;6.63;16.43;NA;NA;ND;NA;NA;NA;
24;11;26.76;20.12;14.08;NA;18.67;25.1;NA;NA;ND;NA;NA;NA;
24;12;14.03;11.02;17.33;NA;22.51;30.12;NA;NA;ND;NA;NA;NA;
24;13;13.79;13.23;18.81;NA;17.7;9.56;NA;NA;ND;NA;NA;NA;
24;14;2.03;5.95;10.67;NA;10.34;2.92;NA;NA;ND;NA;NA;NA;
24;15;1.6;1.28;11.48;NA;8.34;12.57;NA;NA;ND;NA;NA;NA;
24;16;5.05;8.3;12.34;NA;1.28;11.67;NA;NA;ND;NA;NA;NA;
24;17;4.58;13.16;13.66;NA;4.61;11.86;NA;NA;ND;NA;NA;NA;
24;18;3.28;9.28;12.13;NA;19.91;10.57;NA;NA;ND;NA;NA;NA;
24;19;2.75;22.88;12.49;NA;5.01;16.76;NA;NA;ND;NA;NA;NA;
24;20;1.39;8.64;9.05;NA;18.49;11.7;NA;NA;ND;NA;NA;NA;
24;21;14.64;0;7.55;NA;22.01;12.43;NA;NA;ND;NA;NA;NA;
24;22;4.81;5.39;9.68;NA;11.36;8.86;NA;NA;ND;NA;NA;NA;
24;23;16.88;3.74;5.39;NA;8.85;10.41;NA;NA;ND;NA;NA;NA;
25;0;11.99;14.77;17.94;NA;12.98;0.86;NA;NA;ND;NA;NA;NA;
25;1;8.34;13.65;9.21;NA;11.46;8.36;NA;NA;ND;NA;NA;NA;
25;2;6.93;4.46;6.78;NA;7.4;7.58;NA;NA;ND;NA;NA;NA;
25;3;6.8;4.12;9.35;NA;10.39;5.09;NA;NA;ND;NA;NA;NA;
25;4;7.15;4.44;4.79;NA;7.68;3.55;NA;NA;ND;NA;NA;NA;
25;5;0.44;11.56;2.89;NA;1.16;2.27;NA;NA;ND;NA;NA;NA;
25;6;3.07;5.15;7.63;NA;11.04;2.74;NA;NA;ND;NA;NA;NA;
25;7;5.92;7.48;3.96;NA;6.52;9.02;NA;NA;ND;NA;NA;NA;
25;8;5.06;4.46;5.59;NA;9.27;4.24;NA;NA;ND;NA;NA;NA;
25;9;13.12;19.51;7;NA;11.63;16.34;NA;NA;ND;NA;NA;NA;
25;10;8.8;12.86;3.32;NA;17.78;4.3;NA;NA;ND;NA;NA;NA;
25;11;27.43;15.57;10.47;NA;9.91;14.73;NA;NA;ND;NA;NA;NA;
25;12;1.52;5.13;8.89;NA;2.59;6.52;NA;NA;ND;NA;NA;NA;
25;13;13.35;10.09;8.3;NA;12.36;12.31;NA;NA;ND;NA;NA;NA;
25;14;13.25;14.12;10.72;NA;18.78;20.28;NA;NA;ND;NA;NA;NA;
25;15;2.32;12.79;8.18;NA;2.74;7.81;NA;NA;ND;NA;NA;NA;
25;16;8.29;21.5;11.84;NA;9.83;3.11;NA;NA;ND;NA;NA;NA;
25;17;8.86;27.93;7.77;NA;5.46;15.54;NA;NA;ND;NA;NA;NA;
25;18;2.62;15.83;13.53;NA;7.62;7.57;NA;NA;ND;NA;NA;NA;
25;19;2.7;8.77;4.87;NA;18.05;14.44;NA;NA;ND;NA;NA;NA;
25;20;7.73;8.61;13.65;NA;13.95;13.69;NA;NA;ND;NA;NA;NA;
25;21;6.61;13.43;10.05;NA;5.43;10.99;NA;NA;ND;NA;NA;NA;
25;22;3.89;6.05;2.15;NA;16.33;1.62;NA;NA;ND;NA;NA;NA;
25;23;1.97;4.85;6.28;NA;4.59;6.47;NA;NA;ND;NA;NA;NA;
26;0;0.92;3.72;0.41;NA;13.45;14.31;NA;NA;ND;NA;NA;NA;
26;1;6.13;6.69;6.05;NA;6.64;11.81;NA;NA;ND;NA;NA;NA;
26;2;8.13;13.52;8.81;NA;5.96;8.77;NA;NA;ND;NA;NA;NA;
26;3;5.29;7.29;4.09;NA;6.83;3.84;NA;NA;ND;NA;NA;NA;
26;4;9;9.4;5.41;NA;16.74;2.76;NA;NA;ND;NA;NA;NA;
26;5;9.55;12.63;15.28;NA;15.96;8.64;NA;NA;ND;NA;NA;NA;
26;6;26.44;22.27;14.86;NA;42.09;13.92;NA;NA;ND;NA;NA;NA;
26;7;45.45;35.85;32.51;NA;48.7;50.9;NA;NA;ND;NA;NA;NA;
26;8;27.69;23.42;27.14;NA;47.55;46.29;NA;NA;ND;NA;NA;NA;
26;9;34.66;10.7;33.49;NA;22.37;29.9;NA;NA;ND;NA;NA;NA;
26;10;39.61;14.76;28.6;NA;32.96;18.7;NA;NA;ND;NA;NA;NA;
26;11;22.87;22.79;34.55;NA;33.96;27.8;NA;NA;ND;NA;NA;NA;
26;12;16.5;7.51;24.08;NA;27.23;37.03;NA;NA;ND;NA;NA;NA;
26;13;6.5;9.65;7.87;NA;22.25;24.58;NA;NA;ND;NA;NA;NA;
26;14;6.78;11.11;17.86;NA;8.18;8.67;NA;NA;ND;NA;NA;NA;
26;15;4.3;7.62;14.32;NA;11.17;12.97;NA;NA;ND;NA;NA;NA;
26;16;0.68;9.99;12.42;NA;3.88;12.52;NA;NA;ND;NA;NA;NA;
26;17;0;3.87;22.07;NA;6.02;4.39;NA;NA;ND;NA;NA;NA;
26;18;11.22;13.64;15.35;NA;15.62;9.03;NA;NA;ND;NA;NA;NA;
26;19;6.69;14.88;12.5;NA;9.81;15.06;NA;NA;ND;NA;NA;NA;
26;20;13.09;9.14;12.3;NA;19.59;9.47;NA;NA;ND;NA;NA;NA;
26;21;12.77;9.95;7.38;NA;29.71;12.7;NA;NA;ND;NA;NA;NA;
26;22;4.45;6.76;11.1;NA;11.26;3.42;NA;NA;ND;NA;NA;NA;
26;23;8.27;12.44;8.12;NA;6.49;8.29;NA;NA;ND;NA;NA;NA;
27;0;19.23;7.4;8.11;NA;7.6;7.37;NA;NA;ND;NA;NA;NA;
27;1;10;4.99;10.23;NA;3.5;9.5;NA;NA;ND;NA;NA;NA;
27;2;5.17;3.5;5.15;NA;9.56;4.03;NA;NA;ND;NA;NA;NA;
27;3;11;4.48;8.15;NA;9.3;9.7;NA;NA;ND;NA;NA;NA;
27;4;8.69;6.58;9.06;NA;13.54;7.74;NA;NA;ND;NA;NA;NA;
27;5;13.3;10.6;9.6;NA;17.25;20.18;NA;NA;ND;NA;NA;NA;
27;6;1.54;8.42;17.26;NA;20.32;6.85;NA;NA;ND;NA;NA;NA;
27;7;44.83;22.7;30.68;NA;25.81;26.48;NA;NA;ND;NA;NA;NA;
27;8;41.8;22.69;31.61;NA;25.67;28.28;NA;NA;ND;NA;NA;NA;
27;9;25.68;17.88;16.3;NA;15.65;22;NA;NA;ND;NA;NA;NA;
27;10;19.38;12.85;16.31;NA;10.98;17.15;NA;NA;ND;NA;NA;NA;
27;11;23.08;21.21;19.5;NA;24.53;20.94;NA;NA;ND;NA;NA;NA;
27;12;14.66;12.41;18.28;NA;21.77;19.91;NA;NA;ND;NA;NA;NA;
27;13;18.53;15.09;17.82;NA;11.09;11.57;NA;NA;ND;NA;NA;NA;
27;14;14.13;28.08;21.74;NA;22.26;28.85;NA;NA;ND;NA;NA;NA;
27;15;10.14;16.97;26.02;NA;17.95;24.68;NA;NA;ND;NA;NA;NA;
27;16;22.71;28.88;26.92;NA;30.9;20.88;NA;NA;ND;NA;NA;NA;
27;17;22.26;19.03;25.59;NA;34;35.33;NA;NA;ND;NA;NA;NA;
27;18;22.4;18.66;28.45;NA;49.6;41.94;NA;NA;ND;NA;NA;NA;
27;19;23.18;44.93;32.31;NA;32.61;16.66;NA;NA;ND;NA;NA;NA;
27;20;25.87;46.62;21.77;NA;63.35;21.86;NA;NA;ND;NA;NA;NA;
27;21;15.54;27.87;20.28;NA;63.81;41.29;NA;NA;ND;NA;NA;NA;
27;22;22.47;30.01;27.88;NA;56.49;20.03;NA;NA;ND;NA;NA;NA;
27;23;18.63;32.22;ND;NA;45.56;22.16;NA;NA;ND;NA;NA;NA;
28;0;15.03;36.81;14.61;NA;43.21;4.33;NA;NA;ND;NA;NA;NA;
28;1;16.72;30.59;11.82;NA;47.96;18.38;NA;NA;ND;NA;NA;NA;
28;2;11.41;33.7;16.97;NA;36.58;20.36;NA;NA;ND;NA;NA;NA;
28;3;11.25;26.22;14.58;NA;34.68;17.53;NA;NA;ND;NA;NA;NA;
28;4;11.95;22.06;15.11;NA;32.13;40.25;NA;NA;ND;NA;NA;NA;
28;5;17.9;32.66;12.03;NA;39.58;37.98;NA;NA;ND;NA;NA;NA;
28;6;33.74;59.52;37.15;NA;65.09;49.49;NA;NA;ND;NA;NA;NA;
28;7;52.37;69.3;47.04;NA;121.87;71.01;NA;NA;ND;NA;NA;NA;
28;8;45.25;39.95;50.86;NA;78.5;80.85;NA;NA;ND;NA;NA;NA;
28;9;27.17;38.71;42.83;NA;48.63;46.33;NA;NA;ND;NA;NA;NA;
28;10;12.73;15.23;27.41;NA;24.8;30.11;NA;NA;ND;NA;NA;NA;
28;11;13.73;5.92;24.89;NA;21.02;12.48;NA;NA;ND;NA;NA;NA;
28;12;17.28;15.11;20.43;NA;9.81;21.24;NA;NA;ND;NA;NA;NA;
28;13;22.18;11.44;15.72;NA;15.74;7.97;NA;NA;ND;NA;NA;NA;
28;14;18.17;19.66;21.54;NA;9.23;20.21;NA;NA;ND;NA;NA;NA;
28;15;11.26;17.99;17.41;NA;14.56;3.36;NA;NA;ND;NA;NA;NA;
28;16;28.58;24.39;20.25;NA;27.16;32.01;NA;NA;ND;NA;NA;NA;
28;17;19.19;15.68;17.84;NA;26.77;36.39;NA;NA;ND;NA;NA;NA;
28;18;17.7;30.89;28.28;NA;23.58;24.38;NA;NA;ND;NA;NA;NA;
28;19;17.66;20.06;31.81;NA;28.8;20.3;NA;NA;ND;NA;NA;NA;
28;20;17.71;13.63;27.17;NA;30.05;25.42;NA;NA;ND;NA;NA;NA;
28;21;22.08;21.11;11.77;NA;27.61;22.42;NA;NA;ND;NA;NA;NA;
28;22;4.05;17.55;12.43;NA;27.52;20.51;NA;NA;ND;NA;NA;NA;
28;23;14.86;36.29;7.98;NA;23.42;7.14;NA;NA;ND;NA;NA;NA;
29;0;11.73;25.34;14.18;NA;30.67;17.44;NA;NA;ND;NA;NA;NA;
29;1;11.65;8.44;5.34;NA;17.62;25.26;NA;NA;ND;NA;NA;NA;
29;2;5.42;12.77;10.1;NA;9.35;5.91;NA;NA;ND;NA;NA;NA;
29;3;19.77;13.56;11.57;NA;15.5;7.73;NA;NA;ND;NA;NA;NA;
29;4;9.71;17.98;10.95;NA;10.17;16.31;NA;NA;ND;NA;NA;NA;
29;5;7.1;50.06;11.26;NA;8.11;10.64;NA;NA;ND;NA;NA;NA;
29;6;7.41;42.03;19.24;NA;75.27;29.62;NA;NA;ND;NA;NA;NA;
29;7;26.41;37.02;30.71;NA;88.11;48.78;NA;NA;ND;NA;NA;NA;
29;8;15.3;31.35;47.34;NA;36.12;26.28;NA;NA;ND;NA;NA;NA;
29;9;21.61;34.49;27.58;NA;5.2;8.35;NA;NA;ND;NA;NA;NA;
29;10;20.77;12.37;9.85;NA;6.53;8.18;NA;NA;ND;NA;NA;NA;
29;11;17.18;12.92;5.47;NA;9.11;7.54;NA;NA;ND;NA;NA;NA;
29;12;10.6;18.59;9.63;NA;17.09;9.74;NA;NA;ND;NA;NA;NA;
29;13;9.09;22.56;8.32;NA;11.08;9.72;NA;NA;ND;NA;NA;NA;
29;14;13.45;25.93;11.08;NA;5.68;7.33;NA;NA;ND;NA;NA;NA;
29;15;11.69;18.13;12.12;NA;3.5;18.69;NA;NA;ND;NA;NA;NA;
29;16;7.22;12.38;10.8;NA;14.69;20.31;NA;NA;ND;NA;NA;NA;
29;17;14.25;23.8;22.97;NA;9.36;14.44;NA;NA;ND;NA;NA;NA;
29;18;12.19;20.63;18.66;NA;16.57;19.44;NA;NA;ND;NA;NA;NA;
29;19;11.99;18.95;21.66;NA;24.76;22.45;NA;NA;ND;NA;NA;NA;
29;20;21.11;23.89;21.51;NA;31.7;31.84;NA;NA;ND;NA;NA;NA;
29;21;15.35;14.05;21.05;NA;28.63;32.18;NA;NA;ND;NA;NA;NA;
29;22;16.91;15.46;17.44;NA;29.05;30.94;NA;NA;ND;NA;NA;NA;
29;23;22.4;31.07;16.97;NA;46.03;32.76;NA;NA;ND;NA;NA;NA;
30;0;16.19;5.98;23.16;NA;21.27;26.32;NA;NA;ND;NA;NA;NA;
30;1;17.47;13.9;24.59;NA;25.17;33.26;NA;NA;ND;NA;NA;NA;
30;2;4.5;5.08;23.54;NA;26.81;20.54;NA;NA;ND;NA;NA;NA;
30;3;5.94;11.87;16.23;NA;14.28;8.95;NA;NA;ND;NA;NA;NA;
30;4;12.91;19.86;4.87;NA;8.16;9.25;NA;NA;ND;NA;NA;NA;
30;5;18.09;18.17;2.22;NA;13.97;5.7;NA;NA;ND;NA;NA;NA;
30;6;22.76;27.54;5.87;NA;33.94;15.17;NA;NA;ND;NA;NA;NA;
30;7;22.65;31.05;6.03;NA;20.36;14.72;NA;NA;ND;NA;NA;NA;
30;8;32;24.86;3.92;NA;22.1;15.4;NA;NA;ND;NA;NA;NA;
30;9;26.37;21.05;6.42;NA;7.36;3.06;NA;NA;ND;NA;NA;NA;
30;10;16.94;43.96;4.65;NA;3.49;7.63;NA;NA;ND;NA;NA;NA;
30;11;6.9;19.6;5.87;NA;1.93;7.63;NA;NA;ND;NA;NA;NA;
30;12;13.98;21.82;4.7;NA;2.39;9.61;NA;NA;ND;NA;NA;NA;
30;13;7;10.56;1.47;NA;4.43;1.71;NA;NA;ND;NA;NA;NA;
30;14;36.19;25.87;15.67;NA;12.96;8.71;NA;NA;ND;NA;NA;NA;
30;15;21.84;41.39;9.49;NA;7.37;14.55;NA;NA;ND;NA;NA;NA;
30;16;12.73;22.27;14.1;NA;8.98;16.76;NA;NA;ND;NA;NA;NA;
30;17;11.44;14.66;21.84;NA;25.45;11.5;NA;NA;ND;NA;NA;NA;
30;18;18.28;29.93;18.92;NA;10.11;5.22;NA;NA;ND;NA;NA;NA;
30;19;7.08;36.08;10.1;NA;12.8;5.52;NA;NA;ND;NA;NA;NA;
30;20;19.62;20.54;12.64;NA;13.48;14.1;NA;NA;ND;NA;NA;NA;
30;21;4.18;18.9;10.22;NA;4.96;11.11;NA;NA;ND;NA;NA;NA;
30;22;7.42;26.17;5.1;NA;12.06;8.24;NA;NA;ND;NA;NA;NA;
30;23;3.97;30.25;7.92;NA;3.31;12.91;NA;NA;ND;NA;NA;NA;
31;0;4.66;28.06;0.46;NA;8.75;5.17;NA;NA;ND;NA;NA;NA;
31;1;5.11;23.9;4.72;NA;13.07;9.77;NA;NA;ND;NA;NA;NA;
31;2;8.05;30.84;5.88;NA;6.39;5.63;NA;NA;ND;NA;NA;NA;
31;3;5.36;21.41;1.75;NA;3.13;5.76;NA;NA;ND;NA;NA;NA;
31;4;4.06;14.98;7.43;NA;4.5;5.19;NA;NA;ND;NA;NA;NA;
31;5;8.78;11.56;2.15;NA;8.73;2.92;NA;NA;ND;NA;NA;NA;
31;6;10.46;11.65;1.33;NA;15.28;8;NA;NA;ND;NA;NA;NA;
31;7;2.93;35.27;1.28;NA;2.25;3.67;NA;NA;ND;NA;NA;NA;
31;8;5.37;18.31;4.85;NA;12.12;8.63;NA;NA;ND;NA;NA;NA;
31;9;11.46;10.95;3.92;NA;13.47;12.79;NA;NA;ND;NA;NA;NA;
31;10;10.98;19.48;2.81;NA;4.36;0.53;NA;NA;ND;NA;NA;NA;
31;11;10.81;2.34;4.5;NA;10.57;4.39;NA;NA;ND;NA;NA;NA;
31;12;7.68;9.01;7.83;NA;6.3;10.68;NA;NA;ND;NA;NA;NA;
31;13;14.55;15.06;1.54;NA;8.22;10.89;NA;NA;ND;NA;NA;NA;
31;14;7.66;18.18;2.32;NA;2.09;8.66;NA;NA;ND;NA;NA;NA;
31;15;2.24;19.03;18.86;NA;20.68;12.47;NA;NA;ND;NA;NA;NA;
31;16;15.27;21.29;19.14;NA;19.93;17.58;NA;NA;ND;NA;NA;NA;
31;17;10.22;38.88;5.93;NA;8.54;2.22;NA;NA;ND;NA;NA;NA;
31;18;12.91;26.34;22.7;NA;29.98;25.53;NA;NA;ND;NA;NA;NA;
31;19;12.3;17.61;11.48;NA;41.23;28.9;NA;NA;ND;NA;NA;NA;
31;20;17.54;13.3;18.96;NA;30.76;16.68;NA;NA;ND;NA;NA;NA;
31;21;20.97;16.99;6.17;NA;24.17;16.48;NA;NA;ND;NA;NA;NA;
31;22;18.12;11.7;5.09;NA;20.33;14.18;NA;NA;ND;NA;NA;NA;
31;23;18.12;20.41;8.13;NA;11.7;8.96;NA;NA;ND;NA;NA;NA;
