DIA;HORA;Cotocollao;Carapungo;Belisario;Jipijapa;El Camal;Centro;Guamaní;Tumbaco;Los Chillos;El Condado;Turubamba;Chillogallo;
1;0;0.95;ND;ND;NA;ND;0.79;0.33;NA;ND;NA;NA;NA;
1;1;0.77;0.48;0.92;NA;0.84;0.8;0.55;NA;ND;NA;NA;NA;
1;2;0.81;0.57;1.09;NA;0.89;0.99;0.47;NA;ND;NA;NA;NA;
1;3;0.49;0.51;0.84;NA;0.92;1.01;0.29;NA;ND;NA;NA;NA;
1;4;0.34;0.37;0.45;NA;0.87;0.61;0.53;NA;ND;NA;NA;NA;
1;5;0.36;0.25;0.52;NA;0.66;0.76;0.43;NA;ND;NA;NA;NA;
1;6;0.49;0.62;0.87;NA;1.16;0.96;0.76;NA;ND;NA;NA;NA;
1;7;0.56;0.64;1.07;NA;1.24;0.82;0.6;NA;ND;NA;NA;NA;
1;8;0.58;0.69;1;NA;0.92;0.62;0.54;NA;ND;NA;NA;NA;
1;9;0.48;0.65;0.51;NA;0.57;0.43;0.37;NA;ND;NA;NA;NA;
1;10;0.35;0.56;0.52;NA;0.45;0.28;0.35;NA;ND;NA;NA;NA;
1;11;0.35;0.62;0.52;NA;0.42;0.28;0.36;NA;ND;NA;NA;NA;
1;12;0.34;0.56;0.45;NA;0.48;0.26;0.36;NA;ND;NA;NA;NA;
1;13;0.34;0.56;0.5;NA;0.4;0.25;0.37;NA;ND;NA;NA;NA;
1;14;0.34;0.49;0.42;NA;0.41;0.29;0.42;NA;ND;NA;NA;NA;
1;15;0.35;0.49;0.42;NA;0.41;0.3;0.4;NA;ND;NA;NA;NA;
1;16;0.34;0.49;0.48;NA;0.44;0.31;0.41;NA;ND;NA;NA;NA;
1;17;0.34;0.46;0.5;NA;0.5;0.36;0.45;NA;ND;NA;NA;NA;
1;18;0.44;0.53;0.53;NA;0.58;0.35;0.45;NA;ND;NA;NA;NA;
1;19;0.58;0.67;0.55;NA;0.7;0.38;0.44;NA;ND;NA;NA;NA;
1;20;0.62;0.65;0.44;NA;0.71;0.32;0.39;NA;ND;NA;NA;NA;
1;21;0.57;0.68;0.4;NA;0.56;0.35;0.33;NA;ND;NA;NA;NA;
1;22;0.48;1.42;0.41;NA;0.42;0.41;0.33;NA;ND;NA;NA;NA;
1;23;0.52;0.51;0.36;NA;0.31;0.29;0.29;NA;ND;NA;NA;NA;
2;0;ND;0.45;0.32;NA;0.3;ND;ND;NA;ND;NA;NA;NA;
2;1;0.38;0.27;0.29;NA;0.33;0.19;0.22;NA;ND;NA;NA;NA;
2;2;0.34;0.27;0.28;NA;0.43;0.21;0.2;NA;ND;NA;NA;NA;
2;3;0.34;0.3;0.3;NA;0.35;0.21;0.21;NA;ND;NA;NA;NA;
2;4;0.35;0.23;0.33;NA;0.39;0.27;0.21;NA;ND;NA;NA;NA;
2;5;0.47;0.73;0.42;NA;0.74;0.39;0.26;NA;ND;NA;NA;NA;
2;6;0.91;1.42;0.55;NA;1.33;0.64;0.31;NA;ND;NA;NA;NA;
2;7;0.68;0.9;0.61;NA;0.94;0.69;0.33;NA;ND;NA;NA;NA;
2;8;0.5;0.7;0.58;NA;1.09;0.53;0.34;NA;ND;NA;NA;NA;
2;9;0.46;0.57;0.69;NA;0.74;0.48;0.33;NA;ND;NA;NA;NA;
2;10;0.45;0.6;0.53;NA;0.53;0.44;0.34;NA;ND;NA;NA;NA;
2;11;0.42;0.54;0.58;NA;0.46;0.39;0.38;NA;ND;NA;NA;NA;
2;12;0.36;0.55;0.6;NA;0.46;0.41;0.39;NA;ND;NA;NA;NA;
2;13;0.38;0.59;0.59;NA;0.46;0.33;0.37;NA;ND;NA;NA;NA;
2;14;0.35;0.58;0.57;NA;0.47;0.35;0.46;NA;ND;NA;NA;NA;
2;15;0.39;0.59;0.65;NA;0.51;0.41;0.49;NA;ND;NA;NA;NA;
2;16;0.35;0.55;0.82;NA;0.59;0.43;0.47;NA;ND;NA;NA;NA;
2;17;0.47;0.59;0.83;NA;0.62;0.5;0.5;NA;ND;NA;NA;NA;
2;18;0.52;0.54;0.91;NA;0.75;0.62;0.49;NA;ND;NA;NA;NA;
2;19;0.54;0.67;0.8;NA;0.86;0.53;0.44;NA;ND;NA;NA;NA;
2;20;0.97;0.59;0.74;NA;0.65;0.45;0.54;NA;ND;NA;NA;NA;
2;21;0.99;0.67;0.51;NA;0.85;0.42;0.52;NA;ND;NA;NA;NA;
2;22;0.99;ND;0.39;NA;0.83;0.39;0.58;NA;ND;NA;NA;NA;
2;23;0.95;ND;0.42;NA;0.83;0.36;0.36;NA;ND;NA;NA;NA;
3;0;0.66;ND;ND;NA;ND;0.61;0.23;NA;ND;NA;NA;NA;
3;1;0.58;0.41;0.45;NA;0.64;0.43;0.21;NA;ND;NA;NA;NA;
3;2;0.39;0.37;0.38;NA;0.49;0.3;0.22;NA;ND;NA;NA;NA;
3;3;0.34;0.3;0.43;NA;0.53;0.34;0.2;NA;ND;NA;NA;NA;
3;4;0.4;0.32;0.52;NA;0.46;0.47;0.23;NA;ND;NA;NA;NA;
3;5;0.55;0.54;0.64;NA;0.77;0.84;0.27;NA;ND;NA;NA;NA;
3;6;1.78;2.9;0.97;NA;1.79;1.38;0.42;NA;ND;NA;NA;NA;
3;7;1.12;2.44;0.64;NA;2.51;0.82;0.37;NA;ND;NA;NA;NA;
3;8;0.51;0.79;0.68;NA;0.65;0.68;0.34;NA;ND;NA;NA;NA;
3;9;0.41;0.53;0.64;NA;0.43;0.5;0.35;NA;ND;NA;NA;NA;
3;10;0.41;0.58;0.58;NA;0.36;0.42;0.34;NA;ND;NA;NA;NA;
3;11;0.37;0.63;0.66;NA;0.4;0.37;ND;NA;ND;NA;NA;NA;
3;12;0.37;0.66;0.64;NA;0.41;0.37;0.31;NA;ND;NA;NA;NA;
3;13;0.35;0.6;0.58;NA;0.37;0.32;0.34;NA;ND;NA;NA;NA;
3;14;0.35;0.59;0.6;NA;0.39;0.42;ND;NA;ND;NA;NA;NA;
3;15;0.37;0.64;0.65;NA;0.39;0.39;0.39;NA;ND;NA;NA;NA;
3;16;ND;0.63;0.83;NA;0.43;0.41;0.45;NA;ND;NA;NA;NA;
3;17;ND;0.63;1.02;NA;0.53;0.55;0.49;NA;ND;NA;NA;NA;
3;18;0.47;0.79;1.03;NA;0.66;0.85;0.55;NA;ND;NA;NA;NA;
3;19;0.69;0.9;1.19;NA;1.05;1.18;0.55;NA;ND;NA;NA;NA;
3;20;1.2;0.71;0.87;NA;1.33;1.5;0.54;NA;ND;NA;NA;NA;
3;21;1.25;0.65;0.76;NA;1.73;1.29;0.59;NA;ND;NA;NA;NA;
3;22;1.05;0.68;0.7;NA;1.48;1.18;0.7;NA;ND;NA;NA;NA;
3;23;0.98;0.76;0.96;NA;1;0.92;0.65;NA;ND;NA;NA;NA;
4;0;ND;0.45;0.74;NA;1.03;ND;ND;NA;ND;NA;NA;NA;
4;1;0.64;0.41;0.69;NA;0.81;0.83;0.33;NA;ND;NA;NA;NA;
4;2;0.66;0.4;0.74;NA;0.85;0.68;0.43;NA;ND;NA;NA;NA;
4;3;0.53;0.39;0.61;NA;0.67;0.58;0.23;NA;ND;NA;NA;NA;
4;4;0.54;0.42;0.54;NA;0.53;0.42;0.22;NA;ND;NA;NA;NA;
4;5;0.64;0.52;0.61;NA;0.79;0.67;0.35;NA;ND;NA;NA;NA;
4;6;1.2;0.96;0.82;NA;2.27;1.54;0.65;NA;ND;NA;NA;NA;
4;7;1.92;1.44;1.61;NA;2.06;2.22;0.77;NA;ND;NA;NA;NA;
4;8;1.08;0.79;1.67;NA;1.84;1.92;0.32;NA;ND;NA;NA;NA;
4;9;0.62;0.58;1.65;NA;1.47;2.07;0.34;NA;ND;NA;NA;NA;
4;10;0.52;0.5;0.95;NA;0.94;0.94;0.4;NA;ND;NA;NA;NA;
4;11;0.52;0.61;0.64;NA;0.54;0.46;0.45;NA;ND;NA;NA;NA;
4;12;0.45;0.66;0.61;NA;0.49;0.41;0.41;NA;ND;NA;NA;NA;
4;13;0.43;0.65;0.65;NA;0.51;0.41;0.46;NA;ND;NA;NA;NA;
4;14;0.42;0.66;0.59;NA;0.42;0.42;0.46;NA;ND;NA;NA;NA;
4;15;0.43;0.67;0.52;NA;0.51;0.56;0.52;NA;ND;NA;NA;NA;
4;16;0.42;0.69;0.61;NA;0.64;0.52;0.62;NA;ND;NA;NA;NA;
4;17;0.44;0.65;0.75;NA;0.71;0.59;0.73;NA;ND;NA;NA;NA;
4;18;0.52;0.74;0.84;NA;0.91;0.93;0.85;NA;ND;NA;NA;NA;
4;19;0.57;0.68;0.84;NA;1.19;1.53;0.93;NA;ND;NA;NA;NA;
4;20;0.82;0.76;0.83;NA;1.3;1.51;0.64;NA;ND;NA;NA;NA;
4;21;1.07;0.69;0.92;NA;1.08;1.38;0.75;NA;ND;NA;NA;NA;
4;22;0.87;0.7;1.19;NA;1.46;1.42;1.15;NA;ND;NA;NA;NA;
4;23;0.76;0.55;0.89;NA;1.1;1.25;0.56;NA;ND;NA;NA;NA;
5;0;0.6;ND;ND;NA;ND;1.07;0.43;NA;ND;NA;NA;NA;
5;1;0.49;0.46;0.59;NA;0.67;0.79;0.47;NA;ND;NA;NA;NA;
5;2;0.41;0.45;0.48;NA;0.62;0.52;0.36;NA;ND;NA;NA;NA;
5;3;0.46;0.46;0.48;NA;0.53;0.5;0.35;NA;ND;NA;NA;NA;
5;4;0.48;0.54;0.52;NA;0.57;0.58;0.41;NA;ND;NA;NA;NA;
5;5;0.57;0.54;0.57;NA;0.93;0.79;0.67;NA;ND;NA;NA;NA;
5;6;0.73;0.79;0.74;NA;1.25;1.3;0.88;NA;ND;NA;NA;NA;
5;7;1.14;0.83;1.2;NA;1.47;1.96;0.99;NA;ND;NA;NA;NA;
5;8;0.83;1.13;1.56;NA;0.95;1.16;0.54;NA;ND;NA;NA;NA;
5;9;0.61;1.08;1.24;NA;0.94;1.14;0.42;NA;ND;NA;NA;NA;
5;10;0.54;0.84;1.07;NA;1;1.27;0.39;NA;ND;NA;NA;NA;
5;11;0.53;0.78;0.78;NA;0.67;0.67;0.4;NA;ND;NA;NA;NA;
5;12;0.39;0.69;0.7;NA;0.58;0.62;0.45;NA;ND;NA;NA;NA;
5;13;0.38;0.7;0.79;NA;0.57;0.62;0.44;NA;ND;NA;NA;NA;
5;14;0.41;0.68;0.81;NA;0.62;0.5;0.53;NA;ND;NA;NA;NA;
5;15;0.4;0.64;0.83;NA;0.66;0.73;0.62;NA;ND;NA;NA;NA;
5;16;0.37;0.57;0.74;NA;0.76;0.7;0.66;NA;ND;NA;NA;NA;
5;17;0.44;0.64;0.93;NA;0.77;0.79;0.74;NA;ND;NA;NA;NA;
5;18;0.59;0.67;1.36;NA;0.95;1.21;0.96;NA;ND;NA;NA;NA;
5;19;0.86;0.82;1.36;NA;1.04;1.53;1.27;NA;ND;NA;NA;NA;
5;20;1.42;0.69;1.28;NA;1.15;1.8;0.91;NA;ND;NA;NA;NA;
5;21;1.47;0.7;1;NA;1.28;1.59;0.72;NA;ND;NA;NA;NA;
5;22;1.44;0.8;1.63;NA;1.77;1.24;0.89;NA;ND;NA;NA;NA;
5;23;0.88;0.6;0.96;NA;1.39;1;0.49;NA;ND;NA;NA;NA;
6;0;ND;0.7;0.92;NA;0.87;ND;ND;NA;ND;NA;NA;NA;
6;1;0.72;0.78;0.75;NA;0.85;0.67;0.63;NA;ND;NA;NA;NA;
6;2;0.57;0.73;0.63;NA;0.49;0.58;0.66;NA;ND;NA;NA;NA;
6;3;0.41;0.71;0.57;NA;0.51;0.53;0.56;NA;ND;NA;NA;NA;
6;4;0.37;0.51;0.57;NA;0.82;0.56;0.73;NA;ND;NA;NA;NA;
6;5;0.56;0.61;0.8;NA;1.07;1.13;0.92;NA;ND;NA;NA;NA;
6;6;1.31;1.15;1.38;NA;1.65;1.92;0.84;NA;ND;NA;NA;NA;
6;7;2.56;1.49;2.31;NA;2.82;2.64;0.47;NA;ND;NA;NA;NA;
6;8;1.87;1.32;1.59;NA;1.71;1.08;0.4;NA;ND;NA;NA;NA;
6;9;0.99;0.85;0.76;NA;0.78;0.58;0.34;NA;ND;NA;NA;NA;
6;10;0.55;0.66;0.75;NA;0.52;0.5;0.38;NA;ND;NA;NA;NA;
6;11;0.39;0.3;0.68;NA;0.49;0.4;0.42;NA;ND;NA;NA;NA;
6;12;0.34;0.22;0.7;NA;0.53;0.44;0.45;NA;ND;NA;NA;NA;
6;13;0.32;0.27;0.7;NA;0.46;0.38;0.4;NA;ND;NA;NA;NA;
6;14;0.34;0.66;0.63;NA;0.53;0.44;0.44;NA;ND;NA;NA;NA;
6;15;0.36;0.7;0.58;NA;0.7;0.45;0.64;NA;ND;NA;NA;NA;
6;16;0.33;0.81;0.67;NA;0.74;0.49;0.78;NA;ND;NA;NA;NA;
6;17;0.39;0.99;0.65;NA;0.85;0.64;0.76;NA;ND;NA;NA;NA;
6;18;0.52;1.08;0.72;NA;0.78;0.84;0.78;NA;ND;NA;NA;NA;
6;19;0.66;1.24;0.84;NA;0.9;0.95;1.01;NA;ND;NA;NA;NA;
6;20;0.68;1.26;0.89;NA;1.38;1.06;0.64;NA;ND;NA;NA;NA;
6;21;0.96;1.15;1.13;NA;1.93;1.13;0.46;NA;ND;NA;NA;NA;
6;22;0.96;1.28;0.88;NA;1.39;0.66;0.38;NA;ND;NA;NA;NA;
6;23;1;1.14;0.54;NA;0.69;0.5;0.34;NA;ND;NA;NA;NA;
7;0;0.58;ND;ND;NA;ND;0.49;0.36;NA;ND;NA;NA;NA;
7;1;0.43;1.26;0.79;NA;0.47;0.39;0.34;NA;ND;NA;NA;NA;
7;2;0.42;1.04;0.78;NA;0.6;0.63;0.34;NA;ND;NA;NA;NA;
7;3;0.53;0.98;0.87;NA;0.9;1.18;0.32;NA;ND;NA;NA;NA;
7;4;0.56;0.9;0.85;NA;1.02;1.11;0.31;NA;ND;NA;NA;NA;
7;5;0.84;1.06;0.95;NA;1.29;1.26;0.38;NA;ND;NA;NA;NA;
7;6;1.01;1.23;1.23;NA;2.07;1.35;0.6;NA;ND;NA;NA;NA;
7;7;1.36;1.76;0.89;NA;1.67;0.64;0.64;NA;ND;NA;NA;NA;
7;8;0.81;1.59;0.74;NA;0.98;0.55;0.51;NA;ND;NA;NA;NA;
7;9;0.5;1.22;0.67;NA;0.54;0.52;0.4;NA;ND;NA;NA;NA;
7;10;0.39;1.12;0.65;NA;0.53;0.46;0.39;NA;ND;NA;NA;NA;
7;11;0.39;1.12;0.6;NA;0.53;0.47;0.45;NA;ND;NA;NA;NA;
7;12;0.33;1.13;0.66;NA;0.54;0.42;0.42;NA;ND;NA;NA;NA;
7;13;0.37;1.18;0.65;NA;0.48;0.4;0.44;NA;ND;NA;NA;NA;
7;14;0.37;1.16;0.59;NA;0.44;0.38;0.42;NA;ND;NA;NA;NA;
7;15;0.32;1.15;0.61;NA;0.46;0.36;0.44;NA;ND;NA;NA;NA;
7;16;0.33;1.1;0.63;NA;0.5;0.41;0.47;NA;ND;NA;NA;NA;
7;17;0.33;1.07;0.7;NA;0.53;0.46;0.52;NA;ND;NA;NA;NA;
7;18;0.37;1.04;0.7;NA;0.73;0.63;0.52;NA;ND;NA;NA;NA;
7;19;0.54;1.04;0.81;NA;0.55;0.85;0.5;NA;ND;NA;NA;NA;
7;20;0.54;1.07;0.79;NA;0.5;0.94;0.45;NA;ND;NA;NA;NA;
7;21;0.65;1.24;0.65;NA;0.45;0.69;0.35;NA;ND;NA;NA;NA;
7;22;0.33;1.37;0.55;NA;0.58;0.49;0.29;NA;ND;NA;NA;NA;
7;23;0.33;1.15;0.48;NA;0.38;0.43;0.29;NA;ND;NA;NA;NA;
8;0;ND;0.97;0.46;NA;0.39;ND;ND;NA;ND;NA;NA;NA;
8;1;0.25;0.91;0.44;NA;0.31;0.33;0.26;NA;ND;NA;NA;NA;
8;2;0.24;0.99;0.39;NA;0.32;0.31;0.24;NA;ND;NA;NA;NA;
8;3;0.21;0.85;0.37;NA;0.28;0.29;0.24;NA;ND;NA;NA;NA;
8;4;0.2;0.74;0.36;NA;0.28;0.3;0.24;NA;ND;NA;NA;NA;
8;5;0.21;0.69;0.37;NA;0.29;0.37;0.26;NA;ND;NA;NA;NA;
8;6;0.27;0.79;0.39;NA;0.32;0.45;0.32;NA;ND;NA;NA;NA;
8;7;0.33;0.95;0.46;NA;0.41;0.53;0.41;NA;ND;NA;NA;NA;
8;8;0.39;1.09;0.51;NA;0.49;0.55;0.49;NA;ND;NA;NA;NA;
8;9;0.34;1.15;0.5;NA;0.61;0.56;0.46;NA;ND;NA;NA;NA;
8;10;0.37;1.16;0.61;NA;0.37;0.38;0.45;NA;ND;NA;NA;NA;
8;11;0.35;1.12;0.61;NA;0.4;0.32;0.41;NA;ND;NA;NA;NA;
8;12;0.33;1.12;0.59;NA;0.43;0.33;0.36;NA;ND;NA;NA;NA;
8;13;0.28;1.09;0.56;NA;0.42;0.31;0.37;NA;ND;NA;NA;NA;
8;14;0.29;1.04;0.53;NA;0.42;0.31;0.4;NA;ND;NA;NA;NA;
8;15;0.3;1.05;0.54;NA;0.4;0.34;0.4;NA;ND;NA;NA;NA;
8;16;0.3;1.1;0.57;NA;0.41;0.39;0.41;NA;ND;NA;NA;NA;
8;17;0.34;1.07;0.6;NA;0.47;0.44;0.53;NA;ND;NA;NA;NA;
8;18;0.37;1.12;0.76;NA;0.54;0.56;0.55;NA;ND;NA;NA;NA;
8;19;0.46;1.2;0.88;NA;0.58;0.67;0.45;NA;ND;NA;NA;NA;
8;20;0.45;1.1;0.71;NA;0.57;0.77;0.36;NA;ND;NA;NA;NA;
8;21;0.47;0.98;0.52;NA;0.49;0.53;0.31;NA;ND;NA;NA;NA;
8;22;0.45;0.92;0.46;NA;0.51;0.41;0.26;NA;ND;NA;NA;NA;
8;23;0.44;0.8;0.41;NA;0.44;0.33;0.25;NA;ND;NA;NA;NA;
9;0;0.35;ND;ND;NA;ND;0.29;0.23;NA;ND;NA;NA;NA;
9;1;0.31;0.73;0.37;NA;0.28;0.26;0.23;NA;ND;NA;NA;NA;
9;2;0.25;0.79;0.36;NA;0.28;0.26;0.22;NA;ND;NA;NA;NA;
9;3;0.23;0.76;0.36;NA;0.29;0.27;0.22;NA;ND;NA;NA;NA;
9;4;0.28;0.66;0.37;NA;0.46;0.28;0.21;NA;ND;NA;NA;NA;
9;5;0.43;0.83;0.41;NA;0.66;0.38;0.25;NA;ND;NA;NA;NA;
9;6;0.88;1.3;0.56;NA;1.06;0.64;0.32;NA;ND;NA;NA;NA;
9;7;1.12;1.34;0.69;NA;1.05;0.67;0.34;NA;ND;NA;NA;NA;
9;8;0.75;0.98;0.81;NA;0.57;0.61;0.32;NA;ND;NA;NA;NA;
9;9;0.76;1.22;0.76;NA;0.48;0.46;0.38;NA;ND;NA;NA;NA;
9;10;0.69;1.14;0.63;NA;0.47;0.44;0.36;NA;ND;NA;NA;NA;
9;11;0.59;1.2;ND;NA;0.49;0.43;0.39;NA;ND;NA;NA;NA;
9;12;0.58;1.14;ND;NA;0.47;0.39;0.36;NA;ND;NA;NA;NA;
9;13;0.58;1.07;0.47;NA;0.5;0.36;0.35;NA;ND;NA;NA;NA;
9;14;0.6;0.88;0.4;NA;ND;0.39;0.39;NA;ND;NA;NA;NA;
9;15;0.63;0.54;0.49;NA;0.52;0.45;0.44;NA;ND;NA;NA;NA;
9;16;0.62;ND;0.53;NA;0.59;0.47;0.58;NA;ND;NA;NA;NA;
9;17;0.71;0.84;0.57;NA;0.65;0.54;0.5;NA;ND;NA;NA;NA;
9;18;0.84;0.45;0.68;NA;0.71;0.63;0.67;NA;ND;NA;NA;NA;
9;19;1.01;0.4;0.63;NA;0.69;1.11;0.54;NA;ND;NA;NA;NA;
9;20;1.09;0.58;0.87;NA;0.71;1.09;0.34;NA;ND;NA;NA;NA;
9;21;0.77;0.45;0.57;NA;0.69;0.69;0.31;NA;ND;NA;NA;NA;
9;22;0.86;0.34;0.5;NA;0.82;0.55;0.26;NA;ND;NA;NA;NA;
9;23;0.9;0.3;0.22;NA;0.53;0.37;0.23;NA;ND;NA;NA;NA;
10;0;ND;0.25;0.17;NA;0.43;ND;ND;NA;ND;NA;NA;NA;
10;1;0.64;0.1;0.15;NA;0.39;0.33;0.2;NA;ND;NA;NA;NA;
10;2;0.56;0.2;0.15;NA;0.34;0.3;0.21;NA;ND;NA;NA;NA;
10;3;0.59;0.32;0.15;NA;0.33;0.31;0.19;NA;ND;NA;NA;NA;
10;4;0.68;0.31;0.16;NA;0.43;0.34;0.22;NA;ND;NA;NA;NA;
10;5;0.83;0.57;0.28;NA;0.53;0.51;0.25;NA;ND;NA;NA;NA;
10;6;1.43;1.19;0.55;NA;1.04;0.89;0.33;NA;ND;NA;NA;NA;
10;7;1.14;1.2;0.65;NA;1.14;1.2;0.43;NA;ND;NA;NA;NA;
10;8;0.92;0.71;0.87;NA;0.76;1.02;0.36;NA;ND;NA;NA;NA;
10;9;0.91;0.56;0.48;NA;0.63;0.63;0.32;NA;ND;NA;NA;NA;
10;10;0.76;0.54;0.51;NA;0.73;0.58;0.35;NA;ND;NA;NA;NA;
10;11;0.6;0.44;0.6;NA;0.64;0.57;0.38;NA;ND;NA;NA;NA;
10;12;ND;0.51;0.51;NA;0.62;0.48;0.4;NA;ND;NA;NA;NA;
10;13;ND;0.52;0.46;NA;0.58;0.45;0.38;NA;ND;NA;NA;NA;
10;14;ND;0.48;0.49;NA;0.59;0.49;0.41;NA;ND;NA;NA;NA;
10;15;ND;0.5;0.63;NA;0.58;0.47;0.44;NA;ND;NA;NA;NA;
10;16;0.28;0.46;0.59;NA;0.64;0.72;0.44;NA;ND;NA;NA;NA;
10;17;0.4;0.41;0.41;NA;0.85;0.69;0.49;NA;ND;NA;NA;NA;
10;18;0.42;0.39;0.52;NA;0.92;0.75;0.77;NA;ND;NA;NA;NA;
10;19;0.41;0.34;0.49;NA;1.01;0.99;0.87;NA;ND;NA;NA;NA;
10;20;0.43;0.52;0.39;NA;1.05;0.86;0.79;NA;ND;NA;NA;NA;
10;21;0.46;0.43;0.36;NA;0.85;0.66;0.48;NA;ND;NA;NA;NA;
10;22;0.46;0.47;0.44;NA;0.64;0.59;0.34;NA;ND;NA;NA;NA;
10;23;0.46;0.46;0.28;NA;0.64;0.43;0.3;NA;ND;NA;NA;NA;
11;0;0.3;ND;ND;NA;ND;0.36;0.25;NA;ND;NA;NA;NA;
11;1;0.26;0.28;0.18;NA;0.38;0.35;0.25;NA;ND;NA;NA;NA;
11;2;0.29;0.39;0.16;NA;0.37;0.31;0.24;NA;ND;NA;NA;NA;
11;3;0.3;0.23;0.15;NA;0.4;0.31;0.24;NA;ND;NA;NA;NA;
11;4;0.3;0.23;0.15;NA;0.45;0.35;0.21;NA;ND;NA;NA;NA;
11;5;0.42;0.6;0.19;NA;0.61;0.53;0.22;NA;ND;NA;NA;NA;
11;6;0.76;1.28;0.32;NA;0.59;0.66;0.3;NA;ND;NA;NA;NA;
11;7;0.71;0.85;0.41;NA;0.55;0.81;0.27;NA;ND;NA;NA;NA;
11;8;0.76;0.53;0.56;NA;0.57;0.68;0.3;NA;ND;NA;NA;NA;
11;9;0.42;0.59;0.49;NA;0.5;0.52;0.36;NA;ND;NA;NA;NA;
11;10;0.41;0.56;0.54;NA;0.56;0.5;0.34;NA;ND;NA;NA;NA;
11;11;0.34;0.58;0.49;NA;0.55;0.5;0.34;NA;ND;NA;NA;NA;
11;12;0.32;0.54;0.44;NA;0.52;0.45;0.38;NA;ND;NA;NA;NA;
11;13;0.31;0.53;0.43;NA;0.5;0.42;0.37;NA;ND;NA;NA;NA;
11;14;0.37;ND;0.36;NA;0.47;0.44;0.39;NA;ND;NA;NA;NA;
11;15;0.72;ND;0.57;NA;0.56;0.47;0.4;NA;ND;NA;NA;NA;
11;16;0.74;0.39;0.35;NA;0.7;0.6;0.57;NA;ND;NA;NA;NA;
11;17;0.76;0.31;0.84;NA;0.91;0.68;0.71;NA;ND;NA;NA;NA;
11;18;0.75;0.33;1.06;NA;0.91;0.98;0.66;NA;ND;NA;NA;NA;
11;19;1.18;0.31;0.75;NA;0.79;0.8;0.48;NA;ND;NA;NA;NA;
11;20;1.08;0.25;0.74;NA;0.69;0.66;0.47;NA;ND;NA;NA;NA;
11;21;1.05;0.19;0.69;NA;0.49;0.56;0.42;NA;ND;NA;NA;NA;
11;22;1.2;0.06;0.74;NA;0.54;0.64;0.38;NA;ND;NA;NA;NA;
11;23;1.08;0.13;0.58;NA;0.73;0.52;0.31;NA;ND;NA;NA;NA;
12;0;ND;0.1;0.45;NA;0.58;ND;ND;NA;ND;NA;NA;NA;
12;1;0.95;0.05;0.38;NA;0.46;0.31;0.27;NA;ND;NA;NA;NA;
12;2;0.83;0.01;0.19;NA;0.4;0.32;0.23;NA;ND;NA;NA;NA;
12;3;0.81;0;0.22;NA;0.39;0.37;0.22;NA;ND;NA;NA;NA;
12;4;0.81;0;0.39;NA;0.44;0.41;0.24;NA;ND;NA;NA;NA;
12;5;0.88;0.17;0.46;NA;0.79;0.52;0.28;NA;ND;NA;NA;NA;
12;6;1.2;0.28;0.66;NA;1.25;1.21;0.55;NA;ND;NA;NA;NA;
12;7;1.23;0.57;1.49;NA;1.5;1.08;0.38;NA;ND;NA;NA;NA;
12;8;1.32;0.4;1.57;NA;1.28;0.9;0.29;NA;ND;NA;NA;NA;
12;9;1.4;0.46;1.13;NA;0.66;0.65;0.32;NA;ND;NA;NA;NA;
12;10;1.29;ND;0.82;NA;0.61;0.6;0.3;NA;ND;NA;NA;NA;
12;11;1.14;ND;0.82;NA;0.79;0.57;0.34;NA;ND;NA;NA;NA;
12;12;0.96;ND;0.66;NA;0.64;0.54;0.38;NA;ND;NA;NA;NA;
12;13;0.83;ND;0.52;NA;0.54;0.48;0.36;NA;ND;NA;NA;NA;
12;14;0.78;ND;0.49;NA;0.77;0.63;0.47;NA;ND;NA;NA;NA;
12;15;0.74;ND;0.6;NA;0.85;0.8;0.69;NA;ND;NA;NA;NA;
12;16;0.75;ND;0.62;NA;0.76;0.73;0.64;NA;ND;NA;NA;NA;
12;17;ND;0.48;0.77;NA;0.87;0.72;0.56;NA;ND;NA;NA;NA;
12;18;0.78;0.56;0.88;NA;1;1.2;0.71;NA;ND;NA;NA;NA;
12;19;1.03;0.64;0.9;NA;1.3;1.25;0.9;NA;ND;NA;NA;NA;
12;20;1.03;1.18;1.11;NA;1.61;0.93;0.67;NA;ND;NA;NA;NA;
12;21;0.83;0.57;1.02;NA;1.5;0.78;0.87;NA;ND;NA;NA;NA;
12;22;0.69;0.62;0.96;NA;1.91;1.09;0.39;NA;ND;NA;NA;NA;
12;23;0.83;0.9;0.53;NA;1.46;1.18;0.28;NA;ND;NA;NA;NA;
13;0;0.73;ND;ND;NA;ND;1.31;0.24;NA;ND;NA;NA;NA;
13;1;0.41;0.89;0.48;NA;1.23;0.6;0.24;NA;ND;NA;NA;NA;
13;2;0.38;0.42;0.38;NA;0.8;0.52;0.41;NA;ND;NA;NA;NA;
13;3;0.37;0.29;0.43;NA;0.77;0.67;0.23;NA;ND;NA;NA;NA;
13;4;0.48;0.38;0.5;NA;0.74;0.55;0.23;NA;ND;NA;NA;NA;
13;5;0.85;0.46;0.6;NA;0.92;0.67;0.26;NA;ND;NA;NA;NA;
13;6;1.56;1.01;0.95;NA;1.57;1.08;0.34;NA;ND;NA;NA;NA;
13;7;1.29;1.11;1.6;NA;1.88;1.73;0.52;NA;ND;NA;NA;NA;
13;8;1.4;0.75;1.85;NA;1.54;1.34;0.35;NA;ND;NA;NA;NA;
13;9;1.24;0.32;0.8;NA;0.97;0.78;0.31;NA;ND;NA;NA;NA;
13;10;0.9;0.54;0.61;NA;0.77;0.7;0.36;NA;ND;NA;NA;NA;
13;11;0.5;ND;0.5;NA;ND;0.56;0.31;NA;ND;NA;NA;NA;
13;12;0.37;0.45;0.52;NA;0.47;0.5;0.32;NA;ND;NA;NA;NA;
13;13;0.3;0.44;0.45;NA;0.33;0.45;0.32;NA;ND;NA;NA;NA;
13;14;0.31;0.41;0.41;NA;0.33;0.41;0.21;NA;ND;NA;NA;NA;
13;15;0.37;0.46;0.46;NA;0.35;0.45;0.28;NA;ND;NA;NA;NA;
13;16;0.36;0.4;0.45;NA;0.63;0.56;0.44;NA;ND;NA;NA;NA;
13;17;0.42;0.32;0.46;NA;0.63;0.62;0.45;NA;ND;NA;NA;NA;
13;18;0.59;0.37;0.81;NA;0.85;0.92;0.55;NA;ND;NA;NA;NA;
13;19;0.95;0.41;0.96;NA;0.86;1.39;0.55;NA;ND;NA;NA;NA;
13;20;0.52;0.35;0.6;NA;0.51;1.23;0.51;NA;ND;NA;NA;NA;
13;21;0.7;0.36;0.71;NA;0.47;0.87;0.43;NA;ND;NA;NA;NA;
13;22;0.74;0.4;0.41;NA;0.34;0.72;0.33;NA;ND;NA;NA;NA;
13;23;0.63;0.17;0.37;NA;0.27;0.55;0.29;NA;ND;NA;NA;NA;
14;0;ND;0.03;0.5;NA;0.3;ND;ND;NA;ND;NA;NA;NA;
14;1;0.47;0.03;0.42;NA;0.52;0.79;0.28;NA;ND;NA;NA;NA;
14;2;0.51;0.03;0.38;NA;0.52;0.61;0.29;NA;ND;NA;NA;NA;
14;3;0.43;0.01;0.29;NA;0.28;0.39;0.29;NA;ND;NA;NA;NA;
14;4;0.38;0;0.36;NA;0.36;0.46;0.29;NA;ND;NA;NA;NA;
14;5;0.55;0.07;0.38;NA;0.54;0.55;0.4;NA;ND;NA;NA;NA;
14;6;1.03;0.5;0.61;NA;0.79;0.97;0.62;NA;ND;NA;NA;NA;
14;7;1.09;0.43;0.68;NA;0.67;0.77;0.55;NA;ND;NA;NA;NA;
14;8;0.73;0.18;0.69;NA;0.41;0.86;0.53;NA;ND;NA;NA;NA;
14;9;0.68;0.27;0.71;NA;0.49;0.7;0.53;NA;ND;NA;NA;NA;
14;10;0.56;0.19;0.77;NA;0.49;0.69;0.45;NA;ND;NA;NA;NA;
14;11;0.43;0.2;0.5;NA;0.53;0.61;0.47;NA;ND;NA;NA;NA;
14;12;0.4;0.2;0.51;NA;0.6;0.58;0.52;NA;ND;NA;NA;NA;
14;13;0.42;0.19;0.47;NA;0.54;0.62;0.49;NA;ND;NA;NA;NA;
14;14;0.4;0.17;0.4;NA;0.51;0.57;0.52;NA;ND;NA;NA;NA;
14;15;0.41;0.16;0.37;NA;0.5;0.59;0.63;NA;ND;NA;NA;NA;
14;16;0.45;0.11;0.39;NA;0.58;0.6;0.61;NA;ND;NA;NA;NA;
14;17;0.44;0.08;0.46;NA;0.81;0.67;0.73;NA;ND;NA;NA;NA;
14;18;0.58;0.16;0.61;NA;0.92;0.85;0.88;NA;ND;NA;NA;NA;
14;19;0.9;0.16;0.81;NA;1.28;1.33;1.04;NA;ND;NA;NA;NA;
14;20;1.09;0.06;0.77;NA;1.01;1.36;0.81;NA;ND;NA;NA;NA;
14;21;1.36;0.06;0.92;NA;0.88;1.44;0.74;NA;ND;NA;NA;NA;
14;22;1.3;0.52;1.19;NA;0.84;1.64;0.62;NA;ND;NA;NA;NA;
14;23;1.16;1.39;1.07;NA;1.25;1.39;0.46;NA;ND;NA;NA;NA;
15;0;1.56;ND;ND;NA;ND;0.63;0.31;NA;ND;NA;NA;NA;
15;1;0.6;0.13;0.62;NA;0.28;0.52;0.28;NA;ND;NA;NA;NA;
15;2;0.81;0.17;0.27;NA;0.29;0.39;0.26;NA;ND;NA;NA;NA;
15;3;0.62;0.05;0.28;NA;0.26;0.4;0.25;NA;ND;NA;NA;NA;
15;4;0.71;0.04;0.49;NA;0.32;0.51;0.27;NA;ND;NA;NA;NA;
15;5;0.91;0.11;0.42;NA;0.5;0.53;0.28;NA;ND;NA;NA;NA;
15;6;1.28;0.33;0.62;NA;0.74;0.64;0.39;NA;ND;NA;NA;NA;
15;7;1.24;0.62;0.79;NA;1.03;0.7;0.48;NA;ND;NA;NA;NA;
15;8;0.73;ND;0.57;NA;0.42;0.56;0.47;NA;ND;NA;NA;NA;
15;9;0.48;0.56;0.36;NA;0.32;0.37;0.45;NA;ND;NA;NA;NA;
15;10;0.44;0.57;0.38;NA;0.34;0.35;0.4;NA;ND;NA;NA;NA;
15;11;0.39;0.58;0.38;NA;0.34;0.34;0.41;NA;ND;NA;NA;NA;
15;12;0.4;0.65;0.36;NA;0.39;0.35;0.4;NA;ND;NA;NA;NA;
15;13;0.36;0.63;0.36;NA;0.37;0.35;0.57;NA;ND;NA;NA;NA;
15;14;0.37;0.67;0.3;NA;0.39;0.34;0.43;NA;ND;NA;NA;NA;
15;15;0.47;0.61;0.32;NA;0.33;0.39;0.47;NA;ND;NA;NA;NA;
15;16;0.49;0.57;0.33;NA;0.39;0.4;0.49;NA;ND;NA;NA;NA;
15;17;0.48;0.5;0.41;NA;0.49;0.54;0.43;NA;ND;NA;NA;NA;
15;18;0.51;0.48;0.45;NA;0.68;0.65;0.61;NA;ND;NA;NA;NA;
15;19;1.13;0.59;0.39;NA;0.83;0.7;0.6;NA;ND;NA;NA;NA;
15;20;0.9;0.45;0.37;NA;0.62;0.82;0.46;NA;ND;NA;NA;NA;
15;21;0.84;0.39;0.5;NA;0.56;0.69;0.35;NA;ND;NA;NA;NA;
15;22;0.58;0.29;0.44;NA;0.44;0.63;0.31;NA;ND;NA;NA;NA;
15;23;0.42;0.21;0.3;NA;0.44;0.6;0.28;NA;ND;NA;NA;NA;
16;0;ND;0.2;0.26;NA;0.4;ND;ND;NA;ND;NA;NA;NA;
16;1;0.34;0.15;0.22;NA;0.32;0.35;0.3;NA;ND;NA;NA;NA;
16;2;0.33;0.12;0.21;NA;0.27;0.34;0.29;NA;ND;NA;NA;NA;
16;3;0.37;0.12;0.22;NA;0.26;0.37;0.27;NA;ND;NA;NA;NA;
16;4;0.38;0.22;0.26;NA;0.28;0.41;0.28;NA;ND;NA;NA;NA;
16;5;0.61;0.4;0.29;NA;0.46;0.47;0.28;NA;ND;NA;NA;NA;
16;6;1.07;1.02;0.39;NA;0.52;0.71;0.3;NA;ND;NA;NA;NA;
16;7;1.14;1.33;0.5;NA;0.63;0.72;0.34;NA;ND;NA;NA;NA;
16;8;0.74;0.71;0.55;NA;0.5;0.72;0.39;NA;ND;NA;NA;NA;
16;9;0.61;0.57;0.6;NA;0.41;0.56;0.33;NA;ND;NA;NA;NA;
16;10;0.49;ND;0.47;NA;0.41;0.46;0.34;NA;ND;NA;NA;NA;
16;11;0.43;ND;0.49;NA;0.37;0.38;0.36;NA;ND;NA;NA;NA;
16;12;0.42;ND;0.54;NA;0.4;0.36;0.46;NA;ND;NA;NA;NA;
16;13;0.39;ND;0.53;NA;0.37;0.39;0.5;NA;ND;NA;NA;NA;
16;14;0.43;0.36;0.49;NA;0.44;0.4;0.57;NA;ND;NA;NA;NA;
16;15;0.43;0.39;0.56;NA;0.49;0.46;0.49;NA;ND;NA;NA;NA;
16;16;0.42;0.32;0.47;NA;0.47;ND;0.51;NA;ND;NA;NA;NA;
16;17;0.44;0.29;0.52;NA;0.64;0.53;0.7;NA;ND;NA;NA;NA;
16;18;0.48;0.38;0.72;NA;0.7;0.84;0.92;NA;ND;NA;NA;NA;
16;19;0.58;0.41;0.59;NA;0.81;1.18;0.85;NA;ND;NA;NA;NA;
16;20;0.82;0.36;0.73;NA;1.17;1.24;0.72;NA;ND;NA;NA;NA;
16;21;0.72;0.32;1.11;NA;0.68;1.27;0.4;NA;ND;NA;NA;NA;
16;22;0.75;0.26;0.81;NA;0.49;0.65;0.34;NA;ND;NA;NA;NA;
16;23;0.92;0.33;0.33;NA;0.46;0.47;0.29;NA;ND;NA;NA;NA;
17;0;0.63;ND;ND;NA;ND;0.4;0.26;NA;ND;NA;NA;NA;
17;1;0.55;0.16;0.19;NA;0.23;0.35;0.25;NA;ND;NA;NA;NA;
17;2;0.5;0.1;0.18;NA;0.23;0.33;0.24;NA;ND;NA;NA;NA;
17;3;0.44;0.09;0.18;NA;0.21;0.32;0.21;NA;ND;NA;NA;NA;
17;4;0.45;0.11;0.18;NA;0.22;0.36;0.24;NA;ND;NA;NA;NA;
17;5;0.43;0.23;0.21;NA;0.25;0.45;0.24;NA;ND;NA;NA;NA;
17;6;0.54;0.25;0.31;NA;0.35;0.66;0.31;NA;ND;NA;NA;NA;
17;7;0.59;0.51;0.4;NA;0.39;0.75;0.33;NA;ND;NA;NA;NA;
17;8;0.57;0.53;0.5;NA;0.44;0.64;0.34;NA;ND;NA;NA;NA;
17;9;0.52;0.48;0.52;NA;0.45;0.59;0.35;NA;ND;NA;NA;NA;
17;10;0.56;0.38;0.51;NA;0.49;0.6;0.32;NA;ND;NA;NA;NA;
17;11;0.48;0.41;0.52;NA;0.42;ND;0.37;NA;ND;NA;NA;NA;
17;12;0.46;0.39;0.53;NA;0.43;ND;0.39;NA;ND;NA;NA;NA;
17;13;0.44;0.4;0.59;NA;0.41;ND;0.37;NA;ND;NA;NA;NA;
17;14;0.5;0.41;0.58;NA;0.55;ND;0.39;NA;ND;NA;NA;NA;
17;15;0.49;0.49;0.55;NA;0.58;ND;0.47;NA;ND;NA;NA;NA;
17;16;0.45;0.44;0.56;NA;0.56;ND;0.54;NA;ND;NA;NA;NA;
17;17;0.48;0.61;0.78;NA;0.65;0.56;0.61;NA;ND;NA;NA;NA;
17;18;0.5;0.56;0.7;NA;0.82;0.72;0.45;NA;ND;NA;NA;NA;
17;19;0.56;0.52;0.73;NA;0.85;0.83;0.47;NA;ND;NA;NA;NA;
17;20;0.6;0.54;0.81;NA;0.93;0.78;0.4;NA;ND;NA;NA;NA;
17;21;0.67;0.49;0.55;NA;0.67;0.52;0.37;NA;ND;NA;NA;NA;
17;22;0.72;0.39;0.38;NA;0.65;0.45;0.31;NA;ND;NA;NA;NA;
17;23;0.62;0.36;0.42;NA;0.36;0.49;0.27;NA;ND;NA;NA;NA;
18;0;ND;0.3;0.32;NA;0.3;ND;ND;NA;ND;NA;NA;NA;
18;1;0.37;0.24;0.26;NA;0.29;0.27;0.26;NA;ND;NA;NA;NA;
18;2;0.36;0.27;0.23;NA;0.3;0.23;0.23;NA;ND;NA;NA;NA;
18;3;0.36;0.23;0.22;NA;0.31;0.25;0.23;NA;ND;NA;NA;NA;
18;4;0.44;0.34;0.24;NA;0.34;0.27;0.23;NA;ND;NA;NA;NA;
18;5;0.54;0.66;0.29;NA;0.41;0.37;0.24;NA;ND;NA;NA;NA;
18;6;0.57;1.11;0.49;NA;0.69;0.53;0.3;NA;ND;NA;NA;NA;
18;7;0.99;1.12;0.62;NA;0.65;0.63;0.32;NA;ND;NA;NA;NA;
18;8;0.69;1.08;0.69;NA;0.57;0.64;0.37;NA;ND;NA;NA;NA;
18;9;0.66;0.69;0.62;NA;0.45;0.5;0.33;NA;ND;NA;NA;NA;
18;10;0.62;0.52;0.68;NA;0.56;0.5;0.43;NA;ND;NA;NA;NA;
18;11;0.61;0.44;0.65;NA;0.54;0.56;0.36;NA;ND;NA;NA;NA;
18;12;0.47;0.39;0.59;NA;0.52;0.46;0.36;NA;ND;NA;NA;NA;
18;13;0.45;0.43;0.52;NA;0.52;0.43;0.36;NA;ND;NA;NA;NA;
18;14;0.44;0.43;0.55;NA;0.42;0.4;0.41;NA;ND;NA;NA;NA;
18;15;0.46;0.5;0.71;NA;0.42;0.44;0.46;NA;ND;NA;NA;NA;
18;16;0.49;0.59;0.7;NA;0.46;0.52;0.5;NA;ND;NA;NA;NA;
18;17;0.54;0.49;0.68;NA;0.46;0.55;0.49;NA;ND;NA;NA;NA;
18;18;0.64;0.71;0.82;NA;0.49;0.6;0.43;NA;ND;NA;NA;NA;
18;19;0.72;0.59;0.78;NA;0.58;0.7;0.43;NA;ND;NA;NA;NA;
18;20;0.8;0.62;0.91;NA;0.59;0.77;0.39;NA;ND;NA;NA;NA;
18;21;0.77;0.69;0.78;NA;0.49;0.74;0.31;NA;ND;NA;NA;NA;
18;22;0.63;0.72;0.56;NA;0.69;0.56;0.29;NA;ND;NA;NA;NA;
18;23;0.56;0.56;0.46;NA;0.55;0.36;0.26;NA;ND;NA;NA;NA;
19;0;0.52;ND;ND;NA;ND;0.37;0.25;NA;ND;NA;NA;NA;
19;1;0.41;0.42;0.29;NA;0.43;0.32;0.24;NA;ND;NA;NA;NA;
19;2;0.44;0.42;0.3;NA;0.35;0.27;0.23;NA;ND;NA;NA;NA;
19;3;0.48;0.4;0.29;NA;0.42;0.28;0.22;NA;ND;NA;NA;NA;
19;4;0.48;0.37;0.29;NA;0.4;0.3;0.21;NA;ND;NA;NA;NA;
19;5;0.43;0.32;0.28;NA;0.54;0.38;0.22;NA;ND;NA;NA;NA;
19;6;0.55;0.63;0.41;NA;1.09;0.52;0.34;NA;ND;NA;NA;NA;
19;7;0.67;0.74;0.53;NA;0.61;0.57;0.33;NA;ND;NA;NA;NA;
19;8;0.63;0.61;0.63;NA;0.48;0.54;0.35;NA;ND;NA;NA;NA;
19;9;0.6;0.51;0.63;NA;0.41;0.37;0.33;NA;ND;NA;NA;NA;
19;10;0.48;0.55;0.57;NA;0.46;0.39;0.31;NA;ND;NA;NA;NA;
19;11;0.46;0.55;0.52;NA;0.46;0.39;0.33;NA;ND;NA;NA;NA;
19;12;0.42;0.59;0.53;NA;0.4;0.41;0.37;NA;ND;NA;NA;NA;
19;13;0.46;0.53;0.49;NA;0.38;0.36;0.36;NA;ND;NA;NA;NA;
19;14;0.42;0.47;0.5;NA;0.42;0.37;0.36;NA;ND;NA;NA;NA;
19;15;0.51;0.5;0.6;NA;0.45;0.38;0.44;NA;ND;NA;NA;NA;
19;16;0.54;0.59;0.7;NA;0.42;0.42;0.45;NA;ND;NA;NA;NA;
19;17;0.49;0.55;0.77;NA;0.46;0.44;0.43;NA;ND;NA;NA;NA;
19;18;0.48;0.5;0.75;NA;0.56;0.49;0.42;NA;ND;NA;NA;NA;
19;19;0.54;0.46;0.6;NA;0.65;0.52;0.42;NA;ND;NA;NA;NA;
19;20;0.72;0.55;0.49;NA;0.76;0.51;0.4;NA;ND;NA;NA;NA;
19;21;0.57;0.49;0.59;NA;0.55;0.77;0.32;NA;ND;NA;NA;NA;
19;22;0.55;0.42;0.45;NA;0.81;0.45;0.28;NA;ND;NA;NA;NA;
19;23;0.7;0.4;0.47;NA;0.72;0.42;0.24;NA;ND;NA;NA;NA;
20;0;ND;0.43;0.37;NA;0.52;ND;ND;NA;ND;NA;NA;NA;
20;1;0.45;0.51;0.27;NA;0.34;0.33;0.22;NA;ND;NA;NA;NA;
20;2;0.38;0.36;0.25;NA;0.3;0.26;0.21;NA;ND;NA;NA;NA;
20;3;0.42;0.43;0.24;NA;0.3;0.28;0.2;NA;ND;NA;NA;NA;
20;4;0.43;0.52;0.25;NA;0.33;0.32;0.2;NA;ND;NA;NA;NA;
20;5;0.51;0.73;0.27;NA;0.56;0.38;0.2;NA;ND;NA;NA;NA;
20;6;0.81;1.36;0.4;NA;1.37;0.7;0.28;NA;ND;NA;NA;NA;
20;7;0.99;1.37;0.64;NA;1.15;0.71;0.33;NA;ND;NA;NA;NA;
20;8;0.96;0.52;0.76;NA;0.73;0.72;0.34;NA;ND;NA;NA;NA;
20;9;0.75;0.58;0.61;NA;0.57;0.49;0.4;NA;ND;NA;NA;NA;
20;10;0.52;0.48;0.61;NA;0.5;0.38;0.37;NA;ND;NA;NA;NA;
20;11;0.45;0.48;0.5;NA;0.47;0.4;0.36;NA;ND;NA;NA;NA;
20;12;0.42;0.46;0.46;NA;0.45;0.42;0.39;NA;ND;NA;NA;NA;
20;13;0.42;0.51;0.58;NA;0.45;0.37;0.49;NA;ND;NA;NA;NA;
20;14;0.45;0.5;0.56;NA;0.4;0.42;0.42;NA;ND;NA;NA;NA;
20;15;0.46;0.5;0.59;NA;0.72;0.59;0.74;NA;ND;NA;NA;NA;
20;16;0.44;0.54;0.53;NA;0.63;0.65;0.84;NA;ND;NA;NA;NA;
20;17;0.48;0.54;0.68;NA;0.84;0.75;0.92;NA;ND;NA;NA;NA;
20;18;0.68;0.59;1.17;NA;0.83;1.1;1.06;NA;ND;NA;NA;NA;
20;19;1.2;0.66;1.01;NA;1.11;0.64;0.84;NA;ND;NA;NA;NA;
20;20;1.13;0.78;0.82;NA;0.83;0.69;0.67;NA;ND;NA;NA;NA;
20;21;0.97;0.74;0.73;NA;0.88;0.98;0.38;NA;ND;NA;NA;NA;
20;22;1.06;0.73;0.74;NA;0.98;0.92;0.31;NA;ND;NA;NA;NA;
20;23;0.76;0.93;0.48;NA;0.98;0.6;0.29;NA;ND;NA;NA;NA;
21;0;0.61;ND;ND;NA;ND;0.54;0.27;NA;ND;NA;NA;NA;
21;1;0.68;1.09;0.3;NA;0.48;0.43;0.26;NA;ND;NA;NA;NA;
21;2;0.58;1.2;0.3;NA;0.41;0.35;0.24;NA;ND;NA;NA;NA;
21;3;0.64;1.07;0.45;NA;0.46;0.35;0.23;NA;ND;NA;NA;NA;
21;4;0.79;0.94;0.5;NA;0.45;0.38;0.25;NA;ND;NA;NA;NA;
21;5;0.85;1.49;0.53;NA;0.59;0.45;0.31;NA;ND;NA;NA;NA;
21;6;1.42;2.09;0.63;NA;0.83;0.56;0.44;NA;ND;NA;NA;NA;
21;7;1.19;1.97;0.68;NA;0.74;0.65;0.55;NA;ND;NA;NA;NA;
21;8;0.92;0.63;0.77;NA;0.64;0.68;0.58;NA;ND;NA;NA;NA;
21;9;0.96;0.67;0.7;NA;0.53;0.51;0.57;NA;ND;NA;NA;NA;
21;10;0.66;0.52;0.47;NA;0.56;0.5;0.49;NA;ND;NA;NA;NA;
21;11;0.49;0.47;0.42;NA;0.54;0.37;0.41;NA;ND;NA;NA;NA;
21;12;0.4;0.51;0.45;NA;0.52;0.35;0.37;NA;ND;NA;NA;NA;
21;13;ND;0.52;0.43;NA;0.45;0.3;0.4;NA;ND;NA;NA;NA;
21;14;0.46;0.54;0.4;NA;0.43;0.31;0.4;NA;ND;NA;NA;NA;
21;15;ND;0.57;0.45;NA;0.48;0.32;0.42;NA;ND;NA;NA;NA;
21;16;ND;0.56;0.42;NA;0.46;0.32;0.45;NA;ND;NA;NA;NA;
21;17;0.52;0.58;0.46;NA;0.52;0.39;0.44;NA;ND;NA;NA;NA;
21;18;0.64;0.51;0.53;NA;0.61;0.48;0.45;NA;ND;NA;NA;NA;
21;19;0.94;0.53;0.56;NA;0.69;0.63;0.45;NA;ND;NA;NA;NA;
21;20;0.67;0.6;0.79;NA;0.6;0.98;0.42;NA;ND;NA;NA;NA;
21;21;0.77;0.56;0.71;NA;0.44;0.81;0.34;NA;ND;NA;NA;NA;
21;22;0.74;0.44;0.5;NA;0.4;0.6;0.28;NA;ND;NA;NA;NA;
21;23;0.55;0.45;0.41;NA;0.34;0.48;0.26;NA;ND;NA;NA;NA;
22;0;0.43;0.59;0.29;NA;0.4;ND;ND;NA;ND;NA;NA;NA;
22;1;0.43;0.4;0.25;NA;0.42;0.3;0.2;NA;ND;NA;NA;NA;
22;2;0.46;0.41;0.25;NA;0.45;0.29;0.19;NA;ND;NA;NA;NA;
22;3;0.43;0.46;0.24;NA;0.42;0.27;0.18;NA;ND;NA;NA;NA;
22;4;0.42;0.41;0.24;NA;0.57;0.28;0.19;NA;ND;NA;NA;NA;
22;5;0.44;0.41;0.24;NA;0.77;0.41;0.2;NA;ND;NA;NA;NA;
22;6;0.54;0.5;0.31;NA;1.32;0.59;0.29;NA;ND;NA;NA;NA;
22;7;0.6;0.58;0.5;NA;1.45;0.59;0.35;NA;ND;NA;NA;NA;
22;8;0.56;0.45;0.41;NA;0.64;0.28;0.33;NA;ND;NA;NA;NA;
22;9;0.49;0.44;0.36;NA;0.38;0.24;0.32;NA;ND;NA;NA;NA;
22;10;0.5;0.48;0.41;NA;0.41;0.26;0.34;NA;ND;NA;NA;NA;
22;11;0.52;0.54;0.43;NA;0.41;0.25;0.34;NA;ND;NA;NA;NA;
22;12;0.49;0.54;0.38;NA;0.41;0.25;0.34;NA;ND;NA;NA;NA;
22;13;0.46;0.54;0.4;NA;0.4;0.25;0.39;NA;ND;NA;NA;NA;
22;14;0.47;0.55;0.38;NA;0.41;0.25;0.39;NA;ND;NA;NA;NA;
22;15;0.49;0.62;0.41;NA;0.42;0.32;0.43;NA;ND;NA;NA;NA;
22;16;0.51;0.57;0.42;NA;0.43;0.33;0.41;NA;ND;NA;NA;NA;
22;17;0.55;0.61;0.46;NA;0.45;0.37;0.42;NA;ND;NA;NA;NA;
22;18;0.61;0.63;0.45;NA;0.56;0.35;0.49;NA;ND;NA;NA;NA;
22;19;0.62;0.61;0.48;NA;0.55;0.35;0.42;NA;ND;NA;NA;NA;
22;20;0.74;0.61;0.33;NA;0.48;0.29;0.39;NA;ND;NA;NA;NA;
22;21;0.52;0.5;0.3;NA;0.44;0.25;0.34;NA;ND;NA;NA;NA;
22;22;0.52;0.52;0.26;NA;0.33;0.23;0.32;NA;ND;NA;NA;NA;
22;23;0.44;0.47;0.22;NA;0.32;0.23;0.23;NA;ND;NA;NA;NA;
23;0;ND;ND;ND;NA;ND;0.2;0.2;NA;ND;NA;NA;NA;
23;1;0.46;0.3;0.2;NA;0.26;0.19;0.18;NA;ND;NA;NA;NA;
23;2;0.37;0.33;0.2;NA;0.29;0.18;0.16;NA;ND;NA;NA;NA;
23;3;0.42;0.3;0.21;NA;0.34;0.23;0.18;NA;ND;NA;NA;NA;
23;4;0.46;0.33;0.26;NA;0.4;0.29;0.17;NA;ND;NA;NA;NA;
23;5;0.56;0.59;0.28;NA;0.63;0.3;0.22;NA;ND;NA;NA;NA;
23;6;1.14;0.95;0.42;NA;1.56;0.67;0.33;NA;ND;NA;NA;NA;
23;7;1.66;1.18;0.5;NA;2.18;0.74;0.32;NA;ND;NA;NA;NA;
23;8;0.7;0.56;0.56;NA;0.68;0.45;0.26;NA;ND;NA;NA;NA;
23;9;0.52;0.44;0.55;NA;0.39;0.31;0.25;NA;ND;NA;NA;NA;
23;10;0.48;0.43;0.51;NA;0.41;0.29;0.25;NA;ND;NA;NA;NA;
23;11;ND;0.49;0.55;NA;0.4;0.31;0.29;NA;ND;NA;NA;NA;
23;12;0.43;0.54;0.54;NA;0.43;0.35;0.33;NA;ND;NA;NA;NA;
23;13;ND;0.53;0.48;NA;0.42;0.34;0.32;NA;ND;NA;NA;NA;
23;14;ND;0.61;0.47;NA;0.44;0.35;0.35;NA;ND;NA;NA;NA;
23;15;0.28;0.58;0.52;NA;0.42;0.34;0.34;NA;ND;NA;NA;NA;
23;16;0.33;0.62;0.61;NA;0.45;0.37;0.38;NA;ND;NA;NA;NA;
23;17;0.41;0.68;0.68;NA;0.5;0.44;0.46;NA;ND;NA;NA;NA;
23;18;0.47;0.85;0.64;NA;0.56;0.5;0.62;NA;ND;NA;NA;NA;
23;19;0.48;0.82;0.76;NA;0.57;0.56;0.47;NA;ND;NA;NA;NA;
23;20;0.46;0.88;0.53;NA;0.49;0.53;0.36;NA;ND;NA;NA;NA;
23;21;0.41;0.81;0.47;NA;0.36;0.47;0.24;NA;ND;NA;NA;NA;
23;22;0.26;0.58;0.31;NA;0.34;0.43;0.21;NA;ND;NA;NA;NA;
23;23;0.24;0.53;0.2;NA;0.38;0.29;0.17;NA;ND;NA;NA;NA;
24;0;ND;0.46;0.2;NA;0.35;ND;ND;NA;ND;NA;NA;NA;
24;1;0.24;0.45;0.17;NA;0.31;0.24;0.14;NA;ND;NA;NA;NA;
24;2;0.18;0.4;0.17;NA;0.29;0.23;0.13;NA;ND;NA;NA;NA;
24;3;0.17;0.37;0.16;NA;0.29;0.22;0.13;NA;ND;NA;NA;NA;
24;4;0.19;0.4;0.17;NA;0.32;0.26;0.13;NA;ND;NA;NA;NA;
24;5;0.21;0.69;0.2;NA;0.54;0.35;0.16;NA;ND;NA;NA;NA;
24;6;0.46;1.12;0.3;NA;1.32;0.6;0.2;NA;ND;NA;NA;NA;
24;7;0.57;1.36;0.44;NA;0.94;0.63;0.22;NA;ND;NA;NA;NA;
24;8;0.46;0.85;0.48;NA;0.56;0.6;0.2;NA;ND;NA;NA;NA;
24;9;0.37;0.7;0.49;NA;0.41;0.41;0.26;NA;ND;NA;NA;NA;
24;10;0.35;0.65;0.46;NA;0.46;0.35;0.29;NA;ND;NA;NA;NA;
24;11;0.31;0.65;ND;NA;0.46;0.39;0.31;NA;ND;NA;NA;NA;
24;12;0.34;0.72;ND;NA;0.47;0.38;0.33;NA;ND;NA;NA;NA;
24;13;0.32;0.68;ND;NA;0.43;0.33;0.34;NA;ND;NA;NA;NA;
24;14;0.3;0.71;ND;NA;0.39;0.32;0.35;NA;ND;NA;NA;NA;
24;15;0.35;0.73;ND;NA;0.43;0.38;0.4;NA;ND;NA;NA;NA;
24;16;0.33;0.76;0.49;NA;0.47;0.38;0.4;NA;ND;NA;NA;NA;
24;17;0.38;0.85;0.61;NA;0.45;0.45;0.42;NA;ND;NA;NA;NA;
24;18;0.5;0.95;0.84;NA;0.61;0.5;0.52;NA;ND;NA;NA;NA;
24;19;0.58;0.91;0.94;NA;0.54;0.65;0.42;NA;ND;NA;NA;NA;
24;20;0.82;0.81;0.84;NA;0.8;0.78;0.33;NA;ND;NA;NA;NA;
24;21;0.72;0.96;0.41;NA;0.43;0.53;0.28;NA;ND;NA;NA;NA;
24;22;0.46;1.06;0.32;NA;0.62;0.42;0.21;NA;ND;NA;NA;NA;
24;23;0.33;0.98;0.21;NA;0.49;0.33;0.16;NA;ND;NA;NA;NA;
25;0;0.29;ND;ND;NA;ND;0.29;0.16;NA;ND;NA;NA;NA;
25;1;0.26;0.55;0.17;NA;0.32;0.23;0.16;NA;ND;NA;NA;NA;
25;2;0.2;0.49;0.15;NA;0.28;0.23;0.15;NA;ND;NA;NA;NA;
25;3;0.28;0.45;0.16;NA;0.27;0.22;0.14;NA;ND;NA;NA;NA;
25;4;0.26;0.55;0.16;NA;0.33;0.23;0.12;NA;ND;NA;NA;NA;
25;5;0.37;0.86;0.18;NA;0.49;0.31;0.16;NA;ND;NA;NA;NA;
25;6;0.55;2.09;0.31;NA;0.83;0.49;0.2;NA;ND;NA;NA;NA;
25;7;0.51;1.61;0.39;NA;0.56;0.58;0.23;NA;ND;NA;NA;NA;
25;8;0.48;0.84;0.48;NA;0.46;0.56;0.25;NA;ND;NA;NA;NA;
25;9;0.43;0.64;0.44;NA;0.41;0.44;0.29;NA;ND;NA;NA;NA;
25;10;0.44;0.64;0.46;NA;0.44;0.4;0.3;NA;ND;NA;NA;NA;
25;11;0.36;0.68;0.47;NA;0.47;0.4;0.34;NA;ND;NA;NA;NA;
25;12;0.35;0.69;0.48;NA;0.47;0.4;0.36;NA;ND;NA;NA;NA;
25;13;ND;0.97;0.57;NA;0.48;0.41;0.36;NA;ND;NA;NA;NA;
25;14;ND;1.05;0.52;NA;0.55;0.45;0.38;NA;ND;NA;NA;NA;
25;15;0.33;1.16;0.54;NA;0.56;0.44;0.39;NA;ND;NA;NA;NA;
25;16;0.36;1.17;0.6;NA;0.54;0.5;0.43;NA;ND;NA;NA;NA;
25;17;0.42;1.24;0.76;NA;0.49;0.53;0.41;NA;ND;NA;NA;NA;
25;18;0.55;1.36;0.94;NA;0.58;0.6;0.47;NA;ND;NA;NA;NA;
25;19;0.66;1.31;0.66;NA;0.56;0.6;0.41;NA;ND;NA;NA;NA;
25;20;0.56;1.36;0.43;NA;0.57;0.66;0.39;NA;ND;NA;NA;NA;
25;21;0.4;1.23;0.38;NA;0.5;0.55;0.34;NA;ND;NA;NA;NA;
25;22;0.34;1.11;0.31;NA;0.46;0.49;0.35;NA;ND;NA;NA;NA;
25;23;0.29;0.99;0.25;NA;0.37;0.4;0.3;NA;ND;NA;NA;NA;
26;0;0.26;0.93;0.2;NA;0.38;ND;ND;NA;ND;NA;NA;NA;
26;1;0.24;0.86;0.2;NA;0.36;0.32;0.35;NA;ND;NA;NA;NA;
26;2;0.23;0.85;0.22;NA;0.46;0.38;0.39;NA;ND;NA;NA;NA;
26;3;0.23;0.89;0.23;NA;0.44;0.37;0.29;NA;ND;NA;NA;NA;
26;4;0.25;0.88;0.21;NA;0.45;0.35;0.21;NA;ND;NA;NA;NA;
26;5;0.35;0.92;0.22;NA;0.59;0.4;0.21;NA;ND;NA;NA;NA;
26;6;0.59;1.2;0.32;NA;0.85;0.51;0.25;NA;ND;NA;NA;NA;
26;7;0.62;1.36;0.4;NA;0.88;0.61;0.26;NA;ND;NA;NA;NA;
26;8;0.47;1.32;0.48;NA;0.63;0.58;0.28;NA;ND;NA;NA;NA;
26;9;0.45;ND;0.5;NA;0.59;0.51;0.31;NA;ND;NA;NA;NA;
26;10;0.45;ND;0.51;NA;0.58;0.49;0.28;NA;ND;NA;NA;NA;
26;11;0.41;ND;0.49;NA;ND;0.4;0.33;NA;ND;NA;NA;NA;
26;12;0.42;ND;0.45;NA;ND;0.39;0.31;NA;ND;NA;NA;NA;
26;13;0.35;ND;0.43;NA;ND;0.34;0.31;NA;ND;NA;NA;NA;
26;14;0.3;ND;0.4;NA;ND;0.33;0.33;NA;ND;NA;NA;NA;
26;15;0.33;ND;0.47;NA;0.25;0.37;0.35;NA;ND;NA;NA;NA;
26;16;0.32;0.37;0.46;NA;0.26;0.39;0.4;NA;ND;NA;NA;NA;
26;17;0.33;0.49;0.62;NA;0.32;0.41;0.44;NA;ND;NA;NA;NA;
26;18;0.45;0.59;0.69;NA;0.52;0.59;0.85;NA;ND;NA;NA;NA;
26;19;0.72;0.65;0.56;NA;0.4;0.98;0.5;NA;ND;NA;NA;NA;
26;20;0.95;0.76;0.81;NA;0.44;0.8;0.4;NA;ND;NA;NA;NA;
26;21;0.65;0.73;0.61;NA;0.91;0.8;0.35;NA;ND;NA;NA;NA;
26;22;0.4;0.64;0.43;NA;0.9;0.48;0.27;NA;ND;NA;NA;NA;
26;23;0.35;0.39;0.36;NA;0.59;0.52;0.22;NA;ND;NA;NA;NA;
27;0;0.39;ND;ND;NA;ND;0.48;0.2;NA;ND;NA;NA;NA;
27;1;0.37;0.31;0.28;NA;0.42;0.38;0.22;NA;ND;NA;NA;NA;
27;2;0.5;0.3;0.21;NA;0.19;0.34;0.2;NA;ND;NA;NA;NA;
27;3;0.4;0.47;0.24;NA;0.27;0.45;0.18;NA;ND;NA;NA;NA;
27;4;0.44;0.56;0.25;NA;0.35;0.44;0.21;NA;ND;NA;NA;NA;
27;5;0.54;0.92;0.26;NA;0.59;0.6;0.24;NA;ND;NA;NA;NA;
27;6;0.56;0.82;0.38;NA;1.24;0.72;0.26;NA;ND;NA;NA;NA;
27;7;0.53;0.78;0.45;NA;0.97;0.75;0.31;NA;ND;NA;NA;NA;
27;8;0.58;0.93;0.54;NA;0.31;0.83;0.31;NA;ND;NA;NA;NA;
27;9;0.59;0.77;0.56;NA;0.31;0.53;0.31;NA;ND;NA;NA;NA;
27;10;0.5;0.48;0.49;NA;0.32;0.47;0.34;NA;ND;NA;NA;NA;
27;11;0.42;0.41;0.47;NA;0.27;0.45;0.5;NA;ND;NA;NA;NA;
27;12;0.4;0.41;0.45;NA;0.21;0.41;0.37;NA;ND;NA;NA;NA;
27;13;0.37;0.44;0.49;NA;0.19;0.42;0.32;NA;ND;NA;NA;NA;
27;14;0.39;0.51;0.48;NA;0.2;0.39;0.34;NA;ND;NA;NA;NA;
27;15;0.43;0.51;0.54;NA;0.23;0.4;0.39;NA;ND;NA;NA;NA;
27;16;0.41;0.6;0.49;NA;0.23;0.47;0.46;NA;ND;NA;NA;NA;
27;17;0.44;0.52;0.58;NA;0.33;0.52;0.47;NA;ND;NA;NA;NA;
27;18;0.53;0.57;0.56;NA;0.42;0.57;0.53;NA;ND;NA;NA;NA;
27;19;0.66;0.58;0.57;NA;0.52;0.54;0.51;NA;ND;NA;NA;NA;
27;20;0.72;0.73;0.56;NA;0.44;0.84;0.5;NA;ND;NA;NA;NA;
27;21;0.8;1.57;0.72;NA;0.29;1.39;0.39;NA;ND;NA;NA;NA;
27;22;0.64;0.92;0.6;NA;0.28;0.8;0.32;NA;ND;NA;NA;NA;
27;23;0.51;0.57;0.47;NA;0.59;0.79;0.28;NA;ND;NA;NA;NA;
28;0;0.54;0.58;0.45;NA;0.8;ND;ND;NA;ND;NA;NA;NA;
28;1;0.46;0.67;0.4;NA;0.33;0.43;0.24;NA;ND;NA;NA;NA;
28;2;0.6;0.95;0.29;NA;0.29;0.35;0.22;NA;ND;NA;NA;NA;
28;3;0.48;0.5;0.24;NA;0.22;0.36;0.23;NA;ND;NA;NA;NA;
28;4;0.44;0.53;0.24;NA;0.24;0.39;0.24;NA;ND;NA;NA;NA;
28;5;0.48;0.68;0.29;NA;0.49;0.68;0.26;NA;ND;NA;NA;NA;
28;6;0.4;1.2;0.33;NA;0.74;0.67;0.46;NA;ND;NA;NA;NA;
28;7;0.58;1.2;0.42;NA;1.05;0.78;0.5;NA;ND;NA;NA;NA;
28;8;0.63;0.73;0.59;NA;0.74;0.5;0.5;NA;ND;NA;NA;NA;
28;9;0.52;0.54;0.44;NA;0.69;0.43;0.4;NA;ND;NA;NA;NA;
28;10;0.49;0.51;0.4;NA;0.32;0.43;0.35;NA;ND;NA;NA;NA;
28;11;0.45;0.5;0.39;NA;0.24;0.38;0.33;NA;ND;NA;NA;NA;
28;12;0.4;0.5;0.39;NA;0.22;0.35;0.34;NA;ND;NA;NA;NA;
28;13;0.43;0.49;0.39;NA;0.22;0.38;0.36;NA;ND;NA;NA;NA;
28;14;0.44;0.53;0.36;NA;0.31;0.41;0.35;NA;ND;NA;NA;NA;
28;15;0.41;0.56;0.37;NA;0.25;0.42;0.35;NA;ND;NA;NA;NA;
28;16;0.45;0.62;0.34;NA;0.29;0.4;0.37;NA;ND;NA;NA;NA;
28;17;0.51;0.63;0.39;NA;0.28;0.41;0.39;NA;ND;NA;NA;NA;
28;18;0.6;0.63;0.39;NA;0.51;0.48;0.39;NA;ND;NA;NA;NA;
28;19;0.63;0.77;0.49;NA;0.71;0.77;0.52;NA;ND;NA;NA;NA;
28;20;0.71;0.79;0.6;NA;0.59;0.89;0.54;NA;ND;NA;NA;NA;
28;21;0.65;0.73;0.51;NA;0.3;0.76;0.34;NA;ND;NA;NA;NA;
28;22;0.84;0.62;0.49;NA;0.45;0.57;0.3;NA;ND;NA;NA;NA;
28;23;0.4;0.55;0.33;NA;0.24;0.64;0.21;NA;ND;NA;NA;NA;
29;0;0.39;ND;ND;NA;ND;0.56;0.24;NA;ND;NA;NA;NA;
29;1;0.5;0.39;0.28;NA;0.12;0.52;0.24;NA;ND;NA;NA;NA;
29;2;0.47;0.53;0.27;NA;0.1;0.36;0.21;NA;ND;NA;NA;NA;
29;3;0.43;0.5;0.35;NA;0.09;0.41;0.22;NA;ND;NA;NA;NA;
29;4;0.42;0.49;0.32;NA;0.22;0.42;0.28;NA;ND;NA;NA;NA;
29;5;0.41;0.45;0.33;NA;0.23;0.42;0.33;NA;ND;NA;NA;NA;
29;6;0.54;0.49;0.4;NA;0.31;0.56;0.44;NA;ND;NA;NA;NA;
29;7;0.56;0.66;0.55;NA;0.45;0.68;0.67;NA;ND;NA;NA;NA;
29;8;0.6;0.6;0.65;NA;0.56;0.56;0.63;NA;ND;NA;NA;NA;
29;9;0.68;0.71;0.67;NA;0.29;0.59;0.59;NA;ND;NA;NA;NA;
29;10;0.76;0.73;0.6;NA;0.49;0.52;0.33;NA;ND;NA;NA;NA;
29;11;0.61;0.66;0.45;NA;0.47;0.5;0.34;NA;ND;NA;NA;NA;
29;12;0.46;0.65;0.34;NA;0.37;0.4;0.38;NA;ND;NA;NA;NA;
29;13;0.39;0.53;0.35;NA;0.24;0.38;0.33;NA;ND;NA;NA;NA;
29;14;0.41;0.54;0.36;NA;0.2;0.37;0.33;NA;ND;NA;NA;NA;
29;15;0.37;0.55;0.35;NA;0.2;0.39;0.34;NA;ND;NA;NA;NA;
29;16;0.4;0.51;0.31;NA;0.34;0.48;0.34;NA;ND;NA;NA;NA;
29;17;0.44;0.53;0.28;NA;0.37;0.39;0.49;NA;ND;NA;NA;NA;
29;18;0.47;0.55;0.3;NA;0.45;0.51;0.62;NA;ND;NA;NA;NA;
29;19;0.67;0.55;0.36;NA;0.51;0.64;0.69;NA;ND;NA;NA;NA;
29;20;0.77;0.64;0.58;NA;0.65;0.79;0.56;NA;ND;NA;NA;NA;
29;21;0.79;0.72;0.5;NA;0.6;0.98;0.48;NA;ND;NA;NA;NA;
29;22;0.56;0.57;0.42;NA;0.38;0.77;0.39;NA;ND;NA;NA;NA;
29;23;0.49;0.5;0.41;NA;0.29;0.68;0.33;NA;ND;NA;NA;NA;
30;0;0.51;0.46;0.31;NA;0.2;ND;ND;NA;ND;NA;NA;NA;
30;1;0.38;0.4;0.26;NA;0.18;0.51;0.24;NA;ND;NA;NA;NA;
30;2;0.33;0.39;0.24;NA;0.1;0.31;0.2;NA;ND;NA;NA;NA;
30;3;0.33;0.37;0.24;NA;0.06;0.31;0.21;NA;ND;NA;NA;NA;
30;4;0.35;0.39;0.26;NA;0.07;0.32;0.21;NA;ND;NA;NA;NA;
30;5;0.49;0.66;0.3;NA;0.25;0.4;0.24;NA;ND;NA;NA;NA;
30;6;0.91;1.21;0.49;NA;0.63;0.68;0.25;NA;ND;NA;NA;NA;
30;7;0.91;1.24;0.74;NA;0.72;0.88;0.26;NA;ND;NA;NA;NA;
30;8;0.98;0.84;0.57;NA;0.52;0.65;0.28;NA;ND;NA;NA;NA;
30;9;0.58;0.71;0.56;NA;0.36;0.52;0.28;NA;ND;NA;NA;NA;
30;10;0.52;0.6;0.44;NA;ND;0.5;0.3;NA;ND;NA;NA;NA;
30;11;0.4;0.51;0.42;NA;ND;0.43;0.33;NA;ND;NA;NA;NA;
30;12;0.41;0.57;0.53;NA;ND;0.41;0.33;NA;ND;NA;NA;NA;
30;13;0.37;0.52;0.43;NA;ND;0.43;0.29;NA;ND;NA;NA;NA;
30;14;0.44;0.64;0.49;NA;ND;0.5;0.33;NA;ND;NA;NA;NA;
30;15;0.45;0.61;0.48;NA;0.58;0.56;0.4;NA;ND;NA;NA;NA;
30;16;0.43;0.71;0.62;NA;ND;0.53;0.43;NA;ND;NA;NA;NA;
30;17;0.47;0.67;0.63;NA;0.57;0.56;0.55;NA;ND;NA;NA;NA;
30;18;0.49;0.71;0.83;NA;0.68;0.8;0.78;NA;ND;NA;NA;NA;
30;19;0.72;0.79;0.9;NA;1.01;0.88;0.72;NA;ND;NA;NA;NA;
30;20;1.07;0.82;0.87;NA;0.94;1.03;0.61;NA;ND;NA;NA;NA;
30;21;0.65;0.68;0.73;NA;0.77;0.73;0.64;NA;ND;NA;NA;NA;
30;22;0.91;0.68;0.81;NA;0.53;0.88;0.5;NA;ND;NA;NA;NA;
30;23;0.89;0.72;0.56;NA;0.45;0.73;0.33;NA;ND;NA;NA;NA;
31;0;0.82;ND;ND;NA;0.44;0.61;0.26;NA;ND;NA;NA;NA;
31;1;0.63;0.7;0.3;NA;0.29;0.4;0.23;NA;ND;NA;NA;NA;
31;2;0.51;0.69;0.24;NA;0.21;0.33;0.2;NA;ND;NA;NA;NA;
31;3;0.47;0.64;0.22;NA;0.2;0.32;0.19;NA;ND;NA;NA;NA;
31;4;0.52;0.67;0.24;NA;0.25;0.33;0.19;NA;ND;NA;NA;NA;
31;5;0.67;1.08;0.43;NA;0.37;0.45;0.23;NA;ND;NA;NA;NA;
31;6;1.25;1.25;0.4;NA;0.68;0.72;0.3;NA;ND;NA;NA;NA;
31;7;0.91;0.9;0.46;NA;0.5;0.67;0.29;NA;ND;NA;NA;NA;
31;8;0.6;0.83;0.52;NA;0.45;0.65;0.29;NA;ND;NA;NA;NA;
31;9;0.57;0.83;0.53;NA;0.39;0.55;0.27;NA;ND;NA;NA;NA;
31;10;0.53;0.59;0.46;NA;0.43;0.55;ND;NA;ND;NA;NA;NA;
31;11;0.45;0.67;0.55;NA;0.41;0.52;ND;NA;ND;NA;NA;NA;
31;12;0.41;0.66;0.49;NA;0.46;0.57;ND;NA;ND;NA;NA;NA;
31;13;0.39;0.61;0.44;NA;0.42;0.52;ND;NA;ND;NA;NA;NA;
31;14;0.47;0.68;0.58;NA;0.42;0.57;ND;NA;ND;NA;NA;NA;
31;15;0.47;0.67;0.57;NA;0.34;0.54;0.28;NA;ND;NA;NA;NA;
31;16;0.45;0.67;0.64;NA;0.37;0.59;0.29;NA;ND;NA;NA;NA;
31;17;0.58;0.73;0.74;NA;0.46;0.62;0.28;NA;ND;NA;NA;NA;
31;18;0.62;0.73;1;NA;0.5;0.77;0.34;NA;ND;NA;NA;NA;
31;19;0.63;0.95;0.72;NA;0.57;0.78;0.29;NA;ND;NA;NA;NA;
31;20;0.76;0.93;0.87;NA;0.52;0.88;0.26;NA;ND;NA;NA;NA;
31;21;0.79;0.89;0.61;NA;0.57;0.73;0.22;NA;ND;NA;NA;NA;
31;22;0.57;0.92;0.41;NA;0.59;0.5;0.18;NA;ND;NA;NA;NA;
31;23;0.46;0.77;0.3;NA;0.37;0.43;0.11;NA;ND;NA;NA;NA;
