DIA;HORA;Cotocollao;Carapungo;Belisario;Jipijapa;El Camal;Centro;Guamaní;Tumbaco;Los Chillos;El Condado;Turubamba;Chillogallo;
1;0;7.05;0.64;1.14;NA;0.59;2.23;36.61;9.8;0.87;NA;NA;NA;
1;1;8.21;3.05;0.87;NA;0.78;2.33;ND;9.21;0;NA;NA;NA;
1;2;ND;ND;ND;NA;ND;ND;38.2;3.03;0.02;NA;NA;NA;
1;3;0.01;2.58;23.54;NA;20.06;19.95;39.65;0.16;0.02;NA;NA;NA;
1;4;1.3;0.52;10.04;NA;22.22;17.71;39.69;0.04;0;NA;NA;NA;
1;5;0.08;1.11;6.74;NA;1.82;10.06;40.73;0.18;0;NA;NA;NA;
1;6;0.41;2.31;2.2;NA;1.53;2.95;33.58;0.36;0.8;NA;NA;NA;
1;7;6.51;10.95;8.92;NA;4.54;13.43;37.39;3.69;2.79;NA;NA;NA;
1;8;14.4;26.47;25.64;NA;19.33;32.13;41.69;10.51;12.39;NA;NA;NA;
1;9;29.79;31.91;32.76;NA;44.59;43.72;48.29;34.59;30.35;NA;NA;NA;
1;10;ND;50.02;41.11;NA;48.68;49.44;51.37;53.71;48.84;NA;NA;NA;
1;11;ND;53.72;42.91;NA;49.66;52.07;60.78;58.9;53.23;NA;NA;NA;
1;12;45.54;50.97;50.09;NA;51.09;56.91;57.06;ND;48.63;NA;NA;NA;
1;13;ND;55.93;41.52;NA;45.73;53.95;52.24;44.69;47.14;NA;NA;NA;
1;14;ND;51.85;45.48;NA;43.37;54.46;47.65;52.41;43.21;NA;NA;NA;
1;15;38.61;46.19;42.41;NA;31.51;45.4;41.69;49.65;55.25;NA;NA;NA;
1;16;35.93;42.87;36.19;NA;19.86;18;23.03;40.96;39.07;NA;NA;NA;
1;17;32.34;36.05;22.74;NA;18.55;8.91;9.98;36.72;32.61;NA;NA;NA;
1;18;27.05;26.66;9.72;NA;8.72;7.99;8.87;29.25;31.29;NA;NA;NA;
1;19;20.05;24.02;2.45;NA;1.14;1.58;10.41;26.75;25.22;NA;NA;NA;
1;20;8.11;25.37;0.58;NA;3.13;2.78;13.49;28.42;11.92;NA;NA;NA;
1;21;7.51;27.47;0.97;NA;2.62;6.26;15.61;30.02;10.59;NA;NA;NA;
1;22;5.93;22.26;2.27;NA;0.67;2.3;17.69;22.04;3.34;NA;NA;NA;
1;23;5.45;21.95;8.67;NA;6.48;6.49;15.23;19.72;10.39;NA;NA;NA;
2;0;14.93;22.88;7.69;NA;3.19;5.12;17.57;6;7.53;NA;NA;NA;
2;1;5.56;17.17;2.43;NA;0.71;5.23;ND;4.84;4.17;NA;NA;NA;
2;2;ND;5.68;2.94;NA;2.69;1.67;15.32;5.22;0.48;NA;NA;NA;
2;3;2.5;8.69;1.07;NA;0.26;1.37;7.7;1.15;0.14;NA;NA;NA;
2;4;0.23;5.81;1.09;NA;1.19;0.88;2.72;0.52;0;NA;NA;NA;
2;5;3.14;4.69;0.43;NA;0.41;0.91;1.74;0;0.02;NA;NA;NA;
2;6;4.2;7.24;0.84;NA;0.26;1.05;2.01;0.24;0.2;NA;NA;NA;
2;7;6.83;8.46;2.8;NA;1.9;3.34;16.78;2.9;1.16;NA;NA;NA;
2;8;13.53;13.66;14.07;NA;15.58;21.55;29.65;7.52;5.2;NA;NA;NA;
2;9;28.8;24.1;26.69;NA;31.92;35.1;38.93;18.67;28.05;NA;NA;NA;
2;10;35.1;42.72;31.2;NA;39.15;38.81;45.53;29.07;43.09;NA;NA;NA;
2;11;39.36;50.83;31.99;NA;38.32;41.9;55.21;43.05;46.2;NA;NA;NA;
2;12;47.12;56.88;42.02;NA;41.24;45.55;51.59;55.35;48.73;NA;NA;NA;
2;13;40.66;52.01;40.23;NA;48.82;47.58;47.38;57.31;48.94;NA;NA;NA;
2;14;36.36;47.32;35.52;NA;31.35;43.16;49.99;56.19;47.38;NA;NA;NA;
2;15;33.06;42.12;34.79;NA;27.65;30.86;37.44;48.93;31.53;NA;NA;NA;
2;16;35.24;42.69;29.95;NA;28.11;37.85;21.61;41.85;25.14;NA;NA;NA;
2;17;32.11;35.46;23.09;NA;36.48;27.86;18.95;35.27;20.45;NA;NA;NA;
2;18;27.68;28.19;13.31;NA;18.69;7.29;9.32;27.66;13.74;NA;NA;NA;
2;19;13.81;22.46;2.26;NA;8.43;2.15;7.09;24.66;26.68;NA;NA;NA;
2;20;5.41;20.32;0.56;NA;6.02;1.37;10.23;23.68;15.57;NA;NA;NA;
2;21;0.93;17.52;2.97;NA;0.55;5.68;9.7;21.61;2.78;NA;NA;NA;
2;22;2.91;17.82;ND;NA;7.53;4.05;11.55;13.01;20.25;NA;NA;NA;
2;23;14.27;29.89;ND;NA;0.5;1.31;9.85;4.54;19.87;NA;NA;NA;
3;0;7.15;26.25;1.39;NA;3.91;1.26;4.2;8.08;16.54;NA;NA;NA;
3;1;5.41;9.67;1.96;NA;4.43;3.62;13.03;18.44;13.28;NA;NA;NA;
3;2;10.92;ND;ND;NA;ND;ND;22.78;4.95;9.01;NA;NA;NA;
3;3;1.03;17.7;3.8;NA;1.61;4.19;19.55;0.67;2.59;NA;NA;NA;
3;4;1;6.52;2.37;NA;1.12;5.03;9.48;0.29;1.63;NA;NA;NA;
3;5;1.44;4.66;2.22;NA;0.36;2.89;3.24;0.09;1.54;NA;NA;NA;
3;6;1.16;1.99;2.35;NA;2.45;2.25;16.01;0.63;0.49;NA;NA;NA;
3;7;0.54;3.41;5.3;NA;3.35;3.8;24.41;1.65;1.85;NA;NA;NA;
3;8;3.42;9.95;6.32;NA;4.22;9.63;28.14;3.41;3.56;NA;NA;NA;
3;9;7.97;14.94;17.13;NA;9.9;23.53;33.85;8.67;8.51;NA;NA;NA;
3;10;16.73;24.53;13.28;NA;32.85;32.57;41.36;23.34;13.77;NA;NA;NA;
3;11;27.92;28.99;11.62;NA;20.79;17.06;33.77;34.67;7.42;NA;NA;NA;
3;12;32.39;40.37;21.99;NA;39.67;32.22;40.15;47.43;22.54;NA;NA;NA;
3;13;36.83;46.2;25.27;NA;28.55;29.8;ND;50.91;38.54;NA;NA;NA;
3;14;44.2;50.05;25.29;NA;43.4;36.51;ND;54.37;ND;NA;NA;NA;
3;15;44.86;52.91;26.45;NA;58.36;44.74;60.33;48.72;51.9;NA;NA;NA;
3;16;41.79;53.96;33.64;NA;53.56;44.63;59.02;44.47;44.58;NA;NA;NA;
3;17;29.83;39.88;28.34;NA;39.72;35.06;51.61;32.07;42.03;NA;NA;NA;
3;18;25.18;26.88;10.37;NA;20.44;22.92;19.06;28.2;14.68;NA;NA;NA;
3;19;5.87;21.59;3.59;NA;5.45;4.28;8.67;27.29;3.82;NA;NA;NA;
3;20;0.63;19.64;2.61;NA;1.83;3.76;4.36;17.01;2.66;NA;NA;NA;
3;21;10.29;11.45;0.91;NA;1.51;0.68;3.3;31.78;1;NA;NA;NA;
3;22;13.06;14.37;1.22;NA;3.68;4.39;7.44;34.25;0.88;NA;NA;NA;
3;23;0.14;7.25;4.9;NA;1.13;4.51;21.92;21.49;0.38;NA;NA;NA;
4;0;0;16.25;17.24;NA;1.26;1.26;27.47;9.09;0.56;NA;NA;NA;
4;1;0;17.42;13.85;NA;0.8;1.28;ND;0.33;0;NA;NA;NA;
4;2;ND;26.04;13.3;NA;1.37;1.03;29.78;0.24;0.01;NA;NA;NA;
4;3;0.02;24.01;ND;NA;5.75;2.6;24.69;0.07;0.1;NA;NA;NA;
4;4;0.08;4.14;5.63;NA;10.22;10.93;13.87;0.12;0.96;NA;NA;NA;
4;5;0;1.66;2.15;NA;0.74;1.32;3.18;0.31;0.04;NA;NA;NA;
4;6;ND;2;2.09;NA;1.07;2.52;20.65;0.88;1.16;NA;NA;NA;
4;7;ND;9.05;5.2;NA;6.56;8.81;30.32;4.02;3.65;NA;NA;NA;
4;8;ND;26.88;10.96;NA;15.26;13.15;29.86;19.69;13.53;NA;NA;NA;
4;9;30.34;39.33;19.22;NA;22.69;26.15;37.7;38.35;23.64;NA;NA;NA;
4;10;45.43;55.22;29.18;NA;34.69;37.61;42.45;47.02;42.39;NA;NA;NA;
4;11;49.45;64.22;39.76;NA;40.22;48.19;47.17;59.31;56.86;NA;NA;NA;
4;12;50.66;57.2;44.51;NA;46.88;52.39;52.94;63.41;52.87;NA;NA;NA;
4;13;47.03;51.76;45.3;NA;51.28;58.89;51.48;48.25;44.07;NA;NA;NA;
4;14;43.35;48.34;51.96;NA;34.95;49.07;39.36;52.77;37.85;NA;NA;NA;
4;15;39.39;49.35;37.77;NA;27.65;38.47;39.15;23.07;37.95;NA;NA;NA;
4;16;39.82;54.1;18.61;NA;28.14;25.83;29.66;22.79;4.68;NA;NA;NA;
4;17;22.4;30.57;9.38;NA;23.21;15.4;21.42;8.72;13.59;NA;NA;NA;
4;18;7.35;8.57;1.93;NA;2.99;5.13;11.13;11.34;14.29;NA;NA;NA;
4;19;ND;6.24;0.71;NA;4.48;1.33;10.81;1.04;7.84;NA;NA;NA;
4;20;ND;29.89;1.29;NA;1.11;1.52;2.66;0.39;2.03;NA;NA;NA;
4;21;10.86;24.09;1.06;NA;ND;1.62;1.22;ND;ND;NA;NA;NA;
4;22;4.77;2.84;1.4;NA;ND;0.77;1.16;ND;ND;NA;NA;NA;
4;23;0.52;16.6;2.75;NA;ND;0.55;0.51;ND;ND;NA;NA;NA;
5;0;0.41;20.9;0.55;NA;3.19;0.83;0.85;ND;0;NA;NA;NA;
5;1;0.21;5.54;0.51;NA;0.25;0.36;0.32;ND;ND;NA;NA;NA;
5;2;0.01;ND;ND;NA;ND;0.63;3.18;ND;0.08;NA;NA;NA;
5;3;0;0.49;1.21;NA;0.01;1.14;18.4;0;0;NA;NA;NA;
5;4;0.22;1.38;1.56;NA;1.61;1.42;22.53;0;0;NA;NA;NA;
5;5;0.45;1.07;0.89;NA;1.27;1.76;16.59;0.27;0.05;NA;NA;NA;
5;6;0.79;2.7;2.19;NA;1.2;2.25;16.58;0.67;0.7;NA;NA;NA;
5;7;3.7;7.5;4.49;NA;3.98;5.54;21.89;3.9;3.11;NA;NA;NA;
5;8;15.88;25.52;15.47;NA;14.79;18.8;29.87;13.74;11.41;NA;NA;NA;
5;9;30.27;36.06;31.86;NA;30.42;38.36;38.08;31.02;27.34;NA;NA;NA;
5;10;38.83;48.2;35.2;NA;41.2;45.5;44.48;37.94;46.04;NA;NA;NA;
5;11;41.86;56.03;35.65;NA;49.06;49.52;46.5;55.58;59.14;NA;NA;NA;
5;12;46.08;59.44;36.64;NA;58.63;51.88;41.53;61.05;59.84;NA;NA;NA;
5;13;45.32;58.53;48.93;NA;46.64;52.98;48.01;58.13;38.32;NA;NA;NA;
5;14;42.86;47.79;33.01;NA;41.35;43.24;49.54;38.21;44.13;NA;NA;NA;
5;15;40.73;48.27;37.16;NA;31.07;39.72;46.95;46.73;40.92;NA;NA;NA;
5;16;36.69;47.23;30.91;NA;38.04;40.73;37.02;40.19;40.92;NA;NA;NA;
5;17;32.3;42.96;30.03;NA;20.34;26.9;26.79;34.55;29.44;NA;NA;NA;
5;18;20.39;30.64;13.31;NA;7.63;14.48;5.24;18.89;11.91;NA;NA;NA;
5;19;2.8;20.11;3.91;NA;1.78;7.83;6.21;2.45;3.58;NA;NA;NA;
5;20;1.37;18.67;2.14;NA;4.47;1.43;14.46;2.94;2.89;NA;NA;NA;
5;21;2.04;8.53;6.86;NA;1.54;2.22;24.99;0.17;0.96;NA;NA;NA;
5;22;0.37;2.39;3.61;NA;3.61;3.45;27.21;0;0.44;NA;NA;NA;
5;23;2.4;2.3;11.33;NA;2.55;7.52;28.96;0;0.03;NA;NA;NA;
6;0;3.8;0.86;24.26;NA;22.94;16.94;31.52;0;0.84;NA;NA;NA;
6;1;2.46;1.08;29.01;NA;22.31;21.57;ND;0;0.29;NA;NA;NA;
6;2;ND;1.41;26.75;NA;12.58;ND;31.64;0;0.39;NA;NA;NA;
6;3;0.08;0.88;12.35;NA;5.23;5.77;32.1;0;0.13;NA;NA;NA;
6;4;0;1.13;12.74;NA;2.86;5.59;38.05;0;0;NA;NA;NA;
6;5;1.46;2.69;31.41;NA;5.19;23.22;39.39;0.03;0;NA;NA;NA;
6;6;3.39;3.86;30.95;NA;17.17;12.55;34.09;0.02;0.66;NA;NA;NA;
6;7;15.73;6.79;29.92;NA;23;24.46;33.51;1.06;0.98;NA;NA;NA;
6;8;23.74;17.78;27.24;NA;30.9;27.57;33.06;3.75;3.12;NA;NA;NA;
6;9;17.94;19.82;25.91;NA;27.15;26.84;35.69;4.23;3.83;NA;NA;NA;
6;10;29.19;29.76;33.67;NA;29.78;34.42;39.65;11.87;7.08;NA;NA;NA;
6;11;39.8;44.13;42.71;NA;47.93;50.27;46.57;40.96;35.85;NA;NA;NA;
6;12;43.68;52.23;46.46;NA;50.65;51.67;46.16;47.15;38.55;NA;NA;NA;
6;13;43.56;53.8;43.71;NA;50.81;53.25;48.61;44.05;50.18;NA;NA;NA;
6;14;39.41;44.34;38.72;NA;42.15;40.88;42.55;39.41;41.78;NA;NA;NA;
6;15;29.45;35.71;35.28;NA;39.71;37.41;38.18;38.52;40.99;NA;NA;NA;
6;16;24.12;33.48;31.58;NA;33.47;39.11;36.25;36.77;41.01;NA;NA;NA;
6;17;23.13;35.88;28.69;NA;32.19;34.4;37.56;34.59;37.75;NA;NA;NA;
6;18;18.44;30.47;21.97;NA;23.31;30.98;27.73;25.54;31.45;NA;NA;NA;
6;19;8.5;20.93;23.28;NA;11.76;26.05;28.52;23.76;13.56;NA;NA;NA;
6;20;3.46;17.56;14.3;NA;30.91;11.59;19.3;9.7;2.38;NA;NA;NA;
6;21;3.19;7.95;21.35;NA;10.42;18.91;22.95;1.6;1.74;NA;NA;NA;
6;22;2.77;6.88;31.67;NA;1.29;22.45;34.74;0.79;1.76;NA;NA;NA;
6;23;6;16.67;24.2;NA;6.98;18.98;41.91;0.11;1.78;NA;NA;NA;
7;0;0.89;12.93;40.39;NA;2.95;21.45;44.43;0;1.18;NA;NA;NA;
7;1;5.92;15.95;33.12;NA;4.06;10.8;42.83;8.66;ND;NA;NA;NA;
7;2;15.52;ND;ND;NA;ND;8.3;41.91;9.59;0.13;NA;NA;NA;
7;3;17.53;26.1;40.38;NA;1.27;3.46;46.59;2.72;0.24;NA;NA;NA;
7;4;18.11;19.77;41.05;NA;0.93;14.02;45.23;1.99;0.41;NA;NA;NA;
7;5;11.76;6.61;39.01;NA;1.84;21.63;33.33;0.8;0.85;NA;NA;NA;
7;6;5.21;4.76;40.52;NA;1.58;19.44;30.77;0.38;1.42;NA;NA;NA;
7;7;25.54;26.93;42.32;NA;4.31;23.09;39.34;3.16;4.81;NA;NA;NA;
7;8;38.91;45.41;46.37;NA;31.21;50.47;46.54;23.62;18.84;NA;NA;NA;
7;9;40.16;47.84;47.59;NA;47.18;53.01;52.76;46.29;31.96;NA;NA;NA;
7;10;42.41;55.5;48.42;NA;47.73;53.85;56.17;47.39;50;NA;NA;NA;
7;11;41.82;55.75;46.83;NA;49.44;49.8;53.79;47.14;49.59;NA;NA;NA;
7;12;41.26;52.21;44.85;NA;50.4;48.39;54.03;43.97;49.33;NA;NA;NA;
7;13;39.31;47.38;42.65;NA;48.52;47.1;51.86;45.42;48.23;NA;NA;NA;
7;14;36.85;46.22;43.53;NA;50.66;48.95;54.49;46.14;50.55;NA;NA;NA;
7;15;43.15;47.75;47.7;NA;47.83;50.8;56.71;51.64;51.19;NA;NA;NA;
7;16;40.82;43.39;45.24;NA;46.97;50.08;57.7;49.52;47.65;NA;NA;NA;
7;17;36.19;40.41;38.29;NA;40.92;42.27;44.86;47.39;40.68;NA;NA;NA;
7;18;29.02;32.61;36.66;NA;21.68;28.85;20.4;35.41;28.06;NA;NA;NA;
7;19;23.55;28.93;22.99;NA;13.17;19.81;18.28;26.95;31.24;NA;NA;NA;
7;20;19.94;31.27;26.65;NA;19.06;22.37;19.42;24.19;22.26;NA;NA;NA;
7;21;25.98;25.48;21.01;NA;18.54;21.49;16.44;20.71;16.29;NA;NA;NA;
7;22;23.3;25.95;23.17;NA;23.96;16.46;11.44;17.88;18.65;NA;NA;NA;
7;23;15.95;18.57;16.17;NA;20.51;10.27;23.59;24.91;11.81;NA;NA;NA;
8;0;14.31;23.72;26.35;NA;17.89;10.28;28.57;21.12;10.79;NA;NA;NA;
8;1;17.44;24.21;29.79;NA;17.95;21.7;ND;25.7;13.81;NA;NA;NA;
8;2;ND;30.63;33.18;NA;26.81;ND;7.15;25.9;20.7;NA;NA;NA;
8;3;28.31;32.76;32.84;NA;30.44;32.75;5.19;18.11;9.28;NA;NA;NA;
8;4;26.69;33.41;29.15;NA;23.49;29.02;10.18;7.79;14.36;NA;NA;NA;
8;5;10.69;25.66;18.73;NA;13.65;14.15;16.08;1.93;8.82;NA;NA;NA;
8;6;0.4;13;2.41;NA;2.29;6.2;21.22;0.38;0.51;NA;NA;NA;
8;7;6.14;11.18;10.14;NA;11.35;11.79;24.39;6.93;5.09;NA;NA;NA;
8;8;14.71;19.42;19.57;NA;25.15;24.81;26.29;12.78;18.08;NA;NA;NA;
8;9;23.98;21.51;25.59;NA;35.29;35.26;33.24;20.42;14;NA;NA;NA;
8;10;27.65;33.17;31.28;NA;35.82;38.74;35.59;34.33;31.41;NA;NA;NA;
8;11;34.6;42.53;33.84;NA;36.68;39.1;40.8;37.16;41.7;NA;NA;NA;
8;12;32.08;44.05;31.96;NA;36.97;40.01;43.17;36.4;41.51;NA;NA;NA;
8;13;35.42;44.71;35.15;NA;40.11;42.31;41.78;ND;40.46;NA;NA;NA;
8;14;33.78;40.93;35.36;NA;41.25;43.19;38.47;ND;42.91;NA;NA;NA;
8;15;34.45;41.01;32.4;NA;39.93;39.42;41.6;37.72;42.29;NA;NA;NA;
8;16;29.8;40.25;25.81;NA;38;30.98;38.91;35.32;39.78;NA;NA;NA;
8;17;22.71;30.78;21.41;NA;26.92;26.15;38.06;30.72;36.57;NA;NA;NA;
8;18;17.48;24.15;16.95;NA;20.63;9.2;31.27;34.49;31.78;NA;NA;NA;
8;19;18.19;18.95;10.43;NA;9.79;15;27.06;20.23;15.48;NA;NA;NA;
8;20;18.64;20.62;18.55;NA;16.92;13.33;14.19;16.33;10.32;NA;NA;NA;
8;21;24.38;25.9;22.75;NA;16.39;13.79;16.39;5.39;14.24;NA;NA;NA;
8;22;24.12;24.99;17.35;NA;15.8;10.59;12.64;6.47;7.15;NA;NA;NA;
8;23;16.03;24.82;15.62;NA;15.96;8.98;21.95;4.67;6.13;NA;NA;NA;
9;0;13.63;19.75;15.18;NA;21.07;8;27.29;1.67;0.57;NA;NA;NA;
9;1;7.36;19.24;18.43;NA;11.92;4.5;27.49;0.43;ND;NA;NA;NA;
9;2;7.08;ND;ND;NA;ND;3.15;29.09;1.68;0.19;NA;NA;NA;
9;3;2.23;4.55;12.07;NA;13.62;6.64;26.17;1.05;0.04;NA;NA;NA;
9;4;6.12;1.87;7.34;NA;2.55;4.22;20.64;3.52;0.17;NA;NA;NA;
9;5;0.06;2.15;4.01;NA;0.83;2.04;14.96;2.87;0.13;NA;NA;NA;
9;6;0.62;1.29;11.92;NA;2.93;3.09;11.68;1.94;0.89;NA;NA;NA;
9;7;1.5;3.52;10.52;NA;16.06;8.48;28.21;4.27;4.41;NA;NA;NA;
9;8;20.57;23.38;28.94;NA;21.19;32.27;39.54;14.07;11.03;NA;NA;NA;
9;9;32.32;42.54;34.06;NA;32.99;41.14;44.56;25.49;28.2;NA;NA;NA;
9;10;40.88;50.33;36.97;NA;42.93;44.82;49.79;41.62;42.04;NA;NA;NA;
9;11;34.65;49.67;31.15;NA;41.12;40.26;43.79;39.43;43.88;NA;NA;NA;
9;12;32.47;44.13;29.8;NA;36.84;37.73;38.03;36.56;38.59;NA;NA;NA;
9;13;27.39;39.64;28.71;NA;35.1;37.11;34.41;36.16;36.71;NA;NA;NA;
9;14;25.68;37.32;25.49;NA;32.19;35.64;33.44;35.64;34.77;NA;NA;NA;
9;15;25.12;37.17;25.99;NA;26.84;34.18;33.81;37.79;38.26;NA;NA;NA;
9;16;33.58;41.14;23.61;NA;32.54;32.86;32.21;37.64;34.45;NA;NA;NA;
9;17;30.14;34.68;29.45;NA;20.66;25.9;24.72;28.7;23.87;NA;NA;NA;
9;18;23.6;28.68;21.27;NA;8.97;13.86;21.15;22.33;12.59;NA;NA;NA;
9;19;6.44;23.55;5.52;NA;3.56;2.61;21.51;5.15;8.06;NA;NA;NA;
9;20;1.96;16.1;2.41;NA;1.68;2.81;18.09;2.94;8.24;NA;NA;NA;
9;21;0.3;13.89;1.22;NA;2.48;1.76;22.04;1.76;3.33;NA;NA;NA;
9;22;0.81;11.41;0.85;NA;8.27;5.8;28.79;0.74;0.74;NA;NA;NA;
9;23;4.37;3.82;14.29;NA;17.43;18.09;31.71;2.41;1.34;NA;NA;NA;
10;0;5.14;1.32;26;NA;22.49;23.12;33.06;ND;0.16;NA;NA;NA;
10;1;1.75;1.38;31.29;NA;31.74;28.77;ND;3.29;2.48;NA;NA;NA;
10;2;ND;5.82;33.74;NA;33.81;ND;38.04;5.91;0.53;NA;NA;NA;
10;3;2.76;2.12;35.67;NA;33.6;30.36;37.42;1.1;1.29;NA;NA;NA;
10;4;1.62;8.51;33.85;NA;31.02;32.63;36.05;0.16;8.76;NA;NA;NA;
10;5;0.08;7.89;32.22;NA;24.18;23.12;34.35;0.25;18.07;NA;NA;NA;
10;6;3.9;3.3;20.1;NA;7.03;15.61;32.75;0.36;13.03;NA;NA;NA;
10;7;13.6;9.73;16.27;NA;16.57;19.97;33.58;1.77;6.53;NA;NA;NA;
10;8;15.49;16.6;21.11;NA;17.67;26.29;34.52;6.09;10.28;NA;NA;NA;
10;9;23.16;22.57;20.37;NA;33.52;34.42;38.87;18.13;12.61;NA;NA;NA;
10;10;32.17;36.97;34.94;NA;44.63;42.99;39.95;35.17;38.41;NA;NA;NA;
10;11;35.89;44.53;43.91;NA;51.97;45.91;40.06;42.12;48.85;NA;NA;NA;
10;12;41.01;49.35;42.6;NA;51.46;52.13;40.84;43.07;47.2;NA;NA;NA;
10;13;37.81;45.35;38.7;NA;41.81;46.71;41.1;42.03;48.71;NA;NA;NA;
10;14;34.97;42.46;34.3;NA;35.55;42.58;41.47;42.31;41.3;NA;NA;NA;
10;15;33.84;42.2;33.07;NA;35.98;40.53;41.33;40.06;36.3;NA;NA;NA;
10;16;35.76;37.63;25.65;NA;28;36.7;37.88;37.12;31.38;NA;NA;NA;
10;17;33.5;34.22;17.02;NA;12.12;22.45;32.71;34.37;17.6;NA;NA;NA;
10;18;22.3;28.8;9.79;NA;4.37;10.34;30.39;34.27;21.5;NA;NA;NA;
10;19;10.41;24.63;1.69;NA;1.21;1.48;20.66;30.56;26.67;NA;NA;NA;
10;20;1.83;20.08;1.69;NA;3.96;1.04;11.78;20.01;25.83;NA;NA;NA;
10;21;0.82;18.98;0.9;NA;ND;1.01;19.61;25.15;22.42;NA;NA;NA;
10;22;0.07;8.82;0.87;NA;ND;1.34;30.77;14.83;9.85;NA;NA;NA;
10;23;1.77;11.2;0.44;NA;4.05;3.13;32.36;16.63;17.11;NA;NA;NA;
11;0;7.69;5.8;0.28;NA;16.86;2.95;35.22;16.57;15.07;NA;NA;NA;
11;1;0.72;1.05;0.88;NA;12.5;1;35.85;15.66;ND;NA;NA;NA;
11;2;2.21;ND;ND;NA;ND;6.3;34.13;7.66;3.45;NA;NA;NA;
11;3;1.81;1.61;32.47;NA;11.95;2.47;35.65;2.45;1.35;NA;NA;NA;
11;4;0.52;2.7;18.73;NA;29.41;19.32;33.19;0.42;0.04;NA;NA;NA;
11;5;0.67;2.1;24.89;NA;6.83;17.24;28.71;0.15;0.04;NA;NA;NA;
11;6;0.81;2.29;17.08;NA;1.3;7.07;26.9;0.53;1.14;NA;NA;NA;
11;7;8.23;5.37;16.39;NA;7.93;19.49;31.86;1.78;3.47;NA;NA;NA;
11;8;28.61;18.95;24.93;NA;29.89;33.71;38.17;5.27;12.6;NA;NA;NA;
11;9;33.23;37.84;30.99;NA;45.41;42.84;43.73;12.08;33.15;NA;NA;NA;
11;10;39.02;48.04;40.74;NA;51.65;50.65;48.8;38.75;45.53;NA;NA;NA;
11;11;40.5;47.71;41.36;NA;56.91;51.84;46.38;44.94;56.76;NA;NA;NA;
11;12;39.34;46.59;40.02;NA;51.28;48.47;44.88;44.88;48.46;NA;NA;NA;
11;13;40.65;52.64;37.82;NA;46.27;46.07;48.93;43.76;45.86;NA;NA;NA;
11;14;33.75;40.81;32.28;NA;39.77;42.05;46.03;39.25;41.26;NA;NA;NA;
11;15;30.68;39.34;29.28;NA;35.32;38.54;38.65;36.68;37.36;NA;NA;NA;
11;16;28.84;34.54;22.85;NA;32.25;33.12;36.02;32.37;33.74;NA;NA;NA;
11;17;23.41;31.99;19.35;NA;21.19;24.02;26.91;32.51;27.69;NA;NA;NA;
11;18;22.42;23.74;22.62;NA;8.45;14.32;20.67;23.3;28.32;NA;NA;NA;
11;19;19.27;20.79;24.74;NA;7.78;9.8;7.09;19.94;18.16;NA;NA;NA;
11;20;12.71;18.17;12.02;NA;7.2;10.47;10.23;9.94;17.47;NA;NA;NA;
11;21;4.96;14.77;5.92;NA;4.26;4.83;5.22;8.7;12.92;NA;NA;NA;
11;22;4.98;13.72;1.78;NA;3.67;1.55;4.57;0.2;11.48;NA;NA;NA;
11;23;9.37;11.32;9.76;NA;3.2;1.64;8.87;2.41;4.33;NA;NA;NA;
12;0;15.82;1.78;17.27;NA;9.82;1.31;12.12;ND;0.34;NA;NA;NA;
12;1;22.43;1.36;16.34;NA;2.02;2.01;ND;3.69;0;NA;NA;NA;
12;2;ND;5.44;8.83;NA;0.93;ND;18.01;2.41;0;NA;NA;NA;
12;3;3.7;4.76;4.04;NA;0.93;1.21;15.2;0.52;0.08;NA;NA;NA;
12;4;0.82;1.27;3.31;NA;4.49;2.36;15.09;0.33;0.11;NA;NA;NA;
12;5;0.57;1.55;2.73;NA;0.07;4.31;8.81;0.18;0.12;NA;NA;NA;
12;6;0.65;2.81;1.56;NA;1.41;2.22;12.59;0.56;0.62;NA;NA;NA;
12;7;1.84;4.02;9.73;NA;4.96;3.91;10.96;2.3;2.39;NA;NA;NA;
12;8;9.42;13.25;13.7;NA;8.2;5.94;25.24;4.25;3.78;NA;NA;NA;
12;9;22.48;33.53;31.57;NA;15.83;21.91;40.57;9.91;8.16;NA;NA;NA;
12;10;32.91;43.19;37.44;NA;40.06;47.9;51.1;23.62;26.27;NA;NA;NA;
12;11;42.81;55.37;45.11;NA;49.97;53.41;53.2;44.71;40.5;NA;NA;NA;
12;12;48.75;60.39;44.06;NA;51.33;53.29;52.21;49.88;50;NA;NA;NA;
12;13;44.91;56.43;41.78;NA;51.74;53.44;54.52;49.62;51.66;NA;NA;NA;
12;14;51.22;57.62;42.58;NA;49.06;49.64;50.91;46.1;49.1;NA;NA;NA;
12;15;51.46;52.04;35.49;NA;43.44;47.05;48.83;44.8;47.62;NA;NA;NA;
12;16;37.78;44.63;29.6;NA;38;37.72;42.4;39.67;42.66;NA;NA;NA;
12;17;33.21;40.32;24.99;NA;24.61;31.54;27.25;39.49;34.64;NA;NA;NA;
12;18;28.54;34.66;20.59;NA;11.88;13.68;25.98;35.85;33.6;NA;NA;NA;
12;19;19.31;27.55;20.9;NA;8.7;12.31;19.53;31.79;29.56;NA;NA;NA;
12;20;5.34;23.17;19.11;NA;5.61;12.98;16.98;29.33;18.88;NA;NA;NA;
12;21;8.06;20.08;18.22;NA;4.81;16.42;17.75;25.96;15.28;NA;NA;NA;
12;22;3.57;15.82;15.65;NA;4.51;11.5;8.04;26.91;18.52;NA;NA;NA;
12;23;15.51;13.72;16.66;NA;6.05;11.54;3.88;28.37;14.28;NA;NA;NA;
13;0;8.01;20.58;18.15;NA;12.35;4.63;7.18;24.61;14.49;NA;NA;NA;
13;1;1.51;14.53;22.74;NA;13.26;4.93;6.05;11.17;ND;NA;NA;NA;
13;2;2.05;ND;ND;NA;ND;4.9;5.04;2.4;5.14;NA;NA;NA;
13;3;0.64;4.86;1.73;NA;9.49;6.21;8.61;2.1;5.32;NA;NA;NA;
13;4;0.24;1.84;1.25;NA;3.07;3.91;9.81;0.29;4.64;NA;NA;NA;
13;5;0.04;2.55;4.08;NA;0.65;1.12;7.31;0.44;0.46;NA;NA;NA;
13;6;0.36;3.13;2.14;NA;6.07;1.84;2.47;0.81;0.64;NA;NA;NA;
13;7;10.09;10.31;6.01;NA;5.82;5.6;17.57;6.38;3.62;NA;NA;NA;
13;8;22.29;28.41;18.52;NA;20.9;20.45;36.27;16.44;16.34;NA;NA;NA;
13;9;32.91;43.01;ND;NA;39.18;38.02;42.08;37.93;37.47;NA;NA;NA;
13;10;41.38;50.5;39.86;NA;42.71;46.11;47.47;50.74;39.86;NA;NA;NA;
13;11;44.94;52.72;46.59;NA;46.77;51.78;48.79;48.48;41.74;NA;NA;NA;
13;12;46.01;48.74;41.47;NA;46.24;51.36;46.05;41.22;41.22;NA;NA;NA;
13;13;40.77;47.85;39.87;NA;43.09;45.21;44.85;39.23;41.27;NA;NA;NA;
13;14;37.58;44.48;40.62;NA;40.37;44.82;42.43;37.76;39.74;NA;NA;NA;
13;15;37.29;42.67;37.72;NA;41.12;43.81;38;34.71;36.98;NA;NA;NA;
13;16;33.17;39.73;34.32;NA;34.63;39.27;34.88;36.48;36.97;NA;NA;NA;
13;17;30.06;34.76;32;NA;27.32;33.42;28.32;36.97;33.42;NA;NA;NA;
13;18;22.08;25.13;17.57;NA;15.15;20;21.46;25.05;32.47;NA;NA;NA;
13;19;5.91;16.98;12.84;NA;5.16;6.48;9.62;15.15;22.84;NA;NA;NA;
13;20;2.24;14.14;4;NA;4.38;9.33;14.62;14.62;15.28;NA;NA;NA;
13;21;4.84;4.53;7.41;NA;2.21;7;12.01;15.88;9.51;NA;NA;NA;
13;22;4.65;5.24;8.94;NA;5.29;3.84;14.9;15.34;8.4;NA;NA;NA;
13;23;8.19;2.57;6.47;NA;2.2;1.61;21.03;13.72;2.77;NA;NA;NA;
14;0;8.39;3.06;1.88;NA;1.35;8.4;29.61;ND;4.11;NA;NA;NA;
14;1;8.56;1.38;10.6;NA;0.22;13.25;ND;8.96;0.26;NA;NA;NA;
14;2;ND;2.38;24.69;NA;5.97;ND;31.67;6.48;0.5;NA;NA;NA;
14;3;5.04;1.04;16.72;NA;11.64;22.12;31.1;4.75;0.01;NA;NA;NA;
14;4;7.97;2.8;4.7;NA;7.74;16.95;30.89;1.7;0.38;NA;NA;NA;
14;5;2.62;2.72;2.2;NA;2.45;10.08;29.8;1.27;0.55;NA;NA;NA;
14;6;1.2;3.16;3.16;NA;3.89;2.7;29.28;0.97;0.78;NA;NA;NA;
14;7;9.48;12.58;10.01;NA;11.63;16.61;30.06;6.95;5.51;NA;NA;NA;
14;8;26.31;30.87;30.82;NA;27.9;34.48;36.46;19.43;17.31;NA;NA;NA;
14;9;35.16;44.92;39.54;NA;45.33;46.95;40.67;39.37;36.6;NA;NA;NA;
14;10;38.83;51.62;44.48;NA;54.24;51.14;43.23;50.93;52.57;NA;NA;NA;
14;11;41.47;55.27;41.96;NA;49.06;49.85;46.51;40.71;46.97;NA;NA;NA;
14;12;40.35;49.43;42.91;NA;43.86;45.36;48.05;41.38;42.65;NA;NA;NA;
14;13;43.29;48.71;43.9;NA;43.13;47.98;45.14;39.06;40.79;NA;NA;NA;
14;14;34.42;41.06;40.91;NA;43.49;44.2;45.58;40.64;41.79;NA;NA;NA;
14;15;36.77;41.69;37.91;NA;41.5;42.71;44.69;38.43;39.07;NA;NA;NA;
14;16;34.11;40.02;30.59;NA;38.3;41.89;40.01;35.74;37.21;NA;NA;NA;
14;17;28.93;35.8;26.68;NA;31.58;33.54;31.94;33.98;32.46;NA;NA;NA;
14;18;21.75;28.42;16.02;NA;23.71;20.04;27.35;29.53;24.6;NA;NA;NA;
14;19;12.38;19.34;8.43;NA;21.72;18.48;25.9;24.36;21;NA;NA;NA;
14;20;5.6;16.43;7.71;NA;16.37;20.09;26.21;21.85;19.53;NA;NA;NA;
14;21;3.35;14.2;10.27;NA;24.94;12.64;26.25;21.12;16.55;NA;NA;NA;
14;22;1.21;9.61;14.31;NA;24.39;15.88;29.36;13.7;13.93;NA;NA;NA;
14;23;5.11;2.92;26.25;NA;18.07;20.31;32.57;11.35;9.72;NA;NA;NA;
15;0;7.49;21.35;24.94;NA;19.17;24.88;33.28;7.31;10.6;NA;NA;NA;
15;1;8.56;23.47;31.5;NA;25.51;29.1;32.61;7.25;ND;NA;NA;NA;
15;2;19.66;ND;ND;NA;ND;30.4;33.9;3.35;3.88;NA;NA;NA;
15;3;14.3;18.44;33.67;NA;26.49;29.67;35.02;2.96;4.8;NA;NA;NA;
15;4;9.54;14.44;33.52;NA;22.6;23.79;34.49;1.17;4.23;NA;NA;NA;
15;5;3.2;5.45;30.62;NA;5.38;16.93;31.41;0.2;1.15;NA;NA;NA;
15;6;1.79;2.74;18.2;NA;1.3;11.97;28.38;0.66;1;NA;NA;NA;
15;7;8.1;10.73;19.69;NA;15.25;17.15;29.27;4.99;5.8;NA;NA;NA;
15;8;18.94;21.01;27.65;NA;24.02;26.32;30.24;9.71;14.6;NA;NA;NA;
15;9;28.85;36.59;31.34;NA;37.39;36.37;34.52;29.91;35.19;NA;NA;NA;
15;10;33.62;45.37;34.74;NA;42.95;43.27;38.19;39.2;41.37;NA;NA;NA;
15;11;ND;41.13;34.03;NA;38.59;40.47;39.66;38.9;37.94;NA;NA;NA;
15;12;29.6;41.86;35.67;NA;43.12;43.68;40.53;40.68;39.82;NA;NA;NA;
15;13;34.92;44.12;37.02;NA;44.11;43.64;41.48;41.78;38.21;NA;NA;NA;
15;14;ND;42.78;36.16;NA;ND;42.89;42.29;41.82;40.5;NA;NA;NA;
15;15;34.44;41.81;34.4;NA;ND;41.1;41.5;40.94;41.55;NA;NA;NA;
15;16;32.79;41.04;24.86;NA;46.24;38.89;42.25;39.89;43.92;NA;NA;NA;
15;17;25.55;35.57;26.39;NA;47.48;38.12;41.81;39.87;43.23;NA;NA;NA;
15;18;17.24;25.42;19.12;NA;40.73;33;40.87;33.14;37.02;NA;NA;NA;
15;19;14.11;18.26;14.44;NA;19.61;29.27;35.97;27.96;25.18;NA;NA;NA;
15;20;17.72;27.11;16.04;NA;26.2;20.74;32.96;10.66;13.92;NA;NA;NA;
15;21;24.21;19.28;17.87;NA;28.98;17.36;37.9;17.92;12.78;NA;NA;NA;
15;22;24.45;24.86;30.24;NA;23.27;31.22;38.29;39.5;0.77;NA;NA;NA;
15;23;30.62;27.64;36.62;NA;35.14;39.22;36.58;37.69;0.82;NA;NA;NA;
16;0;31.86;29.01;37.34;NA;36.58;36.76;35.3;ND;0.33;NA;NA;NA;
16;1;33.82;21.51;38.47;NA;32.38;39.26;ND;30.28;2.29;NA;NA;NA;
16;2;ND;28.23;37.01;NA;31.91;ND;35.31;7.63;5.38;NA;NA;NA;
16;3;24.44;24.95;29.84;NA;23.56;26.54;32.49;1.83;11.4;NA;NA;NA;
16;4;23.33;21.55;26.48;NA;14.75;22.29;33.05;5.99;10.01;NA;NA;NA;
16;5;17.03;13.44;20.79;NA;3.49;6.55;32.78;12.12;2.36;NA;NA;NA;
16;6;8.73;5.56;14.11;NA;6.26;4.33;32.18;2.49;5.3;NA;NA;NA;
16;7;18.9;16.04;17.55;NA;21.5;16.4;35.33;16.74;11.82;NA;NA;NA;
16;8;28.62;33.05;30.26;NA;42.62;34.83;38.42;38.39;16.3;NA;NA;NA;
16;9;36.61;43.01;37.2;NA;45.01;43.12;46.82;44.48;38.31;NA;NA;NA;
16;10;39.72;46.07;40.38;NA;52.37;49.78;51.11;46.87;48.75;NA;NA;NA;
16;11;40.24;46.75;42.32;NA;52.91;50.49;50.3;45.59;48.73;NA;NA;NA;
16;12;38.76;45.74;39.92;NA;49.13;49.54;47.03;43.72;46.89;NA;NA;NA;
16;13;36.28;42.85;39.52;NA;45.23;46.15;44.1;41.34;43.78;NA;NA;NA;
16;14;36.44;44.42;36.71;NA;46.68;45.21;46.8;42.56;45.14;NA;NA;NA;
16;15;34.63;44.31;35.38;NA;44.62;42.87;46.91;40.72;44.14;NA;NA;NA;
16;16;34.78;40.95;27.08;NA;36.57;34.61;37.55;33.53;35.81;NA;NA;NA;
16;17;19.49;28.43;20.61;NA;34.13;27.28;32.32;34.52;34.17;NA;NA;NA;
16;18;13.39;29.06;23.71;NA;29.29;32.04;28.02;30.25;27.55;NA;NA;NA;
16;19;9.4;24.19;19.15;NA;21.36;25.72;25.64;23.96;14.7;NA;NA;NA;
16;20;8.08;20.78;25.71;NA;20.1;19.37;30.54;38.16;12.55;NA;NA;NA;
16;21;8.96;22.44;32.02;NA;22.34;31.82;35.21;38.71;1.92;NA;NA;NA;
16;22;8.96;24.29;34.22;NA;23.27;34.97;29.26;25.28;12.32;NA;NA;NA;
16;23;16.75;26.84;21.48;NA;18.34;21.44;29.25;27.51;16.58;NA;NA;NA;
17;0;13.37;24.66;13.52;NA;15.86;20.07;31.73;25.19;22.53;NA;NA;NA;
17;1;14.46;22.66;19.03;NA;24.96;25.15;33.09;24.94;ND;NA;NA;NA;
17;2;14.46;ND;ND;NA;ND;24.63;32.11;25.08;21;NA;NA;NA;
17;3;7.58;20.5;15.98;NA;25.64;24.7;31.16;24.67;21.21;NA;NA;NA;
17;4;4.83;16.09;9.75;NA;24.01;16.04;29.67;22.21;20.64;NA;NA;NA;
17;5;1.72;10.79;19.83;NA;24.67;19.41;26.34;18.07;15.62;NA;NA;NA;
17;6;0.39;7.61;14.41;NA;15.41;10.51;25.14;12.38;8.53;NA;NA;NA;
17;7;4.45;9.18;13.59;NA;16.39;17.35;26.72;12.23;8.46;NA;NA;NA;
17;8;13.83;18.84;16.27;NA;23.91;23.1;30.41;19.05;14.29;NA;NA;NA;
17;9;22.89;27.62;23.78;NA;33.58;27.66;33.78;22.19;4.47;NA;NA;NA;
17;10;28.03;ND;29.49;NA;36.7;33.4;34.18;31.65;ND;NA;NA;NA;
17;11;31.16;ND;31.84;NA;41.09;38.48;35.29;37.6;ND;NA;NA;NA;
17;12;30.36;ND;32.54;NA;38.46;39.32;37.45;38.45;ND;NA;NA;NA;
17;13;28.62;36.27;29.48;NA;38.54;39.39;38.19;34.53;35.98;NA;NA;NA;
17;14;25.3;31.74;27;NA;35.65;34.29;29.72;32.26;29.46;NA;NA;NA;
17;15;22.25;ND;23.79;NA;32.14;32.48;30.12;32.93;30.28;NA;NA;NA;
17;16;23.19;31.64;21.7;NA;31.6;30.15;27.22;29.96;28.56;NA;NA;NA;
17;17;21.53;25.31;18.07;NA;24.36;27.51;26.01;27.02;23.71;NA;NA;NA;
17;18;13.67;19.72;13.49;NA;14.87;23.54;25.6;25.32;20.28;NA;NA;NA;
17;19;7.22;18.27;7.01;NA;8.38;13.74;24.15;20.92;19.48;NA;NA;NA;
17;20;0.45;12.75;6.47;NA;5.76;12.87;ND;17.27;16.36;NA;NA;NA;
17;21;1.22;10.04;7.7;NA;7.93;13.35;ND;21.63;9.31;NA;NA;NA;
17;22;0.12;6.65;2.81;NA;7.81;3.36;ND;22.79;4.37;NA;NA;NA;
17;23;1.01;7.66;9.54;NA;2.93;8.35;27.71;19.49;8.87;NA;NA;NA;
18;0;0.63;2.64;13.63;NA;6.21;5.89;32.67;ND;2.89;NA;NA;NA;
18;1;2.62;1.37;16.32;NA;1.51;1.15;32.86;12.25;11.92;NA;NA;NA;
18;2;ND;8.65;7.48;NA;6.38;ND;31;22.43;12.1;NA;NA;NA;
18;3;7.21;11.03;3.86;NA;4.83;2.57;31.07;25.88;10.56;NA;NA;NA;
18;4;2.88;14.18;3.8;NA;2.26;1.51;28.78;27.78;18.13;NA;NA;NA;
18;5;0.95;9.03;7.49;NA;1.76;1.09;23.7;23.59;18.94;NA;NA;NA;
18;6;0.33;4.27;2.04;NA;1.86;1.5;18.63;15.82;14.62;NA;NA;NA;
18;7;1.93;10.21;3.96;NA;3.53;2.72;23.49;12;10.89;NA;NA;NA;
18;8;11.3;23.57;20.42;NA;17.52;20.17;28.86;24;19.71;NA;NA;NA;
18;9;30.12;46.25;35.48;NA;45.73;48.51;47.95;35.29;33.19;NA;NA;NA;
18;10;43.27;55.6;46.23;NA;56.55;54.93;ND;52.08;51.27;NA;NA;NA;
18;11;47.91;61.07;45.53;NA;54.04;53.24;ND;54.05;50.06;NA;NA;NA;
18;12;47.69;55.03;48.71;NA;49.96;51.41;52.69;51.28;50.69;NA;NA;NA;
18;13;38.71;45.48;51.31;NA;51.34;53.21;49.97;44.06;44.05;NA;NA;NA;
18;14;31.3;37.78;38.49;NA;46.1;46.92;ND;41.24;41.87;NA;NA;NA;
18;15;31.77;38.84;33.07;NA;37.8;39.75;45.66;40.55;43.12;NA;NA;NA;
18;16;29.53;37.7;29.94;NA;34.21;33.94;40.1;39.56;35.8;NA;NA;NA;
18;17;27.81;36.48;21.7;NA;26.15;27.63;27.34;32.5;29.3;NA;NA;NA;
18;18;23.86;28.63;7.81;NA;12.6;5.71;33.91;29.43;26.68;NA;NA;NA;
18;19;16.2;22.51;3.84;NA;3.79;1.31;26.84;22.47;25.9;NA;NA;NA;
18;20;14.78;24.9;2.28;NA;1.9;1.24;20.51;22.4;8.85;NA;NA;NA;
18;21;12.01;25.29;0.7;NA;5.78;0.9;18.8;26.24;6.31;NA;NA;NA;
18;22;8.28;10.86;0.67;NA;7.84;0.88;10.75;27.93;0.85;NA;NA;NA;
18;23;0.94;10.61;1.6;NA;11.54;1.76;17.98;16.47;0.99;NA;NA;NA;
19;0;0.17;12.57;3.57;NA;6.71;3.03;10.67;7.63;1.99;NA;NA;NA;
19;1;0.09;16.77;2.15;NA;2.35;1.81;13.05;0.88;ND;NA;NA;NA;
19;2;0.11;ND;ND;NA;ND;1.48;15.93;0.06;0.14;NA;NA;NA;
19;3;0.05;10.86;5.11;NA;2.44;2.18;5.3;0.01;0.01;NA;NA;NA;
19;4;0.25;4.96;1.23;NA;1.07;1.36;2.64;0.31;0.13;NA;NA;NA;
19;5;0.47;1.55;0.81;NA;1.28;2.12;24.03;0.6;0.43;NA;NA;NA;
19;6;0.57;2.44;1.9;NA;2.93;2.38;32.81;0.67;0.92;NA;NA;NA;
19;7;4.83;9.74;6.08;NA;6.89;12.19;35.47;4.98;5.37;NA;NA;NA;
19;8;12.62;25.93;17.95;NA;24.14;27.18;42.99;18.63;12.59;NA;NA;NA;
19;9;33.02;38.18;31.78;NA;41.9;41.59;47.36;36.28;30.27;NA;NA;NA;
19;10;42.24;54.84;39.69;NA;52.23;49.27;54.58;50.51;53.34;NA;NA;NA;
19;11;46.56;58.06;45.23;NA;51.54;50.85;58.58;64.97;45.03;NA;NA;NA;
19;12;57.23;61.34;45.78;NA;55.8;54.65;59.24;55.09;49.63;NA;NA;NA;
19;13;48.21;53.77;42.9;NA;44.52;46.7;51;47.98;42.54;NA;NA;NA;
19;14;42.72;51.83;47.76;NA;49.63;52.19;41.13;66.84;41.54;NA;NA;NA;
19;15;40.01;48.28;45.82;NA;44.48;52.88;36.29;55.27;41.12;NA;NA;NA;
19;16;35.65;ND;40.63;NA;30.08;43.94;26.56;48.65;36.76;NA;NA;NA;
19;17;29.35;ND;22.96;NA;22.76;20.34;18.73;41.62;35.27;NA;NA;NA;
19;18;23.3;ND;9.33;NA;22.23;8.91;10.96;33.51;28.91;NA;NA;NA;
19;19;15.95;ND;6.18;NA;8.04;1.57;9.99;28.3;24.14;NA;NA;NA;
19;20;13.95;ND;5.3;NA;3.88;2.2;8.73;21.47;10.99;NA;NA;NA;
19;21;1.56;ND;4.53;NA;3.93;1.37;6.45;1.66;17.41;NA;NA;NA;
19;22;2.74;ND;3.26;NA;1.35;2.24;7.39;0.88;1.12;NA;NA;NA;
19;23;2.49;ND;1.46;NA;6.42;2.76;27.31;0.43;0.56;NA;NA;NA;
20;0;0.47;ND;2.18;NA;8.18;12.38;33.44;ND;0.27;NA;NA;NA;
20;1;3.01;ND;1.21;NA;7.34;7.4;ND;0;0.09;NA;NA;NA;
20;2;ND;ND;1;NA;3.66;ND;33.55;0.01;0.65;NA;NA;NA;
20;3;0.06;ND;1.04;NA;1.74;4.77;33.67;0;0.04;NA;NA;NA;
20;4;0.01;ND;0.97;NA;1.92;10.27;32.8;0.35;0.35;NA;NA;NA;
20;5;0.03;ND;7.29;NA;1.74;4.68;31.23;0.22;0.52;NA;NA;NA;
20;6;0.35;ND;9.04;NA;2.81;7.79;28.54;0.42;1.41;NA;NA;NA;
20;7;5.57;ND;24.12;NA;13.02;20.4;32;5.81;4.49;NA;NA;NA;
20;8;19.97;ND;31.48;NA;32.8;35.6;36.46;19.61;16.13;NA;NA;NA;
20;9;39.26;ND;42.75;NA;47.12;46.79;42.33;39.79;39.42;NA;NA;NA;
20;10;47.68;ND;52.53;NA;57.53;58.28;48.64;56.85;56.13;NA;NA;NA;
20;11;57.3;ND;60.91;NA;67.65;65.06;58.82;76.06;68.16;NA;NA;NA;
20;12;61.52;68.34;66.62;NA;72.63;69.76;69.6;61.36;70.54;NA;NA;NA;
20;13;42.56;57.96;57.68;NA;60.39;61.32;72.93;57.59;59.87;NA;NA;NA;
20;14;40.82;54.26;52.48;NA;41.59;64.35;56.97;58.1;55.65;NA;NA;NA;
20;15;40.09;50.45;52.51;NA;39.34;54.78;49.11;52.95;63.5;NA;NA;NA;
20;16;38.97;44.35;48.05;NA;33.32;42.85;32.31;48.99;56.27;NA;NA;NA;
20;17;33.13;39.21;31.12;NA;24.88;27.05;23.83;41.26;47.09;NA;NA;NA;
20;18;25.43;30.06;16.32;NA;14.26;9.1;13.22;32.04;17.37;NA;NA;NA;
20;19;10.52;24.75;6.13;NA;2.58;3.61;18.24;22.76;19.94;NA;NA;NA;
20;20;2.33;20.39;1.1;NA;1.87;1.92;17.85;23.07;15.31;NA;NA;NA;
20;21;2.35;6.51;0.8;NA;1.96;1.84;32.45;10.79;9.54;NA;NA;NA;
20;22;3.28;1.98;1.19;NA;3.24;2.74;34.46;2.73;2.31;NA;NA;NA;
20;23;0.11;1.28;3.96;NA;12.99;12.66;36.45;5.88;0.42;NA;NA;NA;
21;0;0.14;1.55;0.86;NA;10.19;6.08;37.84;4.97;0.13;NA;NA;NA;
21;1;0.41;0.54;0.77;NA;2.71;1.94;36.72;8.47;ND;NA;NA;NA;
21;2;1.51;ND;ND;NA;ND;1.56;39.14;10.84;0.02;NA;NA;NA;
21;3;6.83;1.93;0.66;NA;2.5;1.46;38.24;11.96;0;NA;NA;NA;
21;4;1.83;4.48;1.35;NA;3.76;14.54;38.77;1.72;0.17;NA;NA;NA;
21;5;0.25;2.94;3.89;NA;3.2;1.15;35.02;0.43;0.06;NA;NA;NA;
21;6;0.64;3.96;3.53;NA;5.11;2.03;32.29;1.86;1.78;NA;NA;NA;
21;7;11.22;9.54;17.17;NA;16.73;12.28;37.2;9.09;6.29;NA;NA;NA;
21;8;27.7;29.71;24.03;NA;27.18;23.15;45.96;18.38;16.33;NA;NA;NA;
21;9;40.97;50.55;41.01;NA;49.5;49.54;55.18;32.32;36.55;NA;NA;NA;
21;10;49.8;61.77;49.61;NA;57.1;56.16;58.78;54.62;56.13;NA;NA;NA;
21;11;50.42;60.95;53.59;NA;59.89;60.09;60.4;57.75;52.76;NA;NA;NA;
21;12;57.13;72.8;51.54;NA;55.92;57.62;54.7;48.13;51.63;NA;NA;NA;
21;13;42.2;49.38;44.97;NA;54.72;51.94;57.15;44.56;47.97;NA;NA;NA;
21;14;33.75;47.07;42.94;NA;49.4;52.22;48.49;42.26;43.47;NA;NA;NA;
21;15;34.98;44.01;45.85;NA;43.39;49.66;44.65;47.76;41.62;NA;NA;NA;
21;16;33.73;41.77;39.61;NA;40.17;44.62;42.6;45.53;42.9;NA;NA;NA;
21;17;31.97;37.77;32.21;NA;37.21;41.6;40.35;41.67;36.36;NA;NA;NA;
21;18;16.96;27.78;18.18;NA;25.94;27.34;30.56;33.44;31.72;NA;NA;NA;
21;19;10.7;20.3;2.54;NA;18.58;9.14;30.28;17.67;25.46;NA;NA;NA;
21;20;3.79;17.92;6.07;NA;13.27;1.62;28.7;16.47;20.71;NA;NA;NA;
21;21;0.78;9.3;2.15;NA;3.61;5.05;29.74;15.49;11.47;NA;NA;NA;
21;22;10.26;15.91;3.37;NA;4.62;7.23;35.81;11.55;9.82;NA;NA;NA;
21;23;22.71;26.61;8.57;NA;27.56;20.1;45.27;3.14;0.42;NA;NA;NA;
22;0;21.56;28.73;19.53;NA;36.18;32.45;48.48;ND;0.35;NA;NA;NA;
22;1;23.95;26.24;41.82;NA;41.19;40.78;ND;4.14;1.7;NA;NA;NA;
22;2;ND;23.49;47.57;NA;41.57;ND;48.99;2.67;5.58;NA;NA;NA;
22;3;7.73;30.53;37.51;NA;38.52;34.79;51.35;1.87;4.2;NA;NA;NA;
22;4;13.46;21.37;22.62;NA;36.57;33.76;51.22;0.68;3.3;NA;NA;NA;
22;5;13.8;8.47;11.03;NA;21.98;17.25;46.5;0.1;2.75;NA;NA;NA;
22;6;7.37;3.19;19.47;NA;2.52;17.51;45.65;0.53;1.44;NA;NA;NA;
22;7;6.15;10.28;33.15;NA;10.7;24.84;48.18;4.74;7.25;NA;NA;NA;
22;8;26.23;41.22;45.37;NA;31.43;39;54.74;15.58;18.79;NA;NA;NA;
22;9;43.53;53.06;45.15;NA;57.72;54.45;63.03;24.52;18.69;NA;NA;NA;
22;10;49.71;58.6;ND;NA;55.13;54.43;66.02;52.4;36.96;NA;NA;NA;
22;11;48.53;56.44;ND;NA;62.13;ND;62.54;61.64;50.76;NA;NA;NA;
22;12;48.58;56.88;ND;NA;57.47;ND;59.16;51.48;51.76;NA;NA;NA;
22;13;44.57;51.7;36.36;NA;52.41;38.47;53.86;50.14;52.84;NA;NA;NA;
22;14;39.39;51.27;35.86;NA;46.84;38.68;56.01;52.15;51.81;NA;NA;NA;
22;15;42.13;50.25;ND;NA;48.66;ND;50.98;51.64;51.5;NA;NA;NA;
22;16;39.06;43.77;30.95;NA;47.66;46.04;48.66;46.73;46.68;NA;NA;NA;
22;17;32.66;38.25;27.85;NA;36.51;34.5;45.49;40.05;43.24;NA;NA;NA;
22;18;25.06;27.12;21.44;NA;20.65;17.04;38.3;31.16;39.29;NA;NA;NA;
22;19;13.07;20.37;1.93;NA;4.85;3.42;25.21;24.1;19.22;NA;NA;NA;
22;20;4.98;18.26;1.95;NA;2.84;1.37;11.77;25.03;14.45;NA;NA;NA;
22;21;10.09;10.21;13.44;NA;3.22;3.08;23.24;14.63;11.4;NA;NA;NA;
22;22;ND;3.94;6.64;NA;1.94;21.35;36.87;7.99;1.71;NA;NA;NA;
22;23;ND;22.28;22.68;NA;1.21;12.49;43.39;3.18;0.06;NA;NA;NA;
23;0;27.26;25.2;6.77;NA;1.47;21.47;43.54;2.91;0.08;NA;NA;NA;
23;1;28.86;23.28;9.25;NA;13.45;19.46;43.46;8.71;ND;NA;NA;NA;
23;2;28.68;ND;ND;NA;ND;23.61;42.29;2.77;0.72;NA;NA;NA;
23;3;20.62;6.22;6.06;NA;22.87;30.29;41.31;1.14;0.8;NA;NA;NA;
23;4;10.21;3.66;2.52;NA;19.96;31.31;40.14;0.19;0.29;NA;NA;NA;
23;5;2.68;1.33;0.8;NA;7.02;28.41;38.68;0;0.41;NA;NA;NA;
23;6;3.24;4.32;1.55;NA;2.39;17.31;35.33;0.47;0.8;NA;NA;NA;
23;7;11.04;14.86;12.98;NA;10.07;21.62;37.4;4.08;4.32;NA;NA;NA;
23;8;29.03;38.73;35.01;NA;37.12;43.89;43.59;17.62;13.27;NA;NA;NA;
23;9;44.87;52.88;ND;NA;58.73;54.27;57.77;42.05;44.86;NA;NA;NA;
23;10;48.34;66.15;ND;NA;60.65;57.8;64.33;58.78;59.93;NA;NA;NA;
23;11;53.38;60.04;53.29;NA;59.03;59.06;64.1;59.43;53.74;NA;NA;NA;
23;12;51.01;63.67;49.21;NA;56.5;59.59;59.03;57.99;54.89;NA;NA;NA;
23;13;ND;67.69;47.72;NA;61.79;58.79;57.74;ND;55.82;NA;NA;NA;
23;14;ND;60.98;50.34;NA;63.32;60.62;57.46;ND;56.85;NA;NA;NA;
23;15;ND;52.45;45.98;NA;61.8;58.35;52.93;43.43;54.01;NA;NA;NA;
23;16;34.13;47;36.06;NA;49.24;45.84;49.53;43.24;44.66;NA;NA;NA;
23;17;38.4;44.78;21.62;NA;28.97;31.52;42.88;43.49;43.6;NA;NA;NA;
23;18;30.88;40.95;20.51;NA;29.58;29.59;45.56;44.25;33.42;NA;NA;NA;
23;19;30.78;38.43;17.81;NA;23.11;28.67;39.39;31.63;31.46;NA;NA;NA;
23;20;19.7;32.94;16.24;NA;19.39;27.99;37.45;17.86;14.85;NA;NA;NA;
23;21;20.35;34.55;9.54;NA;25.07;20.06;43.84;3.63;3.85;NA;NA;NA;
23;22;19.04;28.1;19.22;NA;10.76;21.67;45.05;3.04;0.65;NA;NA;NA;
23;23;24.45;30.99;21.51;NA;10.75;33.56;44.39;1.87;0.74;NA;NA;NA;
24;0;17.44;35.22;35.59;NA;20.51;34.83;46.26;ND;1.29;NA;NA;NA;
24;1;10.66;31.34;40.64;NA;20.17;33.94;ND;4.08;1.01;NA;NA;NA;
24;2;ND;33.46;45.44;NA;37.05;ND;47.06;0.82;0.36;NA;NA;NA;
24;3;23.83;27.6;43.64;NA;38.04;40.03;45.84;6.56;1.52;NA;NA;NA;
24;4;11.97;19.92;38.88;NA;29.22;35.68;43.87;5.4;0.46;NA;NA;NA;
24;5;2.64;2.69;35.21;NA;11.06;25.44;41.27;1.35;0.23;NA;NA;NA;
24;6;1.72;3.46;24.97;NA;3.7;14.99;37.71;3.72;1.72;NA;NA;NA;
24;7;11;14.79;25.07;NA;18.75;24.02;39.08;9.81;8.77;NA;NA;NA;
24;8;18.94;30.56;30.9;NA;37.7;34.46;42.58;15.94;23.71;NA;NA;NA;
24;9;35.03;43.06;38.61;NA;47.47;49.69;45.56;36.07;26.16;NA;NA;NA;
24;10;40.92;56.68;42.58;NA;53.49;56.28;50.87;56.55;51.59;NA;NA;NA;
24;11;46.24;63.57;53.86;NA;62.42;60.87;56.13;57.87;56.21;NA;NA;NA;
24;12;46.09;62.23;43.63;NA;59.27;56.97;49.85;44.4;55.19;NA;NA;NA;
24;13;46.43;52.93;44.19;NA;51.09;49.62;51.62;43.04;ND;NA;NA;NA;
24;14;41.6;52.37;40.84;NA;49.39;47.59;48.47;42.78;ND;NA;NA;NA;
24;15;35.49;45.72;36.17;NA;47.23;42.29;45.29;43.36;20.05;NA;NA;NA;
24;16;32.63;42.55;31.78;NA;43.61;40.13;41.73;41.84;19.86;NA;NA;NA;
24;17;29.61;39.88;24.6;NA;37.1;34.62;40.53;40.26;25.03;NA;NA;NA;
24;18;23.37;31.49;21.75;NA;27.08;32.48;30.06;37.4;16.32;NA;NA;NA;
24;19;20.26;ND;25.57;NA;24.78;29.97;29.42;40.11;18.04;NA;NA;NA;
24;20;9.95;26.2;26.03;NA;21.08;30.13;32.27;36.91;2.5;NA;NA;NA;
24;21;19.1;29.73;27;NA;10.02;14.86;34.73;35.04;0.38;NA;NA;NA;
24;22;21.12;35.27;25.66;NA;17.9;23.55;35.78;26.96;ND;NA;NA;NA;
24;23;17.2;38.98;28.33;NA;15.9;32.97;41.23;9.22;ND;NA;NA;NA;
25;0;21.55;37.98;36.31;NA;28.89;32.22;40.88;6.35;0.15;NA;NA;NA;
25;1;26.88;34.1;35.65;NA;23.13;34.67;40.79;1.43;ND;NA;NA;NA;
25;2;28.19;ND;ND;NA;ND;33.1;39.98;3.75;0.48;NA;NA;NA;
25;3;7.33;28.89;37.41;NA;21.62;23.51;38.95;0.48;0.71;NA;NA;NA;
25;4;18.04;31.56;27.27;NA;18.45;23.49;36.97;0.62;0.99;NA;NA;NA;
25;5;11.83;5.18;27.11;NA;4.21;8.6;33.54;0.42;0.1;NA;NA;NA;
25;6;14.64;3.18;15.59;NA;2.97;2.79;32.35;0.87;0.45;NA;NA;NA;
25;7;20.05;11.81;18.34;NA;6.35;20.27;39.02;11.89;0.65;NA;NA;NA;
25;8;32.82;36.04;34.65;NA;32.65;40.45;44.14;34.24;0.74;NA;NA;NA;
25;9;38.1;50.7;38.48;NA;49.3;49.71;43.67;44;7.29;NA;NA;NA;
25;10;42.88;ND;40.5;NA;52.12;49.21;49.59;43.96;17.04;NA;NA;NA;
25;11;41.33;ND;36.87;NA;48.77;44.46;49.82;42.58;19.6;NA;NA;NA;
25;12;41.17;ND;38.18;NA;44.8;40.53;49.39;40.02;23.29;NA;NA;NA;
25;13;38.65;46.65;35;NA;44.43;40.4;ND;39.63;18.96;NA;NA;NA;
25;14;32.63;40.4;29.46;NA;38.35;34.98;ND;25.74;12.13;NA;NA;NA;
25;15;18.65;21.53;20.63;NA;18.96;21.7;22.49;18.58;3.34;NA;NA;NA;
25;16;17.54;22.78;16.53;NA;20.87;20.26;21.05;19.97;4.56;NA;NA;NA;
25;17;14.3;28.16;13.57;NA;19.17;21.31;21.48;19.51;6.4;NA;NA;NA;
25;18;7.18;20.86;11.83;NA;15.47;18.69;20.2;22.82;3.67;NA;NA;NA;
25;19;8.14;14.75;9.79;NA;15.49;21.01;17.18;21.99;1.6;NA;NA;NA;
25;20;3.28;9.38;2.55;NA;11.34;4.63;14.37;12.5;1.26;NA;NA;NA;
25;21;7.98;6.59;2.35;NA;12.73;2.61;17.23;1.46;0.14;NA;NA;NA;
25;22;ND;4.15;6.75;NA;11.73;5.87;17.31;2.26;0.02;NA;NA;NA;
25;23;ND;13.89;6.64;NA;18.15;9.86;17.84;9.49;0.23;NA;NA;NA;
26;0;9.73;24.75;10.88;NA;13.59;10.03;17.66;ND;0.08;NA;NA;NA;
26;1;19.61;24.24;22.85;NA;12.17;13.82;ND;23.85;0.01;NA;NA;NA;
26;2;ND;30.16;32.9;NA;18.43;ND;29.31;27.01;0;NA;NA;NA;
26;3;41.79;34.82;40.13;NA;33.52;27.37;35.4;40.27;3.62;NA;NA;NA;
26;4;45;38.84;43.59;NA;33.51;32.59;43.76;16.53;6.46;NA;NA;NA;
26;5;44.04;35.66;47.24;NA;34.43;32.58;49.02;20.77;6.7;NA;NA;NA;
26;6;35.29;24.21;42.73;NA;28.42;29.2;46.7;18.23;3.93;NA;NA;NA;
26;7;38.13;34.16;39.58;NA;37.36;35.13;49.23;25.28;1.1;NA;NA;NA;
26;8;44.66;41.05;43.77;NA;46.61;48.38;52.13;38.34;11.24;NA;NA;NA;
26;9;ND;55.93;48.21;NA;52.85;51.45;56.19;44.82;18.35;NA;NA;NA;
26;10;ND;60.35;52.96;NA;63.59;64.42;60.37;57.4;27.76;NA;NA;NA;
26;11;ND;63.4;47.69;NA;64.63;62.85;56.26;56.67;35.76;NA;NA;NA;
26;12;ND;65.84;46.94;NA;58.35;56.37;57.82;53.37;28.55;NA;NA;NA;
26;13;ND;57.92;46.51;NA;56.98;55.6;55.45;51.01;34.63;NA;NA;NA;
26;14;46.88;58.39;43.73;NA;52.17;54.88;52.6;47.9;25.78;NA;NA;NA;
26;15;38.97;52.88;39.04;NA;48.36;49.05;49.96;47.47;19.68;NA;NA;NA;
26;16;38.05;45.88;39.68;NA;51.6;47.97;50.93;49.35;25.49;NA;NA;NA;
26;17;32.75;38.72;33.5;NA;50.16;43.26;45.2;44.26;22.76;NA;NA;NA;
26;18;27.17;29.21;24.63;NA;36.02;27.45;40.34;42.37;13.42;NA;NA;NA;
26;19;17.06;31.67;15.02;NA;38.64;25.41;35.6;43.81;8.25;NA;NA;NA;
26;20;11.1;25.86;18.19;NA;32.4;25.87;38.25;38.3;8.97;NA;NA;NA;
26;21;17.86;23.5;15.49;NA;31.89;19.73;42.08;40.05;8.82;NA;NA;NA;
26;22;27.77;19.68;33.64;NA;40.82;25.28;42.76;30.15;7.55;NA;NA;NA;
26;23;35.14;28.42;36.27;NA;41.35;30.13;40.26;35.12;14.24;NA;NA;NA;
27;0;38.23;26.08;40.53;NA;45.36;36.84;44.55;20.69;7.73;NA;NA;NA;
27;1;38.82;37.28;42.65;NA;41.79;37.86;44.48;23.87;ND;NA;NA;NA;
27;2;35.55;ND;ND;NA;ND;40.14;45.46;21.74;10.22;NA;NA;NA;
27;3;39.11;37.18;44.29;NA;45.39;39.73;45.71;13.82;17.72;NA;NA;NA;
27;4;31.18;30.9;46.02;NA;38.77;40.82;47.95;3.67;17.08;NA;NA;NA;
27;5;32.89;21.42;45;NA;29.45;35.59;45.61;7.74;11.05;NA;NA;NA;
27;6;32.35;16.35;43.22;NA;20.88;32.05;43.92;4.85;4.56;NA;NA;NA;
27;7;34.43;35.4;42.29;NA;41.86;37.45;44.56;21.95;2.62;NA;NA;NA;
27;8;37.62;42.32;42.13;NA;47.69;42.23;46.27;42.82;13.07;NA;NA;NA;
27;9;40.78;49.52;44.43;NA;51.73;46.6;49.42;50.41;22.45;NA;NA;NA;
27;10;45.06;51.28;51.31;NA;55.5;54.39;52.71;52.62;25.32;NA;NA;NA;
27;11;42.84;50.22;47.37;NA;60.15;56.75;49.33;50.24;25.17;NA;NA;NA;
27;12;37.2;45.34;42.15;NA;54.26;50.4;46.89;45.94;28.02;NA;NA;NA;
27;13;35.6;43.08;43.52;NA;49.68;49.33;45.07;46.35;25.79;NA;NA;NA;
27;14;36.83;46.31;44.89;NA;51.08;51.74;47.2;49.85;26.83;NA;NA;NA;
27;15;36.52;45.23;44.9;NA;50.41;49.45;47.02;47.54;25.99;NA;NA;NA;
27;16;34.53;45;42.93;NA;46.96;45.92;45.59;48.81;24.4;NA;NA;NA;
27;17;34.47;45.69;39.08;NA;42.11;42.29;47.59;48.91;23.74;NA;NA;NA;
27;18;26.73;40.41;32.54;NA;44.75;34.93;44.47;45.88;18.99;NA;NA;NA;
27;19;22.18;33.35;29.83;NA;48.29;34.97;36.48;44.46;20.57;NA;NA;NA;
27;20;24.41;31.87;21.37;NA;48.56;33.52;37.83;38.85;15.8;NA;NA;NA;
27;21;25.67;23.31;28.14;NA;49.06;33.73;47.46;47.87;11.23;NA;NA;NA;
27;22;23.38;26.66;25.3;NA;43.75;35.42;46.48;21.44;2.93;NA;NA;NA;
27;23;21.46;29.87;38.51;NA;46.15;40.49;49.16;8.85;0.42;NA;NA;NA;
28;0;33.56;15.07;46.81;NA;10.73;35.06;50.49;ND;0.87;NA;NA;NA;
28;1;42.39;26.96;49.9;NA;37.14;40.44;ND;20.88;0.88;NA;NA;NA;
28;2;ND;27.79;51.39;NA;49.72;ND;52.1;18.97;2.65;NA;NA;NA;
28;3;46.26;38.05;52.64;NA;45.86;48.19;51.83;21.41;4.53;NA;NA;NA;
28;4;46.92;44.13;54.01;NA;41.36;50.1;53.91;16.54;8.39;NA;NA;NA;
28;5;49;33.8;52.24;NA;40.8;47.29;55.96;18.25;15.17;NA;NA;NA;
28;6;47.92;27.52;48.15;NA;26.73;47.33;55.26;17.59;18.69;NA;NA;NA;
28;7;51.52;35.47;55.19;NA;36.09;51.64;56.55;39.39;21.32;NA;NA;NA;
28;8;55.12;58.88;58.1;NA;48.81;57.35;59.6;61.2;31.98;NA;NA;NA;
28;9;56.85;64.51;64.31;NA;64.04;68.74;66.12;68.43;34.52;NA;NA;NA;
28;10;55.92;64.81;61.76;NA;72.01;71.99;66.29;67.48;39.67;NA;NA;NA;
28;11;55.03;62.65;62.53;NA;67.58;70.01;66.09;64.74;41.68;NA;NA;NA;
28;12;52;59.92;59.18;NA;66.62;66.27;61.7;59.89;37.31;NA;NA;NA;
28;13;49.95;57.41;54.82;NA;63.57;63.19;55.51;56.79;35.18;NA;NA;NA;
28;14;47.18;54.37;51.4;NA;57.55;57.54;52.12;52.46;26.8;NA;NA;NA;
28;15;45.25;52.65;50.25;NA;58.54;55.83;53.95;53.07;34.28;NA;NA;NA;
28;16;44.95;52.72;52.06;NA;54.78;55.75;51.92;52.87;32.2;NA;NA;NA;
28;17;41.21;50.8;48.87;NA;50.69;52.73;47.66;51.77;25.81;NA;NA;NA;
28;18;31.43;43.46;39.78;NA;43.07;40.34;43.66;48.54;14.39;NA;NA;NA;
28;19;33.3;39.23;34.88;NA;38.55;27.27;44.89;46.65;7.79;NA;NA;NA;
28;20;31.18;38.33;32.56;NA;42.67;25.42;44.64;46.13;4.75;NA;NA;NA;
28;21;29.51;38.05;29.44;NA;44.55;30.22;43.9;40.35;4.18;NA;NA;NA;
28;22;33.65;38.51;36.56;NA;19.49;ND;39.22;44.61;0.68;NA;NA;NA;
28;23;33.75;33;37.42;NA;17.09;ND;37.11;40.3;0.03;NA;NA;NA;
29;0;30.4;36.22;34.25;NA;22.94;26.26;36.63;36.26;1.39;NA;NA;NA;
29;1;32.24;33.62;35.11;NA;24.04;29.22;37.91;21.97;ND;NA;NA;NA;
29;2;30.42;ND;ND;NA;ND;32.64;37.79;18.65;8.8;NA;NA;NA;
29;3;22.52;28.37;33.08;NA;25.75;31.69;38.45;17.45;6.67;NA;NA;NA;
29;4;15.86;25.06;32.75;NA;24.33;28.92;39.21;19.8;5.54;NA;NA;NA;
29;5;24.15;4.28;27.88;NA;2.65;15.58;36.53;12.05;2.65;NA;NA;NA;
29;6;16.52;3.33;20.43;NA;1.9;8.57;31.35;4.5;0.14;NA;NA;NA;
29;7;18.06;9.32;21.1;NA;7.1;7.9;30;6.85;0.13;NA;NA;NA;
29;8;25.49;27.57;23.43;NA;25.63;25.9;36.83;22.58;0.39;NA;NA;NA;
29;9;31.59;36.84;30.23;NA;34.57;36.08;39.79;38;5.06;NA;NA;NA;
29;10;33.47;39.45;35.03;NA;40.92;39.9;39.28;38.48;13.74;NA;NA;NA;
29;11;33.96;39.68;35.02;NA;42.36;42;40.33;ND;22.32;NA;NA;NA;
29;12;36.83;42.91;38.51;NA;45.73;46.23;42.26;ND;27.92;NA;NA;NA;
29;13;38.37;44.49;39.45;NA;47.9;47.96;43.75;42.96;30.59;NA;NA;NA;
29;14;37.88;43.06;38.91;NA;45.31;46.07;45.55;43.54;27.41;NA;NA;NA;
29;15;36.06;42.76;35.71;NA;43.94;46.32;45.74;43.11;26.77;NA;NA;NA;
29;16;37.09;42.16;36.85;NA;44.07;45.27;43.83;44.36;24.81;NA;NA;NA;
29;17;34.69;41.35;30.34;NA;38.23;41.03;41.88;47.6;26.72;NA;NA;NA;
29;18;30.54;40.54;27.37;NA;33.83;36.67;41.3;50.1;17.05;NA;NA;NA;
29;19;30.43;38.42;31.28;NA;31.5;31.26;32.94;49.13;4.08;NA;NA;NA;
29;20;28.46;30.19;33.79;NA;20.68;30.12;35.87;44.71;0.25;NA;NA;NA;
29;21;26.23;25.72;34.59;NA;20.9;33.54;37.85;38.97;1.93;NA;NA;NA;
29;22;31.88;29.75;39.81;NA;37.75;41.48;43.03;44.46;1.05;NA;NA;NA;
29;23;31.57;31.56;43.46;NA;45.96;47.93;41.13;48.09;0.59;NA;NA;NA;
30;0;27.52;33.84;46.36;NA;47.92;46.73;43.31;ND;0.71;NA;NA;NA;
30;1;25.07;32.05;40.68;NA;37.41;36.6;ND;26.68;0.92;NA;NA;NA;
30;2;ND;33.45;41.84;NA;27.64;ND;40.35;19.6;2.6;NA;NA;NA;
30;3;17.5;25.03;36.92;NA;19.39;21.2;39.71;8.95;3.21;NA;NA;NA;
30;4;6.36;17.49;26.4;NA;14.93;19.59;43.31;9.1;1.42;NA;NA;NA;
30;5;14.03;9.99;28.3;NA;10.53;21.91;43.06;4.61;1.09;NA;NA;NA;
30;6;21.58;4.07;18.8;NA;4.34;21.39;29.36;12.07;0.1;NA;NA;NA;
30;7;20.45;18.63;34.09;NA;14.12;15.7;48.4;10.75;0.33;NA;NA;NA;
30;8;37.83;43.19;40.66;NA;52.4;50.44;53.82;31.37;1.06;NA;NA;NA;
30;9;46.3;55.49;48.01;NA;62.58;61.55;59.58;54.3;4.49;NA;NA;NA;
30;10;47.89;56.5;52.47;NA;62.08;58.65;61.03;53.06;21.46;NA;NA;NA;
30;11;45.97;54.56;46.59;NA;61.04;58.78;59.38;51.63;32.17;NA;NA;NA;
30;12;44.05;51.99;45.72;NA;57.12;57.27;56.02;49.85;32.12;NA;NA;NA;
30;13;43.34;50.84;42.2;NA;ND;ND;55;48.11;31.46;NA;NA;NA;
30;14;38.66;45.27;39.31;NA;ND;ND;44.56;43.87;27.45;NA;NA;NA;
30;15;36.05;42.77;37.35;NA;43.38;43.74;43.4;43.07;29.68;NA;NA;NA;
30;16;33.52;38.4;35.58;NA;ND;39.31;43.31;43.75;25.97;NA;NA;NA;
30;17;26.67;35.72;27.37;NA;34.15;37.32;37.93;41.54;17.39;NA;NA;NA;
30;18;18.82;27.12;18.05;NA;26.06;33.52;33.96;32.06;9.58;NA;NA;NA;
30;19;5.1;20.12;19.88;NA;16.11;22.09;32.14;24.3;4.3;NA;NA;NA;
30;20;8.46;21.47;15.06;NA;16.15;19.44;25.44;19.82;3.96;NA;NA;NA;
30;21;7.79;19.68;19.75;NA;22.65;14.86;36.22;23.5;6.93;NA;NA;NA;
30;22;4.97;18.25;13.32;NA;ND;9.8;39.13;26.43;6.8;NA;NA;NA;
30;23;7.29;19.21;5.87;NA;ND;13.82;37.96;25.66;2.07;NA;NA;NA;
31;0;20.56;26.65;20.39;NA;6.41;5.01;34.36;25.47;6.93;NA;NA;NA;
31;1;21.77;27.25;26.36;NA;8.16;3.63;24.16;21.89;ND;NA;NA;NA;
31;2;20.25;ND;ND;NA;13.82;ND;16.41;22.32;8.24;NA;NA;NA;
31;3;12.78;20.75;17.44;NA;17.19;18.51;6.79;27.05;6.07;NA;NA;NA;
31;4;6.47;10.01;15.41;NA;19.76;16.89;9.67;26.13;7.8;NA;NA;NA;
31;5;4.7;6.64;9.54;NA;10.01;9.97;1.37;20.99;5.01;NA;NA;NA;
31;6;2.59;4.38;5.61;NA;4.87;1.76;1.45;14.87;3.36;NA;NA;NA;
31;7;4.07;13.64;6.63;NA;5.11;3.42;11.57;13.28;2.97;NA;NA;NA;
31;8;13.67;20.28;5.08;NA;11.13;6.34;29.91;22.61;4.99;NA;NA;NA;
31;9;29.35;35.82;17.63;NA;21.79;18.47;38.82;31.77;7.25;NA;NA;NA;
31;10;36.72;43.94;34.81;NA;42.49;41.39;49.51;36.38;21.49;NA;NA;NA;
31;11;38.25;50.04;36.87;NA;45.23;46.18;51.81;44.32;43.53;NA;NA;NA;
31;12;38.65;51.04;39.3;NA;46.55;46.75;48.8;47.91;48.62;NA;NA;NA;
31;13;42.22;51.45;46.23;NA;52.02;52.76;53.75;50.68;ND;NA;NA;NA;
31;14;38.87;43.89;43.63;NA;51.86;46.13;54.03;47.2;51.73;NA;NA;NA;
31;15;34.86;43.29;ND;NA;46.99;42.61;54.37;43.48;47.26;NA;NA;NA;
31;16;34.19;42.49;37.66;NA;37.9;40.28;44.82;40.62;42.08;NA;NA;NA;
31;17;30.76;38.36;33.22;NA;29.49;34.06;32.33;42.5;36.25;NA;NA;NA;
31;18;25.43;30.17;21.14;NA;18.54;17.93;21.92;31.76;35.35;NA;NA;NA;
31;19;24.48;24.06;12.91;NA;11.85;6.11;16.2;29.83;24.69;NA;NA;NA;
31;20;21.43;23.59;11.69;NA;10.53;2.71;12.46;32.61;20.49;NA;NA;NA;
31;21;16.77;25.75;9.12;NA;5.62;3.91;9.14;32.17;23.35;NA;NA;NA;
31;22;7.64;23.91;4.46;NA;4.34;1.71;2.95;30.77;10.38;NA;NA;NA;
31;23;5.22;12.7;2.63;NA;3.39;1.15;5.64;30.82;13.57;NA;NA;NA;
