DIA;HORA;Cotocollao;Carapungo;Belisario;Jipijapa;El Camal;Centro;Guamaní;Tumbaco;Los Chillos;El Condado;Turubamba;Chillogallo;
1;0;26.13;28.28;18.03;NA;5.32;6.46;16.02;25.1;35.72;NA;NA;NA;
1;1;25.73;26.89;11.42;NA;6.13;6.83;13.99;26.4;ND;NA;NA;NA;
1;2;27.84;ND;ND;NA;ND;ND;20.02;25.16;29.4;NA;NA;NA;
1;3;24.04;27.22;15.15;NA;6.48;11.04;20.97;23.04;24.69;NA;NA;NA;
1;4;23.16;23.4;13.52;NA;17.56;8.43;20.68;21.97;28.38;NA;NA;NA;
1;5;17.27;9.51;15.7;NA;10.45;14.5;19.97;12.85;26.96;NA;NA;NA;
1;6;10.82;7.42;7.66;NA;3.5;5.46;18.37;3.26;8.46;NA;NA;NA;
1;7;10.51;14.4;9.04;NA;7.05;9.45;22.58;10.57;6.76;NA;NA;NA;
1;8;19.75;21.65;17.09;NA;22.51;21.97;26.82;21.51;11.52;NA;NA;NA;
1;9;30.39;29.67;22.18;NA;34.27;38.44;33.46;29.86;15.85;NA;NA;NA;
1;10;41.45;43.12;32.47;NA;35.93;32.29;40.75;46.79;24.5;NA;NA;NA;
1;11;55.45;54.12;40.7;NA;48.25;45.13;43.29;65.43;70.06;NA;NA;NA;
1;12;51.78;52.19;40.91;NA;53.45;55.86;46.43;76.15;72.96;NA;NA;NA;
1;13;44.17;44.83;51.34;NA;39.56;45.91;44.36;62.13;63.71;NA;NA;NA;
1;14;37.99;40.71;38.59;NA;28.87;32.01;35.8;45.53;52.12;NA;NA;NA;
1;15;40.53;41.78;18.74;NA;27.59;22.95;23.56;31.22;27.96;NA;NA;NA;
1;16;27.28;30.96;17.96;NA;24.37;18.51;17.06;20.89;27.39;NA;NA;NA;
1;17;28.46;22.64;11.86;NA;20.31;9.95;13.18;7.68;13.13;NA;NA;NA;
1;18;19.02;23.14;8.25;NA;4.92;2.43;8.78;23.39;3.29;NA;NA;NA;
1;19;23.45;22.13;4.64;NA;3.88;0.51;4.68;21.86;0.21;NA;NA;NA;
1;20;13.76;23.71;4.19;NA;3.76;2.01;8.81;22.97;13.93;NA;NA;NA;
1;21;15.29;22.18;4.76;NA;4.46;4.26;14.21;22.71;20.36;NA;NA;NA;
1;22;19.87;27.09;10.99;NA;8.41;7.73;14.59;27.48;19.21;NA;NA;NA;
1;23;27.73;25.9;11.67;NA;20.26;14.07;16.5;23.07;26.1;NA;NA;NA;
2;0;39.03;29.4;20.14;NA;24.17;18.94;25.28;ND;23.13;NA;NA;NA;
2;1;40.47;38.41;22.32;NA;27.68;26.21;ND;17.72;27.58;NA;NA;NA;
2;2;ND;35.29;24.5;NA;34.99;27.53;34.58;13.77;30.42;NA;NA;NA;
2;3;33.27;26.16;25.49;NA;33.13;24.71;30.62;11.16;21.57;NA;NA;NA;
2;4;23.04;25.94;20.98;NA;24.17;21.79;24.78;8.12;20.41;NA;NA;NA;
2;5;18.33;4.97;12.67;NA;11.83;9.07;12.2;4.65;10.24;NA;NA;NA;
2;6;6.93;2.77;6.38;NA;2.85;2.42;12.2;1.62;3.94;NA;NA;NA;
2;7;8.97;5.47;12.45;NA;6.51;10.89;21.93;3.43;10.37;NA;NA;NA;
2;8;28.51;18.93;26.63;NA;25.93;32.1;35.03;14.36;36.97;NA;NA;NA;
2;9;38.63;32.38;28.97;NA;41.97;40.93;37.05;33.53;58.52;NA;NA;NA;
2;10;38.39;35.38;27.59;NA;48.56;38.12;40.15;49.79;70.89;NA;NA;NA;
2;11;46.68;44.89;36.3;NA;69.11;42.45;49.83;61.22;79.47;NA;NA;NA;
2;12;63.49;57.21;53.61;NA;48.63;57.29;62.01;63.15;45.94;NA;NA;NA;
2;13;49.35;59.09;42.37;NA;53.07;61.72;62.38;47.52;82.92;NA;NA;NA;
2;14;34.78;44.2;50.9;NA;31.64;45.8;36.84;52.07;81.1;NA;NA;NA;
2;15;36.38;44.42;22.24;NA;33.15;29.39;27.59;42.15;42.61;NA;NA;NA;
2;16;38.57;33.07;13.12;NA;22.48;14.05;13.8;29.56;13.55;NA;NA;NA;
2;17;16.99;19.27;5.73;NA;19.55;5.62;16.62;12.86;2.19;NA;NA;NA;
2;18;12.68;9.19;5.69;NA;3.01;9.05;16.62;3.88;6.29;NA;NA;NA;
2;19;16.65;1.48;4.42;NA;3.62;1.59;3.25;0.36;3.48;NA;NA;NA;
2;20;12.44;6.11;4.57;NA;6.8;1.48;10.27;0.56;1.02;NA;NA;NA;
2;21;14.1;2.84;5.55;NA;3.72;1.96;2.45;0.48;0.74;NA;NA;NA;
2;22;15.04;2.34;5.02;NA;0.77;0.98;23.71;0.34;0.39;NA;NA;NA;
2;23;10.83;0.9;3.75;NA;0.36;1.68;9.67;0.41;0.67;NA;NA;NA;
3;0;7.42;0.81;3.4;NA;0.34;0.82;3.9;0.23;0.12;NA;NA;NA;
3;1;6.8;0.78;2.58;NA;0.43;0.97;2.82;0.2;ND;NA;NA;NA;
3;2;7.03;ND;ND;NA;ND;0.92;16.43;0.29;0.17;NA;NA;NA;
3;3;6.37;0.91;2.75;NA;1.19;0.87;16.68;0.16;0.08;NA;NA;NA;
3;4;5.12;0.8;3.34;NA;2.84;1.23;26.08;0.18;0.05;NA;NA;NA;
3;5;2.62;1.27;5.25;NA;0.78;1.5;24.18;0.41;0.53;NA;NA;NA;
3;6;1.8;1.64;7.89;NA;1.69;2.71;13.04;0.95;0.74;NA;NA;NA;
3;7;2.26;2.26;16.47;NA;2.32;2.64;10.53;1.19;1.67;NA;NA;NA;
3;8;5.61;3.26;13.29;NA;9.88;3.23;11.7;1.76;3.34;NA;NA;NA;
3;9;16.14;12.33;20.68;NA;18.02;11.4;23.69;6.82;13.84;NA;NA;NA;
3;10;33.97;31.08;20.16;NA;33.56;35.28;30.45;19.96;21.45;NA;NA;NA;
3;11;48.05;42.27;24.33;NA;39.26;37.91;36.58;39.29;31.79;NA;NA;NA;
3;12;61.44;50.72;41.44;NA;23.58;38.79;49.05;46.97;44.1;NA;NA;NA;
3;13;56.66;64.12;50.43;NA;49.31;53.46;46.26;45.23;68.83;NA;NA;NA;
3;14;44.27;53.57;30.23;NA;24.24;42.67;29.14;45.51;54.9;NA;NA;NA;
3;15;22.53;37.82;23.63;NA;18.14;24.64;25.91;35.01;31.09;NA;NA;NA;
3;16;16.07;17.32;12.1;NA;7.49;9.51;8.66;10.93;10.55;NA;NA;NA;
3;17;3.63;11.71;7.07;NA;2;2.7;8.51;8.08;2.11;NA;NA;NA;
3;18;5.2;2.37;7.33;NA;1.15;4.06;8.29;1.05;1.79;NA;NA;NA;
3;19;2.52;1.72;6.99;NA;1.05;3.52;14.69;0.62;1.87;NA;NA;NA;
3;20;3.15;4.23;4.02;NA;1;3.43;10.64;0.51;0.4;NA;NA;NA;
3;21;4.1;3.52;3.77;NA;2.13;1.26;3.42;0.5;0.82;NA;NA;NA;
3;22;5.32;1.71;4.14;NA;1.38;1.02;1.96;0.49;1.1;NA;NA;NA;
3;23;4.2;1.11;4.64;NA;0.48;1.31;1.87;0.17;0.59;NA;NA;NA;
4;0;4.72;1.13;3.68;NA;0.48;0.9;1.8;ND;0.77;NA;NA;NA;
4;1;5.08;1.16;2.87;NA;0.82;1.11;ND;0.72;0.52;NA;NA;NA;
4;2;ND;1.11;2.42;NA;0.53;ND;2.1;0.65;0.55;NA;NA;NA;
4;3;4.59;0.84;2.02;NA;0.36;1.69;2.9;0.5;0.62;NA;NA;NA;
4;4;1.84;1.03;2.01;NA;0.65;0.26;4.78;0.32;0;NA;NA;NA;
4;5;2.33;1.41;2.25;NA;0.4;0.11;3.71;0.52;0.18;NA;NA;NA;
4;6;1.97;2.13;6.52;NA;1.84;0.61;6.44;0.98;0.97;NA;NA;NA;
4;7;6.77;5.88;13.89;NA;4.15;6.06;15.47;2.53;5.09;NA;NA;NA;
4;8;25.92;17.57;25.63;NA;18.28;22.18;29.73;6.39;15.44;NA;NA;NA;
4;9;42.77;37.53;39.14;NA;31.88;39.12;42.44;25.61;46.6;NA;NA;NA;
4;10;59.13;54.13;43.77;NA;50.09;50.67;73.09;52.33;47.5;NA;NA;NA;
4;11;60.49;52.83;50.01;NA;50.52;63.3;92.55;67.39;33.06;NA;NA;NA;
4;12;53.48;57.97;57.06;NA;54.6;86.06;86.26;74.3;64.48;NA;NA;NA;
4;13;43.56;55.82;44.2;NA;37.81;61.93;46.2;59.86;77.69;NA;NA;NA;
4;14;37.7;37.99;34.12;NA;30.11;40.37;36.03;41.64;49.29;NA;NA;NA;
4;15;24.86;31.35;22.74;NA;23.74;23.22;32.64;23.23;32.01;NA;NA;NA;
4;16;18.81;23.26;16.3;NA;18.59;15.3;29.46;15.03;40.17;NA;NA;NA;
4;17;26.99;27.06;15.23;NA;14.21;17.38;18.32;31.52;23.67;NA;NA;NA;
4;18;14.32;22.49;10.04;NA;7.02;9.9;20.17;23.54;30.52;NA;NA;NA;
4;19;16.52;18.12;7.85;NA;5.65;13.73;24.18;23.1;26.84;NA;NA;NA;
4;20;15.44;21.67;7.59;NA;6.81;5.35;24.37;18.4;32.79;NA;NA;NA;
4;21;16.21;19.87;4.9;NA;2.75;2.36;25.89;5.42;15.07;NA;NA;NA;
4;22;19.67;21.74;4.82;NA;0.2;6.44;16.6;2.16;ND;NA;NA;NA;
4;23;29.61;29.21;9.48;NA;0.71;6.29;23.78;2.53;ND;NA;NA;NA;
5;0;24.44;21.19;3.97;NA;5.51;7.14;21.43;4.53;12.44;NA;NA;NA;
5;1;21.51;2.79;6.33;NA;14.4;10.94;17.92;2;ND;NA;NA;NA;
5;2;10.05;ND;ND;NA;ND;4.44;22.26;0.21;13.25;NA;NA;NA;
5;3;11.84;2.16;8.67;NA;6.96;10.82;22.82;0.31;8.46;NA;NA;NA;
5;4;13.52;2.46;4.34;NA;8.35;1.06;26.83;0.54;7.73;NA;NA;NA;
5;5;8.01;2.21;2.68;NA;0.37;1.05;25.23;0.34;1.34;NA;NA;NA;
5;6;6.99;1.88;2.95;NA;2.11;1.17;4.43;0.68;0.09;NA;NA;NA;
5;7;8.77;8.18;6.4;NA;4.36;2.86;5.92;7.47;2.56;NA;NA;NA;
5;8;13.05;16.49;9.48;NA;10.73;8.11;16.31;13.2;6.95;NA;NA;NA;
5;9;20.45;16.71;17.25;NA;22.8;20.62;26.44;11.42;8.72;NA;NA;NA;
5;10;28.98;24.75;25.36;NA;39.29;39.67;48.66;20.71;26.27;NA;NA;NA;
5;11;45.1;47.64;39.23;NA;36.04;42.64;69.8;40.75;39.92;NA;NA;NA;
5;12;56.72;54.4;47.19;NA;31.48;42.91;65.82;48.63;16.76;NA;NA;NA;
5;13;53.75;44.06;60.16;NA;54.55;61.06;42.21;49.53;38.85;NA;NA;NA;
5;14;40.17;38.3;37.89;NA;38.45;51.6;37.16;49.82;53.76;NA;NA;NA;
5;15;37.62;40.31;28.42;NA;21.91;22.55;24.27;40.08;31.38;NA;NA;NA;
5;16;24.12;30.53;15.54;NA;19.81;11.78;23.53;31.54;19.83;NA;NA;NA;
5;17;24.21;29.03;13.68;NA;20.39;8.54;20.65;27.37;13.43;NA;NA;NA;
5;18;9.2;25.62;4.57;NA;12.33;4.24;17.01;24.26;21.92;NA;NA;NA;
5;19;13.26;ND;3.16;NA;0.99;1.04;4.71;27.85;34.01;NA;NA;NA;
5;20;4.34;ND;3.65;NA;1.5;2.02;2.64;23.38;23.17;NA;NA;NA;
5;21;5.79;ND;3.63;NA;2.38;0.77;3.77;27.68;12.85;NA;NA;NA;
5;22;13.26;23.56;3.94;NA;5.94;1.55;14.13;22.85;22.46;NA;NA;NA;
5;23;13.93;21.88;8.34;NA;11.14;5.59;27.46;17.21;1.68;NA;NA;NA;
6;0;9.46;ND;9.9;NA;5.51;8.86;28.24;ND;0;NA;NA;NA;
6;1;16.25;20.75;21.91;NA;7.14;5.2;ND;24.22;0.32;NA;NA;NA;
6;2;ND;24.35;23.31;NA;6.11;ND;26.31;22.15;0.78;NA;NA;NA;
6;3;11.35;23.55;9.69;NA;7.1;1.02;16.6;22.79;0.5;NA;NA;NA;
6;4;10.36;22.71;6.04;NA;10.35;3.03;16.5;19.68;11.34;NA;NA;NA;
6;5;9.77;15.98;4.81;NA;1.69;1.15;3.91;17.9;10.95;NA;NA;NA;
6;6;5.86;18.73;8.33;NA;3.76;0.87;3.19;10.86;2.76;NA;NA;NA;
6;7;6.45;15.52;8.05;NA;2.82;0.99;5.56;12.19;5.14;NA;NA;NA;
6;8;16.82;22.65;6.81;NA;8.12;2.67;11.69;23.65;5.35;NA;NA;NA;
6;9;18.36;25.45;9.44;NA;5.39;4.19;18.81;27.3;15.56;NA;NA;NA;
6;10;29.56;32.76;9.47;NA;12.23;7.28;30.55;23.78;25.52;NA;NA;NA;
6;11;26.38;30.62;10.05;NA;13.63;15.09;24.05;28.73;44.4;NA;NA;NA;
6;12;29.9;35.26;17.98;NA;11.69;14.39;28.34;32.29;46.1;NA;NA;NA;
6;13;49.76;41.93;26.95;NA;29.03;30.44;42.22;39.35;58.6;NA;NA;NA;
6;14;64.48;52.5;32.08;NA;48.88;46.3;56.3;22.89;79.74;NA;NA;NA;
6;15;53.55;55.61;22.75;NA;50.38;24.83;52.56;56.72;57.55;NA;NA;NA;
6;16;42.17;50.26;29.38;NA;23.05;14.18;42.4;70.65;59.36;NA;NA;NA;
6;17;28.93;39.26;24.07;NA;17.28;21.1;21.96;49.61;66.02;NA;NA;NA;
6;18;19.78;26.06;9.8;NA;9.86;10.3;5.98;15.62;56.84;NA;NA;NA;
6;19;9.13;19;6.4;NA;3.01;2.18;3.77;15.8;38.79;NA;NA;NA;
6;20;13.39;21.1;4.38;NA;2.36;1.97;5.24;21.08;30.56;NA;NA;NA;
6;21;10.89;17.35;4.18;NA;1.47;1.04;6.54;7.41;20.36;NA;NA;NA;
6;22;6.48;ND;5.94;NA;ND;1.45;8.73;2.31;4.93;NA;NA;NA;
6;23;3.31;ND;3.89;NA;ND;2.17;13.27;1.56;0.12;NA;NA;NA;
7;0;5.15;ND;3.25;NA;ND;1.04;9;3.67;1.42;NA;NA;NA;
7;1;8.07;ND;3.64;NA;0.57;0.81;4.75;0.1;ND;NA;NA;NA;
7;2;6.21;ND;ND;NA;ND;0.99;10.6;0.08;0;NA;NA;NA;
7;3;5.05;ND;2.34;NA;1.47;1.8;11.78;0.07;0.03;NA;NA;NA;
7;4;5.36;ND;3.21;NA;2.39;1.07;4.42;0.34;0;NA;NA;NA;
7;5;2.73;ND;3.6;NA;0.69;1.27;4.45;0.1;0.05;NA;NA;NA;
7;6;2.67;ND;9.5;NA;2.21;2.25;6.67;0.89;1.16;NA;NA;NA;
7;7;3.77;ND;13.53;NA;4.89;5.06;16.43;2.17;2.73;NA;NA;NA;
7;8;8.74;ND;14.83;NA;7.09;8.06;25.38;5.81;4.22;NA;NA;NA;
7;9;17.69;ND;14.77;NA;20.69;20.65;30.95;12.63;6.73;NA;NA;NA;
7;10;31.52;ND;29.98;NA;35.1;43.89;39.91;24.88;17.11;NA;NA;NA;
7;11;42.28;ND;25.01;NA;30.36;37.19;40.31;35.02;39.7;NA;NA;NA;
7;12;21.78;33.82;30.45;NA;44.3;32.62;46.2;41.59;58.81;NA;NA;NA;
7;13;18.41;30.06;22.17;NA;35.71;27.35;33.93;43.71;ND;NA;NA;NA;
7;14;21.45;ND;14.77;NA;17.78;19.9;21.1;45.28;ND;NA;NA;NA;
7;15;30.03;37.37;23.29;NA;31.01;23.98;25.19;43.55;18.51;NA;NA;NA;
7;16;26.69;32.5;15.3;NA;21.76;11.67;17.31;8.92;23.49;NA;NA;NA;
7;17;14.61;27.86;13.93;NA;6.35;14;18.6;3.76;16.6;NA;NA;NA;
7;18;11.04;24.89;7.5;NA;4.1;10.89;4.95;16.26;8.12;NA;NA;NA;
7;19;8.5;5.65;4.74;NA;2.11;0.44;10.74;11.87;7.07;NA;NA;NA;
7;20;3.8;4.07;3.96;NA;0.98;0.51;2.48;9.71;8.19;NA;NA;NA;
7;21;2.33;3.71;5.36;NA;9.33;1.42;14.17;3.79;11.72;NA;NA;NA;
7;22;3.49;4.69;3.19;NA;0.5;0.46;28.86;1.96;13.2;NA;NA;NA;
7;23;3.93;3.24;3.28;NA;0.2;0.33;26.78;1.49;1.91;NA;NA;NA;
8;0;5.52;5.28;6.69;NA;0.11;0.2;34.33;ND;0.04;NA;NA;NA;
8;1;5.61;3.97;12.77;NA;0.29;5.01;ND;1.34;0.24;NA;NA;NA;
8;2;ND;0.9;13.64;NA;1.67;ND;29.79;0.25;0.56;NA;NA;NA;
8;3;10.54;1.08;11.55;NA;1.64;1.58;16;0.24;0.93;NA;NA;NA;
8;4;5.91;0.96;7.94;NA;0.69;0.74;31.82;0.28;0.1;NA;NA;NA;
8;5;4.05;1.62;3.38;NA;0.63;0.61;24.62;0.5;0.32;NA;NA;NA;
8;6;2.24;2.33;8.21;NA;2.05;1.87;22.16;1.2;1.78;NA;NA;NA;
8;7;4.12;5.42;12.03;NA;3.6;7.22;23.23;4.85;5.08;NA;NA;NA;
8;8;11.51;13.87;20.18;NA;16.31;20.56;26.22;7.23;15.4;NA;NA;NA;
8;9;21.35;20.06;27.51;NA;25.54;31.88;29.47;10.84;28.14;NA;NA;NA;
8;10;28.39;28.86;31.67;NA;32.4;38.09;32.44;25.35;30.15;NA;NA;NA;
8;11;38.2;40.7;29.62;NA;37.84;36.82;37.47;45.18;55.8;NA;NA;NA;
8;12;42.73;45.59;30.89;NA;42.95;36.59;39.4;60.5;44.34;NA;NA;NA;
8;13;46.04;47.5;45.73;NA;32.88;50.64;36.35;59.59;40.11;NA;NA;NA;
8;14;41.91;41.5;39.04;NA;14.82;22.85;37.83;45.69;29.53;NA;NA;NA;
8;15;38.19;37.63;18.22;NA;9.95;12.37;20.26;25.96;25.92;NA;NA;NA;
8;16;33.49;32.84;7.7;NA;11.71;6.34;15.84;18.33;20.68;NA;NA;NA;
8;17;24.12;13.24;5.59;NA;7.45;2.84;11.78;22.48;7.08;NA;NA;NA;
8;18;11.57;6.32;4.15;NA;2.34;1;5.79;18.37;1.4;NA;NA;NA;
8;19;13.98;21.26;4.43;NA;1.34;0.33;5.15;19.79;1.63;NA;NA;NA;
8;20;13.65;22.61;5.12;NA;1.73;1.38;1.95;20.26;4.63;NA;NA;NA;
8;21;9.54;21.45;2.93;NA;3.63;1.14;8.56;16.1;20.5;NA;NA;NA;
8;22;10.75;13.49;2.81;NA;2.1;0.71;10.92;16.19;22.01;NA;NA;NA;
8;23;8.12;2.69;3.02;NA;1.44;0.28;3.33;1.69;4.2;NA;NA;NA;
9;0;10.08;1.14;2.54;NA;0.5;0.05;10.86;3.62;2.28;NA;NA;NA;
9;1;8.36;1.24;2.01;NA;0.22;0.5;17.91;0.72;ND;NA;NA;NA;
9;2;7.14;ND;ND;NA;ND;0.64;8.29;0.77;0.05;NA;NA;NA;
9;3;5.79;2.42;1.24;NA;0.8;0.45;15.91;6.36;0;NA;NA;NA;
9;4;2.9;1.67;1.59;NA;2.5;0.12;11.41;2.35;0.3;NA;NA;NA;
9;5;1.58;1.1;2.09;NA;3.21;0;3.61;2.54;1.03;NA;NA;NA;
9;6;2.5;2.11;7.79;NA;2.41;2;4.14;1.02;0.2;NA;NA;NA;
9;7;4.04;3.16;14.06;NA;4.75;3.75;9.53;2.27;1.73;NA;NA;NA;
9;8;7.88;8.97;16.49;NA;11.3;8.35;17.37;2.88;4.07;NA;NA;NA;
9;9;19.54;19.5;18.8;NA;27;ND;27.51;8.43;11.2;NA;NA;NA;
9;10;31.29;23.22;25.29;NA;16.5;ND;27.6;20.49;10.78;NA;NA;NA;
9;11;35.58;36.26;32.59;NA;44.92;ND;26.57;ND;41.9;NA;NA;NA;
9;12;32.37;37.19;32.43;NA;50.2;37.89;56.83;ND;64.74;NA;NA;NA;
9;13;27.15;30.86;28.05;NA;37.93;34.42;68.75;32.96;58.43;NA;NA;NA;
9;14;27.23;30.58;31.56;NA;22.94;31.72;50.94;34.47;55.31;NA;NA;NA;
9;15;28.51;32.62;29.56;NA;24.25;24.25;ND;34.59;54.56;NA;NA;NA;
9;16;21.03;23.52;14.75;NA;19.37;14.27;28.1;25.02;34.03;NA;NA;NA;
9;17;17.58;21.13;8.08;NA;7.98;4.95;11.45;23.01;15.99;NA;NA;NA;
9;18;13.37;15.42;4.75;NA;6.4;0.78;7.24;16.7;24.18;NA;NA;NA;
9;19;7.13;11.64;5.13;NA;4.18;2.04;7.39;17.65;7.98;NA;NA;NA;
9;20;7.76;10.18;3.84;NA;1.19;0.88;2.4;20.2;25.65;NA;NA;NA;
9;21;7.99;12.2;3.75;NA;1.3;0.42;2.05;24.46;4.59;NA;NA;NA;
9;22;6.38;8.16;3.92;NA;0.98;0.49;2.26;21.45;20.35;NA;NA;NA;
9;23;6.64;11.21;6.02;NA;2.09;4.06;4.28;18.64;16.65;NA;NA;NA;
10;0;7.83;14.22;7.48;NA;2.57;9.07;4.79;ND;21.97;NA;NA;NA;
10;1;8.76;17.59;6.83;NA;2.87;4.06;ND;17.58;15.72;NA;NA;NA;
10;2;ND;15.94;4.29;NA;2.19;ND;6.15;16.28;19.71;NA;NA;NA;
10;3;12.91;14.86;10.97;NA;2.17;8.56;1.13;15.56;22.64;NA;NA;NA;
10;4;11.01;14.59;7.47;NA;1.37;6.6;0.67;11.26;22.7;NA;NA;NA;
10;5;8.9;10.42;7.37;NA;1.18;1.76;0.64;3.33;17.53;NA;NA;NA;
10;6;4.48;5.22;7.43;NA;1.74;1.72;3.19;1.76;3.03;NA;NA;NA;
10;7;6.27;8.49;12.78;NA;4.19;6.36;11.53;5.5;5.09;NA;NA;NA;
10;8;12.29;18.84;15.57;NA;16.32;16;21.78;5.01;17.29;NA;NA;NA;
10;9;27.98;34.19;25.87;NA;21.73;22.37;45.3;14.65;27.36;NA;NA;NA;
10;10;40.6;51.73;38.07;NA;22.36;33.93;42.66;28.38;20.74;NA;NA;NA;
10;11;54.35;49.38;50.09;NA;37.56;49.85;51.06;37.91;29.97;NA;NA;NA;
10;12;42.66;43.58;49.4;NA;50.79;51.75;53.28;51.68;65.57;NA;NA;NA;
10;13;41.17;40.24;41.05;NA;36.8;50.81;38.81;47.55;63.8;NA;NA;NA;
10;14;39.81;40.23;36.33;NA;30.33;38.82;31.34;45.06;41.28;NA;NA;NA;
10;15;33.69;37.49;22.41;NA;23.8;26.35;23.22;33.23;22.94;NA;NA;NA;
10;16;28.74;36.09;11.72;NA;19.6;11.55;15.91;24.1;7.09;NA;NA;NA;
10;17;18.86;31.67;6.81;NA;18.08;5.06;11.38;23.26;9.23;NA;NA;NA;
10;18;13.71;7.27;5.27;NA;11.92;1.4;3.19;10.25;11.71;NA;NA;NA;
10;19;7.82;17.54;5.91;NA;5.17;0.7;2.11;6.85;8.94;NA;NA;NA;
10;20;6.22;20.99;4.9;NA;1.57;0.8;2.42;14.61;1.97;NA;NA;NA;
10;21;5.89;15.98;4.46;NA;1.41;0.24;2.92;8.82;0.1;NA;NA;NA;
10;22;7.26;12.04;5.57;NA;1.01;0.37;8.59;2.26;0.92;NA;NA;NA;
10;23;7.74;17.77;3.56;NA;1.29;0.65;14.12;0.9;0.09;NA;NA;NA;
11;0;9.73;11.42;9.43;NA;0.78;0.59;14.42;0.61;0.77;NA;NA;NA;
11;1;10.94;16.53;5.58;NA;1.09;2.59;10.16;0;ND;NA;NA;NA;
11;2;10.56;ND;ND;NA;ND;4.74;15.51;0;5.04;NA;NA;NA;
11;3;7.84;10.62;3.62;NA;1.99;1.55;13.17;0;6.25;NA;NA;NA;
11;4;5.54;3.31;3.45;NA;1.72;0.27;7.76;0;4.72;NA;NA;NA;
11;5;4.22;1.39;4.38;NA;0.59;2.21;4.47;0;1.8;NA;NA;NA;
11;6;5.15;2.63;4.84;NA;1.39;0.8;12.64;0.02;1.44;NA;NA;NA;
11;7;11.29;4.53;12.84;NA;6.17;5;13.92;2.14;3.35;NA;NA;NA;
11;8;17.76;14.66;17.49;NA;11.71;9.61;14.54;4.7;7.3;NA;NA;NA;
11;9;14.31;19.8;19.6;NA;15.16;16.46;24.04;7.4;16.64;NA;NA;NA;
11;10;27.34;29.12;26.66;NA;24.1;24.09;46.18;20.91;28.69;NA;NA;NA;
11;11;35.08;31.76;29.22;NA;30.04;33.1;59.58;32.87;12.91;NA;NA;NA;
11;12;41.23;41.55;39.2;NA;36.69;42.18;46.95;36.68;30.41;NA;NA;NA;
11;13;55.17;51.29;50.29;NA;47.44;51.82;60.56;51.29;61.65;NA;NA;NA;
11;14;42;47.05;47.24;NA;50.4;52.49;55.1;56.5;58.45;NA;NA;NA;
11;15;40.71;45.94;44.89;NA;41.86;56.53;53.23;51.73;57.27;NA;NA;NA;
11;16;33.33;43.17;33.11;NA;35.31;45.63;34.98;44.86;69.27;NA;NA;NA;
11;17;26.04;34.23;17.41;NA;22.43;19.43;29.04;36.64;35.69;NA;NA;NA;
11;18;16.96;23.95;9.49;NA;12.89;18.27;19.48;25.78;24.03;NA;NA;NA;
11;19;11.25;18.5;5.96;NA;6.96;10.91;32.63;23.41;25.12;NA;NA;NA;
11;20;10.24;12.36;3.32;NA;3.65;4.69;24.7;20.66;30.6;NA;NA;NA;
11;21;6.65;4.38;3.69;NA;4.31;1.85;14.55;20.16;22.88;NA;NA;NA;
11;22;6.16;11.71;3.75;NA;3.17;0.51;10.53;12.75;7.87;NA;NA;NA;
11;23;7.18;12.18;5.97;NA;1.36;2.29;19.69;7.9;19.11;NA;NA;NA;
12;0;11.15;16.91;9.51;NA;3.77;7.44;24.94;ND;17.86;NA;NA;NA;
12;1;12.91;17.19;4.57;NA;5.46;2.33;ND;16.67;11.37;NA;NA;NA;
12;2;ND;16.79;6.25;NA;8.66;ND;20.59;15.69;14.41;NA;NA;NA;
12;3;18.31;14.33;5.4;NA;2.99;2.63;11.79;17.05;6.48;NA;NA;NA;
12;4;14.8;14.9;2.43;NA;2.85;0.92;10.75;9.57;5.46;NA;NA;NA;
12;5;11.43;7.16;2.59;NA;1.54;3.08;5.92;0.29;5.65;NA;NA;NA;
12;6;6.15;3.52;4.03;NA;1.51;2.28;4.21;0.51;2.1;NA;NA;NA;
12;7;8.36;5.72;7.61;NA;3.88;3.88;13.96;2.64;3.93;NA;NA;NA;
12;8;10.88;7.2;11.65;NA;9.89;9.59;20.36;5.11;8.86;NA;NA;NA;
12;9;16.64;16.74;16.25;NA;19.26;20.76;30.28;8.22;14.25;NA;NA;NA;
12;10;22.64;16.82;22.94;NA;28.33;29.29;33.84;9.52;29.1;NA;NA;NA;
12;11;35.33;32.94;31.43;NA;41.89;40.87;36.62;15.73;57.33;NA;NA;NA;
12;12;39.9;37.67;33.44;NA;37.99;40.93;49.19;33.76;45.02;NA;NA;NA;
12;13;40.09;ND;33.01;NA;38.75;41.6;45.38;44.33;34.79;NA;NA;NA;
12;14;41.56;ND;36.93;NA;40.24;41.14;40.15;47.6;56.63;NA;NA;NA;
12;15;48.27;51.74;38.87;NA;38.89;42.72;41.81;50.14;42.12;NA;NA;NA;
12;16;44.79;ND;41.93;NA;34.88;43.78;34.9;45.56;44.3;NA;NA;NA;
12;17;40.22;30.21;33.92;NA;30.67;36.14;31.6;32.08;58.62;NA;NA;NA;
12;18;29.81;22.54;18.65;NA;24.73;15.38;16.79;28.56;34.4;NA;NA;NA;
12;19;11.98;24.81;7.21;NA;15.97;2.47;15.15;22.43;29.36;NA;NA;NA;
12;20;9.37;20.32;3.93;NA;4.37;3;12.97;11.88;23.53;NA;NA;NA;
12;21;7.43;8.81;3.19;NA;1.98;0.88;7.65;10.28;5.98;NA;NA;NA;
12;22;4.96;0.87;2.61;NA;3.54;1.13;2.67;25.47;7.29;NA;NA;NA;
12;23;8.54;3.08;2.75;NA;1.64;2.54;9.7;21.44;1.75;NA;NA;NA;
13;0;4.86;3.11;2.65;NA;2.97;0.63;17.48;11.08;0.62;NA;NA;NA;
13;1;4.49;0.78;2.63;NA;1.63;0.84;18;3.71;ND;NA;NA;NA;
13;2;4.34;1.14;ND;NA;ND;1.09;17.07;0.39;0.76;NA;NA;NA;
13;3;5.53;1.16;2.96;NA;1.7;0.93;18.64;0;0.32;NA;NA;NA;
13;4;3.95;0.83;3.23;NA;1.01;1.13;9.12;0;0.35;NA;NA;NA;
13;5;3.62;0.78;3.34;NA;2.12;0.96;12.54;0;0.79;NA;NA;NA;
13;6;2.93;2.44;7.56;NA;3.87;2.13;10.18;0.19;1.6;NA;NA;NA;
13;7;8.76;8.44;12.39;NA;5.81;4.13;16.36;0.84;6.46;NA;NA;NA;
13;8;16.37;16.95;18.57;NA;14.89;8.41;25.47;8.14;12.01;NA;NA;NA;
13;9;28.64;23.01;26.06;NA;18.17;22.17;31.81;8.97;9.78;NA;NA;NA;
13;10;36.55;38.12;27.14;NA;23.59;30.24;24.82;17.99;12;NA;NA;NA;
13;11;ND;38.53;29.56;NA;32.33;35.84;28.36;28.07;39.27;NA;NA;NA;
13;12;ND;38.3;31.69;NA;38.52;38.18;39.11;38.53;41.55;NA;NA;NA;
13;13;ND;39.64;30.6;NA;34.58;37.8;35.53;30.55;43.58;NA;NA;NA;
13;14;ND;36.93;27.25;NA;33.69;40.32;33.71;38.25;46.06;NA;NA;NA;
13;15;30.53;36.55;31.62;NA;32.6;37.69;36.26;38.8;51.08;NA;NA;NA;
13;16;33.32;33.57;27.4;NA;27.55;30.94;31.93;35.13;45.69;NA;NA;NA;
13;17;27.69;26.79;18.31;NA;18.8;24.87;26;29.4;31.14;NA;NA;NA;
13;18;22.79;19.76;11.16;NA;9.41;5.99;12.13;25.01;29.92;NA;NA;NA;
13;19;18.06;17.28;8.19;NA;2.39;1.06;8.11;24.18;27.76;NA;NA;NA;
13;20;6.6;15.15;6.53;NA;4.9;0.86;8.18;25.44;28.48;NA;NA;NA;
13;21;4.53;19.14;5.56;NA;2.54;0.95;1.72;26.06;24.04;NA;NA;NA;
13;22;4.5;22.23;2.94;NA;2.11;1.66;1.94;26.51;7.49;NA;NA;NA;
13;23;2.81;18.47;2.72;NA;1.12;1.02;1.64;22.33;3.56;NA;NA;NA;
14;0;11.46;20.51;3.29;NA;1.36;0.51;6.11;ND;8.51;NA;NA;NA;
14;1;15.28;22.71;8.73;NA;1.76;4.79;ND;20.89;5.89;NA;NA;NA;
14;2;16.98;19.93;13.95;NA;10.83;ND;7.1;20.72;23.64;NA;NA;NA;
14;3;18.6;14.89;12.96;NA;14.52;6.94;5;15.98;22.44;NA;NA;NA;
14;4;7.99;7.25;6.24;NA;5.73;3.97;7.36;15.95;16.58;NA;NA;NA;
14;5;2.72;1.24;3.96;NA;2.15;0.77;2.61;4.31;12.23;NA;NA;NA;
14;6;1.99;3.51;5.26;NA;2.21;1.35;3.45;6.02;6.13;NA;NA;NA;
14;7;2.51;4.96;8.37;NA;4.78;2.64;7.52;9.24;6.08;NA;NA;NA;
14;8;9.04;13.8;11.98;NA;7.6;5.34;13.81;15.64;9.42;NA;NA;NA;
14;9;22.96;24.47;21.06;NA;16.65;14.85;18.53;17.44;10.89;NA;NA;NA;
14;10;23.5;25.46;24.18;NA;20.66;16.48;16.23;25.82;27.31;NA;NA;NA;
14;11;37.39;36.72;35.32;NA;24.62;31.83;36.09;34.91;26.17;NA;NA;NA;
14;12;41.63;38.68;39.72;NA;35.85;43.99;40.6;46.93;53.62;NA;NA;NA;
14;13;34.61;39.77;38.11;NA;ND;46.31;43.29;46.64;63.25;NA;NA;NA;
14;14;34.3;38.54;ND;NA;40.07;38.85;35.87;43.58;63.93;NA;NA;NA;
14;15;30.06;37.23;ND;NA;37.98;33.83;32.02;37.44;39.74;NA;NA;NA;
14;16;27.5;29.44;22.51;NA;24.55;26.28;13.1;29.63;36.76;NA;NA;NA;
14;17;25.71;21;14.67;NA;17.12;10.93;7.68;24.14;32.86;NA;NA;NA;
14;18;19.26;18.66;8.64;NA;6.55;1.4;5.87;19.5;25.83;NA;NA;NA;
14;19;13.09;19.7;6.37;NA;2.04;0.76;4.56;19.15;24.42;NA;NA;NA;
14;20;6.32;19.69;4.42;NA;0.8;0.47;4.05;25.89;20.74;NA;NA;NA;
14;21;6.49;19.45;3.28;NA;3.39;0.89;3.5;27;21.24;NA;NA;NA;
14;22;7.69;19.01;3.11;NA;ND;1.02;3.8;28.45;24.51;NA;NA;NA;
14;23;12.84;22.94;8.32;NA;ND;1.37;4.24;24.84;27.34;NA;NA;NA;
15;0;14.79;23.69;8.9;NA;1.78;5.5;3.29;24.47;22.84;NA;NA;NA;
15;1;16.28;23.37;10.45;NA;4.98;10;0.48;26.64;ND;NA;NA;NA;
15;2;14.18;ND;ND;NA;ND;12.37;0.36;24.4;30.1;NA;NA;NA;
15;3;10.61;20.74;9.24;NA;11.13;11.58;2.41;21.16;30.31;NA;NA;NA;
15;4;9.58;19.08;6.77;NA;5.21;6.66;8.5;20.9;22.73;NA;NA;NA;
15;5;10.59;9.29;4.91;NA;2.57;4.04;2.39;20.09;20;NA;NA;NA;
15;6;4.89;6.05;4.66;NA;2.02;2.41;2.71;7.45;14.97;NA;NA;NA;
15;7;3.05;5.62;10.1;NA;5.14;5.53;8.35;9.33;12.22;NA;NA;NA;
15;8;13.57;15.94;12.39;NA;9.72;7.98;16.74;13.18;9.16;NA;NA;NA;
15;9;22.73;26.69;15.41;NA;19.55;14.41;24.81;18.07;8.96;NA;NA;NA;
15;10;39.2;36.39;15.7;NA;22.79;20.71;43.27;29.59;23.75;NA;NA;NA;
15;11;34.35;35.68;24.2;NA;22.58;23.02;15.28;39;35.99;NA;NA;NA;
15;12;33.47;30.82;25.02;NA;35.49;32.3;31.08;40.93;66.11;NA;NA;NA;
15;13;33.98;30.8;31.35;NA;40.13;38.83;56.4;37.61;58.41;NA;NA;NA;
15;14;27.72;31.75;22.93;NA;36.86;31.79;51.03;29.91;38.29;NA;NA;NA;
15;15;25.69;30.52;20.75;NA;21.6;24.12;29.29;31.64;38.53;NA;NA;NA;
15;16;24.32;25.09;14.45;NA;18.98;16.4;25.37;25.87;31.03;NA;NA;NA;
15;17;22.55;21.02;6.56;NA;8.87;5.43;16.19;22.27;27.14;NA;NA;NA;
15;18;18.1;17.87;1.85;NA;8.81;3.13;10.46;16.53;23.5;NA;NA;NA;
15;19;16.16;20.23;1.1;NA;4.15;6.32;8.59;20.29;17.48;NA;NA;NA;
15;20;10.74;20.12;0.81;NA;1.87;0.81;10.32;19.53;24.07;NA;NA;NA;
15;21;9.73;22.57;0.14;NA;0.52;0.49;7.05;26.39;22.86;NA;NA;NA;
15;22;11.6;23.59;0.92;NA;3.73;1.18;5.27;25.95;25.21;NA;NA;NA;
15;23;16.39;25.85;1.72;NA;5.25;2.25;2.62;26.57;32.41;NA;NA;NA;
16;0;22.68;26.67;9.31;NA;15.99;13.72;9.64;ND;34.66;NA;NA;NA;
16;1;20.02;26.39;9.87;NA;11.71;14.03;ND;28.42;36.88;NA;NA;NA;
16;2;ND;23.96;15.07;NA;12.95;ND;3.7;25.02;38.14;NA;NA;NA;
16;3;15.25;19.16;18.13;NA;19.53;17.15;14.36;22.56;32.77;NA;NA;NA;
16;4;10.41;15.83;16.56;NA;10.02;16.48;12.65;20.94;33.16;NA;NA;NA;
16;5;6.27;7.78;10.38;NA;1.79;16.11;8.01;20.5;31.65;NA;NA;NA;
16;6;2.44;7.73;4.96;NA;1.61;5.75;3.18;11.66;23.87;NA;NA;NA;
16;7;4.8;9.39;5.77;NA;4.1;6.21;10.37;6.45;14.17;NA;NA;NA;
16;8;6.36;18.38;8.68;NA;9.16;7.82;21.49;19.76;14.96;NA;NA;NA;
16;9;21.35;22.9;13.78;NA;13.55;15.93;19.02;24.33;7.79;NA;NA;NA;
16;10;38.52;37.29;27.72;NA;23.79;29.03;20.17;ND;15.11;NA;NA;NA;
16;11;39.22;36.58;32.11;NA;30.06;35.55;45.75;42.68;25.04;NA;NA;NA;
16;12;29.97;34.86;32.6;NA;35.28;37.15;43.76;43.49;40.8;NA;NA;NA;
16;13;28.05;32.91;29.58;NA;35.74;34.18;44.09;36.05;55.76;NA;NA;NA;
16;14;25.23;29.92;26.45;NA;30.21;29.54;37.14;ND;58.63;NA;NA;NA;
16;15;24.7;25.57;23.52;NA;25.45;20.57;31.31;31.88;42.78;NA;NA;NA;
16;16;19.58;21.24;13.55;NA;12.63;15.44;26.75;23.92;29.31;NA;NA;NA;
16;17;14.56;18.52;5.07;NA;6.41;6.29;7.38;16.41;15.82;NA;NA;NA;
16;18;10.95;15.79;1.51;NA;3.27;1.31;3.68;15.47;14.58;NA;NA;NA;
16;19;7.83;12.85;0.61;NA;3.98;0.66;3.89;14.17;17.39;NA;NA;NA;
16;20;5.29;6.87;0.16;NA;1.45;0.45;3.06;12.99;18.79;NA;NA;NA;
16;21;5.31;8.44;0.22;NA;0.86;0.52;4.01;17.39;15.14;NA;NA;NA;
16;22;4.5;6.88;1.75;NA;1.05;0.43;3.4;18.18;21.57;NA;NA;NA;
16;23;4.65;13.33;3.9;NA;1.02;4.84;5.08;18.2;18.92;NA;NA;NA;
17;0;7.13;8.71;3.73;NA;0.88;4.56;6.3;19.19;21.55;NA;NA;NA;
17;1;6.35;12.75;11.27;NA;1.49;0.31;3.78;10.17;ND;NA;NA;NA;
17;2;11.46;ND;ND;NA;ND;0.28;2.85;12.38;13.5;NA;NA;NA;
17;3;8.86;13.9;1.43;NA;1.26;0.42;4.01;10.95;9.03;NA;NA;NA;
17;4;4.38;13.9;2.68;NA;0.84;0.48;5.61;12.53;2.64;NA;NA;NA;
17;5;2.95;5.08;1.59;NA;1.96;0.88;2.28;9.51;12.01;NA;NA;NA;
17;6;2.79;1.89;1.06;NA;3.47;0.93;4.44;7.64;6.24;NA;NA;NA;
17;7;4.48;7.08;2.82;NA;7.3;3.04;6.02;5.4;4.72;NA;NA;NA;
17;8;8.89;14.72;6.37;NA;12.9;10.69;17.65;13.33;10.71;NA;NA;NA;
17;9;19.55;18.58;8.56;NA;25.56;25.33;22.94;18.87;26.44;NA;NA;NA;
17;10;35.81;41.15;17.96;NA;35.3;31.2;30.79;26.93;51.74;NA;NA;NA;
17;11;40.96;45.93;26.37;NA;34.49;31.6;40.86;42.79;44.05;NA;NA;NA;
17;12;33.23;40.67;26.29;NA;38.55;35.15;53.56;48.71;58.3;NA;NA;NA;
17;13;33.26;43.09;37.2;NA;39.83;43.12;46.97;45.72;64.56;NA;NA;NA;
17;14;33.45;39.56;36.19;NA;38.78;48.89;49.39;41.43;ND;NA;NA;NA;
17;15;28.66;12.22;31.73;NA;25.47;37.01;23.34;39.65;ND;NA;NA;NA;
17;16;23.66;19.88;25.6;NA;18.17;16.12;16.54;28.24;21.06;NA;NA;NA;
17;17;17.26;21.29;8.79;NA;15.23;10.51;11.49;21.33;3.44;NA;NA;NA;
17;18;9.12;14.41;1.13;NA;6.06;2.14;9.1;15.48;1.03;NA;NA;NA;
17;19;5.5;10.26;0.42;NA;3.72;1.2;6.88;12.71;7.93;NA;NA;NA;
17;20;3.24;12.45;0.48;NA;1.65;1.75;4.2;13.21;10.45;NA;NA;NA;
17;21;2.85;8.45;0.2;NA;1.81;0.49;4.89;13.36;10.07;NA;NA;NA;
17;22;6.44;8.51;0.61;NA;5.56;3.94;4.59;15.96;9.69;NA;NA;NA;
17;23;4.2;10.53;0.13;NA;1.85;0.45;4.67;14.8;4.53;NA;NA;NA;
18;0;6.08;17.07;0.1;NA;1.98;0.28;1.76;ND;5.78;NA;NA;NA;
18;1;5.75;14.96;0.41;NA;2.62;0.55;ND;10.83;8.59;NA;NA;NA;
18;2;ND;11.43;3.13;NA;2.37;ND;4.01;11.19;3.65;NA;NA;NA;
18;3;5.11;9.36;0.61;NA;1.97;1.3;2.17;12.31;6.95;NA;NA;NA;
18;4;4.64;8.12;0.11;NA;1.3;0.26;3.12;11.02;2.67;NA;NA;NA;
18;5;3.36;6.48;0.13;NA;1.05;0.4;3.23;6.95;0;NA;NA;NA;
18;6;2.98;3.33;1.5;NA;1.74;2.66;10.94;0.73;0.25;NA;NA;NA;
18;7;5.54;9.18;3.95;NA;6.7;9.44;17.95;4.4;4.41;NA;NA;NA;
18;8;11.03;13.96;7.22;NA;17.6;18.64;22.09;9.4;3.21;NA;NA;NA;
18;9;22.1;25.96;13.03;NA;16.88;14.16;26.85;16.31;4.85;NA;NA;NA;
18;10;36.51;38.04;16.29;NA;21.53;22.27;33.05;23.73;11.39;NA;NA;NA;
18;11;38.83;41.16;29.8;NA;33.83;34.78;41.17;41.3;27.2;NA;NA;NA;
18;12;39.43;44.23;36.7;NA;38.04;38.34;39.21;48.72;29.26;NA;NA;NA;
18;13;37.25;41.79;35.93;NA;38.04;47.16;42.5;52.13;31.17;NA;NA;NA;
18;14;30.85;38.56;30.81;NA;37.89;37.89;36.03;37.4;25.81;NA;NA;NA;
18;15;28.21;33.66;26.14;NA;25.37;27.85;35.4;28.11;32.99;NA;NA;NA;
18;16;30.43;35.25;28.92;NA;24.15;28.97;37.81;23.47;37.18;NA;NA;NA;
18;17;28.43;28.93;23.17;NA;16.81;20.8;27.56;26.96;20.22;NA;NA;NA;
18;18;24.37;21.98;15.13;NA;9.41;9.14;16.28;22.42;16.54;NA;NA;NA;
18;19;15.43;17.88;8.69;NA;6.41;3.75;11.95;11.02;18.99;NA;NA;NA;
18;20;14.5;17.18;2.53;NA;11.38;1.45;3.95;12.23;11.79;NA;NA;NA;
18;21;6.66;13.6;0.69;NA;3.65;0.84;4.5;19.09;16.03;NA;NA;NA;
18;22;5.12;9;0.5;NA;2.7;0.69;11.78;18.36;14.1;NA;NA;NA;
18;23;9.23;10.33;0.26;NA;2.51;1.02;10.21;13.85;6.63;NA;NA;NA;
19;0;7.64;16.84;0.12;NA;4.71;1.48;9.98;14.32;6.84;NA;NA;NA;
19;1;12.44;19.88;0.06;NA;4.29;0.15;8.18;14.54;ND;NA;NA;NA;
19;2;12.2;ND;ND;NA;ND;0.41;12.2;20.12;0;NA;NA;NA;
19;3;16.25;21.29;1.4;NA;1.25;0.5;10.05;16.33;0;NA;NA;NA;
19;4;11.1;15.71;0.59;NA;0.61;0.97;1.64;11.6;0;NA;NA;NA;
19;5;9.61;13.59;0.26;NA;2.14;1.06;6.4;16.49;0;NA;NA;NA;
19;6;11.8;15.76;1.12;NA;1.25;1.49;2.8;12.74;0.05;NA;NA;NA;
19;7;15.63;14.8;4.83;NA;5.98;5.12;8.28;17.93;1.88;NA;NA;NA;
19;8;18.85;17.59;10.18;NA;13.41;13.97;17.25;10.32;7.43;NA;NA;NA;
19;9;29.81;29.33;22.88;NA;25.37;22.32;22.46;19.97;19.91;NA;NA;NA;
19;10;38.1;35.96;35.62;NA;26.82;33.51;40.95;35.78;15.61;NA;NA;NA;
19;11;40.64;44.39;35.56;NA;34.28;39.52;30.45;41.66;25.12;NA;NA;NA;
19;12;38.18;45.74;39.44;NA;35.12;38.82;39.36;30.17;37.91;NA;NA;NA;
19;13;35.33;41.71;32.2;NA;36.86;36.13;43.77;28.88;31.71;NA;NA;NA;
19;14;35.68;38.63;32.05;NA;31.24;34.98;37.48;29.2;30.73;NA;NA;NA;
19;15;35.34;36.13;33.59;NA;34.17;36.11;33.55;37.46;31.14;NA;NA;NA;
19;16;34.31;33.96;31.3;NA;37.67;37;31.67;37.62;32.4;NA;NA;NA;
19;17;30.02;27.44;25.52;NA;29.3;28.43;24.71;30.12;17.57;NA;NA;NA;
19;18;26.52;24.19;19.52;NA;17.27;19.69;15.43;25.22;10.14;NA;NA;NA;
19;19;20.5;18.9;11.32;NA;10.83;17.39;13.65;20.63;18.69;NA;NA;NA;
19;20;14.64;20.3;3.1;NA;5.23;4.65;9.88;22.52;8.58;NA;NA;NA;
19;21;9.51;22.49;5.1;NA;6.97;3.82;9.52;25.8;19.92;NA;NA;NA;
19;22;6.52;17.04;5.4;NA;8.67;4.56;8.27;23.54;9.49;NA;NA;NA;
19;23;13.28;20.02;9.13;NA;6.74;8.57;4.4;22.42;8.59;NA;NA;NA;
20;0;18.73;21.18;12.08;NA;9.89;11.52;9.29;ND;9.42;NA;NA;NA;
20;1;18.66;23.64;12.67;NA;11.44;12.2;ND;24.3;8.94;NA;NA;NA;
20;2;ND;24.06;12.75;NA;11.38;ND;10.08;22.32;10.99;NA;NA;NA;
20;3;17.88;25.34;12.84;NA;10.86;12.17;12.36;24.56;19.31;NA;NA;NA;
20;4;8.88;21.73;11.74;NA;5;7.3;8.32;21.25;20.1;NA;NA;NA;
20;5;4.91;14.91;5.47;NA;2.57;2.43;4.98;17.91;16.5;NA;NA;NA;
20;6;6.35;6.26;1.2;NA;2.44;1.17;7.27;11.65;10.69;NA;NA;NA;
20;7;9.88;10.12;4.56;NA;5.54;3.55;6.45;13.63;11.18;NA;NA;NA;
20;8;14.55;19.96;6.69;NA;11.62;7.58;12.57;21.12;5.27;NA;NA;NA;
20;9;19.58;27.24;14.66;NA;16.02;12.81;23.89;21.19;14.23;NA;NA;NA;
20;10;29.82;35.62;16.84;NA;22.03;18.52;34.2;22.26;15.95;NA;NA;NA;
20;11;38.79;38.54;28.39;NA;29.51;26.6;33.64;34.69;21.57;NA;NA;NA;
20;12;38.21;34.07;27.63;NA;31.9;32.64;33.7;39.84;23.9;NA;NA;NA;
20;13;34.91;31.18;27.03;NA;31.63;ND;34.53;41.89;29.79;NA;NA;NA;
20;14;28.04;ND;25;NA;25.93;31.8;25.77;31.33;18.94;NA;NA;NA;
20;15;25.71;27.54;13.42;NA;12.85;17.77;25.32;29.44;26.23;NA;NA;NA;
20;16;20.81;24.04;11.96;NA;18.35;16.2;24.46;25.85;25.27;NA;NA;NA;
20;17;14.09;17.99;5.01;NA;9.43;4.91;15.32;20.35;21.24;NA;NA;NA;
20;18;8.61;14;1.07;NA;2.19;ND;10.78;14.69;16.53;NA;NA;NA;
20;19;6.26;11.62;0.39;NA;2.06;ND;7.64;14.53;11.5;NA;NA;NA;
20;20;5.78;9.66;0.04;NA;2.24;ND;4.16;18.09;12.87;NA;NA;NA;
20;21;8.76;10.02;0.15;NA;1.76;ND;9.79;18.65;10.16;NA;NA;NA;
20;22;6.15;12.57;0.21;NA;1.21;ND;7.94;17.07;17.49;NA;NA;NA;
20;23;6.91;12.18;1.13;NA;4.48;ND;11.84;17.31;16.7;NA;NA;NA;
21;0;10.44;15.32;2.59;NA;2.45;1.37;12.23;14.73;14.72;NA;NA;NA;
21;1;15.63;18.22;5.62;NA;10.96;2.56;13.73;14.33;ND;NA;NA;NA;
21;2;16.12;18.25;ND;NA;ND;2.79;12.56;16.08;9.95;NA;NA;NA;
21;3;12.56;16.96;3.46;NA;2.43;1.35;7.12;16.92;7.49;NA;NA;NA;
21;4;8.13;12.75;2.14;NA;3.33;0.97;4.46;13.89;2.43;NA;NA;NA;
21;5;4.13;9.86;1.43;NA;2.23;0.6;2.88;12.31;5.41;NA;NA;NA;
21;6;3.4;3.01;0.72;NA;3.09;0.7;2.54;9.68;3.6;NA;NA;NA;
21;7;3.09;2.65;1.37;NA;3.86;1.71;4.27;7.33;2.3;NA;NA;NA;
21;8;6.01;5.51;2.33;NA;4.69;2.42;8.58;8.11;1.95;NA;NA;NA;
21;9;12.64;12.05;3.55;NA;7.78;5.13;31.7;13.3;3.51;NA;NA;NA;
21;10;28.14;25.68;9.28;NA;9.86;6.35;33.79;14.29;2.25;NA;NA;NA;
21;11;35.65;32.16;14.95;NA;18.35;14.74;14.66;25.62;9.32;NA;NA;NA;
21;12;39.21;36.24;18.83;NA;26.99;22.43;28.47;37.06;16.53;NA;NA;NA;
21;13;31.69;34.4;26.37;NA;38.41;36.93;35.84;43.79;12.81;NA;NA;NA;
21;14;28.8;30.5;19.28;NA;21.85;31.99;30.9;34.63;37.15;NA;NA;NA;
21;15;31.06;29.34;13.3;NA;14.01;13.09;17.15;29.06;12.79;NA;NA;NA;
21;16;25.05;25.08;6.33;NA;11.77;3.75;12.21;26.9;20.99;NA;NA;NA;
21;17;ND;21.01;3.68;NA;4.74;1.76;9.77;16.52;5.96;NA;NA;NA;
21;18;ND;16.61;2.69;NA;3.15;5.93;10.29;12.74;5.71;NA;NA;NA;
21;19;ND;16;0.99;NA;2.63;2.94;4.39;13.51;8.17;NA;NA;NA;
21;20;ND;14.55;0.17;NA;3.76;1.02;2.66;14.01;1.79;NA;NA;NA;
21;21;11.14;18.63;0.67;NA;3.82;1;1.98;16.76;0;NA;NA;NA;
21;22;9.88;12.33;1.35;NA;2.94;1.76;1.69;18.49;0;NA;NA;NA;
21;23;8.73;8.92;4.25;NA;0.19;2.86;1.39;17.57;5.93;NA;NA;NA;
22;0;12.82;12.32;3.8;NA;0.9;3.09;12.89;ND;14.34;NA;NA;NA;
22;1;8.06;15.65;3.3;NA;0.53;1.03;ND;4.76;4.73;NA;NA;NA;
22;2;4.84;ND;1.03;NA;2.11;ND;8.24;2.89;1.21;NA;NA;NA;
22;3;3.82;11.13;0.15;NA;0.28;0.99;3.03;1.95;0;NA;NA;NA;
22;4;2.78;8.71;0.28;NA;0.12;1.03;7.17;0;0;NA;NA;NA;
22;5;2.93;2.51;0.18;NA;1.53;0.6;3.94;0;0;NA;NA;NA;
22;6;2.02;2.29;0.45;NA;2.45;1.47;4.73;0;0.2;NA;NA;NA;
22;7;3.16;3.51;2.25;NA;2.71;2.84;12.66;0.62;1.57;NA;NA;NA;
22;8;4.98;10.49;8.73;NA;8.38;11.6;18.6;5.47;7.63;NA;NA;NA;
22;9;10.07;11.58;18.6;NA;23.35;21.49;26.85;13.55;19.05;NA;NA;NA;
22;10;14.52;17.94;17.21;NA;36.49;33.4;33.97;19.36;32.78;NA;NA;NA;
22;11;28.43;32.62;33.3;NA;40.13;42.36;37.79;35.39;33.87;NA;NA;NA;
22;12;37.8;45.99;35.63;NA;40.17;38.18;47.27;48.64;21.92;NA;NA;NA;
22;13;47.15;52.08;32.55;NA;32.89;25.69;32.98;41.23;30.61;NA;NA;NA;
22;14;33.74;45.34;26.38;NA;34.71;32.59;40.7;16.27;39.16;NA;NA;NA;
22;15;23.75;32.79;17.01;NA;21.25;22.4;39;14.44;33.38;NA;NA;NA;
22;16;22.08;22.96;18.51;NA;11.85;8.6;21.86;22;13.03;NA;NA;NA;
22;17;18.97;27.82;2.38;NA;9.39;4.24;24.59;17.04;2.82;NA;NA;NA;
22;18;8.57;18.73;1.16;NA;1.49;6.1;15.25;16.74;10.74;NA;NA;NA;
22;19;2.15;ND;0.88;NA;0.91;4.23;24.81;4.64;6.21;NA;NA;NA;
22;20;3.98;ND;0.34;NA;1.52;1.6;16.18;0.93;4.07;NA;NA;NA;
22;21;3.57;10.85;0.5;NA;1.48;1.07;2.89;9.18;8.35;NA;NA;NA;
22;22;1.53;5.66;0.55;NA;1.25;1.36;7.67;0.36;0;NA;NA;NA;
22;23;2.64;5.7;0.42;NA;0.76;1.39;7.25;3.39;1.51;NA;NA;NA;
23;0;2.56;9.14;0.7;NA;0.45;1.06;10.09;15.61;0.24;NA;NA;NA;
23;1;4;6.84;0.35;NA;1.06;1.07;9.8;1.68;ND;NA;NA;NA;
23;2;6.04;ND;ND;NA;ND;0.74;10.95;0;0;NA;NA;NA;
23;3;5.43;1.29;0.28;NA;0.47;0.98;8.96;0;0;NA;NA;NA;
23;4;3.28;0.66;0.38;NA;0.66;1.33;3.42;0;0.01;NA;NA;NA;
23;5;2.28;0.83;0.27;NA;0.41;1.3;4.74;0;0.2;NA;NA;NA;
23;6;2.12;2;1.17;NA;1.68;2.08;4.21;0.21;0.44;NA;NA;NA;
23;7;3.58;4.91;3;NA;5.55;3.94;20.12;1.98;1.45;NA;NA;NA;
23;8;8.03;11.52;6.14;NA;11.76;8.88;18.78;4.07;3.91;NA;NA;NA;
23;9;24.15;27.97;7.46;NA;24.33;19.42;29.23;14.11;12.91;NA;NA;NA;
23;10;42.15;39.07;20.45;NA;32.91;23.3;43.17;28.69;17.87;NA;NA;NA;
23;11;41.25;41.86;43.39;NA;28.89;39.29;54.42;45.35;14.99;NA;NA;NA;
23;12;41.57;40.52;35.61;NA;42.39;42.33;42.94;45.33;46.56;NA;NA;NA;
23;13;45.16;43.48;42.48;NA;43.35;48.59;53.77;57.4;37.22;NA;NA;NA;
23;14;42.24;46.1;42.2;NA;42.01;45.68;58.86;57.24;44.59;NA;NA;NA;
23;15;41.49;42.14;41.35;NA;43.46;45.07;62.02;51.17;47.99;NA;NA;NA;
23;16;37.56;36.84;28.24;NA;30.84;30.49;34.17;34.78;31.29;NA;NA;NA;
23;17;30.62;27.14;21.06;NA;17.75;14.01;22.54;28.23;18.45;NA;NA;NA;
23;18;20.18;18.09;5.19;NA;10.57;2.98;9.17;20.5;23.26;NA;NA;NA;
23;19;7.36;14.79;1.75;NA;7.77;2.14;5.26;15.82;15.24;NA;NA;NA;
23;20;3.39;17.49;0.36;NA;2.37;0.56;8.13;10.98;6.03;NA;NA;NA;
23;21;4.72;17.14;0.36;NA;0.92;0.99;9.85;16.38;9.12;NA;NA;NA;
23;22;8.89;19.55;0.17;NA;1.4;0.51;1.95;17.69;5.23;NA;NA;NA;
23;23;7.03;15.38;0.1;NA;0.8;0.51;5.4;20.96;10.55;NA;NA;NA;
24;0;6.59;11.79;0.02;NA;1.55;0.27;3.54;ND;9.25;NA;NA;NA;
24;1;6.06;12.47;0.07;NA;0.4;0.69;ND;17.96;14.47;NA;NA;NA;
24;2;ND;10.48;0.22;NA;0.3;ND;19;9.79;4.21;NA;NA;NA;
24;3;6.81;7.89;0.4;NA;0.19;4.88;27.35;7.28;0;NA;NA;NA;
24;4;4.17;4.58;0.17;NA;0.73;0.82;26.61;7.62;0;NA;NA;NA;
24;5;3.14;7.11;0.15;NA;2.91;0.72;23.43;1.3;0;NA;NA;NA;
24;6;5.23;8.92;1.05;NA;1.93;1.21;6.82;1.97;0.53;NA;NA;NA;
24;7;12.7;11.51;6.19;NA;6.56;6.6;21.86;6.11;2.01;NA;NA;NA;
24;8;19.62;17.73;10.69;NA;11.19;15.88;28.22;13.54;2.72;NA;NA;NA;
24;9;28.63;25.1;19.67;NA;16.62;22.86;28.57;21.56;5.02;NA;NA;NA;
24;10;35.05;33.93;28.1;NA;30.07;28.16;30.2;28.57;10.21;NA;NA;NA;
24;11;41.59;41.88;40.5;NA;42.72;44.76;30.57;38.74;22.17;NA;NA;NA;
24;12;42.34;44.62;50.09;NA;50.26;56.68;57.42;48.36;33.42;NA;NA;NA;
24;13;41.65;42.23;44.98;NA;49.46;55.12;61.78;46.9;48.27;NA;NA;NA;
24;14;37.98;40.36;39.2;NA;48.02;51.75;60.31;46.99;52.14;NA;NA;NA;
24;15;34.86;34.36;33.64;NA;30.99;38.89;29.4;38.81;48.15;NA;NA;NA;
24;16;33.09;34.38;29.57;NA;22.95;31.4;23.72;34.78;30.77;NA;NA;NA;
24;17;25.46;26.97;17.03;NA;14.71;16.58;14.76;29.91;17.04;NA;NA;NA;
24;18;15.3;24.38;6.38;NA;6.69;3.72;7.86;22.82;5.54;NA;NA;NA;
24;19;14.31;21.25;6.99;NA;0.98;4.16;16.16;19.87;5.63;NA;NA;NA;
24;20;9.48;19.31;2.52;NA;0.9;1.27;11.77;21.31;1.79;NA;NA;NA;
24;21;7.45;12.93;1.84;NA;3.92;2.16;14.65;25.97;8.43;NA;NA;NA;
24;22;5.39;7.8;0.44;NA;1.66;0.55;13.32;16.38;20.76;NA;NA;NA;
24;23;4.37;2.9;0.19;NA;1.91;0.59;9.06;11.63;16.65;NA;NA;NA;
25;0;5.41;1.24;0.1;NA;4.56;0.61;10.82;6.39;8.47;NA;NA;NA;
25;1;5.61;1.65;0.2;NA;2.92;0.64;3.45;4.71;ND;NA;NA;NA;
25;2;4.67;ND;ND;NA;ND;0.38;4.89;3.62;0.49;NA;NA;NA;
25;3;3.55;1.17;0.56;NA;0.33;0.56;6.42;4.9;0.09;NA;NA;NA;
25;4;2.77;0.99;0.29;NA;0.43;0.67;4.62;6.77;0;NA;NA;NA;
25;5;2.12;0.82;0.2;NA;0.51;0.91;6.34;2.15;0.06;NA;NA;NA;
25;6;1.92;1.68;1.25;NA;1.41;1.43;6.73;0.45;0.8;NA;NA;NA;
25;7;6.94;7.26;7.21;NA;6.09;7.62;15.6;3.17;4.2;NA;NA;NA;
25;8;14.6;17.07;14.07;NA;17.17;19.32;23.31;12.17;15.55;NA;NA;NA;
25;9;27.48;32.97;28.21;NA;31;29.52;30;22.66;14.29;NA;NA;NA;
25;10;34.8;43.67;27.08;NA;32.92;33.48;36.33;40.37;22.69;NA;NA;NA;
25;11;40.74;40.93;34.13;NA;39.34;37.37;40.72;48.09;36.45;NA;NA;NA;
25;12;43.13;44.55;40.86;NA;40.14;43.35;41.82;43.9;35.83;NA;NA;NA;
25;13;48.76;47.19;43.11;NA;43.5;49.4;37.51;45.91;31.19;NA;NA;NA;
25;14;46.26;46.01;43.06;NA;48.75;50.69;40.8;45;32.21;NA;NA;NA;
25;15;38.21;42.87;36.25;NA;49.48;45.49;52.98;41.56;37.51;NA;NA;NA;
25;16;38.32;39.75;37.98;NA;37.38;44.31;48.1;38.91;30.58;NA;NA;NA;
25;17;33.14;31.79;24.28;NA;27.52;26.07;35.34;33.17;30.42;NA;NA;NA;
25;18;28.53;23.51;13.88;NA;15.05;11.73;20.56;27.06;15;NA;NA;NA;
25;19;23.22;20.38;6.55;NA;7.7;4.78;12.32;22.55;21.86;NA;NA;NA;
25;20;13.69;19.45;6.07;NA;1.39;2.98;9.82;21.48;20.17;NA;NA;NA;
25;21;9.24;19;3.4;NA;3.11;2.69;9.79;19.43;3.72;NA;NA;NA;
25;22;8.77;18.09;5.92;NA;2.54;7.46;17.03;21.76;6.45;NA;NA;NA;
25;23;13.96;19.45;5.44;NA;7.29;7.14;7.52;21.38;16.23;NA;NA;NA;
26;0;11.79;18.04;4.4;NA;9.08;6.91;2.54;ND;5.53;NA;NA;NA;
26;1;12.76;18.08;2.45;NA;9.28;5.71;ND;19.18;11.88;NA;NA;NA;
26;2;ND;17.95;5.65;NA;11.94;ND;20.33;19.43;11.43;NA;NA;NA;
26;3;12.83;17.65;6.23;NA;11.39;8.22;19.44;18.26;13.6;NA;NA;NA;
26;4;14.42;17.86;8.72;NA;12.6;10.8;12.8;18.79;9.71;NA;NA;NA;
26;5;13.6;17.97;9.2;NA;10.07;10.38;12.78;17.9;5.75;NA;NA;NA;
26;6;11.82;14.4;9.06;NA;6.79;10.03;10.4;20.09;5.21;NA;NA;NA;
26;7;9.13;11.78;6.83;NA;8.01;10.1;11.5;21.3;6.61;NA;NA;NA;
26;8;13.56;12.15;10.21;NA;11.7;10.02;18.12;22.6;9.27;NA;NA;NA;
26;9;16.18;18.78;15.11;NA;17.96;17.72;20.39;22.13;7.65;NA;NA;NA;
26;10;18.81;20.27;12.16;NA;17.05;16.72;21.92;20.16;10.03;NA;NA;NA;
26;11;18.47;19.27;10.01;NA;13.55;9.73;23.99;21.77;13.79;NA;NA;NA;
26;12;24.71;24.17;17.18;NA;15.56;21.74;23.01;27.4;16.7;NA;NA;NA;
26;13;28.47;29.81;20.27;NA;22.25;24.72;23.33;28.27;11.53;NA;NA;NA;
26;14;33.09;36.13;27.76;NA;32.99;33.7;27.71;34.69;18.28;NA;NA;NA;
26;15;38.56;37.5;29.99;NA;36.12;32.23;29.69;26.43;21.78;NA;NA;NA;
26;16;33.04;29.2;21.03;NA;20.35;20.66;32.62;23.2;24.75;NA;NA;NA;
26;17;26.12;23.06;10.97;NA;7.97;17.57;22.61;8.45;17.75;NA;NA;NA;
26;18;22.9;18.27;7.56;NA;9.99;10.17;12.77;9.34;6.64;NA;NA;NA;
26;19;8.85;18.47;1.07;NA;5.52;4.51;15.39;4.25;5.07;NA;NA;NA;
26;20;6.94;4.98;0.55;NA;7;1.31;22.76;0.05;10.51;NA;NA;NA;
26;21;3.5;7.77;0.68;NA;2.92;1.21;15.94;0.15;6.23;NA;NA;NA;
26;22;2.66;2.28;0.34;NA;ND;2.25;10.11;0.56;0;NA;NA;NA;
26;23;2.45;0.83;0.23;NA;ND;3.45;7.01;0;0;NA;NA;NA;
27;0;4.66;0.87;0.4;NA;0.01;2.26;10.72;0;0;NA;NA;NA;
27;1;6.72;1.2;0.63;NA;1.02;2.01;19.2;0;ND;NA;NA;NA;
27;2;8.83;ND;ND;NA;ND;1.39;14.73;0;0;NA;NA;NA;
27;3;5.9;1.1;0.43;NA;0.43;1.68;13.74;0;0;NA;NA;NA;
27;4;3.24;1.16;0.43;NA;0.39;0.92;7.52;0;0;NA;NA;NA;
27;5;2.33;1.08;0.39;NA;1.38;1.05;4.72;0;0;NA;NA;NA;
27;6;1.6;1.37;0.64;NA;2.21;1.59;5.06;0.02;0.03;NA;NA;NA;
27;7;6.64;8.22;2.92;NA;4.7;3.49;9.86;1.53;1.56;NA;NA;NA;
27;8;13.91;14.21;8.43;NA;9.8;9.78;17.51;6.61;7.35;NA;NA;NA;
27;9;17.01;12.62;8.22;NA;20.24;17.08;25.24;9.95;16.51;NA;NA;NA;
27;10;24.62;31.25;26.01;NA;28.71;ND;32.2;27.82;13.95;NA;NA;NA;
27;11;45.29;37.55;27.97;NA;ND;ND;52.49;39.46;25.48;NA;NA;NA;
27;12;35.42;35.63;24.22;NA;ND;34.12;ND;29.04;34.63;NA;NA;NA;
27;13;30.52;30.24;26.99;NA;ND;30.84;ND;30.97;41.6;NA;NA;NA;
27;14;28.92;33.75;19.04;NA;21.05;ND;ND;26.92;23.01;NA;NA;NA;
27;15;25.97;33.85;11.22;NA;ND;19.22;14.38;28.49;16.01;NA;NA;NA;
27;16;11.02;30.68;2.78;NA;12;4.25;7.37;5.5;2.74;NA;NA;NA;
27;17;3.61;3.53;0.96;NA;5.03;3.41;6.9;1.89;2.85;NA;NA;NA;
27;18;2.74;1.53;1.51;NA;1.65;2.08;1.05;0.37;0.26;NA;NA;NA;
27;19;2.34;1.21;0.48;NA;0.98;2.55;1.48;0.11;0.27;NA;NA;NA;
27;20;3.99;2.82;0.38;NA;2.46;0.72;1.71;0.32;0.01;NA;NA;NA;
27;21;4.75;1.62;0.27;NA;2.24;1.2;0.99;0.02;0.14;NA;NA;NA;
27;22;7.1;2.18;0.31;NA;ND;0.24;0.16;0.01;0.05;NA;NA;NA;
27;23;9.47;3.11;0.22;NA;ND;0.15;0.61;0;0;NA;NA;NA;
28;0;27.51;21.74;0.16;NA;0.59;0.49;0.31;ND;0;NA;NA;NA;
28;1;25.44;21.47;0.18;NA;2.74;0.49;ND;0;0;NA;NA;NA;
28;2;ND;3.06;0.3;NA;2.79;ND;0.88;0;0;NA;NA;NA;
28;3;11.83;0.81;0.32;NA;0.57;0.35;2.87;0;0.07;NA;NA;NA;
28;4;5.15;0.86;0.16;NA;0.94;0.87;6.57;0;0;NA;NA;NA;
28;5;3.04;1.3;0.3;NA;0.48;0.97;10.52;0;0;NA;NA;NA;
28;6;2.08;2.18;1.05;NA;1.84;2.7;5.82;0;0.31;NA;NA;NA;
28;7;2.6;2.1;5.32;NA;4.89;7.99;6.18;0.33;1.42;NA;NA;NA;
28;8;10.41;4.74;6.32;NA;13.18;13.83;17.56;0.64;1.59;NA;NA;NA;
28;9;10.58;10.63;6.13;NA;17.18;8.81;23.91;2.72;1.85;NA;NA;NA;
28;10;13.43;10.45;6.6;NA;12.7;8.37;29.43;7.73;6.82;NA;NA;NA;
28;11;19.5;20.09;12.32;NA;14.13;15.36;17.15;9.48;6.09;NA;NA;NA;
28;12;25.79;22.56;15.94;NA;17.87;17.17;24.81;16.08;15.32;NA;NA;NA;
28;13;31.41;28.91;22.9;NA;26.17;26.02;36.23;20.34;23.76;NA;NA;NA;
28;14;31.54;27.78;19.78;NA;23.42;20.47;33.3;21.97;22.57;NA;NA;NA;
28;15;33.61;31.41;17.72;NA;20.39;19.88;33.27;26.51;26.39;NA;NA;NA;
28;16;30.75;30.8;18.55;NA;16.68;20.61;27.05;32.73;21.27;NA;NA;NA;
28;17;24.01;26.05;6.42;NA;10.81;14.59;14.36;25.16;27.95;NA;NA;NA;
28;18;18.77;16.88;1.05;NA;6.47;4.29;8.7;17.76;20.74;NA;NA;NA;
28;19;11.12;14.86;0.58;NA;5.24;1.32;3.94;19.7;18.44;NA;NA;NA;
28;20;8.51;17.38;0.48;NA;1.36;0.47;2.01;20.94;22.27;NA;NA;NA;
28;21;6.91;20.75;0.32;NA;1.14;0.86;3.62;19.71;23.24;NA;NA;NA;
28;22;7.73;21.54;0.43;NA;3.83;4.87;7.22;17.6;21.68;NA;NA;NA;
28;23;11.44;23.1;5.54;NA;8.56;6.8;8.11;12.72;11.36;NA;NA;NA;
29;0;19.64;21.76;10.27;NA;13.4;16.58;12.42;3.21;14.93;NA;NA;NA;
29;1;16.16;18.03;12.86;NA;10.88;15.21;12.3;1.09;ND;NA;NA;NA;
29;2;15.93;ND;ND;NA;ND;11.81;8.49;14.1;17.05;NA;NA;NA;
29;3;11.55;15;9.34;NA;7.22;11.4;9.45;1.24;2.1;NA;NA;NA;
29;4;8.03;13.03;4;NA;1.37;1.81;8;0;1.31;NA;NA;NA;
29;5;6.66;5.4;0.19;NA;1.72;0.75;1.15;0;0.08;NA;NA;NA;
29;6;5.08;2.25;0.52;NA;2.35;0.93;1.92;0;0.3;NA;NA;NA;
29;7;2.95;5.38;1.47;NA;3.17;2.05;3.16;0.05;1.07;NA;NA;NA;
29;8;8.45;16.76;5.43;NA;11.15;7.29;9.82;4.87;4.75;NA;NA;NA;
29;9;15.02;21.62;ND;NA;14.48;13.66;26.95;17.32;11.59;NA;NA;NA;
29;10;33.97;38.33;ND;NA;22.53;21.52;57.97;25.49;15.72;NA;NA;NA;
29;11;43.34;47.4;ND;NA;32.22;19.56;24.01;34.76;31.04;NA;NA;NA;
29;12;48.74;ND;45.56;NA;51.28;45.05;31.73;50.81;25.39;NA;NA;NA;
29;13;42.95;ND;45.44;NA;54.33;54.68;38.4;59.16;38.14;NA;NA;NA;
29;14;31.66;34.19;27.36;NA;30.74;47.91;36.02;46.45;44.82;NA;NA;NA;
29;15;30.59;35.46;19.85;NA;22.19;24.95;29.14;31.78;34.49;NA;NA;NA;
29;16;30.62;30.86;11.16;NA;27.18;19.51;27.95;28.51;16.54;NA;NA;NA;
29;17;23.8;25.88;3.17;NA;17.19;7.64;12.32;24.9;15.69;NA;NA;NA;
29;18;16.09;13.57;0.6;NA;9.46;9.82;11.32;16.63;11.62;NA;NA;NA;
29;19;14.52;11.04;0.45;NA;1.42;2.14;18.01;12.31;8.04;NA;NA;NA;
29;20;9.53;10.27;0.9;NA;0.88;1.16;16.91;13.22;12.98;NA;NA;NA;
29;21;10.13;15.83;0.61;NA;9.01;0.55;2.18;11.28;12.21;NA;NA;NA;
29;22;13.06;16.12;0.31;NA;1.86;1.63;0.69;8.43;0;NA;NA;NA;
29;23;12.37;16.01;0.01;NA;5.06;0.53;0.22;7.03;0.15;NA;NA;NA;
30;0;15.43;18.39;0.06;NA;3.19;4.87;0.73;ND;0;NA;NA;NA;
30;1;20.45;18.17;2.19;NA;3.64;2.5;ND;13.54;0;NA;NA;NA;
30;2;ND;28.75;14.26;NA;19.16;ND;7.5;14.74;0;NA;NA;NA;
30;3;18.6;21.46;14.09;NA;22.25;15.65;9.73;19.44;0;NA;NA;NA;
30;4;11.18;15.95;9.87;NA;21.99;12.06;7.22;18.65;5.6;NA;NA;NA;
30;5;4.13;6.13;4.29;NA;7.99;8.41;5.47;5.21;17.57;NA;NA;NA;
30;6;2.06;2.76;1.59;NA;1.35;2.34;2.03;3.78;9.3;NA;NA;NA;
30;7;2.06;9.4;1.66;NA;3.44;3.32;5.08;2.87;1.24;NA;NA;NA;
30;8;4.81;16.19;4.98;NA;9.66;5.85;12.21;5.62;5.01;NA;NA;NA;
30;9;16.05;21.28;11.43;NA;20.19;16;25.3;14.6;16.46;NA;NA;NA;
30;10;28.54;32.68;24.05;NA;21.13;23.27;44.11;23.44;23.13;NA;NA;NA;
30;11;39.77;46.5;30.97;NA;26.06;27.55;40.78;30.93;9.29;NA;NA;NA;
30;12;45.11;44.48;41.18;NA;33.6;48.42;38.49;42.46;28.06;NA;NA;NA;
30;13;38.45;39.6;34.22;NA;42.98;46.9;38.9;43.75;40.75;NA;NA;NA;
30;14;33.01;37.13;29.26;NA;41.17;44.91;40.99;44;36.57;NA;NA;NA;
30;15;28.96;28.68;25;NA;22.8;35.98;37.13;30.37;34.36;NA;NA;NA;
30;16;25.41;24.71;18.03;NA;16.71;18.69;17.54;24.22;24.86;NA;NA;NA;
30;17;17.41;18.18;3.83;NA;15.49;5.95;12.29;16.95;15.02;NA;NA;NA;
30;18;15.91;15.87;1.49;NA;8.41;3.19;4.69;14.69;3.51;NA;NA;NA;
30;19;8.53;14.98;0.67;NA;5.33;0.96;5.37;15.09;7.71;NA;NA;NA;
30;20;7.51;16.81;1.73;NA;6.64;3.16;3.56;16.46;0.57;NA;NA;NA;
30;21;7.35;18.61;0.71;NA;1.41;1.72;3.51;18.68;3.04;NA;NA;NA;
30;22;14.9;22.53;0.34;NA;1.47;0.76;6.98;23.61;1.96;NA;NA;NA;
30;23;13.49;24.09;4.24;NA;2.39;5.9;3.98;23.71;5.39;NA;NA;NA;
31;0;18.19;25.6;11.99;NA;6.19;11.04;6.2;23.77;7.55;NA;NA;NA;
31;1;20.15;25.41;15.44;NA;6.8;5.69;5.2;23.83;ND;NA;NA;NA;
31;2;21.87;ND;ND;NA;ND;15.9;8.54;22.09;6.24;NA;NA;NA;
31;3;23.75;23.52;25.28;NA;21.61;25.2;17.19;18.88;18.81;NA;NA;NA;
31;4;18.22;29.89;16.25;NA;22.08;20.8;20.21;18.39;3.17;NA;NA;NA;
31;5;7.87;21.96;4.72;NA;9.97;10.74;7.74;13.06;17.16;NA;NA;NA;
31;6;3.22;4.86;2.33;NA;3.81;2.26;1.97;2;5.04;NA;NA;NA;
31;7;4.45;14.69;4.04;NA;3.93;3.95;3.72;6.21;3.51;NA;NA;NA;
31;8;8.3;15.05;5.66;NA;9.74;7.94;10.47;16.31;6.35;NA;NA;NA;
31;9;11.33;18.06;7.77;NA;6.25;7.6;17.98;19.39;4.92;NA;NA;NA;
31;10;22.61;26.68;16.97;NA;24.5;17.85;19.25;28;14.06;NA;NA;NA;
31;11;42.73;37.89;15.46;NA;36.98;21.34;35.14;31.72;31.06;NA;NA;NA;
31;12;47.74;ND;29.91;NA;29.95;29.51;27.18;33.81;28.07;NA;NA;NA;
31;13;38.02;ND;38.93;NA;38.19;40.29;32.58;48.3;44.97;NA;NA;NA;
31;14;30.27;38.8;21.16;NA;18.96;25.67;22.98;49.71;28.7;NA;NA;NA;
31;15;28.8;ND;12.66;NA;20.87;24.87;30.05;38.68;35.28;NA;NA;NA;
31;16;26.01;34.03;8;NA;15.73;18.96;22.1;30.24;19.82;NA;NA;NA;
31;17;22.98;29.91;3.74;NA;15.24;7.53;9.3;24.86;12.72;NA;NA;NA;
31;18;8.54;23.65;1.17;NA;15.95;1.43;6.97;21.82;18.34;NA;NA;NA;
31;19;5.82;17.99;0.96;NA;13.42;1.24;4.88;20.57;11.2;NA;NA;NA;
31;20;12.92;18.03;3.07;NA;4.88;2.66;11.35;21.58;21.52;NA;NA;NA;
31;21;13.18;18.95;3.43;NA;2.09;3.1;10.62;20.02;15.63;NA;NA;NA;
31;22;7.14;6.69;2.06;NA;2.37;0.66;17.2;11.83;7.7;NA;NA;NA;
31;23;7.25;2.74;4.07;NA;5.88;1.28;10.1;2.04;0;NA;NA;NA;
