DIA;HORA;Cotocollao;Carapungo;Belisario;Jipijapa;El Camal;Centro;Guamaní;Tumbaco;Los Chillos;El Condado;Turubamba;Chillogallo;
1;0;17.6;21.39;15;NA;28.84;24.65;NA;NA;ND;NA;NA;NA;
1;1;19.93;21.72;18.26;NA;30.47;23.84;NA;NA;ND;NA;NA;NA;
1;2;13.4;14.7;17.43;NA;24.97;21.71;NA;NA;ND;NA;NA;NA;
1;3;18.45;18.52;21.07;NA;11.63;20.58;NA;NA;ND;NA;NA;NA;
1;4;23.5;11.51;19.55;NA;16.35;19.83;NA;NA;ND;NA;NA;NA;
1;5;39.38;9.56;19.11;NA;16.92;25.68;NA;NA;ND;NA;NA;NA;
1;6;13.51;25.77;21.51;NA;27.38;25.19;NA;NA;ND;NA;NA;NA;
1;7;17.9;26.17;40.46;NA;36.81;37.9;NA;NA;ND;NA;NA;NA;
1;8;11.22;16;23.86;NA;52.86;34.69;NA;NA;ND;NA;NA;NA;
1;9;18.68;17.43;38.47;NA;38.45;44;NA;NA;ND;NA;NA;NA;
1;10;23.76;27.37;ND;NA;25.75;24.53;NA;NA;ND;NA;NA;NA;
1;11;19.08;18.86;8.94;NA;3.94;3.42;NA;NA;ND;NA;NA;NA;
1;12;4.58;17.24;7.14;NA;13.41;11.46;NA;NA;ND;NA;NA;NA;
1;13;4.44;22.19;7.7;NA;8.47;7.61;NA;NA;ND;NA;NA;NA;
1;14;9.77;10.66;1.69;NA;10.19;7.55;NA;NA;ND;NA;NA;NA;
1;15;21.9;22.75;7.88;NA;11.54;16.49;NA;NA;ND;NA;NA;NA;
1;16;18.32;26.85;18.56;NA;12.91;17.25;NA;NA;ND;NA;NA;NA;
1;17;10.36;27.97;26.39;NA;10.96;14.24;NA;NA;ND;NA;NA;NA;
1;18;12.75;66.08;16.82;NA;26.85;20.6;NA;NA;ND;NA;NA;NA;
1;19;2.04;35.21;13.1;NA;25.39;18.4;NA;NA;ND;NA;NA;NA;
1;20;15.8;80.74;19.14;NA;17.56;27.41;NA;NA;ND;NA;NA;NA;
1;21;13.86;32.09;24.03;NA;25.97;23.43;NA;NA;ND;NA;NA;NA;
1;22;20.19;18.43;23.8;NA;26.33;21.84;NA;NA;ND;NA;NA;NA;
1;23;12.68;25.59;19.38;NA;15.04;19.23;NA;NA;ND;NA;NA;NA;
2;0;14.87;22.46;16.3;NA;24.13;32.4;NA;NA;ND;NA;NA;NA;
2;1;19.94;17.88;21.08;NA;28.54;24.83;NA;NA;ND;NA;NA;NA;
2;2;22.9;16.5;20.81;NA;21.71;25.81;NA;NA;ND;NA;NA;NA;
2;3;17.77;10.98;27.09;NA;24.75;22.51;NA;NA;ND;NA;NA;NA;
2;4;24.15;24.46;33.78;NA;16.37;31.79;NA;NA;ND;NA;NA;NA;
2;5;23.85;23.64;21.5;NA;17.62;13.95;NA;NA;ND;NA;NA;NA;
2;6;32.38;34.14;15.61;NA;24.28;18.16;NA;NA;ND;NA;NA;NA;
2;7;25.35;30.64;25.66;NA;38.77;34.45;NA;NA;ND;NA;NA;NA;
2;8;32.03;34.98;44.64;NA;20.78;19.28;NA;NA;ND;NA;NA;NA;
2;9;46.14;28.61;45.82;NA;10.64;7.95;NA;NA;ND;NA;NA;NA;
2;10;38.92;16.38;19.03;NA;11.78;4.37;NA;NA;ND;NA;NA;NA;
2;11;25.29;16.13;21.18;NA;16.2;4.18;NA;NA;ND;NA;NA;NA;
2;12;6.8;10.82;22.62;NA;2.9;5.54;NA;NA;ND;NA;NA;NA;
2;13;0;16.08;24.02;NA;23.81;3.08;NA;NA;ND;NA;NA;NA;
2;14;0.77;48.82;8.53;NA;10.49;4.99;NA;NA;ND;NA;NA;NA;
2;15;3.57;42.72;0.72;NA;16.2;15.53;NA;NA;ND;NA;NA;NA;
2;16;6.11;13.2;0.69;NA;8.33;9.67;NA;NA;ND;NA;NA;NA;
2;17;14.7;10.32;7.85;NA;13.38;9.14;NA;NA;ND;NA;NA;NA;
2;18;12.99;22.59;7.96;NA;29.39;15.87;NA;NA;ND;NA;NA;NA;
2;19;23.98;28.81;12.02;NA;21.57;11.11;NA;NA;ND;NA;NA;NA;
2;20;23.82;34.22;19.14;NA;19.7;17.83;NA;NA;ND;NA;NA;NA;
2;21;27.61;26.14;16.51;NA;20.84;22.97;NA;NA;ND;NA;NA;NA;
2;22;16.3;30.33;7.92;NA;15.77;19.55;NA;NA;ND;NA;NA;NA;
2;23;8.99;17.11;5.16;NA;21.98;15.51;NA;NA;ND;NA;NA;NA;
3;0;12.05;18.47;3.71;NA;47.19;16.82;NA;NA;ND;NA;NA;NA;
3;1;11.18;20.4;9.94;NA;29.32;17.11;NA;NA;ND;NA;NA;NA;
3;2;8.09;16.11;12.28;NA;25.56;13.33;NA;NA;ND;NA;NA;NA;
3;3;15.18;21.29;12.44;NA;15.44;20.78;NA;NA;ND;NA;NA;NA;
3;4;16.07;23.27;7.97;NA;16.75;12;NA;NA;ND;NA;NA;NA;
3;5;19.5;17.67;14.99;NA;18.59;17.3;NA;NA;ND;NA;NA;NA;
3;6;30.87;33.03;20.86;NA;25.72;30.61;NA;NA;ND;NA;NA;NA;
3;7;43.11;21.71;17.22;NA;43.9;30.49;NA;NA;ND;NA;NA;NA;
3;8;18.41;28.6;7.33;NA;42.37;8.39;NA;NA;ND;NA;NA;NA;
3;9;26;51.62;7.57;NA;24.35;8.26;NA;NA;ND;NA;NA;NA;
3;10;9.6;15.64;7.95;NA;12.02;2.27;NA;NA;ND;NA;NA;NA;
3;11;10.65;13.21;6.81;NA;10.47;4.14;NA;NA;ND;NA;NA;NA;
3;12;12.11;3.87;10.11;NA;12.7;13.48;NA;NA;ND;NA;NA;NA;
3;13;10.17;20.66;3.89;NA;4.33;2.66;NA;NA;ND;NA;NA;NA;
3;14;8.88;16.73;9.74;NA;8.18;2.5;NA;NA;ND;NA;NA;NA;
3;15;7.6;11.28;3.53;NA;2.73;8.55;NA;NA;ND;NA;NA;NA;
3;16;5.23;26.2;10.34;NA;4.96;8.52;NA;NA;ND;NA;NA;NA;
3;17;7.71;11.59;3.82;NA;1.28;6.22;NA;NA;ND;NA;NA;NA;
3;18;10.27;29.66;4.78;NA;9.58;7.47;NA;NA;ND;NA;NA;NA;
3;19;16.09;25.66;5.99;NA;14.24;14.68;NA;NA;ND;NA;NA;NA;
3;20;11.41;21.17;8.74;NA;19.46;14.15;NA;NA;ND;NA;NA;NA;
3;21;8.34;20.01;10.53;NA;24.6;15.84;NA;NA;ND;NA;NA;NA;
3;22;12.75;7.25;3.91;NA;13.71;7.41;NA;NA;ND;NA;NA;NA;
3;23;12.01;7.19;7.46;NA;5.01;10.03;NA;NA;ND;NA;NA;NA;
4;0;3.79;37.42;16.26;NA;12.85;4;NA;NA;ND;NA;NA;NA;
4;1;3.65;23.67;10.35;NA;7.81;5.35;NA;NA;ND;NA;NA;NA;
4;2;3.12;17.75;0.97;NA;8.09;4.97;NA;NA;ND;NA;NA;NA;
4;3;4.44;16.88;4.78;NA;17.72;8.31;NA;NA;ND;NA;NA;NA;
4;4;5.2;12.93;4.63;NA;6.17;5.89;NA;NA;ND;NA;NA;NA;
4;5;7.11;20.46;3.19;NA;8.12;6.57;NA;NA;ND;NA;NA;NA;
4;6;ND;23.95;3.06;NA;12.25;6.68;NA;NA;ND;NA;NA;NA;
4;7;ND;22.18;1.15;NA;7.51;2.77;NA;NA;ND;NA;NA;NA;
4;8;ND;17.72;6.72;NA;28.43;3.53;NA;NA;ND;NA;NA;NA;
4;9;0;1.13;3.15;NA;6.95;3.87;NA;NA;ND;NA;NA;NA;
4;10;0;14.26;8.76;NA;18.33;4.71;NA;NA;ND;NA;NA;NA;
4;11;0;4.84;6.51;NA;8.51;1.72;NA;NA;ND;NA;NA;NA;
4;12;0;4.84;6.11;NA;5.95;8.25;NA;NA;ND;NA;NA;NA;
4;13;0;18.72;4.73;NA;7.43;8.84;NA;NA;ND;NA;NA;NA;
4;14;1.07;8.27;2.5;NA;1.78;8.23;NA;NA;ND;NA;NA;NA;
4;15;0.08;15.56;6.38;NA;6.19;13.1;NA;NA;ND;NA;NA;NA;
4;16;0.46;13.12;10.72;NA;8.28;7.05;NA;NA;ND;NA;NA;NA;
4;17;0.36;12.5;7.25;NA;14.04;7.07;NA;NA;ND;NA;NA;NA;
4;18;0.75;21.46;11.01;NA;27.89;13.92;NA;NA;ND;NA;NA;NA;
4;19;0.8;20.51;4.41;NA;9.41;7.53;NA;NA;ND;NA;NA;NA;
4;20;5.95;31.08;12.6;NA;4.77;11.79;NA;NA;ND;NA;NA;NA;
4;21;1.47;9.04;6.47;NA;9.75;8.43;NA;NA;ND;NA;NA;NA;
4;22;1.49;14.37;3.76;NA;8.42;ND;NA;NA;ND;NA;NA;NA;
4;23;3.57;17.27;1.66;NA;5.85;ND;NA;NA;ND;NA;NA;NA;
5;0;16.71;15.78;0.01;NA;10.63;0;NA;NA;ND;NA;NA;NA;
5;1;4.82;17.08;3.62;NA;3.94;3.99;NA;NA;ND;NA;NA;NA;
5;2;3.62;7.06;5.93;NA;0;5.71;NA;NA;ND;NA;NA;NA;
5;3;2.41;2.48;4.36;NA;1.73;2.17;NA;NA;ND;NA;NA;NA;
5;4;8.09;8.45;2.19;NA;7.05;8.88;NA;NA;ND;NA;NA;NA;
5;5;4.8;7.94;3.15;NA;7.34;4.09;NA;NA;ND;NA;NA;NA;
5;6;11.16;22.34;4.94;NA;23.73;10.51;NA;NA;ND;NA;NA;NA;
5;7;10.65;22.77;5.84;NA;20.42;3.54;NA;NA;ND;NA;NA;NA;
5;8;15.1;21.95;11.98;NA;39.89;9.72;NA;NA;ND;NA;NA;NA;
5;9;5.09;5.39;7.79;NA;10.28;4.34;NA;NA;ND;NA;NA;NA;
5;10;7.87;5.78;7.74;NA;8.95;3.66;NA;NA;ND;NA;NA;NA;
5;11;8.41;9.8;7.88;NA;4.99;1.86;NA;NA;ND;NA;NA;NA;
5;12;6.91;ND;6.04;NA;13.53;5.3;NA;NA;ND;NA;NA;NA;
5;13;5.13;ND;7.3;NA;9.29;5.98;NA;NA;ND;NA;NA;NA;
5;14;10.91;ND;7.36;NA;14.72;11.02;NA;NA;ND;NA;NA;NA;
5;15;6.41;12.63;6.16;NA;20.84;4.42;NA;NA;ND;NA;NA;NA;
5;16;2.84;12.3;12.18;NA;13.61;7.91;NA;NA;ND;NA;NA;NA;
5;17;6.46;12.04;10.67;NA;9.77;10.82;NA;NA;ND;NA;NA;NA;
5;18;11.62;25.19;12.91;NA;15.03;12.86;NA;NA;ND;NA;NA;NA;
5;19;7.93;22.61;5.55;NA;7.88;32.24;NA;NA;ND;NA;NA;NA;
5;20;19.51;29.33;5.39;NA;15.43;42.32;NA;NA;ND;NA;NA;NA;
5;21;5.82;24.71;7.37;NA;6.33;4.4;NA;NA;ND;NA;NA;NA;
5;22;11.65;14.66;7.95;NA;12.61;5.69;NA;NA;ND;NA;NA;NA;
5;23;14.09;14.14;1.14;NA;7.69;5.95;NA;NA;ND;NA;NA;NA;
6;0;28.5;12.57;20.38;NA;17.96;10.15;NA;NA;ND;NA;NA;NA;
6;1;9.26;8.47;11.95;NA;14.91;11.54;NA;NA;ND;NA;NA;NA;
6;2;5.96;20.43;4.81;NA;3.67;7.92;NA;NA;ND;NA;NA;NA;
6;3;14;15.42;7.77;NA;14.4;5.1;NA;NA;ND;NA;NA;NA;
6;4;7.7;25.4;5.64;NA;15.99;9.87;NA;NA;ND;NA;NA;NA;
6;5;11.18;25.01;8.09;NA;17.04;13.39;NA;NA;ND;NA;NA;NA;
6;6;29.61;60.97;10.11;NA;36.11;13.1;NA;NA;ND;NA;NA;NA;
6;7;20.62;46.12;16.61;NA;29.5;19.37;NA;NA;ND;NA;NA;NA;
6;8;30.07;38.53;10.75;NA;36.13;6.25;NA;NA;ND;NA;NA;NA;
6;9;24.49;33.34;18.82;NA;26.96;9.01;NA;NA;ND;NA;NA;NA;
6;10;ND;24.04;6.64;NA;27.01;2.5;NA;NA;ND;NA;NA;NA;
6;11;ND;16.04;12.37;NA;12.92;7.65;NA;NA;ND;NA;NA;NA;
6;12;15.79;11.68;8.49;NA;12.23;15.55;NA;NA;ND;NA;NA;NA;
6;13;12.29;7.51;5.46;NA;5.2;ND;NA;NA;ND;NA;NA;NA;
6;14;27.7;20.31;5.4;NA;6.65;ND;NA;NA;ND;NA;NA;NA;
6;15;52.18;14.44;16.02;NA;14.19;16.94;NA;NA;ND;NA;NA;NA;
6;16;ND;19.96;12.55;NA;19.84;16.2;NA;NA;ND;NA;NA;NA;
6;17;ND;16.39;15.56;NA;18.89;14.29;NA;NA;ND;NA;NA;NA;
6;18;ND;31.36;15.08;NA;21.49;6.48;NA;NA;ND;NA;NA;NA;
6;19;ND;29.53;13.01;NA;13.9;24.01;NA;NA;ND;NA;NA;NA;
6;20;ND;16.21;11.36;NA;21.24;22.51;NA;NA;ND;NA;NA;NA;
6;21;ND;12.28;12.33;NA;22.14;16.19;NA;NA;ND;NA;NA;NA;
6;22;ND;7.74;10.62;NA;22.77;23.87;NA;NA;ND;NA;NA;NA;
6;23;ND;14.96;10.31;NA;19.32;22.49;NA;NA;ND;NA;NA;NA;
7;0;ND;24.7;20;NA;31.33;18.41;NA;NA;ND;NA;NA;NA;
7;1;ND;20.41;26.9;NA;21.57;24.19;NA;NA;ND;NA;NA;NA;
7;2;ND;11.32;22.81;NA;24.43;24.46;NA;NA;ND;NA;NA;NA;
7;3;ND;11.76;26.39;NA;28.1;25.5;NA;NA;ND;NA;NA;NA;
7;4;ND;25.87;24.34;NA;15.87;28.9;NA;NA;ND;NA;NA;NA;
7;5;ND;25.94;24.59;NA;20.81;24.78;NA;NA;ND;NA;NA;NA;
7;6;ND;43.91;22.87;NA;46.57;28.51;NA;NA;ND;NA;NA;NA;
7;7;ND;45.14;37.95;NA;68.45;54.97;NA;NA;ND;NA;NA;NA;
7;8;ND;29.05;44.97;NA;69.76;33.44;NA;NA;ND;NA;NA;NA;
7;9;ND;19.33;11.3;NA;37.29;4.63;NA;NA;ND;NA;NA;NA;
7;10;ND;14.65;3.51;NA;15.08;2.73;NA;NA;ND;NA;NA;NA;
7;11;ND;6.15;9.33;NA;11.29;7.17;NA;NA;ND;NA;NA;NA;
7;12;ND;8.51;6.86;NA;13.37;6.62;NA;NA;ND;NA;NA;NA;
7;13;ND;24.43;3.13;NA;7.7;5.9;NA;NA;ND;NA;NA;NA;
7;14;ND;24.67;17.79;NA;22.04;18.73;NA;NA;ND;NA;NA;NA;
7;15;ND;9.16;13.91;NA;12.88;10.39;NA;NA;ND;NA;NA;NA;
7;16;ND;17.67;16.4;NA;27.77;12.56;NA;NA;ND;NA;NA;NA;
7;17;ND;18.51;18.1;NA;16.05;23.42;NA;NA;ND;NA;NA;NA;
7;18;ND;16.6;16.93;NA;17.74;19.13;NA;NA;ND;NA;NA;NA;
7;19;ND;21.93;16.01;NA;20.52;29.38;NA;NA;ND;NA;NA;NA;
7;20;ND;20.62;25.81;NA;21.53;28.31;NA;NA;ND;NA;NA;NA;
7;21;ND;13.49;25.96;NA;30.74;27.81;NA;NA;ND;NA;NA;NA;
7;22;ND;ND;22.04;NA;16.71;21.57;NA;NA;ND;NA;NA;NA;
7;23;ND;ND;27.23;NA;24.38;29.77;NA;NA;ND;NA;NA;NA;
8;0;ND;25.8;28.7;NA;31.16;37.33;NA;NA;ND;NA;NA;NA;
8;1;ND;11.99;25.9;NA;25.97;32.25;NA;NA;ND;NA;NA;NA;
8;2;ND;15.22;17.37;NA;23.94;16.57;NA;NA;ND;NA;NA;NA;
8;3;ND;12.09;14;NA;20.81;18.79;NA;NA;ND;NA;NA;NA;
8;4;ND;16.54;16.03;NA;20.55;15;NA;NA;ND;NA;NA;NA;
8;5;ND;17.6;23.57;NA;25.29;25.97;NA;NA;ND;NA;NA;NA;
8;6;ND;10.58;18.53;NA;30.24;26.77;NA;NA;ND;NA;NA;NA;
8;7;ND;32.33;33.13;NA;55.31;16.39;NA;NA;ND;NA;NA;NA;
8;8;ND;22.4;34.81;NA;52.02;35.8;NA;NA;ND;NA;NA;NA;
8;9;ND;17.9;40.54;NA;21.61;25.45;NA;NA;ND;NA;NA;NA;
8;10;ND;23.93;31.99;NA;27.69;24.86;NA;NA;ND;NA;NA;NA;
8;11;ND;8.11;29.86;NA;27.64;26.48;NA;NA;ND;NA;NA;NA;
8;12;ND;20.02;13.35;NA;25.6;11.21;NA;NA;ND;NA;NA;NA;
8;13;ND;49.86;28.23;NA;25.73;26.13;NA;NA;ND;NA;NA;NA;
8;14;ND;23.56;19.4;NA;17.47;21.86;NA;NA;ND;NA;NA;NA;
8;15;ND;28.71;21.13;NA;13.92;26.79;NA;NA;ND;NA;NA;NA;
8;16;ND;43.47;41.04;NA;38.06;47.07;NA;NA;ND;NA;NA;NA;
8;17;0.56;38.47;30.97;NA;19.79;29.26;NA;NA;ND;NA;NA;NA;
8;18;10.25;28.92;24.41;NA;23.76;27.76;NA;NA;ND;NA;NA;NA;
8;19;21.66;25.39;25.12;NA;45.13;35.97;NA;NA;ND;NA;NA;NA;
8;20;6.53;13.71;41.77;NA;53.88;47.09;NA;NA;ND;NA;NA;NA;
8;21;7.33;14.83;33.14;NA;35.97;43.58;NA;NA;ND;NA;NA;NA;
8;22;17.6;20.84;29.64;NA;36.44;32.34;NA;NA;ND;NA;NA;NA;
8;23;20;18.4;22.53;NA;30.52;24.19;NA;NA;ND;NA;NA;NA;
9;0;9;41.83;25.64;NA;42.31;17.72;NA;NA;ND;NA;NA;NA;
9;1;23.29;13.1;32.06;NA;24.72;33.64;NA;NA;ND;NA;NA;NA;
9;2;23.81;17.08;27.72;NA;23.97;34.31;NA;NA;ND;NA;NA;NA;
9;3;25.38;16.51;20.49;NA;6.16;23.63;NA;NA;ND;NA;NA;NA;
9;4;24.2;17.03;19.04;NA;25.96;18.85;NA;NA;ND;NA;NA;NA;
9;5;28.69;21.37;21.61;NA;29.85;25.76;NA;NA;ND;NA;NA;NA;
9;6;26.54;29.82;19.23;NA;40.92;39.71;NA;NA;ND;NA;NA;NA;
9;7;33.83;33.73;20.42;NA;66.61;44.25;NA;NA;ND;NA;NA;NA;
9;8;36.51;27;28.99;NA;53.15;33.94;NA;NA;ND;NA;NA;NA;
9;9;40.66;33.33;48.29;NA;66.13;48.03;NA;NA;ND;NA;NA;NA;
9;10;23.51;21.05;43.39;NA;50.81;49.24;NA;NA;ND;NA;NA;NA;
9;11;21.16;34.09;19.38;NA;31.96;27.12;NA;NA;ND;NA;NA;NA;
9;12;18.92;13.54;23.11;NA;21.63;11.12;NA;NA;ND;NA;NA;NA;
9;13;22.95;14.03;13.7;NA;3.32;6.95;NA;NA;ND;NA;NA;NA;
9;14;24;15.01;17.57;NA;30.29;13;NA;NA;ND;NA;NA;NA;
9;15;19.54;21.6;9.54;NA;17.95;21.58;NA;NA;ND;NA;NA;NA;
9;16;23.44;21.56;18.08;NA;12.3;24.38;NA;NA;ND;NA;NA;NA;
9;17;27.68;23.01;29.9;NA;24.59;23.06;NA;NA;ND;NA;NA;NA;
9;18;13.36;23.21;24.06;NA;17.39;29.21;NA;NA;ND;NA;NA;NA;
9;19;11.76;13.99;15.88;NA;19.1;23.69;NA;NA;ND;NA;NA;NA;
9;20;9.31;15.74;9.69;NA;26.84;23.15;NA;NA;ND;NA;NA;NA;
9;21;22.86;10.2;24.77;NA;27.38;22.68;NA;NA;ND;NA;NA;NA;
9;22;18.87;14.38;12.89;NA;14.34;11.51;NA;NA;ND;NA;NA;NA;
9;23;8.22;6.53;5.11;NA;26.45;11.95;NA;NA;ND;NA;NA;NA;
10;0;25.61;23.7;25.8;NA;23.82;20.8;NA;NA;ND;NA;NA;NA;
10;1;61.93;11.34;17.1;NA;17.34;18.87;NA;NA;ND;NA;NA;NA;
10;2;30.02;5.6;15.46;NA;20.5;21.71;NA;NA;ND;NA;NA;NA;
10;3;16.89;8.44;15.04;NA;18.34;15.66;NA;NA;ND;NA;NA;NA;
10;4;8.12;11.16;12.71;NA;19.2;16.25;NA;NA;ND;NA;NA;NA;
10;5;40.23;11.39;14.79;NA;18.04;10.7;NA;NA;ND;NA;NA;NA;
10;6;23.12;17.89;17.54;NA;11.04;16.86;NA;NA;ND;NA;NA;NA;
10;7;17.11;24.38;21.93;NA;25.43;24.11;NA;NA;ND;NA;NA;NA;
10;8;28.74;18.25;23.91;NA;22.88;19.33;NA;NA;ND;NA;NA;NA;
10;9;15.46;18.12;10.68;NA;25.28;20.32;NA;NA;ND;NA;NA;NA;
10;10;18.77;23.17;25.68;NA;19.77;21.47;NA;NA;ND;NA;NA;NA;
10;11;27.36;24.76;18.88;NA;14.14;17.01;NA;NA;ND;NA;NA;NA;
10;12;11.88;11.17;27.81;NA;29.48;31.44;NA;NA;ND;NA;NA;NA;
10;13;19.72;15.74;26.78;NA;16.69;16.34;NA;NA;ND;NA;NA;NA;
10;14;21.33;20.55;19.58;NA;20.33;17.11;NA;NA;ND;NA;NA;NA;
10;15;13.15;9.67;3.17;NA;18.82;8.65;NA;NA;ND;NA;NA;NA;
10;16;15.6;16.99;24.01;NA;29.61;18.63;NA;NA;ND;NA;NA;NA;
10;17;11.59;9.55;14.79;NA;18.79;25.91;NA;NA;ND;NA;NA;NA;
10;18;17.1;21.57;15.96;NA;12.36;23.7;NA;NA;ND;NA;NA;NA;
10;19;10.19;12.91;17.18;NA;23.04;20.45;NA;NA;ND;NA;NA;NA;
10;20;18.24;13.1;15.75;NA;38.21;22.97;NA;NA;ND;NA;NA;NA;
10;21;17.6;12.31;14.7;NA;18.89;23.05;NA;NA;ND;NA;NA;NA;
10;22;17.16;17.54;26.61;NA;ND;15.91;NA;NA;ND;NA;NA;NA;
10;23;21.62;13.27;8.43;NA;ND;27.68;NA;NA;ND;NA;NA;NA;
11;0;18.66;15.05;9.39;NA;42.55;28.58;NA;NA;ND;NA;NA;NA;
11;1;24.97;16.88;28.25;NA;23.97;25.02;NA;NA;ND;NA;NA;NA;
11;2;19.14;8.93;20.03;NA;19.72;23.64;NA;NA;ND;NA;NA;NA;
11;3;18.62;12.83;15.33;NA;16.97;18.3;NA;NA;ND;NA;NA;NA;
11;4;18.63;21.31;13.96;NA;21.04;14.77;NA;NA;ND;NA;NA;NA;
11;5;19.35;4.15;17.87;NA;21.82;17.3;NA;NA;ND;NA;NA;NA;
11;6;20.31;24.9;8.57;NA;32.34;17.36;NA;NA;ND;NA;NA;NA;
11;7;21.24;28.08;9.92;NA;26.03;24.76;NA;NA;ND;NA;NA;NA;
11;8;14.7;19.98;17.21;NA;39.27;21.68;NA;NA;ND;NA;NA;NA;
11;9;19.29;18.68;19.62;NA;34.83;22.7;NA;NA;ND;NA;NA;NA;
11;10;32.23;27.45;20.23;NA;20.15;16.34;NA;NA;ND;NA;NA;NA;
11;11;27.27;12.94;25.13;NA;24.44;22.87;NA;NA;ND;NA;NA;NA;
11;12;10.54;15.33;20.32;NA;22.29;23.25;NA;NA;ND;NA;NA;NA;
11;13;17.74;18.48;15.92;NA;15.82;14.84;NA;NA;ND;NA;NA;NA;
11;14;14.92;18.71;14.33;NA;16.42;23.73;NA;NA;ND;NA;NA;NA;
11;15;3.64;18.87;16.69;NA;13.58;16.11;NA;NA;ND;NA;NA;NA;
11;16;20.81;27.3;17.76;NA;10.16;22.79;NA;NA;ND;NA;NA;NA;
11;17;16.62;13.13;11.89;NA;8.44;11.3;NA;NA;ND;NA;NA;NA;
11;18;13.7;10.94;13.42;NA;16.49;16.35;NA;NA;ND;NA;NA;NA;
11;19;10.83;13.03;14.12;NA;25.75;23.09;NA;NA;ND;NA;NA;NA;
11;20;7.42;12.84;14.83;NA;21.52;14.34;NA;NA;ND;NA;NA;NA;
11;21;18.9;18.64;10.82;NA;13.5;20.32;NA;NA;ND;NA;NA;NA;
11;22;17.17;6.02;12.09;NA;19.51;14.77;NA;NA;ND;NA;NA;NA;
11;23;12.01;14.7;11.65;NA;27.16;20.25;NA;NA;ND;NA;NA;NA;
12;0;14.38;13.15;22.92;NA;22.1;17.32;NA;NA;ND;NA;NA;NA;
12;1;7.85;9.18;18.12;NA;24.34;19.18;NA;NA;ND;NA;NA;NA;
12;2;5.35;4.19;17.62;NA;35.61;21.15;NA;NA;ND;NA;NA;NA;
12;3;6.32;4.46;8.08;NA;32.32;22.25;NA;NA;ND;NA;NA;NA;
12;4;8.35;5.3;5.88;NA;27.83;16.87;NA;NA;ND;NA;NA;NA;
12;5;8.62;ND;5.9;NA;18.4;15.87;NA;NA;ND;NA;NA;NA;
12;6;14.93;5.04;15.61;NA;30.86;27.64;NA;NA;ND;NA;NA;NA;
12;7;17.6;14.92;21.32;NA;21.97;20;NA;NA;ND;NA;NA;NA;
12;8;19.01;14.23;31.97;NA;29.58;27.74;NA;NA;ND;NA;NA;NA;
12;9;24.95;10.03;33.16;NA;17.33;42.46;NA;NA;ND;NA;NA;NA;
12;10;25.43;17.62;33.44;NA;21.42;26.42;NA;NA;ND;NA;NA;NA;
12;11;13.18;13.08;24.85;NA;ND;22.65;NA;NA;ND;NA;NA;NA;
12;12;13.53;8.67;13.93;NA;ND;7.9;NA;NA;ND;NA;NA;NA;
12;13;22.63;14.76;14.22;NA;21.05;10.3;NA;NA;ND;NA;NA;NA;
12;14;22.74;15.87;18.54;NA;ND;24.09;NA;NA;ND;NA;NA;NA;
12;15;25.11;12.25;12.95;NA;ND;14.04;NA;NA;ND;NA;NA;NA;
12;16;15.95;12.22;24.97;NA;ND;28.85;NA;NA;ND;NA;NA;NA;
12;17;9.95;12.63;21.86;NA;2.14;24.2;NA;NA;ND;NA;NA;NA;
12;18;14.03;20.91;11.91;NA;10.77;13.32;NA;NA;ND;NA;NA;NA;
12;19;13.7;11.22;13.57;NA;11.31;16.67;NA;NA;ND;NA;NA;NA;
12;20;16.39;7.7;13.07;NA;24.49;14.74;NA;NA;ND;NA;NA;NA;
12;21;10.33;10.39;14.66;NA;25.39;19.71;NA;NA;ND;NA;NA;NA;
12;22;15.35;8.56;17.22;NA;22.95;20.08;NA;NA;ND;NA;NA;NA;
12;23;15.06;13.92;12.37;NA;ND;13.46;NA;NA;ND;NA;NA;NA;
13;0;23.45;25.46;3.12;NA;18.12;16.35;NA;NA;ND;NA;NA;NA;
13;1;19.26;9.73;23.96;NA;20.9;20.47;NA;NA;ND;NA;NA;NA;
13;2;11.05;13.31;14.68;NA;15.5;17.79;NA;NA;ND;NA;NA;NA;
13;3;18.86;12.9;5.98;NA;22.47;18.09;NA;NA;ND;NA;NA;NA;
13;4;14.99;6.58;11.06;NA;15.59;9.8;NA;NA;ND;NA;NA;NA;
13;5;21.06;15.9;9.02;NA;19.35;13.66;NA;NA;ND;NA;NA;NA;
13;6;23.03;23.78;16.1;NA;36.35;19.97;NA;NA;ND;NA;NA;NA;
13;7;28.72;32.4;24.92;NA;48.65;32.14;NA;NA;ND;NA;NA;NA;
13;8;14.98;11.32;27.48;NA;38.95;15.88;NA;NA;ND;NA;NA;NA;
13;9;29.29;17.75;35.39;NA;32.57;34.31;NA;NA;ND;NA;NA;NA;
13;10;29.38;21.49;26.31;NA;26.82;32.84;NA;NA;ND;NA;NA;NA;
13;11;33.93;30.57;22.18;NA;26.48;29.07;NA;NA;ND;NA;NA;NA;
13;12;17.92;14.51;18.11;NA;17.45;17.09;NA;NA;ND;NA;NA;NA;
13;13;19.96;16.08;18.34;NA;14.14;8.18;NA;NA;ND;NA;NA;NA;
13;14;28.27;20.38;24.71;NA;22.41;12.79;NA;NA;ND;NA;NA;NA;
13;15;22.89;18.67;18.8;NA;15.7;22.65;NA;NA;ND;NA;NA;NA;
13;16;16;14.2;9.62;NA;18.37;22.64;NA;NA;ND;NA;NA;NA;
13;17;11.74;23.06;30.2;NA;13.67;28.75;NA;NA;ND;NA;NA;NA;
13;18;25.16;27.16;22.42;NA;24.39;22.7;NA;NA;ND;NA;NA;NA;
13;19;17.8;17.99;16.83;NA;29.42;27.87;NA;NA;ND;NA;NA;NA;
13;20;15.05;13.54;21.06;NA;33.61;26.25;NA;NA;ND;NA;NA;NA;
13;21;20.13;26.95;3;NA;42.22;11.81;NA;NA;ND;NA;NA;NA;
13;22;9.59;16.35;8.94;NA;39.83;17.74;NA;NA;ND;NA;NA;NA;
13;23;16.5;13.13;6.29;NA;ND;9.91;NA;NA;ND;NA;NA;NA;
14;0;12.12;31.28;8.95;NA;13.13;12.2;NA;NA;ND;NA;NA;NA;
14;1;13.23;20.97;11.94;NA;11.87;9.54;NA;NA;ND;NA;NA;NA;
14;2;10.1;9.47;3.02;NA;10.17;7.83;NA;NA;ND;NA;NA;NA;
14;3;11.95;9.07;2.58;NA;8.41;2.67;NA;NA;ND;NA;NA;NA;
14;4;13.48;14.83;4.35;NA;10.8;7.9;NA;NA;ND;NA;NA;NA;
14;5;18.89;26.13;14.64;NA;16.91;9.6;NA;NA;ND;NA;NA;NA;
14;6;29.64;41.39;20.86;NA;39.06;23.44;NA;NA;ND;NA;NA;NA;
14;7;26.44;42.72;26.48;NA;48.98;19.48;NA;NA;ND;NA;NA;NA;
14;8;39.32;54.74;31.34;NA;39.98;27.43;NA;NA;ND;NA;NA;NA;
14;9;43.47;50.93;53.34;NA;46.94;34.17;NA;NA;ND;NA;NA;NA;
14;10;34.65;14.51;29.01;NA;37.54;36.61;NA;NA;ND;NA;NA;NA;
14;11;23.16;12.48;14.94;NA;19.28;21.61;NA;NA;ND;NA;NA;NA;
14;12;13.06;8.23;14.25;NA;14.71;11.34;NA;NA;ND;NA;NA;NA;
14;13;13.32;19.36;17.1;NA;7.35;13.7;NA;NA;ND;NA;NA;NA;
14;14;17.01;8.93;11.69;NA;10.5;ND;NA;NA;ND;NA;NA;NA;
14;15;18.73;6.15;18.07;NA;14.4;ND;NA;NA;ND;NA;NA;NA;
14;16;14.78;9.75;14.28;NA;25.05;22.68;NA;NA;ND;NA;NA;NA;
14;17;11.6;13.23;10.78;NA;20.78;25.17;NA;NA;ND;NA;NA;NA;
14;18;20.55;22.01;21.27;NA;21.97;25.74;NA;NA;ND;NA;NA;NA;
14;19;11.3;22.34;16.89;NA;36.44;19.71;NA;NA;ND;NA;NA;NA;
14;20;6.47;29.33;9.19;NA;28.19;13;NA;NA;ND;NA;NA;NA;
14;21;9.39;9.22;10.67;NA;22.52;14.98;NA;NA;ND;NA;NA;NA;
14;22;5.06;13.45;3.73;NA;12.22;12.41;NA;NA;ND;NA;NA;NA;
14;23;13.56;11.78;12.19;NA;ND;11.14;NA;NA;ND;NA;NA;NA;
15;0;11.68;1.69;1.89;NA;9.13;52.06;NA;NA;ND;NA;NA;NA;
15;1;13.09;6.52;10.76;NA;4.99;29;NA;NA;ND;NA;NA;NA;
15;2;11.64;6.06;5.91;NA;4.1;9.27;NA;NA;ND;NA;NA;NA;
15;3;11.02;13.58;7.35;NA;9.72;9.03;NA;NA;ND;NA;NA;NA;
15;4;8.11;21.95;4.26;NA;10.83;5.58;NA;NA;ND;NA;NA;NA;
15;5;12.78;14.75;8.52;NA;12.89;5.27;NA;NA;ND;NA;NA;NA;
15;6;9.42;6.44;9.23;NA;23.2;12.7;NA;NA;ND;NA;NA;NA;
15;7;9.92;26.15;9.02;NA;15.46;20.25;NA;NA;ND;NA;NA;NA;
15;8;16.96;7.12;10.54;NA;33.46;13.82;NA;NA;ND;NA;NA;NA;
15;9;12.91;12.89;10;NA;9.07;4.7;NA;NA;ND;NA;NA;NA;
15;10;8.55;27.58;8.52;NA;13.57;1.45;NA;NA;ND;NA;NA;NA;
15;11;15.82;14.42;10.87;NA;13.08;11.27;NA;NA;ND;NA;NA;NA;
15;12;6.9;1.63;5.06;NA;15.34;5.65;NA;NA;ND;NA;NA;NA;
15;13;6.61;18.51;8.91;NA;12.33;3.55;NA;NA;ND;NA;NA;NA;
15;14;2.47;6.55;3.92;NA;10.86;4.86;NA;NA;ND;NA;NA;NA;
15;15;0.43;3.15;1.31;NA;16.89;3.08;NA;NA;ND;NA;NA;NA;
15;16;4.46;6.48;6.31;NA;6.89;0.02;NA;NA;ND;NA;NA;NA;
15;17;15.9;24.64;21.4;NA;11.14;13.46;NA;NA;ND;NA;NA;NA;
15;18;12.17;14.01;12.98;NA;7.63;19.98;NA;NA;ND;NA;NA;NA;
15;19;13.58;18.79;12.28;NA;7.09;13.13;NA;NA;ND;NA;NA;NA;
15;20;11.4;21;11.05;NA;15.14;13.36;NA;NA;ND;NA;NA;NA;
15;21;13.6;23.42;6.2;NA;8;16.14;NA;NA;ND;NA;NA;NA;
15;22;12.54;36.12;3.18;NA;6.56;13.8;NA;NA;ND;NA;NA;NA;
15;23;10.83;32.03;5.77;NA;11.04;14.38;NA;NA;ND;NA;NA;NA;
16;0;14.99;26.1;5.44;NA;6.14;4.71;NA;NA;ND;NA;NA;NA;
16;1;7.29;9.41;5.37;NA;2.24;7.94;NA;NA;ND;NA;NA;NA;
16;2;8.68;2.73;2.5;NA;2.3;11.08;NA;NA;ND;NA;NA;NA;
16;3;3.35;0.64;3.01;NA;11.71;1.54;NA;NA;ND;NA;NA;NA;
16;4;0.65;11.55;3.35;NA;5.69;7.02;NA;NA;ND;NA;NA;NA;
16;5;9.51;16.86;2.88;NA;19.56;14.79;NA;NA;ND;NA;NA;NA;
16;6;13.72;17.33;7.62;NA;27.35;6.31;NA;NA;ND;NA;NA;NA;
16;7;20.52;33.51;17.93;NA;33.29;15.65;NA;NA;ND;NA;NA;NA;
16;8;21.55;37.11;11.95;NA;16.55;9.59;NA;NA;ND;NA;NA;NA;
16;9;15.31;20.78;5.12;NA;10.58;1.02;NA;NA;ND;NA;NA;NA;
16;10;5.19;13.4;10.02;NA;15.42;0.85;NA;NA;ND;NA;NA;NA;
16;11;7.15;12.31;8.36;NA;5.11;3.76;NA;NA;ND;NA;NA;NA;
16;12;9.71;5.4;5.6;NA;11.79;4.16;NA;NA;ND;NA;NA;NA;
16;13;6.38;4.53;8.09;NA;4.45;9.52;NA;NA;ND;NA;NA;NA;
16;14;13.35;17.42;7.53;NA;7.24;6.21;NA;NA;ND;NA;NA;NA;
16;15;13.95;27.8;12.49;NA;8.09;6.74;NA;NA;ND;NA;NA;NA;
16;16;15.21;17.56;21.31;NA;8.88;31.23;NA;NA;ND;NA;NA;NA;
16;17;21.09;29.02;18.83;NA;19.01;19.73;NA;NA;ND;NA;NA;NA;
16;18;15.37;16.62;25.8;NA;22.51;36.38;NA;NA;ND;NA;NA;NA;
16;19;21.93;13.39;28.13;NA;26.66;34.68;NA;NA;ND;NA;NA;NA;
16;20;30.79;13.58;23.15;NA;33.33;31.86;NA;NA;ND;NA;NA;NA;
16;21;23.44;17.55;24.86;NA;25.13;37.03;NA;NA;ND;NA;NA;NA;
16;22;15.65;16.55;30.93;NA;36.87;36.11;NA;NA;ND;NA;NA;NA;
16;23;25.58;23.23;25.46;NA;34.65;34.35;NA;NA;ND;NA;NA;NA;
17;0;31.88;28.48;33.59;NA;36.93;41.27;NA;NA;ND;NA;NA;NA;
17;1;36.93;27.88;40.88;NA;71.1;46.71;NA;NA;ND;NA;NA;NA;
17;2;40.1;32.78;41.69;NA;35.91;44.43;NA;NA;ND;NA;NA;NA;
17;3;42.13;11.44;46.15;NA;43.55;41.72;NA;NA;ND;NA;NA;NA;
17;4;47.76;27.88;39.03;NA;39.23;44.99;NA;NA;ND;NA;NA;NA;
17;5;51.49;35.12;38.13;NA;49.88;41.9;NA;NA;ND;NA;NA;NA;
17;6;53.75;40.86;24.94;NA;49.67;38.26;NA;NA;ND;NA;NA;NA;
17;7;60;32.43;39.31;NA;73.2;34.62;NA;NA;ND;NA;NA;NA;
17;8;41.84;39.55;13.44;NA;70.88;16.79;NA;NA;ND;NA;NA;NA;
17;9;22.44;23.24;6.69;NA;18.11;6.2;NA;NA;ND;NA;NA;NA;
17;10;9.54;10.13;5.63;NA;13.6;5.02;NA;NA;ND;NA;NA;NA;
17;11;14.59;13.71;9.15;NA;13.29;5.78;NA;NA;ND;NA;NA;NA;
17;12;5.56;5.3;4.44;NA;7.69;1.76;NA;NA;ND;NA;NA;NA;
17;13;6.53;7.74;4.04;NA;6.36;2.51;NA;NA;ND;NA;NA;NA;
17;14;8.94;8.5;8.23;NA;3.41;1.48;NA;NA;ND;NA;NA;NA;
17;15;4.88;1.85;5.43;NA;7.93;7.73;NA;NA;ND;NA;NA;NA;
17;16;10.97;9.29;5.42;NA;2.06;8.63;NA;NA;ND;NA;NA;NA;
17;17;5;14.81;4.89;NA;10.96;9.47;NA;NA;ND;NA;NA;NA;
17;18;13.52;32.34;4.35;NA;3.3;11.89;NA;NA;ND;NA;NA;NA;
17;19;18.87;18.87;7.07;NA;8.52;6.54;NA;NA;ND;NA;NA;NA;
17;20;18.5;19.1;3.9;NA;15.55;9.47;NA;NA;ND;NA;NA;NA;
17;21;18.11;17.11;7.06;NA;11.71;4.94;NA;NA;ND;NA;NA;NA;
17;22;19.24;3.02;3.6;NA;9.76;9.75;NA;NA;ND;NA;NA;NA;
17;23;8.64;14.87;12.48;NA;12.76;20.36;NA;NA;ND;NA;NA;NA;
18;0;2.23;20.58;21.57;NA;16.02;14.33;NA;NA;ND;NA;NA;NA;
18;1;14.29;20.46;9.98;NA;6.56;14.58;NA;NA;ND;NA;NA;NA;
18;2;14.56;21.16;6.24;NA;17.56;12.9;NA;NA;ND;NA;NA;NA;
18;3;21.95;25.37;15.2;NA;16.27;26;NA;NA;ND;NA;NA;NA;
18;4;18.41;24.53;11.85;NA;18.41;19.86;NA;NA;ND;NA;NA;NA;
18;5;19.51;22.2;16.92;NA;18.59;15.08;NA;NA;ND;NA;NA;NA;
18;6;14.74;22.73;12.29;NA;18.2;21.9;NA;NA;ND;NA;NA;NA;
18;7;7.32;16.6;16.77;NA;19.28;7.62;NA;NA;ND;NA;NA;NA;
18;8;12.24;17.8;11.48;NA;11.13;1.84;NA;NA;ND;NA;NA;NA;
18;9;17.05;4;9.17;NA;15.15;6.23;NA;NA;ND;NA;NA;NA;
18;10;4.68;9.22;3.76;NA;8.36;5.81;NA;NA;ND;NA;NA;NA;
18;11;6.01;8.64;10.96;NA;6.22;2.59;NA;NA;ND;NA;NA;NA;
18;12;9.03;21.4;11.57;NA;8.87;7.37;NA;NA;ND;NA;NA;NA;
18;13;15.92;21.19;4.17;NA;6.67;2.12;NA;NA;ND;NA;NA;NA;
18;14;12.49;16.59;6.95;NA;1.79;3.88;NA;NA;ND;NA;NA;NA;
18;15;19.12;16.77;8.43;NA;7.36;2.76;NA;NA;ND;NA;NA;NA;
18;16;17.78;33.73;14.8;NA;15.57;20.31;NA;NA;ND;NA;NA;NA;
18;17;18.33;15.14;19.79;NA;14.88;19.01;NA;NA;ND;NA;NA;NA;
18;18;23.3;18.22;18.07;NA;13.41;20.15;NA;NA;ND;NA;NA;NA;
18;19;24.57;14.67;17.26;NA;20.44;21.77;NA;NA;ND;NA;NA;NA;
18;20;24.59;28.7;26.3;NA;22.02;33.19;NA;NA;ND;NA;NA;NA;
18;21;26.75;14.5;21.97;NA;28.9;23.26;NA;NA;ND;NA;NA;NA;
18;22;22.23;16.93;25.61;NA;20.43;22.67;NA;NA;ND;NA;NA;NA;
18;23;19.28;17.51;16.3;NA;19.77;23;NA;NA;ND;NA;NA;NA;
19;0;30.67;32.99;23.82;NA;30.3;36.66;NA;NA;ND;NA;NA;NA;
19;1;32.96;28.95;20.8;NA;27.09;32.37;NA;NA;ND;NA;NA;NA;
19;2;25.95;21.35;26.15;NA;25.56;27.19;NA;NA;ND;NA;NA;NA;
19;3;26.22;24.97;24.5;NA;26.68;28.84;NA;NA;ND;NA;NA;NA;
19;4;28.32;19.74;24.59;NA;23.33;27.59;NA;NA;ND;NA;NA;NA;
19;5;33.36;19.48;24.43;NA;24.98;28.2;NA;NA;ND;NA;NA;NA;
19;6;33.15;24.37;28.47;NA;46.39;39.21;NA;NA;ND;NA;NA;NA;
19;7;31.75;31.86;30.09;NA;49.84;46.19;NA;NA;ND;NA;NA;NA;
19;8;28.85;16.75;37.51;NA;46.49;35.64;NA;NA;ND;NA;NA;NA;
19;9;48.59;30.79;26.19;NA;34.43;20.57;NA;NA;ND;NA;NA;NA;
19;10;36.2;22.92;17.62;NA;32.99;20.99;NA;NA;ND;NA;NA;NA;
19;11;16.28;20.13;11.1;NA;26.15;5.15;NA;NA;ND;NA;NA;NA;
19;12;15.17;9.35;12.41;NA;5.15;1.71;NA;NA;ND;NA;NA;NA;
19;13;16.84;23.12;8.41;NA;5.41;13.23;NA;NA;ND;NA;NA;NA;
19;14;20.51;26.94;13.42;NA;6.73;4.7;NA;NA;ND;NA;NA;NA;
19;15;19.89;16.68;17.22;NA;9.37;19.23;NA;NA;ND;NA;NA;NA;
19;16;18.19;26.08;16.17;NA;21.21;13.33;NA;NA;ND;NA;NA;NA;
19;17;14.4;22.01;21.36;NA;25.21;27.74;NA;NA;ND;NA;NA;NA;
19;18;32.4;28.19;24.04;NA;24.48;28.46;NA;NA;ND;NA;NA;NA;
19;19;21.06;27.39;28.9;NA;20.74;35.74;NA;NA;ND;NA;NA;NA;
19;20;26.68;22.33;26.88;NA;35.26;28.8;NA;NA;ND;NA;NA;NA;
19;21;31.68;18.87;26.04;NA;35.68;31.39;NA;NA;ND;NA;NA;NA;
19;22;24.06;23.63;27.2;NA;23.64;19.79;NA;NA;ND;NA;NA;NA;
19;23;28.62;ND;14.51;NA;14.32;25.16;NA;NA;ND;NA;NA;NA;
20;0;25.81;21.16;30.81;NA;31.59;24.41;NA;NA;ND;NA;NA;NA;
20;1;26.69;13.98;25.58;NA;27.45;26.39;NA;NA;ND;NA;NA;NA;
20;2;27.73;31.62;19.46;NA;16.89;20.64;NA;NA;ND;NA;NA;NA;
20;3;31.74;29.74;24.13;NA;13.44;20.4;NA;NA;ND;NA;NA;NA;
20;4;38.4;23.75;15.43;NA;9.77;9.86;NA;NA;ND;NA;NA;NA;
20;5;34.82;22.49;8.43;NA;3.18;5.6;NA;NA;ND;NA;NA;NA;
20;6;30.44;32.45;7.89;NA;17.63;18.25;NA;NA;ND;NA;NA;NA;
20;7;29.67;34.1;5.33;NA;16.19;10.1;NA;NA;ND;NA;NA;NA;
20;8;30.24;17.98;9.95;NA;23.52;11.32;NA;NA;ND;NA;NA;NA;
20;9;15.18;20.56;9.48;NA;9.03;2.67;NA;NA;ND;NA;NA;NA;
20;10;4.76;9.57;11.34;NA;5.43;2.36;NA;NA;ND;NA;NA;NA;
20;11;10.44;11.28;6.53;NA;6.48;7.14;NA;NA;ND;NA;NA;NA;
20;12;10.61;9.89;8.3;NA;6.26;6.61;NA;NA;ND;NA;NA;NA;
20;13;8.37;10.1;6.42;NA;11.77;5.37;NA;NA;ND;NA;NA;NA;
20;14;10.04;11.91;10.68;NA;6.9;8.67;NA;NA;ND;NA;NA;NA;
20;15;9.78;16.14;13.03;NA;6.91;13.42;NA;NA;ND;NA;NA;NA;
20;16;3.98;5.44;5.67;NA;7.95;5.32;NA;NA;ND;NA;NA;NA;
20;17;12.01;10.72;8.89;NA;15.52;12.39;NA;NA;ND;NA;NA;NA;
20;18;14.07;29.05;11.93;NA;7.76;11.14;NA;NA;ND;NA;NA;NA;
20;19;8.22;21.18;9.88;NA;17.03;9.12;NA;NA;ND;NA;NA;NA;
20;20;15.64;23.05;11.89;NA;17.9;19.86;NA;NA;ND;NA;NA;NA;
20;21;14.57;21.77;11.78;NA;14.88;19.61;NA;NA;ND;NA;NA;NA;
20;22;13.07;15.81;12.78;NA;15.4;14.28;NA;NA;ND;NA;NA;NA;
20;23;15.09;23.7;3.44;NA;14.44;9.37;NA;NA;ND;NA;NA;NA;
21;0;18.48;7.43;2.78;NA;18.98;20.33;NA;NA;ND;NA;NA;NA;
21;1;11.75;8.48;5.57;NA;19.51;15.41;NA;NA;ND;NA;NA;NA;
21;2;11.5;3.64;4.08;NA;21.63;5.58;NA;NA;ND;NA;NA;NA;
21;3;11.21;8.6;3.8;NA;13.32;2.86;NA;NA;ND;NA;NA;NA;
21;4;5.33;9.02;2.29;NA;12.85;9.96;NA;NA;ND;NA;NA;NA;
21;5;15.32;25.33;8.29;NA;14.83;15.31;NA;NA;ND;NA;NA;NA;
21;6;23.71;35.5;11.27;NA;20.72;13.24;NA;NA;ND;NA;NA;NA;
21;7;18.29;22.83;16.11;NA;31.31;9.03;NA;NA;ND;NA;NA;NA;
21;8;14.67;8.79;26.3;NA;14.45;6.33;NA;NA;ND;NA;NA;NA;
21;9;14.24;12.27;7.63;NA;21.71;5.61;NA;NA;ND;NA;NA;NA;
21;10;9.39;6.33;5.62;NA;14.72;2.56;NA;NA;ND;NA;NA;NA;
21;11;11.75;8.98;11.49;NA;ND;13.06;NA;NA;ND;NA;NA;NA;
21;12;10.83;8.16;8.68;NA;11.78;11.39;NA;NA;ND;NA;NA;NA;
21;13;4.66;13.92;14.8;NA;ND;5.51;NA;NA;ND;NA;NA;NA;
21;14;7.37;4.63;1.07;NA;9.67;6.34;NA;NA;ND;NA;NA;NA;
21;15;15.86;10.73;11.99;NA;15.85;10.09;NA;NA;ND;NA;NA;NA;
21;16;7.96;12.96;9.4;NA;2.32;6.02;NA;NA;ND;NA;NA;NA;
21;17;13.16;20.55;10.67;NA;3.77;9.39;NA;NA;ND;NA;NA;NA;
21;18;15.06;14.28;7.3;NA;6.28;14.3;NA;NA;ND;NA;NA;NA;
21;19;9.32;18.07;11.97;NA;19;15.58;NA;NA;ND;NA;NA;NA;
21;20;12.63;17.1;13.35;NA;4.67;17.68;NA;NA;ND;NA;NA;NA;
21;21;9.84;22.64;8.05;NA;3.7;17.59;NA;NA;ND;NA;NA;NA;
21;22;16.78;11.56;14.02;NA;23.72;15.93;NA;NA;ND;NA;NA;NA;
21;23;7.75;19.73;3.67;NA;ND;11.97;NA;NA;ND;NA;NA;NA;
22;0;9.65;30.92;0;NA;20.1;14.2;NA;NA;ND;NA;NA;NA;
22;1;14.67;20.55;10.17;NA;13.3;8.79;NA;NA;ND;NA;NA;NA;
22;2;12.66;18.47;3.78;NA;10.56;6.96;NA;NA;ND;NA;NA;NA;
22;3;19.82;22.85;4.52;NA;14.79;13.45;NA;NA;ND;NA;NA;NA;
22;4;17.94;19;6.21;NA;9.6;8.51;NA;NA;ND;NA;NA;NA;
22;5;17.38;13.31;5.55;NA;17.46;9.07;NA;NA;ND;NA;NA;NA;
22;6;23.32;43.31;8.08;NA;24.65;16.74;NA;NA;ND;NA;NA;NA;
22;7;19.97;47.3;5.47;NA;30.11;30.13;NA;NA;ND;NA;NA;NA;
22;8;21.77;25.67;7.68;NA;31.79;6.13;NA;NA;ND;NA;NA;NA;
22;9;19.02;4.84;9.3;NA;17.87;3.32;NA;NA;ND;NA;NA;NA;
22;10;3.88;16.69;6.48;NA;8.87;2.3;NA;NA;ND;NA;NA;NA;
22;11;10.3;4.4;7.76;NA;10.56;1.52;NA;NA;ND;NA;NA;NA;
22;12;10.45;7.12;2.8;NA;2.67;3.72;NA;NA;ND;NA;NA;NA;
22;13;5.15;12.69;7.87;NA;5.77;7.03;NA;NA;ND;NA;NA;NA;
22;14;23.07;22.49;9.1;NA;5.66;8.2;NA;NA;ND;NA;NA;NA;
22;15;13.02;23.17;10.09;NA;8;5.22;NA;NA;ND;NA;NA;NA;
22;16;18.51;8.93;27.85;NA;17.26;13.54;NA;NA;ND;NA;NA;NA;
22;17;15.18;26.06;10.79;NA;9.66;9.01;NA;NA;ND;NA;NA;NA;
22;18;18.9;25.69;11.79;NA;18.87;14.2;NA;NA;ND;NA;NA;NA;
22;19;12.49;18.69;10.38;NA;23.92;31.78;NA;NA;ND;NA;NA;NA;
22;20;13.61;14.97;6.36;NA;30.01;32.34;NA;NA;ND;NA;NA;NA;
22;21;17.61;17.66;13.19;NA;26.1;25.74;NA;NA;ND;NA;NA;NA;
22;22;14.74;20.68;8.71;NA;14.68;25.52;NA;NA;ND;NA;NA;NA;
22;23;19.79;31.74;16.95;NA;ND;23.94;NA;NA;ND;NA;NA;NA;
23;0;25.78;34.76;12.5;NA;30.87;18.35;NA;NA;ND;NA;NA;NA;
23;1;17.68;19.48;15.2;NA;43.75;20.16;NA;NA;ND;NA;NA;NA;
23;2;10;21.62;6.53;NA;22.99;16.48;NA;NA;ND;NA;NA;NA;
23;3;12.4;24.41;15.44;NA;18.48;20.18;NA;NA;ND;NA;NA;NA;
23;4;14.53;26.52;13.56;NA;19.02;22.84;NA;NA;ND;NA;NA;NA;
23;5;18.7;24.04;13.68;NA;28.2;11.59;NA;NA;ND;NA;NA;NA;
23;6;22.14;41.33;19.59;NA;31.32;27.59;NA;NA;ND;NA;NA;NA;
23;7;22.71;40.45;18.47;NA;52.41;39.96;NA;NA;ND;NA;NA;NA;
23;8;26.12;16.18;47.03;NA;43.64;38.96;NA;NA;ND;NA;NA;NA;
23;9;20.11;16.04;18.64;NA;41.15;10.65;NA;NA;ND;NA;NA;NA;
23;10;20.71;11.85;ND;NA;22.05;8.59;NA;NA;ND;NA;NA;NA;
23;11;20.12;24.17;ND;NA;9.72;7.85;NA;NA;ND;NA;NA;NA;
23;12;12.96;9.75;ND;NA;11.22;5.06;NA;NA;ND;NA;NA;NA;
23;13;23.41;24.59;8.28;NA;0;6;NA;NA;ND;NA;NA;NA;
23;14;16;26.51;12.19;NA;12.89;18.71;NA;NA;ND;NA;NA;NA;
23;15;18.67;11.21;10.71;NA;22.93;16.65;NA;NA;ND;NA;NA;NA;
23;16;19.29;19.35;19.22;NA;25.24;11.83;NA;NA;ND;NA;NA;NA;
23;17;14.69;18.91;20.91;NA;13.12;21.93;NA;NA;ND;NA;NA;NA;
23;18;12.55;16.77;20.98;NA;7.46;23.42;NA;NA;ND;NA;NA;NA;
23;19;17.36;8.7;23.21;NA;19.88;28.76;NA;NA;ND;NA;NA;NA;
23;20;8.2;12.93;17.6;NA;14.27;26.51;NA;NA;ND;NA;NA;NA;
23;21;11.12;9.74;17.7;NA;25.32;19;NA;NA;ND;NA;NA;NA;
23;22;14.3;8.18;13.13;NA;23.75;19.94;NA;NA;ND;NA;NA;NA;
23;23;13.74;14.25;13.34;NA;ND;13.65;NA;NA;ND;NA;NA;NA;
24;0;5.84;13.49;9.91;NA;6.24;15.34;NA;NA;ND;NA;NA;NA;
24;1;14.88;5.95;18.12;NA;17.43;14;NA;NA;ND;NA;NA;NA;
24;2;9.8;10.81;13.26;NA;17.98;12.01;NA;NA;ND;NA;NA;NA;
24;3;17.38;23.85;16.4;NA;11.42;16.15;NA;NA;ND;NA;NA;NA;
24;4;19.67;23.96;16.16;NA;14.53;14.67;NA;NA;ND;NA;NA;NA;
24;5;17.2;25.15;19.62;NA;15.08;20.43;NA;NA;ND;NA;NA;NA;
24;6;26.24;12.56;17.26;NA;28.39;17.46;NA;NA;ND;NA;NA;NA;
24;7;25.95;19.73;23.33;NA;28.47;25.13;NA;NA;ND;NA;NA;NA;
24;8;24.7;11.63;15.7;NA;25.35;15.29;NA;NA;ND;NA;NA;NA;
24;9;39.87;11.72;23.64;NA;38.71;29.22;NA;NA;ND;NA;NA;NA;
24;10;17.05;49.91;17.11;NA;30.75;14.76;NA;NA;ND;NA;NA;NA;
24;11;21.49;23.75;22.68;NA;22.41;16.84;NA;NA;ND;NA;NA;NA;
24;12;20.17;29.68;15.95;NA;13.07;12.35;NA;NA;ND;NA;NA;NA;
24;13;28.28;28.4;29.46;NA;18.72;23.65;NA;NA;ND;NA;NA;NA;
24;14;16.69;18.26;11.98;NA;27.27;20.3;NA;NA;ND;NA;NA;NA;
24;15;31.44;15.58;18.43;NA;11.91;15.32;NA;NA;ND;NA;NA;NA;
24;16;19.7;18.35;22.51;NA;21.72;27.42;NA;NA;ND;NA;NA;NA;
24;17;18.86;17.29;27.23;NA;19.63;26.64;NA;NA;ND;NA;NA;NA;
24;18;12.28;18.94;14.99;NA;18.65;15.19;NA;NA;ND;NA;NA;NA;
24;19;14.28;19.24;18.41;NA;ND;19.06;NA;NA;ND;NA;NA;NA;
24;20;12.22;13.34;5.71;NA;24.79;20.06;NA;NA;ND;NA;NA;NA;
24;21;18.55;18.34;8.72;NA;5.76;13.41;NA;NA;ND;NA;NA;NA;
24;22;17.3;3.8;7.07;NA;11.96;16.18;NA;NA;ND;NA;NA;NA;
24;23;11.9;8.57;8.86;NA;ND;11.86;NA;NA;ND;NA;NA;NA;
25;0;14.14;28.68;15.31;NA;13.73;4.33;NA;NA;ND;NA;NA;NA;
25;1;16.61;18.48;18.29;NA;21.69;16.54;NA;NA;ND;NA;NA;NA;
25;2;20.5;21.06;11.31;NA;20.95;18.38;NA;NA;ND;NA;NA;NA;
25;3;8.27;19.46;11.19;NA;16.15;17.3;NA;NA;ND;NA;NA;NA;
25;4;16.51;28.19;16.85;NA;25.27;12.29;NA;NA;ND;NA;NA;NA;
25;5;16.96;18.87;10.06;NA;ND;13.59;NA;NA;ND;NA;NA;NA;
25;6;18.49;22.87;10.22;NA;24.51;26.21;NA;NA;ND;NA;NA;NA;
25;7;11.61;24.58;6.73;NA;41.8;18.16;NA;NA;ND;NA;NA;NA;
25;8;22.58;16.54;21.74;NA;41.63;20.71;NA;NA;ND;NA;NA;NA;
25;9;23.57;15.01;15.27;NA;11.59;9.9;NA;NA;ND;NA;NA;NA;
25;10;22.87;19.03;14.95;NA;12.11;11.13;NA;NA;ND;NA;NA;NA;
25;11;19.79;15.42;19.38;NA;27.97;15.92;NA;NA;ND;NA;NA;NA;
25;12;24.77;19.77;19.45;NA;16.13;16.85;NA;NA;ND;NA;NA;NA;
25;13;18.35;11.63;20.62;NA;23.69;18.92;NA;NA;ND;NA;NA;NA;
25;14;29.99;23.96;17.65;NA;29.79;31.06;NA;NA;ND;NA;NA;NA;
25;15;10;14.34;9.48;NA;15.42;23.88;NA;NA;ND;NA;NA;NA;
25;16;19.75;43.08;12.08;NA;ND;11.06;NA;NA;ND;NA;NA;NA;
25;17;8.96;6.97;13.04;NA;18.94;20.9;NA;NA;ND;NA;NA;NA;
25;18;9.99;19.12;10.81;NA;15.22;23.79;NA;NA;ND;NA;NA;NA;
25;19;13.09;5.53;17.2;NA;11.64;17.26;NA;NA;ND;NA;NA;NA;
25;20;18.22;8.65;14.57;NA;24.15;16.02;NA;NA;ND;NA;NA;NA;
25;21;14.83;14.12;18.22;NA;20.43;19.83;NA;NA;ND;NA;NA;NA;
25;22;15.71;7.33;9.23;NA;21.71;12.5;NA;NA;ND;NA;NA;NA;
25;23;14.86;4.34;8.65;NA;ND;14.65;NA;NA;ND;NA;NA;NA;
26;0;27.19;6.11;11.12;NA;29.66;27.27;NA;NA;ND;NA;NA;NA;
26;1;22.39;11.86;13.25;NA;19.56;20.29;NA;NA;ND;NA;NA;NA;
26;2;14.21;8.24;15.47;NA;16.58;15.35;NA;NA;ND;NA;NA;NA;
26;3;16.23;2.89;12.78;NA;12;13.79;NA;NA;ND;NA;NA;NA;
26;4;16.4;21.76;8.28;NA;5.92;15.95;NA;NA;ND;NA;NA;NA;
26;5;13.87;16.73;14.29;NA;29.01;13.43;NA;NA;ND;NA;NA;NA;
26;6;28.14;17.56;21.65;NA;39.01;28.54;NA;NA;ND;NA;NA;NA;
26;7;19.2;28.44;30.96;NA;39.84;41.36;NA;NA;ND;NA;NA;NA;
26;8;37.79;14.29;43.65;NA;32.81;24.99;NA;NA;ND;NA;NA;NA;
26;9;33.9;19.58;45.65;NA;24.02;22.4;NA;NA;ND;NA;NA;NA;
26;10;13.85;9.1;12.84;NA;21.79;11.16;NA;NA;ND;NA;NA;NA;
26;11;13.35;11.97;10.16;NA;9.71;1.32;NA;NA;ND;NA;NA;NA;
26;12;17.43;8.43;5.45;NA;6.52;6.09;NA;NA;ND;NA;NA;NA;
26;13;24.87;21.1;7.83;NA;6.87;15.54;NA;NA;ND;NA;NA;NA;
26;14;26.53;33.02;13.83;NA;10.9;11.08;NA;NA;ND;NA;NA;NA;
26;15;16.21;8.29;15.77;NA;8.08;17.61;NA;NA;ND;NA;NA;NA;
26;16;11.52;15.3;0.91;NA;10.08;3.32;NA;NA;ND;NA;NA;NA;
26;17;13.3;19.64;16.85;NA;12.5;11.46;NA;NA;ND;NA;NA;NA;
26;18;9.54;15.69;16.54;NA;11.4;19.76;NA;NA;ND;NA;NA;NA;
26;19;11.04;9.95;19.4;NA;18.73;23.72;NA;NA;ND;NA;NA;NA;
26;20;14.15;16.76;14.67;NA;14.88;11.19;NA;NA;ND;NA;NA;NA;
26;21;7.26;5.77;16.68;NA;14.24;10.39;NA;NA;ND;NA;NA;NA;
26;22;9.47;7.5;5.38;NA;7.39;5.43;NA;NA;ND;NA;NA;NA;
26;23;15.29;11.97;3.04;NA;ND;9.75;NA;NA;ND;NA;NA;NA;
27;0;6.61;10.12;19.59;NA;15.24;24.47;NA;NA;ND;NA;NA;NA;
27;1;12.76;14.25;8.53;NA;13.25;14.62;NA;NA;ND;NA;NA;NA;
27;2;11.06;12.39;12.77;NA;20.44;3.92;NA;NA;ND;NA;NA;NA;
27;3;4.2;17.12;7.04;NA;6.78;6.23;NA;NA;ND;NA;NA;NA;
27;4;15.16;7.21;5.05;NA;5.33;5.92;NA;NA;ND;NA;NA;NA;
27;5;10.88;29.8;0.66;NA;8.52;4.93;NA;NA;ND;NA;NA;NA;
27;6;13.96;18.46;2.52;NA;31.09;5.93;NA;NA;ND;NA;NA;NA;
27;7;6.44;10.82;2.73;NA;27.82;2.74;NA;NA;ND;NA;NA;NA;
27;8;11.98;4.38;4.78;NA;10.75;5;NA;NA;ND;NA;NA;NA;
27;9;9.14;4.62;11.16;NA;8.79;3.62;NA;NA;ND;NA;NA;NA;
27;10;8.58;13.4;9.02;NA;3.97;2.75;NA;NA;ND;NA;NA;NA;
27;11;12.61;7.82;5.56;NA;3.64;4.63;NA;NA;ND;NA;NA;NA;
27;12;7.62;8.42;5.92;NA;4.21;7.07;NA;NA;ND;NA;NA;NA;
27;13;7.05;14.65;4.39;NA;14.43;3.74;NA;NA;ND;NA;NA;NA;
27;14;13.41;11.28;6.91;NA;8.99;11.85;NA;NA;ND;NA;NA;NA;
27;15;12.25;21.45;14.54;NA;0.46;4.5;NA;NA;ND;NA;NA;NA;
27;16;10.73;16.85;12.77;NA;12.99;13.51;NA;NA;ND;NA;NA;NA;
27;17;19.48;22.03;10.46;NA;19.43;8.05;NA;NA;ND;NA;NA;NA;
27;18;16.54;27.86;7.45;NA;14.59;10.81;NA;NA;ND;NA;NA;NA;
27;19;12.9;25.66;17.56;NA;18.64;12.1;NA;NA;ND;NA;NA;NA;
27;20;19.46;23.57;11.69;NA;15.38;14.65;NA;NA;ND;NA;NA;NA;
27;21;21.6;24.48;10.6;NA;13.64;24.4;NA;NA;ND;NA;NA;NA;
27;22;16.64;15.56;4.95;NA;22.64;20.62;NA;NA;ND;NA;NA;NA;
27;23;14.25;15.9;7.05;NA;ND;6.81;NA;NA;ND;NA;NA;NA;
28;0;2.39;0.53;7.05;NA;11.88;12.63;NA;NA;ND;NA;NA;NA;
28;1;9.16;12.71;7.79;NA;15.16;3.8;NA;NA;ND;NA;NA;NA;
28;2;4.62;2.75;4.57;NA;8.59;5.64;NA;NA;ND;NA;NA;NA;
28;3;9.94;16.6;9.04;NA;6.58;9.97;NA;NA;ND;NA;NA;NA;
28;4;11.23;9.28;6.38;NA;6.38;4.29;NA;NA;ND;NA;NA;NA;
28;5;16.1;21.79;6.99;NA;17.48;10.67;NA;NA;ND;NA;NA;NA;
28;6;14.96;49.21;10.04;NA;28.22;13.16;NA;NA;ND;NA;NA;NA;
28;7;13.28;33.66;1.15;NA;41.02;5.4;NA;NA;ND;NA;NA;NA;
28;8;12.39;17.38;7.68;NA;16.94;1.33;NA;NA;ND;NA;NA;NA;
28;9;11.03;12.54;1.67;NA;8.26;2.48;NA;NA;ND;NA;NA;NA;
28;10;4.93;7.53;9.85;NA;9.01;5.51;NA;NA;ND;NA;NA;NA;
28;11;7.95;13.1;3.95;NA;6.5;2.96;NA;NA;ND;NA;NA;NA;
28;12;3.4;13.01;8.12;NA;5.01;3.76;NA;NA;ND;NA;NA;NA;
28;13;13.13;12.08;2.64;NA;2.74;6.64;NA;NA;ND;NA;NA;NA;
28;14;8.55;3.18;11.13;NA;2.76;3.37;NA;NA;ND;NA;NA;NA;
28;15;16.25;24.44;12.1;NA;3.73;10.7;NA;NA;ND;NA;NA;NA;
28;16;16.15;15.66;7.8;NA;5.31;5.58;NA;NA;ND;NA;NA;NA;
28;17;16.91;16.64;7.62;NA;15.6;7.41;NA;NA;ND;NA;NA;NA;
28;18;17.81;9.46;6.72;NA;10.55;9.06;NA;NA;ND;NA;NA;NA;
28;19;25.4;27.13;8.68;NA;10.79;8.07;NA;NA;ND;NA;NA;NA;
28;20;10.96;19.46;9.57;NA;14.28;5.58;NA;NA;ND;NA;NA;NA;
28;21;6.58;13.86;5.07;NA;8.08;4.48;NA;NA;ND;NA;NA;NA;
28;22;4.57;25.98;8.29;NA;3.8;10.37;NA;NA;ND;NA;NA;NA;
28;23;9.41;22.33;3.86;NA;ND;8.99;NA;NA;ND;NA;NA;NA;
29;0;14.42;21.52;5.93;NA;8.1;19.38;NA;NA;ND;NA;NA;NA;
29;1;9.81;16.6;6.76;NA;4.72;11.21;NA;NA;ND;NA;NA;NA;
29;2;2.51;9.81;0.89;NA;0.85;4.88;NA;NA;ND;NA;NA;NA;
29;3;5.5;6;7.73;NA;10.08;5.68;NA;NA;ND;NA;NA;NA;
29;4;2.38;11.37;3.08;NA;5.34;3.37;NA;NA;ND;NA;NA;NA;
29;5;7.33;5.16;5.21;NA;9.35;9.06;NA;NA;ND;NA;NA;NA;
29;6;2.13;9.04;2.21;NA;15.06;7.71;NA;NA;ND;NA;NA;NA;
29;7;6.71;3.8;7.37;NA;8.81;5.3;NA;NA;ND;NA;NA;NA;
29;8;9.14;13.09;3.76;NA;9.38;5.64;NA;NA;ND;NA;NA;NA;
29;9;13.41;8.86;10.83;NA;10.23;5.18;NA;NA;ND;NA;NA;NA;
29;10;8.08;8.33;5.39;NA;7.67;2.18;NA;NA;ND;NA;NA;NA;
29;11;6.73;13.12;7.05;NA;12.19;3.1;NA;NA;ND;NA;NA;NA;
29;12;5.77;15.91;9.02;NA;10.47;3.85;NA;NA;ND;NA;NA;NA;
29;13;6.41;6.06;6.46;NA;4.01;5.97;NA;NA;ND;NA;NA;NA;
29;14;13.75;14.37;12.26;NA;3.11;4.9;NA;NA;ND;NA;NA;NA;
29;15;13.26;9.79;14.29;NA;1.29;9.6;NA;NA;ND;NA;NA;NA;
29;16;16.3;15.27;7.13;NA;7.2;8.52;NA;NA;ND;NA;NA;NA;
29;17;16.65;19.39;18.68;NA;13.84;18.57;NA;NA;ND;NA;NA;NA;
29;18;9.66;25.26;8.22;NA;8.75;17.13;NA;NA;ND;NA;NA;NA;
29;19;19.95;12.21;10.58;NA;5.17;14.26;NA;NA;ND;NA;NA;NA;
29;20;12.01;21.55;8.34;NA;24.19;14.49;NA;NA;ND;NA;NA;NA;
29;21;11.19;23.2;15.41;NA;11.08;21.25;NA;NA;ND;NA;NA;NA;
29;22;12.89;14.45;7.1;NA;2.74;11.42;NA;NA;ND;NA;NA;NA;
29;23;3.73;19.84;7.31;NA;ND;8.66;NA;NA;ND;NA;NA;NA;
30;0;2.12;10.3;3.14;NA;7.56;9.97;NA;NA;ND;NA;NA;NA;
30;1;11.03;6.12;8.68;NA;0.86;7.41;NA;NA;ND;NA;NA;NA;
30;2;4.43;3.08;1.29;NA;10.28;1.96;NA;NA;ND;NA;NA;NA;
30;3;0.56;14.15;5.89;NA;3.82;2.88;NA;NA;ND;NA;NA;NA;
30;4;15.77;16.8;3.15;NA;4.95;5.05;NA;NA;ND;NA;NA;NA;
30;5;10.86;17.06;6.72;NA;6.88;5.38;NA;NA;ND;NA;NA;NA;
30;6;0.62;6.33;1.56;NA;9.22;11.58;NA;NA;ND;NA;NA;NA;
30;7;8.53;7.8;6.39;NA;3.96;4.74;NA;NA;ND;NA;NA;NA;
30;8;12.88;13.23;4.99;NA;5.86;8.36;NA;NA;ND;NA;NA;NA;
30;9;7.85;13.66;8.93;NA;22.84;9.21;NA;NA;ND;NA;NA;NA;
30;10;8.36;14.55;4.65;NA;14.77;9.23;NA;NA;ND;NA;NA;NA;
30;11;12.74;10.9;10.73;NA;7.82;4.49;NA;NA;ND;NA;NA;NA;
30;12;10.81;9.06;8.68;NA;9.66;7.97;NA;NA;ND;NA;NA;NA;
30;13;16.65;16;11.3;NA;10.34;4.3;NA;NA;ND;NA;NA;NA;
30;14;7.54;11.63;12.81;NA;0.26;16.22;NA;NA;ND;NA;NA;NA;
30;15;11.92;16.12;4.83;NA;3.04;6.86;NA;NA;ND;NA;NA;NA;
30;16;7.02;17.03;11.38;NA;19.08;5.34;NA;NA;ND;NA;NA;NA;
30;17;18.54;29.34;18.15;NA;10.68;17.42;NA;NA;ND;NA;NA;NA;
30;18;22.34;32.02;12.85;NA;8.17;12.34;NA;NA;ND;NA;NA;NA;
30;19;23.76;16.86;5.61;NA;12.29;18.38;NA;NA;ND;NA;NA;NA;
30;20;25.33;18.63;12.98;NA;10.23;13.73;NA;NA;ND;NA;NA;NA;
30;21;24.37;3.96;11.1;NA;11.87;7.49;NA;NA;ND;NA;NA;NA;
30;22;6.9;11.84;7.52;NA;ND;12.43;NA;NA;ND;NA;NA;NA;
30;23;11.14;35.64;8.1;NA;ND;9.23;NA;NA;ND;NA;NA;NA;
31;0;3.94;32.8;2.48;NA;11.5;18.97;NA;NA;ND;NA;NA;NA;
31;1;5.66;16.08;8.81;NA;9.54;7.57;NA;NA;ND;NA;NA;NA;
31;2;7.25;11.76;6.7;NA;10.72;9.91;NA;NA;ND;NA;NA;NA;
31;3;6.61;18.74;4.53;NA;14.95;5.16;NA;NA;ND;NA;NA;NA;
31;4;13.58;20.5;3.53;NA;3.23;7.02;NA;NA;ND;NA;NA;NA;
31;5;12.58;32.92;7.99;NA;18.05;8.81;NA;NA;ND;NA;NA;NA;
31;6;19.54;33.09;1.02;NA;15.71;12.49;NA;NA;ND;NA;NA;NA;
31;7;3.82;30.2;8.29;NA;14.68;8.04;NA;NA;ND;NA;NA;NA;
31;8;9.15;20.92;13.02;NA;26.37;18.86;NA;NA;ND;NA;NA;NA;
31;9;4.88;14.34;8.22;NA;15.43;6.15;NA;NA;ND;NA;NA;NA;
31;10;7.49;20.61;3.81;NA;6.86;7.16;NA;NA;ND;NA;NA;NA;
31;11;7.88;5.75;6.72;NA;13.83;3.44;NA;NA;ND;NA;NA;NA;
31;12;11.13;23.49;7.48;NA;8.44;1.43;NA;NA;ND;NA;NA;NA;
31;13;14.03;24.23;8.1;NA;5.08;3.52;NA;NA;ND;NA;NA;NA;
31;14;11.08;13.58;10.88;NA;2.39;5.37;NA;NA;ND;NA;NA;NA;
31;15;6.73;13.91;8.9;NA;4.26;8.96;NA;NA;ND;NA;NA;NA;
31;16;12.3;15.77;7.6;NA;8.92;13.01;NA;NA;ND;NA;NA;NA;
31;17;9.96;14.04;8.71;NA;10.31;11.38;NA;NA;ND;NA;NA;NA;
31;18;6.43;19.96;13.23;NA;14.16;12.26;NA;NA;ND;NA;NA;NA;
31;19;10.95;27.99;7.75;NA;10.05;12.09;NA;NA;ND;NA;NA;NA;
31;20;28.03;49.64;4.16;NA;5.6;5.46;NA;NA;ND;NA;NA;NA;
31;21;14.13;52.03;5.78;NA;15.38;10.44;NA;NA;ND;NA;NA;NA;
31;22;16.26;49.18;5.87;NA;9.95;7.44;NA;NA;ND;NA;NA;NA;
31;23;18.35;27.65;5.75;NA;ND;3.22;NA;NA;ND;NA;NA;NA;
