DIA;HORA;Cotocollao;Carapungo;Belisario;Jipijapa;El Camal;Centro;Guamaní;Tumbaco;Los Chillos;El Condado;Turubamba;Chillogallo;
1;0;5.97;1.32;16.13;NA;ND;7.94;14.03;2.1;0;NA;NA;NA;
1;1;3.89;7.66;0.78;NA;ND;6.28;23.41;ND;0;NA;NA;NA;
1;2;ND;5.35;1;NA;ND;ND;ND;0.33;0;NA;NA;NA;
1;3;0.91;3.05;0.46;NA;ND;0.16;10.67;0.11;0;NA;NA;NA;
1;4;1.06;1.16;0.48;NA;ND;0.1;4.61;0.1;0.13;NA;NA;NA;
1;5;1;1.31;0.67;NA;ND;0.09;1.26;0.38;0;NA;NA;NA;
1;6;3.81;3.63;4.15;NA;ND;1.89;7.67;1.44;1.51;NA;NA;NA;
1;7;14.76;11.51;13.46;NA;ND;12.07;22.45;7.87;7.07;NA;NA;NA;
1;8;31.63;27.87;31.04;NA;ND;36.56;41.89;20.49;19.34;NA;NA;NA;
1;9;43.44;46.91;41.01;NA;ND;45.44;54.58;41.57;16.92;NA;NA;NA;
1;10;61.3;54.45;42.28;NA;ND;50.19;70.03;58.8;51.94;NA;NA;NA;
1;11;67.74;68.28;61.56;NA;ND;60.31;58.58;63.66;54.79;NA;NA;NA;
1;12;69.02;72.33;74.93;NA;ND;76.08;62.44;74.09;58.06;NA;NA;NA;
1;13;63.62;68.27;71.33;NA;ND;74.31;72.69;73.66;75.45;NA;NA;NA;
1;14;61.75;63.68;63.09;NA;ND;76.93;76.83;66.4;82.99;NA;NA;NA;
1;15;54.37;65.36;56.02;NA;ND;74.11;64.47;59.67;67.67;NA;NA;NA;
1;16;47.82;57.61;43.43;NA;ND;55.69;57.37;46.27;47.38;NA;NA;NA;
1;17;36.43;51.39;32.35;NA;ND;29.15;51.67;38.05;34.42;NA;NA;NA;
1;18;24.2;36.28;21.59;NA;ND;20.2;42.54;31.35;19.3;NA;NA;NA;
1;19;16.11;34.52;18.01;NA;ND;11.31;32.68;30.24;5.27;NA;NA;NA;
1;20;12.04;27.52;18.49;NA;ND;13.38;30.39;25.07;1.93;NA;NA;NA;
1;21;7.41;21.28;16.95;NA;ND;14.16;22.29;21.15;0.4;NA;NA;NA;
1;22;12.82;21.04;7.47;NA;ND;5.66;24.11;20.7;0.1;NA;NA;NA;
1;23;15.14;13.29;0.43;NA;ND;0.55;30.82;12.34;0.01;NA;NA;NA;
2;0;16.16;16.49;1.06;NA;ND;0.02;27.32;10.99;0.11;NA;NA;NA;
2;1;9.81;18.71;1.04;NA;ND;0.04;26.27;15.18;0;NA;NA;NA;
2;2;6.87;18.19;ND;NA;ND;0.84;29.73;17.94;ND;NA;NA;NA;
2;3;10.77;14.9;11.75;NA;ND;6.36;26.67;17.71;0;NA;NA;NA;
2;4;7.79;14.81;10.69;NA;ND;9.25;13.96;12.17;0;NA;NA;NA;
2;5;5.75;14.55;8.77;NA;ND;3.35;20.35;4.78;0;NA;NA;NA;
2;6;6.68;16.23;4.09;NA;ND;1.17;11.23;1.34;0.96;NA;NA;NA;
2;7;13.11;30.97;9.05;NA;ND;3.82;19.55;4.75;5.9;NA;NA;NA;
2;8;33.3;51.29;17.96;NA;ND;17.99;39.4;5.19;9.24;NA;NA;NA;
2;9;47.69;61.66;38.41;NA;ND;33.64;44.62;19.24;10.13;NA;NA;NA;
2;10;63.28;66.39;59.05;NA;ND;49.84;37.78;44.7;22.95;NA;NA;NA;
2;11;68.75;65.93;71.34;NA;ND;71.31;48.37;66.83;33.26;NA;NA;NA;
2;12;64.83;62.6;70.07;NA;ND;78.94;63.27;80.91;57.47;NA;NA;NA;
2;13;53.66;59.92;60.03;NA;ND;70.44;70.54;70.26;58.91;NA;NA;NA;
2;14;51.38;47.38;59.07;NA;ND;58.27;65.79;54.55;55.78;NA;NA;NA;
2;15;47.96;37.49;51.59;NA;ND;39.79;37.32;39.57;45.47;NA;NA;NA;
2;16;39.6;32.31;23.35;NA;ND;19.78;17.38;28.97;34.06;NA;NA;NA;
2;17;31.06;25.15;13.64;NA;ND;15.72;17.47;27.14;17.73;NA;NA;NA;
2;18;23.48;23.03;5.21;NA;ND;17.31;36.1;5.87;32.77;NA;NA;NA;
2;19;10.13;15.67;5.02;NA;ND;12.56;32.52;16.24;14.53;NA;NA;NA;
2;20;2.45;1.49;0.96;NA;ND;1.26;31.39;8.18;5.38;NA;NA;NA;
2;21;1.31;5.78;0.53;NA;ND;1.88;24.83;3.59;6.45;NA;NA;NA;
2;22;1.94;15.77;1.27;NA;ND;14.84;23.38;3.38;3.42;NA;NA;NA;
2;23;1.49;22.27;2.23;NA;ND;12.24;33.7;1.06;2.54;NA;NA;NA;
3;0;3.23;21.68;1.16;NA;ND;0.09;15.28;0.13;0.32;NA;NA;NA;
3;1;3.36;15.02;2.51;NA;ND;0.23;1.69;ND;1.35;NA;NA;NA;
3;2;ND;7.31;5.01;NA;ND;ND;ND;0.31;0.42;NA;NA;NA;
3;3;12.18;1.45;4.62;NA;ND;5.19;5.06;0.35;0;NA;NA;NA;
3;4;8.61;0.58;0.81;NA;ND;1.66;0.96;0.19;0;NA;NA;NA;
3;5;3.78;5.96;0.7;NA;ND;0.18;3.97;0.07;0;NA;NA;NA;
3;6;7.56;22.34;5.97;NA;ND;3.5;27.06;1.28;2.11;NA;NA;NA;
3;7;21.9;34.66;17.68;NA;ND;13.38;33.12;5.07;9.06;NA;NA;NA;
3;8;31.98;44.78;28.59;NA;ND;32.08;36.72;16.43;15.07;NA;NA;NA;
3;9;44.58;50.12;34.96;NA;ND;38.86;40.1;35.65;5.09;NA;NA;NA;
3;10;52.27;60.91;37.59;NA;ND;40.62;47.29;46.6;20.3;NA;NA;NA;
3;11;61.03;59.13;51.53;NA;ND;52.59;53.68;61.7;49.34;NA;NA;NA;
3;12;53.32;54.51;69.23;NA;ND;61.98;63.54;68.27;47;NA;NA;NA;
3;13;45.84;53.17;58.94;NA;ND;63.84;54.97;60.87;64.42;NA;NA;NA;
3;14;44.27;49.41;57.76;NA;ND;56.89;50.96;54.23;62.29;NA;NA;NA;
3;15;43.92;39.05;48.23;NA;ND;45.11;49.53;47.45;43.19;NA;NA;NA;
3;16;39.47;32.88;32.37;NA;ND;33.33;30.22;34.41;35.09;NA;NA;NA;
3;17;40.92;33.17;26.84;NA;ND;22.94;22.88;29.95;15.79;NA;NA;NA;
3;18;31.85;30.15;24.73;NA;ND;13.72;22.92;29.67;17.79;NA;NA;NA;
3;19;21.6;29.38;7.15;NA;ND;12.59;22.55;29.6;22.55;NA;NA;NA;
3;20;18.67;30.41;9.77;NA;ND;11.08;23.26;34.48;25.97;NA;NA;NA;
3;21;16.82;30.61;7.43;NA;ND;5.43;31.22;33.46;32.33;NA;NA;NA;
3;22;11.47;38.07;8.98;NA;ND;7.78;16.15;31.09;23.79;NA;NA;NA;
3;23;26.67;29.31;19.45;NA;ND;15.24;6.66;31.99;20.2;NA;NA;NA;
4;0;40.99;25.12;23.86;NA;ND;24.51;15.4;24.48;7.37;NA;NA;NA;
4;1;28.63;ND;17.13;NA;ND;18.04;21.42;16.4;20.7;NA;NA;NA;
4;2;19;12.98;ND;NA;ND;8.9;20.61;8.3;ND;NA;NA;NA;
4;3;10.74;9.04;14.14;NA;ND;10.72;18.4;4.93;4.62;NA;NA;NA;
4;4;3.56;14.27;6;NA;ND;7.72;6.2;3.31;0.52;NA;NA;NA;
4;5;2.43;5.39;0.95;NA;ND;0.14;11.4;0.65;0.08;NA;NA;NA;
4;6;3.06;8.91;2.96;NA;ND;1.04;9.9;3.05;0.61;NA;NA;NA;
4;7;7.5;19.68;5.73;NA;ND;5.9;19.48;11.37;4.78;NA;NA;NA;
4;8;16.98;31.84;11;NA;ND;14.13;27.23;16.75;11.57;NA;NA;NA;
4;9;ND;44.37;21.02;NA;ND;21.15;32.15;28.05;15.02;NA;NA;NA;
4;10;ND;58.85;34.16;NA;ND;36.44;31.66;44.31;29.09;NA;NA;NA;
4;11;55.1;59.69;41.98;NA;ND;44.47;37.19;54.82;23.54;NA;NA;NA;
4;12;53.01;55.52;53.14;NA;ND;52.59;41.99;58.85;60.22;NA;NA;NA;
4;13;50.85;50.56;52.56;NA;ND;50.59;45.27;58.2;53.31;NA;NA;NA;
4;14;45.93;51.16;40.52;NA;ND;43.35;46.75;47.81;50.88;NA;NA;NA;
4;15;42.91;35.55;17.44;NA;ND;27.88;37.66;31.74;32.57;NA;NA;NA;
4;16;24.52;30.47;6.05;NA;ND;12.92;16.75;31.47;28.45;NA;NA;NA;
4;17;32.48;28.69;3.8;NA;ND;6.73;11.01;28.25;23.69;NA;NA;NA;
4;18;23.78;33.8;8.97;NA;ND;0.15;19.3;28.76;1.06;NA;NA;NA;
4;19;19.84;38.27;11.84;NA;ND;4.41;10.22;33.13;0.54;NA;NA;NA;
4;20;15.8;29.16;5.54;NA;ND;12.48;12.92;33.87;9.86;NA;NA;NA;
4;21;6.5;26.97;9.88;NA;ND;14.34;26.19;23.23;23.89;NA;NA;NA;
4;22;7.1;26.49;11.47;NA;ND;9.53;26.29;11.64;28.48;NA;NA;NA;
4;23;7.56;19.76;12.61;NA;ND;12.05;19.89;7.39;16.07;NA;NA;NA;
5;0;13.53;4.94;5.2;NA;ND;1.23;12.82;3.66;8.62;NA;NA;NA;
5;1;8.16;ND;3.76;NA;ND;1.34;1.45;ND;15.03;NA;NA;NA;
5;2;6.95;0.82;ND;NA;ND;ND;ND;1.82;ND;NA;NA;NA;
5;3;9.02;0.75;4.65;NA;ND;7.77;11.56;2.56;2.65;NA;NA;NA;
5;4;1.71;1.04;1.62;NA;ND;6.83;18.89;1.25;0.07;NA;NA;NA;
5;5;1.55;3.15;1.01;NA;ND;1.18;7.81;0.33;0;NA;NA;NA;
5;6;3.42;6.95;2.6;NA;ND;1.95;3.04;2.36;1.54;NA;NA;NA;
5;7;8.78;22.25;8.85;NA;ND;8.07;21.53;5.14;6.53;NA;NA;NA;
5;8;29.37;45.41;16.52;NA;ND;19.42;36.99;13.46;19.26;NA;NA;NA;
5;9;53.71;60.34;25.36;NA;ND;29.2;42.69;25.59;13.6;NA;NA;NA;
5;10;75.94;75.82;46.43;NA;ND;44.76;47.67;48.83;26.1;NA;NA;NA;
5;11;79.8;71.56;79.76;NA;ND;72.29;55.53;73.8;35.25;NA;NA;NA;
5;12;70.52;73.79;72.21;NA;ND;87.5;62.32;93.58;64.51;NA;NA;NA;
5;13;64.87;66;72.96;NA;ND;71;61.22;83.42;87.61;NA;NA;NA;
5;14;59.87;54.98;43.9;NA;ND;51.84;47.1;66.96;54.61;NA;NA;NA;
5;15;52.26;47.37;16.91;NA;ND;33.96;37.3;49.67;27.99;NA;NA;NA;
5;16;33.96;41.51;11.6;NA;ND;17.73;33.02;39.86;28.69;NA;NA;NA;
5;17;18.25;36.22;11.69;NA;ND;13.67;12.27;36.95;20.03;NA;NA;NA;
5;18;21.86;30.1;6.36;NA;ND;15.85;11.51;32.76;24.09;NA;NA;NA;
5;19;18.59;24.17;3.13;NA;ND;12.39;24.93;28.68;15.63;NA;NA;NA;
5;20;2.96;16.24;1.8;NA;ND;9.04;25.01;23.09;24.96;NA;NA;NA;
5;21;10.98;7.24;5.05;NA;ND;4.06;20.6;28.12;19.39;NA;NA;NA;
5;22;7.48;6.38;4.98;NA;ND;0.75;29.55;13.44;1.88;NA;NA;NA;
5;23;4.85;16.1;5.22;NA;ND;0.01;40.3;3.29;0.02;NA;NA;NA;
6;0;1.33;17.54;14.65;NA;ND;6.53;42.13;2.81;0.01;NA;NA;NA;
6;1;1.37;2.65;1.76;NA;ND;16.49;31.75;ND;0;NA;NA;NA;
6;2;ND;0.73;3.75;NA;ND;ND;25.49;0.21;0;NA;NA;NA;
6;3;7.25;1.26;4.89;NA;ND;8.57;10.7;0.17;0;NA;NA;NA;
6;4;1.98;1.62;0.75;NA;ND;8.43;12.35;0.06;0;NA;NA;NA;
6;5;1.46;2.43;0.55;NA;ND;0.01;1.26;0.25;0;NA;NA;NA;
6;6;3.16;7.03;2.53;NA;ND;1.75;1.72;1.76;0.47;NA;NA;NA;
6;7;8.4;33.9;7.3;NA;ND;6.23;19.54;3.89;2.88;NA;NA;NA;
6;8;24.96;40.35;20.3;NA;ND;15.42;45.02;10.06;13.52;NA;NA;NA;
6;9;47.19;43.64;20.86;NA;ND;29.13;63.85;29.43;30.04;NA;NA;NA;
6;10;51.96;59.82;26.05;NA;ND;30.17;51.26;47.42;29.89;NA;NA;NA;
6;11;61.45;59.87;55.48;NA;ND;50.11;50.03;55.08;28.13;NA;NA;NA;
6;12;ND;61.25;65.08;NA;ND;64.28;58.63;58.89;36.01;NA;NA;NA;
6;13;ND;61.61;59.14;NA;ND;69.23;70.52;63.77;45.8;NA;NA;NA;
6;14;52.34;66.49;52.15;NA;ND;70.22;74.62;59.52;85.48;NA;NA;NA;
6;15;51.74;58.66;44.2;NA;ND;67.27;76.51;54.17;72.37;NA;NA;NA;
6;16;48.01;46.7;32.96;NA;ND;46.65;63.76;48.21;41.1;NA;NA;NA;
6;17;40.96;39.5;17.68;NA;ND;32.14;42.14;41.04;24.3;NA;NA;NA;
6;18;38.56;32.78;9.12;NA;ND;12.07;24.98;33.2;17.04;NA;NA;NA;
6;19;25;30.2;4.17;NA;ND;10.76;22.42;33.83;31.44;NA;NA;NA;
6;20;25;20.37;1.46;NA;ND;3.91;17.56;34.58;21.39;NA;NA;NA;
6;21;13.91;30.54;4.01;NA;ND;3.48;18.54;32.55;15.79;NA;NA;NA;
6;22;19.76;19.23;5.32;NA;ND;6.99;15.56;35.63;13.15;NA;NA;NA;
6;23;8.66;19.84;13.91;NA;ND;3.63;22.47;23.95;20.95;NA;NA;NA;
7;0;8.95;26.82;2.05;NA;ND;4.22;24.83;28.04;3.08;NA;NA;NA;
7;1;14.71;ND;2.61;NA;ND;2.31;21.57;26.15;12.76;NA;NA;NA;
7;2;18.4;20.76;ND;NA;ND;13.33;8.51;22.5;ND;NA;NA;NA;
7;3;18.39;21.18;7.41;NA;ND;7.46;8.81;23.65;1.06;NA;NA;NA;
7;4;10.78;16.27;10.72;NA;ND;3.84;11.56;13.73;3.45;NA;NA;NA;
7;5;3.43;4.96;2.92;NA;ND;0.09;8.19;3.88;0.01;NA;NA;NA;
7;6;3.53;10.9;2.03;NA;ND;1.13;14.34;1.61;0.67;NA;NA;NA;
7;7;8.25;11.25;4.22;NA;ND;2.34;23.07;3.46;2.51;NA;NA;NA;
7;8;23.82;19.79;20.18;NA;ND;20.2;30.45;11.04;15.27;NA;NA;NA;
7;9;32.63;22.69;40.78;NA;ND;44.86;41.53;22.53;32.65;NA;NA;NA;
7;10;44.88;51.5;24.97;NA;ND;45.38;42.8;34.66;46.02;NA;NA;NA;
7;11;67.88;59.27;38.32;NA;ND;45.3;53.34;54.28;36.64;NA;NA;NA;
7;12;67.71;68.71;43.38;NA;ND;47.28;55.5;69.09;61.02;NA;NA;NA;
7;13;64.49;66.5;58.21;NA;ND;56.13;61.91;71.77;54.32;NA;NA;NA;
7;14;54.56;61.56;61.24;NA;ND;62.14;66.36;68.37;73.55;NA;NA;NA;
7;15;52.03;67.98;50.63;NA;ND;61.32;64.74;59.2;57.26;NA;NA;NA;
7;16;48.56;65.67;30.31;NA;ND;34.74;43.85;55.43;53.07;NA;NA;NA;
7;17;39.79;53.1;15.46;NA;ND;23.85;30.12;50.79;26.61;NA;NA;NA;
7;18;40.18;46.31;16.8;NA;ND;21.76;32.09;47.95;42.85;NA;NA;NA;
7;19;26.54;41.89;7.65;NA;ND;7;26.12;42.46;38.77;NA;NA;NA;
7;20;15.4;39.56;11.1;NA;ND;5.03;30.29;39.36;38.45;NA;NA;NA;
7;21;14.27;38.74;7.95;NA;ND;9.39;23.16;30.07;32.62;NA;NA;NA;
7;22;23.24;33.65;11.51;NA;ND;8.9;29.81;31.68;25.9;NA;NA;NA;
7;23;16.54;33.59;6.88;NA;ND;3.75;25.43;36.41;33.18;NA;NA;NA;
8;0;14.22;29.04;9.13;NA;ND;1.95;18.71;29.89;11.75;NA;NA;NA;
8;1;19.39;36.4;9.7;NA;ND;8.47;27.62;ND;7.88;NA;NA;NA;
8;2;ND;31.86;20.15;NA;ND;ND;ND;5.54;23.42;NA;NA;NA;
8;3;20.6;30.03;12.92;NA;ND;0.27;19.09;10.56;12.63;NA;NA;NA;
8;4;8.27;36.18;17.31;NA;ND;0;8.6;2.36;10.1;NA;NA;NA;
8;5;8.7;32.49;1.17;NA;ND;0.03;8.04;0.4;7.68;NA;NA;NA;
8;6;11.87;16.43;3.57;NA;ND;2.9;9.12;2.61;5.55;NA;NA;NA;
8;7;15.19;19.86;17.49;NA;ND;15.37;28.51;15.23;14.53;NA;NA;NA;
8;8;21.77;27.51;28.85;NA;ND;35.77;32.89;23.14;24.28;NA;NA;NA;
8;9;37.65;37.04;37.26;NA;ND;44.85;40.56;38.84;8.71;NA;NA;NA;
8;10;48.72;51.66;43.13;NA;ND;46.85;46.93;54.67;16.02;NA;NA;NA;
8;11;61.67;64.68;47.05;NA;ND;53.31;53.84;64.73;26.95;NA;NA;NA;
8;12;66.23;61.94;61.3;NA;ND;64.37;56.68;65.96;52.58;NA;NA;NA;
8;13;66.14;60.26;61.41;NA;ND;65.05;72.87;62.39;64.65;NA;NA;NA;
8;14;61.86;54.76;56.44;NA;ND;50.52;62.89;59.43;61.27;NA;NA;NA;
8;15;53.46;58.66;45.99;NA;ND;47.25;45.49;53.32;47.82;NA;NA;NA;
8;16;43.98;53.98;33.54;NA;ND;25.6;44.87;38.41;32.15;NA;NA;NA;
8;17;37.24;43.98;18.21;NA;ND;22.07;49.45;19.34;25.43;NA;NA;NA;
8;18;28.61;40.43;20.27;NA;ND;5.12;32.63;3.55;2.26;NA;NA;NA;
8;19;35.2;36.43;12.12;NA;ND;0.96;9.37;4.07;0.76;NA;NA;NA;
8;20;27.3;11.36;17.5;NA;ND;2.73;3.91;3.45;0.66;NA;NA;NA;
8;21;9.46;1.76;6.98;NA;ND;1.19;2.34;2.04;1;NA;NA;NA;
8;22;5.28;8.81;5.87;NA;ND;0.02;11.26;0.51;0.76;NA;NA;NA;
8;23;19.01;25.88;22.5;NA;ND;9.57;10.79;0.56;1.35;NA;NA;NA;
9;0;12.3;19.26;24.99;NA;ND;2.59;15;0.87;3.08;NA;NA;NA;
9;1;28.29;11.27;27.52;NA;ND;16.98;7.02;0.2;1.18;NA;NA;NA;
9;2;19.69;ND;ND;NA;ND;10.09;5.91;0.09;ND;NA;NA;NA;
9;3;17.55;22.13;12.8;NA;ND;9.97;2.34;0.4;1.17;NA;NA;NA;
9;4;22.11;14.92;20.52;NA;ND;4.46;16.29;0.23;0.44;NA;NA;NA;
9;5;17.47;2.58;11;NA;ND;4.5;3.17;0.28;0.02;NA;NA;NA;
9;6;11.17;4.17;8.17;NA;ND;4.02;4.13;2.02;2.24;NA;NA;NA;
9;7;23.37;24.74;23.41;NA;ND;15.3;26.8;5.32;8.61;NA;NA;NA;
9;8;35.5;40.85;37.06;NA;ND;34.31;38.29;16.41;24.35;NA;NA;NA;
9;9;51.92;44.93;39.68;NA;ND;45.31;44.06;44.24;50.22;NA;NA;NA;
9;10;66.3;55.44;45.62;NA;ND;47.11;55.28;61.47;65.99;NA;NA;NA;
9;11;65.56;61.58;66.28;NA;ND;66.28;75.33;79;79.34;NA;NA;NA;
9;12;59.52;66.43;67.49;NA;ND;74.84;75.44;71.98;64.65;NA;NA;NA;
9;13;50.43;55.48;63.85;NA;ND;71.94;79.02;63.87;72.26;NA;NA;NA;
9;14;50.79;53.69;55;NA;ND;65.69;58.81;56.8;62.82;NA;NA;NA;
9;15;51.75;49.85;38.47;NA;ND;48.26;46.55;46.95;47.92;NA;NA;NA;
9;16;44.54;45.76;36.94;NA;ND;35.57;32.99;42.24;25.21;NA;NA;NA;
9;17;36;41.09;31.76;NA;ND;27.52;33.44;23;24.54;NA;NA;NA;
9;18;14.95;35.06;22.83;NA;ND;25.52;32.89;3.32;10.73;NA;NA;NA;
9;19;18.75;30.57;16.83;NA;ND;26.62;20.37;3.14;2.42;NA;NA;NA;
9;20;19.73;27.53;11.03;NA;ND;3.71;12.06;19.19;0.07;NA;NA;NA;
9;21;19.53;26.75;13.73;NA;ND;8.57;16.34;25.76;0;NA;NA;NA;
9;22;22.03;32.17;23.51;NA;ND;10.98;24.51;27.31;0;NA;NA;NA;
9;23;20.22;32.54;14.09;NA;ND;13.36;7.11;25.58;0;NA;NA;NA;
10;0;21.24;35.38;22.88;NA;ND;9.28;12.27;23.14;0.55;NA;NA;NA;
10;1;30.4;35.52;37.33;NA;ND;12.24;18.62;ND;18.94;NA;NA;NA;
10;2;ND;34.02;38.11;NA;ND;ND;ND;19.16;2.01;NA;NA;NA;
10;3;38.17;36.46;30.4;NA;ND;25.87;21.76;27.94;9.59;NA;NA;NA;
10;4;28.2;34.13;26.44;NA;ND;21.15;17.94;21.22;13.62;NA;NA;NA;
10;5;16.78;27;34.09;NA;ND;24.5;10.56;19.76;21.91;NA;NA;NA;
10;6;8.47;16.68;17.09;NA;ND;18.24;7.94;14.17;14.77;NA;NA;NA;
10;7;9.63;22.08;6.31;NA;ND;4.13;5.31;17.2;13.74;NA;NA;NA;
10;8;14.52;20.56;11.92;NA;ND;12.19;17.24;23.46;8.79;NA;NA;NA;
10;9;16.82;21.44;17.25;NA;ND;18.13;37.55;25.42;13.19;NA;NA;NA;
10;10;45.24;40.61;36.65;NA;ND;39.72;44.54;31.79;17.93;NA;NA;NA;
10;11;68.57;59.11;44.83;NA;ND;50.59;58.57;42.06;32.81;NA;NA;NA;
10;12;69.85;73.99;59.25;NA;ND;56.22;70.93;67.83;29.53;NA;NA;NA;
10;13;61.66;61.03;49.13;NA;ND;61.11;60.01;54.55;61.85;NA;NA;NA;
10;14;48.85;44.4;ND;NA;ND;39.31;39.95;45.91;40.22;NA;NA;NA;
10;15;38.72;36.53;ND;NA;ND;29.59;35.57;26.62;22.03;NA;NA;NA;
10;16;17;16.08;6.55;NA;ND;19.28;19.83;20.89;10.39;NA;NA;NA;
10;17;8.88;15.51;2.86;NA;ND;6.24;7.86;18.63;8.47;NA;NA;NA;
10;18;14.91;3.56;1.54;NA;ND;0.31;7.21;20.08;8.09;NA;NA;NA;
10;19;11.24;20.13;0.92;NA;ND;0.04;4.3;7.97;9.84;NA;NA;NA;
10;20;19.8;24.91;0.88;NA;ND;0.1;1.37;1.27;0.3;NA;NA;NA;
10;21;17.74;25.18;4.11;NA;ND;2.95;0.35;8.53;0.2;NA;NA;NA;
10;22;11.63;26.7;13.04;NA;ND;17.7;0.24;21.54;3.83;NA;NA;NA;
10;23;15.55;30.13;14.94;NA;ND;14.66;0.72;8.6;0;NA;NA;NA;
11;0;22.7;29.78;25.62;NA;ND;2.73;6.32;4.83;0;NA;NA;NA;
11;1;31.24;31.66;9.09;NA;ND;0.04;10.96;3.04;0;NA;NA;NA;
11;2;35.1;ND;ND;NA;ND;2.79;0.25;2.38;ND;NA;NA;NA;
11;3;32.97;36;2.7;NA;ND;7.63;0.33;0.11;0;NA;NA;NA;
11;4;26.92;32.45;5;NA;ND;1.86;0.41;11.8;0;NA;NA;NA;
11;5;13.63;23.11;21.17;NA;ND;9.38;1.07;17.15;1.29;NA;NA;NA;
11;6;5.18;12.07;10.82;NA;ND;6.51;0.88;6.62;14.66;NA;NA;NA;
11;7;10.97;13.85;10.6;NA;ND;7.31;4.77;14.82;6.63;NA;NA;NA;
11;8;10.67;24.58;20.79;NA;ND;17.9;29.51;24.12;14.85;NA;NA;NA;
11;9;21.13;33.69;28.45;NA;ND;27.48;27.82;20.4;32.29;NA;NA;NA;
11;10;42.8;56.56;ND;NA;ND;34.88;50.28;47.96;33.15;NA;NA;NA;
11;11;57.44;60.43;ND;NA;ND;56.14;33.06;59.16;46.05;NA;NA;NA;
11;12;48.05;48.74;29.07;NA;ND;ND;45.51;66.25;70.12;NA;NA;NA;
11;13;51.68;51.07;23.5;NA;ND;31.81;49.22;45.97;43.81;NA;NA;NA;
11;14;40.04;46.79;ND;NA;ND;21.23;46.13;42.24;19.5;NA;NA;NA;
11;15;37.83;41.48;10.19;NA;ND;25.22;26.64;37.86;27.32;NA;NA;NA;
11;16;33.18;39.1;14.98;NA;ND;19.03;34.12;10.3;35.35;NA;NA;NA;
11;17;15.08;19.22;9.85;NA;ND;13.66;23.84;7.03;22.37;NA;NA;NA;
11;18;3.24;6;1.3;NA;ND;4.03;23.56;0.26;19.43;NA;NA;NA;
11;19;2.39;9.13;0.88;NA;ND;0.76;33.25;0.94;3.48;NA;NA;NA;
11;20;8.46;11.97;0.87;NA;ND;2.31;12.27;0.02;2.91;NA;NA;NA;
11;21;7.94;9.57;2.09;NA;ND;2.05;13.95;0.42;4.43;NA;NA;NA;
11;22;14.53;13.53;16.38;NA;ND;0.06;18.5;1.05;0.9;NA;NA;NA;
11;23;8.95;10.1;21.3;NA;ND;4.52;7.78;0.15;0;NA;NA;NA;
12;0;14.32;23.89;26.72;NA;ND;0.37;19.11;0;0;NA;NA;NA;
12;1;25.03;27.57;5.12;NA;ND;0.54;16.63;ND;0;NA;NA;NA;
12;2;ND;14.25;1.57;NA;ND;ND;ND;0;0;NA;NA;NA;
12;3;24.25;31.53;0.28;NA;ND;0;27.33;0;0;NA;NA;NA;
12;4;14.16;2.57;0.16;NA;ND;1.19;17.81;0.09;0;NA;NA;NA;
12;5;5.72;15.83;0.33;NA;ND;3.63;4.27;1.98;0;NA;NA;NA;
12;6;6.94;21.98;0.9;NA;ND;1.93;7.25;8.82;0.62;NA;NA;NA;
12;7;7.32;11.33;1.94;NA;ND;2.57;20.43;8.84;6.72;NA;NA;NA;
12;8;8.61;15.9;3.6;NA;ND;5.02;24.13;11.68;14.35;NA;NA;NA;
12;9;15.55;23.57;6.31;NA;ND;11.38;21.04;22.55;9.28;NA;NA;NA;
12;10;27.48;30.62;14.21;NA;ND;19.07;28.64;33.26;ND;NA;NA;NA;
12;11;34.89;35.87;24.37;NA;ND;30.01;22.14;48.41;ND;NA;NA;NA;
12;12;29.16;22.58;20.04;NA;ND;30.4;29.43;56.31;14.68;NA;NA;NA;
12;13;25.42;28.95;15.02;NA;ND;24.64;ND;31.19;36.21;NA;NA;NA;
12;14;30.72;32.21;19.1;NA;ND;22.13;30;29.22;ND;NA;NA;NA;
12;15;31.11;34.52;9.34;NA;ND;17.41;31.16;28.84;22.39;NA;NA;NA;
12;16;21.54;33.7;10.32;NA;ND;13.25;28.42;25.27;19.55;NA;NA;NA;
12;17;23.78;27.97;4.74;NA;ND;10.86;19.41;20.96;18.24;NA;NA;NA;
12;18;12.92;26.01;2.16;NA;ND;5.88;18.92;14.79;11.45;NA;NA;NA;
12;19;6.58;20.92;1.85;NA;ND;0.58;1.44;9.58;15.6;NA;NA;NA;
12;20;4.46;16.07;4.41;NA;ND;4.25;4.22;13.99;3.57;NA;NA;NA;
12;21;2.3;9.51;7.24;NA;ND;10.82;9.32;14.7;9.51;NA;NA;NA;
12;22;4.49;7.19;12.43;NA;ND;12.9;8.34;16.9;6.25;NA;NA;NA;
12;23;1.45;1.84;9.34;NA;ND;15.7;4.26;14.54;0.65;NA;NA;NA;
13;0;1.54;1.14;16.75;NA;ND;17.62;5.45;12.17;0.03;NA;NA;NA;
13;1;3.38;0.68;19.14;NA;ND;22.68;2.86;7.73;4.81;NA;NA;NA;
13;2;4.39;ND;ND;NA;ND;17.9;0.86;12.79;ND;NA;NA;NA;
13;3;2.75;6.32;18.88;NA;ND;19.44;4.39;10.56;13.92;NA;NA;NA;
13;4;1.68;1.74;16.33;NA;ND;7.93;3.89;5.85;11.97;NA;NA;NA;
13;5;1.86;1.43;4.74;NA;ND;1.57;1.9;4.04;5.49;NA;NA;NA;
13;6;3.26;3.33;2.83;NA;ND;1.14;2.64;1.31;1.21;NA;NA;NA;
13;7;6.47;7.24;6.35;NA;ND;7.52;15.27;6.08;4.31;NA;NA;NA;
13;8;14.13;22.44;12.02;NA;ND;11.36;22.89;13.18;12.27;NA;NA;NA;
13;9;32.57;34.47;15.09;NA;ND;15.72;29.75;23.27;6.18;NA;NA;NA;
13;10;41.78;41.18;24.96;NA;ND;34.56;21.19;36.04;19.04;NA;NA;NA;
13;11;48.89;52.13;35.71;NA;ND;40.99;ND;55.03;39.08;NA;NA;NA;
13;12;38.42;43.73;36.12;NA;ND;42.52;ND;62.14;53.37;NA;NA;NA;
13;13;35.41;42.81;31.31;NA;ND;42.55;33.18;44.62;48.68;NA;NA;NA;
13;14;35.67;31.11;23.85;NA;ND;33.1;34.17;36.11;36.96;NA;NA;NA;
13;15;33.65;38.28;23.16;NA;ND;27.47;31.59;34.31;32.48;NA;NA;NA;
13;16;29.24;34.6;14.17;NA;ND;25.73;27.72;30.06;27.38;NA;NA;NA;
13;17;23.25;29.68;9.3;NA;ND;16.58;25.61;20.54;22.9;NA;NA;NA;
13;18;12.17;22.19;6.43;NA;ND;13.22;6.68;20.08;12.77;NA;NA;NA;
13;19;2.08;8.71;3.23;NA;ND;6.52;3.18;9.25;13.39;NA;NA;NA;
13;20;1.59;14.53;3.56;NA;ND;5.35;5.33;9.23;6.02;NA;NA;NA;
13;21;1.76;10.38;5.86;NA;ND;1.73;4.04;1.59;0.53;NA;NA;NA;
13;22;1.8;1.43;9.22;NA;ND;1.51;3.07;0.79;0.39;NA;NA;NA;
13;23;1.8;4.31;4.45;NA;ND;0.83;10.44;0.51;0.15;NA;NA;NA;
14;0;2.59;1.21;0.81;NA;ND;0.85;17.58;0.88;0.01;NA;NA;NA;
14;1;2.13;0.68;0.83;NA;ND;0.87;12.96;ND;0.25;NA;NA;NA;
14;2;ND;1.82;0.69;NA;ND;ND;ND;0.06;0.29;NA;NA;NA;
14;3;1.35;0.5;0.69;NA;ND;1.28;6.77;0.03;0.09;NA;NA;NA;
14;4;5.42;0.53;0.66;NA;ND;3.02;13.39;0.31;0.01;NA;NA;NA;
14;5;2.45;0.83;0.93;NA;ND;1.22;4.17;0.47;0.39;NA;NA;NA;
14;6;4.27;2.29;1.99;NA;ND;1.17;3.2;0.88;1.25;NA;NA;NA;
14;7;7.45;5.84;4.22;NA;ND;3.63;5.71;2.63;3.75;NA;NA;NA;
14;8;11.96;10.03;11.73;NA;ND;14.96;32.98;7.05;8.63;NA;NA;NA;
14;9;26.41;26.74;16.97;NA;ND;15.41;24.53;19.24;23.66;NA;NA;NA;
14;10;37.64;35.8;30.13;NA;ND;28.72;35.87;40.55;45.48;NA;NA;NA;
14;11;39.55;36.1;30.47;NA;ND;40.04;37.36;49.86;29.12;NA;NA;NA;
14;12;38.64;44.96;36.39;NA;ND;42.52;37.81;56.72;44.88;NA;NA;NA;
14;13;40.87;45.11;30.75;NA;ND;ND;37.8;49.6;50.34;NA;NA;NA;
14;14;37.6;43.21;32.35;NA;ND;ND;36.89;50.67;46.28;NA;NA;NA;
14;15;34.76;40.52;30.14;NA;ND;27.94;36.32;36.59;37.62;NA;NA;NA;
14;16;31;36.63;20.23;NA;ND;25.28;34.79;34.8;31.99;NA;NA;NA;
14;17;23.17;31.7;12.83;NA;ND;17.03;30.77;28.99;13.44;NA;NA;NA;
14;18;5.11;22.41;4.59;NA;ND;13.03;10.49;17.72;15.86;NA;NA;NA;
14;19;3.17;20.62;2.98;NA;ND;8.07;15.82;18.59;17.78;NA;NA;NA;
14;20;2.23;14.75;3.59;NA;ND;3.46;11.07;16.02;11.82;NA;NA;NA;
14;21;2.18;2.54;3.8;NA;ND;1.69;6.35;9.67;2.56;NA;NA;NA;
14;22;2.12;1.73;1.62;NA;ND;0.57;10.58;1.77;0.31;NA;NA;NA;
14;23;2.06;5.69;0.68;NA;ND;0.58;15.88;1.36;0;NA;NA;NA;
15;0;1.97;7.21;1.02;NA;ND;3.89;5.22;0.59;0.13;NA;NA;NA;
15;1;6.48;8.6;6.16;NA;ND;14.72;1.57;0.02;0.09;NA;NA;NA;
15;2;6.47;ND;ND;NA;ND;11.03;0.95;0.11;ND;NA;NA;NA;
15;3;8.4;1;3.91;NA;ND;10.05;1.79;0.14;0.44;NA;NA;NA;
15;4;1.97;1.54;1.05;NA;ND;7.09;6.46;0.2;0.08;NA;NA;NA;
15;5;4.93;1.32;0.81;NA;ND;3.46;1.37;0.42;0.33;NA;NA;NA;
15;6;3.11;2.15;1.66;NA;ND;1.09;2.13;0.67;1.15;NA;NA;NA;
15;7;4.97;3.21;3.24;NA;ND;2.05;8.39;2.15;2.74;NA;NA;NA;
15;8;11.1;8.01;5.77;NA;ND;5.49;11.62;3.9;7.97;NA;NA;NA;
15;9;22.89;16.27;12.22;NA;ND;24.59;37.98;7.66;19.48;NA;NA;NA;
15;10;35.63;27.47;19.94;NA;ND;27.74;81.38;22.55;25.12;NA;NA;NA;
15;11;58.26;56.99;26.02;NA;ND;35.46;62.15;45.12;12.99;NA;NA;NA;
15;12;70.28;53.04;39.89;NA;ND;52.23;55.01;66.46;43.53;NA;NA;NA;
15;13;63.13;62.52;61.97;NA;ND;72.51;38.13;67.03;50.13;NA;NA;NA;
15;14;43.58;57.41;52.03;NA;ND;63.79;32.16;68.57;69.48;NA;NA;NA;
15;15;40.85;51.29;39.07;NA;ND;51.47;47.2;60.59;63.71;NA;NA;NA;
15;16;36.44;45.02;28.48;NA;ND;32.54;25.7;48.84;44.89;NA;NA;NA;
15;17;27.62;36.23;12.69;NA;ND;25;19.95;36.41;25.12;NA;NA;NA;
15;18;19.97;27.46;2.99;NA;ND;9.52;7.13;27.29;20.05;NA;NA;NA;
15;19;6.85;22.97;1.39;NA;ND;3.02;7.58;24.16;28.44;NA;NA;NA;
15;20;5.71;24.52;2.11;NA;ND;7.74;13.62;26.97;21.52;NA;NA;NA;
15;21;2.55;13.87;12.19;NA;ND;3.34;8.73;18.94;16.7;NA;NA;NA;
15;22;4.54;9.97;4.98;NA;ND;3.07;5.68;6.53;7;NA;NA;NA;
15;23;1.99;22.07;3.35;NA;ND;1.32;16.59;4.55;5.16;NA;NA;NA;
16;0;1.95;5.93;1.3;NA;ND;0.36;24.52;0.9;0.11;NA;NA;NA;
16;1;2.12;6.15;2.05;NA;ND;0.07;7.76;ND;1.1;NA;NA;NA;
16;2;ND;13.16;0.61;NA;ND;ND;ND;0.15;0.02;NA;NA;NA;
16;3;2.07;11.7;1.25;NA;ND;0.91;5.95;0.56;0.06;NA;NA;NA;
16;4;1.85;0.82;2.7;NA;ND;1.78;1.62;0.32;0.08;NA;NA;NA;
16;5;2.2;0.46;1.84;NA;ND;1.31;1.24;0.03;0;NA;NA;NA;
16;6;3.33;1.85;2.44;NA;ND;1.14;2.79;0.91;1.2;NA;NA;NA;
16;7;11.12;6.45;7.7;NA;ND;7.55;10.65;3.21;5.12;NA;NA;NA;
16;8;28.21;29.58;22.39;NA;ND;30.16;30.48;5.46;20.18;NA;NA;NA;
16;9;42.71;35.79;33.82;NA;ND;38.32;40.73;17.38;29.26;NA;NA;NA;
16;10;52.35;46.8;34.92;NA;ND;37.59;54.31;38.2;11.75;NA;NA;NA;
16;11;51.84;48.03;43.94;NA;ND;45.5;25.86;54.38;28.17;NA;NA;NA;
16;12;50.41;44.94;45.26;NA;ND;52.97;31.53;51.42;63.86;NA;NA;NA;
16;13;52.75;49.88;38.98;NA;ND;45.94;39.74;46.25;50.83;NA;NA;NA;
16;14;50.06;53.34;47.14;NA;ND;40.66;49.2;43.41;54.04;NA;NA;NA;
16;15;45.68;54.11;53.54;NA;ND;49.26;54.09;55.56;19.37;NA;NA;NA;
16;16;41.8;49.75;44.4;NA;ND;45.94;48.47;57.38;52.86;NA;NA;NA;
16;17;35.03;37.91;26.54;NA;ND;34.72;31.89;39.86;32.3;NA;NA;NA;
16;18;28.9;29.38;18.53;NA;ND;17.18;21.29;29.66;14.37;NA;NA;NA;
16;19;19.73;25.1;6.84;NA;ND;7.69;4.41;25.57;23.79;NA;NA;NA;
16;20;9.26;25.23;2.5;NA;ND;3.31;1.6;22.82;23.7;NA;NA;NA;
16;21;2.3;14.72;2.68;NA;ND;1.27;3.55;22.13;16.75;NA;NA;NA;
16;22;3.18;10.53;0.59;NA;ND;0.01;0.28;4.4;16.39;NA;NA;NA;
16;23;6.28;9.66;4.21;NA;ND;0.02;0.15;3.43;15.68;NA;NA;NA;
17;0;10.39;3.59;10.53;NA;ND;1.78;4.93;3.51;20.14;NA;NA;NA;
17;1;9.73;11.51;4.75;NA;ND;0.97;9.87;3.51;6.15;NA;NA;NA;
17;2;7.03;ND;ND;NA;ND;0.05;18.49;1.33;ND;NA;NA;NA;
17;3;6.14;13.01;10.88;NA;ND;0.88;4.17;0.31;1.56;NA;NA;NA;
17;4;5.13;0.82;3.23;NA;ND;2.96;5;0.43;0;NA;NA;NA;
17;5;1.83;1.75;0.67;NA;ND;4.48;1.14;0.7;0.12;NA;NA;NA;
17;6;3.93;2.51;2.36;NA;ND;1.61;7.51;1.22;1.45;NA;NA;NA;
17;7;11.13;9.98;8.5;NA;ND;10.35;21.6;5.56;6.8;NA;NA;NA;
17;8;20.92;25.17;18.32;NA;ND;23.29;27.26;11.51;21.87;NA;NA;NA;
17;9;27.94;29.79;29.87;NA;ND;34.09;32.98;25.63;34.72;NA;NA;NA;
17;10;36.3;42.48;36.85;NA;ND;36.65;37.04;ND;14.93;NA;NA;NA;
17;11;49.66;55.7;44.04;NA;ND;47.53;46.41;ND;26.33;NA;NA;NA;
17;12;46.65;51.68;45.68;NA;ND;50.97;43.63;48.21;42.14;NA;NA;NA;
17;13;45.89;47.64;47.18;NA;ND;50.36;38.39;53.49;42.45;NA;NA;NA;
17;14;46.03;47.3;53.55;NA;ND;54.87;ND;ND;54.48;NA;NA;NA;
17;15;42.39;45.92;43.09;NA;ND;35.64;36.37;44.19;39.24;NA;NA;NA;
17;16;35.98;38.07;34.47;NA;ND;32.98;17.28;36.19;22.79;NA;NA;NA;
17;17;30.65;28.49;22.41;NA;ND;14.16;4.15;28.04;11.16;NA;NA;NA;
17;18;25.61;22.48;15.25;NA;ND;5.73;2.61;22.97;5.96;NA;NA;NA;
17;19;22.2;23.74;1.99;NA;ND;6.35;8.68;22;8.29;NA;NA;NA;
17;20;8.15;23.13;1.59;NA;ND;5.25;10.98;24.73;10.56;NA;NA;NA;
17;21;13.57;24.22;0.82;NA;ND;1.04;6.05;23.09;15.8;NA;NA;NA;
17;22;9.27;18.83;3.24;NA;ND;5.01;12.47;20.63;22.96;NA;NA;NA;
17;23;10.05;14.07;3.06;NA;ND;2.22;17.28;4.3;13.48;NA;NA;NA;
18;0;3.88;12.85;1.94;NA;ND;2.59;15.74;2.61;11.24;NA;NA;NA;
18;1;4.65;6.58;0.81;NA;ND;0.13;11.4;ND;3.06;NA;NA;NA;
18;2;ND;12.4;1.2;NA;ND;ND;ND;0.98;0.17;NA;NA;NA;
18;3;2.87;5.9;3.07;NA;ND;3.31;11.82;4.79;6.48;NA;NA;NA;
18;4;1.67;0.6;1.15;NA;ND;2.28;9.79;2.9;6.12;NA;NA;NA;
18;5;1.89;1.66;0.7;NA;ND;0.36;6.58;0.73;0.16;NA;NA;NA;
18;6;3.52;2.5;2.58;NA;ND;1.7;6.73;1.33;1.11;NA;NA;NA;
18;7;8.59;7.03;8.13;NA;ND;11.84;22.51;4.85;5.77;NA;NA;NA;
18;8;16.8;16.37;11.38;NA;ND;19.96;27.9;9.17;15.21;NA;NA;NA;
18;9;26.19;25.26;13.76;NA;ND;19.27;35.38;17.89;3.72;NA;NA;NA;
18;10;ND;33.79;32.2;NA;ND;23.96;33.73;38.62;18.24;NA;NA;NA;
18;11;ND;54.62;38.27;NA;ND;41.78;34.27;51.16;23.75;NA;NA;NA;
18;12;48.63;59.67;45.18;NA;ND;49.54;38.97;58.81;44.27;NA;NA;NA;
18;13;49.85;62.67;58.32;NA;ND;57.54;44.35;61.95;50.16;NA;NA;NA;
18;14;42.61;51.01;38.87;NA;ND;44.99;48.3;55.8;57.81;NA;NA;NA;
18;15;ND;45.11;34.52;NA;ND;55.03;49.89;43.98;55.97;NA;NA;NA;
18;16;49.69;46.95;14.53;NA;ND;53;47.69;42.05;47.8;NA;NA;NA;
18;17;45.52;48.68;23.88;NA;ND;39.62;40.34;34.92;42.49;NA;NA;NA;
18;18;26.11;37.92;11.5;NA;ND;30.03;19.49;29.34;18.87;NA;NA;NA;
18;19;24.01;32.94;12.98;NA;ND;10.73;23.21;27.1;21.25;NA;NA;NA;
18;20;24.96;19.73;9.13;NA;ND;7.98;15.38;28.14;25.35;NA;NA;NA;
18;21;14.48;25.07;12.78;NA;ND;15.14;21.17;25.39;16.99;NA;NA;NA;
18;22;20.41;26.48;22.26;NA;ND;19.51;20.55;29.01;7.53;NA;NA;NA;
18;23;24.11;32.56;28.31;NA;ND;32;23.88;23.18;7.15;NA;NA;NA;
19;0;16.88;31.61;29.9;NA;ND;43.41;25.66;24.77;4.07;NA;NA;NA;
19;1;14.75;30.68;43.14;NA;ND;38.75;23.79;17.44;12.02;NA;NA;NA;
19;2;18.09;ND;ND;NA;ND;41.31;18.01;15.44;ND;NA;NA;NA;
19;3;14.8;30.86;31.84;NA;ND;23.93;11.86;11.68;23.89;NA;NA;NA;
19;4;4.65;21.68;21.56;NA;ND;11.45;14.75;10.37;4.66;NA;NA;NA;
19;5;4.31;8.75;7.63;NA;ND;3.22;5.02;4.49;3.81;NA;NA;NA;
19;6;3.96;3.97;4.13;NA;ND;5.62;2.85;3.1;1.91;NA;NA;NA;
19;7;15.38;19.47;9.91;NA;ND;12.83;16.46;8.62;6.34;NA;NA;NA;
19;8;27.71;27.87;11.54;NA;ND;17.08;40.69;13.63;17.91;NA;NA;NA;
19;9;50.81;42.72;25.08;NA;ND;20.02;39.51;19.6;11.82;NA;NA;NA;
19;10;52.64;55.73;12.83;NA;ND;17.32;21.74;44.44;40.78;NA;NA;NA;
19;11;40.74;54.62;20.65;NA;ND;33.23;23.24;61.47;33.19;NA;NA;NA;
19;12;30.49;44.3;39.16;NA;ND;32.32;19.73;57.48;19.84;NA;NA;NA;
19;13;31.56;41.51;24.04;NA;ND;34.08;31.15;30.02;23.12;NA;NA;NA;
19;14;35.75;42.47;10.5;NA;ND;34.87;28.29;ND;30.58;NA;NA;NA;
19;15;34.35;41.79;12.66;NA;ND;33.39;31.45;27.97;36.52;NA;NA;NA;
19;16;30.44;39.26;14.92;NA;ND;26.4;31.53;32.4;30.47;NA;NA;NA;
19;17;30.1;32.15;5.24;NA;ND;17.57;19.86;32.04;25.56;NA;NA;NA;
19;18;22.83;29.54;1.21;NA;ND;6.46;5.35;30.22;24.76;NA;NA;NA;
19;19;14.52;33.35;1.51;NA;ND;2.52;1.74;33.47;16.91;NA;NA;NA;
19;20;18.96;33.07;3.37;NA;ND;1.58;3.83;32.43;13.39;NA;NA;NA;
19;21;20.27;33.22;3.92;NA;ND;10.05;4.62;34.43;14.58;NA;NA;NA;
19;22;30.62;33.02;10;NA;ND;19.54;10.88;34.81;20.93;NA;NA;NA;
19;23;31.37;32.4;15.17;NA;ND;17.65;19.6;36;27.75;NA;NA;NA;
20;0;26.06;29.05;19.23;NA;ND;19.47;23.04;38.91;4.71;NA;NA;NA;
20;1;24.38;26.68;22.93;NA;ND;22.98;26.23;ND;15.8;NA;NA;NA;
20;2;ND;27.25;24.08;NA;ND;ND;26.54;23.19;19.26;NA;NA;NA;
20;3;20.73;15.75;1.3;NA;ND;6.03;ND;14.69;25.65;NA;NA;NA;
20;4;10.79;6;1.92;NA;ND;11.37;ND;9.8;19.87;NA;NA;NA;
20;5;2.14;2.05;3.73;NA;ND;1.69;ND;1.15;9.64;NA;NA;NA;
20;6;3.1;2.26;1.69;NA;ND;1.97;ND;5.7;1.64;NA;NA;NA;
20;7;4.71;7;5.92;NA;ND;3.47;ND;5.33;4.84;NA;NA;NA;
20;8;8.72;10.11;8.65;NA;ND;6.71;ND;11.03;10.5;NA;NA;NA;
20;9;22.33;25.71;15.02;NA;ND;13.62;26.66;15.85;4.65;NA;NA;NA;
20;10;36.33;41.67;30.77;NA;ND;18.45;24.42;40.87;15.37;NA;NA;NA;
20;11;46.71;61.06;45.6;NA;ND;39.49;29.71;62.5;28.66;NA;NA;NA;
20;12;47.33;61.01;54.77;NA;ND;57.33;ND;77.45;32.55;NA;NA;NA;
20;13;42.14;52.38;39.88;NA;ND;41.09;ND;67.56;66.65;NA;NA;NA;
20;14;41.74;51.19;25.22;NA;ND;29.3;ND;49.7;45.14;NA;NA;NA;
20;15;39.8;48.13;32.43;NA;ND;39.51;39.39;40.66;48.99;NA;NA;NA;
20;16;36.93;42.4;14.33;NA;ND;34.65;35.86;37.58;34.89;NA;NA;NA;
20;17;27.54;40.74;9.14;NA;ND;22.57;21.81;37.11;25.62;NA;NA;NA;
20;18;16.87;30.3;7.17;NA;ND;8.47;13.47;28.01;16.07;NA;NA;NA;
20;19;15.52;28.43;2.32;NA;ND;0.96;13.68;28.47;27.23;NA;NA;NA;
20;20;14.23;26.95;2.89;NA;ND;7.76;7.86;29.12;26.86;NA;NA;NA;
20;21;11.49;12.92;2.39;NA;ND;11.06;14.91;30.1;20.84;NA;NA;NA;
20;22;9.12;25.22;6.78;NA;ND;5.3;9.79;21.62;1.07;NA;NA;NA;
20;23;16.22;23.74;19;NA;ND;7.73;6.77;16.02;25.77;NA;NA;NA;
21;0;10.64;16.9;11.08;NA;ND;0;14.39;10.76;12.09;NA;NA;NA;
21;1;7.65;16.25;0.71;NA;ND;0;9.32;7.78;2.95;NA;NA;NA;
21;2;5.13;ND;ND;NA;ND;0.23;0.71;9.29;ND;NA;NA;NA;
21;3;5.63;16.49;0.57;NA;ND;0.03;7.8;13.37;0.23;NA;NA;NA;
21;4;3.12;13.7;0.93;NA;ND;0;0.84;9.46;5.82;NA;NA;NA;
21;5;3.06;4.91;0.56;NA;ND;0.04;4.18;7.36;2.43;NA;NA;NA;
21;6;3.64;4.77;1.65;NA;ND;0.46;2.17;4.99;2.01;NA;NA;NA;
21;7;4.38;9.43;4.86;NA;ND;3.18;12.38;9.26;4.53;NA;NA;NA;
21;8;7.06;31.36;5.93;NA;ND;13.47;23.7;8.97;8.93;NA;NA;NA;
21;9;13.29;31.18;11.8;NA;ND;10.17;39.87;16.04;7.65;NA;NA;NA;
21;10;30.2;33.49;24.91;NA;ND;11.29;44.54;37.32;12.58;NA;NA;NA;
21;11;43.42;55.55;24.44;NA;ND;24.22;42.76;53.27;15.46;NA;NA;NA;
21;12;37.69;50.86;34.41;NA;ND;34.44;24.06;66.21;22.86;NA;NA;NA;
21;13;34.59;30.33;26.04;NA;ND;32.49;37.36;50.67;54.14;NA;NA;NA;
21;14;28.56;28.35;13.03;NA;ND;15.42;26.84;40.91;36.93;NA;NA;NA;
21;15;27.88;29.04;11.6;NA;ND;5.88;10.73;37.89;14.08;NA;NA;NA;
21;16;24.41;29.01;4.79;NA;ND;4.42;18.57;31.08;14.29;NA;NA;NA;
21;17;20.58;27.21;6.51;NA;ND;4.76;11.8;16.69;22.12;NA;NA;NA;
21;18;8.29;20.62;8.18;NA;ND;2.31;2.21;22.49;13.09;NA;NA;NA;
21;19;14.69;17.02;3.85;NA;ND;9.46;0.42;20.88;9.68;NA;NA;NA;
21;20;6.75;12.71;0.94;NA;ND;4.99;1.83;22.15;14.67;NA;NA;NA;
21;21;2.13;3.57;1.25;NA;ND;1.51;3.39;21.63;19.58;NA;NA;NA;
21;22;2.17;1.35;0.69;NA;ND;0.02;0.93;10.81;12.42;NA;NA;NA;
21;23;2.39;0.5;0.99;NA;ND;0.07;5.25;2.27;1.16;NA;NA;NA;
22;0;1.62;5.13;2.36;NA;ND;1.61;0.35;1.43;4.29;NA;NA;NA;
22;1;1.51;4.34;1.88;NA;ND;2.03;8.09;ND;2.85;NA;NA;NA;
22;2;ND;2.29;0.83;NA;ND;ND;ND;1.38;10.15;NA;NA;NA;
22;3;1.93;4.7;1.52;NA;ND;0;0.46;4.99;1.9;NA;NA;NA;
22;4;1.91;7.52;0.55;NA;ND;0;0.9;1.01;0.03;NA;NA;NA;
22;5;1.4;2.51;0.61;NA;ND;0;0.8;0.57;0;NA;NA;NA;
22;6;2.21;1.35;1.17;NA;ND;0.32;1.64;2.05;0.82;NA;NA;NA;
22;7;5.66;4.77;1.93;NA;ND;1.18;5.28;6.49;2.96;NA;NA;NA;
22;8;15.03;10.27;3.49;NA;ND;4.89;13.3;7.62;7.68;NA;NA;NA;
22;9;26.92;27.52;9.68;NA;ND;13.74;36.68;18.08;7.13;NA;NA;NA;
22;10;47.83;37.31;21.8;NA;ND;18.51;22.37;33.05;21.45;NA;NA;NA;
22;11;58.29;48.63;23.05;NA;ND;24.29;20.56;43.78;22.32;NA;NA;NA;
22;12;43.65;47.39;36.93;NA;ND;40.68;19.13;55.34;15.34;NA;NA;NA;
22;13;40.64;46.55;46.81;NA;ND;40.04;18.31;61.48;45.25;NA;NA;NA;
22;14;35.8;38.48;30.33;NA;ND;34.73;35.03;56.96;58.18;NA;NA;NA;
22;15;35.29;35.01;22.29;NA;ND;29.51;35.94;36.6;44.31;NA;NA;NA;
22;16;31.58;33.62;12.59;NA;ND;24.74;32.24;28.23;26.82;NA;NA;NA;
22;17;33.21;34.93;8.57;NA;ND;26.87;22.08;27.06;21.98;NA;NA;NA;
22;18;6.59;28.98;7.56;NA;ND;18.19;21.59;22.83;11.84;NA;NA;NA;
22;19;3.91;17.92;10.41;NA;ND;9.41;20;20.04;14.54;NA;NA;NA;
22;20;6.36;12.48;8.5;NA;ND;8.43;10.65;17.13;16.92;NA;NA;NA;
22;21;3.97;10.37;7.08;NA;ND;11.43;1.17;21.46;8.99;NA;NA;NA;
22;22;2.38;7.9;5.97;NA;ND;6.66;4.39;16.11;12.24;NA;NA;NA;
22;23;1.61;14.05;0.67;NA;ND;2.62;20.34;4.05;4.33;NA;NA;NA;
23;0;1.65;21.68;2.54;NA;ND;0.38;14.38;4.38;4.02;NA;NA;NA;
23;1;5.62;12.83;0.58;NA;ND;0.45;11.09;2.31;1.72;NA;NA;NA;
23;2;2.8;ND;ND;NA;ND;0.07;9.93;2.69;ND;NA;NA;NA;
23;3;1.82;11.59;0.54;NA;ND;0.11;2.65;0.76;0.06;NA;NA;NA;
23;4;1.92;5.52;0.38;NA;ND;0.01;0.21;0.6;0.03;NA;NA;NA;
23;5;1.83;1.36;0.63;NA;ND;0.01;0.37;0.21;0.06;NA;NA;NA;
23;6;4.33;2.95;2.29;NA;ND;1.87;5.01;1.67;1.69;NA;NA;NA;
23;7;12.89;7.69;9.28;NA;ND;11.13;18.96;4.37;8.44;NA;NA;NA;
23;8;21.66;16.84;17.02;NA;ND;22.63;28.22;4.01;16.61;NA;NA;NA;
23;9;31.5;19.92;17.1;NA;ND;33.98;37.63;16.59;31.21;NA;NA;NA;
23;10;31.27;26.57;17.73;NA;ND;16.42;35.95;32.26;24.13;NA;NA;NA;
23;11;44.84;46.63;19.1;NA;ND;20.3;14.71;41.17;27.03;NA;NA;NA;
23;12;48.48;42.95;38.99;NA;ND;38.6;32.59;42.18;23.54;NA;NA;NA;
23;13;49.83;45.57;54.75;NA;ND;49.91;49.41;48.2;51.65;NA;NA;NA;
23;14;48.84;46.91;49.68;NA;ND;53.97;42.97;49.54;52.77;NA;NA;NA;
23;15;48.3;48.57;48.5;NA;ND;51.28;42.05;50.46;42.6;NA;NA;NA;
23;16;42.86;42.09;39.75;NA;ND;39.55;33.43;47.2;44.23;NA;NA;NA;
23;17;37.16;38.16;32.5;NA;ND;36.27;25.11;36.27;42.32;NA;NA;NA;
23;18;29.69;28.43;21.08;NA;ND;22.69;16.17;31.84;22.62;NA;NA;NA;
23;19;9.46;18.66;23.75;NA;ND;22.68;12.42;25.63;16.51;NA;NA;NA;
23;20;16.38;12.52;21.85;NA;ND;9.77;1.8;10.11;7.58;NA;NA;NA;
23;21;22.27;10.89;22.31;NA;ND;6.4;0.06;2.85;0.48;NA;NA;NA;
23;22;21.7;4.96;20.45;NA;ND;5.96;3.28;2.52;0.14;NA;NA;NA;
23;23;34.55;1.82;27.86;NA;ND;15.88;2.78;1.59;0.02;NA;NA;NA;
24;0;35.58;2.24;27.27;NA;ND;17.59;21.91;0.65;0;NA;NA;NA;
24;1;31.13;10.1;24.97;NA;ND;14.7;23.22;ND;0;NA;NA;NA;
24;2;ND;9.85;19.84;NA;ND;ND;ND;0.42;0.35;NA;NA;NA;
24;3;20.42;9.24;16.22;NA;ND;10.79;33.55;0.34;0.11;NA;NA;NA;
24;4;9.15;2.38;4.17;NA;ND;13.65;31.14;0.67;0.08;NA;NA;NA;
24;5;3.59;2.19;2.66;NA;ND;7.47;9.6;0.53;0.13;NA;NA;NA;
24;6;4.66;3.79;2.41;NA;ND;1.24;18.23;1.37;1.48;NA;NA;NA;
24;7;10.17;7.17;7.65;NA;ND;4.4;29.05;2.93;5.4;NA;NA;NA;
24;8;21.35;29.69;18.31;NA;ND;13.19;37.45;5.62;17.63;NA;NA;NA;
24;9;43.1;37.67;30.98;NA;ND;27.54;41.91;12.92;27.42;NA;NA;NA;
24;10;38.5;43.6;22.91;NA;ND;11.86;30.15;31.69;27.87;NA;NA;NA;
24;11;46.54;48.3;37.71;NA;ND;45.77;34.23;46.78;ND;NA;NA;NA;
24;12;51.59;50.64;44.5;NA;ND;49.84;36.14;55.9;46.17;NA;NA;NA;
24;13;45.22;46.96;41.94;NA;ND;45.37;35.86;54.67;35.53;NA;NA;NA;
24;14;43.44;45.38;38.78;NA;ND;45.39;37.94;47.42;32.26;NA;NA;NA;
24;15;43.04;48.7;37.09;NA;ND;39.33;38.1;47.65;35.04;NA;NA;NA;
24;16;37.01;44.21;31.73;NA;ND;33.13;31.56;46.51;30.05;NA;NA;NA;
24;17;29.26;38.01;13.46;NA;ND;16.16;23.11;41.75;32.51;NA;NA;NA;
24;18;20.65;26.18;3.83;NA;ND;4.17;12;34.52;26.26;NA;NA;NA;
24;19;9.12;24.06;2.24;NA;ND;2.7;2.54;30.44;28.13;NA;NA;NA;
24;20;1.98;22.9;0.72;NA;ND;1.58;1.53;33.75;24.19;NA;NA;NA;
24;21;2.46;25.3;0.93;NA;ND;0.11;0.16;29.41;8.53;NA;NA;NA;
24;22;1.83;22.83;0.68;NA;ND;0.14;3.16;30.39;25.96;NA;NA;NA;
24;23;1.82;10.17;0.63;NA;ND;0.02;5.3;24.18;23.52;NA;NA;NA;
25;0;1.73;8.41;0.76;NA;ND;0.59;1.7;20.62;5.9;NA;NA;NA;
25;1;1.43;11.66;0.78;NA;ND;0.47;12.71;22.66;15.21;NA;NA;NA;
25;2;1.53;ND;ND;NA;ND;0.51;10.84;20.63;ND;NA;NA;NA;
25;3;1.6;5.95;0.47;NA;ND;0.12;8.05;13.81;6.24;NA;NA;NA;
25;4;1.66;1.43;0.55;NA;ND;0.01;13.01;11.1;11.9;NA;NA;NA;
25;5;1.62;0.53;0.82;NA;ND;0.04;5.44;10.27;3.31;NA;NA;NA;
25;6;2.84;1.47;1.28;NA;ND;0.6;0.45;8.61;8.97;NA;NA;NA;
25;7;4.02;3.22;2.33;NA;ND;2.17;3.94;5.97;5.21;NA;NA;NA;
25;8;6.36;4.73;2.57;NA;ND;1.93;2.94;4.43;2.61;NA;NA;NA;
25;9;14.68;12.7;4.55;NA;ND;4.29;11.9;9.64;3.72;NA;NA;NA;
25;10;35.3;38.22;16.07;NA;ND;20.93;32.13;18.37;5.49;NA;NA;NA;
25;11;58.34;49.48;21.88;NA;ND;19.36;47.04;28.24;12.08;NA;NA;NA;
25;12;57.61;54.83;22.07;NA;ND;24.9;41.17;37.52;21.08;NA;NA;NA;
25;13;56.13;55.27;39.71;NA;ND;32.69;39.8;62.32;50.05;NA;NA;NA;
25;14;51.64;43.59;47.93;NA;ND;ND;51.73;70.14;49.48;NA;NA;NA;
25;15;49.83;ND;33.87;NA;ND;ND;36.56;49.15;53.75;NA;NA;NA;
25;16;40.58;38.86;21.69;NA;ND;22.04;22.58;42.26;27.52;NA;NA;NA;
25;17;29.47;33.55;8.8;NA;ND;15.1;13.48;36.12;26.28;NA;NA;NA;
25;18;20.69;28.41;2.03;NA;ND;7.54;4.78;30.2;25.77;NA;NA;NA;
25;19;13.05;28.49;1.21;NA;ND;3.09;8.68;34.37;22.61;NA;NA;NA;
25;20;7.94;31.62;2.03;NA;ND;6.15;7.8;35.4;20.06;NA;NA;NA;
25;21;12.5;30.7;0.71;NA;ND;2.81;9.4;38.65;23.8;NA;NA;NA;
25;22;10.54;25.53;0.58;NA;ND;0.4;17.77;39.22;33.21;NA;NA;NA;
25;23;21.06;36.33;9.19;NA;ND;4.2;11.37;40.45;34.32;NA;NA;NA;
26;0;23.85;37;10.14;NA;ND;10.57;18.92;37.65;36.41;NA;NA;NA;
26;1;29.68;32.69;19.64;NA;ND;15.24;13.09;ND;35.93;NA;NA;NA;
26;2;ND;29.6;24.62;NA;ND;ND;ND;34.68;32.6;NA;NA;NA;
26;3;26.66;31.27;24.1;NA;ND;22.41;4.96;36.93;25.48;NA;NA;NA;
26;4;16.58;27.84;23.34;NA;ND;23.64;7.66;33.28;32.14;NA;NA;NA;
26;5;4.15;16.38;17.78;NA;ND;15.28;1.1;22.87;30.2;NA;NA;NA;
26;6;4.57;9.31;7.87;NA;ND;2.15;0.61;16.55;13.9;NA;NA;NA;
26;7;10.44;9.35;4.29;NA;ND;4.12;3.79;19.65;10.71;NA;NA;NA;
26;8;20.21;24.14;8.7;NA;ND;13.96;12.7;30.13;14.06;NA;NA;NA;
26;9;30.86;43.81;23.98;NA;ND;28.36;21.44;46.68;10.07;NA;NA;NA;
26;10;57.88;51.29;33.65;NA;ND;21.19;31.12;ND;25.42;NA;NA;NA;
26;11;54.84;57.75;47.01;NA;ND;49.63;28.24;ND;31.71;NA;NA;NA;
26;12;52.49;55.02;48.48;NA;ND;60.45;29.31;68.67;61.27;NA;NA;NA;
26;13;46.13;43.58;32.79;NA;ND;37.01;48.56;54.88;60.18;NA;NA;NA;
26;14;ND;41.48;25.08;NA;ND;26.76;41.41;44.76;37.49;NA;NA;NA;
26;15;33.2;35.87;13.5;NA;ND;16.2;32.4;37.37;28.71;NA;NA;NA;
26;16;26.48;35.19;6.78;NA;ND;6.71;29.57;31.16;18.82;NA;NA;NA;
26;17;13.42;28.65;2.52;NA;ND;6.44;5.03;28.96;8.2;NA;NA;NA;
26;18;6.83;20.52;3.54;NA;ND;0.52;1.23;22.03;11.1;NA;NA;NA;
26;19;8.42;18.46;4.16;NA;ND;0.58;2.8;22.06;12.23;NA;NA;NA;
26;20;9.23;21.46;5.03;NA;ND;4.22;1.03;21.81;16.4;NA;NA;NA;
26;21;19.13;23.79;9.66;NA;ND;9.51;0.06;24.99;11.09;NA;NA;NA;
26;22;15.6;26.08;14.83;NA;ND;12.78;2.56;14.35;ND;NA;NA;NA;
26;23;22.7;28.74;16.83;NA;ND;16.82;0.17;21.05;ND;NA;NA;NA;
27;0;23.59;33.15;15.91;NA;ND;18.35;6.37;18.31;22.04;NA;NA;NA;
27;1;23.8;33.35;17.36;NA;ND;16.96;15.74;16.86;14.66;NA;NA;NA;
27;2;22.59;ND;ND;NA;ND;18.76;7.43;18.11;ND;NA;NA;NA;
27;3;20.7;22.62;28.31;NA;ND;11.95;6.08;13.11;20.7;NA;NA;NA;
27;4;12.41;25.54;29.05;NA;ND;12.47;4.81;4.83;18.51;NA;NA;NA;
27;5;5.77;13.91;14.48;NA;ND;0.09;3.95;5.68;7.61;NA;NA;NA;
27;6;3.6;2.31;2.97;NA;ND;0.81;2.32;1.02;2.1;NA;NA;NA;
27;7;10.67;4.99;4.91;NA;ND;3.53;8.33;5.98;8.9;NA;NA;NA;
27;8;17.77;15.04;12.2;NA;ND;17.65;23.41;13.5;19.49;NA;NA;NA;
27;9;23.16;26.55;16.62;NA;ND;26.81;34.09;19.98;33.29;NA;NA;NA;
27;10;45.28;47.91;27.23;NA;ND;24.51;41.76;34.65;11.82;NA;NA;NA;
27;11;57.13;60.64;33.69;NA;ND;27.49;51.11;49.66;33.7;NA;NA;NA;
27;12;59.06;65.89;56.33;NA;ND;55.06;20.2;59.23;37.39;NA;NA;NA;
27;13;47.48;62.47;43.08;NA;ND;46.7;30.98;64.48;39.19;NA;NA;NA;
27;14;39.33;52.98;ND;NA;ND;48.83;42.76;70.36;40.66;NA;NA;NA;
27;15;41.9;46.05;40.8;NA;ND;39.4;55.44;38.3;51.65;NA;NA;NA;
27;16;40.51;43.17;39.08;NA;ND;45.07;34.82;44.42;34.82;NA;NA;NA;
27;17;35.47;36.19;7.59;NA;ND;20.77;17.17;36.53;38.58;NA;NA;NA;
27;18;21.9;26.39;1.94;NA;ND;4.69;9.17;26.82;16.96;NA;NA;NA;
27;19;10.64;28.86;0.85;NA;ND;2.85;6.9;24.57;17.95;NA;NA;NA;
27;20;8.48;31.44;1.73;NA;ND;1.36;1.45;28.47;20.43;NA;NA;NA;
27;21;2.6;23.71;1.12;NA;ND;0.24;5.27;35.35;14.85;NA;NA;NA;
27;22;2.82;17.58;3.56;NA;ND;0.02;8.79;16.23;17.78;NA;NA;NA;
27;23;7.43;14.68;3.13;NA;ND;0;6.74;6.16;21.13;NA;NA;NA;
28;0;3.96;4.23;0.45;NA;ND;0;15.62;4;3.12;NA;NA;NA;
28;1;1.63;8.03;0.41;NA;ND;0.01;19.96;ND;0.08;NA;NA;NA;
28;2;ND;1.35;0.61;NA;ND;ND;ND;0.29;0.47;NA;NA;NA;
28;3;3.21;1.1;0.57;NA;ND;1.71;0.44;0.66;0.4;NA;NA;NA;
28;4;1.68;0.86;1.04;NA;ND;1.33;17.98;0.12;0.38;NA;NA;NA;
28;5;1.85;1.71;0.52;NA;ND;0.19;13.72;0.1;0.02;NA;NA;NA;
28;6;3.51;2.77;1.78;NA;ND;3.76;20.9;1.06;0.96;NA;NA;NA;
28;7;6.71;7.01;10.42;NA;ND;14.14;26.81;3.3;4.12;NA;NA;NA;
28;8;19;22.87;12.09;NA;ND;24.79;31.97;8.88;7.99;NA;NA;NA;
28;9;30.65;41.86;21.84;NA;ND;31.94;36.8;27.91;30.47;NA;NA;NA;
28;10;34.3;50.85;19.94;NA;ND;26.74;43.96;46.03;53.91;NA;NA;NA;
28;11;52.77;62;36.57;NA;ND;39.27;51.46;68.22;56.3;NA;NA;NA;
28;12;62.45;56.44;55.67;NA;ND;61;58.37;75.81;31.76;NA;NA;NA;
28;13;53.89;58.76;56.21;NA;ND;63.49;61.09;68.96;60.48;NA;NA;NA;
28;14;50.44;58.12;51.84;NA;ND;50.82;55.39;54.46;53.27;NA;NA;NA;
28;15;47.75;51.54;47.4;NA;ND;50.75;28.33;51.62;39.46;NA;NA;NA;
28;16;44.37;45.02;42.88;NA;ND;39.21;19.88;42.64;31.57;NA;NA;NA;
28;17;36.37;35.5;24.76;NA;ND;15.31;14.28;33.42;30.05;NA;NA;NA;
28;18;26.65;24.28;10.92;NA;ND;8.74;12.27;22.73;19.43;NA;NA;NA;
28;19;16.22;20.67;7.12;NA;ND;1.31;10.55;21.2;17.14;NA;NA;NA;
28;20;3.06;14.94;6.27;NA;ND;3.26;5.93;16.04;13.19;NA;NA;NA;
28;21;2.25;10.38;3.35;NA;ND;0.19;0.57;16.87;2.45;NA;NA;NA;
28;22;5.65;6.66;1.03;NA;ND;0.42;0.27;8.03;7.51;NA;NA;NA;
28;23;7.24;3.81;5.51;NA;ND;7.33;8.08;0.22;0.57;NA;NA;NA;
29;0;12.56;12.79;8.01;NA;ND;10.66;19.54;1.53;0.19;NA;NA;NA;
29;1;16.38;19.61;3.1;NA;ND;3.31;25.48;0.72;0.26;NA;NA;NA;
29;2;13.47;ND;ND;NA;ND;4.86;24.69;0.53;ND;NA;NA;NA;
29;3;9.59;1.58;1.65;NA;ND;5.79;24.6;0.2;0.13;NA;NA;NA;
29;4;6.41;0.92;1.89;NA;ND;7.55;25.3;0.34;0.03;NA;NA;NA;
29;5;3.43;1.04;4.2;NA;ND;4.68;24.58;0.21;0.05;NA;NA;NA;
29;6;4.01;2.48;5.21;NA;ND;7.51;23.49;0.84;1.65;NA;NA;NA;
29;7;8.67;5.71;17.8;NA;ND;22.18;27.18;2.74;6.09;NA;NA;NA;
29;8;12.43;8.48;23.63;NA;ND;30.67;30.85;4.13;12.17;NA;NA;NA;
29;9;24.54;19.94;15.93;NA;ND;32.97;33.05;7.32;4.3;NA;NA;NA;
29;10;47.57;41.28;33.02;NA;ND;40.19;37.46;24.2;7.2;NA;NA;NA;
29;11;55.71;51.93;38.02;NA;ND;38.18;44.98;34.74;15.67;NA;NA;NA;
29;12;63.64;61.44;36.95;NA;ND;43.4;41.62;44.81;41.02;NA;NA;NA;
29;13;55.83;56.23;38.32;NA;ND;42.36;39.09;56.93;42.72;NA;NA;NA;
29;14;46.83;47.12;42.25;NA;ND;46.46;36.18;51.34;35.79;NA;NA;NA;
29;15;42.75;47.26;41.45;NA;ND;40.38;41.95;47.36;40.1;NA;NA;NA;
29;16;41.42;41.6;38.3;NA;ND;34.32;34.73;42.04;34.5;NA;NA;NA;
29;17;34.49;33.16;32.05;NA;ND;27.19;17.82;35.25;33.7;NA;NA;NA;
29;18;28.61;25.49;18.68;NA;ND;17.81;12.76;29.7;25.87;NA;NA;NA;
29;19;21.05;22.63;22.91;NA;ND;19.23;9.18;19.56;14.49;NA;NA;NA;
29;20;6.5;22.64;17.78;NA;ND;15.58;2.99;23.22;17.34;NA;NA;NA;
29;21;2.16;18.88;7.68;NA;ND;3.68;0.56;26.02;12.31;NA;NA;NA;
29;22;2.28;13.08;12.43;NA;ND;0.35;0.79;24.45;13.66;NA;NA;NA;
29;23;7.45;1.03;5.19;NA;ND;0.27;2.12;22.98;3.22;NA;NA;NA;
30;0;1.76;1.44;1.04;NA;ND;0.1;9.89;14.28;0.06;NA;NA;NA;
30;1;1.47;0.41;1.11;NA;ND;0.27;21.1;ND;0.03;NA;NA;NA;
30;2;ND;1.39;1.19;NA;ND;ND;ND;8.95;0.05;NA;NA;NA;
30;3;2.96;3.86;1.18;NA;ND;7.14;26.25;2.74;0;NA;NA;NA;
30;4;12.58;0.75;6.43;NA;ND;0.03;26.65;1.3;0.05;NA;NA;NA;
30;5;15.63;0.92;5.71;NA;ND;0.98;23.73;0.34;0.18;NA;NA;NA;
30;6;11.21;2.49;3.5;NA;ND;1.03;19.81;1.01;1.36;NA;NA;NA;
30;7;30.37;13.62;12.41;NA;ND;10.33;27.46;5.78;5;NA;NA;NA;
30;8;34.46;30.02;32.06;NA;ND;28.86;33.48;11.79;7.26;NA;NA;NA;
30;9;45.05;43.83;34.15;NA;ND;35.81;38.14;10.17;15.65;NA;NA;NA;
30;10;44.74;47.02;34.22;NA;ND;33.12;44;19.88;28.82;NA;NA;NA;
30;11;46.38;53.79;44.42;NA;ND;43.23;46.05;41.22;43.47;NA;NA;NA;
30;12;58.95;50.35;46.6;NA;ND;42.18;45.74;45.21;39.27;NA;NA;NA;
30;13;53.94;47.71;48.85;NA;ND;47.35;38.93;47.48;39.96;NA;NA;NA;
30;14;45.47;41.25;40.06;NA;ND;46.93;39.26;45.35;38.12;NA;NA;NA;
30;15;42.77;42.41;40.46;NA;ND;45.35;34.45;44.74;35.03;NA;NA;NA;
30;16;39.68;43.07;39.35;NA;ND;41.16;34.7;44.13;30.87;NA;NA;NA;
30;17;34.05;35.81;29.39;NA;ND;31.36;21.81;36.62;27.98;NA;NA;NA;
30;18;26.82;26.72;18.56;NA;ND;12.09;10.16;25.25;20.13;NA;NA;NA;
30;19;7.33;19.15;6.59;NA;ND;3.4;2.81;20.47;20.06;NA;NA;NA;
30;20;3.42;15.33;7.12;NA;ND;0.29;1.38;19.11;10.8;NA;NA;NA;
30;21;2.4;14.86;3.11;NA;ND;0.6;1.81;17.28;7.66;NA;NA;NA;
30;22;3.09;8.04;2.22;NA;ND;0.11;1.33;22.48;3.95;NA;NA;NA;
30;23;3.3;14.75;0.87;NA;ND;0;2.62;19.21;0.21;NA;NA;NA;
