DIA;HORA;Cotocollao;Carapungo;Belisario;Jipijapa;El Camal;Centro;Guamaní;Tumbaco;Los Chillos;El Condado;Turubamba;Chillogallo;
1;0;2.76;7.38;4.68;NA;35.48;9.77;30.37;ND;6.57;NA;NA;NA;
1;1;4.95;5.2;2.38;NA;15.05;4.61;ND;9.02;6.16;NA;NA;NA;
1;2;2.67;2.44;3.6;NA;14.42;8.78;14.69;5.36;5.66;NA;NA;NA;
1;3;1.57;1.26;3.56;NA;17.22;8.9;18.86;5.83;5.25;NA;NA;NA;
1;4;0.85;3.25;4.61;NA;8.54;3.17;9.03;3.48;5.87;NA;NA;NA;
1;5;1.13;1.71;3.73;NA;5.02;2.56;3.61;3.35;6.29;NA;NA;NA;
1;6;2.15;2.45;3.54;NA;3.79;2.79;5.72;2.25;9.62;NA;NA;NA;
1;7;3.6;2.21;9.14;NA;8.48;8.41;7.43;4.51;12.04;NA;NA;NA;
1;8;18.2;14.28;22.31;NA;26.84;26.69;19.75;9.69;25.12;NA;NA;NA;
1;9;31.37;21.39;37.14;NA;45.47;44.2;33.72;35.38;44.37;NA;NA;NA;
1;10;31.54;23.5;40.39;NA;43;44.02;44.32;45.59;48.51;NA;NA;NA;
1;11;38.39;27.58;42.52;NA;42.41;45.48;46.94;45.51;47.81;NA;NA;NA;
1;12;42.32;28.39;41.55;NA;44.39;45.17;50.22;46.21;45.42;NA;NA;NA;
1;13;33.57;25.58;42.71;NA;46.51;47.95;47.91;50.26;44.13;NA;NA;NA;
1;14;32.6;24.34;38.55;NA;46.18;47.05;47.01;43.19;40.18;NA;NA;NA;
1;15;32.16;23.94;40.28;NA;47.26;48.05;47.39;45.84;42.15;NA;NA;NA;
1;16;31.13;22.68;40.28;NA;43.24;45.52;39.78;43.89;40.67;NA;NA;NA;
1;17;26.31;20.8;35.76;NA;37.11;41.26;33.51;41.28;38.88;NA;NA;NA;
1;18;23.15;15.06;24;NA;22.75;29.33;20.75;31.17;39;NA;NA;NA;
1;19;14.72;12.28;11.54;NA;14.72;13.57;9.75;21.39;20.86;NA;NA;NA;
1;20;4.1;9.75;3.28;NA;17.44;4.02;6.35;23.91;21.93;NA;NA;NA;
1;21;3.57;9.47;7.44;NA;12.73;7.27;9.63;22.74;15.85;NA;NA;NA;
1;22;6.55;7.8;14.86;NA;13.65;6.9;11.02;5.78;1.46;NA;NA;NA;
1;23;11.75;3.67;18.62;NA;5.57;11.81;8.19;4.75;0.74;NA;NA;NA;
2;0;10.75;1.52;15.97;NA;2.86;5.53;16.13;8.51;5.49;NA;NA;NA;
2;1;17.57;ND;21.21;NA;2.52;6.3;22.93;10.51;ND;NA;NA;NA;
2;2;ND;2.71;19.18;NA;ND;19.97;24.38;9.86;6.22;NA;NA;NA;
2;3;11.7;0.55;12.27;NA;4.01;1.05;26.28;2.02;1.32;NA;NA;NA;
2;4;7.63;0.19;5.11;NA;3.56;1.41;15.01;2.2;4.4;NA;NA;NA;
2;5;6.58;1.23;1.47;NA;2.77;2.3;15.58;1.52;0.87;NA;NA;NA;
2;6;5.43;3.6;2.46;NA;4.79;2.57;25.06;2.09;0.41;NA;NA;NA;
2;7;7.22;ND;6.75;NA;7.34;13.84;32.65;4.97;3.92;NA;NA;NA;
2;8;12.11;ND;13.35;NA;29.13;28.28;35.34;10.36;16.3;NA;NA;NA;
2;9;20.65;ND;21.05;NA;38.59;35.59;42;23.24;26.2;NA;NA;NA;
2;10;32.65;ND;32.27;NA;35.96;38.86;49.03;42.16;44.6;NA;NA;NA;
2;11;38.62;ND;35.59;NA;43.22;46.14;48.25;61.53;37.46;NA;NA;NA;
2;12;44.22;ND;46.8;NA;51.95;55.72;54.01;63.79;53.89;NA;NA;NA;
2;13;39.48;ND;45.53;NA;54.38;59.7;52.68;ND;52.27;NA;NA;NA;
2;14;37.16;ND;40.83;NA;52.17;49.38;48.87;ND;57.75;NA;NA;NA;
2;15;30.2;ND;31.33;NA;40.27;ND;45.98;43.82;40.21;NA;NA;NA;
2;16;28.18;ND;30.68;NA;32.5;35.58;36.99;42.29;30.02;NA;NA;NA;
2;17;22.76;ND;21.16;NA;20.71;28.82;26.4;38.67;29.19;NA;NA;NA;
2;18;20.13;ND;7.45;NA;15.57;10.52;14.65;34.51;24.82;NA;NA;NA;
2;19;13.84;ND;3.86;NA;9.24;1.79;8.67;28.72;19.38;NA;NA;NA;
2;20;4.25;ND;2.38;NA;4.7;4.48;9.19;32.11;28.32;NA;NA;NA;
2;21;3.97;ND;4.51;NA;8.5;1.61;13.42;29.63;20.07;NA;NA;NA;
2;22;2.21;ND;3.12;NA;5.34;1.86;23.62;30.49;26.3;NA;NA;NA;
2;23;8.89;ND;0.8;NA;4.12;1.22;17.09;31.47;17.06;NA;NA;NA;
3;0;10.12;13.18;3.01;NA;8.48;5.06;16.94;32.73;11.74;NA;NA;NA;
3;1;4.94;11.19;3.96;NA;5.82;4.31;ND;30.5;18.95;NA;NA;NA;
3;2;2.18;6.58;6.46;NA;3.36;2.07;14.28;28.34;18.34;NA;NA;NA;
3;3;3.96;8.44;4.19;NA;4.06;3.09;9.72;28.45;21.19;NA;NA;NA;
3;4;1;2.58;9.35;NA;5.88;2.51;4.28;22.72;0.65;NA;NA;NA;
3;5;0.57;0.95;3.11;NA;2.46;1.09;1.58;20.41;1.22;NA;NA;NA;
3;6;0.74;0.81;1.39;NA;3.77;1.44;3.16;15.17;0.4;NA;NA;NA;
3;7;4.38;3.25;4.39;NA;6.28;3.61;13.67;10.39;2.19;NA;NA;NA;
3;8;7.99;7.77;10.18;NA;15.59;11.19;26.86;16.56;6.05;NA;NA;NA;
3;9;15.48;12.15;13.33;NA;20.67;15.8;29.42;23.51;21.8;NA;NA;NA;
3;10;27.26;19.33;18.31;NA;17.14;18.59;41.12;33.1;19.23;NA;NA;NA;
3;11;29.94;16.92;25.1;NA;30.03;30.73;33.85;37.03;30.55;NA;NA;NA;
3;12;28.31;0;35.06;NA;40.95;37.18;45.16;49.15;41.47;NA;NA;NA;
3;13;36.14;21.67;42.87;NA;48.95;54.48;54.34;57.78;55.52;NA;NA;NA;
3;14;36.21;25.87;42.72;NA;47.26;48.52;ND;56.13;42;NA;NA;NA;
3;15;31.1;23.45;31.7;NA;46.71;45.1;46.94;49.31;33.71;NA;NA;NA;
3;16;28.92;22.24;30.96;NA;38.28;36.5;33.13;44.46;33.7;NA;NA;NA;
3;17;23.5;17.4;19.8;NA;25.12;29.8;24.39;39.19;20.63;NA;NA;NA;
3;18;17.79;11.11;6.5;NA;9.47;4.68;12.97;22.71;23.78;NA;NA;NA;
3;19;5.76;7.67;5.11;NA;6.51;1.72;4.89;18.38;19.23;NA;NA;NA;
3;20;0.85;7.13;7.25;NA;3.68;2;1.19;18.11;9.33;NA;NA;NA;
3;21;0.46;5.14;4.68;NA;3.74;1.24;3.45;18.56;8.4;NA;NA;NA;
3;22;0.94;3.48;1.66;NA;3.18;1.23;0.15;21.33;7.84;NA;NA;NA;
3;23;1.1;0.83;0.67;NA;2.79;0.53;1.4;16.54;2.22;NA;NA;NA;
4;0;1.76;4.41;0.51;NA;2.66;0.16;1.18;16.42;0;NA;NA;NA;
4;1;0.64;6.79;1.19;NA;2.04;0.15;ND;ND;ND;NA;NA;NA;
4;2;ND;5.94;0.58;NA;2.52;ND;0.79;18.53;0;NA;NA;NA;
4;3;1.03;8.02;4.71;NA;2.33;2.07;0;16.79;0.72;NA;NA;NA;
4;4;1.37;5.72;5.69;NA;4.19;3.34;0;16.7;3.51;NA;NA;NA;
4;5;0.38;3.82;1.07;NA;2.62;1.17;0.03;9.56;0.62;NA;NA;NA;
4;6;0.89;1.31;1.47;NA;4.05;1;1.24;10.7;1.98;NA;NA;NA;
4;7;2.78;3.57;4.57;NA;8.14;5.94;8.99;11.03;3.3;NA;NA;NA;
4;8;8.67;6.06;7.58;NA;14.63;9.22;26.29;9.82;6.48;NA;NA;NA;
4;9;15.35;10.08;7.63;NA;15.68;15.65;47.68;8.84;17.98;NA;NA;NA;
4;10;27.67;18.22;14.02;NA;23.83;15.98;42.97;16.56;11.7;NA;NA;NA;
4;11;31.42;22.23;30.26;NA;36.31;37.84;39.32;30;15.29;NA;NA;NA;
4;12;37.35;25.88;33.95;NA;39.38;44.61;41.62;41.33;35.92;NA;NA;NA;
4;13;34.09;22.82;30.65;NA;37.36;37.32;46.09;44.24;40.19;NA;NA;NA;
4;14;30.03;21.75;31.88;NA;36.29;39.09;42.99;40.85;33.68;NA;NA;NA;
4;15;31.42;21.88;29.57;NA;32.57;37.58;38.19;36.36;34.61;NA;NA;NA;
4;16;26.89;19.25;24.3;NA;29.49;31.83;31.99;32.41;31.16;NA;NA;NA;
4;17;19.09;16.11;20.39;NA;21.58;24.97;23.74;29.81;26.95;NA;NA;NA;
4;18;12.76;12.5;13.62;NA;16.32;15.87;11.54;24.36;22.15;NA;NA;NA;
4;19;5.46;7.73;10.58;NA;8.86;11.83;9.31;19.45;16.8;NA;NA;NA;
4;20;2.42;5.21;2.46;NA;5.34;6.32;9.66;13.32;13.5;NA;NA;NA;
4;21;0.56;5.09;6.09;NA;4.04;2.55;9.73;10.76;7.01;NA;NA;NA;
4;22;0.54;4.35;1.75;NA;4.14;1.35;7.58;17.34;0.78;NA;NA;NA;
4;23;0.5;6.88;10.71;NA;4.6;3.31;5.14;16.09;12.61;NA;NA;NA;
5;0;1.13;8.66;8.07;NA;4.2;5.12;2.27;19.81;7.02;NA;NA;NA;
5;1;4.35;7.38;3.21;NA;3.59;0.9;0.15;22.15;7.15;NA;NA;NA;
5;2;6.13;ND;ND;NA;ND;3.08;0.7;21.6;5.12;NA;NA;NA;
5;3;4.08;7.02;2.99;NA;4.38;2.37;1.38;22.51;5.07;NA;NA;NA;
5;4;2.88;6.32;2.88;NA;6.23;3.53;1.33;16.86;6.93;NA;NA;NA;
5;5;3.16;5.46;3.87;NA;4.19;1.57;2.83;3.35;0.08;NA;NA;NA;
5;6;2.28;2.2;2.6;NA;3.61;1.67;3.78;2.92;0.13;NA;NA;NA;
5;7;6.05;3.82;5.63;NA;9.47;6.45;9.01;5.71;2.95;NA;NA;NA;
5;8;13.49;8.92;11.59;NA;19.48;15.98;16.28;18.18;10.42;NA;NA;NA;
5;9;20.38;13.85;14.39;NA;20.75;18.88;27.71;10.97;13.98;NA;NA;NA;
5;10;28.81;19.24;25.37;NA;21.87;18.12;23.56;19.49;19.5;NA;NA;NA;
5;11;34.39;21.19;39.35;NA;32.85;35.54;39.16;42.81;18.31;NA;NA;NA;
5;12;31.38;21.19;38.21;NA;29.69;45.22;49.57;51.74;37.54;NA;NA;NA;
5;13;31.92;21.27;38.9;NA;48.97;53.21;49.2;52.49;37.58;NA;NA;NA;
5;14;30.07;22.45;40.44;NA;41.87;47.32;36.17;52.1;41.95;NA;NA;NA;
5;15;24.56;20.1;33.86;NA;45.04;45.85;43.55;48.95;48.24;NA;NA;NA;
5;16;25.38;19.57;32.38;NA;36.75;41.49;34.24;45.45;48.3;NA;NA;NA;
5;17;18.29;15.35;21.95;NA;31.12;31.59;25.55;36.83;36;NA;NA;NA;
5;18;9.15;11.94;8.31;NA;17.69;10.41;13.32;27.1;20.02;NA;NA;NA;
5;19;4.41;8.39;6.3;NA;8.97;5.42;9.17;25.07;13.88;NA;NA;NA;
5;20;0.94;8.74;1.29;NA;7.73;1.3;2.89;26.26;12.87;NA;NA;NA;
5;21;4.33;5.44;1.19;NA;4.25;0.97;10.18;25.35;9.29;NA;NA;NA;
5;22;8.61;10.37;0.87;NA;4.29;0.25;15.26;25.4;19.18;NA;NA;NA;
5;23;7.38;12.36;1.31;NA;7.33;0.61;14.03;25.79;17.31;NA;NA;NA;
6;0;10.08;11.22;6.61;NA;8.43;2.46;7.25;30.44;15.65;NA;NA;NA;
6;1;9.6;11.43;9.33;NA;11.84;6.93;ND;ND;ND;NA;NA;NA;
6;2;ND;11.82;11.3;NA;16.69;ND;17.48;29.04;15.9;NA;NA;NA;
6;3;11.23;12.2;12.27;NA;11.98;6.86;11.78;26.36;20.05;NA;NA;NA;
6;4;6.03;10.4;9.58;NA;16.3;3.61;6.93;25.79;23.01;NA;NA;NA;
6;5;6.05;4.91;6.33;NA;3.6;0.84;11.03;17.33;21.5;NA;NA;NA;
6;6;1.76;1.55;1.49;NA;3.36;1.85;7.78;9.9;2.48;NA;NA;NA;
6;7;5.84;4.63;3.03;NA;5.1;3.11;12.66;10.12;2.2;NA;NA;NA;
6;8;5.2;6.45;7.34;NA;14.78;11.11;19.58;17.82;11.75;NA;NA;NA;
6;9;11.98;9.3;15.02;NA;16.11;19.81;26.97;22.38;20.44;NA;NA;NA;
6;10;24.49;15.92;19.55;NA;24.77;29.59;37.91;30.33;28.15;NA;NA;NA;
6;11;28.86;18.9;24.36;NA;ND;35.12;42.93;43.48;27.06;NA;NA;NA;
6;12;25.83;18.01;17.68;NA;ND;22.65;25.49;41.65;29.49;NA;NA;NA;
6;13;17.16;15.7;17.65;NA;22.62;22.42;26.94;42.87;26;NA;NA;NA;
6;14;21.73;14.79;13.64;NA;17.3;13.31;26.21;35.71;18.7;NA;NA;NA;
6;15;16.03;10.75;5.96;NA;ND;6.5;21.5;28.93;16.19;NA;NA;NA;
6;16;10.86;12.85;3.61;NA;ND;8.21;10.57;22.96;8.44;NA;NA;NA;
6;17;8.3;9.08;2.3;NA;12.05;3.39;8.51;12.35;4.19;NA;NA;NA;
6;18;4.32;6.93;1.52;NA;3.44;6.12;5.32;3.57;2.32;NA;NA;NA;
6;19;4.92;7.36;1.04;NA;0.42;0.81;0.55;6.7;1.46;NA;NA;NA;
6;20;4.08;1.45;0.76;NA;0.21;0.8;7.83;5.95;0.15;NA;NA;NA;
6;21;0.39;1;0.53;NA;3.62;1.81;9.78;1.13;0;NA;NA;NA;
6;22;0.74;3.62;0.61;NA;9.41;4.68;5.03;1.33;1.26;NA;NA;NA;
6;23;2.45;3.56;0.68;NA;6.07;5.34;11.04;1.09;0.08;NA;NA;NA;
7;0;14.58;11.61;6.17;NA;15.99;7.33;2.82;1.24;2.04;NA;NA;NA;
7;1;13.84;12.62;16.4;NA;12.91;16.48;5.16;19.41;5.07;NA;NA;NA;
7;2;10.61;ND;ND;NA;12.43;16.82;13.98;14.11;9.92;NA;NA;NA;
7;3;8.91;9.94;11.28;NA;11.03;14.11;17.55;15.69;10.31;NA;NA;NA;
7;4;6.91;9.95;11.85;NA;14.33;18.42;13.21;11.27;20.66;NA;NA;NA;
7;5;5.27;8.26;9.13;NA;5.6;14.41;5.57;7.47;8.8;NA;NA;NA;
7;6;1.22;2.35;2.84;NA;0.61;2.48;1.04;3.66;3.78;NA;NA;NA;
7;7;1.71;4.05;3.79;NA;2.94;3.79;8.51;6.84;3.9;NA;NA;NA;
7;8;6.91;8.26;6.75;NA;10.87;12.21;16.28;11.35;11.35;NA;NA;NA;
7;9;9.13;9.23;12.92;NA;24.6;14.26;23.95;16.9;15.92;NA;NA;NA;
7;10;ND;11.36;9.9;NA;12.77;12.54;27.42;35.04;15.51;NA;NA;NA;
7;11;ND;13.53;10.82;NA;9.68;13.49;20.8;41.89;17.74;NA;NA;NA;
7;12;12.49;14.4;10.22;NA;10.94;10.04;20.79;54.08;23.23;NA;NA;NA;
7;13;13.58;14.35;5.47;NA;9.32;8.3;25.3;27.17;14.46;NA;NA;NA;
7;14;ND;7.22;6.89;NA;10.16;8.15;14.16;22.27;14.93;NA;NA;NA;
7;15;9.79;8.79;9.31;NA;21.38;9.86;15.88;43.7;15.85;NA;NA;NA;
7;16;12.14;10.8;5.1;NA;15.64;8.75;11.02;25.7;30.44;NA;NA;NA;
7;17;10.11;8.84;2.93;NA;10.18;7.28;4.9;13.91;13.95;NA;NA;NA;
7;18;5.49;7.7;2.09;NA;1.69;6.85;3.86;15.1;14.09;NA;NA;NA;
7;19;3.14;6.92;1.07;NA;3.84;1.65;0.71;13.3;12.97;NA;NA;NA;
7;20;4.14;6.81;1.71;NA;0.18;0.59;0.48;16.26;12.02;NA;NA;NA;
7;21;4.69;8.22;3.24;NA;0.39;0.7;0.07;18.43;11.09;NA;NA;NA;
7;22;7.9;9.38;2.7;NA;0;9.73;0.04;22.05;15.78;NA;NA;NA;
7;23;8.84;10.13;7.72;NA;0;10.47;0;22.77;19.21;NA;NA;NA;
8;0;10.45;10.55;6.28;NA;9.41;18.6;0.57;23.86;19.53;NA;NA;NA;
8;1;11.66;10.43;12.09;NA;17.21;15.89;ND;ND;ND;NA;NA;NA;
8;2;ND;11.1;15.66;NA;21.66;ND;10.7;22.7;24.34;NA;NA;NA;
8;3;9.31;9.35;17.14;NA;21.22;14.6;13.59;24.78;22.86;NA;NA;NA;
8;4;6.93;9.26;16.28;NA;11.19;16.16;16.72;21.17;18.88;NA;NA;NA;
8;5;3.52;7.25;14.18;NA;2.83;15.48;5.25;21.43;13.93;NA;NA;NA;
8;6;1.04;3.17;4.68;NA;2.08;2.36;7.7;9.29;10.94;NA;NA;NA;
8;7;1.59;2.54;4.03;NA;1.23;2.1;9.33;5.69;6.68;NA;NA;NA;
8;8;5.78;6.58;4.34;NA;3.09;5.12;10.95;12.07;7.33;NA;NA;NA;
8;9;8.68;8.94;8.39;NA;13.26;11.76;24.59;23.18;13.66;NA;NA;NA;
8;10;12.14;10.45;12.37;NA;17.79;16.92;24.97;19.13;25.77;NA;NA;NA;
8;11;21.11;16.77;14.13;NA;29.86;21.6;34.2;34.44;14.55;NA;NA;NA;
8;12;23.65;19.64;11.96;NA;9.83;10.02;17.58;51.11;24.44;NA;NA;NA;
8;13;17.49;17.12;9.72;NA;8.39;9.33;ND;53.59;27.04;NA;NA;NA;
8;14;13.54;14.82;9.14;NA;13.24;13.72;ND;33.95;21.59;NA;NA;NA;
8;15;12.89;10.82;6.31;NA;15.35;10.16;ND;17.13;21.19;NA;NA;NA;
8;16;13.91;7.88;2.87;NA;13.76;8.16;ND;10.72;26.08;NA;NA;NA;
8;17;10.53;6.32;1.24;NA;9.88;12.42;12.31;13.79;20.39;NA;NA;NA;
8;18;3.55;4.88;1.54;NA;6.8;2.79;7.82;14.61;9.6;NA;NA;NA;
8;19;0.6;2.8;1.28;NA;12.52;0.93;5.78;14.65;12.47;NA;NA;NA;
8;20;0.27;5.52;1.54;NA;0.4;1.45;2.09;10.3;5.2;NA;NA;NA;
8;21;11.91;5.28;3.99;NA;7.6;0.68;0.83;4.91;3.68;NA;NA;NA;
8;22;7.47;9.34;2.61;NA;17.69;0.3;4.24;5.16;0.87;NA;NA;NA;
8;23;7.77;14.16;3.67;NA;10.96;2.62;6.96;11.14;12.81;NA;NA;NA;
9;0;15.47;15.05;1.52;NA;2.23;1.99;9.92;31.45;13.67;NA;NA;NA;
9;1;18.12;15.07;9.88;NA;1.09;10.05;11.58;32.28;19.52;NA;NA;NA;
9;2;18.15;ND;ND;NA;ND;18.78;7.81;31.14;29.02;NA;NA;NA;
9;3;11.55;13.45;15.11;NA;12.62;17.27;10.92;28.57;25.3;NA;NA;NA;
9;4;6.53;9.81;7.38;NA;6.78;8.61;12.88;20.77;26.31;NA;NA;NA;
9;5;4.49;5.2;4.92;NA;0.66;7.58;5.18;9.65;5.53;NA;NA;NA;
9;6;0.88;1.79;1.71;NA;2.44;1.76;3.27;2.52;0.56;NA;NA;NA;
9;7;1.58;2.48;2.51;NA;0.35;2.32;2.33;3.19;0.92;NA;NA;NA;
9;8;4.66;3.9;3.51;NA;3.57;3.96;8.06;4.64;4.72;NA;NA;NA;
9;9;11.64;6.04;7.9;NA;ND;11.75;24.1;8.47;13.47;NA;NA;NA;
9;10;18.97;12.5;10.56;NA;ND;17.68;19.14;25.1;14.43;NA;NA;NA;
9;11;22.48;20.54;12.92;NA;13.75;18.17;21.97;47.6;13.37;NA;NA;NA;
9;12;16.68;15.6;11.66;NA;ND;21.31;24.11;56.85;28.53;NA;NA;NA;
9;13;15.56;16.1;14.73;NA;25.62;23.92;28.29;38.1;27.12;NA;NA;NA;
9;14;17.58;16.53;16.36;NA;27;24.03;ND;42.81;11.21;NA;NA;NA;
9;15;14.73;14.11;13.68;NA;23.42;25.56;26.31;34.32;22.33;NA;NA;NA;
9;16;10.11;12.41;8.71;NA;19.72;22.48;22.02;22.61;18.83;NA;NA;NA;
9;17;2.63;10.52;6.38;NA;16.72;10.6;9.51;12.69;18.45;NA;NA;NA;
9;18;2.39;9.12;3.87;NA;5.61;9.32;8.55;10.75;5.04;NA;NA;NA;
9;19;2.56;6.02;3.46;NA;4.84;6.38;4.22;8.22;5.49;NA;NA;NA;
9;20;2.53;4.55;3.68;NA;4.83;5.76;4.89;8.5;14.41;NA;NA;NA;
9;21;0.48;3.02;2.23;NA;3.74;1.19;7.43;1.92;1.2;NA;NA;NA;
9;22;0.79;4.04;4.5;NA;2.29;3.53;4.7;2;0.62;NA;NA;NA;
9;23;0.29;6.36;3.15;NA;2.36;4.46;3.97;2.61;0.34;NA;NA;NA;
10;0;0.75;5.62;2.91;NA;2.52;6.68;3.54;4.4;0.1;NA;NA;NA;
10;1;1.24;5.26;7.39;NA;2.34;6.61;ND;ND;ND;NA;NA;NA;
10;2;ND;6.26;5.51;NA;3.74;ND;6.8;15.4;3.08;NA;NA;NA;
10;3;3.24;7.26;6.27;NA;1.52;2.31;4.04;12.25;5.91;NA;NA;NA;
10;4;1.25;6.62;0.5;NA;2.51;1.13;3.91;11.37;2.48;NA;NA;NA;
10;5;2.22;5.54;0.51;NA;12.47;6.08;0.27;4.35;0.81;NA;NA;NA;
10;6;1.38;3.24;1.25;NA;2.84;1.99;0.46;7.24;0.37;NA;NA;NA;
10;7;1.15;2.53;3.23;NA;2.47;4.49;4.76;6.63;1.53;NA;NA;NA;
10;8;3.06;4.87;2.9;NA;5.12;4.29;8.12;11.44;4.14;NA;NA;NA;
10;9;6.99;7.08;5.43;NA;15.12;8.49;17.41;14.92;10.51;NA;NA;NA;
10;10;15.78;9.25;10.17;NA;29.53;19.82;48.8;24.71;17.03;NA;NA;NA;
10;11;17.59;13;13.53;NA;18.66;18.29;35.02;ND;34.45;NA;NA;NA;
10;12;11.23;17.66;8.98;NA;20.8;17.96;33.18;47.56;39.38;NA;NA;NA;
10;13;11.32;11.86;7.81;NA;18.3;15.11;18.67;24.77;28.68;NA;NA;NA;
10;14;12.6;12.06;10.62;NA;13.82;12.45;17.94;16.41;16.26;NA;NA;NA;
10;15;11.98;13.53;6.16;NA;19.22;10.6;15.71;17.37;11.87;NA;NA;NA;
10;16;14.09;10.67;6.14;NA;22.39;11.48;14.63;17.69;17.78;NA;NA;NA;
10;17;8.22;6.25;2.29;NA;12.65;3.29;5.41;19.06;17.15;NA;NA;NA;
10;18;1.16;6.8;1.06;NA;3.3;1.83;2.39;18.67;5.18;NA;NA;NA;
10;19;0.69;5.67;0.92;NA;1.48;3.56;4.39;16.02;13.2;NA;NA;NA;
10;20;0.42;4.36;0.67;NA;2.26;1.23;6.12;2.88;2.13;NA;NA;NA;
10;21;0.26;7.56;0.73;NA;2.32;0.92;1.07;13.81;1.78;NA;NA;NA;
10;22;0.29;1.28;1.16;NA;0.79;0.36;0.03;6.92;3.91;NA;NA;NA;
10;23;0.46;7.21;4.85;NA;1.27;1.39;6.24;3.64;0.01;NA;NA;NA;
11;0;0.73;8.57;8.4;NA;5.59;0.56;2.49;14.13;0.1;NA;NA;NA;
11;1;4.44;8.65;4.93;NA;4.16;0.44;0.04;5.17;1.64;NA;NA;NA;
11;2;4.94;ND;ND;NA;ND;0.26;0.04;11.77;5.83;NA;NA;NA;
11;3;2.03;8.29;3.27;NA;3.94;0.62;0.69;4.72;9.17;NA;NA;NA;
11;4;3.06;9.04;3.76;NA;3.12;3.5;0.9;6.33;1.84;NA;NA;NA;
11;5;3.15;8.13;12.51;NA;1.31;8.44;3.34;8.34;0.64;NA;NA;NA;
11;6;3.7;8.93;4.73;NA;2.46;2.98;0.53;2.63;2.12;NA;NA;NA;
11;7;4.19;8.24;3.43;NA;4.4;4.99;4.93;4.09;5.75;NA;NA;NA;
11;8;9.44;7.41;6.08;NA;5.79;11.24;11.36;8.49;9.01;NA;NA;NA;
11;9;12.87;11.18;13.19;NA;15.73;19.38;20.37;22.27;15.2;NA;NA;NA;
11;10;19.89;15.48;19.26;NA;23.96;23.2;36.11;30.98;18.66;NA;NA;NA;
11;11;24.03;22.58;25.44;NA;43.09;34.65;41.88;38.04;38.46;NA;NA;NA;
11;12;33.24;27.79;28.89;NA;41.39;34.57;54.92;53.96;42.84;NA;NA;NA;
11;13;25.64;26.05;43.77;NA;35.76;48.87;57.06;59.64;45.6;NA;NA;NA;
11;14;23.05;19.55;18.4;NA;29.66;29.96;43.17;57.78;33.83;NA;NA;NA;
11;15;23.02;19.88;17.4;NA;32.06;18.03;35.5;29.38;27.98;NA;NA;NA;
11;16;16.28;18.82;12.06;NA;33.59;17.22;35.75;32.99;39.97;NA;NA;NA;
11;17;16.83;16.85;22.27;NA;18.02;23.75;30.47;36.53;31.47;NA;NA;NA;
11;18;3.03;12.71;12.26;NA;7.56;12.43;27.23;27.44;26.2;NA;NA;NA;
11;19;3.31;10.26;2.05;NA;11.08;2.02;10.58;18.38;20.71;NA;NA;NA;
11;20;3;8.57;2.04;NA;6.16;2.35;12.59;23.15;12.47;NA;NA;NA;
11;21;3.94;8.82;2.26;NA;12.64;2.32;12.85;18.29;4.11;NA;NA;NA;
11;22;6.81;8.06;ND;NA;6.49;1.09;1.86;17.82;7.7;NA;NA;NA;
11;23;1.91;3.21;ND;NA;6.9;1.54;2.91;6.52;0.52;NA;NA;NA;
12;0;2.48;3.07;0.56;NA;11.12;0.89;8.95;9.58;6.28;NA;NA;NA;
12;1;2.98;7.46;1.69;NA;4.4;0.28;ND;ND;ND;NA;NA;NA;
12;2;ND;5.88;1.37;NA;6.46;ND;16.69;15.86;0.3;NA;NA;NA;
12;3;7.33;8.01;2.08;NA;6.56;3.94;12.51;21.03;0.26;NA;NA;NA;
12;4;7.42;7.82;1.94;NA;8.54;3.74;11.15;19.03;0.4;NA;NA;NA;
12;5;4.76;7.84;1.15;NA;5.83;1.66;9.63;14.07;2.94;NA;NA;NA;
12;6;1.35;5.74;2.59;NA;5.19;2;7.27;15.53;0.68;NA;NA;NA;
12;7;7.28;5.4;6.08;NA;14.72;13.48;20.5;13.47;9.8;NA;NA;NA;
12;8;9.52;8.16;9.48;NA;21.88;20.54;24.88;20.75;22.77;NA;NA;NA;
12;9;17.55;13.06;17.41;NA;29.96;30.31;31.2;26.53;30.92;NA;NA;NA;
12;10;25.52;21.46;33.04;NA;39.26;38.01;39.02;41.59;23.25;NA;NA;NA;
12;11;33.64;26.49;40.7;NA;44.67;46.86;43.34;59.08;51.44;NA;NA;NA;
12;12;47.61;29.17;48.06;NA;52.87;57.08;45.22;67.26;45.03;NA;NA;NA;
12;13;38.98;24.29;61.2;NA;66.94;69.1;51.17;69.57;37.68;NA;NA;NA;
12;14;37.34;19.52;49.18;NA;49.16;60.41;52.99;61.08;28.41;NA;NA;NA;
12;15;30.45;21.29;39.33;NA;62.1;47.91;44.1;52.58;55.28;NA;NA;NA;
12;16;26.77;20.17;30.44;NA;44.32;31.37;29.27;43;35.13;NA;NA;NA;
12;17;22.13;14.7;24.83;NA;28.94;18.42;20.02;32.48;26.99;NA;NA;NA;
12;18;14.93;10.03;13.69;NA;29.42;14.85;24.65;16.98;22.92;NA;NA;NA;
12;19;12.98;8.7;22.43;NA;12.26;27.89;19.09;9.19;23.24;NA;NA;NA;
12;20;6.1;6.26;5.31;NA;11.69;4.97;9.31;10.39;15.3;NA;NA;NA;
12;21;2.97;4.95;1.15;NA;5.1;1.44;2.67;2.7;0.55;NA;NA;NA;
12;22;7.58;5.56;2.36;NA;9.72;3.66;3.87;1.95;0.05;NA;NA;NA;
12;23;2.69;1.7;1.86;NA;0.62;2.03;13.68;1.94;0.01;NA;NA;NA;
13;0;3.96;0.44;2.01;NA;5.47;0.82;4.08;1.38;0.11;NA;NA;NA;
13;1;4.83;4.09;1.71;NA;0.11;4.45;14.28;1.25;1.09;NA;NA;NA;
13;2;6.02;ND;ND;NA;ND;5.45;26.46;1.25;0.07;NA;NA;NA;
13;3;1.65;0.53;3.39;NA;0.06;2.69;25.42;1.24;0.51;NA;NA;NA;
13;4;0.45;0.58;10.93;NA;1.76;3.88;25.15;1.53;0.01;NA;NA;NA;
13;5;0.48;0.62;4.84;NA;0.73;3.49;25.13;1.52;0.04;NA;NA;NA;
13;6;0.82;1.22;1.47;NA;3.36;2.61;21.13;2.08;0.33;NA;NA;NA;
13;7;6.35;3.45;4.95;NA;6.4;4.1;25.24;3.1;2.25;NA;NA;NA;
13;8;11.41;11.94;10.84;NA;21.5;18.58;30.28;4.7;8.42;NA;NA;NA;
13;9;19.62;18.02;17.46;NA;34.41;33.63;36.3;22.04;25.09;NA;NA;NA;
13;10;31.55;20.95;20.71;NA;47.94;40.64;38.96;37.36;41.63;NA;NA;NA;
13;11;40;27.24;36.66;NA;45.96;37.77;46.47;48.05;31.48;NA;NA;NA;
13;12;44.64;30.54;50.71;NA;51.05;54.59;62.04;63.94;56.84;NA;NA;NA;
13;13;41.65;28.29;43.04;NA;61.14;62.54;62.41;69.14;61.44;NA;NA;NA;
13;14;35.22;26.9;41.42;NA;52.18;59.93;53.72;67.96;68.63;NA;NA;NA;
13;15;33.02;27.59;40.13;NA;46.8;55.35;36.18;60.74;69.05;NA;NA;NA;
13;16;30.37;24.6;32.28;NA;37.75;41.09;26.86;46.41;36.73;NA;NA;NA;
13;17;27.1;20.27;19.26;NA;25.85;16.56;23.6;38.97;36.5;NA;NA;NA;
13;18;22.22;14.94;10.21;NA;5.54;7.07;6.18;32.28;8.99;NA;NA;NA;
13;19;10.97;9.96;6.42;NA;3.16;1.52;6.95;24.96;20.23;NA;NA;NA;
13;20;4.93;5.39;1.06;NA;1.21;2.03;2.57;19.58;9.85;NA;NA;NA;
13;21;5.79;3.55;0.71;NA;2.73;0.5;3.94;19.83;11.75;NA;NA;NA;
13;22;4.17;7.51;0.7;NA;2.41;0.44;3.65;23.9;5.44;NA;NA;NA;
13;23;5.82;5.44;2.16;NA;3.21;0.94;11.36;26.6;4.47;NA;NA;NA;
14;0;3.24;9.04;0.87;NA;4.52;5.18;8.71;24.44;3.75;NA;NA;NA;
14;1;0.58;4.48;1.01;NA;7.1;5.93;ND;ND;ND;NA;NA;NA;
14;2;ND;4.12;3.06;NA;8.37;ND;2.51;14.61;3.83;NA;NA;NA;
14;3;0.39;3.06;6.4;NA;3.98;7.46;2.33;13.47;0.99;NA;NA;NA;
14;4;0.43;2.1;6.53;NA;1.23;1.78;1.08;12.5;0.87;NA;NA;NA;
14;5;0.4;2.28;2.17;NA;0.49;0.86;1.07;8.7;0.15;NA;NA;NA;
14;6;0.81;1.89;1.24;NA;2.21;1.63;2.92;2.93;0.2;NA;NA;NA;
14;7;2.37;2.02;3.17;NA;2.87;3.43;6.05;4.62;1.92;NA;NA;NA;
14;8;4.18;4.58;7;NA;7.52;9.42;23.35;8.89;5.23;NA;NA;NA;
14;9;11.63;8.33;18.17;NA;24.83;26.36;33.11;17.93;20.34;NA;NA;NA;
14;10;25.07;16.6;29.33;NA;42.86;ND;41.36;30.5;28.82;NA;NA;NA;
14;11;25.03;21.68;26.45;NA;31.14;ND;38.46;43.79;22.61;NA;NA;NA;
14;12;34.87;27.68;30.78;NA;41.79;40.83;47.93;ND;43.9;NA;NA;NA;
14;13;32.29;26.45;27.14;NA;37.71;37.88;41.27;50.66;32.63;NA;NA;NA;
14;14;29.46;24.63;35.85;NA;36.07;36.43;34.33;ND;34;NA;NA;NA;
14;15;29.25;24.27;31.65;NA;23.62;28.36;31.58;51.71;37.87;NA;NA;NA;
14;16;28.38;20.48;22.77;NA;21.18;26.51;37.94;39.26;46.21;NA;NA;NA;
14;17;19.81;16.8;17.81;NA;15.59;16.8;20.72;26.14;17.65;NA;NA;NA;
14;18;6.64;12.43;3.65;NA;3.13;3.66;8.09;27.1;4.9;NA;NA;NA;
14;19;0.84;9.02;1.43;NA;0.78;0.37;4.12;22.95;0.72;NA;NA;NA;
14;20;0.72;8.56;1.33;NA;2.34;1.3;9.47;16.43;4.01;NA;NA;NA;
14;21;0.45;5.64;0.93;NA;1.39;0.32;3.58;26.48;14.3;NA;NA;NA;
14;22;0.68;3.42;1.14;NA;0.98;0.3;14.87;15.67;0.27;NA;NA;NA;
14;23;0.28;2.38;0.82;NA;2.6;0.96;16.82;6.35;0.74;NA;NA;NA;
15;0;0.26;5.92;1.04;NA;3.59;0.76;20.3;0.2;0;NA;NA;NA;
15;1;0.62;6.1;1.08;NA;0.75;2.6;16.66;0.2;0;NA;NA;NA;
15;2;0.32;ND;ND;NA;ND;3.04;19.41;0;0.1;NA;NA;NA;
15;3;0.38;2.71;0.99;NA;0.08;5.57;22.13;0.05;0.01;NA;NA;NA;
15;4;0.38;0.73;1.1;NA;0.78;1.3;21.15;0.06;0;NA;NA;NA;
15;5;0.31;0.87;1.2;NA;1.82;1.15;20.01;0.09;0.05;NA;NA;NA;
15;6;0.89;2.05;3.49;NA;3.97;2.19;16.61;0.42;0.85;NA;NA;NA;
15;7;3.22;2.77;5.22;NA;5.63;4.13;21.3;2.19;2.92;NA;NA;NA;
15;8;6.37;6.54;9.86;NA;16.27;15.82;26.76;4.97;9.45;NA;NA;NA;
15;9;15.21;11.02;23.24;NA;31.77;32.46;30.61;18.29;16.4;NA;NA;NA;
15;10;22.69;15.39;25.43;NA;35.92;36.1;35.29;36.65;8.05;NA;NA;NA;
15;11;30.2;22.76;30.73;NA;42.45;39.15;37.19;47.76;ND;NA;NA;NA;
15;12;32.88;27.85;35.43;NA;48.35;46.24;43.52;61.07;ND;NA;NA;NA;
15;13;34.39;26.08;41.26;NA;54.29;56.41;54.66;64.52;ND;NA;NA;NA;
15;14;35.19;25.81;48.71;NA;46.93;57.9;49.39;63.54;ND;NA;NA;NA;
15;15;33.01;26.64;44.19;NA;40.38;53.55;40.35;56.4;ND;NA;NA;NA;
15;16;31.75;22.31;33.99;NA;30.93;41.34;34.06;48.91;ND;NA;NA;NA;
15;17;27.67;17.54;20.92;NA;23.93;18.77;21.18;39.59;ND;NA;NA;NA;
15;18;22.27;15.12;10;NA;19.07;10.19;12.72;31.77;ND;NA;NA;NA;
15;19;14.22;12.32;7.58;NA;16.49;6.33;19.43;26.66;ND;NA;NA;NA;
15;20;11.55;11.72;5.89;NA;7.71;2.42;12.05;25.97;ND;NA;NA;NA;
15;21;7.91;13.5;3.7;NA;14.77;3.19;8.08;33.94;ND;NA;NA;NA;
15;22;11.08;14.37;9.93;NA;10.38;16.04;15.02;33;ND;NA;NA;NA;
15;23;10.6;14.47;12.4;NA;21.15;19.25;19.54;22.86;ND;NA;NA;NA;
16;0;8.39;14.81;9.57;NA;19.52;14.13;8.44;29.16;ND;NA;NA;NA;
16;1;10;10.62;12.17;NA;20.52;10.85;ND;ND;ND;NA;NA;NA;
16;2;ND;9.41;13.03;NA;3.56;ND;17.07;25.17;ND;NA;NA;NA;
16;3;9.73;10.34;12.54;NA;5.22;4.47;19.92;11.54;ND;NA;NA;NA;
16;4;5.61;9.85;12.17;NA;4.22;9.15;12.32;5.16;ND;NA;NA;NA;
16;5;2.09;2.17;5.17;NA;0.76;3.85;8.44;0.26;ND;NA;NA;NA;
16;6;0.81;3.5;2.27;NA;2.15;2.89;4.08;0.56;ND;NA;NA;NA;
16;7;4.55;4.78;4.03;NA;6.17;4.54;17.24;3.41;ND;NA;NA;NA;
16;8;13.93;8.68;13.21;NA;19.23;11.83;30.13;10.64;ND;NA;NA;NA;
16;9;22.14;13.96;22;NA;23.34;22.88;34.73;19.32;ND;NA;NA;NA;
16;10;29.95;20.89;27.93;NA;26.85;34.8;40.73;31.13;ND;NA;NA;NA;
16;11;31.89;24.81;33.15;NA;41.78;39.86;48.62;44.58;ND;NA;NA;NA;
16;12;38.08;29.46;38.89;NA;60.19;51.39;46.68;48.58;ND;NA;NA;NA;
16;13;32.14;22.92;40.21;NA;59.63;59.77;49.8;67.09;ND;NA;NA;NA;
16;14;32.43;20.63;46.81;NA;51.5;48.91;44.94;53.19;ND;NA;NA;NA;
16;15;26.53;23.15;44.95;NA;40.99;43.16;34.72;47.46;ND;NA;NA;NA;
16;16;25.65;17.84;35.91;NA;32.6;40.53;23.05;37.55;ND;NA;NA;NA;
16;17;21.9;14.04;16.58;NA;26.84;19.75;16.32;30.38;25.47;NA;NA;NA;
16;18;15.19;12.43;5.82;NA;9.57;10.05;14.84;23.79;23.25;NA;NA;NA;
16;19;4.62;10.61;1.42;NA;4.1;4.87;12.4;24.25;18.4;NA;NA;NA;
16;20;2.63;8.68;2.39;NA;6.08;6.11;10.58;20.24;15.09;NA;NA;NA;
16;21;0.82;7.2;0.7;NA;1.1;1.27;7.31;20.71;13.11;NA;NA;NA;
16;22;0.45;6.12;0.61;NA;2.17;0.39;7.7;17.57;7.66;NA;NA;NA;
16;23;4.2;10.91;0.58;NA;2.53;0.69;3.61;15.34;8.98;NA;NA;NA;
17;0;12.73;9.63;1.12;NA;1.36;3.06;10.35;14.27;4.55;NA;NA;NA;
17;1;11.16;9.13;1.1;NA;2;1.45;10.65;13.46;ND;NA;NA;NA;
17;2;7.16;ND;ND;NA;ND;4.76;6.62;15.79;8.97;NA;NA;NA;
17;3;7.88;9.31;6.01;NA;0.67;8.27;1.91;18.4;11.4;NA;NA;NA;
17;4;3.94;9.46;7.5;NA;0.33;2.58;0.03;14.16;11.72;NA;NA;NA;
17;5;1.41;6.24;2.06;NA;0.49;0.47;0.71;12.92;5.12;NA;NA;NA;
17;6;0.83;1.3;1.67;NA;1.45;1.35;1.58;4.95;3.76;NA;NA;NA;
17;7;3.39;3.32;3.77;NA;4.59;4.77;19.97;5.91;3.71;NA;NA;NA;
17;8;8.66;7.96;10.95;NA;21.05;21.8;31.94;10.21;13.69;NA;NA;NA;
17;9;19.27;14.81;25.74;NA;38.77;38.82;38.21;15.99;ND;NA;NA;NA;
17;10;29.44;23.68;34.73;NA;41.96;40.81;44.8;32.31;ND;NA;NA;NA;
17;11;37.9;26.24;35.26;NA;47.59;47.6;46.66;52.34;41.58;NA;NA;NA;
17;12;41.22;26.76;40.64;NA;56.84;53.97;50.96;55.85;50.06;NA;NA;NA;
17;13;38.3;23.75;40.51;NA;48.59;52.29;47.24;49.77;43.87;NA;NA;NA;
17;14;30.91;25.64;36.97;NA;46.31;49.71;48.1;42.29;41.94;NA;NA;NA;
17;15;30.08;24.58;37.38;NA;44.51;47.44;42.62;47.82;39.43;NA;NA;NA;
17;16;28.26;23.4;32.61;NA;37.99;44.19;35.59;48.4;41.31;NA;NA;NA;
17;17;24.25;17.81;33.41;NA;30.8;29.01;25.85;39.52;19.33;NA;NA;NA;
17;18;19.04;13.93;18.29;NA;18.04;16.55;17.96;29.11;21.4;NA;NA;NA;
17;19;16.16;12.07;17.08;NA;10.36;12.81;12.08;25.8;18.22;NA;NA;NA;
17;20;13.31;10.82;12.76;NA;7.74;21.82;5.63;17.57;11.93;NA;NA;NA;
17;21;5.65;8.4;14.66;NA;5.65;21.24;0.84;20.8;6.7;NA;NA;NA;
17;22;10.21;9.86;19.08;NA;5.77;14.99;3.23;18.75;11.12;NA;NA;NA;
17;23;10.56;7.36;17.67;NA;6.42;10.64;3.41;10.98;4.9;NA;NA;NA;
18;0;13.34;9.57;15.53;NA;6.56;11.93;5.04;8.24;0.77;NA;NA;NA;
18;1;12.81;8.78;19.66;NA;12.46;14.28;ND;ND;0.53;NA;NA;NA;
18;2;ND;3.28;16.01;NA;9.85;ND;9.88;11.03;0.54;NA;NA;NA;
18;3;2.06;1.13;6.98;NA;1.87;2.7;13.01;6.01;0.07;NA;NA;NA;
18;4;0.63;0.51;7.39;NA;0.73;1.1;13.21;0.08;0.01;NA;NA;NA;
18;5;3.52;0.87;5.09;NA;0.94;1.25;1.64;0;0.04;NA;NA;NA;
18;6;1.51;1.34;1.3;NA;3.46;1.82;6.02;0;0.16;NA;NA;NA;
18;7;6.2;2.58;3.23;NA;4.33;2.9;10.39;1.13;0.75;NA;NA;NA;
18;8;15.47;6.76;10.95;NA;16.33;12.05;26.95;5.72;2.76;NA;NA;NA;
18;9;20.9;14.36;25.21;NA;28.07;34.28;37.23;11.37;6.54;NA;NA;NA;
18;10;22.31;16.45;14.94;NA;23.68;27.91;36.21;20.28;7.46;NA;NA;NA;
18;11;21.06;15.92;17.8;NA;26.98;23.47;29.6;34;31.07;NA;NA;NA;
18;12;30.29;20.28;28.42;NA;30.79;31.42;33.92;42.27;28.57;NA;NA;NA;
18;13;34.42;23.32;40.34;NA;50.63;51.63;41.92;51.67;41.26;NA;NA;NA;
18;14;31.64;21.99;39.96;NA;48.93;52.16;40.28;57.25;37.96;NA;NA;NA;
18;15;29.78;21.03;31.79;NA;43.37;43.21;35.58;46.36;37.95;NA;NA;NA;
18;16;25.51;19.17;29.03;NA;37.96;39.56;33.92;38.08;32.72;NA;NA;NA;
18;17;16.06;16.12;22.58;NA;27.45;27.55;25.03;32.72;23.09;NA;NA;NA;
18;18;9.06;12.76;16.92;NA;15.65;16.34;15.01;24.75;27.29;NA;NA;NA;
18;19;2.53;7.76;12.08;NA;6.25;8.37;4.56;10.87;12.31;NA;NA;NA;
18;20;2.55;6.56;8.68;NA;4.49;5.72;1.03;6.24;5.3;NA;NA;NA;
18;21;2.29;4.49;15.38;NA;5.61;8.69;1.19;2.08;0.95;NA;NA;NA;
18;22;2.62;5.52;6.88;NA;2.77;2.54;0.9;1.03;0.3;NA;NA;NA;
18;23;0.83;4.28;2.48;NA;2.47;1.78;1.98;0.11;0.13;NA;NA;NA;
19;0;4.02;1.5;7.04;NA;2.51;2.9;1.4;5.62;0.28;NA;NA;NA;
19;1;6.27;3.15;13.44;NA;3.98;1.02;1.95;8.82;ND;NA;NA;NA;
19;2;2.58;ND;ND;NA;ND;0.96;5.73;2.57;0.01;NA;NA;NA;
19;3;6.1;2.59;3.51;NA;2.18;0.92;12.17;6.44;0;NA;NA;NA;
19;4;3.08;2.14;0.55;NA;2.54;0.63;8.85;3.16;0.01;NA;NA;NA;
19;5;1.59;2.77;4.17;NA;0.87;0.34;1.65;1.2;0.02;NA;NA;NA;
19;6;1.13;3.5;1.33;NA;2.48;0.55;1.52;0.83;0.03;NA;NA;NA;
19;7;4.6;5.68;3.81;NA;3.35;2.4;5.3;6.49;1.17;NA;NA;NA;
19;8;8.03;7.44;9.29;NA;10.67;7.13;14.37;10.89;2.26;NA;NA;NA;
19;9;16.58;11.36;22.12;NA;23.46;21.53;28.53;19.29;8.19;NA;NA;NA;
19;10;21.63;14.78;28.11;NA;27.37;32.09;36.2;31.88;8.35;NA;NA;NA;
19;11;25.51;16.54;34.54;NA;42.71;43.85;33.11;50.05;26.82;NA;NA;NA;
19;12;29.76;18.43;36.66;NA;51.38;48.14;48.76;50.52;49.13;NA;NA;NA;
19;13;30.88;19.97;42.59;NA;54.45;55.87;50.44;52.38;43.44;NA;NA;NA;
19;14;27.13;19.57;37.13;NA;51.78;49.94;52.05;47.24;45.66;NA;NA;NA;
19;15;27.4;19.06;35.39;NA;47.24;45.28;48.47;44.89;44.11;NA;NA;NA;
19;16;24.09;15.52;31.71;NA;37.58;36.42;41.93;35.72;39.12;NA;NA;NA;
19;17;20.74;13.25;24.64;NA;26.8;27.37;30.56;31.58;20.28;NA;NA;NA;
19;18;16.41;11.59;15.97;NA;13.04;9.79;16.36;24.41;22.46;NA;NA;NA;
19;19;8.3;10.7;7.73;NA;6.03;5.66;7.39;25.31;21.71;NA;NA;NA;
19;20;2.99;10.23;3.24;NA;5.59;6.28;8.57;24.92;15.35;NA;NA;NA;
19;21;1.06;10.02;3.65;NA;11.4;8.92;11.37;24.05;22.03;NA;NA;NA;
19;22;4.22;9.68;14.49;NA;10.24;9.21;8.6;19.48;10.81;NA;NA;NA;
19;23;14.85;8.92;21.77;NA;16.61;9.37;8.85;14.82;3.41;NA;NA;NA;
20;0;6.31;5.18;17.97;NA;13.13;13.13;9.81;14.16;10.87;NA;NA;NA;
20;1;6.89;7.19;8.95;NA;7.44;11.15;ND;ND;1.73;NA;NA;NA;
20;2;ND;10.42;7.28;NA;12.46;ND;9.17;11.45;1.58;NA;NA;NA;
20;3;3.24;10.19;3.11;NA;5.23;6.41;7.78;5.85;1.34;NA;NA;NA;
20;4;4.29;7.61;4.82;NA;1.52;5.81;2.81;15.13;5.76;NA;NA;NA;
20;5;2.07;1.77;1.59;NA;0.39;0.85;0.85;4.59;1.63;NA;NA;NA;
20;6;1.01;1.19;1.87;NA;2.31;1.45;1.55;9.97;0.69;NA;NA;NA;
20;7;2.41;2.42;3.95;NA;4.58;4.27;11.07;7.05;1.69;NA;NA;NA;
20;8;6.66;ND;10.54;NA;17.98;12.81;27.56;8.19;11.97;NA;NA;NA;
20;9;17.87;ND;21.44;NA;36.3;33.92;33.7;15.86;23.39;NA;NA;NA;
20;10;25.61;ND;27.07;NA;46.22;41.34;39.43;28.81;42.07;NA;NA;NA;
20;11;31.1;ND;31.92;NA;43.61;40.94;47.54;47.61;32.45;NA;NA;NA;
20;12;32;ND;41.22;NA;47.86;51.35;54.61;62.22;40.99;NA;NA;NA;
20;13;30.97;ND;41.11;NA;44.73;55.23;45.81;58.95;57.86;NA;NA;NA;
20;14;33.08;ND;ND;NA;37.27;51.17;43.1;54.85;48.64;NA;NA;NA;
20;15;30.93;ND;ND;NA;29.69;38.27;37.83;44.43;36.75;NA;NA;NA;
20;16;27.6;ND;18.67;NA;32.08;33.89;37.87;18.14;36.19;NA;NA;NA;
20;17;22.74;ND;10.45;NA;30.81;32.02;21.75;12.55;30.27;NA;NA;NA;
20;18;21.5;ND;6.42;NA;12.25;10.35;21.92;7.02;9.74;NA;NA;NA;
20;19;15.38;ND;9.14;NA;3.56;1.42;16.6;22.89;3.35;NA;NA;NA;
20;20;4.49;ND;1.24;NA;2.8;0.48;12.3;24.92;7.36;NA;NA;NA;
20;21;6.23;ND;0.39;NA;1.28;1.32;8.78;26.29;10.29;NA;NA;NA;
20;22;5.02;ND;0.19;NA;0.88;0.66;14.6;28.37;19.43;NA;NA;NA;
20;23;2.98;ND;0.68;NA;2.75;0.58;21.46;29.47;10.92;NA;NA;NA;
21;0;8.88;11.8;2.49;NA;1.87;0.38;20.91;30.65;14.73;NA;NA;NA;
21;1;9.89;13.7;9.6;NA;10.42;2.27;13.68;29.21;ND;NA;NA;NA;
21;2;9.44;ND;ND;NA;ND;3;15.02;18.75;19.21;NA;NA;NA;
21;3;6.28;10.27;11.06;NA;14.24;5.59;10.86;19.98;7.45;NA;NA;NA;
21;4;6.65;6.15;5.86;NA;3.91;3.92;1.95;22.29;1.19;NA;NA;NA;
21;5;1.01;5.48;4.15;NA;4.12;0.9;3.07;12.56;0.15;NA;NA;NA;
21;6;0.87;2.96;1.07;NA;2.88;1.43;4.64;1.45;0.45;NA;NA;NA;
21;7;4.93;4.87;2.64;NA;7.46;4.21;11.92;1.65;2.79;NA;NA;NA;
21;8;12.38;8.95;7.26;NA;19.44;13.03;22.09;10.18;10.21;NA;NA;NA;
21;9;20.82;12.25;13.61;NA;31.65;20.04;32.52;22.01;27.58;NA;NA;NA;
21;10;31.98;18.9;23.06;NA;27.56;28.04;39.55;36.67;46.57;NA;NA;NA;
21;11;42.01;27.21;43.63;NA;53.64;47.19;54.58;57.75;62.08;NA;NA;NA;
21;12;41.27;31.3;59.58;NA;71.94;65.86;50.46;72.51;52.46;NA;NA;NA;
21;13;36.89;28;62.16;NA;78.93;77.28;78.9;72.56;68.77;NA;NA;NA;
21;14;30.4;28.24;ND;NA;68.92;61.58;89.51;70.94;79.09;NA;NA;NA;
21;15;26.33;25.27;ND;NA;47.3;52.45;75.25;60.87;66.99;NA;NA;NA;
21;16;24.53;19.78;28.06;NA;29.99;35.6;59.38;46.66;48.73;NA;NA;NA;
21;17;24.3;18.8;11.23;NA;25.68;21.21;30.51;40.86;37.03;NA;NA;NA;
21;18;23.16;17.26;7.3;NA;22.18;16.09;17.71;33.88;26.65;NA;NA;NA;
21;19;17.6;12.6;2.66;NA;17.26;8.89;7.08;28.99;27.45;NA;NA;NA;
21;20;10.84;11.23;1.58;NA;12.65;2.05;14.42;28.5;7.21;NA;NA;NA;
21;21;8.45;10.84;12.7;NA;15.17;15.55;16.18;27.24;26.42;NA;NA;NA;
21;22;7.33;12.05;5.8;NA;9.86;13.45;11.36;31.75;19.05;NA;NA;NA;
21;23;12.13;11.95;9.29;NA;12.08;11.85;15.63;30.48;19.44;NA;NA;NA;
22;0;15.68;12.86;13.22;NA;14.99;12.73;17.07;29.26;22.8;NA;NA;NA;
22;1;10.67;8.89;11.32;NA;18.6;14.06;ND;ND;8.79;NA;NA;NA;
22;2;ND;9.85;9.49;NA;15.07;ND;7.91;25.17;1.63;NA;NA;NA;
22;3;4.94;11.23;7.53;NA;14.79;6.31;10.36;23.82;6.72;NA;NA;NA;
22;4;5.37;12.17;0.88;NA;9.26;7.04;12.22;21.71;7;NA;NA;NA;
22;5;2.34;9.01;0.62;NA;5.75;0.74;1.38;24.53;13.6;NA;NA;NA;
22;6;0.9;5.71;3.36;NA;4.51;4.19;6.51;17.13;8.24;NA;NA;NA;
22;7;1.86;4.44;3.14;NA;6.17;5.88;13.33;17.98;15.05;NA;NA;NA;
22;8;3.6;6.52;8.47;NA;18.54;17.36;23.04;23.5;7.51;NA;NA;NA;
22;9;12.81;10.36;14.86;NA;24.01;22.05;24.08;29.87;ND;NA;NA;NA;
22;10;25.73;14.51;21.95;NA;33.54;27.57;26.3;41.46;19.62;NA;NA;NA;
22;11;30.82;20.9;28.75;NA;38.6;33.93;34.52;48.92;ND;NA;NA;NA;
22;12;35.14;22.92;43.25;NA;62.28;54.94;41.11;60.39;ND;NA;NA;NA;
22;13;29.59;23.15;41.6;NA;74.61;64.86;62.91;72.49;71.79;NA;NA;NA;
22;14;26.47;20.79;37.18;NA;50.98;49.65;66.28;63.05;68.28;NA;NA;NA;
22;15;24.09;22.68;39.1;NA;25.46;36.52;34.63;54.32;38.65;NA;NA;NA;
22;16;22.03;20.33;26;NA;24.43;26.5;35.77;37.48;24.02;NA;NA;NA;
22;17;23.51;16.04;15.33;NA;17.46;11.74;31;21.31;11.04;NA;NA;NA;
22;18;17.32;12.39;3.98;NA;10.61;3.4;18.22;21.13;5.93;NA;NA;NA;
22;19;9.79;6.59;2.62;NA;9.23;4.44;12.43;14.99;1.79;NA;NA;NA;
22;20;4.54;9.32;1.76;NA;1.77;2.92;5.61;16.84;0.41;NA;NA;NA;
22;21;3.22;6.62;1.08;NA;0.98;1.67;5.77;17.66;0.21;NA;NA;NA;
22;22;2.4;7.01;5.77;NA;1.29;2.73;19.19;21.41;0.15;NA;NA;NA;
22;23;6;8.55;0.33;NA;1.97;0.61;19.43;20.44;1.7;NA;NA;NA;
23;0;8.49;9.67;0.26;NA;5.96;0.64;18.01;9.85;0;NA;NA;NA;
23;1;12.63;11.26;0.28;NA;8.91;0.32;4.51;10.1;ND;NA;NA;NA;
23;2;13.18;ND;ND;NA;ND;1.52;5.42;6.1;0.1;NA;NA;NA;
23;3;7.57;10.1;4.95;NA;4.46;1.76;13.58;7.92;0;NA;NA;NA;
23;4;2.88;6.65;1.01;NA;4.91;0.64;7.47;0.38;0.04;NA;NA;NA;
23;5;1.54;5.28;0.22;NA;4.95;0.43;4.6;5.01;0.04;NA;NA;NA;
23;6;0.67;1.41;0.9;NA;5.39;1.12;10.77;1.49;0.25;NA;NA;NA;
23;7;5.12;3.28;6.28;NA;8.12;5.61;16.74;2.02;2.3;NA;NA;NA;
23;8;14.25;11.32;19.91;NA;26.59;21.54;30.49;8.7;9.07;NA;NA;NA;
23;9;23.49;16.45;26.53;NA;31.16;30.03;37.7;16.26;10.86;NA;NA;NA;
23;10;30.87;23.13;33.93;NA;43.55;37.2;43.88;33.66;24.1;NA;NA;NA;
23;11;38.97;26.19;38.33;NA;46.18;47.03;50.87;54.55;25.77;NA;NA;NA;
23;12;37.95;24.58;40.53;NA;54.13;52.43;54.61;60.15;51.35;NA;NA;NA;
23;13;34.27;25.24;52.67;NA;63.87;62.64;65.13;ND;52.83;NA;NA;NA;
23;14;30.98;26.02;50.11;NA;63.23;60.51;57.74;ND;48.98;NA;NA;NA;
23;15;29.62;26.89;46.9;NA;49.72;58.22;61.34;54.45;61.73;NA;NA;NA;
23;16;29.02;24.45;46.66;NA;36.21;46.19;50.2;50.51;47.93;NA;NA;NA;
23;17;25.88;20.71;44.56;NA;25.64;31.82;37.84;41.24;44.53;NA;NA;NA;
23;18;17.93;16.68;15.1;NA;18.17;11.88;14.07;29.68;27.3;NA;NA;NA;
23;19;12.84;12.47;2.34;NA;12.92;6.93;6.5;25.94;23.6;NA;NA;NA;
23;20;7.71;9.37;2.38;NA;3.72;1.4;12.33;22.76;20.87;NA;NA;NA;
23;21;9.02;10.74;3.87;NA;5.66;3.71;8.22;25.96;11.56;NA;NA;NA;
23;22;3.81;9.4;4.09;NA;4.35;2.52;13.46;25.42;12.14;NA;NA;NA;
23;23;2.24;7.45;9.33;NA;2.69;12.52;16.86;7.73;9.31;NA;NA;NA;
24;0;1.56;4.78;9.61;NA;3.91;4.71;21;4.02;11.78;NA;NA;NA;
24;1;3.08;6.61;3.41;NA;13.15;4.4;ND;ND;16.34;NA;NA;NA;
24;2;ND;10.88;6.11;NA;7.88;ND;16.94;6.41;10.28;NA;NA;NA;
24;3;11.6;12.61;4.42;NA;2.91;4.43;3.4;6.42;5.75;NA;NA;NA;
24;4;4.65;11.01;2.33;NA;3.93;5.18;1.67;3.69;5.7;NA;NA;NA;
24;5;1.31;5.98;0.9;NA;2.22;7.97;0.77;1.87;1.51;NA;NA;NA;
24;6;1.27;1.14;1.33;NA;2.56;5.74;1.77;2.21;1.16;NA;NA;NA;
24;7;3.63;2.91;5.12;NA;5.16;6.82;14.28;5.39;4.2;NA;NA;NA;
24;8;8.37;6.67;11.9;NA;20.83;17.49;32.4;13.19;13.09;NA;NA;NA;
24;9;15.62;11.04;16.97;NA;32.13;24.19;40.08;25.89;30.49;NA;NA;NA;
24;10;27.74;19.45;25.11;NA;39.85;29.32;47.52;47.61;ND;NA;NA;NA;
24;11;35.2;23.99;47.66;NA;49.3;51.52;51.38;63.72;ND;NA;NA;NA;
24;12;39.54;30.63;54.48;NA;66.72;67.03;60.13;66.12;69.46;NA;NA;NA;
24;13;42.42;31.23;61.54;NA;64.3;74.33;73.81;70.62;77.19;NA;NA;NA;
24;14;40.59;28.65;54.04;NA;77.04;75.14;86.53;71.02;74.04;NA;NA;NA;
24;15;36.61;27.17;50.27;NA;69.57;71.65;73.4;63.48;77.8;NA;NA;NA;
24;16;32.14;25.88;44.52;NA;50.78;57.4;69.34;55.83;62.16;NA;NA;NA;
24;17;28.05;24.07;21.24;NA;41.44;45.68;48.84;47.11;51.45;NA;NA;NA;
24;18;22.92;21.39;13.59;NA;36.15;20.4;31.66;41.15;29.73;NA;NA;NA;
24;19;17.27;17.25;9.44;NA;10.93;11.41;27.29;37.26;25.31;NA;NA;NA;
24;20;6;15.27;1.42;NA;6.64;3.48;23.08;38.52;36.18;NA;NA;NA;
24;21;6.48;15.3;1;NA;7.02;2.38;22.06;36.07;26.86;NA;NA;NA;
24;22;6.47;3.38;2.79;NA;8.16;4.79;19.97;35.59;22.19;NA;NA;NA;
24;23;6.85;9.63;4.98;NA;3.2;1.37;29.34;13.52;17.57;NA;NA;NA;
25;0;4.92;13.46;3.66;NA;9.62;1.93;29.41;21.28;17.25;NA;NA;NA;
25;1;5.69;13.84;3.64;NA;16.38;4.21;26.13;29.38;7.41;NA;NA;NA;
25;2;7.46;ND;ND;NA;ND;5.78;21.71;15.91;10.18;NA;NA;NA;
25;3;2.21;12.72;11.02;NA;11.05;6.29;20.82;15.43;12.49;NA;NA;NA;
25;4;0.96;11.35;5.66;NA;8.28;4.02;11.17;6.33;5.79;NA;NA;NA;
25;5;1.06;4.58;1.38;NA;1.61;3.76;1.23;2.47;3.58;NA;NA;NA;
25;6;0.84;1.29;1.32;NA;5.24;1.22;2;1.98;2.14;NA;NA;NA;
25;7;4.41;5.86;3.43;NA;5.49;3.64;9.33;4.2;5.13;NA;NA;NA;
25;8;11.59;9.54;9.46;NA;12.13;14.78;29.01;8.66;12.69;NA;NA;NA;
25;9;18.03;18.93;19.87;NA;26.65;30.47;52.19;14.41;36.48;NA;NA;NA;
25;10;38.69;23.23;36.77;NA;46.68;39.8;67.65;39.74;51.59;NA;NA;NA;
25;11;46.02;32.46;69.85;NA;75.94;71.25;63.31;65.27;42.32;NA;NA;NA;
25;12;41.19;29.47;73.13;NA;94.37;89.07;78.74;78.83;66.71;NA;NA;NA;
25;13;36.98;26.96;57.82;NA;79.83;77.35;100.89;67.59;82.39;NA;NA;NA;
25;14;31.87;25.17;47.28;NA;55;65.31;84.16;56.27;79.99;NA;NA;NA;
25;15;30.69;22.5;45.64;NA;46.25;46.52;60.46;46.12;48.02;NA;NA;NA;
25;16;26.46;21.61;33.36;NA;36.37;32.02;49.9;45.66;43.31;NA;NA;NA;
25;17;30.56;22.98;27.86;NA;30.49;28.08;32.16;41.93;34.67;NA;NA;NA;
25;18;18.47;18.78;15.32;NA;31.06;25.84;25.89;35.83;23.49;NA;NA;NA;
25;19;17.78;15.4;13.83;NA;18.07;19.78;25.06;30.08;17;NA;NA;NA;
25;20;22.46;14.44;24.78;NA;21.44;20.86;21.49;19.87;28.42;NA;NA;NA;
25;21;18.3;16.61;12.01;NA;16.08;11.28;15.12;21.72;16.49;NA;NA;NA;
25;22;14.04;13.19;14.17;NA;12.73;22.91;28.91;15.11;26.6;NA;NA;NA;
25;23;11.08;10.65;12.49;NA;14.54;8.57;35.71;3.14;23.9;NA;NA;NA;
26;0;4.67;8.75;5.71;NA;26.67;9.12;35.64;2.71;17.33;NA;NA;NA;
26;1;3.59;7.68;18.3;NA;18.16;24.5;ND;ND;8.3;NA;NA;NA;
26;2;ND;6.58;20.49;NA;25.16;ND;29.09;3.54;ND;NA;NA;NA;
26;3;24;6.36;7.04;NA;13.8;15.13;13.26;2.46;0.18;NA;NA;NA;
26;4;11.85;8.02;7.3;NA;5.98;7.64;5.73;1.31;0.68;NA;NA;NA;
26;5;9.62;6.94;9.33;NA;0.62;3.61;12.51;2.11;2.3;NA;NA;NA;
26;6;5.72;3.43;10.91;NA;1.83;4.77;8.39;2;1.34;NA;NA;NA;
26;7;12.13;5.92;10.44;NA;8.66;11.12;12.89;5.8;5.63;NA;NA;NA;
26;8;19.23;8.83;26.61;NA;30.98;25.68;36.7;11.91;17.46;NA;NA;NA;
26;9;24.92;15.68;22.1;NA;41.31;29.56;59.19;26.44;25.23;NA;NA;NA;
26;10;31.42;20.38;29.21;NA;37.16;32.62;28.94;51.61;28.98;NA;NA;NA;
26;11;39.08;27.91;53.45;NA;52.66;55.21;31.23;64.38;47.22;NA;NA;NA;
26;12;34.11;28.66;57.28;NA;59;61.53;54.78;72.7;54.68;NA;NA;NA;
26;13;27.04;21.83;49.98;NA;44.41;62.71;43.81;64.65;87.54;NA;NA;NA;
26;14;27.16;20.95;45.03;NA;42.65;51.57;42.9;50.54;49.41;NA;NA;NA;
26;15;24.85;20.08;40.92;NA;39.94;48.74;39.26;46.43;51.03;NA;NA;NA;
26;16;23.48;19.57;32.4;NA;36.84;43.34;36.06;39.59;45.15;NA;NA;NA;
26;17;18.85;17.47;19.55;NA;30.84;32.65;25.75;35.17;29.46;NA;NA;NA;
26;18;12.72;14.42;14.99;NA;19.64;20.49;16.51;30.32;15.22;NA;NA;NA;
26;19;11.94;11.47;4.03;NA;11.71;14.27;10.34;29.77;21.07;NA;NA;NA;
26;20;12.31;10.18;10.36;NA;5.86;13.57;8.62;28.52;24.19;NA;NA;NA;
26;21;8.29;11.83;7.87;NA;2.97;14.55;22.37;28.65;24.15;NA;NA;NA;
26;22;11.21;12.43;8.96;NA;5.7;12.48;22.49;28.12;15.82;NA;NA;NA;
26;23;12.59;11.98;14.08;NA;13.43;19.11;21.25;29.04;26.76;NA;NA;NA;
27;0;9.44;11.39;14.66;NA;19.8;16.34;19.51;28.27;22.93;NA;NA;NA;
27;1;9.42;10.07;21.04;NA;20.69;16.62;28.5;25.24;19.96;NA;NA;NA;
27;2;9.57;ND;ND;NA;ND;18.56;26.94;23.66;9.79;NA;NA;NA;
27;3;7.92;10.17;19.38;NA;28.34;20.25;26.04;22.04;10.33;NA;NA;NA;
27;4;5.55;9.17;23;NA;17.53;25.42;20.58;18.13;18.46;NA;NA;NA;
27;5;1.54;7.26;21.85;NA;11.09;22.79;11.04;14.98;18.82;NA;NA;NA;
27;6;0.48;3.13;8.05;NA;5.02;4.26;4.94;5.47;7.13;NA;NA;NA;
27;7;4.71;2.07;3.05;NA;5.43;7.84;10.69;5.49;3.76;NA;NA;NA;
27;8;7.8;9.09;9.65;NA;17.34;8.65;20.8;6.83;19.99;NA;NA;NA;
27;9;11.13;10.21;15.38;NA;17.05;19.83;33.13;13.77;34.57;NA;NA;NA;
27;10;11.98;15.26;22.4;NA;36.7;35.55;40.33;32.53;37.58;NA;NA;NA;
27;11;26.48;21.1;38.84;NA;52.2;46.84;48.62;40.86;41.97;NA;NA;NA;
27;12;41.74;32.61;56.71;NA;59.05;60.44;55.07;54.74;ND;NA;NA;NA;
27;13;29.97;25.62;52.96;NA;66.87;65.65;74.22;73.8;61.8;NA;NA;NA;
27;14;25.86;23.46;50.01;NA;39.97;60.74;63.08;64.06;ND;NA;NA;NA;
27;15;24.39;20.7;37.18;NA;30.07;38.62;63.58;44.68;ND;NA;NA;NA;
27;16;21.01;17.79;29.79;NA;23.68;28.52;42.11;36.57;28.68;NA;NA;NA;
27;17;18.72;16.46;11.76;NA;25.44;20.02;30.44;33.53;22.06;NA;NA;NA;
27;18;13.46;14.11;6.57;NA;19.46;9.8;12.42;28.98;7.65;NA;NA;NA;
27;19;4.42;11.11;3.83;NA;15.64;2.12;6.87;23.71;6.03;NA;NA;NA;
27;20;3.97;8.32;4.72;NA;6.4;2.44;3.13;23.07;19.01;NA;NA;NA;
27;21;3.4;6.89;3.6;NA;3.25;1.35;6.21;23.62;10.79;NA;NA;NA;
27;22;5.45;6.98;4.51;NA;5.2;1.44;12.28;22.18;10.81;NA;NA;NA;
27;23;2.13;5.22;8.53;NA;4.37;1.37;19.41;22.84;8.1;NA;NA;NA;
28;0;4.09;7.22;7.42;NA;2.04;3.56;19.51;20.35;17.43;NA;NA;NA;
28;1;1.19;7.55;4.79;NA;4.38;3.8;ND;ND;17.11;NA;NA;NA;
28;2;ND;7.24;5.63;NA;1.27;ND;15.77;18.03;16.37;NA;NA;NA;
28;3;1.44;7.67;10.06;NA;4.39;2.04;9.81;17.37;15.41;NA;NA;NA;
28;4;0.44;6;6.54;NA;5.8;1.84;12.53;15.36;14.54;NA;NA;NA;
28;5;0.33;2.05;0.8;NA;2.51;3.75;3.32;13.21;7.23;NA;NA;NA;
28;6;0.73;0.89;1;NA;1.58;2.52;2.48;4.37;1.45;NA;NA;NA;
28;7;1.19;1.69;2.5;NA;4.75;3.41;22.86;5.46;2.77;NA;NA;NA;
28;8;5.68;6.54;8.47;NA;18.75;13.68;35.27;10.76;11.93;NA;NA;NA;
28;9;16.13;13.69;19.19;NA;37.49;27.89;45.97;22.92;26.34;NA;NA;NA;
28;10;32;21.11;19.28;NA;35.48;31.33;45.1;43.51;30.89;NA;NA;NA;
28;11;40.52;25.45;37.76;NA;49;46.08;49.33;53.05;53.4;NA;NA;NA;
28;12;38.63;25.84;51.16;NA;58.73;66.16;63.01;63.83;62.19;NA;NA;NA;
28;13;35.8;24.43;63.23;NA;56.83;62.9;71.34;61.55;72.43;NA;NA;NA;
28;14;31.76;24.87;52.08;NA;39.76;56.32;74.3;56.12;66.99;NA;NA;NA;
28;15;30.38;23.49;38.25;NA;41.38;51.14;60.86;47.54;55.26;NA;NA;NA;
28;16;27.66;22.56;28.32;NA;38.52;39.27;54.56;38.56;44.48;NA;NA;NA;
28;17;21.18;18.27;16.97;NA;36.35;26.44;30.42;31.48;21.4;NA;NA;NA;
28;18;18.79;13.25;6.9;NA;21.56;12.08;13.5;27.24;9.97;NA;NA;NA;
28;19;13.48;12.22;7.27;NA;14.23;8.31;13.04;25.14;13.45;NA;NA;NA;
28;20;9.44;9.72;6.31;NA;2.43;9.3;17.07;24.05;12.85;NA;NA;NA;
28;21;2.87;9.72;8.22;NA;0.21;1.07;13.63;21.96;9.62;NA;NA;NA;
28;22;11.52;11.36;8.99;NA;3.49;10.28;13.82;14.83;14.83;NA;NA;NA;
28;23;16.4;12.01;13.87;NA;11.67;14.18;11.42;15.51;12.72;NA;NA;NA;
29;0;22.62;14.97;31.83;NA;21.46;31.33;22.72;14.54;2.15;NA;NA;NA;
29;1;20.04;15.35;31.43;NA;32.78;33.84;38.82;13;1.24;NA;NA;NA;
29;2;20.66;ND;ND;NA;ND;28.4;39.03;18.54;ND;NA;NA;NA;
29;3;9.5;11.96;16.25;NA;33.72;25.53;28.64;10.21;15.74;NA;NA;NA;
29;4;9.5;10.97;8.29;NA;19.58;20.03;17.01;6.72;6.65;NA;NA;NA;
29;5;3.61;10.78;4.4;NA;5.73;3.41;19.58;2.4;3.4;NA;NA;NA;
29;6;1.88;4.11;2.36;NA;2.5;1.71;11.05;1.75;0.73;NA;NA;NA;
29;7;3.44;3.78;3.5;NA;7.56;2.54;6.05;4.11;5.56;NA;NA;NA;
29;8;6.63;9.34;7.18;NA;29.5;8.95;20.23;9.3;11;NA;NA;NA;
29;9;15.9;14.87;15.56;NA;32.76;14.26;35.27;18.97;27.15;NA;NA;NA;
29;10;30.63;21.64;9.98;NA;23.32;14.05;40.51;41.33;24.93;NA;NA;NA;
29;11;25.68;25.16;26.26;NA;9.1;7.11;26.76;53.94;35.72;NA;NA;NA;
29;12;29.84;26.53;35.3;NA;28.82;31.02;32.02;55.89;54.43;NA;NA;NA;
29;13;30.3;23.71;46.58;NA;48.3;46.23;45.35;57;64.23;NA;NA;NA;
29;14;25.43;24.02;36.06;NA;31.06;33.32;37.8;59.12;50.94;NA;NA;NA;
29;15;16.61;15.38;17.77;NA;16.21;23.73;22.45;44.86;28.52;NA;NA;NA;
29;16;17.34;14.09;11.72;NA;15.62;19.81;17.17;31.94;15.84;NA;NA;NA;
29;17;15.38;13.46;4.42;NA;19.94;7.81;11.18;26.15;21.67;NA;NA;NA;
29;18;13.55;10.19;3.35;NA;11.54;3.29;4.68;24.05;13.31;NA;NA;NA;
29;19;6.85;9.09;2.34;NA;11.15;2.27;2.52;23.88;12.97;NA;NA;NA;
29;20;7.76;9.51;3.47;NA;10.81;5.16;2.35;24.55;20.29;NA;NA;NA;
29;21;7.91;10.24;2.3;NA;1.52;12.01;5.48;23.04;18.43;NA;NA;NA;
29;22;7.44;10.44;4.73;NA;7.56;12.56;8.28;15.43;10.07;NA;NA;NA;
29;23;18.14;9.51;12.7;NA;13.95;12.48;9.69;18.29;16.88;NA;NA;NA;
30;0;12.73;8.46;12.85;NA;19.94;10.58;18.9;23.43;5.26;NA;NA;NA;
30;1;10.59;8.86;12.87;NA;18.53;8.59;ND;ND;10.47;NA;NA;NA;
30;2;ND;10.64;16.01;NA;19.42;ND;22.92;22.36;14.61;NA;NA;NA;
30;3;6.48;10.58;5.88;NA;20.62;3.92;15.24;17.97;14.69;NA;NA;NA;
30;4;2.15;9.07;2.99;NA;11.64;3.04;0.13;14.15;3.23;NA;NA;NA;
30;5;8.44;7.62;7.29;NA;5.51;5.34;5.28;13.01;2.36;NA;NA;NA;
30;6;1.34;7.24;2.64;NA;4.6;ND;13.03;9.98;0.26;NA;NA;NA;
30;7;4.15;7.87;3.92;NA;3.87;4.31;7.23;11.27;2.65;NA;NA;NA;
30;8;10;10.12;11.37;NA;12.7;12.55;18.72;17.71;7.72;NA;NA;NA;
30;9;20.51;17.07;26.46;NA;29.24;25.51;35.58;29.36;11.82;NA;NA;NA;
30;10;36.61;24.97;45.07;NA;51.49;44.46;51.37;42.99;19.87;NA;NA;NA;
30;11;45.66;31.19;45.69;NA;45.34;47.73;55.53;59.18;34.38;NA;NA;NA;
30;12;36.73;31.08;56.21;NA;65.23;56.26;48.41;ND;70.92;NA;NA;NA;
30;13;38.65;32.7;48.73;NA;41.91;53.29;34.33;72.16;65.13;NA;NA;NA;
30;14;36.44;32.57;53.43;NA;31.82;40.16;46.09;ND;55.91;NA;NA;NA;
30;15;27.73;27.1;47.74;NA;32.15;40.92;44.51;ND;52;NA;NA;NA;
30;16;25.57;23.18;31.27;NA;20.75;26.44;28.29;38.31;26.64;NA;NA;NA;
30;17;20.38;17;5.75;NA;18.84;9.31;20.32;27.85;21.88;NA;NA;NA;
30;18;18.2;13.4;4.34;NA;15.39;6.71;8.89;21.02;3.11;NA;NA;NA;
30;19;15.83;11.87;3.78;NA;15.33;3.69;16.37;20.01;12.68;NA;NA;NA;
30;20;6.97;7.52;2.14;NA;15.72;3.67;16.49;18.84;15.81;NA;NA;NA;
30;21;5.49;5.3;2.37;NA;14.46;4.96;19.28;15.62;6.43;NA;NA;NA;
30;22;5.72;7.19;6.58;NA;20.23;6.54;18.74;12.08;12.44;NA;NA;NA;
30;23;6.31;8.1;13.1;NA;16.34;9.91;23.24;18.7;8.61;NA;NA;NA;
31;0;11.19;10.31;14.47;NA;15.52;15.34;26.24;17.95;12.71;NA;NA;NA;
31;1;14.05;9.21;14;NA;10.16;9.86;20.47;14.32;15.56;NA;NA;NA;
31;2;12.5;ND;ND;NA;ND;5.82;12.14;14.05;ND;NA;NA;NA;
31;3;4.04;11.41;2.24;NA;4.17;1.29;17.47;9.16;0.73;NA;NA;NA;
31;4;3.89;10.42;3.88;NA;8.96;1.31;11.14;1.51;0.52;NA;NA;NA;
31;5;0.91;6.35;5.25;NA;7.52;1.84;11;0.18;0.01;NA;NA;NA;
31;6;0.86;1.56;1.57;NA;3.95;2.14;2.89;0.26;0.47;NA;NA;NA;
31;7;3.57;3.11;4.62;NA;6.17;5.37;14.5;1.01;3.53;NA;NA;NA;
31;8;8.58;7.48;17.34;NA;19.03;26.14;39.84;5.35;12.77;NA;NA;NA;
31;9;20.2;14.72;17.03;NA;53.48;52.44;48.68;19.67;10.48;NA;NA;NA;
31;10;37.53;26.3;49.41;NA;59.27;52.17;60.35;40.85;19.73;NA;NA;NA;
31;11;51.51;34.53;63.22;NA;73.75;66.88;60.74;67.14;52.73;NA;NA;NA;
31;12;55.22;36.6;67.6;NA;71.85;71.45;75.8;68.9;53.75;NA;NA;NA;
31;13;46.58;37.18;66;NA;71.63;70.49;78.51;60.92;69.29;NA;NA;NA;
31;14;40.7;33.74;72.62;NA;67.21;78.1;78.33;83.65;63.51;NA;NA;NA;
31;15;38.67;31.24;61.53;NA;73.19;77.25;72.27;73.47;58.87;NA;NA;NA;
31;16;33.99;30.06;48.83;NA;ND;66.16;62.68;59.88;61.03;NA;NA;NA;
31;17;26.58;24.5;31.59;NA;ND;50.07;45.2;44.88;57.22;NA;NA;NA;
31;18;22.01;15.63;15.87;NA;24.64;11.03;12.41;30.22;34.14;NA;NA;NA;
31;19;9.43;11.11;3.24;NA;7.55;1.93;6.4;19.33;22.15;NA;NA;NA;
31;20;1.72;8.41;6.25;NA;0.88;1.97;1.95;18.65;13.76;NA;NA;NA;
31;21;0.82;6.8;9.62;NA;0.25;10.61;6.08;22.58;4.35;NA;NA;NA;
31;22;2.83;3.62;0.92;NA;0.38;6.8;16.22;15.77;1.08;NA;NA;NA;
31;23;0.66;4.83;1.02;NA;0;2.49;30.33;13.02;0.31;NA;NA;NA;
