DIA;HORA;Cotocollao;Carapungo;Belisario;Jipijapa;El Camal;Centro;Guamaní;Tumbaco;Los Chillos;El Condado;Turubamba;Chillogallo;
1;0;5.97;14.24;30.08;NA;34.38;10.68;NA;NA;22.95;NA;NA;NA;
1;1;21.15;13.13;20.36;NA;22.86;17.25;NA;NA;16.55;NA;NA;NA;
1;2;14.13;14.82;20.87;NA;14.17;18.97;NA;NA;22.22;NA;NA;NA;
1;3;12.23;12.77;12.93;NA;17.44;3.58;NA;NA;16.97;NA;NA;NA;
1;4;18.84;13.53;12.15;NA;4.84;13.92;NA;NA;10.88;NA;NA;NA;
1;5;18.45;23.36;9.93;NA;21.31;12.9;NA;NA;8.73;NA;NA;NA;
1;6;48.61;50.98;17.37;NA;47.63;11.27;NA;NA;15.08;NA;NA;NA;
1;7;34.08;14.52;13.07;NA;34.55;10.07;NA;NA;19.82;NA;NA;NA;
1;8;ND;0.11;19.84;NA;31.43;8.6;NA;NA;31.82;NA;NA;NA;
1;9;43.25;3.02;8.25;NA;20.61;10.76;NA;NA;28.76;NA;NA;NA;
1;10;28.98;5.87;10.85;NA;9.05;5.83;NA;NA;5.89;NA;NA;NA;
1;11;16.71;3.82;8.81;NA;ND;6.48;NA;NA;11.85;NA;NA;NA;
1;12;16.31;7.69;9.12;NA;5.02;12.99;NA;NA;4.67;NA;NA;NA;
1;13;10.91;8.64;8.37;NA;8.74;5.78;NA;NA;7.34;NA;NA;NA;
1;14;11.65;15.88;12.85;NA;22.37;20.38;NA;NA;7.02;NA;NA;NA;
1;15;12.32;17.38;13.09;NA;25.15;17.89;NA;NA;16.97;NA;NA;NA;
1;16;12.82;8.4;12.92;NA;10.94;10.37;NA;NA;12.31;NA;NA;NA;
1;17;13.09;29.42;21.58;NA;10.17;15.89;NA;NA;19.39;NA;NA;NA;
1;18;13.14;21.08;21.51;NA;16;19.22;NA;NA;6.37;NA;NA;NA;
1;19;10.38;21.91;24.99;NA;29.13;21.4;NA;NA;17.88;NA;NA;NA;
1;20;12.09;16.37;19.37;NA;19.88;17.72;NA;NA;12.69;NA;NA;NA;
1;21;15.73;17.73;9.54;NA;29.42;21.97;NA;NA;15.42;NA;NA;NA;
1;22;20.65;14.84;15.05;NA;36.87;20.35;NA;NA;19.46;NA;NA;NA;
1;23;21.76;12.14;10.72;NA;39.03;17.5;NA;NA;17.21;NA;NA;NA;
2;0;10.58;15.7;24.25;NA;34.86;23.48;NA;NA;26.13;NA;NA;NA;
2;1;20.07;21.22;21.12;NA;34;17.76;NA;NA;20.76;NA;NA;NA;
2;2;16.72;22.43;16.79;NA;28.86;20.83;NA;NA;13.94;NA;NA;NA;
2;3;24.4;14.33;10.03;NA;17.54;7.84;NA;NA;11.28;NA;NA;NA;
2;4;15.41;16.54;3.16;NA;9.67;3.98;NA;NA;16.39;NA;NA;NA;
2;5;22.1;8.46;2.46;NA;17.28;6.15;NA;NA;10.32;NA;NA;NA;
2;6;42.76;8.33;10.41;NA;50.98;21.4;NA;NA;19.89;NA;NA;NA;
2;7;53.23;21.88;38.53;NA;66.16;22.4;NA;NA;27.34;NA;NA;NA;
2;8;41.26;8.56;39.24;NA;97.03;17.11;NA;NA;27.1;NA;NA;NA;
2;9;27.89;6.36;28.93;NA;45.07;24.41;NA;NA;32.33;NA;NA;NA;
2;10;40.48;6.26;26.43;NA;23.92;37.71;NA;NA;15.5;NA;NA;NA;
2;11;23.78;1.73;19.9;NA;19.44;32.24;NA;NA;16.8;NA;NA;NA;
2;12;16.88;1.85;6.01;NA;13.87;ND;NA;NA;13.86;NA;NA;NA;
2;13;8.64;4.52;2.97;NA;17.03;17.88;NA;NA;18.49;NA;NA;NA;
2;14;18.97;6.33;14.63;NA;13.41;15.16;NA;NA;4.99;NA;NA;NA;
2;15;16.2;22.84;8.28;NA;8.61;9.11;NA;NA;4.25;NA;NA;NA;
2;16;16.94;27.44;13.8;NA;10.88;11.4;NA;NA;7.99;NA;NA;NA;
2;17;15.77;36.97;11.85;NA;4.69;8.37;NA;NA;6.03;NA;NA;NA;
2;18;ND;27.78;28.28;NA;26.25;19.22;NA;NA;19.88;NA;NA;NA;
2;19;39.15;19.83;18.09;NA;31.92;20.66;NA;NA;10.26;NA;NA;NA;
2;20;28.55;19.28;9.97;NA;49.1;13.9;NA;NA;18.16;NA;NA;NA;
2;21;16.84;15.24;9.78;NA;65.64;17.53;NA;NA;28.64;NA;NA;NA;
2;22;11.64;11.79;7.32;NA;64.04;22.38;NA;NA;25;NA;NA;NA;
2;23;7.22;7.29;8.56;NA;51.14;20.49;NA;NA;24.63;NA;NA;NA;
3;0;11.42;5.27;3.19;NA;43.2;13.44;NA;NA;15.63;NA;NA;NA;
3;1;12.28;8.26;12.51;NA;29.1;8.63;NA;NA;29.04;NA;NA;NA;
3;2;5.58;5.09;11.19;NA;17.71;9.61;NA;NA;16.21;NA;NA;NA;
3;3;13.57;14.14;10.42;NA;9.74;4.4;NA;NA;22.12;NA;NA;NA;
3;4;4.64;15.65;4.58;NA;8.81;8.87;NA;NA;11.99;NA;NA;NA;
3;5;8.11;17.45;6.71;NA;11.22;8.44;NA;NA;14.61;NA;NA;NA;
3;6;31.48;37.31;5.21;NA;41.82;8.95;NA;NA;20.53;NA;NA;NA;
3;7;33.04;35.27;8.92;NA;46.92;12.41;NA;NA;20.87;NA;NA;NA;
3;8;22.04;19.42;11.41;NA;27.51;11.77;NA;NA;31.74;NA;NA;NA;
3;9;18.11;6.49;1.66;NA;13.83;6.81;NA;NA;19.77;NA;NA;NA;
3;10;10.34;0.49;5.82;NA;8.17;3.7;NA;NA;8.39;NA;NA;NA;
3;11;9.51;3.3;4.74;NA;4.96;6.43;NA;NA;ND;NA;NA;NA;
3;12;13.09;4.13;10.27;NA;14.04;12.58;NA;NA;ND;NA;NA;NA;
3;13;ND;15.39;14.96;NA;5.9;8.6;NA;NA;9.1;NA;NA;NA;
3;14;14.51;13.22;11.84;NA;12.75;13.92;NA;NA;ND;NA;NA;NA;
3;15;14.3;8.14;9.81;NA;23.39;7.08;NA;NA;1.23;NA;NA;NA;
3;16;12.5;11.2;20.5;NA;18.04;21.04;NA;NA;14.72;NA;NA;NA;
3;17;18.04;26.44;14.48;NA;19.79;18.05;NA;NA;10.94;NA;NA;NA;
3;18;13.12;21.56;8.88;NA;17.72;18.41;NA;NA;11.48;NA;NA;NA;
3;19;6.81;30.39;16.67;NA;26.06;16.93;NA;NA;4.89;NA;NA;NA;
3;20;11.78;22.89;15.01;NA;33.58;25.9;NA;NA;10.36;NA;NA;NA;
3;21;8.2;12.16;12.9;NA;32.54;16.85;NA;NA;17.84;NA;NA;NA;
3;22;12.42;19.74;20.45;NA;31.18;16.51;NA;NA;14.95;NA;NA;NA;
3;23;15.15;13.31;20.2;NA;18.25;16.47;NA;NA;13.36;NA;NA;NA;
4;0;16.86;5.32;8.73;NA;16.8;14.27;NA;NA;11.51;NA;NA;NA;
4;1;19.38;2.37;15.73;NA;20.95;21.09;NA;NA;14.11;NA;NA;NA;
4;2;10.78;7.04;15.43;NA;18.04;14.62;NA;NA;15.2;NA;NA;NA;
4;3;11.55;8.64;10.56;NA;21.51;17.2;NA;NA;5.37;NA;NA;NA;
4;4;17.38;10.8;18.2;NA;12.54;12.75;NA;NA;12.78;NA;NA;NA;
4;5;16.47;13;13.8;NA;29.71;18.54;NA;NA;14.28;NA;NA;NA;
4;6;34.85;18.43;19.24;NA;45.83;22.78;NA;NA;15.24;NA;NA;NA;
4;7;40.52;12.36;40.22;NA;76.61;39.69;NA;NA;18.55;NA;NA;NA;
4;8;49.57;8.56;42.81;NA;45.05;21.48;NA;NA;12.88;NA;NA;NA;
4;9;ND;7.64;1.92;NA;13.39;3.98;NA;NA;33.02;NA;NA;NA;
4;10;43.27;5.56;12.07;NA;9.31;11.9;NA;NA;30.89;NA;NA;NA;
4;11;16.22;4.57;16.7;NA;14.97;19.47;NA;NA;22.32;NA;NA;NA;
4;12;16.43;2.98;4.87;NA;6.97;8.01;NA;NA;ND;NA;NA;NA;
4;13;14.01;12.76;11.58;NA;8.92;7.42;NA;NA;14.31;NA;NA;NA;
4;14;11.39;13.48;6.52;NA;10.04;6.1;NA;NA;1.93;NA;NA;NA;
4;15;11.25;5.01;18.41;NA;20.39;13.5;NA;NA;4.93;NA;NA;NA;
4;16;11.73;8.93;9.16;NA;14.43;13.66;NA;NA;16.66;NA;NA;NA;
4;17;17.03;12.76;13.58;NA;19.1;13.2;NA;NA;15.09;NA;NA;NA;
4;18;11.88;23.5;17.92;NA;36.04;26.3;NA;NA;19.65;NA;NA;NA;
4;19;21.89;23.15;19.33;NA;34.9;25.09;NA;NA;25.88;NA;NA;NA;
4;20;19.6;14.34;22.93;NA;47.14;32.26;NA;NA;21.7;NA;NA;NA;
4;21;17.64;14.39;22.41;NA;48.61;33.25;NA;NA;15.24;NA;NA;NA;
4;22;19.08;12.64;21.23;NA;30.89;27.5;NA;NA;9.74;NA;NA;NA;
4;23;17.89;11.84;16.36;NA;23.06;21.59;NA;NA;15.51;NA;NA;NA;
5;0;22.61;13.18;9.58;NA;40.17;25.07;NA;NA;22.02;NA;NA;NA;
5;1;20.51;17.74;14.89;NA;26.23;26.55;NA;NA;26.44;NA;NA;NA;
5;2;18.15;15.08;19.01;NA;22.75;18.04;NA;NA;24.62;NA;NA;NA;
5;3;18.26;20.29;7.15;NA;8.62;18.97;NA;NA;16.83;NA;NA;NA;
5;4;19.51;15.54;20.79;NA;11.48;16.71;NA;NA;17.56;NA;NA;NA;
5;5;21.43;19.69;17.67;NA;22.16;17.83;NA;NA;24.55;NA;NA;NA;
5;6;27.14;37.23;15.5;NA;23.98;9.91;NA;NA;15.56;NA;NA;NA;
5;7;37.75;12.98;16.86;NA;42.63;20.12;NA;NA;28.32;NA;NA;NA;
5;8;28.41;14.5;20.29;NA;44.15;42.14;NA;NA;18.3;NA;NA;NA;
5;9;32.18;16.45;21.12;NA;23.91;13.76;NA;NA;17.17;NA;NA;NA;
5;10;45.24;1.33;8.58;NA;20.39;13.57;NA;NA;21.65;NA;NA;NA;
5;11;ND;8.65;11.78;NA;11.04;8.74;NA;NA;8.13;NA;NA;NA;
5;12;0.27;12.09;4.59;NA;3.88;8.77;NA;NA;10.28;NA;NA;NA;
5;13;0;5.62;10.96;NA;10.41;14.27;NA;NA;7.5;NA;NA;NA;
5;14;0;13.27;9;NA;11.72;14.83;NA;NA;9.73;NA;NA;NA;
5;15;0;8.54;14.31;NA;7.28;13.59;NA;NA;9.85;NA;NA;NA;
5;16;0;11.85;7.41;NA;19.26;8.62;NA;NA;11.72;NA;NA;NA;
5;17;0;2.81;9.48;NA;20;7.77;NA;NA;1.5;NA;NA;NA;
5;18;4.9;20.17;11.72;NA;17.14;15.31;NA;NA;14.41;NA;NA;NA;
5;19;3.98;16.92;51.35;NA;22.19;18.91;NA;NA;6.33;NA;NA;NA;
5;20;2.02;12.47;80.19;NA;13.97;20.93;NA;NA;8.81;NA;NA;NA;
5;21;1.62;16.5;14.9;NA;31.76;17.58;NA;NA;2.98;NA;NA;NA;
5;22;7.47;15.11;17.25;NA;35.6;20.71;NA;NA;20.22;NA;NA;NA;
5;23;11.09;19.82;14.81;NA;21.32;18.6;NA;NA;27.43;NA;NA;NA;
6;0;14.82;16.95;15.73;NA;21.75;12.03;NA;NA;13.87;NA;NA;NA;
6;1;21.97;10.1;20.85;NA;20.41;19.28;NA;NA;17.39;NA;NA;NA;
6;2;15.91;8.54;8.77;NA;20.59;17.25;NA;NA;18.82;NA;NA;NA;
6;3;15.91;12.51;8.71;NA;16.85;8.56;NA;NA;14.14;NA;NA;NA;
6;4;17.86;14.49;18.6;NA;19.46;15.03;NA;NA;6.03;NA;NA;NA;
6;5;21.22;13.99;17.78;NA;17.53;23.65;NA;NA;13.87;NA;NA;NA;
6;6;10.78;22.33;21.02;NA;22.41;20.27;NA;NA;14.57;NA;NA;NA;
6;7;9.11;5.79;15.95;NA;32.9;17.92;NA;NA;11.02;NA;NA;NA;
6;8;8.07;3.32;10.66;NA;23.12;11.85;NA;NA;16.98;NA;NA;NA;
6;9;16.4;0.36;5.54;NA;18.6;11.24;NA;NA;26.19;NA;NA;NA;
6;10;13.68;2.43;4.05;NA;9.48;8.76;NA;NA;4.7;NA;NA;NA;
6;11;4.67;2.22;3.35;NA;9.84;3.31;NA;NA;5.82;NA;NA;NA;
6;12;9.22;12.42;2.14;NA;3.52;3.06;NA;NA;3.27;NA;NA;NA;
6;13;10.39;9.22;4.35;NA;5.45;6.02;NA;NA;6.84;NA;NA;NA;
6;14;16.02;16.63;7.9;NA;8.09;4.17;NA;NA;7.9;NA;NA;NA;
6;15;6.76;28.17;11.25;NA;10.31;12.57;NA;NA;3.4;NA;NA;NA;
6;16;4.77;6.85;5.85;NA;7.94;9.08;NA;NA;3.78;NA;NA;NA;
6;17;12.42;23.52;3.62;NA;11.34;6.65;NA;NA;7.85;NA;NA;NA;
6;18;12.6;15.22;8.01;NA;19.28;8.83;NA;NA;8.21;NA;NA;NA;
6;19;13.67;12.1;6.52;NA;9.13;5.09;NA;NA;17.25;NA;NA;NA;
6;20;6.34;13.19;5.39;NA;6.86;2.16;NA;NA;13.09;NA;NA;NA;
6;21;22.55;11.78;7.7;NA;7.7;7.75;NA;NA;21.17;NA;NA;NA;
6;22;7.14;12.62;8.54;NA;9.78;4.95;NA;NA;9.44;NA;NA;NA;
6;23;13.31;11.08;5.18;NA;14.88;9.01;NA;NA;9.95;NA;NA;NA;
7;0;20.75;14.15;2.88;NA;18.29;15.29;NA;NA;12.61;NA;NA;NA;
7;1;14.14;7.45;9.29;NA;16.91;22.57;NA;NA;13.63;NA;NA;NA;
7;2;11.63;11.2;20.31;NA;16.61;20.45;NA;NA;17.43;NA;NA;NA;
7;3;11.78;11;9.89;NA;18.68;19.86;NA;NA;9.98;NA;NA;NA;
7;4;1.73;4.77;6.55;NA;16.88;11.44;NA;NA;13.46;NA;NA;NA;
7;5;9.47;11.9;5.99;NA;17.17;13.34;NA;NA;17.8;NA;NA;NA;
7;6;17.23;16.41;13.4;NA;28.12;17.62;NA;NA;16.77;NA;NA;NA;
7;7;26.64;17.95;22.3;NA;48.68;31.62;NA;NA;9.58;NA;NA;NA;
7;8;5.14;4.42;8.15;NA;49.65;38.79;NA;NA;17.57;NA;NA;NA;
7;9;27.32;0;14.72;NA;42.4;13.59;NA;NA;23.82;NA;NA;NA;
7;10;13.49;0.12;3.09;NA;13.57;17.4;NA;NA;33.82;NA;NA;NA;
7;11;6.06;2.73;11.6;NA;14.67;8.83;NA;NA;16.89;NA;NA;NA;
7;12;12.14;11.98;10.46;NA;5.41;4.17;NA;NA;7.01;NA;NA;NA;
7;13;5.81;4.18;8.26;NA;16.37;13.5;NA;NA;0.18;NA;NA;NA;
7;14;7.55;3.89;18.31;NA;11.09;10.12;NA;NA;1.23;NA;NA;NA;
7;15;15.38;20.98;13.01;NA;13.59;6.71;NA;NA;13.78;NA;NA;NA;
7;16;9.35;6.09;6.37;NA;5.81;12.37;NA;NA;9.39;NA;NA;NA;
7;17;28.97;14.59;16.36;NA;18.04;15.2;NA;NA;13.87;NA;NA;NA;
7;18;9.94;10.44;15.47;NA;18.68;9.74;NA;NA;7.99;NA;NA;NA;
7;19;11.47;12.63;9.97;NA;18.25;4.68;NA;NA;10.63;NA;NA;NA;
7;20;12.46;14.32;4.47;NA;4.01;2.77;NA;NA;23.35;NA;NA;NA;
7;21;4.16;7.49;4.09;NA;8.78;8.05;NA;NA;33.44;NA;NA;NA;
7;22;3.22;7.42;6.46;NA;20.47;2.63;NA;NA;15.22;NA;NA;NA;
7;23;11.83;4.68;2.72;NA;4.54;6.62;NA;NA;17.58;NA;NA;NA;
8;0;30.37;7.78;1.53;NA;10.98;3.21;NA;NA;22.69;NA;NA;NA;
8;1;9.92;12.21;2.48;NA;7.2;1.89;NA;NA;10.92;NA;NA;NA;
8;2;7.04;4.3;1.87;NA;2.89;1.94;NA;NA;10.79;NA;NA;NA;
8;3;6;6;2.57;NA;4.43;4.03;NA;NA;7.33;NA;NA;NA;
8;4;1.44;1.65;5.41;NA;1.96;3.87;NA;NA;4.96;NA;NA;NA;
8;5;4.04;10.63;1.49;NA;12.25;1.68;NA;NA;14.5;NA;NA;NA;
8;6;11.26;17.27;6.23;NA;16.39;5.72;NA;NA;12.85;NA;NA;NA;
8;7;18.58;13.83;12.68;NA;41.61;17.37;NA;NA;14.86;NA;NA;NA;
8;8;15.57;10.91;14.3;NA;13.68;14.6;NA;NA;10.97;NA;NA;NA;
8;9;13.35;2.9;11.75;NA;10.3;4.62;NA;NA;11.05;NA;NA;NA;
8;10;10.77;8.42;1.88;NA;5.49;11.53;NA;NA;18.6;NA;NA;NA;
8;11;1.78;2.02;5.24;NA;8.44;4.95;NA;NA;2.04;NA;NA;NA;
8;12;8.37;5.75;3.84;NA;3.09;6.44;NA;NA;1.45;NA;NA;NA;
8;13;8.12;5.07;4.25;NA;6.93;7.55;NA;NA;6.24;NA;NA;NA;
8;14;3.51;3.27;6.68;NA;3.32;4.04;NA;NA;3.89;NA;NA;NA;
8;15;5.17;3.93;5.78;NA;12.72;4.96;NA;NA;16.38;NA;NA;NA;
8;16;8.32;7.88;1.14;NA;0.59;0.47;NA;NA;5.02;NA;NA;NA;
8;17;7.43;7.1;23.96;NA;18.93;10.06;NA;NA;0.8;NA;NA;NA;
8;18;15.36;23.7;7.96;NA;16.96;14.41;NA;NA;21.93;NA;NA;NA;
8;19;15.33;23.61;12.59;NA;9.1;18.69;NA;NA;0.96;NA;NA;NA;
8;20;11.1;18.12;8.41;NA;15;14.5;NA;NA;10.63;NA;NA;NA;
8;21;8.35;9.97;10.77;NA;16.12;12.79;NA;NA;3.31;NA;NA;NA;
8;22;5.3;6.19;3.67;NA;17.21;6.8;NA;NA;25.43;NA;NA;NA;
8;23;10.17;7.18;6.23;NA;13.92;6.35;NA;NA;8.2;NA;NA;NA;
9;0;21.38;1.51;11.64;NA;21.75;7.52;NA;NA;11.87;NA;NA;NA;
9;1;10.03;3.12;5.72;NA;6.03;6.7;NA;NA;8.41;NA;NA;NA;
9;2;3.54;4.05;2.28;NA;7.9;2.74;NA;NA;4.89;NA;NA;NA;
9;3;3.37;3.11;3.52;NA;8.54;6.55;NA;NA;8.95;NA;NA;NA;
9;4;3.23;4.76;1.72;NA;5.56;2.89;NA;NA;2.54;NA;NA;NA;
9;5;8.94;7.99;4.03;NA;12.64;4.35;NA;NA;4.03;NA;NA;NA;
9;6;13.13;21.2;4.6;NA;22.19;7.19;NA;NA;15.45;NA;NA;NA;
9;7;5.37;28.26;3.99;NA;28.9;7.46;NA;NA;13.4;NA;NA;NA;
9;8;9.85;4.45;12.97;NA;21.21;4.85;NA;NA;13.4;NA;NA;NA;
9;9;9.67;0.54;1.55;NA;4.42;8.21;NA;NA;18.06;NA;NA;NA;
9;10;5.95;3.67;3.68;NA;9.41;4.68;NA;NA;4.97;NA;NA;NA;
9;11;10.73;0.56;8.64;NA;11.37;3.3;NA;NA;4.6;NA;NA;NA;
9;12;5.1;4.65;5.35;NA;5.37;7.05;NA;NA;3.22;NA;NA;NA;
9;13;5.48;2.5;3.16;NA;4.31;6.27;NA;NA;3.15;NA;NA;NA;
9;14;8.45;11.96;8.25;NA;11.08;10.43;NA;NA;9.95;NA;NA;NA;
9;15;19.88;12.65;5.9;NA;2.8;7.14;NA;NA;5.69;NA;NA;NA;
9;16;10.94;10.52;13.89;NA;11.14;8.66;NA;NA;3.35;NA;NA;NA;
9;17;15.72;26.14;10.17;NA;10.07;8.24;NA;NA;5.88;NA;NA;NA;
9;18;11.17;23.72;12.05;NA;8.03;13.22;NA;NA;10.75;NA;NA;NA;
9;19;20.67;15.2;7.47;NA;4.22;6.32;NA;NA;6.7;NA;NA;NA;
9;20;10.58;12.61;9.33;NA;10.41;8.09;NA;NA;1.31;NA;NA;NA;
9;21;16.02;8.61;7.89;NA;9.49;7.08;NA;NA;7.04;NA;NA;NA;
9;22;7.48;7.39;5.85;NA;9.79;6.98;NA;NA;21.16;NA;NA;NA;
9;23;8.91;9.17;8.28;NA;9.82;7.52;NA;NA;17.82;NA;NA;NA;
10;0;7.94;14.65;4.17;NA;2.58;0.93;NA;NA;5.65;NA;NA;NA;
10;1;14.23;9.5;5.86;NA;9.96;6.69;NA;NA;14.68;NA;NA;NA;
10;2;7.95;6.36;2.89;NA;4.35;3.29;NA;NA;11.19;NA;NA;NA;
10;3;7.86;11.91;1.67;NA;9.94;3.71;NA;NA;10.02;NA;NA;NA;
10;4;6.05;8.83;5.41;NA;8.44;7.11;NA;NA;4.9;NA;NA;NA;
10;5;13.03;11.94;4.95;NA;8.22;5.95;NA;NA;5.85;NA;NA;NA;
10;6;14.92;25.72;4.51;NA;25.51;10.96;NA;NA;11.96;NA;NA;NA;
10;7;11.73;11.14;2.21;NA;25.49;4.47;NA;NA;14.5;NA;NA;NA;
10;8;19.11;3.57;12.68;NA;15.12;12.63;NA;NA;19.12;NA;NA;NA;
10;9;16.27;1.85;4.65;NA;4.92;14.35;NA;NA;9.37;NA;NA;NA;
10;10;ND;1.55;5.13;NA;10.86;4.71;NA;NA;1.39;NA;NA;NA;
10;11;ND;4.44;5.28;NA;9.63;11.99;NA;NA;4.44;NA;NA;NA;
10;12;ND;3.8;8.29;NA;9.91;11.96;NA;NA;2.42;NA;NA;NA;
10;13;7.52;6.31;8.99;NA;3.01;8.01;NA;NA;5.95;NA;NA;NA;
10;14;10.81;10.91;12.58;NA;5.33;4.86;NA;NA;5.05;NA;NA;NA;
10;15;9.58;10.49;9;NA;9.15;7.12;NA;NA;2.15;NA;NA;NA;
10;16;4.5;10.1;10.57;NA;6.01;8.08;NA;NA;1.87;NA;NA;NA;
10;17;1.36;17.42;15.54;NA;3.96;8.94;NA;NA;10.38;NA;NA;NA;
10;18;5.86;13.55;10.37;NA;7.11;9.28;NA;NA;11.14;NA;NA;NA;
10;19;4.95;13.09;11.73;NA;8.04;8.74;NA;NA;2.96;NA;NA;NA;
10;20;6.68;7.58;11.62;NA;3.55;8.69;NA;NA;1.2;NA;NA;NA;
10;21;0.92;3.04;11.92;NA;16;10.82;NA;NA;6.53;NA;NA;NA;
10;22;5.18;6.35;6.48;NA;7.13;3.91;NA;NA;11.36;NA;NA;NA;
10;23;4.39;4.86;6.57;NA;5.3;11.96;NA;NA;9.03;NA;NA;NA;
11;0;8.36;9.37;6.34;NA;16.09;10.36;NA;NA;12.21;NA;NA;NA;
11;1;4.77;5.71;5.68;NA;6.34;5.76;NA;NA;6.63;NA;NA;NA;
11;2;11.09;6.89;2.58;NA;5.85;7.08;NA;NA;3.56;NA;NA;NA;
11;3;11.03;9.68;4.65;NA;3.33;2.64;NA;NA;10.76;NA;NA;NA;
11;4;6.83;9.63;2.49;NA;7.68;8.09;NA;NA;8.91;NA;NA;NA;
11;5;7.32;14.23;2.94;NA;5.51;0.37;NA;NA;11.04;NA;NA;NA;
11;6;18.27;26.1;8.75;NA;23.09;8.83;NA;NA;14.18;NA;NA;NA;
11;7;12.45;27.29;1.38;NA;16.49;6.88;NA;NA;3.83;NA;NA;NA;
11;8;16.06;9.96;10.9;NA;13.92;7.06;NA;NA;11.54;NA;NA;NA;
11;9;17.03;9.5;5.56;NA;9.52;5.64;NA;NA;20.09;NA;NA;NA;
11;10;16.47;2.14;11.02;NA;5.25;11.28;NA;NA;1.71;NA;NA;NA;
11;11;10.07;1.31;6.22;NA;6.31;8.85;NA;NA;0.25;NA;NA;NA;
11;12;10.62;7.25;8.7;NA;12.74;15.03;NA;NA;7.36;NA;NA;NA;
11;13;13.14;7.89;10.48;NA;6.73;8.95;NA;NA;4.97;NA;NA;NA;
11;14;9.69;1.75;4.38;NA;13.92;0.41;NA;NA;1.51;NA;NA;NA;
11;15;8.8;1.59;5.49;NA;12.38;10.44;NA;NA;5.27;NA;NA;NA;
11;16;13.93;14.79;16.23;NA;6.07;8.6;NA;NA;3.35;NA;NA;NA;
11;17;29.07;10.35;7.91;NA;1.1;8.77;NA;NA;7.53;NA;NA;NA;
11;18;12.79;17.31;8.57;NA;4.09;8.19;NA;NA;17.26;NA;NA;NA;
11;19;12.94;11.78;14.11;NA;4.98;8.56;NA;NA;3.33;NA;NA;NA;
11;20;15.29;8.41;9.21;NA;2.93;4.89;NA;NA;5.54;NA;NA;NA;
11;21;8.37;8.7;9.5;NA;4.02;4.74;NA;NA;3.93;NA;NA;NA;
11;22;6.71;12.57;6.92;NA;8.93;9.65;NA;NA;19.71;NA;NA;NA;
11;23;6.43;8.86;2.04;NA;13.74;8.5;NA;NA;8.17;NA;NA;NA;
12;0;3.56;4.78;ND;NA;10.59;1.95;NA;NA;18.36;NA;NA;NA;
12;1;5.89;4.7;0;NA;14.23;7.66;NA;NA;5.45;NA;NA;NA;
12;2;5.88;2.64;0;NA;10.27;2.52;NA;NA;12.69;NA;NA;NA;
12;3;5.59;9.75;0;NA;3.37;6.89;NA;NA;14.99;NA;NA;NA;
12;4;7.74;10.77;0;NA;4.16;5.06;NA;NA;12.9;NA;NA;NA;
12;5;9.09;13.07;0;NA;10.63;6.45;NA;NA;7.9;NA;NA;NA;
12;6;1.26;15.74;0;NA;13.14;5.78;NA;NA;13.92;NA;NA;NA;
12;7;6.78;5.95;0;NA;9.6;1.54;NA;NA;6.97;NA;NA;NA;
12;8;14.78;4.21;0;NA;10.24;5.95;NA;NA;11.5;NA;NA;NA;
12;9;5.35;3.85;0;NA;17.51;8.5;NA;NA;7.2;NA;NA;NA;
12;10;13.39;0.06;0;NA;0.24;10.06;NA;NA;0.03;NA;NA;NA;
12;11;5.59;7.16;0;NA;4.81;5.82;NA;NA;5.09;NA;NA;NA;
12;12;11.33;4.19;0;NA;6.46;8.01;NA;NA;2.49;NA;NA;NA;
12;13;8.66;3.2;0;NA;9.39;3.71;NA;NA;1.2;NA;NA;NA;
12;14;11.52;7.9;0;NA;9.49;5.39;NA;NA;1.04;NA;NA;NA;
12;15;11.05;6.77;0;NA;2.52;14.54;NA;NA;15.55;NA;NA;NA;
12;16;19.16;11.08;0;NA;8.19;10.98;NA;NA;0.7;NA;NA;NA;
12;17;28.08;5.94;0;NA;7.39;7.23;NA;NA;10.85;NA;NA;NA;
12;18;23.97;13.33;0;NA;9.65;7.06;NA;NA;12.31;NA;NA;NA;
12;19;11.85;13.7;0;NA;11.99;6.6;NA;NA;1.47;NA;NA;NA;
12;20;4.7;12.16;0;NA;9.01;4.97;NA;NA;4.36;NA;NA;NA;
12;21;11.81;13.21;0;NA;5.27;3.76;NA;NA;9.3;NA;NA;NA;
12;22;1.88;22.94;0;NA;2.57;8.07;NA;NA;7.47;NA;NA;NA;
12;23;7.1;10.07;ND;NA;2.84;4.63;NA;NA;3.54;NA;NA;NA;
13;0;0.51;9.72;ND;NA;7.15;9.38;NA;NA;17.87;NA;NA;NA;
13;1;4.4;4.16;14.52;NA;4.17;2.96;NA;NA;14.47;NA;NA;NA;
13;2;3.59;5.19;6.88;NA;6.41;3.41;NA;NA;8.36;NA;NA;NA;
13;3;5.04;1.42;3.48;NA;5.42;1.11;NA;NA;12.93;NA;NA;NA;
13;4;0.61;1.25;3.69;NA;2.54;6.27;NA;NA;1.87;NA;NA;NA;
13;5;3.98;1.98;2.06;NA;11.9;0.98;NA;NA;0.95;NA;NA;NA;
13;6;4.92;5.26;1.36;NA;12.53;5.15;NA;NA;9.22;NA;NA;NA;
13;7;0.44;1.54;1.55;NA;18.42;11.48;NA;NA;6.99;NA;NA;NA;
13;8;1.84;1.33;3.79;NA;6.64;3.17;NA;NA;4.45;NA;NA;NA;
13;9;3.83;8.03;0.12;NA;12.4;0.63;NA;NA;11.41;NA;NA;NA;
13;10;8.68;2.08;5.46;NA;3.31;0.43;NA;NA;2.98;NA;NA;NA;
13;11;16.6;4.92;2.15;NA;0.92;8.69;NA;NA;6.21;NA;NA;NA;
13;12;30.16;9.49;4.35;NA;7.38;6.11;NA;NA;1.5;NA;NA;NA;
13;13;4.74;5.55;0.73;NA;3.38;10.76;NA;NA;6.43;NA;NA;NA;
13;14;6.54;3.12;4.5;NA;10.44;18.65;NA;NA;5.09;NA;NA;NA;
13;15;2.84;0.45;1.47;NA;1.13;8.36;NA;NA;1.09;NA;NA;NA;
13;16;7.8;6.02;8.86;NA;4.82;6.98;NA;NA;5.6;NA;NA;NA;
13;17;5.05;17.58;4.17;NA;2.21;2.59;NA;NA;0.16;NA;NA;NA;
13;18;10.18;15.5;6.91;NA;7.64;9.13;NA;NA;10.77;NA;NA;NA;
13;19;6.28;10.03;3.73;NA;12.43;6.78;NA;NA;3.39;NA;NA;NA;
13;20;3.03;7.65;5.13;NA;4.59;5.55;NA;NA;2.34;NA;NA;NA;
13;21;7.33;10.65;2.84;NA;11.6;5.44;NA;NA;4.1;NA;NA;NA;
13;22;2.98;6.51;7.59;NA;10.84;6.7;NA;NA;22.3;NA;NA;NA;
13;23;6.89;4.5;1.61;NA;5.35;4.11;NA;NA;4.73;NA;NA;NA;
14;0;ND;5.07;2.38;NA;12.73;1.84;NA;NA;6.73;NA;NA;NA;
14;1;ND;7.43;5.24;NA;4.83;6.53;NA;NA;5.92;NA;NA;NA;
14;2;ND;2.79;1.48;NA;4.07;3.83;NA;NA;2.49;NA;NA;NA;
14;3;ND;4.77;0.53;NA;1.98;4.99;NA;NA;8.72;NA;NA;NA;
14;4;ND;7.07;4.57;NA;3.4;0.99;NA;NA;4.14;NA;NA;NA;
14;5;ND;12.22;0.62;NA;11;6.46;NA;NA;0.43;NA;NA;NA;
14;6;ND;15.83;7.1;NA;20.53;8.28;NA;NA;11.45;NA;NA;NA;
14;7;ND;17.7;8.97;NA;23.8;4.6;NA;NA;23.99;NA;NA;NA;
14;8;ND;3.3;14.89;NA;24.2;8.94;NA;NA;17.85;NA;NA;NA;
14;9;ND;3.29;10.42;NA;5.99;8.48;NA;NA;26.88;NA;NA;NA;
14;10;ND;ND;5.43;NA;8.48;9.21;NA;NA;11.04;NA;NA;NA;
14;11;30.85;3.24;7.23;NA;17.6;6.73;NA;NA;3.91;NA;NA;NA;
14;12;38.36;3.25;1.86;NA;3.94;0.94;NA;NA;4.96;NA;NA;NA;
14;13;32.14;2.2;2.98;NA;4.39;5.58;NA;NA;4.19;NA;NA;NA;
14;14;7.5;1.44;7.01;NA;10.3;2;NA;NA;2.19;NA;NA;NA;
14;15;4.46;8.24;3.84;NA;10.3;8.18;NA;NA;7.71;NA;NA;NA;
14;16;7.09;4.73;10.62;NA;5.96;9.11;NA;NA;0.83;NA;NA;NA;
14;17;16.82;22.88;11.98;NA;8.6;10.54;NA;NA;12.1;NA;NA;NA;
14;18;10.53;11.8;8.33;NA;14.53;8.23;NA;NA;12.61;NA;NA;NA;
14;19;10.26;12.92;6.13;NA;6.43;8.06;NA;NA;1.6;NA;NA;NA;
14;20;15.18;10.23;4.41;NA;9.01;8.31;NA;NA;6.52;NA;NA;NA;
14;21;10.15;14.36;5.77;NA;7.39;11.74;NA;NA;21.03;NA;NA;NA;
14;22;19.47;12.6;6.48;NA;17.26;6.12;NA;NA;15.19;NA;NA;NA;
14;23;12.21;9.2;2.98;NA;6.97;6.19;NA;NA;12.01;NA;NA;NA;
15;0;16.21;8.93;3.71;NA;10.97;8.22;NA;NA;11.87;NA;NA;NA;
15;1;11.81;3.96;7.04;NA;8.8;7.83;NA;NA;12.54;NA;NA;NA;
15;2;9.31;3.13;6.95;NA;4.51;6.58;NA;NA;5.71;NA;NA;NA;
15;3;6.69;9.98;6.76;NA;0.11;5.02;NA;NA;6.93;NA;NA;NA;
15;4;12.16;12.03;4.02;NA;6.84;3.3;NA;NA;11.01;NA;NA;NA;
15;5;12.46;16.14;2.89;NA;5.9;3.48;NA;NA;8.1;NA;NA;NA;
15;6;15.89;15.22;4.11;NA;24.64;5.25;NA;NA;20.13;NA;NA;NA;
15;7;18.68;7.48;5.32;NA;35.98;6.93;NA;NA;16.49;NA;NA;NA;
15;8;10.96;3.12;2.35;NA;13.54;11;NA;NA;24.91;NA;NA;NA;
15;9;9.96;1.91;7.41;NA;9.86;8.31;NA;NA;15.05;NA;NA;NA;
15;10;13.18;2.62;1.57;NA;10.36;11.09;NA;NA;6.17;NA;NA;NA;
15;11;9.59;7.63;4.82;NA;4.83;5.54;NA;NA;3.94;NA;NA;NA;
15;12;2.11;2.95;3.16;NA;9.23;8.71;NA;NA;9.46;NA;NA;NA;
15;13;8.84;7.69;8.04;NA;10.42;5.81;NA;NA;6.82;NA;NA;NA;
15;14;5.19;2.96;9.18;NA;9.78;9.78;NA;NA;1.76;NA;NA;NA;
15;15;14.36;10.2;7.94;NA;4.84;3;NA;NA;0.73;NA;NA;NA;
15;16;13.53;5.41;10.12;NA;14.48;8.52;NA;NA;2.95;NA;NA;NA;
15;17;14.82;11.53;10.74;NA;6.48;6.9;NA;NA;7.15;NA;NA;NA;
15;18;5.95;19.56;7.22;NA;15.34;6.54;NA;NA;14.9;NA;NA;NA;
15;19;15.06;13.15;6.97;NA;6.94;6.25;NA;NA;0.97;NA;NA;NA;
15;20;11.54;8;9.66;NA;10.03;9.58;NA;NA;7.27;NA;NA;NA;
15;21;7.51;7.53;6.7;NA;15.03;10.82;NA;NA;9.5;NA;NA;NA;
15;22;7.46;6.44;8.64;NA;17.67;8.73;NA;NA;17.74;NA;NA;NA;
15;23;7.38;8.57;0.77;NA;11.17;3.96;NA;NA;4.6;NA;NA;NA;
16;0;4.84;5.08;10.81;NA;20.04;15.12;NA;NA;14.17;NA;NA;NA;
16;1;10.94;6.29;2.66;NA;9.7;9.88;NA;NA;5.11;NA;NA;NA;
16;2;3.53;3.06;2.22;NA;8.1;5.05;NA;NA;12.37;NA;NA;NA;
16;3;7.53;3.05;5.5;NA;10.47;3.75;NA;NA;12.02;NA;NA;NA;
16;4;6.04;4.37;5.58;NA;6.6;7.29;NA;NA;5.39;NA;NA;NA;
16;5;13.69;7.26;2.02;NA;5.25;2.39;NA;NA;15.6;NA;NA;NA;
16;6;13.16;8.38;6.58;NA;37.35;6.13;NA;NA;18.48;NA;NA;NA;
16;7;15.26;6.54;1.06;NA;69.35;18.74;NA;NA;24.51;NA;NA;NA;
16;8;13.93;2.24;11.67;NA;39.33;18.46;NA;NA;24.86;NA;NA;NA;
16;9;11.53;0;1.61;NA;23.09;10.66;NA;NA;21.02;NA;NA;NA;
16;10;10.6;0.48;6.28;NA;8.85;1.76;NA;NA;7.36;NA;NA;NA;
16;11;10.99;2.76;5.76;NA;6.17;5.92;NA;NA;14.64;NA;NA;NA;
16;12;4.56;11.47;7.1;NA;7.11;4.83;NA;NA;1.78;NA;NA;NA;
16;13;7.5;3.18;1.58;NA;10.34;6.56;NA;NA;2.32;NA;NA;NA;
16;14;3.83;6.33;9.77;NA;3.05;6.2;NA;NA;0.6;NA;NA;NA;
16;15;4.58;12.92;5.62;NA;6.69;11.36;NA;NA;7.92;NA;NA;NA;
16;16;9.49;9.97;7.86;NA;9.63;9.95;NA;NA;3.39;NA;NA;NA;
16;17;34.3;17.56;10.74;NA;9.66;10.88;NA;NA;7.49;NA;NA;NA;
16;18;15.1;15.21;12.62;NA;17.95;8.78;NA;NA;10.08;NA;NA;NA;
16;19;22.76;15.82;15.19;NA;9.61;4.48;NA;NA;5.39;NA;NA;NA;
16;20;5.78;13.14;24.7;NA;4;8.66;NA;NA;10.88;NA;NA;NA;
16;21;10.82;8.44;8.88;NA;10.12;10.37;NA;NA;22.81;NA;NA;NA;
16;22;8.46;7.59;2.03;NA;20.46;9.41;NA;NA;22.13;NA;NA;NA;
16;23;19.51;3.9;0;NA;25.07;5.74;NA;NA;10.39;NA;NA;NA;
17;0;19.39;4.91;13.82;NA;24.37;14.15;NA;NA;21.29;NA;NA;NA;
17;1;15.23;7.24;4.67;NA;16.37;12.45;NA;NA;6.59;NA;NA;NA;
17;2;11.4;9.08;3.92;NA;13.4;3.75;NA;NA;5.81;NA;NA;NA;
17;3;8.61;4.39;2.76;NA;10.66;7.42;NA;NA;8.15;NA;NA;NA;
17;4;3.44;10.17;5.48;NA;17.55;15.8;NA;NA;20.5;NA;NA;NA;
17;5;8.38;6.92;2.42;NA;25.1;16.25;NA;NA;6.54;NA;NA;NA;
17;6;21.83;7.34;10.3;NA;26.07;13.48;NA;NA;17.35;NA;NA;NA;
17;7;19.86;1.02;11.82;NA;33.72;13.81;NA;NA;11.46;NA;NA;NA;
17;8;14.45;2;15.04;NA;19.06;8.48;NA;NA;34.04;NA;NA;NA;
17;9;17.29;1.42;1.99;NA;4.53;5.06;NA;NA;24.8;NA;NA;NA;
17;10;16.32;4.24;3.73;NA;17.09;5.91;NA;NA;0.47;NA;NA;NA;
17;11;9.54;10.92;4.49;NA;9.73;8.12;NA;NA;9.25;NA;NA;NA;
17;12;17.33;3.26;6.55;NA;4.08;3.82;NA;NA;4.85;NA;NA;NA;
17;13;9.02;2.13;3.25;NA;1.52;10.19;NA;NA;8.82;NA;NA;NA;
17;14;18.95;8.79;5.61;NA;9.66;8.09;NA;NA;6.38;NA;NA;NA;
17;15;10.92;5.38;8.73;NA;7.25;8.64;NA;NA;3.06;NA;NA;NA;
17;16;10.49;8.73;7.06;NA;2.91;5.21;NA;NA;3.57;NA;NA;NA;
17;17;6.66;12.28;12.23;NA;5.19;7.52;NA;NA;5.6;NA;NA;NA;
17;18;12.81;15.86;10.54;NA;11.03;8.77;NA;NA;12.87;NA;NA;NA;
17;19;3.98;11.6;7.49;NA;12.45;6.24;NA;NA;0.04;NA;NA;NA;
17;20;15.68;11.62;12.78;NA;4.14;15.11;NA;NA;13.16;NA;NA;NA;
17;21;4.52;10.25;3.77;NA;14.96;12.06;NA;NA;5.48;NA;NA;NA;
17;22;4.77;7.8;8.18;NA;11.01;8.37;NA;NA;9.64;NA;NA;NA;
17;23;4.67;9.94;5.69;NA;4.42;7.39;NA;NA;8.48;NA;NA;NA;
18;0;2.94;7.6;2.94;NA;18.09;0.37;NA;NA;32.27;NA;NA;NA;
18;1;3.26;4.21;8.56;NA;13.03;4.33;NA;NA;12.39;NA;NA;NA;
18;2;0.57;9.7;6.97;NA;6.61;6.13;NA;NA;15.83;NA;NA;NA;
18;3;3.29;6.16;1.95;NA;8.72;4.89;NA;NA;59.53;NA;NA;NA;
18;4;4.35;6.52;5.33;NA;10.01;4.23;NA;NA;22.53;NA;NA;NA;
18;5;2.15;9.4;2.96;NA;15.48;6.76;NA;NA;14.47;NA;NA;NA;
18;6;7.05;19.84;3.14;NA;22;6.36;NA;NA;41.09;NA;NA;NA;
18;7;2.33;2.87;3.31;NA;21.63;3.87;NA;NA;34.44;NA;NA;NA;
18;8;10.6;4.77;3.97;NA;8.59;10.58;NA;NA;22.25;NA;NA;NA;
18;9;10.28;4.42;6.89;NA;6.11;5.44;NA;NA;19.1;NA;NA;NA;
18;10;10.01;1.85;1.9;NA;9.79;4.32;NA;NA;7.67;NA;NA;NA;
18;11;11.47;1.83;10.63;NA;3.02;9.94;NA;NA;6.5;NA;NA;NA;
18;12;16.1;6.81;3.86;NA;12.8;11.81;NA;NA;6.12;NA;NA;NA;
18;13;5.65;4.31;6.4;NA;3.67;12.25;NA;NA;4.62;NA;NA;NA;
18;14;14.77;1.83;7.93;NA;3.75;10.72;NA;NA;5.22;NA;NA;NA;
18;15;11.62;3.95;7.9;NA;4.21;6.5;NA;NA;0.26;NA;NA;NA;
18;16;16.74;9.09;9.76;NA;3.38;13.54;NA;NA;6.16;NA;NA;NA;
18;17;10.06;15.37;18.41;NA;11.39;3.74;NA;NA;4.59;NA;NA;NA;
18;18;11.62;15.27;6.36;NA;13.69;11.26;NA;NA;20.27;NA;NA;NA;
18;19;8.69;16.79;8.6;NA;6.1;12.2;NA;NA;7.39;NA;NA;NA;
18;20;13.42;10.96;13.68;NA;17.54;14.82;NA;NA;2.05;NA;NA;NA;
18;21;8.95;10.16;8.23;NA;13.25;15.47;NA;NA;5.88;NA;NA;NA;
18;22;3.64;6.9;7.8;NA;4.87;8.1;NA;NA;3.34;NA;NA;NA;
18;23;4.15;5.73;6.77;NA;5.59;3.15;NA;NA;10.82;NA;NA;NA;
19;0;1.58;6.95;2.06;NA;10.36;5.52;NA;NA;12.5;NA;NA;NA;
19;1;5.37;6.91;3.68;NA;11.62;8.01;NA;NA;8.22;NA;NA;NA;
19;2;3.77;5.06;5.75;NA;3.78;4.96;NA;NA;1.33;NA;NA;NA;
19;3;3.2;1.11;5.33;NA;1.48;3.28;NA;NA;3.86;NA;NA;NA;
19;4;5.67;7.67;3.12;NA;4.88;3;NA;NA;11.48;NA;NA;NA;
19;5;3.33;3.14;4.68;NA;3.8;3.72;NA;NA;3.7;NA;NA;NA;
19;6;1.06;6.76;1.62;NA;8.21;15.08;NA;NA;8.79;NA;NA;NA;
19;7;1.19;1.07;4.67;NA;5.71;6.39;NA;NA;4.83;NA;NA;NA;
19;8;6.9;3.72;17.7;NA;8.01;2.53;NA;NA;10.07;NA;NA;NA;
19;9;5.85;5.6;8.08;NA;6.25;8.37;NA;NA;14.11;NA;NA;NA;
19;10;10.92;3.52;0.57;NA;15.21;5.12;NA;NA;0.2;NA;NA;NA;
19;11;3.59;0.76;7.29;NA;2.61;10.41;NA;NA;14.29;NA;NA;NA;
19;12;11.65;5.99;1.8;NA;10.78;17.83;NA;NA;3.69;NA;NA;NA;
19;13;5.86;1.41;6.64;NA;8.33;6.83;NA;NA;2.83;NA;NA;NA;
19;14;8.76;1.45;4.51;NA;9.46;7.91;NA;NA;1.89;NA;NA;NA;
19;15;3.83;6.82;5.38;NA;10.55;6.37;NA;NA;0;NA;NA;NA;
19;16;12.46;11.46;3.81;NA;8.88;7.55;NA;NA;1.65;NA;NA;NA;
19;17;13.04;5.7;10;NA;9.65;11.21;NA;NA;8.08;NA;NA;NA;
19;18;9.7;21.08;5.66;NA;6.01;6.06;NA;NA;4.22;NA;NA;NA;
19;19;3.53;12.12;7.39;NA;12.26;6.52;NA;NA;3.03;NA;NA;NA;
19;20;10.17;10.49;10.27;NA;11.98;7.55;NA;NA;12.73;NA;NA;NA;
19;21;6.18;6.14;7.25;NA;6.95;12.73;NA;NA;6.62;NA;NA;NA;
19;22;5.48;8.34;7.18;NA;8.32;6.03;NA;NA;7.79;NA;NA;NA;
19;23;8.51;7.06;4.8;NA;9.96;5.14;NA;NA;14.14;NA;NA;NA;
20;0;11.09;5.02;1.23;NA;6.78;12.18;NA;NA;13.93;NA;NA;NA;
20;1;7.05;7.23;1.52;NA;10.87;6.81;NA;NA;13.22;NA;NA;NA;
20;2;5.28;5.9;6.4;NA;4.01;4.84;NA;NA;11.91;NA;NA;NA;
20;3;7.89;7.65;1.55;NA;6.44;3.26;NA;NA;6.94;NA;NA;NA;
20;4;7.69;17.14;2.32;NA;3.7;6.46;NA;NA;6.61;NA;NA;NA;
20;5;4.25;10.64;4.45;NA;5.88;4.35;NA;NA;6.74;NA;NA;NA;
20;6;12.28;17.19;2.81;NA;12.18;4.86;NA;NA;3.95;NA;NA;NA;
20;7;4.49;6.36;0.01;NA;7.9;1.48;NA;NA;7.95;NA;NA;NA;
20;8;7.78;4.83;8.95;NA;3.25;9.42;NA;NA;10.77;NA;NA;NA;
20;9;8.46;2.81;0.52;NA;10.41;0.44;NA;NA;15.67;NA;NA;NA;
20;10;8.77;0.52;3.69;NA;11.65;11.16;NA;NA;2.64;NA;NA;NA;
20;11;9.88;2.27;2.98;NA;3.44;4.21;NA;NA;4.57;NA;NA;NA;
20;12;2.88;5.56;5.08;NA;2.44;6.88;NA;NA;6.61;NA;NA;NA;
20;13;6.95;2.32;5.8;NA;8.06;7.95;NA;NA;5.59;NA;NA;NA;
20;14;5.48;13.67;5.96;NA;5.01;6.79;NA;NA;8.17;NA;NA;NA;
20;15;9.29;13.38;7.31;NA;6.72;2.86;NA;NA;2.65;NA;NA;NA;
20;16;10.45;7.75;4.08;NA;1.27;7.03;NA;NA;0.84;NA;NA;NA;
20;17;8.88;20.76;17.92;NA;9.43;7.83;NA;NA;2.71;NA;NA;NA;
20;18;12.84;15.6;8.35;NA;18.39;8.99;NA;NA;17.6;NA;NA;NA;
20;19;13.8;10.45;12.84;NA;10.88;6.47;NA;NA;8.77;NA;NA;NA;
20;20;13.16;13.38;10.18;NA;6.57;7.16;NA;NA;9.77;NA;NA;NA;
20;21;11.74;11.19;9.72;NA;8.36;11.36;NA;NA;11.82;NA;NA;NA;
20;22;6.89;12.7;6.32;NA;2.57;4.5;NA;NA;15.9;NA;NA;NA;
20;23;14.26;9.99;3.05;NA;12.76;1.87;NA;NA;22.57;NA;NA;NA;
21;0;19.49;5.88;12.1;NA;14.87;6.12;NA;NA;21.39;NA;NA;NA;
21;1;17.37;5.54;3.77;NA;3.76;6.64;NA;NA;18.72;NA;NA;NA;
21;2;7.96;0.96;4.4;NA;11.36;2.7;NA;NA;9.23;NA;NA;NA;
21;3;9.08;7.62;2.8;NA;5.7;5.33;NA;NA;20.97;NA;NA;NA;
21;4;18.45;8.19;4.9;NA;11.73;3.62;NA;NA;14.85;NA;NA;NA;
21;5;13.97;13.85;7.11;NA;6.43;5.03;NA;NA;6.2;NA;NA;NA;
21;6;19.46;21.84;3.21;NA;32.89;8.65;NA;NA;14.81;NA;NA;NA;
21;7;18.02;21.07;17.3;NA;12.01;9.39;NA;NA;2.07;NA;NA;NA;
21;8;24.64;2.72;19.23;NA;30.35;8.11;NA;NA;5.32;NA;NA;NA;
21;9;15.38;4.16;4.91;NA;12.51;11.04;NA;NA;41.21;NA;NA;NA;
21;10;5.65;0.44;0.64;NA;6.45;11.39;NA;NA;5.16;NA;NA;NA;
21;11;2.44;1.31;8.24;NA;7.53;7.59;NA;NA;4.24;NA;NA;NA;
21;12;37.36;4.01;9.08;NA;2.73;5.15;NA;NA;12.35;NA;NA;NA;
21;13;25.44;3.44;13.05;NA;2.73;7.1;NA;NA;8.97;NA;NA;NA;
21;14;57.08;9.38;7.15;NA;3.57;11.98;NA;NA;3.4;NA;NA;NA;
21;15;25.01;9.41;4.31;NA;14.85;6.99;NA;NA;7.53;NA;NA;NA;
21;16;20.08;14.61;10.64;NA;15.2;11.87;NA;NA;0.45;NA;NA;NA;
21;17;54.88;17.38;19.77;NA;3.88;6.39;NA;NA;7.32;NA;NA;NA;
21;18;14.74;19.51;14.73;NA;11.53;10.04;NA;NA;4.99;NA;NA;NA;
21;19;12.42;17.11;15.04;NA;9.85;13.7;NA;NA;8.83;NA;NA;NA;
21;20;26.43;15.19;11.96;NA;22.66;9.54;NA;NA;12.39;NA;NA;NA;
21;21;13.44;8.1;5.27;NA;15.34;6.32;NA;NA;14.24;NA;NA;NA;
21;22;25.11;9.06;7.6;NA;13.77;11.59;NA;NA;9.79;NA;NA;NA;
21;23;9.08;5.15;9.15;NA;5.82;10.45;NA;NA;15.62;NA;NA;NA;
22;0;12.87;5.48;13.13;NA;14.9;7;NA;NA;13.1;NA;NA;NA;
22;1;13.7;10.88;6.34;NA;12.07;10.85;NA;NA;16.47;NA;NA;NA;
22;2;7.95;8.1;7.95;NA;5.22;7.49;NA;NA;12.53;NA;NA;NA;
22;3;10.61;10.06;4.9;NA;5.95;2.89;NA;NA;13.78;NA;NA;NA;
22;4;7.17;8.13;3.8;NA;0;3.92;NA;NA;10.35;NA;NA;NA;
22;5;19.18;7.33;1.15;NA;3.69;4.58;NA;NA;9.3;NA;NA;NA;
22;6;18.85;16.74;5.88;NA;23.99;5.42;NA;NA;14.07;NA;NA;NA;
22;7;13.75;2.03;1.94;NA;16.37;3.45;NA;NA;18.09;NA;NA;NA;
22;8;10.16;5.22;9.47;NA;28.26;8.9;NA;NA;1.88;NA;NA;NA;
22;9;4.44;3.55;4.88;NA;8.55;6.71;NA;NA;8.71;NA;NA;NA;
22;10;16.78;1.09;0.78;NA;3.99;9.8;NA;NA;2.02;NA;NA;NA;
22;11;4.57;2.07;7.43;NA;12.76;5.63;NA;NA;8.42;NA;NA;NA;
22;12;5.78;2.89;10.64;NA;9.66;10.16;NA;NA;4.27;NA;NA;NA;
22;13;7.24;0.96;3.49;NA;12.01;8.32;NA;NA;1.59;NA;NA;NA;
22;14;11.18;2.52;13.43;NA;5.53;8.57;NA;NA;6.57;NA;NA;NA;
22;15;10.69;10.3;7.99;NA;5.4;12.92;NA;NA;3.93;NA;NA;NA;
22;16;13.26;9.89;12.9;NA;12.89;8.8;NA;NA;6.85;NA;NA;NA;
22;17;10.33;19.29;14.89;NA;15.91;14.15;NA;NA;5.51;NA;NA;NA;
22;18;7.6;21.16;8.13;NA;11.82;7.32;NA;NA;12.4;NA;NA;NA;
22;19;13.71;29.11;9.43;NA;10.33;5.49;NA;NA;13.59;NA;NA;NA;
22;20;14.1;26.69;5.77;NA;13.12;9.94;NA;NA;2.58;NA;NA;NA;
22;21;11.38;12.85;12.99;NA;13.14;9.12;NA;NA;18.54;NA;NA;NA;
22;22;9.58;8.73;8.03;NA;16.65;7.28;NA;NA;14.32;NA;NA;NA;
22;23;10.91;8.18;1.71;NA;10.72;8.5;NA;NA;24.06;NA;NA;NA;
23;0;17.7;6.73;3.59;NA;13.92;0.53;NA;NA;31.56;NA;NA;NA;
23;1;8.63;4.6;6.33;NA;10.28;8;NA;NA;22.81;NA;NA;NA;
23;2;6.39;7.44;4.56;NA;5.7;3.01;NA;NA;16.34;NA;NA;NA;
23;3;5.54;8.73;2.73;NA;3.43;5.9;NA;NA;8.21;NA;NA;NA;
23;4;10.7;8.28;5.88;NA;7.21;6.74;NA;NA;12.63;NA;NA;NA;
23;5;8.55;9.4;2.39;NA;6.18;6.97;NA;NA;21.02;NA;NA;NA;
23;6;5.38;12.79;2.78;NA;18.51;5.25;NA;NA;13.7;NA;NA;NA;
23;7;5.9;15.01;2.42;NA;10.97;6.52;NA;NA;22.03;NA;NA;NA;
23;8;10.97;4.06;7.98;NA;7.09;13.52;NA;NA;21.73;NA;NA;NA;
23;9;10.75;3.55;5.15;NA;17.36;10.54;NA;NA;12.41;NA;NA;NA;
23;10;6.57;1.2;5.99;NA;5.58;9.08;NA;NA;1.44;NA;NA;NA;
23;11;9.86;1.96;5.84;NA;7.69;5.38;NA;NA;3.74;NA;NA;NA;
23;12;8.78;3.69;8.55;NA;3.56;9.54;NA;NA;8.39;NA;NA;NA;
23;13;6.03;3.07;3.81;NA;8.51;8.65;NA;NA;4.23;NA;NA;NA;
23;14;5.13;1.07;4.55;NA;6.44;9.86;NA;NA;0.67;NA;NA;NA;
23;15;10.68;13.81;8.94;NA;7.48;13.48;NA;NA;7.3;NA;NA;NA;
23;16;14.65;7.65;9.11;NA;16.33;15.68;NA;NA;7.34;NA;NA;NA;
23;17;14.99;18.06;13.83;NA;11.22;10.15;NA;NA;14.08;NA;NA;NA;
23;18;13.75;21.38;13.25;NA;13.14;11.89;NA;NA;11.19;NA;NA;NA;
23;19;8.86;18.4;16.74;NA;10.48;5.29;NA;NA;12.1;NA;NA;NA;
23;20;15.17;8.93;10.88;NA;13.52;10.13;NA;NA;16.9;NA;NA;NA;
23;21;11.87;6.28;13.08;NA;21.81;12.35;NA;NA;5.24;NA;NA;NA;
23;22;8.08;7.9;8.01;NA;14.89;8.26;NA;NA;33.83;NA;NA;NA;
23;23;8.99;4.45;7.79;NA;9.33;7.27;NA;NA;21.45;NA;NA;NA;
24;0;11.07;7.77;10.17;NA;11.73;1.87;NA;NA;21.23;NA;NA;NA;
24;1;11.68;5.31;5.89;NA;10.85;7.13;NA;NA;11.89;NA;NA;NA;
24;2;5.3;3.73;5.71;NA;8.28;5.03;NA;NA;15.68;NA;NA;NA;
24;3;8.91;7.22;6.34;NA;9.71;10.92;NA;NA;18.72;NA;NA;NA;
24;4;8.36;10.03;6.59;NA;3.17;2.86;NA;NA;8.69;NA;NA;NA;
24;5;1.69;16.34;1.59;NA;5.22;6.3;NA;NA;16.49;NA;NA;NA;
24;6;13.47;19.59;5.54;NA;26.1;7.88;NA;NA;14.47;NA;NA;NA;
24;7;5.21;28.51;1.12;NA;11.39;6.16;NA;NA;18.37;NA;NA;NA;
24;8;8.34;5.75;6.83;NA;9.7;7.9;NA;NA;21.33;NA;NA;NA;
24;9;11.66;7.84;5.67;NA;4.42;17.98;NA;NA;13.1;NA;NA;NA;
24;10;8.43;5.57;6.33;NA;8.39;5.87;NA;NA;15.18;NA;NA;NA;
24;11;9.07;1.85;4.9;NA;4.5;4.46;NA;NA;5.51;NA;NA;NA;
24;12;7.03;6.67;3.96;NA;11.45;12.8;NA;NA;1.52;NA;NA;NA;
24;13;6.92;8.49;6.31;NA;7.87;4.48;NA;NA;3.68;NA;NA;NA;
24;14;10.92;7.18;5.39;NA;3.87;7.43;NA;NA;1.7;NA;NA;NA;
24;15;10.02;14.13;5.98;NA;2.81;10.3;NA;NA;2.39;NA;NA;NA;
24;16;4.21;15.57;11.56;NA;20.76;12.98;NA;NA;3.94;NA;NA;NA;
24;17;8.86;5.08;12.9;NA;10.21;7.58;NA;NA;5.71;NA;NA;NA;
24;18;17.86;17.42;12.07;NA;10.35;12.18;NA;NA;7.37;NA;NA;NA;
24;19;5.91;17.91;5.58;NA;12.31;2.66;NA;NA;4.2;NA;NA;NA;
24;20;9.55;12.95;13.09;NA;5.45;6.43;NA;NA;11.59;NA;NA;NA;
24;21;11.74;8.42;9.98;NA;9.49;7.89;NA;NA;12.78;NA;NA;NA;
24;22;4.8;5.09;6.7;NA;4.33;8.99;NA;NA;8.48;NA;NA;NA;
24;23;8.73;5.28;6.84;NA;3.4;3.75;NA;NA;21.69;NA;NA;NA;
25;0;2.09;6.16;11.07;NA;25.09;7.79;NA;NA;49.64;NA;NA;NA;
25;1;12.45;2.58;4.68;NA;7.81;6.04;NA;NA;28.25;NA;NA;NA;
25;2;4.9;3.44;5.45;NA;12.33;7.77;NA;NA;30.33;NA;NA;NA;
25;3;3.18;5.64;4.57;NA;6.47;9.67;NA;NA;12.95;NA;NA;NA;
25;4;5.43;4.26;1.24;NA;7.72;8.22;NA;NA;11.82;NA;NA;NA;
25;5;10.18;9.22;6.25;NA;19.84;7.52;NA;NA;14.1;NA;NA;NA;
25;6;12.48;8.86;10.08;NA;24.12;19.78;NA;NA;17.47;NA;NA;NA;
25;7;24.11;8.56;16.69;NA;42.29;20.91;NA;NA;23.48;NA;NA;NA;
25;8;13.91;5.03;9.09;NA;31.5;7.38;NA;NA;29.9;NA;NA;NA;
25;9;9.9;108.75;6.41;NA;13.78;3.04;NA;NA;16.05;NA;NA;NA;
25;10;14.05;83.11;0.8;NA;9.6;6.82;NA;NA;9.4;NA;NA;NA;
25;11;6.09;14.71;9.35;NA;7.28;8.9;NA;NA;3.09;NA;NA;NA;
25;12;6.15;35.74;6.24;NA;7.24;7.83;NA;NA;2.6;NA;NA;NA;
25;13;11.35;5.84;6.51;NA;8.79;3.21;NA;NA;10.02;NA;NA;NA;
25;14;3.81;17.66;2.48;NA;3.16;9.19;NA;NA;0.29;NA;NA;NA;
25;15;6.81;14.37;14.36;NA;13.38;7.56;NA;NA;1.3;NA;NA;NA;
25;16;16.09;11.44;11.86;NA;20.46;16.05;NA;NA;7.48;NA;NA;NA;
25;17;12.69;18.88;16.7;NA;14.17;9.5;NA;NA;21.97;NA;NA;NA;
25;18;10.87;135.77;9.6;NA;16.51;15.61;NA;NA;17.82;NA;NA;NA;
25;19;10.1;14.49;7.26;NA;8.08;14.42;NA;NA;19.08;NA;NA;NA;
25;20;14.25;9.17;15.74;NA;13.97;14.73;NA;NA;36.03;NA;NA;NA;
25;21;36.85;29.16;14.24;NA;20.92;34.54;NA;NA;10.92;NA;NA;NA;
25;22;26.47;18.97;9.45;NA;ND;25.48;NA;NA;14.4;NA;NA;NA;
25;23;59;22.56;10.37;NA;23.62;20.96;NA;NA;12.9;NA;NA;NA;
26;0;31.35;48.51;12.56;NA;28.13;25.98;NA;NA;3.12;NA;NA;NA;
26;1;23.51;8.88;15.78;NA;18.32;19.52;NA;NA;8.19;NA;NA;NA;
26;2;9.15;6.7;9.12;NA;23.08;10.94;NA;NA;19.2;NA;NA;NA;
26;3;20.52;10.13;14.56;NA;14.21;18.25;NA;NA;14.76;NA;NA;NA;
26;4;18.41;16.13;14.84;NA;18.3;12.65;NA;NA;4.15;NA;NA;NA;
26;5;15.32;19.36;12.83;NA;22.06;24.42;NA;NA;8.27;NA;NA;NA;
26;6;18.2;27.03;9.95;NA;25.61;25.54;NA;NA;24.77;NA;NA;NA;
26;7;12.61;57.71;13.92;NA;45.79;27.36;NA;NA;26.31;NA;NA;NA;
26;8;30.94;25.46;22.59;NA;51.01;29.07;NA;NA;26.93;NA;NA;NA;
26;9;19;77.45;22.68;NA;36.23;21.29;NA;NA;27.33;NA;NA;NA;
26;10;17.72;9.84;24.14;NA;21.15;15.16;NA;NA;15.34;NA;NA;NA;
26;11;23.24;6.35;16.2;NA;12.22;12.53;NA;NA;16.26;NA;NA;NA;
26;12;17.39;4.21;9.17;NA;12.82;9.19;NA;NA;4.44;NA;NA;NA;
26;13;8.25;10.01;8.28;NA;7.21;3.73;NA;NA;6.23;NA;NA;NA;
26;14;17.86;8.01;13.87;NA;8.79;17.25;NA;NA;7.32;NA;NA;NA;
26;15;17.88;13.69;15.64;NA;12.86;20.16;NA;NA;3.57;NA;NA;NA;
26;16;12.18;13.3;12.52;NA;22.84;13.34;NA;NA;4.3;NA;NA;NA;
26;17;5.67;18.23;15.68;NA;9.19;12.68;NA;NA;13;NA;NA;NA;
26;18;17.69;16.93;13.61;NA;17.45;20.68;NA;NA;17.78;NA;NA;NA;
26;19;15.09;30.25;11.31;NA;20.61;21.38;NA;NA;13.18;NA;NA;NA;
26;20;23.06;70.32;16.15;NA;28.22;16.73;NA;NA;18.39;NA;NA;NA;
26;21;15.7;14.23;17.42;NA;32.43;18.1;NA;NA;17.82;NA;NA;NA;
26;22;35.26;14.77;17.44;NA;29.68;26.77;NA;NA;25.41;NA;NA;NA;
26;23;28.85;18.27;16.3;NA;33.11;14.74;NA;NA;16.85;NA;NA;NA;
27;0;28.87;14.41;11.41;NA;30.27;6.03;NA;NA;31.38;NA;NA;NA;
27;1;29.12;16.15;13.03;NA;33.1;23.43;NA;NA;27.2;NA;NA;NA;
27;2;26.22;14.79;17.49;NA;29.97;16.78;NA;NA;26.84;NA;NA;NA;
27;3;22.41;16.75;10.31;NA;25.64;18.06;NA;NA;19.5;NA;NA;NA;
27;4;17.76;16.07;16;NA;19.79;14.03;NA;NA;17.57;NA;NA;NA;
27;5;19.91;13.86;8.5;NA;27.06;15.49;NA;NA;22.51;NA;NA;NA;
27;6;17.57;29.58;14.76;NA;21.02;18.1;NA;NA;23.67;NA;NA;NA;
27;7;22.39;19.59;9.65;NA;10.89;18.17;NA;NA;9.58;NA;NA;NA;
27;8;17.58;11.92;13.93;NA;12.49;11.7;NA;NA;29.59;NA;NA;NA;
27;9;16.98;5.43;2.72;NA;7.38;1.59;NA;NA;29.81;NA;NA;NA;
27;10;15.96;0.01;7.53;NA;8.17;7.03;NA;NA;20.3;NA;NA;NA;
27;11;14.01;4.53;3.38;NA;4.19;5.23;NA;NA;10.58;NA;NA;NA;
27;12;5.37;5.91;4.53;NA;3.98;5.02;NA;NA;5.08;NA;NA;NA;
27;13;12.53;1.72;3.01;NA;9.24;5.12;NA;NA;2.92;NA;NA;NA;
27;14;4.34;4.83;3.6;NA;2.09;35.55;NA;NA;0.86;NA;NA;NA;
27;15;5.87;7.08;1.99;NA;4.37;12.69;NA;NA;6.22;NA;NA;NA;
27;16;17.54;11.11;9.63;NA;7.78;7.54;NA;NA;7.57;NA;NA;NA;
27;17;6.13;19.15;11.02;NA;13.62;11.06;NA;NA;9.85;NA;NA;NA;
27;18;8.16;13.19;5.16;NA;4.23;5.73;NA;NA;4.97;NA;NA;NA;
27;19;9.55;15.55;6.31;NA;18.61;11.05;NA;NA;4.44;NA;NA;NA;
27;20;8.8;6.88;7.93;NA;11.68;16.98;NA;NA;4.26;NA;NA;NA;
27;21;2.63;7.37;9.29;NA;13.61;11.8;NA;NA;25.22;NA;NA;NA;
27;22;12.56;6.21;6.55;NA;5.62;11.56;NA;NA;23.51;NA;NA;NA;
27;23;3.09;4.16;2.91;NA;4.7;0.54;NA;NA;0.55;NA;NA;NA;
28;0;7.55;4.83;7.95;NA;2.65;19.38;NA;NA;12.21;NA;NA;NA;
28;1;12.66;4.81;7.86;NA;9.43;10.06;NA;NA;8.86;NA;NA;NA;
28;2;2.63;3.86;0.68;NA;1.54;2.86;NA;NA;6.4;NA;NA;NA;
28;3;8;5.65;1.98;NA;5.44;12.65;NA;NA;3.12;NA;NA;NA;
28;4;7.29;7.36;8.66;NA;4.39;6.6;NA;NA;8.69;NA;NA;NA;
28;5;14.71;16.45;4.11;NA;14.25;18.35;NA;NA;8.62;NA;NA;NA;
28;6;19.42;22.95;5.13;NA;31.97;18.98;NA;NA;15.83;NA;NA;NA;
28;7;25.88;27.74;11.84;NA;50.92;17.22;NA;NA;27.82;NA;NA;NA;
28;8;18.29;4.57;12.07;NA;45.28;22.42;NA;NA;31.59;NA;NA;NA;
28;9;11.06;2.14;7.16;NA;6.67;7.98;NA;NA;32.48;NA;NA;NA;
28;10;11.95;5.89;2.83;NA;10.57;9.75;NA;NA;10.95;NA;NA;NA;
28;11;ND;0.79;4.03;NA;5.88;5.31;NA;NA;0.03;NA;NA;NA;
28;12;8.98;ND;4.92;NA;1.15;3.15;NA;NA;7.95;NA;NA;NA;
28;13;13.48;ND;2.24;NA;8.7;5.8;NA;NA;4.57;NA;NA;NA;
28;14;7.95;ND;8.46;NA;6.27;7.63;NA;NA;0;NA;NA;NA;
28;15;8.67;15.43;11.55;NA;4.65;7.33;NA;NA;5.4;NA;NA;NA;
28;16;10.68;17.32;7.22;NA;6.57;7.52;NA;NA;12.41;NA;NA;NA;
28;17;14.29;11.87;13.15;NA;8.72;9.53;NA;NA;6.71;NA;NA;NA;
28;18;18.82;18.07;6.25;NA;5.91;3.61;NA;NA;11.47;NA;NA;NA;
28;19;3.75;132.91;10.17;NA;7.85;3.91;NA;NA;7.34;NA;NA;NA;
28;20;2.07;130.82;7.79;NA;6.08;7.7;NA;NA;5.86;NA;NA;NA;
28;21;6.06;114.84;3.94;NA;9.43;13.47;NA;NA;7.23;NA;NA;NA;
28;22;3.33;29.05;7.6;NA;12.91;13.05;NA;NA;32.29;NA;NA;NA;
28;23;4.34;20.14;5.02;NA;16.1;7.88;NA;NA;9.85;NA;NA;NA;
29;0;18.26;4.32;9.57;NA;20.01;12.34;NA;NA;12.93;NA;NA;NA;
29;1;16.72;4.63;5.34;NA;8.88;10.33;NA;NA;13.01;NA;NA;NA;
29;2;5.72;1.24;4.64;NA;8.89;3.48;NA;NA;5.46;NA;NA;NA;
29;3;7.18;6.5;1.88;NA;3.19;6.59;NA;NA;8.2;NA;NA;NA;
29;4;0.43;6.22;2.54;NA;5.13;6.39;NA;NA;8.33;NA;NA;NA;
29;5;4.65;8.23;0.93;NA;10.71;4.27;NA;NA;2.38;NA;NA;NA;
29;6;15.46;21.91;5.97;NA;21.78;3.63;NA;NA;13.95;NA;NA;NA;
29;7;7.03;20.23;0.98;NA;20.16;1.66;NA;NA;29.31;NA;NA;NA;
29;8;15.75;2.79;5.79;NA;13.21;10.18;NA;NA;14.56;NA;NA;NA;
29;9;7.58;20.82;12.67;NA;9.53;7.41;NA;NA;9.03;NA;NA;NA;
29;10;2.86;11.32;1.54;NA;2.07;6.85;NA;NA;6.84;NA;NA;NA;
29;11;14.61;8.18;6.64;NA;11.11;8.94;NA;NA;5.19;NA;NA;NA;
29;12;3.87;15.88;6.94;NA;11.55;13.23;NA;NA;6.72;NA;NA;NA;
29;13;18.03;9.53;1.63;NA;7.37;9.89;NA;NA;3.96;NA;NA;NA;
29;14;10.46;10.77;8.51;NA;4.59;7.5;NA;NA;1.77;NA;NA;NA;
29;15;26.71;9.12;ND;NA;8.06;10.62;NA;NA;0.16;NA;NA;NA;
29;16;26.88;23.15;10.15;NA;6.88;3.89;NA;NA;10;NA;NA;NA;
29;17;21.09;46.91;11.3;NA;13.22;7.06;NA;NA;14.33;NA;NA;NA;
29;18;17.97;19.15;16.3;NA;15.07;12.16;NA;NA;11.11;NA;NA;NA;
29;19;11.39;22.79;10.86;NA;6.8;5.21;NA;NA;5.04;NA;NA;NA;
29;20;15.46;16.01;8.42;NA;15.67;5.41;NA;NA;6.71;NA;NA;NA;
29;21;10.66;30.57;10.27;NA;3.89;7.68;NA;NA;21.18;NA;NA;NA;
29;22;13.49;47.5;6.72;NA;8.63;6.31;NA;NA;8.85;NA;NA;NA;
29;23;3.1;18.33;3.43;NA;7.18;5.47;NA;NA;3.88;NA;NA;NA;
30;0;19.42;7.27;1.97;NA;12.2;11.6;NA;NA;10.66;NA;NA;NA;
30;1;16.34;29.05;7.65;NA;19.26;5.82;NA;NA;11.78;NA;NA;NA;
30;2;1.74;5.29;4.11;NA;21.66;5.62;NA;NA;7.21;NA;NA;NA;
30;3;6.87;5.09;3.96;NA;2.96;4.89;NA;NA;4.33;NA;NA;NA;
30;4;1.48;3.43;1.55;NA;4.68;5.49;NA;NA;5.64;NA;NA;NA;
30;5;4.16;4.59;3.09;NA;3.25;2.65;NA;NA;1.57;NA;NA;NA;
30;6;3.87;6.08;5.63;NA;3.54;8.18;NA;NA;5.18;NA;NA;NA;
30;7;5.59;3.68;2.8;NA;6.48;2.47;NA;NA;11.29;NA;NA;NA;
30;8;7.18;5.64;8.3;NA;8.36;29.59;NA;NA;17.91;NA;NA;NA;
30;9;11.63;7.51;8.29;NA;11.92;23.35;NA;NA;8.87;NA;NA;NA;
30;10;8.1;5.47;6.04;NA;9.27;11.48;NA;NA;4.02;NA;NA;NA;
30;11;12.54;2.36;7.7;NA;16.23;9.05;NA;NA;4.87;NA;NA;NA;
30;12;18.77;11.63;8.66;NA;2.64;14.55;NA;NA;8.46;NA;NA;NA;
30;13;11.53;4.24;2.28;NA;10.72;11.5;NA;NA;5.79;NA;NA;NA;
30;14;1.9;1.23;6.12;NA;7.37;5;NA;NA;2.4;NA;NA;NA;
30;15;7.49;3.58;7.18;NA;10.23;6.63;NA;NA;1.32;NA;NA;NA;
30;16;4.95;2.37;17.24;NA;10.98;9.37;NA;NA;9.39;NA;NA;NA;
30;17;7.23;16.66;6.7;NA;0.98;12.48;NA;NA;5.06;NA;NA;NA;
30;18;13.86;14.84;11.01;NA;13.96;7.35;NA;NA;19.03;NA;NA;NA;
30;19;7.45;18.51;10.83;NA;11.62;10.21;NA;NA;8.78;NA;NA;NA;
30;20;7.17;15.84;6.42;NA;10.73;13.99;NA;NA;1.88;NA;NA;NA;
30;21;10.43;28.01;12.37;NA;10.83;11.42;NA;NA;10.05;NA;NA;NA;
30;22;8.07;39.23;3.41;NA;10.14;12.9;NA;NA;5.75;NA;NA;NA;
30;23;1.05;48.02;9.69;NA;11.04;6.28;NA;NA;6.72;NA;NA;NA;
31;0;9.1;12.37;16.48;NA;12.66;1.22;NA;NA;2.89;NA;NA;NA;
31;1;11.32;5.85;7.88;NA;15.57;6.49;NA;NA;2.45;NA;NA;NA;
31;2;6.06;2.69;4.02;NA;7.64;5.68;NA;NA;5.52;NA;NA;NA;
31;3;2.6;7.27;2.69;NA;6.5;6.19;NA;NA;28.29;NA;NA;NA;
31;4;2.78;8.5;2.84;NA;4.52;5.57;NA;NA;25.5;NA;NA;NA;
31;5;4.22;8.66;4.69;NA;9.46;10.02;NA;NA;11.39;NA;NA;NA;
31;6;7.43;6.49;4.11;NA;14.96;5.16;NA;NA;7.53;NA;NA;NA;
31;7;2.79;7.78;4.74;NA;3.28;4.98;NA;NA;13.03;NA;NA;NA;
31;8;19.84;7.86;3.15;NA;12.41;11.79;NA;NA;18.78;NA;NA;NA;
31;9;9.61;2.01;7.95;NA;10.37;4.64;NA;NA;5.05;NA;NA;NA;
31;10;44.79;3.54;1.43;NA;3.2;4.83;NA;NA;11.88;NA;NA;NA;
31;11;18.8;1.36;2.41;NA;6.13;9.11;NA;NA;14.01;NA;NA;NA;
31;12;4.87;3.44;12.37;NA;7.64;10.64;NA;NA;2.57;NA;NA;NA;
31;13;13.38;2.32;1.79;NA;6.07;7.21;NA;NA;7.06;NA;NA;NA;
31;14;19.18;9.64;14.49;NA;3.66;13.26;NA;NA;10.97;NA;NA;NA;
31;15;24.49;7.85;4.99;NA;5.3;6.43;NA;NA;7.48;NA;NA;NA;
31;16;26.28;4.85;11.26;NA;6.56;14.71;NA;NA;3.44;NA;NA;NA;
31;17;26.54;26.85;9.54;NA;17.41;9.65;NA;NA;11.81;NA;NA;NA;
31;18;6.36;19.85;11.69;NA;10.21;9;NA;NA;9.45;NA;NA;NA;
31;19;3.36;13.61;10.36;NA;15.28;8.76;NA;NA;6.75;NA;NA;NA;
31;20;5.66;10.61;11.02;NA;14.5;12.26;NA;NA;27.35;NA;NA;NA;
31;21;5.26;10.23;12.27;NA;12.41;10.79;NA;NA;6.5;NA;NA;NA;
31;22;10.1;9.13;7.06;NA;12.69;12.66;NA;NA;7.92;NA;NA;NA;
31;23;14.11;12.79;6.49;NA;13.04;6.16;NA;NA;8.53;NA;NA;NA;
