DIA;HORA;Cotocollao;Carapungo;Belisario;Jipijapa;El Camal;Centro;Guamaní;Tumbaco;Los Chillos;El Condado;Turubamba;Chillogallo;
1;0;9.52;7.97;0.71;NA;ND;0.02;3.41;16.05;0.13;NA;NA;NA;
1;1;16.22;10.7;0.79;NA;ND;0.01;15.57;15.23;0.34;NA;NA;NA;
1;2;12.09;ND;ND;NA;ND;0;14.67;14.33;ND;NA;NA;NA;
1;3;11.38;11.42;2.41;NA;ND;0.05;13.44;12.28;0;NA;NA;NA;
1;4;5.98;16.97;15.94;NA;ND;3.27;2.29;11.13;0;NA;NA;NA;
1;5;1.58;14.68;3.68;NA;ND;2.88;4.59;9.73;0;NA;NA;NA;
1;6;2.9;2.48;2.17;NA;ND;0.77;2.31;4.68;0.29;NA;NA;NA;
1;7;12.8;12.94;5.94;NA;ND;5.57;9.59;5.87;4.16;NA;NA;NA;
1;8;26.66;28.91;10.35;NA;ND;9.58;30.26;4.8;6.36;NA;NA;NA;
1;9;36.45;35.03;29.37;NA;ND;29.33;37.4;16.51;3.96;NA;NA;NA;
1;10;39.27;40.71;29.56;NA;ND;31.78;25.34;22.73;22.53;NA;NA;NA;
1;11;42.54;39.52;ND;NA;ND;37.73;20.49;ND;44.78;NA;NA;NA;
1;12;46.81;44.47;25.54;NA;ND;40;29.45;ND;40.69;NA;NA;NA;
1;13;50.32;48.32;36.82;NA;ND;41.67;36.34;51.23;37.36;NA;NA;NA;
1;14;42.18;45.91;ND;NA;ND;40.95;39.02;ND;28.65;NA;NA;NA;
1;15;39.56;41.24;32.56;NA;ND;35.98;31.55;45.3;30.05;NA;NA;NA;
1;16;36.52;38.92;27.96;NA;ND;30.83;24.17;36.88;29.26;NA;NA;NA;
1;17;30.54;28.52;15.83;NA;ND;22.15;19.54;26.49;17.73;NA;NA;NA;
1;18;21.58;22.36;7.75;NA;ND;4.78;7.66;23.17;5.73;NA;NA;NA;
1;19;7.56;12.94;4.77;NA;ND;1.4;6.52;16.05;0.46;NA;NA;NA;
1;20;3.92;18.26;8.06;NA;ND;1.37;2.3;23.01;11.88;NA;NA;NA;
1;21;18.03;18.63;12.01;NA;ND;9.75;0.24;15.76;5.69;NA;NA;NA;
1;22;15.73;18.04;7.06;NA;ND;6.82;2.83;3.01;2.01;NA;NA;NA;
1;23;24.52;26.76;15.14;NA;ND;9.35;3.05;4.94;0.8;NA;NA;NA;
2;0;17.01;15.71;8.04;NA;ND;8.02;1.05;2.26;0.91;NA;NA;NA;
2;1;14.98;8.91;13.53;NA;ND;11.6;2.5;ND;0;NA;NA;NA;
2;2;ND;8.38;6.8;NA;ND;ND;ND;1.59;0;NA;NA;NA;
2;3;20.8;5.66;7.74;NA;ND;5.06;19.66;0.76;0;NA;NA;NA;
2;4;17.73;3.83;4.98;NA;ND;1.23;20.87;0.77;0;NA;NA;NA;
2;5;6.67;1.98;1.89;NA;ND;0.27;18.64;1.02;0;NA;NA;NA;
2;6;4.21;2.75;3.91;NA;ND;2.78;19.38;2.69;0.63;NA;NA;NA;
2;7;22.15;9.71;18.65;NA;ND;15.39;24.32;4.84;4.3;NA;NA;NA;
2;8;39.83;26.61;32.15;NA;ND;30.32;30.23;14.03;20.03;NA;NA;NA;
2;9;41.49;43.94;34.12;NA;ND;39.42;37.16;27.67;41.34;NA;NA;NA;
2;10;45.67;49.96;42.66;NA;ND;36.37;41.37;42.51;47.81;NA;NA;NA;
2;11;54.08;52.64;40.03;NA;ND;ND;45.91;45.66;46.52;NA;NA;NA;
2;12;47.57;45.74;37.86;NA;ND;ND;46.14;41.44;45.89;NA;NA;NA;
2;13;44.63;44.85;34.59;NA;ND;38.95;37.51;42.66;42.07;NA;NA;NA;
2;14;43.78;47.04;30.69;NA;ND;37.27;33.96;41.47;43.19;NA;NA;NA;
2;15;41.71;45.54;31.3;NA;ND;40.95;30.51;38.76;42.1;NA;NA;NA;
2;16;41.57;47.4;27.87;NA;ND;29.5;26.58;41.51;36.39;NA;NA;NA;
2;17;38;40.69;23.64;NA;ND;21.83;18.77;34.92;37.78;NA;NA;NA;
2;18;29.17;31.09;22.05;NA;ND;8.72;8.7;25.46;18.52;NA;NA;NA;
2;19;16.6;22.29;18.41;NA;ND;3.52;3.95;17.56;5.9;NA;NA;NA;
2;20;4.71;17.17;7.57;NA;ND;1.3;11.82;6.42;0.37;NA;NA;NA;
2;21;11.61;18.4;13.17;NA;ND;3.07;6.15;3.12;0.48;NA;NA;NA;
2;22;14.47;14.58;5.47;NA;ND;1.4;21.36;2.01;0.25;NA;NA;NA;
2;23;18.93;8.73;2.08;NA;ND;4.67;30.13;1.76;0.18;NA;NA;NA;
3;0;18.82;8.2;5.16;NA;ND;18.15;32.4;1.53;0.93;NA;NA;NA;
3;1;16.11;3.55;33.88;NA;ND;26.58;33.05;1.15;0.21;NA;NA;NA;
3;2;11.12;ND;ND;NA;ND;27;33.72;0.96;ND;NA;NA;NA;
3;3;13.48;8.99;30.19;NA;ND;28;35.07;1.27;0.23;NA;NA;NA;
3;4;12.61;11.34;19.47;NA;ND;22.73;34.5;1.28;0.29;NA;NA;NA;
3;5;8.84;4.86;19.33;NA;ND;17.79;31.46;1.4;0.25;NA;NA;NA;
3;6;4.53;3.06;17.88;NA;ND;9.44;30;2.85;1.36;NA;NA;NA;
3;7;12.65;9.94;24.97;NA;ND;22.82;35.55;5.08;5.86;NA;NA;NA;
3;8;43.28;15.32;36.41;NA;ND;39.98;41.2;11.24;23.01;NA;NA;NA;
3;9;49.45;32.59;45.73;NA;ND;52.03;47.19;26.95;48.6;NA;NA;NA;
3;10;54.84;53.13;49.6;NA;ND;59.07;53.16;38.77;ND;NA;NA;NA;
3;11;60.43;66.24;48.25;NA;ND;57.05;59.11;55.06;ND;NA;NA;NA;
3;12;75.15;71.83;53.69;NA;ND;55.49;62.02;52.73;ND;NA;NA;NA;
3;13;57.8;57.67;52.56;NA;ND;59.69;59.11;57.94;50.87;NA;NA;NA;
3;14;53.94;58.77;55.77;NA;ND;64.68;55.93;64.8;ND;NA;NA;NA;
3;15;50.96;59.46;56.83;NA;ND;58.04;47.75;63.82;ND;NA;NA;NA;
3;16;50.27;57.49;50.15;NA;ND;53.78;33.4;56.15;55.09;NA;NA;NA;
3;17;49.23;52.87;23.92;NA;ND;32.23;28.01;54.03;47.23;NA;NA;NA;
3;18;40.29;47.57;7.84;NA;ND;14.47;19.09;50.41;42.11;NA;NA;NA;
3;19;32.12;45.52;5.48;NA;ND;6.27;21.09;47.54;35.03;NA;NA;NA;
3;20;38.81;46.79;11.62;NA;ND;6.88;25.55;49.48;38.11;NA;NA;NA;
3;21;16.32;51.3;4.45;NA;ND;12.81;27.65;55.75;25.88;NA;NA;NA;
3;22;33.22;50.19;12.09;NA;ND;24.56;13.4;36.01;42.77;NA;NA;NA;
3;23;17.93;35.87;5.41;NA;ND;9.12;8.9;33.66;36.97;NA;NA;NA;
4;0;22.7;38.69;16.72;NA;ND;7.63;8.92;35.73;36.35;NA;NA;NA;
4;1;29.67;41.62;28.55;NA;ND;19.43;11.92;ND;17.26;NA;NA;NA;
4;2;ND;44.99;28.61;NA;ND;ND;ND;46.06;26.29;NA;NA;NA;
4;3;29.99;39.05;28.82;NA;ND;33.68;18.66;40.76;37.46;NA;NA;NA;
4;4;24.29;33.23;28.14;NA;ND;31.03;16.46;35.69;38.58;NA;NA;NA;
4;5;15.17;22.73;19.44;NA;ND;3.84;7.06;31.8;26.04;NA;NA;NA;
4;6;3.52;2.81;4.43;NA;ND;2.54;6.08;11.4;16.16;NA;NA;NA;
4;7;7.46;6.78;3.42;NA;ND;4.47;17.79;6.74;3.25;NA;NA;NA;
4;8;11.36;20.75;7.34;NA;ND;14.29;33.01;18.2;8.55;NA;NA;NA;
4;9;34.54;26.57;20.48;NA;ND;35.17;42.42;28.49;18.48;NA;NA;NA;
4;10;49.11;46.88;49.84;NA;ND;50.03;51.05;33.17;47.53;NA;NA;NA;
4;11;62.96;57.49;35.35;NA;ND;35.5;54.9;52.15;41.17;NA;NA;NA;
4;12;55.25;66.1;47.54;NA;ND;48.79;54.43;59.48;36.22;NA;NA;NA;
4;13;56.84;59.24;58.45;NA;ND;68.75;ND;64.8;60.47;NA;NA;NA;
4;14;53.81;58.43;50.02;NA;ND;58.47;43.49;60.26;71.48;NA;NA;NA;
4;15;49.1;54.05;45.01;NA;ND;47;35.25;54.75;63.68;NA;NA;NA;
4;16;37.72;43.35;29.36;NA;ND;30.3;23.48;46.85;39.34;NA;NA;NA;
4;17;28.34;32.51;13.59;NA;ND;15.86;11.27;37.9;33.16;NA;NA;NA;
4;18;20.1;31.12;6.41;NA;ND;10.96;21.04;30.39;18.66;NA;NA;NA;
4;19;16.35;29.54;9.21;NA;ND;6.36;16.49;28.1;21.38;NA;NA;NA;
4;20;10.39;29.87;4.71;NA;ND;7.73;18.53;32.02;17.88;NA;NA;NA;
4;21;2.33;29.18;3.81;NA;ND;5.71;17.75;31.76;28.61;NA;NA;NA;
4;22;6.1;26.32;10.47;NA;ND;22.68;15.95;32.52;28.55;NA;NA;NA;
4;23;22.84;26.48;11.8;NA;ND;3.2;20.07;31.22;28.01;NA;NA;NA;
5;0;14.26;28.41;2.23;NA;ND;1.19;8.22;29.3;28.57;NA;NA;NA;
5;1;15.7;27.98;1.35;NA;ND;1.57;4.76;27.09;24.24;NA;NA;NA;
5;2;21.08;ND;ND;NA;ND;0.07;8.78;24.48;ND;NA;NA;NA;
5;3;19.92;30.14;4.77;NA;ND;0;2.12;23.92;18.11;NA;NA;NA;
5;4;10.46;32.43;5.87;NA;ND;0.09;4.72;19.73;17.17;NA;NA;NA;
5;5;4.43;28.22;2.54;NA;ND;0.09;1.55;16.9;7.09;NA;NA;NA;
5;6;3.81;9.21;2.23;NA;ND;0.72;5.14;11.08;2.32;NA;NA;NA;
5;7;9.18;11.4;6.79;NA;ND;7.81;14.48;13.6;4.79;NA;NA;NA;
5;8;17.9;24.22;11.94;NA;ND;11.53;20.15;19.17;5.77;NA;NA;NA;
5;9;38.96;31.35;ND;NA;ND;18.24;18.38;20.28;9.85;NA;NA;NA;
5;10;48.16;38.29;35.1;NA;ND;33.49;23.3;29.22;8.86;NA;NA;NA;
5;11;64.21;59.69;43.71;NA;ND;43.25;23.39;53.79;14.63;NA;NA;NA;
5;12;61.48;55.01;40.81;NA;ND;40.71;12.36;61.67;23.2;NA;NA;NA;
5;13;55.88;56.67;42.5;NA;ND;34.43;35.14;63.27;29.72;NA;NA;NA;
5;14;54.68;56.22;39.95;NA;ND;41.51;36.47;61.01;40.2;NA;NA;NA;
5;15;46.48;56.39;36.22;NA;ND;46.14;37.41;52.61;25.56;NA;NA;NA;
5;16;40.04;46.22;24.09;NA;ND;38.16;24.63;40.14;28.86;NA;NA;NA;
5;17;38.27;38.48;13.32;NA;ND;19.22;13.17;34.37;35.72;NA;NA;NA;
5;18;29.21;29.98;4.97;NA;ND;8.32;7.98;27.92;22.14;NA;NA;NA;
5;19;17.12;24.82;3.33;NA;ND;10.01;5.35;27.68;24.72;NA;NA;NA;
5;20;18.29;18.29;1.27;NA;ND;7.26;6.15;27.46;12.45;NA;NA;NA;
5;21;9.28;10.17;5.93;NA;ND;7.55;7.15;21.93;24.92;NA;NA;NA;
5;22;8.66;16.91;4.4;NA;ND;12.58;10.89;29.15;27.04;NA;NA;NA;
5;23;9.01;9.34;2.66;NA;ND;6.79;2.74;24.59;23.92;NA;NA;NA;
6;0;3.57;5.63;1.03;NA;ND;11.48;0.17;18.34;21.29;NA;NA;NA;
6;1;1.74;1.44;0.42;NA;ND;1.63;0.81;ND;10.15;NA;NA;NA;
6;2;ND;4.44;0.43;NA;ND;ND;ND;16.99;14.54;NA;NA;NA;
6;3;1.72;0.87;0.61;NA;ND;0.03;3.85;6.17;5.82;NA;NA;NA;
6;4;1.94;2.49;0.55;NA;ND;0.1;0.93;2.56;1.75;NA;NA;NA;
6;5;4.19;11.8;0.37;NA;ND;0;0.64;1.51;0.41;NA;NA;NA;
6;6;4;7.81;1.8;NA;ND;1.37;1.36;1.75;1.16;NA;NA;NA;
6;7;9.06;6.79;3.84;NA;ND;3.15;10.82;6.15;3.12;NA;NA;NA;
6;8;19.4;17.49;13.51;NA;ND;13.88;21.74;8.01;13.77;NA;NA;NA;
6;9;35.4;34.01;23.44;NA;ND;27.1;40.21;14.18;24.93;NA;NA;NA;
6;10;60;51.31;34.1;NA;ND;41.18;52.32;22.36;43.75;NA;NA;NA;
6;11;76.19;67.73;66.51;NA;ND;57.29;64.52;34.55;65.75;NA;NA;NA;
6;12;59.55;67.55;75.1;NA;ND;75.28;68.87;60.3;31.48;NA;NA;NA;
6;13;46.78;51.8;52.46;NA;ND;57.91;53.3;68.46;59.94;NA;NA;NA;
6;14;46.75;51.74;30.19;NA;ND;43.79;42.56;49.27;48.88;NA;NA;NA;
6;15;48.52;44.18;24.96;NA;ND;20.54;21.2;35.8;46.11;NA;NA;NA;
6;16;42.85;45.57;28.51;NA;ND;24.21;30.54;23.29;34.95;NA;NA;NA;
6;17;32.11;19.09;26.35;NA;ND;17.68;19.46;4.01;20.48;NA;NA;NA;
6;18;20.9;27.16;13.75;NA;ND;4.17;3.64;4.29;7.97;NA;NA;NA;
6;19;16.76;32.27;10.05;NA;ND;0.8;4.78;3.22;1.23;NA;NA;NA;
6;20;12.84;31.16;7.91;NA;ND;0.2;4.92;6.94;1.15;NA;NA;NA;
6;21;17.52;24.97;4.91;NA;ND;0.39;28.79;13.42;1.33;NA;NA;NA;
6;22;22.61;21.26;0.9;NA;ND;0.05;17.79;24.67;2.34;NA;NA;NA;
6;23;23.18;15.04;1.53;NA;ND;0.1;18.9;31.82;2.55;NA;NA;NA;
7;0;14.6;34.34;1.05;NA;ND;0;12.98;27.4;1.74;NA;NA;NA;
7;1;12.57;33.77;0.5;NA;ND;0;11.93;30.92;1.13;NA;NA;NA;
7;2;31.01;ND;ND;NA;ND;0;27.26;24.51;ND;NA;NA;NA;
7;3;32.86;36.52;0.61;NA;ND;0.38;31.85;31.89;3.5;NA;NA;NA;
7;4;37.77;39.19;0.37;NA;ND;4.8;41.79;36.29;6.19;NA;NA;NA;
7;5;34.53;38.77;0.56;NA;ND;12.81;38.52;36.43;1.15;NA;NA;NA;
7;6;24.82;24.17;8.12;NA;ND;6.52;22.67;32.49;2.41;NA;NA;NA;
7;7;15.92;20.66;15.23;NA;ND;12.55;36.17;23.49;9.65;NA;NA;NA;
7;8;31.01;39.78;26.19;NA;ND;26.88;42.99;38.75;30.35;NA;NA;NA;
7;9;44.28;50.3;29.46;NA;ND;27.48;53.73;42.19;14.94;NA;NA;NA;
7;10;58.48;67.35;46.37;NA;ND;41.01;77.2;42.79;14.22;NA;NA;NA;
7;11;68.48;80.77;63.9;NA;ND;55.53;65.63;73.61;32.95;NA;NA;NA;
7;12;59.16;79.78;59.28;NA;ND;47.47;43.41;104.41;48.87;NA;NA;NA;
7;13;50.17;64.38;47.19;NA;ND;36.82;35.28;77.52;56.42;NA;NA;NA;
7;14;46.08;51.25;56;NA;ND;44.5;36.95;50.92;54.27;NA;NA;NA;
7;15;37.21;48.89;36.91;NA;ND;40.96;42.53;37.19;13.54;NA;NA;NA;
7;16;25.75;43.68;34.35;NA;ND;35.11;26.26;23.47;20.53;NA;NA;NA;
7;17;24.7;43.07;23.07;NA;ND;30.32;29.59;30;24.19;NA;NA;NA;
7;18;17.36;31.7;19.29;NA;ND;21.03;23.06;29.02;19.8;NA;NA;NA;
7;19;24.57;20.12;19.65;NA;ND;25.43;26.78;27.99;16.66;NA;NA;NA;
7;20;15.37;12.58;14.84;NA;ND;10.02;22.62;7.4;13.48;NA;NA;NA;
7;21;12.16;11.09;2.23;NA;ND;1.59;4.62;8.45;10.57;NA;NA;NA;
7;22;3.07;1.81;7.32;NA;ND;0.21;3.44;2.25;1.11;NA;NA;NA;
7;23;1.64;4.08;0.88;NA;ND;0.8;20.84;4.59;4.27;NA;NA;NA;
8;0;11.81;1.93;4.23;NA;ND;7.74;26.49;1.02;10.59;NA;NA;NA;
8;1;15.82;3.71;11.35;NA;ND;12.86;10.81;ND;13.45;NA;NA;NA;
8;2;ND;1.45;6.41;NA;ND;ND;ND;1.37;9.46;NA;NA;NA;
8;3;11.33;4.06;10.92;NA;ND;10.02;32.39;1.33;7.71;NA;NA;NA;
8;4;2.04;10.88;6.83;NA;ND;2.12;24.21;1.15;2.81;NA;NA;NA;
8;5;1.82;7.46;1.17;NA;ND;3.13;4.14;1.17;1.7;NA;NA;NA;
8;6;3.21;1.9;2.14;NA;ND;1.04;5.3;1.97;1.9;NA;NA;NA;
8;7;10.3;12.33;8.24;NA;ND;4.59;14.88;4.99;5.58;NA;NA;NA;
8;8;23.08;13.41;15.68;NA;ND;19.37;39.51;9.37;12.54;NA;NA;NA;
8;9;42.77;25.92;17.34;NA;ND;45.69;51.03;20.19;25.61;NA;NA;NA;
8;10;58.98;39.42;25.59;NA;ND;55.08;56.35;36.36;50.61;NA;NA;NA;
8;11;69.8;59.83;41.43;NA;ND;38.06;65.62;60.65;59.64;NA;NA;NA;
8;12;70.15;74.14;62.9;NA;ND;59.8;66.45;78.68;ND;NA;NA;NA;
8;13;80.97;73.01;74.12;NA;ND;71.28;47.79;80.09;69.63;NA;NA;NA;
8;14;68.04;66.73;71.31;NA;ND;69.63;62.98;ND;81.51;NA;NA;NA;
8;15;50.38;56.6;33.28;NA;ND;61.44;59.69;ND;64.6;NA;NA;NA;
8;16;43.45;50.67;23.64;NA;ND;41.58;40.14;43.91;44.79;NA;NA;NA;
8;17;37.1;46.36;11.72;NA;ND;30.58;26.17;32.52;15.18;NA;NA;NA;
8;18;17.97;35.18;5.73;NA;ND;21.97;20.11;26.12;15.67;NA;NA;NA;
8;19;13.44;22.73;4.11;NA;ND;1.84;19.83;19.66;24.72;NA;NA;NA;
8;20;10.24;13.25;3.52;NA;ND;0.13;24.87;18.45;9.97;NA;NA;NA;
8;21;7.32;15.92;3;NA;ND;0;33.13;15.09;3.8;NA;NA;NA;
8;22;7.78;12.04;4.84;NA;ND;0.96;30.07;20.6;12.47;NA;NA;NA;
8;23;10.51;14.64;3.29;NA;ND;0.85;27.51;23.33;15.33;NA;NA;NA;
9;0;5.78;10.75;3.79;NA;ND;0.97;32.49;22.34;19.63;NA;NA;NA;
9;1;8.13;11.56;9.91;NA;ND;2.58;36.96;25.68;21.5;NA;NA;NA;
9;2;9;ND;ND;NA;ND;3.41;16.14;25.73;ND;NA;NA;NA;
9;3;11.67;15.17;17.19;NA;ND;11.04;24.23;24.49;24.23;NA;NA;NA;
9;4;4.1;16.88;15.36;NA;ND;13.35;28.21;26.11;15.32;NA;NA;NA;
9;5;1.37;16.1;15.37;NA;ND;5.61;12.82;24.61;20.35;NA;NA;NA;
9;6;2.93;7.46;11.41;NA;ND;2.09;20.67;16.98;12.04;NA;NA;NA;
9;7;9.21;10.86;6.2;NA;ND;4.26;20.38;14.16;6.25;NA;NA;NA;
9;8;12.06;22.08;13.65;NA;ND;17.18;22.49;30.23;15.55;NA;NA;NA;
9;9;22.57;34.27;16.3;NA;ND;16.03;29.93;37.41;8.71;NA;NA;NA;
9;10;43.11;41.07;27.15;NA;ND;22.76;25.88;49.08;14.69;NA;NA;NA;
9;11;56.27;ND;45.19;NA;ND;35.66;17.61;66.1;21.6;NA;NA;NA;
9;12;ND;ND;52.46;NA;ND;46.98;37.69;96.22;55.28;NA;NA;NA;
9;13;37.89;35.63;45.6;NA;ND;48.93;40.31;71.9;91.84;NA;NA;NA;
9;14;ND;34.66;30.46;NA;ND;43.57;42.42;42.7;36.68;NA;NA;NA;
9;15;41.23;34;30.42;NA;ND;40.48;45.67;41.89;46.85;NA;NA;NA;
9;16;42.39;35.96;27.69;NA;ND;41.93;44.86;42.97;47.52;NA;NA;NA;
9;17;39.81;35.07;18.69;NA;ND;28.24;32.65;39.39;30.87;NA;NA;NA;
9;18;24.91;32.76;11.41;NA;ND;17.22;23.73;32.85;20.4;NA;NA;NA;
9;19;26.33;31.1;8.78;NA;ND;9.2;20.53;32.75;29.33;NA;NA;NA;
9;20;34.38;31.41;9.39;NA;ND;14.05;14.51;32.72;21.85;NA;NA;NA;
9;21;22.63;33.72;9.45;NA;ND;20.96;14.28;34.98;30.46;NA;NA;NA;
9;22;25.35;34.99;8.09;NA;ND;26.76;18.73;39.48;33.52;NA;NA;NA;
9;23;30.59;36.84;22.21;NA;ND;22.62;18.83;40.06;17.62;NA;NA;NA;
10;0;38.69;38.36;25.52;NA;ND;25.18;22.46;39.79;23.99;NA;NA;NA;
10;1;31.53;31.56;27.62;NA;ND;27.57;22.84;ND;28.28;NA;NA;NA;
10;2;ND;33.95;31.28;NA;ND;ND;ND;34.15;21.51;NA;NA;NA;
10;3;30.1;34.54;8.52;NA;ND;0.55;19.75;28.8;18.81;NA;NA;NA;
10;4;18.45;26.09;6.73;NA;ND;1.13;21.83;27.61;17.5;NA;NA;NA;
10;5;8.55;7.91;3.71;NA;ND;1.72;10.77;18.1;14.62;NA;NA;NA;
10;6;3.42;2.98;1.52;NA;ND;1.3;1.56;4.84;2.28;NA;NA;NA;
10;7;6.72;7.25;4.55;NA;ND;2.95;7.94;10.39;5.02;NA;NA;NA;
10;8;13.08;18.79;9.35;NA;ND;12.64;31.83;19.98;14.42;NA;NA;NA;
10;9;29.61;28.83;20.63;NA;ND;22.5;32.66;20.08;33.97;NA;NA;NA;
10;10;50.55;51.33;23.93;NA;ND;22.04;55.09;43.39;10.8;NA;NA;NA;
10;11;59.66;61.31;28.71;NA;ND;32.8;60.46;59.92;28.93;NA;NA;NA;
10;12;47.42;49.59;34.09;NA;ND;40.46;43.26;69.81;59.67;NA;NA;NA;
10;13;39.61;39.34;33.39;NA;ND;34.73;ND;48.81;55.42;NA;NA;NA;
10;14;38.64;39.02;29.42;NA;ND;27.87;33.22;39.18;32.42;NA;NA;NA;
10;15;37.07;39.78;25.43;NA;ND;36.62;33.23;39.54;22.48;NA;NA;NA;
10;16;37.2;38.66;19.69;NA;ND;33.56;27.54;35.44;29.49;NA;NA;NA;
10;17;32.54;34.79;11.32;NA;ND;21.19;27.72;32.7;8.86;NA;NA;NA;
10;18;28.69;28.73;3.94;NA;ND;8.93;16.21;24.85;10.25;NA;NA;NA;
10;19;23.2;24.13;1.63;NA;ND;4.01;20.11;22.18;5;NA;NA;NA;
10;20;14.91;18.45;2.79;NA;ND;8.55;17.85;19.27;13.78;NA;NA;NA;
10;21;2.2;11.05;8.96;NA;ND;13.02;23.4;13.15;9.47;NA;NA;NA;
10;22;3.57;13.82;14.7;NA;ND;10.06;18.64;2.74;3.5;NA;NA;NA;
10;23;2.34;17.46;10.29;NA;ND;4.58;16.69;5.28;2;NA;NA;NA;
11;0;2.11;11.88;2.29;NA;ND;1.28;11.23;3.77;3.61;NA;NA;NA;
11;1;10.05;25.35;7.04;NA;ND;4.75;14.25;10.66;0.6;NA;NA;NA;
11;2;12.91;ND;ND;NA;ND;4.98;12.22;3.21;ND;NA;NA;NA;
11;3;4.69;15.34;6.11;NA;ND;4.72;9.62;2.42;0.44;NA;NA;NA;
11;4;2.49;6.66;3.23;NA;ND;0.98;6.33;0.56;0.34;NA;NA;NA;
11;5;1.75;1.07;0.71;NA;ND;1.46;2.04;0.93;0.53;NA;NA;NA;
11;6;2.54;2.18;1.31;NA;ND;0.33;0.99;2.36;0.88;NA;NA;NA;
11;7;4.18;4.85;2.8;NA;ND;1.76;2.81;4.84;2.05;NA;NA;NA;
11;8;8.76;6.78;6.94;NA;ND;9.64;21.99;5.47;6.38;NA;NA;NA;
11;9;17.28;13.34;9.34;NA;ND;18.83;26.81;6.59;17.63;NA;NA;NA;
11;10;36.66;37.95;30.32;NA;ND;25.05;31.92;12.37;31.64;NA;NA;NA;
11;11;58.9;54.69;47.42;NA;ND;33.27;54.28;21.06;28.51;NA;NA;NA;
11;12;54.3;56.16;40.47;NA;ND;24.75;60.97;47.18;37.7;NA;NA;NA;
11;13;55.84;54.04;48.49;NA;ND;44.26;ND;60.54;ND;NA;NA;NA;
11;14;44.57;46.61;39.17;NA;ND;43.07;ND;58.54;ND;NA;NA;NA;
11;15;38.21;42.79;43.32;NA;ND;45.8;31.82;54.29;52.12;NA;NA;NA;
11;16;35.79;39.82;21.88;NA;ND;43.54;41.96;44.68;48.24;NA;NA;NA;
11;17;29.44;34.11;8.57;NA;ND;22.39;29.8;38.11;31.2;NA;NA;NA;
11;18;14.58;26.49;1.15;NA;ND;9.78;11.54;29.18;21.98;NA;NA;NA;
11;19;6.6;22.3;0.63;NA;ND;1.07;16.54;25.64;6.3;NA;NA;NA;
11;20;3.94;14.84;0.63;NA;ND;1.17;9.86;21.86;18.17;NA;NA;NA;
11;21;2.04;1.2;0.72;NA;ND;0.44;0.16;10.69;7.65;NA;NA;NA;
11;22;2.08;2.22;0.72;NA;ND;1.7;0.76;3.06;0.88;NA;NA;NA;
11;23;1.72;1.86;0.97;NA;ND;0;2.95;4.92;10.12;NA;NA;NA;
12;0;1.84;0.53;0.91;NA;ND;0.22;8.44;13.51;5.8;NA;NA;NA;
12;1;1.75;0.89;1.25;NA;ND;1.47;4.64;ND;0.23;NA;NA;NA;
12;2;ND;7.62;1.52;NA;ND;ND;ND;5.86;0.08;NA;NA;NA;
12;3;1.45;6.76;0.78;NA;ND;0.06;2.43;1;0.18;NA;NA;NA;
12;4;1.98;0.91;0.77;NA;ND;0.01;7.3;1.67;1.46;NA;NA;NA;
12;5;1.72;0.89;0.47;NA;ND;0;7;1.53;1.8;NA;NA;NA;
12;6;2.62;1.75;1.86;NA;ND;0.7;2.08;2.66;1.3;NA;NA;NA;
12;7;7.5;19.09;3.77;NA;ND;2.73;9.85;8.65;6.54;NA;NA;NA;
12;8;17.39;36.58;8.18;NA;ND;12.16;24.14;15.72;20.79;NA;NA;NA;
12;9;30.88;49.27;19.15;NA;ND;24.38;40.03;21.35;9.12;NA;NA;NA;
12;10;49.47;54.75;39.26;NA;ND;33.31;49.03;34.24;24.74;NA;NA;NA;
12;11;52.28;53.66;45.95;NA;ND;44.18;30.34;58.87;28.99;NA;NA;NA;
12;12;51.79;45.18;45.33;NA;ND;47.08;36.27;59.54;49.6;NA;NA;NA;
12;13;43.04;27.47;15.38;NA;ND;31.68;31.65;39.89;31.81;NA;NA;NA;
12;14;41.34;36.93;11.29;NA;ND;14.84;31.32;30.11;19.11;NA;NA;NA;
12;15;37.54;31.48;13.06;NA;ND;26.09;31.28;38.6;25.18;NA;NA;NA;
12;16;25.31;34.51;6.06;NA;ND;22.95;34.67;7.21;21.95;NA;NA;NA;
12;17;40.03;11.6;6.96;NA;ND;5.43;29.3;4.1;11.53;NA;NA;NA;
12;18;11.74;20.05;1.24;NA;ND;8.51;16.45;3.65;6.14;NA;NA;NA;
12;19;8.25;12.17;0.87;NA;ND;0.41;0.22;3.08;1.75;NA;NA;NA;
12;20;5.39;13.25;1.61;NA;ND;0.65;0.94;5.44;1.13;NA;NA;NA;
12;21;3.71;22.09;0.82;NA;ND;3.76;0.89;2.28;1.17;NA;NA;NA;
12;22;4.48;13.5;0.75;NA;ND;7.62;1.38;1.57;0.5;NA;NA;NA;
12;23;5.86;20.7;1.03;NA;ND;0.92;1.58;1.93;0.53;NA;NA;NA;
13;0;7.65;1.23;0.72;NA;ND;0.73;0.78;1.74;0.55;NA;NA;NA;
13;1;3.11;ND;1.09;NA;ND;0.36;2.9;2.03;0.27;NA;NA;NA;
13;2;1.68;1.12;ND;NA;ND;2.84;0.79;1.88;ND;NA;NA;NA;
13;3;3.59;3.57;0.85;NA;ND;3.44;12.97;1.86;0.26;NA;NA;NA;
13;4;1.82;0.76;0.62;NA;ND;1.16;7.3;1.84;0.36;NA;NA;NA;
13;5;2.48;2.4;0.66;NA;ND;1.47;1.23;1.46;0.22;NA;NA;NA;
13;6;3.7;7.68;2.29;NA;ND;1.41;1.79;2.64;1.1;NA;NA;NA;
13;7;9.89;22.24;9.71;NA;ND;11.15;18.14;5.13;5.53;NA;NA;NA;
13;8;19.22;35.06;18.63;NA;ND;18.44;34.05;8.95;15.65;NA;NA;NA;
13;9;39.65;43.96;15.54;NA;ND;27.36;34.57;21;24.97;NA;NA;NA;
13;10;54.62;73.39;37.84;NA;ND;32.95;54.31;48.79;12.12;NA;NA;NA;
13;11;65.49;62.09;60.87;NA;ND;44.65;50.24;70.36;19.38;NA;NA;NA;
13;12;50.32;52.88;55.43;NA;ND;42.09;40.04;88.43;61.91;NA;NA;NA;
13;13;48.74;53.75;49.93;NA;ND;43.95;43.68;57.48;49.92;NA;NA;NA;
13;14;47.68;47.77;44.82;NA;ND;43.05;40.22;52.63;42.95;NA;NA;NA;
13;15;44.25;40.61;40.81;NA;ND;40.11;37.28;52.38;38.96;NA;NA;NA;
13;16;39.12;37.81;35.2;NA;ND;34.96;33.33;42.06;40.25;NA;NA;NA;
13;17;25.9;39.42;31.06;NA;ND;30.56;26.44;25.92;30.83;NA;NA;NA;
13;18;24.4;33.09;10.32;NA;ND;21.46;19.67;6.46;2.74;NA;NA;NA;
13;19;23.5;26.1;5.56;NA;ND;14.55;17.32;20.61;3.82;NA;NA;NA;
13;20;11.95;31.78;5.05;NA;ND;10.06;10.1;35.59;17.38;NA;NA;NA;
13;21;16.24;27.14;4.31;NA;ND;9.31;7.58;35.52;12.7;NA;NA;NA;
13;22;14.3;14.91;6.95;NA;ND;9.34;11.14;30.09;31.41;NA;NA;NA;
13;23;4.51;7.4;4.14;NA;ND;8.1;4.57;37.63;4.39;NA;NA;NA;
14;0;3.63;10.69;1.28;NA;ND;4.81;5.17;27.36;0.94;NA;NA;NA;
14;1;2.41;22.99;3.05;NA;ND;4.98;1.93;ND;18.13;NA;NA;NA;
14;2;ND;13.15;4.42;NA;ND;ND;ND;9.93;18.75;NA;NA;NA;
14;3;9.43;20.05;3.69;NA;ND;10.43;14.85;2.36;2.45;NA;NA;NA;
14;4;12.47;8.43;7.23;NA;ND;9.2;4.27;2.98;5.59;NA;NA;NA;
14;5;7.05;3.68;4.01;NA;ND;10.22;0.56;1.38;2.28;NA;NA;NA;
14;6;8.59;7.88;4.92;NA;ND;2.75;3.87;2.75;4.04;NA;NA;NA;
14;7;19.61;22.48;15.24;NA;ND;12.92;24.7;7.13;10.85;NA;NA;NA;
14;8;33.58;28.3;30.3;NA;ND;28.07;29.36;15.68;19.16;NA;NA;NA;
14;9;41.07;38.32;26.82;NA;ND;33.1;51.24;30.82;37.12;NA;NA;NA;
14;10;49.65;53.66;30.91;NA;ND;31.28;63.47;43.2;14.43;NA;NA;NA;
14;11;64.31;69.7;53.77;NA;ND;51.45;50.51;59.98;16.64;NA;NA;NA;
14;12;55.18;46.63;62.7;NA;ND;52.86;34.99;78.43;33.8;NA;NA;NA;
14;13;35.44;38.43;58.06;NA;ND;35.68;33.68;81.91;56.55;NA;NA;NA;
14;14;35.49;39.05;36.23;NA;ND;36.28;35.92;55.12;38.36;NA;NA;NA;
14;15;36.15;38.84;34.78;NA;ND;34.7;31.11;45.07;35.07;NA;NA;NA;
14;16;35.96;36;33.08;NA;ND;32.62;30.12;41.98;35.49;NA;NA;NA;
14;17;32.74;32.02;27.76;NA;ND;31.11;24.08;36.31;18.64;NA;NA;NA;
14;18;19.77;23.23;15.29;NA;ND;26.95;15.51;31.12;12.02;NA;NA;NA;
14;19;6.99;20.81;11.71;NA;ND;20;13;24.26;10.54;NA;NA;NA;
14;20;3.4;18.36;10.12;NA;ND;16.42;7.23;28.03;23.77;NA;NA;NA;
14;21;7.23;13.26;10.82;NA;ND;16.75;4.94;28.48;5.46;NA;NA;NA;
14;22;2.08;6.65;6.02;NA;ND;9.81;11.58;9.7;2.39;NA;NA;NA;
14;23;2.07;2.33;5.27;NA;ND;1.62;12.57;5.05;14.14;NA;NA;NA;
15;0;6.7;2.67;1.42;NA;ND;3.57;20.76;8.44;8.6;NA;NA;NA;
15;1;11.13;ND;2.49;NA;ND;8.8;18.87;1.5;0.37;NA;NA;NA;
15;2;13.68;0.52;ND;NA;ND;11.9;19.57;0.59;ND;NA;NA;NA;
15;3;14.53;0.94;5.23;NA;ND;15.61;7.72;4.43;4.05;NA;NA;NA;
15;4;6.02;0.71;1.6;NA;ND;10.81;1.75;2.71;3.86;NA;NA;NA;
15;5;5.38;1.69;1.51;NA;ND;2.72;0.68;1.74;0.96;NA;NA;NA;
15;6;4.05;6.53;2.21;NA;ND;1.11;2.5;1.62;1.67;NA;NA;NA;
15;7;7.13;6.42;5.16;NA;ND;4.97;12.04;4.75;4.78;NA;NA;NA;
15;8;15.01;10.76;10.44;NA;ND;19.2;30.42;8.56;13.78;NA;NA;NA;
15;9;23.41;18.25;19.03;NA;ND;30.48;34.94;19.67;26.9;NA;NA;NA;
15;10;27.31;31.14;24.82;NA;ND;35.31;48;39.01;29.77;NA;NA;NA;
15;11;47.41;46.3;33.76;NA;ND;35;57.51;55.41;15.62;NA;NA;NA;
15;12;44.5;53.85;50.68;NA;ND;56.92;33.22;71.56;ND;NA;NA;NA;
15;13;36.88;43.43;48.39;NA;ND;43.21;36.21;71.15;ND;NA;NA;NA;
15;14;35.47;42.24;44.89;NA;ND;40.13;40.77;50.94;ND;NA;NA;NA;
15;15;34.3;40.55;54.3;NA;ND;36.45;33.46;44.74;43.39;NA;NA;NA;
15;16;32.82;38.83;37.8;NA;ND;32.72;35.43;41.07;37.22;NA;NA;NA;
15;17;28.07;36.56;22;NA;ND;27.6;32.13;37.65;25.45;NA;NA;NA;
15;18;6.16;28.37;10.13;NA;ND;16.53;11.8;32.74;8.35;NA;NA;NA;
15;19;4.1;22.09;8.7;NA;ND;11.52;12.58;26.31;13.37;NA;NA;NA;
15;20;3.86;20.49;5.41;NA;ND;3;14.37;27.03;12.45;NA;NA;NA;
15;21;2.52;14.9;7.28;NA;ND;1.47;6.01;2.8;0.87;NA;NA;NA;
15;22;2.89;2.12;2.99;NA;ND;2.05;5.25;2.26;0.83;NA;NA;NA;
15;23;3.34;0.76;1.05;NA;ND;8.2;15.09;1.36;0.51;NA;NA;NA;
16;0;11.01;2.55;1.3;NA;ND;8.68;17.3;1.1;0.84;NA;NA;NA;
16;1;10.06;5.05;3.88;NA;ND;10.34;8.74;ND;0.32;NA;NA;NA;
16;2;ND;0.97;4.36;NA;ND;ND;ND;1.02;0.5;NA;NA;NA;
16;3;19.79;1.09;2.72;NA;ND;2.65;20.93;1.03;0.41;NA;NA;NA;
16;4;5.58;1.28;2.24;NA;ND;1.92;3.4;1.07;0.31;NA;NA;NA;
16;5;2.19;1.78;0.88;NA;ND;0.2;1.44;1.28;0.58;NA;NA;NA;
16;6;3.53;2.48;1.56;NA;ND;0.68;1.6;2.48;1.27;NA;NA;NA;
16;7;9.86;6.48;3.79;NA;ND;2.91;3.93;4.29;3.94;NA;NA;NA;
16;8;15.07;16.52;9.23;NA;ND;14.88;12.88;7.66;9.27;NA;NA;NA;
16;9;33.99;20.99;19.78;NA;ND;23.38;41.1;21.35;26.42;NA;NA;NA;
16;10;54.46;50.41;42.32;NA;ND;26.08;53.14;40.2;23.69;NA;NA;NA;
16;11;59.21;51.99;54.78;NA;ND;41.55;ND;67.38;34.11;NA;NA;NA;
16;12;59.48;54.04;49.25;NA;ND;54.28;32.93;76.2;55.72;NA;NA;NA;
16;13;61.45;64.6;58.83;NA;ND;62.26;68.51;79.59;54.2;NA;NA;NA;
16;14;62.05;61.39;61.24;NA;ND;67.36;65.7;70.85;64.83;NA;NA;NA;
16;15;54.6;58.8;47.71;NA;ND;56.54;63.6;58.5;67.13;NA;NA;NA;
16;16;48.47;51.18;34.45;NA;ND;36.71;51.47;48.52;42.84;NA;NA;NA;
16;17;44.19;50.09;14.2;NA;ND;28.08;35.82;45.53;23.84;NA;NA;NA;
16;18;45.56;38.61;10.64;NA;ND;17.57;22.74;38.39;13.89;NA;NA;NA;
16;19;23.69;29.83;8.18;NA;ND;5.66;14.79;35;28.56;NA;NA;NA;
16;20;15.05;23.36;1.52;NA;ND;0.86;17.08;29.54;28.02;NA;NA;NA;
16;21;1.94;14.23;0.62;NA;ND;0.72;4.67;17.65;28.83;NA;NA;NA;
16;22;1.53;9.16;2.79;NA;ND;2.68;11.99;2.91;19.42;NA;NA;NA;
16;23;1.8;3.28;2.37;NA;ND;1.82;28.15;2.59;2.01;NA;NA;NA;
17;0;2.08;5.76;1.09;NA;ND;2.07;22.13;3.38;1.37;NA;NA;NA;
17;1;5.45;10.76;0.61;NA;ND;0.02;31.7;1.09;0.82;NA;NA;NA;
17;2;1.91;ND;ND;NA;ND;0.77;31.02;1.15;ND;NA;NA;NA;
17;3;1.74;4.06;0.43;NA;ND;0.2;21.73;1.54;12.11;NA;NA;NA;
17;4;1.52;4.31;0.29;NA;ND;0;10.44;1.8;7.71;NA;NA;NA;
17;5;1.78;2.17;0.48;NA;ND;0.04;19.66;0.81;1.24;NA;NA;NA;
17;6;2.17;1.29;1.07;NA;ND;0.43;28.08;2.17;2.48;NA;NA;NA;
17;7;8.16;6.16;3.67;NA;ND;4.65;1.53;5.15;7.33;NA;NA;NA;
17;8;14.08;15.03;11.59;NA;ND;20.1;22.98;7.47;16.59;NA;NA;NA;
17;9;20.51;16.97;10.01;NA;ND;15.24;42.45;18.9;24.55;NA;NA;NA;
17;10;35.58;27.34;17.04;NA;ND;ND;30.05;39.4;38.33;NA;NA;NA;
17;11;40.04;37.17;25.23;NA;ND;22.68;29.81;43.13;19.04;NA;NA;NA;
17;12;46.45;46.87;26.34;NA;ND;31.52;19.22;41.4;37.26;NA;NA;NA;
17;13;51.13;49.08;29.96;NA;ND;37.46;ND;45.61;33.33;NA;NA;NA;
17;14;45.16;47.53;39.17;NA;ND;38.09;ND;48.84;15.12;NA;NA;NA;
17;15;50.39;50.05;37.75;NA;ND;36.01;ND;51.36;37.58;NA;NA;NA;
17;16;42.76;46.36;30.71;NA;ND;25.45;41.38;50.17;40.15;NA;NA;NA;
17;17;36.92;38.51;27.03;NA;ND;14.3;36.73;41.48;25.8;NA;NA;NA;
17;18;25.19;31.66;6.49;NA;ND;4.43;24.64;35.7;31.25;NA;NA;NA;
17;19;15.39;29.18;4.09;NA;ND;10.69;0.02;34.65;25.97;NA;NA;NA;
17;20;6.54;23.91;2.73;NA;ND;9.22;0.1;35.63;28.72;NA;NA;NA;
17;21;2.05;31.65;1.01;NA;ND;7.65;3.79;34.7;28.48;NA;NA;NA;
17;22;5.66;29.45;4.19;NA;ND;3.71;8.64;31.21;25;NA;NA;NA;
17;23;10.37;34.74;6.28;NA;ND;5.62;6.11;38.18;28.88;NA;NA;NA;
18;0;26.41;39.75;15.5;NA;ND;12.63;10.54;36.6;28.28;NA;NA;NA;
18;1;35.4;45.32;20.76;NA;ND;22.51;7.7;ND;27.66;NA;NA;NA;
18;2;ND;46.16;30.01;NA;ND;ND;ND;44.52;36.44;NA;NA;NA;
18;3;28.59;31.03;27.6;NA;ND;25.34;36.97;44.8;34.09;NA;NA;NA;
18;4;21.09;27.22;26.1;NA;ND;23.52;29.58;41.99;41.59;NA;NA;NA;
18;5;6.54;11.46;17.49;NA;ND;9.19;11.14;27.73;18.75;NA;NA;NA;
18;6;3.26;2.94;3.01;NA;ND;1.9;5.07;3.99;2.06;NA;NA;NA;
18;7;10.03;7.9;5.2;NA;ND;8.07;8.07;11.17;7.81;NA;NA;NA;
18;8;18.94;15.01;13.73;NA;ND;19.53;38.73;22.54;21.58;NA;NA;NA;
18;9;31.87;25.05;19.25;NA;ND;26.33;39.44;41.22;11.48;NA;NA;NA;
18;10;ND;52.92;28.59;NA;ND;27.47;ND;51.35;19.62;NA;NA;NA;
18;11;ND;58.45;52.51;NA;ND;44.71;ND;62.54;33.1;NA;NA;NA;
18;12;58.82;57.25;60.98;NA;ND;64.75;64.28;66.91;44.05;NA;NA;NA;
18;13;57.91;56.97;53.31;NA;ND;59.79;49.74;62.73;44.9;NA;NA;NA;
18;14;49.98;ND;45;NA;ND;39.46;54.75;54.98;50.7;NA;NA;NA;
18;15;49.63;ND;42.44;NA;ND;36.37;70.16;52.55;49.21;NA;NA;NA;
18;16;44.73;46.82;17.74;NA;ND;17.36;49.78;43.02;24.97;NA;NA;NA;
18;17;34.9;37.9;4.85;NA;ND;6.2;37.49;34.85;24.17;NA;NA;NA;
18;18;21.05;30.27;0.91;NA;ND;6.06;22.27;33.8;26.23;NA;NA;NA;
18;19;26.15;28.92;2.63;NA;ND;6.68;17.48;32.28;13.71;NA;NA;NA;
18;20;20.51;24.46;2.16;NA;ND;7.51;36.36;31.69;23.41;NA;NA;NA;
18;21;31.55;12.77;6.57;NA;ND;8.17;29.76;31.19;20.21;NA;NA;NA;
18;22;17.49;24.91;8.73;NA;ND;6.16;24.82;29.64;17.21;NA;NA;NA;
18;23;7.88;28.75;10.87;NA;ND;6.96;22.91;20.87;17.57;NA;NA;NA;
19;0;12.23;31.01;1.97;NA;ND;6.07;34.42;7.8;23.18;NA;NA;NA;
19;1;13.66;30.44;0.39;NA;ND;0.12;16.18;19.55;20.96;NA;NA;NA;
19;2;15.68;ND;ND;NA;ND;1.84;18.26;19.54;ND;NA;NA;NA;
19;3;3.29;25.19;0.75;NA;ND;0.05;29.71;13.54;11.81;NA;NA;NA;
19;4;3;2.27;2.14;NA;ND;0.02;17.89;5.26;2.7;NA;NA;NA;
19;5;1.62;2.45;5.7;NA;ND;0.18;13.25;3.16;0.8;NA;NA;NA;
19;6;3.09;4.52;2.5;NA;ND;1.6;1.4;3;1.11;NA;NA;NA;
19;7;5.94;12.65;8.39;NA;ND;6.47;27.03;10.65;5.16;NA;NA;NA;
19;8;23.08;29.46;15.55;NA;ND;13.33;40.31;16.39;12.83;NA;NA;NA;
19;9;42.11;37.18;22.27;NA;ND;18.91;36.86;26.48;12.89;NA;NA;NA;
19;10;60.22;49.42;36.23;NA;ND;28.87;41.21;38.41;22.69;NA;NA;NA;
19;11;60.21;57.55;52.21;NA;ND;47.05;60.34;55.31;24.98;NA;NA;NA;
19;12;67.45;57.6;57.84;NA;ND;60.4;51.08;63.48;50.64;NA;NA;NA;
19;13;69.4;62.42;58.57;NA;ND;47.35;62.01;60.63;57.63;NA;NA;NA;
19;14;66.4;61.15;51.48;NA;ND;55.96;60.11;50.04;54.23;NA;NA;NA;
19;15;54.88;48.52;28.9;NA;ND;38.94;52.39;40.06;37.88;NA;NA;NA;
19;16;50.91;40.69;9.84;NA;ND;25.11;36.19;31.11;32.79;NA;NA;NA;
19;17;43.72;26.84;10.87;NA;ND;15.76;36.32;20.34;17.97;NA;NA;NA;
19;18;44.43;7.31;8.08;NA;ND;25.96;39.14;2.68;23.07;NA;NA;NA;
19;19;16.05;12.16;2.97;NA;ND;10.3;24.59;7.22;13.28;NA;NA;NA;
19;20;7.22;10.58;2.17;NA;ND;1.48;10.5;12.8;2.54;NA;NA;NA;
19;21;2.65;7.42;0.9;NA;ND;1.82;24.16;3.11;0.4;NA;NA;NA;
19;22;12.36;38.33;0.66;NA;ND;2.52;18.48;4.66;0.12;NA;NA;NA;
19;23;26.25;35.03;0.57;NA;ND;0.02;18.55;34.21;0.06;NA;NA;NA;
20;0;29.89;35.31;1.13;NA;ND;0.25;9.15;17.57;0.18;NA;NA;NA;
20;1;26.83;25.79;0.35;NA;ND;0.06;9.09;ND;0.11;NA;NA;NA;
20;2;ND;15.43;0.35;NA;ND;ND;ND;12.95;0.18;NA;NA;NA;
20;3;12.14;8.64;0.59;NA;ND;0.02;2.64;13.22;0.25;NA;NA;NA;
20;4;5.78;36;0.54;NA;ND;0;0;18.74;0.07;NA;NA;NA;
20;5;2.01;28.58;0.45;NA;ND;0.01;0;11.14;0.12;NA;NA;NA;
20;6;3.1;5.7;1.47;NA;ND;0.86;0.35;4.29;0.72;NA;NA;NA;
20;7;9;21.62;6.51;NA;ND;7.81;6.34;9.54;2.49;NA;NA;NA;
20;8;14.25;27.74;9.57;NA;ND;7.84;21.65;14.2;5.64;NA;NA;NA;
20;9;41.14;31.94;13.26;NA;ND;15.36;37.74;19.91;19.17;NA;NA;NA;
20;10;45;40.96;18.27;NA;ND;21.7;53.76;27.52;37.79;NA;NA;NA;
20;11;59.38;55.88;47.55;NA;ND;29.54;72.98;54.28;7.8;NA;NA;NA;
20;12;66.42;71.49;52.13;NA;ND;45.35;45.81;63.12;21.82;NA;NA;NA;
20;13;66.36;71.37;51;NA;ND;45.79;42.03;83.59;43.95;NA;NA;NA;
20;14;50.89;53.02;49.09;NA;ND;53.56;58.53;77.22;54.18;NA;NA;NA;
20;15;37.25;47.95;33.53;NA;ND;41.55;49.47;41.35;31.25;NA;NA;NA;
20;16;33.86;41.94;10.97;NA;ND;18.09;29.75;43.32;32.6;NA;NA;NA;
20;17;29.98;35.45;6.9;NA;ND;16.94;17.14;40.54;17.92;NA;NA;NA;
20;18;20.47;29.9;2.71;NA;ND;13.38;21.56;29.64;14.56;NA;NA;NA;
20;19;16.48;25.01;1.28;NA;ND;5.07;7.56;23.22;7.03;NA;NA;NA;
20;20;18.09;15.41;6.21;NA;ND;10.65;11.35;29.58;2.41;NA;NA;NA;
20;21;5.88;13.45;4.09;NA;ND;1.47;7.86;20.74;19.54;NA;NA;NA;
20;22;1.91;3;1.02;NA;ND;4.08;13.94;5.2;16.15;NA;NA;NA;
20;23;1.92;0.76;1.01;NA;ND;0.43;23.95;1.6;10.39;NA;NA;NA;
21;0;2.04;1.08;2.74;NA;ND;4.01;24.31;2.36;5.1;NA;NA;NA;
21;1;2.21;1.52;0.44;NA;ND;0.41;0;1.04;1.97;NA;NA;NA;
21;2;1.98;ND;ND;NA;ND;0.85;5.81;2.24;ND;NA;NA;NA;
21;3;2.69;2.11;0.52;NA;ND;6.45;0.27;1.59;0.82;NA;NA;NA;
21;4;6.1;0.99;2.76;NA;ND;2.62;1.15;1.51;0.18;NA;NA;NA;
21;5;5.05;1.14;0.87;NA;ND;0.44;1.44;2.1;0.28;NA;NA;NA;
21;6;3.34;2.24;2.83;NA;ND;0.86;1.76;2.69;1.56;NA;NA;NA;
21;7;15.12;11.71;10.94;NA;ND;9.17;21.45;6.79;6.26;NA;NA;NA;
21;8;32.78;30.52;29.86;NA;ND;22.98;48.26;11.51;20.51;NA;NA;NA;
21;9;55.87;43.89;45.25;NA;ND;36.25;71;36.92;34.4;NA;NA;NA;
21;10;66.7;40.72;43.44;NA;ND;38.69;90.68;61.05;34.73;NA;NA;NA;
21;11;64.24;59.23;51.78;NA;ND;53.99;56.24;71.33;71.3;NA;NA;NA;
21;12;66.94;69.48;60.61;NA;ND;66.1;49.26;71.52;57.45;NA;NA;NA;
21;13;49.69;65.95;59.36;NA;ND;50.69;52.58;79.68;61.7;NA;NA;NA;
21;14;47.13;58.83;40.53;NA;ND;48.19;58.84;67.15;52.72;NA;NA;NA;
21;15;49.58;54.64;32.32;NA;ND;39.87;50.2;58.33;46.26;NA;NA;NA;
21;16;47.35;48.93;22.13;NA;ND;23.51;37.58;47.7;36.01;NA;NA;NA;
21;17;35.16;45.19;15.27;NA;ND;18.95;43.88;44.19;34.85;NA;NA;NA;
21;18;18.09;39.58;14.51;NA;ND;23.66;41.89;38.06;20.47;NA;NA;NA;
21;19;20.03;32.6;4.81;NA;ND;22.74;28.18;36.53;18.83;NA;NA;NA;
21;20;17.26;27.55;23.34;NA;ND;10.37;46.97;33.83;10.9;NA;NA;NA;
21;21;9.71;23.35;13.39;NA;ND;8.69;36.46;33.45;3.7;NA;NA;NA;
21;22;7.37;22.92;13.19;NA;ND;7.04;36.61;31.22;14.17;NA;NA;NA;
21;23;12.06;28.5;13.35;NA;ND;7.12;42.65;30.14;10.78;NA;NA;NA;
22;0;17.91;20.49;3.73;NA;ND;17.66;26.4;29.62;19.4;NA;NA;NA;
22;1;18.83;16.03;1.4;NA;ND;10.04;16.41;ND;0.16;NA;NA;NA;
22;2;ND;26.8;3.71;NA;ND;ND;ND;3.44;1.69;NA;NA;NA;
22;3;7.55;22.46;21.66;NA;ND;17.41;10.73;3.68;0.17;NA;NA;NA;
22;4;6;8.75;15.94;NA;ND;13.68;0.36;3.37;0.59;NA;NA;NA;
22;5;3.36;1.04;3.57;NA;ND;3.44;0.1;1.56;0.37;NA;NA;NA;
22;6;2.84;1.73;2.16;NA;ND;0.89;1.86;2.1;1.27;NA;NA;NA;
22;7;7.24;6.15;3.3;NA;ND;1.8;31.88;3.22;3.68;NA;NA;NA;
22;8;10.33;13.6;4.64;NA;ND;5.7;41.24;6.48;8;NA;NA;NA;
22;9;20.62;34.47;7.88;NA;ND;17.04;40.84;12.58;11.99;NA;NA;NA;
22;10;40.95;42.56;25.48;NA;ND;34.54;46.1;22.71;26.22;NA;NA;NA;
22;11;50.28;46.94;32.5;NA;ND;46.2;52.08;41.79;43.78;NA;NA;NA;
22;12;55.23;ND;41.18;NA;ND;38.44;64.04;52.76;48.75;NA;NA;NA;
22;13;59.6;ND;44.16;NA;ND;47.88;61.08;49.07;47.94;NA;NA;NA;
22;14;ND;44.64;41.12;NA;ND;44.51;49.21;47.34;46.1;NA;NA;NA;
22;15;ND;43.97;37.76;NA;ND;41.9;43.64;47.58;52.81;NA;NA;NA;
22;16;37.02;44.4;32.41;NA;ND;42.7;45.56;42.94;41.45;NA;NA;NA;
22;17;34.56;37.6;25.61;NA;ND;32.8;34.78;37.72;37.43;NA;NA;NA;
22;18;27.74;31.31;20.03;NA;ND;19.27;27.78;28.26;19.04;NA;NA;NA;
22;19;16.02;26.45;12.09;NA;ND;21.78;22.65;24.69;7.01;NA;NA;NA;
22;20;5.91;17.16;3.17;NA;ND;17.23;15.78;16.78;1.78;NA;NA;NA;
22;21;3.83;10.64;3.66;NA;ND;7.09;19.64;7.46;1.68;NA;NA;NA;
22;22;3.7;9.02;1.35;NA;ND;7.19;28.48;2.35;1.14;NA;NA;NA;
22;23;14.88;17.36;1.83;NA;ND;14.41;30.64;2.29;0.49;NA;NA;NA;
23;0;6.86;9.93;16.28;NA;ND;21.66;34.14;3.36;0.18;NA;NA;NA;
23;1;11.53;9.48;6.86;NA;ND;22.21;35.87;1.69;0.3;NA;NA;NA;
23;2;20.29;ND;ND;NA;ND;10.62;36.26;1.35;ND;NA;NA;NA;
23;3;20.45;3.19;6.6;NA;ND;4.8;35.89;1.34;0.71;NA;NA;NA;
23;4;8.09;1.49;9.35;NA;ND;8.35;36.27;1.45;0.67;NA;NA;NA;
23;5;4.22;1.88;5.3;NA;ND;0.55;32.74;1.73;0.76;NA;NA;NA;
23;6;3.57;2.7;5.05;NA;ND;4.75;29.78;2.87;1.54;NA;NA;NA;
23;7;8.09;9.32;18.25;NA;ND;17.13;32.76;5.68;3.84;NA;NA;NA;
23;8;31.04;29.33;28.89;NA;ND;29.92;37.66;11.74;15.77;NA;NA;NA;
23;9;37.39;36.44;35.23;NA;ND;40.7;42.44;28.35;34.08;NA;NA;NA;
23;10;38.86;41.23;33.33;NA;ND;44.68;49.96;41.1;44.28;NA;NA;NA;
23;11;47.87;56.61;37.5;NA;ND;40.15;55.95;42.24;41.54;NA;NA;NA;
23;12;55.95;55.25;42.01;NA;ND;42.35;51.76;43.09;43.77;NA;NA;NA;
23;13;44.44;44.47;44.46;NA;ND;45.5;51.13;40.94;41.82;NA;NA;NA;
23;14;46.08;49.62;42.74;NA;ND;46.63;48.25;41.14;41.31;NA;NA;NA;
23;15;45.52;42.52;38.48;NA;ND;47.01;44.56;41.16;41.82;NA;NA;NA;
23;16;40.87;40.44;31.69;NA;ND;31.61;41.52;38.02;38.56;NA;NA;NA;
23;17;31.1;34.03;21.44;NA;ND;25.03;36.02;34.46;33.65;NA;NA;NA;
23;18;18.75;27.58;12.05;NA;ND;18.83;24.35;33.23;27.76;NA;NA;NA;
23;19;11.05;16.81;16.59;NA;ND;10.33;15.39;23.51;18.87;NA;NA;NA;
23;20;3.45;13.96;8.49;NA;ND;14.69;18.03;17.02;2.46;NA;NA;NA;
23;21;7.77;13.99;3.7;NA;ND;6.99;25.71;3.8;1.32;NA;NA;NA;
23;22;8.22;22.07;1.37;NA;ND;9.18;28.37;2.44;1.13;NA;NA;NA;
23;23;3.88;10.94;9.99;NA;ND;12.23;29.08;1.95;0.43;NA;NA;NA;
24;0;4.23;11.44;12.87;NA;ND;18.45;29.51;1.36;0.61;NA;NA;NA;
24;1;6.98;13.7;17.36;NA;ND;19.53;29.91;ND;0.64;NA;NA;NA;
24;2;ND;3.6;26.03;NA;ND;ND;ND;1.35;0.53;NA;NA;NA;
24;3;3.28;1.46;22.73;NA;ND;20.12;30.77;1.6;0.77;NA;NA;NA;
24;4;5.82;1.19;25.31;NA;ND;17.08;32.48;1.48;0.63;NA;NA;NA;
24;5;4.38;1.67;8.1;NA;ND;7.38;27.47;1.31;0.76;NA;NA;NA;
24;6;4.21;2.58;8.72;NA;ND;2.08;23.2;2.48;1.29;NA;NA;NA;
24;7;10.91;12.92;9.01;NA;ND;10.33;27.59;4.14;3.1;NA;NA;NA;
24;8;25.28;28.7;19.32;NA;ND;24.66;35.62;6.2;6.45;NA;NA;NA;
24;9;37.76;38.48;22.56;NA;ND;29.38;32.94;11.02;7.24;NA;NA;NA;
24;10;42.93;43.34;31.05;NA;ND;36.55;30.33;29.94;33.32;NA;NA;NA;
24;11;48.34;48.97;39.66;NA;ND;40.34;47.06;42.49;44.79;NA;NA;NA;
24;12;52.52;53.58;40.58;NA;ND;46.43;56.37;44.57;49.18;NA;NA;NA;
24;13;59.33;58.12;43.02;NA;ND;48.18;59.56;45.09;48.78;NA;NA;NA;
24;14;55.38;50.34;41.91;NA;ND;42.79;51.99;41.29;42.35;NA;NA;NA;
24;15;45.53;37.86;39.23;NA;ND;37.2;43.95;38.53;43.47;NA;NA;NA;
24;16;37.31;39.11;35.16;NA;ND;38.46;46.4;37.21;41;NA;NA;NA;
24;17;30.04;35.61;23.33;NA;ND;27.82;38.38;39.41;37.04;NA;NA;NA;
24;18;23.43;25.95;10.45;NA;ND;6.72;22.96;30.33;23.38;NA;NA;NA;
24;19;17.79;18.54;10.96;NA;ND;7.79;3.64;28.51;19.33;NA;NA;NA;
24;20;12.11;19.71;2.34;NA;ND;5.79;1.9;27.66;19.74;NA;NA;NA;
24;21;18.16;18.58;9.71;NA;ND;1.35;3.3;26.92;20.67;NA;NA;NA;
24;22;11.45;20.88;2.46;NA;ND;1.03;2.05;28.57;19.29;NA;NA;NA;
24;23;6.88;20.83;2.21;NA;ND;0.27;1.51;27.93;5.58;NA;NA;NA;
25;0;13.57;13.81;3.03;NA;ND;0.13;18.31;29.17;9.74;NA;NA;NA;
25;1;13.42;15.3;0.77;NA;ND;0.03;34.96;26.19;4.76;NA;NA;NA;
25;2;10.71;ND;ND;NA;ND;0;21.27;18.11;ND;NA;NA;NA;
25;3;6.39;12.97;2.28;NA;ND;0.01;3.89;15.18;2.69;NA;NA;NA;
25;4;10.96;19.99;6.27;NA;ND;3.42;0.74;12.81;10.79;NA;NA;NA;
25;5;2.1;18.8;2.88;NA;ND;3.74;0.81;7.66;2.46;NA;NA;NA;
25;6;5.42;16.32;5.34;NA;ND;1.58;10.99;1.92;1.32;NA;NA;NA;
25;7;25.87;27.68;11.26;NA;ND;8.22;12.36;8.41;5.86;NA;NA;NA;
25;8;32.56;34.78;32.22;NA;ND;15.6;16.99;20.91;4.43;NA;NA;NA;
25;9;43.17;42.44;39.94;NA;ND;25.19;36.48;31.19;3.94;NA;NA;NA;
25;10;46.18;42.59;44.65;NA;ND;30.19;37.96;37.33;9.66;NA;NA;NA;
25;11;40.93;41.17;43.77;NA;ND;35.48;31.86;40.17;20.12;NA;NA;NA;
25;12;59.01;53.19;56.26;NA;ND;52.38;32.52;56.7;27.09;NA;NA;NA;
25;13;54.54;48.54;62.03;NA;ND;58;66.48;61;32.14;NA;NA;NA;
25;14;43.24;44.01;45.15;NA;ND;48.32;60.91;48.11;42.24;NA;NA;NA;
25;15;46.23;45.87;47.26;NA;ND;49.39;53.91;53.29;36.1;NA;NA;NA;
25;16;40.31;40.19;41.58;NA;ND;44.65;57.23;41.86;48.79;NA;NA;NA;
25;17;32.53;36.31;28.38;NA;ND;25.18;37.11;36.77;36.54;NA;NA;NA;
25;18;29.44;28.28;20.66;NA;ND;18.62;24.62;29.82;28.84;NA;NA;NA;
25;19;21.8;23.16;13.28;NA;ND;10.27;16.47;26.91;25.15;NA;NA;NA;
25;20;9.4;23.34;5.32;NA;ND;7.69;7.4;26.39;22.36;NA;NA;NA;
25;21;2.95;18.5;4.72;NA;ND;6.51;11.11;28.03;11.1;NA;NA;NA;
25;22;3.9;19.71;3.03;NA;ND;1.88;8.77;20.05;3.16;NA;NA;NA;
25;23;1.68;15.61;5.58;NA;ND;4.75;13.7;17.38;12.17;NA;NA;NA;
26;0;1.5;12.95;2.99;NA;ND;1.77;14.79;8.55;9.59;NA;NA;NA;
26;1;1.12;5.53;3.3;NA;ND;3.96;28.92;ND;0.14;NA;NA;NA;
26;2;ND;10.32;2.95;NA;ND;ND;ND;13.39;0.14;NA;NA;NA;
26;3;4.28;6;1.82;NA;ND;0.24;2.36;11.77;0.13;NA;NA;NA;
26;4;2.8;10.8;1.73;NA;ND;0.59;0.71;6.89;0.11;NA;NA;NA;
26;5;7.16;2.24;0.83;NA;ND;1.56;0.4;6.9;0.17;NA;NA;NA;
26;6;1.93;2.8;2.44;NA;ND;2.8;0.68;8.28;0.79;NA;NA;NA;
26;7;12.5;12.56;8.08;NA;ND;5.69;8.04;12.11;3.42;NA;NA;NA;
26;8;24.55;28.04;24.57;NA;ND;22.02;29.38;18.53;5.54;NA;NA;NA;
26;9;34.96;41.17;25.55;NA;ND;28.95;39.07;13.38;11.66;NA;NA;NA;
26;10;40.41;45.87;26.56;NA;ND;26.86;43.45;27.68;28.98;NA;NA;NA;
26;11;37.18;42.24;28.76;NA;ND;29.91;42.64;42.34;36.86;NA;NA;NA;
26;12;52.33;50.82;48.7;NA;ND;46.58;45.66;39.61;37.78;NA;NA;NA;
26;13;45.6;43.24;37.91;NA;ND;39.06;43.95;36.14;36.53;NA;NA;NA;
26;14;36.87;41.44;35.87;NA;ND;38.05;40.85;35.27;36.3;NA;NA;NA;
26;15;36.35;39.9;30.29;NA;ND;33.92;39.29;30.84;34.43;NA;NA;NA;
26;16;36.85;39.09;35.93;NA;ND;34.03;33.89;34.14;31.47;NA;NA;NA;
26;17;31.69;35.31;28.82;NA;ND;29.04;25.79;34.58;27.33;NA;NA;NA;
26;18;24.29;26.79;18.17;NA;ND;21.39;19.19;29.69;29.48;NA;NA;NA;
26;19;9.71;18.19;13.72;NA;ND;14.36;10.25;21.08;22.04;NA;NA;NA;
26;20;2.88;17.05;13;NA;ND;20.01;7.13;16.36;13.87;NA;NA;NA;
26;21;5.29;15.48;5.81;NA;ND;2.78;13.16;27.07;9.56;NA;NA;NA;
26;22;1.99;9;2.65;NA;ND;0.18;2.05;26.17;6.4;NA;NA;NA;
26;23;5.8;3.48;0.88;NA;ND;0.08;3.93;25.29;14.56;NA;NA;NA;
27;0;3.6;14.22;0.61;NA;ND;0;5.83;23.97;14.64;NA;NA;NA;
27;1;1.47;2.6;0.55;NA;ND;0;3.72;22.82;6.53;NA;NA;NA;
27;2;0.88;ND;ND;NA;ND;0;0.41;22.65;ND;NA;NA;NA;
27;3;1.36;2.5;0.59;NA;ND;0.02;0;25.56;0.41;NA;NA;NA;
27;4;3.19;2.34;0.72;NA;ND;1.2;1.25;25.41;0.22;NA;NA;NA;
27;5;3.06;5.05;0.66;NA;ND;0.88;0.33;15.74;0.26;NA;NA;NA;
27;6;1.95;7.83;1.24;NA;ND;0.58;2.11;2.26;1.55;NA;NA;NA;
27;7;5.82;11.1;8.12;NA;ND;5.85;10.5;4.47;4.24;NA;NA;NA;
27;8;26.28;14.31;20.56;NA;ND;15.82;13.59;11.38;7.88;NA;NA;NA;
27;9;27.98;25.47;20.93;NA;ND;22.35;15.9;16.12;11.58;NA;NA;NA;
27;10;33.86;32.74;25.84;NA;ND;22.83;22.41;24.6;13.53;NA;NA;NA;
27;11;32.21;32.66;22.18;NA;ND;23.11;26.92;12.32;15.52;NA;NA;NA;
27;12;32.75;34.89;24.76;NA;ND;23.73;29.99;16.32;20.02;NA;NA;NA;
27;13;37.03;37;30.87;NA;ND;26.66;27.06;37.91;19.05;NA;NA;NA;
27;14;36.62;34.78;33.21;NA;ND;35.02;33.02;43.46;10.11;NA;NA;NA;
27;15;37.08;39.48;28.95;NA;ND;29.19;39.52;33.42;11.5;NA;NA;NA;
27;16;35.83;37.38;27.97;NA;ND;22.97;33.73;35.21;16.68;NA;NA;NA;
27;17;26.14;30.32;21.78;NA;ND;22.04;13.73;34.46;16.82;NA;NA;NA;
27;18;20.24;24.93;11.57;NA;ND;11.94;9.16;29.26;18.64;NA;NA;NA;
27;19;5.52;20.45;4.65;NA;ND;1.27;8.33;24.36;21.4;NA;NA;NA;
27;20;3.58;18.92;7.41;NA;ND;0.9;0;22.93;18.75;NA;NA;NA;
27;21;2.59;13.96;5.95;NA;ND;0.93;0;23.57;16.55;NA;NA;NA;
27;22;7.99;15.52;9.96;NA;ND;0.78;0;16.75;10.3;NA;NA;NA;
27;23;1.07;12.65;2.87;NA;ND;0.85;1.22;14.21;3.81;NA;NA;NA;
28;0;1.68;11.37;0.7;NA;ND;0.05;6.19;17.57;10.46;NA;NA;NA;
28;1;3.53;16.1;0.43;NA;ND;0.08;13.71;ND;6;NA;NA;NA;
28;2;ND;20.41;0.78;NA;ND;ND;ND;15.16;0.36;NA;NA;NA;
28;3;5.33;19.98;0.52;NA;ND;0.01;9.36;12.82;2.44;NA;NA;NA;
28;4;7.06;16.91;0.44;NA;ND;0.01;13.49;12.28;3.89;NA;NA;NA;
28;5;2.67;3.77;0.48;NA;ND;0.14;10.94;5.14;0.2;NA;NA;NA;
28;6;2.34;2.27;1.35;NA;ND;0.59;10.76;2.66;1.37;NA;NA;NA;
28;7;6.81;7.19;5.77;NA;ND;3.69;14.02;4.34;4.2;NA;NA;NA;
28;8;19.42;14.65;15.77;NA;ND;14.76;19.68;8.9;10.91;NA;NA;NA;
28;9;26.88;22.09;26.39;NA;ND;25.48;28.81;10.85;18.81;NA;NA;NA;
28;10;38.11;37.38;29.38;NA;ND;24.78;43.67;15.04;16.84;NA;NA;NA;
28;11;48.11;47.24;38.87;NA;ND;37.72;49.41;28.05;21.86;NA;NA;NA;
28;12;48.54;44.57;41.21;NA;ND;41.29;39.2;36.42;31.27;NA;NA;NA;
28;13;38.96;42.24;34.93;NA;ND;35.93;35.75;29.59;29.63;NA;NA;NA;
28;14;38.96;41.85;37.26;NA;ND;39.05;36.53;39.29;32.9;NA;NA;NA;
28;15;36.88;39.04;30.28;NA;ND;32.36;33.69;32.71;30.29;NA;NA;NA;
28;16;32.13;31.62;29.06;NA;ND;28.21;24.55;32.89;23.21;NA;NA;NA;
28;17;27.31;27.1;24.2;NA;ND;25.68;24.75;28.33;9.21;NA;NA;NA;
28;18;22.71;25.15;18.05;NA;ND;11.7;12.47;22.19;14.96;NA;NA;NA;
28;19;16.1;18.2;17.71;NA;ND;13.73;8.57;20.3;22.05;NA;NA;NA;
28;20;7.09;16.61;10.47;NA;ND;4.74;3.39;21.08;12.69;NA;NA;NA;
28;21;1.75;12.78;5.76;NA;ND;2.74;7.75;20.12;10.18;NA;NA;NA;
28;22;3.08;11.43;5.58;NA;ND;5.1;8.61;16.46;11.04;NA;NA;NA;
28;23;3.4;13.54;6.29;NA;ND;5.76;7.49;17.49;9.38;NA;NA;NA;
29;0;9.11;15.11;2.02;NA;ND;0.68;10.3;16.69;12.26;NA;NA;NA;
29;1;10.45;18.41;1.08;NA;ND;0.19;9.27;19.59;11.13;NA;NA;NA;
29;2;5.52;ND;ND;NA;ND;0.78;9.53;19.27;ND;NA;NA;NA;
29;3;5.43;15.45;4.73;NA;ND;0.24;4.9;14.94;2.9;NA;NA;NA;
29;4;2.46;11.81;4.14;NA;ND;3.01;6.22;10.98;4.07;NA;NA;NA;
29;5;3.41;6.01;2.85;NA;ND;1.27;6.64;11.97;0.14;NA;NA;NA;
29;6;1.56;3.37;0.96;NA;ND;0.28;4.97;10;1.23;NA;NA;NA;
29;7;2.96;3.82;2.84;NA;ND;1.83;11.41;7.23;3.57;NA;NA;NA;
29;8;11.69;9.51;6.41;NA;ND;5.84;18.44;5.73;4.49;NA;NA;NA;
29;9;19.06;24.21;18.1;NA;ND;11.98;21.91;7.86;9.96;NA;NA;NA;
29;10;31.41;32.12;24.08;NA;ND;22.22;34.86;ND;11.64;NA;NA;NA;
29;11;38.63;36.38;31.31;NA;ND;28.46;28.17;ND;17.51;NA;NA;NA;
29;12;42.44;44.69;34.56;NA;ND;34.88;35.67;43.83;35.59;NA;NA;NA;
29;13;46.86;45.53;41.83;NA;ND;42.2;37.07;49.71;37.02;NA;NA;NA;
29;14;45.46;41.86;33.16;NA;ND;39.29;48.2;35.53;36.07;NA;NA;NA;
29;15;41.95;41.7;33.41;NA;ND;36.83;32.57;34.09;37.34;NA;NA;NA;
29;16;39.88;43.35;29.81;NA;ND;32.2;35;38.82;29.39;NA;NA;NA;
29;17;32.87;38.7;29.88;NA;ND;29.84;23.35;36.25;19.87;NA;NA;NA;
29;18;19.23;28.58;13.44;NA;ND;20.87;9.05;30.61;30.09;NA;NA;NA;
29;19;22.43;22.08;4.08;NA;ND;2.44;6.15;26.86;9.4;NA;NA;NA;
29;20;5.21;16.86;2.12;NA;ND;0.34;4.2;22.54;20.62;NA;NA;NA;
29;21;4.21;16.59;2.62;NA;ND;2.95;3.02;25.82;16.99;NA;NA;NA;
29;22;3.99;16.14;1.91;NA;ND;8.38;7.48;27.47;12.77;NA;NA;NA;
29;23;1.17;12.8;1.14;NA;ND;3.54;2.04;26.52;20.78;NA;NA;NA;
30;0;1.35;7.91;4.97;NA;ND;0.68;3.59;18.42;7.18;NA;NA;NA;
30;1;5.28;19.44;8.85;NA;ND;1.56;0;ND;9.84;NA;NA;NA;
30;2;ND;24.67;9.38;NA;ND;ND;ND;20.08;16.35;NA;NA;NA;
30;3;18.54;26.82;10.58;NA;ND;0.6;5.23;16.76;8.03;NA;NA;NA;
30;4;6.04;21.19;4.54;NA;ND;0.05;5.67;11.74;0.61;NA;NA;NA;
30;5;0.6;11.08;2.39;NA;ND;1.08;5.64;4.68;3.22;NA;NA;NA;
30;6;1.79;4.53;ND;NA;ND;0.55;10.5;6.93;1.81;NA;NA;NA;
30;7;6.61;11.78;ND;NA;ND;2.5;13.25;7.38;3.92;NA;NA;NA;
30;8;15.25;27.69;ND;NA;ND;9.44;21.18;11.62;11.89;NA;NA;NA;
30;9;36.46;39.44;ND;NA;ND;28.27;36.26;12.34;23.48;NA;NA;NA;
30;10;35.17;45.03;ND;NA;ND;24.77;35.78;27.11;39.56;NA;NA;NA;
30;11;43.64;47.16;ND;NA;ND;28.9;44.64;41.5;50.99;NA;NA;NA;
30;12;55.2;58.82;43.89;NA;ND;37.3;55.02;54.09;56.9;NA;NA;NA;
30;13;54.42;53.49;51.69;NA;ND;ND;52.57;52.42;39.97;NA;NA;NA;
30;14;51.46;56.08;49.46;NA;ND;ND;39.84;41.12;35.29;NA;NA;NA;
30;15;48.76;53.65;43.64;NA;ND;46.6;43.57;44.57;40.76;NA;NA;NA;
30;16;48.5;44.46;40.76;NA;ND;32.28;41.12;35.27;17.26;NA;NA;NA;
30;17;37.47;32.59;32.46;NA;ND;28.81;35.57;39.63;36.11;NA;NA;NA;
30;18;28.43;29.89;24.01;NA;ND;21.54;21.18;30.76;32.22;NA;NA;NA;
30;19;28.38;25.2;15.49;NA;ND;20.19;6.13;10.44;20.89;NA;NA;NA;
30;20;18.71;23.09;15.04;NA;ND;11.11;2.82;6.12;5.14;NA;NA;NA;
30;21;5.78;17.26;10.48;NA;ND;6.89;1.81;15.11;4.69;NA;NA;NA;
30;22;4.88;22.73;18.32;NA;ND;1.5;3.53;16.87;16.06;NA;NA;NA;
30;23;2.83;17.65;6.12;NA;ND;0.48;5.35;15.64;2.1;NA;NA;NA;
31;0;10.07;19.43;4.21;NA;ND;0.61;7.58;9.92;1.24;NA;NA;NA;
31;1;17.97;12.93;2.37;NA;ND;3.17;12.84;8.41;0.53;NA;NA;NA;
31;2;10.89;ND;ND;NA;ND;8.47;15.96;2.2;ND;NA;NA;NA;
31;3;7.12;11.44;8.75;NA;ND;6.5;3.87;1.24;0.27;NA;NA;NA;
31;4;4.92;2.42;7.9;NA;ND;1.96;1.99;0.71;0.17;NA;NA;NA;
31;5;5.59;1.46;1.45;NA;ND;0.02;0.6;1.28;0.22;NA;NA;NA;
31;6;3.3;1.05;1.33;NA;ND;0.73;2.41;1.41;0.53;NA;NA;NA;
31;7;6.08;12.06;2.89;NA;ND;5.07;14.12;3.28;1.77;NA;NA;NA;
31;8;16.01;13.2;7.83;NA;ND;14.03;26.03;6.34;8.32;NA;NA;NA;
31;9;26.86;25.61;14.28;NA;ND;17.88;37.62;14.43;17.51;NA;NA;NA;
31;10;41.04;34.39;21.02;NA;ND;19.21;37.53;30.87;14.69;NA;NA;NA;
31;11;44.84;45.01;39.8;NA;ND;37.91;49.71;47.43;21.25;NA;NA;NA;
31;12;54.66;55.67;43.83;NA;ND;41.41;56.96;58.69;25.92;NA;NA;NA;
31;13;56.78;54.87;47.43;NA;ND;48.52;43.34;60.3;36.03;NA;NA;NA;
31;14;52.4;50.97;45.46;NA;ND;45.25;42.04;51.08;47.53;NA;NA;NA;
31;15;45;44.37;36.47;NA;ND;45.86;46.54;48.24;37.5;NA;NA;NA;
31;16;37.26;37.21;32.63;NA;ND;33.93;40.2;41.53;41.26;NA;NA;NA;
31;17;35.12;37.85;25.15;NA;ND;27.93;36.62;35.16;29.26;NA;NA;NA;
31;18;22.9;26.08;19.59;NA;ND;18.23;22.65;29.51;27.05;NA;NA;NA;
31;19;14.96;24.33;16.61;NA;ND;16.62;16.4;25.75;27.5;NA;NA;NA;
31;20;18.01;19.41;19.65;NA;ND;16.28;14.61;18.68;14.16;NA;NA;NA;
31;21;13.8;15.11;18.58;NA;ND;13.26;5.91;8.83;9.29;NA;NA;NA;
31;22;6.3;20.98;12.9;NA;ND;5.95;6.43;10.45;4.41;NA;NA;NA;
31;23;17.82;10.73;17.4;NA;ND;7.74;4.15;19.14;7.08;NA;NA;NA;
