DIA;HORA;Cotocollao;Carapungo;Belisario;Jipijapa;El Camal;Centro;Guamaní;Tumbaco;Los Chillos;El Condado;Turubamba;Chillogallo;
1;0;0.59;ND;ND;NA;ND;0.66;0.59;NA;ND;NA;NA;NA;
1;1;0.43;0.29;0.42;NA;ND;0.56;0.43;NA;0.37;NA;NA;NA;
1;2;0.44;0.31;0.41;NA;ND;0.47;0.43;NA;0.43;NA;NA;NA;
1;3;0.42;0.25;0.4;NA;ND;0.49;0.42;NA;0.53;NA;NA;NA;
1;4;0.43;0.2;0.3;NA;ND;0.43;0.72;NA;0.48;NA;NA;NA;
1;5;0.61;0.29;0.41;NA;ND;0.52;0.84;NA;0.58;NA;NA;NA;
1;6;1.66;0.96;0.88;NA;ND;1.12;1.34;NA;0.92;NA;NA;NA;
1;7;1.07;1;1.32;NA;ND;1.54;1.31;NA;0.87;NA;NA;NA;
1;8;0.61;0.35;1.54;NA;ND;1.47;0.43;NA;0.67;NA;NA;NA;
1;9;0.52;0.3;0.7;NA;ND;0.72;0.42;NA;0.48;NA;NA;NA;
1;10;0.55;0.27;0.65;NA;ND;0.53;0.57;NA;0.43;NA;NA;NA;
1;11;0.45;0.26;ND;NA;ND;0.51;0.56;NA;0.34;NA;NA;NA;
1;12;0.44;0.29;0.47;NA;ND;0.47;0.55;NA;0.3;NA;NA;NA;
1;13;0.41;0.25;0.59;NA;ND;0.39;0.52;NA;0.28;NA;NA;NA;
1;14;0.36;0.3;ND;NA;ND;0.54;0.53;NA;0.34;NA;NA;NA;
1;15;0.37;0.29;0.56;NA;ND;0.55;0.71;NA;0.41;NA;NA;NA;
1;16;0.39;0.23;0.53;NA;ND;0.58;0.82;NA;0.45;NA;NA;NA;
1;17;0.43;0.32;0.77;NA;ND;0.6;0.75;NA;0.68;NA;NA;NA;
1;18;0.52;0.36;0.91;NA;ND;0.97;1.04;NA;0.77;NA;NA;NA;
1;19;0.86;0.48;1.09;NA;ND;1.18;0.89;NA;0.97;NA;NA;NA;
1;20;0.84;0.45;0.73;NA;ND;0.96;0.77;NA;0.49;NA;NA;NA;
1;21;0.46;0.37;0.53;NA;ND;0.56;0.74;NA;0.49;NA;NA;NA;
1;22;0.5;0.4;0.57;NA;ND;0.58;0.82;NA;0.48;NA;NA;NA;
1;23;0.38;0.21;0.38;NA;ND;0.48;0.59;NA;0.48;NA;NA;NA;
2;0;ND;0.27;0.4;NA;ND;ND;ND;NA;0.59;NA;NA;NA;
2;1;0.41;0.29;0.35;NA;ND;0.45;0.48;NA;0.64;NA;NA;NA;
2;2;0.37;0.29;0.34;NA;ND;0.49;0.39;NA;0.42;NA;NA;NA;
2;3;0.34;0.32;0.33;NA;ND;0.47;0.37;NA;0.44;NA;NA;NA;
2;4;0.34;0.47;0.34;NA;ND;0.59;0.4;NA;0.44;NA;NA;NA;
2;5;0.69;1.05;0.58;NA;ND;1.01;0.49;NA;0.57;NA;NA;NA;
2;6;2.12;3.15;1.55;NA;ND;1.8;0.64;NA;1.1;NA;NA;NA;
2;7;1.28;1.93;1.08;NA;ND;1.08;0.58;NA;1.35;NA;NA;NA;
2;8;0.61;0.82;0.61;NA;ND;0.77;0.49;NA;0.61;NA;NA;NA;
2;9;0.58;0.37;0.56;NA;ND;0.47;0.44;NA;0.42;NA;NA;NA;
2;10;0.49;0.28;0.42;NA;ND;0.47;0.42;NA;0.29;NA;NA;NA;
2;11;0.39;0.22;0.51;NA;ND;ND;0.4;NA;0.29;NA;NA;NA;
2;12;0.38;0.28;0.54;NA;ND;ND;0.44;NA;0.28;NA;NA;NA;
2;13;0.36;0.26;0.56;NA;ND;0.43;0.42;NA;0.33;NA;NA;NA;
2;14;0.4;0.23;0.59;NA;ND;ND;0.42;NA;0.33;NA;NA;NA;
2;15;0.4;0.26;0.57;NA;ND;0.55;0.48;NA;0.39;NA;NA;NA;
2;16;0.41;0.23;0.67;NA;ND;0.69;0.56;NA;0.44;NA;NA;NA;
2;17;0.45;0.26;0.65;NA;ND;0.87;0.71;NA;0.35;NA;NA;NA;
2;18;0.52;0.42;0.62;NA;ND;1.07;1.08;NA;0.33;NA;NA;NA;
2;19;0.79;0.6;0.64;NA;ND;1.33;1.72;NA;0.53;NA;NA;NA;
2;20;1.28;0.6;0.86;NA;ND;1.46;0.95;NA;0.83;NA;NA;NA;
2;21;0.93;0.53;0.35;NA;ND;1.07;0.89;NA;0.87;NA;NA;NA;
2;22;0.68;0.51;ND;NA;ND;1.17;0.59;NA;0.7;NA;NA;NA;
2;23;0.51;0.72;0.72;NA;ND;0.96;0.41;NA;0.41;NA;NA;NA;
3;0;0.48;ND;ND;NA;ND;0.59;0.39;NA;ND;NA;NA;NA;
3;1;0.5;0.53;0.01;NA;ND;0.51;0.38;NA;0.47;NA;NA;NA;
3;2;0.49;0.51;0;NA;ND;0.48;0.37;NA;0.34;NA;NA;NA;
3;3;0.44;0.39;ND;NA;ND;0.47;0.36;NA;0.39;NA;NA;NA;
3;4;0.4;0.3;ND;NA;ND;0.5;0.37;NA;0.44;NA;NA;NA;
3;5;0.73;0.91;ND;NA;ND;0.6;0.45;NA;0.67;NA;NA;NA;
3;6;2.86;3.94;ND;NA;ND;1.17;0.59;NA;1.15;NA;NA;NA;
3;7;1.83;1.83;ND;NA;ND;1.1;0.56;NA;1.54;NA;NA;NA;
3;8;0.65;0.72;ND;NA;ND;0.78;0.48;NA;0.71;NA;NA;NA;
3;9;0.52;0.52;ND;NA;ND;0.65;0.44;NA;0.38;NA;NA;NA;
3;10;0.44;0.34;ND;NA;ND;0.6;0.49;NA;0.35;NA;NA;NA;
3;11;0.37;0.28;ND;NA;ND;0.55;0.42;NA;0.42;NA;NA;NA;
3;12;0.38;0.38;0.48;NA;ND;0.55;0.44;NA;0.35;NA;NA;NA;
3;13;0.39;0.29;0.49;NA;ND;0.55;0.39;NA;0.37;NA;NA;NA;
3;14;0.38;0.27;0.46;NA;ND;0.53;0.41;NA;0.28;NA;NA;NA;
3;15;0.4;0.25;0.37;NA;ND;0.69;0.54;NA;0.31;NA;NA;NA;
3;16;0.39;0.29;0.41;NA;ND;0.68;0.84;NA;0.32;NA;NA;NA;
3;17;0.48;0.34;0.91;NA;ND;0.95;0.87;NA;0.3;NA;NA;NA;
3;18;0.66;0.49;1.19;NA;ND;1.07;0.97;NA;0.39;NA;NA;NA;
3;19;0.8;0.43;1.14;NA;ND;1.27;0.85;NA;0.41;NA;NA;NA;
3;20;0.66;0.5;0.93;NA;ND;1.23;0.66;NA;0.4;NA;NA;NA;
3;21;0.88;0.37;1.04;NA;ND;1.03;0.65;NA;0.38;NA;NA;NA;
3;22;0.67;0.35;0.75;NA;ND;0.85;0.64;NA;0.37;NA;NA;NA;
3;23;0.79;0.46;0.86;NA;ND;1.03;0.7;NA;0.38;NA;NA;NA;
4;0;ND;0.32;0.61;NA;ND;ND;ND;NA;0.39;NA;NA;NA;
4;1;0.52;0.28;0.46;NA;ND;0.79;0.6;NA;0.37;NA;NA;NA;
4;2;0.44;0.21;0.38;NA;ND;0.64;0.54;NA;0.33;NA;NA;NA;
4;3;0.45;0.24;0.34;NA;ND;0.58;0.53;NA;0.3;NA;NA;NA;
4;4;0.47;0.27;0.33;NA;ND;0.59;0.54;NA;0.31;NA;NA;NA;
4;5;0.58;0.39;0.36;NA;ND;0.79;0.75;NA;0.35;NA;NA;NA;
4;6;1.6;1.51;0.76;NA;ND;1.55;1.3;NA;0.68;NA;NA;NA;
4;7;1.95;2;1.95;NA;ND;2.06;1.15;NA;1.14;NA;NA;NA;
4;8;1.67;0.76;2.02;NA;ND;1.68;0.6;NA;0.83;NA;NA;NA;
4;9;1.39;1.04;1.84;NA;ND;1.16;0.5;NA;0.6;NA;NA;NA;
4;10;0.95;0.64;0.48;NA;ND;ND;0.48;NA;0.5;NA;NA;NA;
4;11;0.66;0.35;0.68;NA;ND;0.61;0.47;NA;0.41;NA;NA;NA;
4;12;0.47;0.33;0.69;NA;ND;0.55;0.57;NA;0.4;NA;NA;NA;
4;13;0.42;0.3;0.62;NA;ND;0.58;0.58;NA;0.33;NA;NA;NA;
4;14;0.42;0.29;0.56;NA;ND;0.58;0.65;NA;0.29;NA;NA;NA;
4;15;0.44;0.29;0.61;NA;ND;0.55;0.72;NA;0.29;NA;NA;NA;
4;16;0.47;0.33;0.69;NA;ND;0.55;0.89;NA;0.3;NA;NA;NA;
4;17;0.54;0.44;0.91;NA;ND;0.71;1.09;NA;0.35;NA;NA;NA;
4;18;0.71;0.45;0.99;NA;ND;0.74;1.09;NA;0.64;NA;NA;NA;
4;19;0.72;0.38;0.93;NA;ND;0.76;0.84;NA;0.4;NA;NA;NA;
4;20;0.73;0.36;0.84;NA;ND;0.71;0.65;NA;0.34;NA;NA;NA;
4;21;0.92;0.36;0.77;NA;ND;0.77;0.65;NA;0.31;NA;NA;NA;
4;22;0.79;0.32;0.47;NA;ND;0.5;0.62;NA;0.31;NA;NA;NA;
4;23;0.54;0.27;0.39;NA;ND;0.91;0.67;NA;0.29;NA;NA;NA;
5;0;0.59;ND;ND;NA;ND;0.68;0.71;NA;ND;NA;NA;NA;
5;1;0.51;0.24;0.58;NA;ND;0.58;0.74;NA;0.28;NA;NA;NA;
5;2;0.47;0.2;0.47;NA;ND;0.48;0.58;NA;0.29;NA;NA;NA;
5;3;0.46;0.21;0.47;NA;ND;0.46;0.57;NA;0.29;NA;NA;NA;
5;4;0.51;0.19;0.44;NA;ND;0.44;0.6;NA;0.29;NA;NA;NA;
5;5;0.62;0.22;0.48;NA;ND;0.53;0.67;NA;0.32;NA;NA;NA;
5;6;1.13;0.67;0.7;NA;ND;1.01;0.95;NA;0.64;NA;NA;NA;
5;7;1.31;0.92;0.94;NA;ND;0.83;1.12;NA;0.65;NA;NA;NA;
5;8;1.07;0.67;1.2;NA;ND;0.93;0.96;NA;0.55;NA;NA;NA;
5;9;0.64;0.56;ND;NA;ND;0.91;1.24;NA;0.61;NA;NA;NA;
5;10;0.58;0.54;0.74;NA;ND;0.81;1.12;NA;0.51;NA;NA;NA;
5;11;0.45;0.3;0.71;NA;ND;0.7;0.84;NA;0.52;NA;NA;NA;
5;12;0.47;0.39;0.71;NA;ND;0.69;0.9;NA;0.51;NA;NA;NA;
5;13;0.43;0.3;0.66;NA;ND;0.74;0.72;NA;0.57;NA;NA;NA;
5;14;0.46;0.31;0.65;NA;ND;0.63;0.73;NA;0.52;NA;NA;NA;
5;15;0.47;0.25;0.75;NA;ND;0.58;0.81;NA;0.41;NA;NA;NA;
5;16;0.49;0.32;0.75;NA;ND;0.59;1.09;NA;0.42;NA;NA;NA;
5;17;0.47;0.36;0.89;NA;ND;0.69;1.3;NA;0.38;NA;NA;NA;
5;18;0.63;0.47;1.04;NA;ND;0.83;1.56;NA;0.38;NA;NA;NA;
5;19;0.85;0.46;0.92;NA;ND;0.78;1.37;NA;0.36;NA;NA;NA;
5;20;0.8;0.64;1.09;NA;ND;0.7;1.03;NA;0.32;NA;NA;NA;
5;21;0.76;0.66;0.91;NA;ND;0.7;0.82;NA;0.31;NA;NA;NA;
5;22;0.75;0.44;0.93;NA;ND;0.59;0.74;NA;0.3;NA;NA;NA;
5;23;0.71;0.61;0.9;NA;ND;0.8;0.73;NA;0.33;NA;NA;NA;
6;0;ND;0.6;0.96;NA;ND;ND;ND;NA;0.31;NA;NA;NA;
6;1;0.94;0.7;0.95;NA;ND;0.82;0.68;NA;0.4;NA;NA;NA;
6;2;1.15;0.56;0.98;NA;ND;1.08;0.71;NA;0.42;NA;NA;NA;
6;3;1.15;0.74;0.91;NA;ND;0.94;0.83;NA;0.45;NA;NA;NA;
6;4;0.77;0.46;0.77;NA;ND;1.3;1.24;NA;0.47;NA;NA;NA;
6;5;0.65;0.38;0.75;NA;ND;0.78;1.44;NA;0.4;NA;NA;NA;
6;6;0.76;0.48;0.78;NA;ND;0.81;2.22;NA;0.48;NA;NA;NA;
6;7;0.94;0.64;0.94;NA;ND;1.14;1.28;NA;0.63;NA;NA;NA;
6;8;0.92;0.72;1.12;NA;ND;1.33;1.34;NA;0.51;NA;NA;NA;
6;9;1.16;0.66;0.98;NA;ND;1.01;0.58;NA;0.5;NA;NA;NA;
6;10;0.83;0.51;0.65;NA;ND;0.59;0.58;NA;0.52;NA;NA;NA;
6;11;0.55;0.42;0.54;NA;ND;0.51;0.56;NA;0.37;NA;NA;NA;
6;12;0.46;0.32;0.53;NA;ND;0.65;0.68;NA;0.31;NA;NA;NA;
6;13;0.44;0.27;0.53;NA;ND;0.68;0.8;NA;0.39;NA;NA;NA;
6;14;0.49;0.31;0.66;NA;ND;0.67;0.8;NA;0.49;NA;NA;NA;
6;15;0.48;0.36;0.66;NA;ND;0.88;0.88;NA;0.45;NA;NA;NA;
6;16;0.56;0.4;0.62;NA;ND;0.75;0.79;NA;0.47;NA;NA;NA;
6;17;0.83;0.72;0.75;NA;ND;0.97;0.98;NA;0.68;NA;NA;NA;
6;18;0.74;0.48;0.9;NA;ND;1.31;1.37;NA;0.93;NA;NA;NA;
6;19;0.78;0.39;0.66;NA;ND;1.43;1.13;NA;1.17;NA;NA;NA;
6;20;0.95;0.36;0.69;NA;ND;1.1;1.29;NA;1.13;NA;NA;NA;
6;21;0.75;0.39;0.74;NA;ND;1.36;0.71;NA;1.24;NA;NA;NA;
6;22;0.64;0.51;0.8;NA;ND;1.45;0.89;NA;0.95;NA;NA;NA;
6;23;0.63;0.42;0.61;NA;ND;0.76;0.82;NA;0.6;NA;NA;NA;
7;0;0.66;ND;ND;NA;ND;0.72;0.71;NA;ND;NA;NA;NA;
7;1;0.65;0.23;0.51;NA;ND;0.6;0.69;NA;0.49;NA;NA;NA;
7;2;0.5;0.23;0.51;NA;ND;0.59;0.61;NA;0.41;NA;NA;NA;
7;3;0.48;0.21;0.48;NA;ND;0.52;0.53;NA;0.38;NA;NA;NA;
7;4;0.44;0.19;0.36;NA;ND;0.47;0.52;NA;0.36;NA;NA;NA;
7;5;0.46;0.2;0.35;NA;ND;0.44;0.55;NA;0.47;NA;NA;NA;
7;6;0.56;0.28;0.39;NA;ND;0.56;0.68;NA;0.64;NA;NA;NA;
7;7;0.68;0.4;0.59;NA;ND;0.74;0.72;NA;0.68;NA;NA;NA;
7;8;0.67;0.37;0.61;NA;ND;0.75;0.78;NA;0.56;NA;NA;NA;
7;9;0.64;0.37;0.5;NA;ND;0.51;0.74;NA;0.35;NA;NA;NA;
7;10;0.67;0.46;0.57;NA;ND;0.52;0.72;NA;0.33;NA;NA;NA;
7;11;0.53;0.39;0.59;NA;ND;0.51;0.69;NA;0.36;NA;NA;NA;
7;12;0.46;0.31;0.48;NA;ND;0.63;0.92;NA;0.37;NA;NA;NA;
7;13;0.47;0.31;0.59;NA;ND;0.97;0.93;NA;0.33;NA;NA;NA;
7;14;0.46;0.32;0.54;NA;ND;0.64;0.89;NA;0.35;NA;NA;NA;
7;15;0.55;0.34;0.56;NA;ND;0.59;0.78;NA;0.36;NA;NA;NA;
7;16;0.78;0.34;0.6;NA;ND;0.64;0.8;NA;0.46;NA;NA;NA;
7;17;0.8;0.34;0.72;NA;ND;0.69;0.7;NA;0.38;NA;NA;NA;
7;18;0.85;0.51;0.67;NA;ND;0.63;0.82;NA;0.53;NA;NA;NA;
7;19;0.77;0.67;0.78;NA;ND;0.61;0.74;NA;0.74;NA;NA;NA;
7;20;0.87;0.84;0.6;NA;ND;0.69;0.87;NA;0.7;NA;NA;NA;
7;21;0.9;0.65;0.72;NA;ND;1.01;1.18;NA;0.7;NA;NA;NA;
7;22;0.97;0.64;0.54;NA;ND;0.81;1.1;NA;0.76;NA;NA;NA;
7;23;0.92;0.61;0.73;NA;ND;0.96;0.75;NA;0.56;NA;NA;NA;
8;0;ND;0.63;0.55;NA;ND;ND;ND;NA;0.35;NA;NA;NA;
8;1;0.59;0.54;0.42;NA;ND;0.47;0.78;NA;0.29;NA;NA;NA;
8;2;0.61;0.57;0.42;NA;ND;0.42;0.52;NA;0.28;NA;NA;NA;
8;3;0.6;0.48;0.34;NA;ND;0.41;0.53;NA;0.28;NA;NA;NA;
8;4;0.7;0.38;0.34;NA;ND;0.51;0.68;NA;0.35;NA;NA;NA;
8;5;1.01;0.43;0.4;NA;ND;0.94;1.28;NA;0.42;NA;NA;NA;
8;6;1.82;1.36;1.12;NA;ND;1.76;2.85;NA;1.12;NA;NA;NA;
8;7;1.75;1.43;1.61;NA;ND;2.69;1.44;NA;1.27;NA;NA;NA;
8;8;1.54;1.49;1.74;NA;ND;1.95;0.79;NA;0.69;NA;NA;NA;
8;9;0.98;0.72;1.43;NA;ND;0.87;0.55;NA;0.6;NA;NA;NA;
8;10;0.89;0.73;1.03;NA;ND;0.63;0.57;NA;0.49;NA;NA;NA;
8;11;0.6;0.43;0.93;NA;ND;0.76;0.58;NA;0.36;NA;NA;NA;
8;12;0.51;0.32;0.68;NA;ND;0.73;0.71;NA;0.35;NA;NA;NA;
8;13;ND;0.29;0.56;NA;ND;0.61;0.78;NA;0.33;NA;NA;NA;
8;14;ND;0.26;0.62;NA;ND;0.56;0.78;NA;0.3;NA;NA;NA;
8;15;0.35;0.28;0.88;NA;ND;0.57;0.76;NA;0.29;NA;NA;NA;
8;16;0.37;0.31;0.94;NA;ND;0.66;0.8;NA;0.29;NA;NA;NA;
8;17;0.48;0.32;1.17;NA;ND;0.74;0.83;NA;0.35;NA;NA;NA;
8;18;0.77;0.39;0.99;NA;ND;0.75;0.84;NA;0.36;NA;NA;NA;
8;19;0.7;0.37;0.89;NA;ND;0.89;0.69;NA;0.32;NA;NA;NA;
8;20;0.63;0.41;0.81;NA;ND;1.08;0.67;NA;0.37;NA;NA;NA;
8;21;0.69;0.36;0.73;NA;ND;1.08;0.63;NA;0.39;NA;NA;NA;
8;22;0.68;0.41;0.63;NA;ND;0.94;0.59;NA;0.33;NA;NA;NA;
8;23;0.49;0.3;0.55;NA;ND;0.65;0.58;NA;0.27;NA;NA;NA;
9;0;0.51;ND;ND;NA;ND;0.65;0.53;NA;ND;NA;NA;NA;
9;1;0.5;0.26;0.4;NA;ND;0.48;0.5;NA;0.23;NA;NA;NA;
9;2;0.5;0.24;0.37;NA;ND;0.46;0.64;NA;0.24;NA;NA;NA;
9;3;0.42;0.23;0.29;NA;ND;0.36;0.54;NA;0.25;NA;NA;NA;
9;4;0.45;0.21;0.3;NA;ND;0.36;0.5;NA;0.24;NA;NA;NA;
9;5;0.53;0.22;0.32;NA;ND;0.43;0.64;NA;0.28;NA;NA;NA;
9;6;0.95;0.56;0.69;NA;ND;0.86;1.51;NA;0.41;NA;NA;NA;
9;7;1.02;0.82;1.23;NA;ND;1.36;1.38;NA;0.53;NA;NA;NA;
9;8;1.18;0.56;1.22;NA;ND;1.2;0.64;NA;0.44;NA;NA;NA;
9;9;0.84;0.44;0.89;NA;ND;0.87;0.59;NA;0.37;NA;NA;NA;
9;10;0.61;0.41;0.77;NA;ND;0.92;0.68;NA;0.36;NA;NA;NA;
9;11;0.46;ND;0.67;NA;ND;0.83;0.76;NA;0.32;NA;NA;NA;
9;12;ND;ND;0.45;NA;ND;0.84;0.76;NA;0.41;NA;NA;NA;
9;13;0.26;0.3;0.56;NA;ND;0.58;0.58;NA;0.39;NA;NA;NA;
9;14;ND;0.23;0.74;NA;ND;0.4;0.6;NA;0.29;NA;NA;NA;
9;15;0.46;ND;0.67;NA;ND;0.45;0.6;NA;0.27;NA;NA;NA;
9;16;0.45;0.1;0.7;NA;ND;0.48;0.61;NA;0.28;NA;NA;NA;
9;17;0.5;0.15;0.82;NA;ND;0.61;0.71;NA;0.28;NA;NA;NA;
9;18;0.76;0.19;0.92;NA;ND;0.67;0.76;NA;0.33;NA;NA;NA;
9;19;0.7;0.17;0.92;NA;ND;0.76;0.98;NA;0.31;NA;NA;NA;
9;20;0.68;0.19;0.79;NA;ND;0.66;0.79;NA;0.32;NA;NA;NA;
9;21;0.74;0.07;0.75;NA;ND;0.52;0.81;NA;0.3;NA;NA;NA;
9;22;0.67;0.07;0.69;NA;ND;0.46;0.84;NA;0.29;NA;NA;NA;
9;23;0.56;0;0.48;NA;ND;0.52;0.68;NA;0.26;NA;NA;NA;
10;0;ND;0;0.37;NA;ND;ND;ND;NA;0.24;NA;NA;NA;
10;1;0.47;0;0.3;NA;ND;0.37;0.53;NA;0.24;NA;NA;NA;
10;2;0.45;0;0.26;NA;ND;0.33;0.5;NA;0.25;NA;NA;NA;
10;3;0.46;0;0.25;NA;ND;0.3;0.54;NA;0.26;NA;NA;NA;
10;4;0.49;0.01;0.27;NA;ND;0.31;0.54;NA;0.28;NA;NA;NA;
10;5;0.68;0.16;0.29;NA;ND;0.59;0.84;NA;0.35;NA;NA;NA;
10;6;2.48;1.08;0.75;NA;ND;1.34;1.47;NA;0.69;NA;NA;NA;
10;7;2.17;1.37;1.19;NA;ND;1.86;1.77;NA;0.84;NA;NA;NA;
10;8;1.44;0.47;1.56;NA;ND;1.48;1.7;NA;0.83;NA;NA;NA;
10;9;1.01;0.3;1.03;NA;ND;0.69;0.75;NA;0.53;NA;NA;NA;
10;10;0.68;0.09;0.86;NA;ND;0.71;0.57;NA;0.29;NA;NA;NA;
10;11;0.57;0.01;0.84;NA;ND;0.78;0.62;NA;0.27;NA;NA;NA;
10;12;ND;0.02;0.63;NA;ND;0.67;0.78;NA;0.28;NA;NA;NA;
10;13;ND;0;0.54;NA;ND;0.61;0.71;NA;0.3;NA;NA;NA;
10;14;ND;0;0.45;NA;ND;0.57;0.61;NA;0.34;NA;NA;NA;
10;15;0.3;0;0.81;NA;ND;0.44;0.61;NA;0.53;NA;NA;NA;
10;16;0.29;0.01;0.74;NA;ND;0.48;0.59;NA;0.33;NA;NA;NA;
10;17;0.35;0.02;0.93;NA;ND;0.64;0.62;NA;0.3;NA;NA;NA;
10;18;0.4;0.11;1.19;NA;ND;0.75;0.74;NA;0.32;NA;NA;NA;
10;19;0.55;0.16;1.61;NA;ND;0.93;0.65;NA;0.4;NA;NA;NA;
10;20;0.9;0.2;1.08;NA;ND;0.78;0.67;NA;0.58;NA;NA;NA;
10;21;1.17;0.36;0.68;NA;ND;0.57;0.6;NA;0.53;NA;NA;NA;
10;22;0.73;0.24;0.5;NA;ND;0.59;0.59;NA;0.59;NA;NA;NA;
10;23;0.73;0.11;0.46;NA;ND;0.63;0.67;NA;0.45;NA;NA;NA;
11;0;0.68;ND;ND;NA;ND;0.72;0.65;NA;ND;NA;NA;NA;
11;1;0.44;0;0.43;NA;ND;0.57;0.58;NA;0.34;NA;NA;NA;
11;2;0.39;0;0.39;NA;ND;0.46;0.58;NA;0.29;NA;NA;NA;
11;3;0.44;0.02;0.35;NA;ND;0.44;0.59;NA;0.32;NA;NA;NA;
11;4;0.43;0.07;0.37;NA;ND;0.48;0.62;NA;0.33;NA;NA;NA;
11;5;0.75;0.11;0.42;NA;ND;0.6;1.06;NA;0.4;NA;NA;NA;
11;6;1.53;0.5;0.96;NA;ND;1.35;2.19;NA;0.83;NA;NA;NA;
11;7;2.17;0.85;1.64;NA;ND;1.78;2.29;NA;1.35;NA;NA;NA;
11;8;1.99;0.85;1.74;NA;ND;1.56;1.22;NA;0.71;NA;NA;NA;
11;9;1.55;0.68;1.38;NA;ND;0.9;1.06;NA;0.48;NA;NA;NA;
11;10;1.41;0.38;0.71;NA;ND;0.8;0.71;NA;0.41;NA;NA;NA;
11;11;0.53;0.18;0.71;NA;ND;0.89;0.6;NA;0.37;NA;NA;NA;
11;12;0.41;0.03;0.64;NA;ND;1.05;0.68;NA;0.25;NA;NA;NA;
11;13;0.36;0.11;0.47;NA;ND;0.8;0.91;NA;0.28;NA;NA;NA;
11;14;0.34;0.17;0.52;NA;ND;0.68;1.04;NA;0.37;NA;NA;NA;
11;15;0.38;0.04;0.4;NA;ND;0.56;1.07;NA;0.32;NA;NA;NA;
11;16;0.34;0.04;0.64;NA;ND;0.55;0.81;NA;0.28;NA;NA;NA;
11;17;0.39;0.08;1.18;NA;ND;0.69;0.81;NA;0.3;NA;NA;NA;
11;18;0.6;0.2;1.33;NA;ND;0.81;0.95;NA;0.33;NA;NA;NA;
11;19;0.79;0.16;1.35;NA;ND;1.16;0.76;NA;0.39;NA;NA;NA;
11;20;1.07;0.34;1.56;NA;ND;1.09;0.85;NA;0.37;NA;NA;NA;
11;21;1.06;0.78;1.41;NA;ND;1.25;0.84;NA;0.42;NA;NA;NA;
11;22;1.44;0.48;1.09;NA;ND;1.27;1.07;NA;0.46;NA;NA;NA;
11;23;1.2;0.27;0.6;NA;ND;0.72;0.7;NA;0.38;NA;NA;NA;
12;0;ND;0.56;0.51;NA;ND;ND;ND;NA;0.39;NA;NA;NA;
12;1;1.07;0.38;0.61;NA;ND;0.68;0.68;NA;0.41;NA;NA;NA;
12;2;0.85;0.12;0.46;NA;ND;0.53;0.67;NA;0.35;NA;NA;NA;
12;3;0.83;0.12;0.5;NA;ND;0.6;0.69;NA;0.36;NA;NA;NA;
12;4;0.77;0.21;0.46;NA;ND;0.58;0.64;NA;0.37;NA;NA;NA;
12;5;0.76;0.32;0.47;NA;ND;0.67;0.83;NA;0.52;NA;NA;NA;
12;6;1.75;0.99;0.7;NA;ND;1.24;1.83;NA;0.97;NA;NA;NA;
12;7;1.39;0.66;1.36;NA;ND;1.78;0.69;NA;1.15;NA;NA;NA;
12;8;1.35;0.51;1.38;NA;ND;1.03;0.66;NA;0.59;NA;NA;NA;
12;9;0.84;0.21;1.19;NA;ND;0.72;0.68;NA;0.41;NA;NA;NA;
12;10;0.47;0.1;0.74;NA;ND;0.87;0.84;NA;0.35;NA;NA;NA;
12;11;0.33;0;0.69;NA;ND;0.77;0.77;NA;0.35;NA;NA;NA;
12;12;0.29;0.04;0.5;NA;ND;0.7;0.75;NA;0.3;NA;NA;NA;
12;13;0.27;0.15;0.82;NA;ND;0.81;0.94;NA;0.52;NA;NA;NA;
12;14;0.3;0.61;0.91;NA;ND;1.26;1.09;NA;0.64;NA;NA;NA;
12;15;0.51;0.32;1.41;NA;ND;1.08;1.14;NA;0.67;NA;NA;NA;
12;16;0.64;0.49;1.68;NA;ND;0.91;0.97;NA;0.77;NA;NA;NA;
12;17;0.37;0.46;1.45;NA;ND;1.55;1.47;NA;0.95;NA;NA;NA;
12;18;0.61;0.65;1.2;NA;ND;1.09;1.6;NA;1.1;NA;NA;NA;
12;19;0.62;0.22;1.09;NA;ND;1.81;2.83;NA;0.99;NA;NA;NA;
12;20;0.76;0.36;1.22;NA;ND;1.64;2.78;NA;1.58;NA;NA;NA;
12;21;1.44;0.42;1.39;NA;ND;1.08;2.98;NA;1.62;NA;NA;NA;
12;22;0.71;0.14;1.08;NA;ND;0.81;3.73;NA;1.28;NA;NA;NA;
12;23;0.64;0.37;1.2;NA;ND;1.53;1.43;NA;1.01;NA;NA;NA;
13;0;0.46;ND;ND;NA;ND;1.11;1.15;NA;ND;NA;NA;NA;
13;1;0.73;0.47;1.75;NA;ND;1.3;1.24;NA;0.51;NA;NA;NA;
13;2;0.87;0.58;1.08;NA;ND;0.78;0.96;NA;0.57;NA;NA;NA;
13;3;0.9;0.57;0.76;NA;ND;0.73;0.92;NA;0.53;NA;NA;NA;
13;4;0.95;0.28;0.63;NA;ND;0.97;1.54;NA;0.59;NA;NA;NA;
13;5;1.2;0.34;0.6;NA;ND;1.23;2.36;NA;0.54;NA;NA;NA;
13;6;1.73;1.32;0.93;NA;ND;1.95;1.85;NA;0.81;NA;NA;NA;
13;7;1.58;1.13;1.29;NA;ND;1.51;0.81;NA;0.87;NA;NA;NA;
13;8;1.15;0.48;1.07;NA;ND;1.22;0.73;NA;0.88;NA;NA;NA;
13;9;0.69;0.38;0.89;NA;ND;0.89;0.85;NA;0.59;NA;NA;NA;
13;10;0.5;0.31;0.84;NA;ND;0.86;0.94;NA;0.42;NA;NA;NA;
13;11;0.39;ND;0.79;NA;ND;1;0.83;NA;0.6;NA;NA;NA;
13;12;0.27;ND;0.77;NA;ND;0.55;0.76;NA;0.5;NA;NA;NA;
13;13;0.28;0.07;0.65;NA;ND;0.54;0.76;NA;0.29;NA;NA;NA;
13;14;0.29;0.07;0.43;NA;ND;0.51;0.78;NA;0.29;NA;NA;NA;
13;15;0.26;ND;0.34;NA;ND;0.52;0.78;NA;0.39;NA;NA;NA;
13;16;0.3;0.21;0.55;NA;ND;0.67;0.95;NA;0.5;NA;NA;NA;
13;17;0.65;0.22;0.57;NA;ND;0.73;0.95;NA;0.42;NA;NA;NA;
13;18;0.49;0.12;0.9;NA;ND;0.82;0.99;NA;0.7;NA;NA;NA;
13;19;0.45;0.23;1;NA;ND;0.88;0.88;NA;0.58;NA;NA;NA;
13;20;0.64;0.27;0.93;NA;ND;0.84;0.98;NA;0.53;NA;NA;NA;
13;21;0.58;0.14;0.89;NA;ND;0.86;0.87;NA;0.44;NA;NA;NA;
13;22;0.59;0.2;0.68;NA;ND;0.7;0.95;NA;0.35;NA;NA;NA;
13;23;0.86;0.35;0.62;NA;ND;0.67;ND;NA;0.43;NA;NA;NA;
14;0;ND;0.39;0.53;NA;ND;ND;0.83;NA;0.57;NA;NA;NA;
14;1;0.83;0.34;0.48;NA;ND;0.81;0.8;NA;0.37;NA;NA;NA;
14;2;0.65;0.05;0.47;NA;ND;0.78;0.61;NA;0.32;NA;NA;NA;
14;3;0.47;0.08;0.48;NA;ND;0.52;0.81;NA;0.35;NA;NA;NA;
14;4;0.41;0.1;0.39;NA;ND;0.52;1.31;NA;0.34;NA;NA;NA;
14;5;0.47;0.24;0.39;NA;ND;0.51;1.8;NA;0.33;NA;NA;NA;
14;6;0.59;0.96;0.67;NA;ND;1.12;0.78;NA;0.53;NA;NA;NA;
14;7;0.69;0.44;0.82;NA;ND;0.99;0.71;NA;0.55;NA;NA;NA;
14;8;0.51;0.35;0.64;NA;ND;0.76;0.71;NA;0.52;NA;NA;NA;
14;9;0.61;0.26;0.61;NA;ND;0.63;0.65;NA;0.4;NA;NA;NA;
14;10;0.4;0.13;0.62;NA;ND;0.61;0.77;NA;0.29;NA;NA;NA;
14;11;0.29;0.06;0.53;NA;ND;0.63;0.66;NA;0.31;NA;NA;NA;
14;12;0.22;0.08;0.45;NA;ND;0.51;0.68;NA;0.31;NA;NA;NA;
14;13;0.19;0.07;0.49;NA;ND;0.42;0.68;NA;0.28;NA;NA;NA;
14;14;0.2;0;0.27;NA;ND;0.42;0.63;NA;0.2;NA;NA;NA;
14;15;0.19;0.01;0.25;NA;ND;0.45;0.68;NA;0.22;NA;NA;NA;
14;16;0.2;0;0.27;NA;ND;0.47;0.7;NA;0.23;NA;NA;NA;
14;17;0.22;0.02;0.4;NA;ND;0.47;0.78;NA;0.24;NA;NA;NA;
14;18;0.41;0.08;0.6;NA;ND;0.5;0.79;NA;0.27;NA;NA;NA;
14;19;0.67;0.16;0.57;NA;ND;0.55;0.94;NA;0.27;NA;NA;NA;
14;20;0.9;0.14;0.58;NA;ND;0.53;0.86;NA;0.28;NA;NA;NA;
14;21;0.6;0.12;0.46;NA;ND;0.51;0.74;NA;0.29;NA;NA;NA;
14;22;0.69;0.16;0.55;NA;ND;0.52;0.65;NA;0.35;NA;NA;NA;
14;23;0.68;0.18;0.45;NA;ND;0.49;0.56;NA;0.28;NA;NA;NA;
15;0;0.54;ND;ND;NA;ND;0.45;0.57;NA;ND;NA;NA;NA;
15;1;0.34;0.09;0.29;NA;ND;0.39;0.54;NA;0.33;NA;NA;NA;
15;2;0.3;0.01;0.27;NA;ND;0.35;0.64;NA;0.27;NA;NA;NA;
15;3;0.31;0;0.26;NA;ND;0.31;0.91;NA;0.21;NA;NA;NA;
15;4;0.33;0.02;0.3;NA;ND;0.37;1.29;NA;0.22;NA;NA;NA;
15;5;0.59;0.14;0.44;NA;ND;0.67;1.78;NA;0.36;NA;NA;NA;
15;6;1.54;0.73;1.32;NA;ND;1.82;1.68;NA;0.69;NA;NA;NA;
15;7;2.01;0.88;2.23;NA;ND;2.11;1.71;NA;1;NA;NA;NA;
15;8;1.58;0.68;1.88;NA;ND;1.21;0.66;NA;0.77;NA;NA;NA;
15;9;1.36;0.32;1.11;NA;ND;0.83;0.6;NA;0.58;NA;NA;NA;
15;10;0.72;0.18;0.59;NA;ND;0.72;0.48;NA;0.33;NA;NA;NA;
15;11;0.34;0.12;0.65;NA;ND;0.72;ND;NA;0.25;NA;NA;NA;
15;12;0.18;0.13;0.51;NA;ND;0.66;ND;NA;0.29;NA;NA;NA;
15;13;0.2;0.03;0.47;NA;ND;0.53;0.33;NA;0.29;NA;NA;NA;
15;14;0.21;0;0.49;NA;ND;0.5;0.31;NA;0.21;NA;NA;NA;
15;15;0.22;0;0.45;NA;ND;0.53;0.39;NA;0.22;NA;NA;NA;
15;16;0.21;0;0.59;NA;ND;0.61;0.43;NA;0.23;NA;NA;NA;
15;17;0.31;0.03;0.7;NA;ND;0.62;0.44;NA;0.26;NA;NA;NA;
15;18;0.86;0.18;0.94;NA;ND;0.7;0.77;NA;0.27;NA;NA;NA;
15;19;0.84;0.24;0.81;NA;ND;0.77;0.73;NA;0.29;NA;NA;NA;
15;20;0.72;0.17;0.81;NA;ND;0.87;0.56;NA;0.35;NA;NA;NA;
15;21;1.05;0.21;0.78;NA;ND;0.88;0.72;NA;0.52;NA;NA;NA;
15;22;0.96;0.67;0.79;NA;ND;0.77;0.68;NA;0.56;NA;NA;NA;
15;23;0.71;0.47;0.69;NA;ND;0.59;0.38;NA;0.43;NA;NA;NA;
16;0;ND;0.55;0.52;NA;ND;ND;ND;NA;0.29;NA;NA;NA;
16;1;0.37;0.2;0.47;NA;ND;0.54;0.33;NA;0.27;NA;NA;NA;
16;2;0.31;0.41;0.35;NA;ND;0.55;0.32;NA;0.28;NA;NA;NA;
16;3;0.29;0.38;0.38;NA;ND;0.6;0.31;NA;0.25;NA;NA;NA;
16;4;0.4;0.38;0.45;NA;ND;0.72;0.54;NA;0.28;NA;NA;NA;
16;5;0.7;0.61;0.53;NA;ND;1.06;0.99;NA;0.36;NA;NA;NA;
16;6;2.14;1.27;0.68;NA;ND;1.81;2.54;NA;0.84;NA;NA;NA;
16;7;1.43;1.42;2.36;NA;ND;2.63;2.93;NA;1.14;NA;NA;NA;
16;8;1.72;0.8;2.31;NA;ND;1.69;1.99;NA;0.97;NA;NA;NA;
16;9;0.9;0.58;1.35;NA;ND;1.33;0.54;NA;0.69;NA;NA;NA;
16;10;0.31;0.3;0.85;NA;ND;1.1;0.31;NA;0.37;NA;NA;NA;
16;11;0.27;0.15;0.6;NA;ND;1;0.47;NA;0.29;NA;NA;NA;
16;12;0.28;0.12;0.61;NA;ND;0.69;0.53;NA;0.31;NA;NA;NA;
16;13;0.29;0.12;0.49;NA;ND;0.65;0.44;NA;0.21;NA;NA;NA;
16;14;0.28;0.09;0.49;NA;ND;0.62;0.44;NA;ND;NA;NA;NA;
16;15;0.29;0.09;0.64;NA;ND;0.7;0.48;NA;ND;NA;NA;NA;
16;16;0.29;0.12;0.74;NA;ND;0.78;0.5;NA;0.3;NA;NA;NA;
16;17;0.3;0.13;1.17;NA;ND;0.71;0.66;NA;0.32;NA;NA;NA;
16;18;0.35;0.32;1.12;NA;ND;0.8;0.72;NA;0.34;NA;NA;NA;
16;19;0.53;0.22;1.01;NA;ND;1.02;0.65;NA;0.37;NA;NA;NA;
16;20;0.71;0.25;1.07;NA;ND;1.17;0.56;NA;0.32;NA;NA;NA;
16;21;1.03;0.34;1.05;NA;ND;1.18;0.47;NA;0.32;NA;NA;NA;
16;22;0.77;0.34;1.02;NA;ND;1.03;0.51;NA;0.39;NA;NA;NA;
16;23;0.76;0.47;0.69;NA;ND;1.1;0.38;NA;0.43;NA;NA;NA;
17;0;0.89;ND;ND;NA;ND;0.83;0.39;NA;ND;NA;NA;NA;
17;1;0.67;0.19;0.71;NA;ND;0.77;0.34;NA;0.46;NA;NA;NA;
17;2;0.67;0.18;0.54;NA;ND;0.65;0.36;NA;0.34;NA;NA;NA;
17;3;0.58;0.17;0.4;NA;ND;0.58;0.37;NA;0.26;NA;NA;NA;
17;4;0.64;0.09;0.39;NA;ND;0.56;0.41;NA;0.29;NA;NA;NA;
17;5;0.78;0.22;0.43;NA;ND;0.64;1.21;NA;0.37;NA;NA;NA;
17;6;1.13;0.62;0.91;NA;ND;1.18;1.74;NA;0.82;NA;NA;NA;
17;7;1.23;0.99;1.4;NA;ND;1.13;1.44;NA;0.87;NA;NA;NA;
17;8;1.01;0.48;1.07;NA;ND;0.87;0.9;NA;0.78;NA;NA;NA;
17;9;0.71;0.34;1.07;NA;ND;0.94;0.4;NA;0.57;NA;NA;NA;
17;10;0.43;0.21;0.92;NA;ND;ND;ND;NA;0.4;NA;NA;NA;
17;11;0.36;0.23;0.79;NA;ND;ND;ND;NA;0.42;NA;NA;NA;
17;12;0.35;0.2;0.8;NA;ND;ND;0.61;NA;0.37;NA;NA;NA;
17;13;0.31;0.12;0.81;NA;ND;0.51;0.46;NA;0.42;NA;NA;NA;
17;14;0.33;0.11;0.52;NA;ND;0.55;0.4;NA;0.44;NA;NA;NA;
17;15;0.3;0.1;0.56;NA;ND;0.6;0.42;NA;0.36;NA;NA;NA;
17;16;0.37;0.11;0.72;NA;ND;0.74;0.5;NA;0.35;NA;NA;NA;
17;17;0.4;0.13;0.74;NA;ND;0.87;0.56;NA;0.46;NA;NA;NA;
17;18;0.54;0.25;1.31;NA;ND;0.96;0.54;NA;0.43;NA;NA;NA;
17;19;0.67;0.25;1.29;NA;ND;0.8;0.68;NA;0.43;NA;NA;NA;
17;20;0.87;0.4;1.16;NA;ND;0.75;0.77;NA;0.41;NA;NA;NA;
17;21;0.88;0.18;1;NA;ND;0.74;0.75;NA;0.39;NA;NA;NA;
17;22;0.74;0.22;0.78;NA;ND;0.72;0.67;NA;0.37;NA;NA;NA;
17;23;0.56;0.05;0.69;NA;ND;0.66;0.62;NA;0.33;NA;NA;NA;
18;0;ND;0;0.51;NA;ND;ND;ND;NA;0.31;NA;NA;NA;
18;1;0.28;0;0.42;NA;ND;0.38;0.58;NA;0.29;NA;NA;NA;
18;2;0.28;0;0.31;NA;ND;0.34;0.41;NA;0.27;NA;NA;NA;
18;3;0.29;0.03;0.31;NA;ND;0.31;0.37;NA;0.27;NA;NA;NA;
18;4;0.32;0.06;0.31;NA;ND;0.32;0.42;NA;0.27;NA;NA;NA;
18;5;0.47;0.2;0.41;NA;ND;0.49;0.54;NA;0.35;NA;NA;NA;
18;6;1.06;0.8;1;NA;ND;1.27;0.97;NA;0.79;NA;NA;NA;
18;7;1.49;0.88;2.24;NA;ND;1.75;1.73;NA;0.92;NA;NA;NA;
18;8;0.95;0.44;1.64;NA;ND;1.31;1.1;NA;0.6;NA;NA;NA;
18;9;0.66;0.29;0.99;NA;ND;0.77;0.58;NA;0.42;NA;NA;NA;
18;10;ND;ND;0.79;NA;ND;0.73;0.51;NA;0.39;NA;NA;NA;
18;11;ND;ND;0.65;NA;ND;0.77;3.47;NA;0.31;NA;NA;NA;
18;12;0.24;ND;0.52;NA;ND;0.54;0.43;NA;0.28;NA;NA;NA;
18;13;0.21;0.25;0.5;NA;ND;0.51;0.57;NA;0.46;NA;NA;NA;
18;14;0.17;0.27;0.53;NA;ND;0.63;0.61;NA;0.47;NA;NA;NA;
18;15;0.18;0.26;0.5;NA;ND;0.61;0.62;NA;0.53;NA;NA;NA;
18;16;0.22;0.29;1.07;NA;ND;0.81;0.81;NA;0.85;NA;NA;NA;
18;17;0.34;0.34;1.27;NA;ND;1;0.79;NA;0.92;NA;NA;NA;
18;18;0.53;0.42;1.19;NA;ND;0.96;0.96;NA;0.87;NA;NA;NA;
18;19;0.47;0.41;1.19;NA;ND;0.75;0.94;NA;0.61;NA;NA;NA;
18;20;0.56;0.48;1.12;NA;ND;0.72;0.58;NA;0.4;NA;NA;NA;
18;21;0.41;0.63;0.81;NA;ND;0.65;0.56;NA;0.39;NA;NA;NA;
18;22;0.53;0.4;0.68;NA;ND;0.66;0.54;NA;0.39;NA;NA;NA;
18;23;0.58;0.36;0.65;NA;ND;0.64;0.51;NA;0.36;NA;NA;NA;
19;0;0.5;ND;ND;NA;ND;0.65;0.51;NA;ND;NA;NA;NA;
19;1;0.44;0.26;0.5;NA;ND;0.6;0.57;NA;0.33;NA;NA;NA;
19;2;0.37;0.24;0.41;NA;ND;0.4;0.49;NA;0.31;NA;NA;NA;
19;3;0.4;0.23;0.43;NA;ND;0.47;0.47;NA;0.36;NA;NA;NA;
19;4;0.36;0.27;0.48;NA;ND;0.61;0.59;NA;0.44;NA;NA;NA;
19;5;0.49;0.4;0.45;NA;ND;0.48;0.75;NA;0.5;NA;NA;NA;
19;6;0.91;0.86;0.98;NA;ND;1.1;1.54;NA;0.81;NA;NA;NA;
19;7;1.16;1.14;1.12;NA;ND;1.48;0.5;NA;0.59;NA;NA;NA;
19;8;0.78;0.54;1.25;NA;ND;1.37;0.55;NA;0.52;NA;NA;NA;
19;9;0.61;0.47;0.97;NA;ND;0.8;0.51;NA;0.52;NA;NA;NA;
19;10;0.57;0.36;0.97;NA;ND;0.74;0.5;NA;0.42;NA;NA;NA;
19;11;0.35;0.28;0.83;NA;ND;0.7;0.76;NA;0.33;NA;NA;NA;
19;12;0.3;0.31;0.65;NA;ND;0.65;0.65;NA;0.34;NA;NA;NA;
19;13;0.28;0.28;0.64;NA;ND;0.76;0.62;NA;0.52;NA;NA;NA;
19;14;0.29;0.29;0.62;NA;ND;0.63;0.8;NA;0.69;NA;NA;NA;
19;15;0.31;0.32;0.81;NA;ND;0.76;0.93;NA;0.74;NA;NA;NA;
19;16;0.37;0.35;1.04;NA;ND;0.87;0.81;NA;0.94;NA;NA;NA;
19;17;0.46;0.54;1.14;NA;ND;0.95;0.74;NA;0.81;NA;NA;NA;
19;18;0.49;0.84;1.68;NA;ND;1.12;0.98;NA;1.09;NA;NA;NA;
19;19;0.71;0.73;1.57;NA;ND;1.36;1.02;NA;1.04;NA;NA;NA;
19;20;0.95;0.64;1.52;NA;ND;1.44;0.87;NA;0.96;NA;NA;NA;
19;21;1.03;0.85;0.93;NA;ND;1.11;0.87;NA;0.74;NA;NA;NA;
19;22;0.74;0.32;1.18;NA;ND;1.16;0.85;NA;0.65;NA;NA;NA;
19;23;0.5;0.33;0.92;NA;ND;1.04;0.69;NA;0.64;NA;NA;NA;
20;0;ND;0.31;0.72;NA;ND;ND;0.63;NA;0.7;NA;NA;NA;
20;1;0.44;0.34;0.74;NA;ND;0.77;0.59;NA;0.74;NA;NA;NA;
20;2;0.42;0.37;0.72;NA;ND;0.81;0.84;NA;0.67;NA;NA;NA;
20;3;0.48;0.39;0.75;NA;ND;0.82;1.06;NA;0.56;NA;NA;NA;
20;4;0.49;0.23;0.75;NA;ND;0.82;1.15;NA;0.61;NA;NA;NA;
20;5;0.54;0.29;0.68;NA;ND;0.8;1.15;NA;0.89;NA;NA;NA;
20;6;0.75;0.7;0.85;NA;ND;1.1;1.29;NA;0.98;NA;NA;NA;
20;7;0.92;0.69;1.22;NA;ND;1.22;1.09;NA;1.04;NA;NA;NA;
20;8;1.17;0.59;1.31;NA;ND;1.26;1;NA;0.83;NA;NA;NA;
20;9;0.79;0.69;1.41;NA;ND;1.4;0.64;NA;0.68;NA;NA;NA;
20;10;0.66;0.64;1.1;NA;ND;1.1;0.83;NA;0.55;NA;NA;NA;
20;11;0.49;0.43;0.71;NA;ND;0.82;1.08;NA;0.38;NA;NA;NA;
20;12;0.31;0.27;0.63;NA;ND;0.74;1;NA;0.41;NA;NA;NA;
20;13;0.29;0.32;0.77;NA;ND;0.68;0.66;NA;0.55;NA;NA;NA;
20;14;0.24;0.31;0.64;NA;ND;0.66;0.67;NA;0.59;NA;NA;NA;
20;15;0.26;0.31;0.73;NA;ND;0.71;0.84;NA;0.44;NA;NA;NA;
20;16;0.31;0.33;0.95;NA;ND;0.98;0.86;NA;0.46;NA;NA;NA;
20;17;0.42;0.34;1.12;NA;ND;0.7;0.85;NA;0.37;NA;NA;NA;
20;18;0.51;0.35;1.13;NA;ND;0.7;1.03;NA;0.83;NA;NA;NA;
20;19;0.55;0.44;1.06;NA;ND;1;0.66;NA;0.74;NA;NA;NA;
20;20;0.53;0.59;0.87;NA;ND;0.86;0.62;NA;0.5;NA;NA;NA;
20;21;0.72;0.57;0.67;NA;ND;0.8;0.61;NA;0.6;NA;NA;NA;
20;22;0.85;0.72;0.91;NA;ND;0.81;0.53;NA;0.52;NA;NA;NA;
20;23;0.84;0.83;0.76;NA;ND;1.01;0.72;NA;ND;NA;NA;NA;
21;0;0.96;ND;ND;NA;ND;0.9;1.15;NA;0.54;NA;NA;NA;
21;1;0.97;0.65;0.86;NA;ND;0.96;1.01;NA;0.64;NA;NA;NA;
21;2;0.96;0.75;0.87;NA;ND;1.42;1.28;NA;0.58;NA;NA;NA;
21;3;0.98;0.56;0.79;NA;ND;0.66;1.43;NA;0.46;NA;NA;NA;
21;4;0.64;0.87;0.48;NA;ND;0.97;1.64;NA;0.64;NA;NA;NA;
21;5;0.63;1.33;0.95;NA;ND;1.36;1.97;NA;0.78;NA;NA;NA;
21;6;1.08;1.23;0.75;NA;ND;1.83;1.37;NA;0.8;NA;NA;NA;
21;7;1.23;1.2;1.25;NA;ND;1.73;0.69;NA;0.59;NA;NA;NA;
21;8;0.93;0.68;1.01;NA;ND;1.45;0.74;NA;0.44;NA;NA;NA;
21;9;0.73;0.61;0.72;NA;ND;0.8;0.6;NA;0.34;NA;NA;NA;
21;10;0.39;0.55;0.8;NA;ND;0.75;0.7;NA;0.32;NA;NA;NA;
21;11;0.32;0.32;0.63;NA;ND;0.56;0.7;NA;0.31;NA;NA;NA;
21;12;0.29;0.3;0.5;NA;ND;0.5;0.71;NA;0.32;NA;NA;NA;
21;13;0.22;0.29;0.5;NA;ND;0.53;0.65;NA;0.33;NA;NA;NA;
21;14;0.25;0.29;0.56;NA;ND;0.57;0.61;NA;0.32;NA;NA;NA;
21;15;0.25;0.28;0.58;NA;ND;0.63;0.66;NA;0.5;NA;NA;NA;
21;16;0.28;0.3;0.71;NA;ND;0.79;0.7;NA;0.46;NA;NA;NA;
21;17;0.41;0.3;0.71;NA;ND;0.71;0.67;NA;0.58;NA;NA;NA;
21;18;0.54;0.3;0.75;NA;ND;0.59;0.74;NA;0.7;NA;NA;NA;
21;19;0.54;0.37;0.62;NA;ND;0.6;0.56;NA;0.65;NA;NA;NA;
21;20;0.6;0.41;0.48;NA;ND;0.58;0.58;NA;0.67;NA;NA;NA;
21;21;0.74;0.45;0.63;NA;ND;0.67;0.57;NA;0.52;NA;NA;NA;
21;22;0.68;0.41;0.59;NA;ND;0.7;0.42;NA;0.44;NA;NA;NA;
21;23;0.53;0.26;0.49;NA;ND;0.69;0.26;NA;0.35;NA;NA;NA;
22;0;ND;0.24;0.38;NA;ND;ND;0.43;NA;0.48;NA;NA;NA;
22;1;0.39;0.27;0.38;NA;ND;0.46;0.41;NA;0.38;NA;NA;NA;
22;2;0.38;0.25;0.31;NA;ND;0.38;0.52;NA;0.43;NA;NA;NA;
22;3;0.36;0.25;0.3;NA;ND;0.31;0.89;NA;0.41;NA;NA;NA;
22;4;0.39;0.38;0.33;NA;ND;0.35;1.76;NA;0.58;NA;NA;NA;
22;5;0.64;0.52;0.49;NA;ND;0.66;2.63;NA;1;NA;NA;NA;
22;6;2.02;0.89;0.94;NA;ND;1.67;0.76;NA;1.11;NA;NA;NA;
22;7;1.42;1.34;1.7;NA;ND;3.03;0.76;NA;1.12;NA;NA;NA;
22;8;1.48;0.84;3.03;NA;ND;2.84;0.54;NA;1.08;NA;NA;NA;
22;9;1.14;0.6;1.86;NA;ND;1.39;0.52;NA;1;NA;NA;NA;
22;10;0.65;0.44;0.71;NA;ND;0.53;0.51;NA;0.84;NA;NA;NA;
22;11;ND;0.39;0.66;NA;ND;0.41;0.49;NA;0.6;NA;NA;NA;
22;12;ND;0.4;0.64;NA;ND;0.49;0.46;NA;0.37;NA;NA;NA;
22;13;0.31;0.36;0.52;NA;ND;0.45;0.45;NA;0.33;NA;NA;NA;
22;14;0.28;0.44;0.52;NA;ND;0.4;0.47;NA;0.31;NA;NA;NA;
22;15;0.33;0.41;0.62;NA;ND;0.43;0.45;NA;0.41;NA;NA;NA;
22;16;0.37;0.29;0.68;NA;ND;0.49;0.51;NA;0.37;NA;NA;NA;
22;17;0.39;0.32;0.76;NA;ND;0.66;0.53;NA;0.46;NA;NA;NA;
22;18;0.47;0.41;0.53;NA;ND;0.68;1.03;NA;0.72;NA;NA;NA;
22;19;0.69;0.49;0.71;NA;ND;0.59;1.14;NA;0.69;NA;NA;NA;
22;20;1.14;0.68;0.88;NA;ND;0.62;1.09;NA;1.42;NA;NA;NA;
22;21;1;0.83;0.71;NA;ND;0.73;0.63;NA;1.27;NA;NA;NA;
22;22;1.23;0.73;0.73;NA;ND;0.56;0.48;NA;1.18;NA;NA;NA;
22;23;0.56;0.46;0.88;NA;ND;0.55;0.39;NA;0.79;NA;NA;NA;
23;0;0.69;ND;ND;NA;ND;0.37;0.34;NA;ND;NA;NA;NA;
23;1;0.58;0.42;0.4;NA;ND;0.33;0.31;NA;0.39;NA;NA;NA;
23;2;0.45;0.36;0.4;NA;ND;0.42;0.31;NA;0.37;NA;NA;NA;
23;3;0.42;0.47;0.42;NA;ND;0.49;0.3;NA;0.46;NA;NA;NA;
23;4;0.5;0.59;0.37;NA;ND;0.48;0.33;NA;0.41;NA;NA;NA;
23;5;0.65;0.87;0.49;NA;ND;0.96;0.4;NA;0.57;NA;NA;NA;
23;6;1.91;2.39;0.88;NA;ND;1.1;0.56;NA;0.95;NA;NA;NA;
23;7;2.1;2.54;0.8;NA;ND;0.92;0.59;NA;1.71;NA;NA;NA;
23;8;0.75;0.39;0.67;NA;ND;0.75;0.48;NA;0.86;NA;NA;NA;
23;9;0.57;0.44;0.57;NA;ND;0.55;0.46;NA;0.57;NA;NA;NA;
23;10;0.42;0.35;0.56;NA;ND;0.4;0.4;NA;0.38;NA;NA;NA;
23;11;0.36;0.28;0.54;NA;ND;0.39;0.4;NA;0.32;NA;NA;NA;
23;12;0.31;0.37;0.51;NA;ND;0.4;0.41;NA;0.3;NA;NA;NA;
23;13;0.28;0.38;0.48;NA;ND;0.37;0.39;NA;0.3;NA;NA;NA;
23;14;0.31;0.31;0.49;NA;ND;0.37;0.42;NA;0.31;NA;NA;NA;
23;15;0.37;0.38;0.53;NA;ND;0.4;0.41;NA;0.31;NA;NA;NA;
23;16;0.35;0.38;0.56;NA;ND;0.42;0.43;NA;0.32;NA;NA;NA;
23;17;0.41;0.42;0.7;NA;ND;0.49;0.47;NA;0.37;NA;NA;NA;
23;18;0.55;0.52;0.71;NA;ND;0.61;0.59;NA;0.47;NA;NA;NA;
23;19;0.75;0.69;0.67;NA;ND;0.6;0.72;NA;0.66;NA;NA;NA;
23;20;1.2;0.64;0.69;NA;ND;0.7;0.66;NA;1.21;NA;NA;NA;
23;21;1.14;0.55;0.77;NA;ND;0.83;0.52;NA;0.95;NA;NA;NA;
23;22;0.68;0.39;1.32;NA;ND;0.65;0.47;NA;0.84;NA;NA;NA;
23;23;0.84;0.61;0.85;NA;ND;0.57;0.46;NA;0.62;NA;NA;NA;
24;0;ND;0.49;0.48;NA;ND;ND;ND;NA;0.77;NA;NA;NA;
24;1;0.61;0.35;0.35;NA;ND;0.36;0.35;NA;0.61;NA;NA;NA;
24;2;0.6;0.49;0.28;NA;ND;0.3;0.37;NA;0.69;NA;NA;NA;
24;3;0.6;0.48;0.29;NA;ND;0.31;0.36;NA;0.76;NA;NA;NA;
24;4;0.47;0.59;0.27;NA;ND;0.36;0.4;NA;0.66;NA;NA;NA;
24;5;0.61;0.63;0.4;NA;ND;0.59;0.45;NA;0.6;NA;NA;NA;
24;6;1.14;1.1;0.86;NA;ND;1.26;0.62;NA;0.89;NA;NA;NA;
24;7;1.12;0.91;1.15;NA;ND;1.35;0.72;NA;1.28;NA;NA;NA;
24;8;0.66;0.34;0.77;NA;ND;0.52;0.89;NA;0.96;NA;NA;NA;
24;9;0.47;0.36;0.61;NA;ND;0.45;0.55;NA;0.49;NA;NA;NA;
24;10;0.47;0.42;0.58;NA;ND;0.46;0.54;NA;0.37;NA;NA;NA;
24;11;0.44;0.39;0.52;NA;ND;0.44;0.45;NA;0.33;NA;NA;NA;
24;12;0.39;0.43;0.51;NA;ND;0.39;0.42;NA;0.31;NA;NA;NA;
24;13;0.33;0.43;0.53;NA;ND;0.41;0.43;NA;0.37;NA;NA;NA;
24;14;0.36;0.41;0.55;NA;ND;0.4;0.45;NA;0.35;NA;NA;NA;
24;15;0.31;0.51;0.48;NA;ND;0.44;0.42;NA;0.32;NA;NA;NA;
24;16;0.35;0.44;0.5;NA;ND;0.44;0.48;NA;0.37;NA;NA;NA;
24;17;0.4;0.38;0.65;NA;ND;0.57;0.51;NA;0.41;NA;NA;NA;
24;18;0.31;0.46;0.76;NA;ND;0.96;0.81;NA;0.34;NA;NA;NA;
24;19;0.39;0.63;0.7;NA;ND;0.81;1.41;NA;0.4;NA;NA;NA;
24;20;0.69;0.55;1.06;NA;ND;0.87;1.16;NA;0.44;NA;NA;NA;
24;21;0.49;0.55;0.7;NA;ND;0.99;1.16;NA;0.41;NA;NA;NA;
24;22;0.56;0.45;0.83;NA;ND;0.91;0.9;NA;0.4;NA;NA;NA;
24;23;0.62;0.39;0.78;NA;ND;1.09;0.82;NA;0.45;NA;NA;NA;
25;0;0.51;ND;ND;NA;ND;0.85;0.63;NA;ND;NA;NA;NA;
25;1;0.54;0.4;0.76;NA;ND;1.09;0.52;NA;0.47;NA;NA;NA;
25;2;0.61;0.34;0.76;NA;ND;0.77;0.7;NA;0.41;NA;NA;NA;
25;3;0.72;0.41;0.63;NA;ND;0.78;0.61;NA;0.4;NA;NA;NA;
25;4;0.54;0.29;0.45;NA;ND;0.54;0.63;NA;0.34;NA;NA;NA;
25;5;0.67;0.33;0.47;NA;ND;0.55;0.97;NA;0.4;NA;NA;NA;
25;6;0.66;0.34;0.51;NA;ND;0.82;0.87;NA;0.45;NA;NA;NA;
25;7;0.45;0.3;0.61;NA;ND;0.69;1.41;NA;0.42;NA;NA;NA;
25;8;0.4;0.34;0.4;NA;ND;0.6;1.16;NA;0.41;NA;NA;NA;
25;9;0.35;0.28;0.4;NA;ND;0.58;0.75;NA;0.4;NA;NA;NA;
25;10;0.34;ND;0.39;NA;ND;0.59;0.7;NA;0.37;NA;NA;NA;
25;11;0.38;ND;0.48;NA;ND;0.61;0.65;NA;0.35;NA;NA;NA;
25;12;0.31;ND;0.52;NA;ND;0.54;0.58;NA;0.32;NA;NA;NA;
25;13;0.33;0.35;0.44;NA;ND;0.45;0.53;NA;0.3;NA;NA;NA;
25;14;0.32;0.34;0.44;NA;ND;0.56;0.57;NA;0.29;NA;NA;NA;
25;15;0.29;0.32;0.41;NA;ND;0.49;0.69;NA;0.29;NA;NA;NA;
25;16;0.31;0.3;0.36;NA;ND;0.5;0.61;NA;0.34;NA;NA;NA;
25;17;0.36;0.31;0.49;NA;ND;0.63;0.79;NA;0.41;NA;NA;NA;
25;18;0.41;0.38;0.58;NA;ND;0.65;0.91;NA;0.36;NA;NA;NA;
25;19;0.52;0.45;0.68;NA;ND;0.74;0.94;NA;0.36;NA;NA;NA;
25;20;0.62;0.38;0.74;NA;ND;0.74;0.73;NA;0.36;NA;NA;NA;
25;21;0.83;0.43;0.68;NA;ND;0.75;0.76;NA;0.38;NA;NA;NA;
25;22;0.68;0.38;0.69;NA;ND;0.8;0.79;NA;0.46;NA;NA;NA;
25;23;0.74;0.37;0.55;NA;ND;0.61;0.66;NA;0.36;NA;NA;NA;
26;0;ND;ND;0.62;NA;ND;ND;ND;NA;0.37;NA;NA;NA;
26;1;0.75;0.45;0.56;NA;ND;0.66;0.41;NA;0.4;NA;NA;NA;
26;2;0.65;0.33;0.58;NA;ND;0.66;0.42;NA;0.37;NA;NA;NA;
26;3;0.6;0.36;0.53;NA;ND;0.63;0.85;NA;0.36;NA;NA;NA;
26;4;0.49;0.31;0.53;NA;ND;0.63;0.79;NA;0.38;NA;NA;NA;
26;5;0.56;0.54;0.51;NA;ND;0.5;0.94;NA;0.44;NA;NA;NA;
26;6;1.3;0.59;0.64;NA;ND;0.68;1.67;NA;0.52;NA;NA;NA;
26;7;0.98;0.79;0.93;NA;ND;1.06;1.03;NA;0.58;NA;NA;NA;
26;8;0.61;0.51;0.56;NA;ND;0.66;0.59;NA;0.64;NA;NA;NA;
26;9;0.47;0.31;0.45;NA;ND;0.39;0.47;NA;0.69;NA;NA;NA;
26;10;0.37;0.37;0.43;NA;ND;0.4;0.47;NA;0.39;NA;NA;NA;
26;11;0.4;0.33;0.47;NA;ND;0.47;0.51;NA;0.36;NA;NA;NA;
26;12;0.31;0.32;0.41;NA;ND;0.41;0.47;NA;0.33;NA;NA;NA;
26;13;0.3;0.36;0.38;NA;ND;0.39;0.45;NA;0.33;NA;NA;NA;
26;14;0.34;0.32;0.38;NA;ND;0.4;0.44;NA;0.29;NA;NA;NA;
26;15;0.33;0.31;0.43;NA;ND;0.43;0.44;NA;0.28;NA;NA;NA;
26;16;0.33;0.35;0.4;NA;ND;0.55;0.52;NA;0.29;NA;NA;NA;
26;17;0.39;0.35;0.49;NA;ND;0.59;0.85;NA;0.36;NA;NA;NA;
26;18;0.47;0.44;0.56;NA;ND;0.65;1.05;NA;0.29;NA;NA;NA;
26;19;0.88;0.64;0.62;NA;ND;0.72;1.27;NA;0.36;NA;NA;NA;
26;20;1.69;0.53;0.6;NA;ND;0.54;1.07;NA;0.42;NA;NA;NA;
26;21;0.97;0.52;0.56;NA;ND;1.23;0.86;NA;0.49;NA;NA;NA;
26;22;1.4;0.61;0.67;NA;ND;1.35;1.27;NA;0.44;NA;NA;NA;
26;23;1.06;0.76;0.98;NA;ND;1.16;1.21;NA;0.37;NA;NA;NA;
27;0;1.24;ND;ND;NA;ND;0.98;1.17;NA;ND;NA;NA;NA;
27;1;0.81;0.56;0.74;NA;ND;0.73;1.07;NA;0.39;NA;NA;NA;
27;2;0.92;0.57;0.69;NA;ND;0.66;1.17;NA;0.41;NA;NA;NA;
27;3;1.31;0.54;0.74;NA;ND;0.56;0.88;NA;0.47;NA;NA;NA;
27;4;0.83;0.63;0.76;NA;ND;0.53;1.37;NA;0.47;NA;NA;NA;
27;5;0.76;0.51;0.64;NA;ND;0.67;1.13;NA;0.5;NA;NA;NA;
27;6;1.66;0.65;0.86;NA;ND;1.03;1.62;NA;0.52;NA;NA;NA;
27;7;1.95;0.7;0.9;NA;ND;1.04;1.22;NA;0.71;NA;NA;NA;
27;8;0.49;0.91;0.49;NA;ND;0.76;1.17;NA;0.67;NA;NA;NA;
27;9;0.47;0.49;0.57;NA;ND;0.71;1.05;NA;0.59;NA;NA;NA;
27;10;0.51;0.43;0.46;NA;ND;0.67;0.94;NA;0.61;NA;NA;NA;
27;11;0.52;0.42;0.5;NA;ND;0.52;0.69;NA;0.68;NA;NA;NA;
27;12;0.41;0.39;0.49;NA;ND;0.58;0.6;NA;0.67;NA;NA;NA;
27;13;0.34;0.4;0.46;NA;ND;0.55;0.72;NA;0.65;NA;NA;NA;
27;14;0.3;0.34;0.44;NA;ND;0.57;0.62;NA;0.49;NA;NA;NA;
27;15;0.34;0.33;0.42;NA;ND;0.56;0.62;NA;0.54;NA;NA;NA;
27;16;0.4;0.3;0.42;NA;ND;0.62;0.67;NA;0.54;NA;NA;NA;
27;17;0.46;0.36;0.53;NA;ND;0.62;0.83;NA;0.59;NA;NA;NA;
27;18;0.54;0.38;0.69;NA;ND;0.75;0.82;NA;0.37;NA;NA;NA;
27;19;0.88;0.45;0.84;NA;ND;1.1;0.78;NA;0.39;NA;NA;NA;
27;20;0.86;0.41;0.66;NA;ND;1.01;0.75;NA;0.39;NA;NA;NA;
27;21;0.78;0.41;0.66;NA;ND;0.79;0.77;NA;0.35;NA;NA;NA;
27;22;0.7;0.38;0.46;NA;ND;0.74;0.81;NA;0.36;NA;NA;NA;
27;23;0.8;0.39;0.56;NA;ND;0.71;0.75;NA;0.39;NA;NA;NA;
28;0;ND;0.35;0.63;NA;ND;ND;ND;NA;0.35;NA;NA;NA;
28;1;0.58;0.27;0.57;NA;ND;0.78;0.58;NA;0.33;NA;NA;NA;
28;2;0.55;0.24;0.48;NA;ND;0.79;0.56;NA;0.33;NA;NA;NA;
28;3;0.54;0.24;0.54;NA;ND;0.69;0.59;NA;0.32;NA;NA;NA;
28;4;0.53;0.27;0.56;NA;ND;0.66;0.55;NA;0.33;NA;NA;NA;
28;5;0.67;0.44;0.56;NA;ND;0.77;0.57;NA;0.33;NA;NA;NA;
28;6;1;0.48;0.63;NA;ND;1.16;0.71;NA;0.38;NA;NA;NA;
28;7;1.04;0.46;0.81;NA;ND;1.36;0.8;NA;0.41;NA;NA;NA;
28;8;0.86;0.51;0.66;NA;ND;0.69;0.67;NA;0.44;NA;NA;NA;
28;9;0.54;0.39;0.48;NA;ND;0.49;0.58;NA;0.5;NA;NA;NA;
28;10;0.4;0.38;0.45;NA;ND;0.39;0.5;NA;0.47;NA;NA;NA;
28;11;0.35;0.34;0.38;NA;ND;0.35;0.54;NA;0.37;NA;NA;NA;
28;12;0.32;0.37;0.42;NA;ND;0.39;0.51;NA;0.32;NA;NA;NA;
28;13;0.33;0.32;0.43;NA;ND;0.43;0.5;NA;0.32;NA;NA;NA;
28;14;0.31;0.33;0.42;NA;ND;0.44;0.52;NA;0.3;NA;NA;NA;
28;15;0.33;0.31;0.45;NA;ND;0.46;0.51;NA;0.3;NA;NA;NA;
28;16;0.34;0.32;0.38;NA;ND;0.48;0.62;NA;0.29;NA;NA;NA;
28;17;0.37;0.38;0.43;NA;ND;0.44;0.77;NA;0.28;NA;NA;NA;
28;18;0.44;0.36;0.46;NA;ND;0.64;0.89;NA;0.31;NA;NA;NA;
28;19;0.59;0.42;0.48;NA;ND;0.54;1.02;NA;0.33;NA;NA;NA;
28;20;0.71;0.42;0.61;NA;ND;0.73;0.96;NA;0.46;NA;NA;NA;
28;21;0.85;0.4;0.62;NA;ND;0.71;0.74;NA;0.36;NA;NA;NA;
28;22;0.81;0.41;0.58;NA;ND;0.6;0.78;NA;0.37;NA;NA;NA;
28;23;0.71;0.33;0.49;NA;ND;0.58;0.65;NA;0.34;NA;NA;NA;
29;0;0.5;ND;ND;NA;ND;0.45;0.56;NA;ND;NA;NA;NA;
29;1;0.47;0.27;0.36;NA;ND;0.49;0.6;NA;0.28;NA;NA;NA;
29;2;0.51;0.26;0.39;NA;ND;0.44;0.61;NA;0.29;NA;NA;NA;
29;3;0.5;0.24;0.38;NA;ND;0.43;0.64;NA;0.32;NA;NA;NA;
29;4;0.47;0.27;0.36;NA;ND;0.39;0.64;NA;0.31;NA;NA;NA;
29;5;0.49;0.34;0.39;NA;ND;0.53;0.72;NA;0.34;NA;NA;NA;
29;6;0.69;0.47;0.68;NA;ND;1.02;0.96;NA;0.41;NA;NA;NA;
29;7;1.44;0.92;0.96;NA;ND;1.26;0.84;NA;0.39;NA;NA;NA;
29;8;0.83;0.75;1.16;NA;ND;1;0.9;NA;0.46;NA;NA;NA;
29;9;0.75;0.53;0.79;NA;ND;1.01;0.66;NA;0.54;NA;NA;NA;
29;10;0.54;ND;0.71;NA;ND;0.72;0.86;NA;0.48;NA;NA;NA;
29;11;0.38;ND;0.56;NA;ND;0.55;1.05;NA;0.32;NA;NA;NA;
29;12;0.39;ND;0.57;NA;ND;0.47;0.86;NA;0.32;NA;NA;NA;
29;13;0.34;0.34;0.51;NA;ND;0.53;0.72;NA;0.3;NA;NA;NA;
29;14;ND;0.34;0.58;NA;ND;0.57;0.89;NA;0.29;NA;NA;NA;
29;15;ND;0.33;0.54;NA;ND;0.53;1.11;NA;0.29;NA;NA;NA;
29;16;0.33;0.35;0.59;NA;ND;0.59;0.96;NA;0.24;NA;NA;NA;
29;17;0.42;0.32;0.49;NA;ND;0.57;0.97;NA;0.28;NA;NA;NA;
29;18;0.59;0.37;0.87;NA;ND;0.67;1.24;NA;0.33;NA;NA;NA;
29;19;0.53;0.45;0.95;NA;ND;1;1.29;NA;0.5;NA;NA;NA;
29;20;0.98;0.46;0.95;NA;ND;1;1;NA;0.32;NA;NA;NA;
29;21;1.05;0.38;0.8;NA;ND;0.74;0.88;NA;0.32;NA;NA;NA;
29;22;0.72;0.41;0.77;NA;ND;0.55;0.83;NA;0.29;NA;NA;NA;
29;23;0.79;0.38;0.72;NA;ND;0.58;0.7;NA;0.27;NA;NA;NA;
30;0;ND;ND;0.54;NA;ND;ND;ND;NA;0.26;NA;NA;NA;
30;1;0.59;0.28;0.46;NA;ND;0.6;0.66;NA;0.29;NA;NA;NA;
30;2;0.42;0.21;0.39;NA;ND;0.46;0.64;NA;0.27;NA;NA;NA;
30;3;0.44;0.2;0.37;NA;ND;0.39;0.59;NA;0.28;NA;NA;NA;
30;4;0.52;0.23;0.41;NA;ND;0.5;0.59;NA;0.32;NA;NA;NA;
30;5;0.62;0.33;0.45;NA;ND;0.73;0.7;NA;0.35;NA;NA;NA;
30;6;0.82;0.74;0.66;NA;ND;0.82;0.68;NA;0.39;NA;NA;NA;
30;7;1.01;0.87;0.92;NA;ND;1.18;0.83;NA;0.46;NA;NA;NA;
30;8;1.04;0.58;1.31;NA;ND;1.15;0.7;NA;0.48;NA;NA;NA;
30;9;0.69;0.39;0.96;NA;ND;0.68;0.94;NA;0.52;NA;NA;NA;
30;10;0.59;0.39;0.64;NA;ND;0.62;1.44;NA;0.45;NA;NA;NA;
30;11;0.4;0.35;0.49;NA;ND;0.56;0.81;NA;0.35;NA;NA;NA;
30;12;0.32;0.37;0.57;NA;ND;0.54;0.64;NA;0.32;NA;NA;NA;
30;13;0.37;0.35;0.48;NA;ND;0.43;0.67;NA;0.29;NA;NA;NA;
30;14;0.33;0.34;0.48;NA;ND;0.53;0.68;NA;0.32;NA;NA;NA;
30;15;0.42;0.32;0.5;NA;ND;0.56;0.81;NA;0.3;NA;NA;NA;
30;16;0.33;0.32;0.45;NA;ND;0.63;0.83;NA;0.34;NA;NA;NA;
30;17;0.4;0.37;0.52;NA;ND;0.55;0.76;NA;0.34;NA;NA;NA;
30;18;0.45;0.38;0.53;NA;ND;0.6;0.88;NA;0.34;NA;NA;NA;
30;19;0.43;0.5;0.67;NA;ND;0.57;1.07;NA;0.35;NA;NA;NA;
30;20;0.66;0.57;0.66;NA;ND;0.68;0.94;NA;0.57;NA;NA;NA;
30;21;0.89;0.56;0.62;NA;ND;0.78;1.22;NA;0.73;NA;NA;NA;
30;22;0.87;0.46;0.47;NA;ND;0.85;0.87;NA;0.44;NA;NA;NA;
30;23;0.95;0.46;0.59;NA;ND;0.92;0.8;NA;0.51;NA;NA;NA;
31;0;0.68;ND;ND;NA;ND;0.92;0.72;NA;ND;NA;NA;NA;
31;1;0.6;0.39;0.66;NA;ND;0.69;0.58;NA;0.48;NA;NA;NA;
31;2;0.65;0.4;0.56;NA;ND;0.52;0.54;NA;0.49;NA;NA;NA;
31;3;0.65;0.35;0.41;NA;ND;0.56;0.72;NA;0.44;NA;NA;NA;
31;4;0.52;0.63;0.41;NA;ND;0.71;0.94;NA;0.47;NA;NA;NA;
31;5;0.62;0.77;0.65;NA;ND;0.94;1.03;NA;0.59;NA;NA;NA;
31;6;1;0.68;1.08;NA;ND;1.09;1.15;NA;0.69;NA;NA;NA;
31;7;0.88;0.45;1.29;NA;ND;1.02;0.95;NA;0.87;NA;NA;NA;
31;8;0.84;0.78;1.08;NA;ND;0.81;0.71;NA;0.66;NA;NA;NA;
31;9;0.63;0.53;0.98;NA;ND;0.91;0.63;NA;0.55;NA;NA;NA;
31;10;ND;0.57;0.9;NA;ND;0.83;0.69;NA;0.4;NA;NA;NA;
31;11;0.31;0.42;0.6;NA;ND;0.53;0.61;NA;0.32;NA;NA;NA;
31;12;0.25;0.34;0.51;NA;ND;0.48;0.58;NA;0.29;NA;NA;NA;
31;13;0.23;0.34;0.53;NA;ND;0.55;0.66;NA;0.29;NA;NA;NA;
31;14;0.24;0.34;0.47;NA;ND;0.5;0.81;NA;0.31;NA;NA;NA;
31;15;0.25;0.43;0.54;NA;ND;0.51;0.71;NA;0.37;NA;NA;NA;
31;16;0.29;0.5;0.5;NA;ND;0.57;0.76;NA;0.33;NA;NA;NA;
31;17;0.29;0.44;0.51;NA;ND;0.55;0.71;NA;0.31;NA;NA;NA;
31;18;0.44;0.56;0.55;NA;ND;0.78;0.86;NA;0.59;NA;NA;NA;
31;19;0.55;0.44;0.57;NA;ND;0.72;0.98;NA;0.44;NA;NA;NA;
31;20;0.46;0.55;0.54;NA;ND;0.59;0.93;NA;0.49;NA;NA;NA;
31;21;0.62;0.74;0.45;NA;ND;0.68;1.42;NA;0.5;NA;NA;NA;
31;22;0.86;0.45;0.49;NA;ND;0.82;2.72;NA;0.78;NA;NA;NA;
31;23;0.6;0.69;0.44;NA;ND;0.71;1.9;NA;0.55;NA;NA;NA;
