DIA;HORA;Cotocollao;Carapungo;Belisario;Jipijapa;El Camal;Centro;Guamaní;Tumbaco;Los Chillos;El Condado;Turubamba;Chillogallo;
1;0;7.9;14.68;21.02;NA;ND;21.87;38.45;5.49;4.22;NA;NA;NA;
1;1;18.12;17.55;1.87;NA;ND;12.37;38.74;ND;4.91;NA;NA;NA;
1;2;17.64;14.05;3;NA;ND;0.18;35.41;5.01;4.93;NA;NA;NA;
1;3;5.17;2.5;4.69;NA;ND;3.17;34.04;1.76;5.55;NA;NA;NA;
1;4;1.43;2.04;1.58;NA;ND;14.97;33.46;1.03;3.3;NA;NA;NA;
1;5;0.84;3.37;0.51;NA;ND;11.05;30.42;0.75;3.19;NA;NA;NA;
1;6;1.87;7.57;11.05;NA;ND;9.17;31.44;1.54;7.91;NA;NA;NA;
1;7;4.78;12.49;19.23;NA;ND;16.34;45.22;4.74;11.01;NA;NA;NA;
1;8;21.91;24.75;32.09;NA;ND;27.87;35.95;20.08;23.96;NA;NA;NA;
1;9;34.48;37.45;41.46;NA;ND;38.64;40.75;42.85;44.41;NA;NA;NA;
1;10;40.29;47.85;48.65;NA;ND;44.7;51.05;46.98;52.64;NA;NA;NA;
1;11;38.8;48.98;42.17;NA;ND;43;43.95;40.1;49.69;NA;NA;NA;
1;12;41.85;41.69;41.24;NA;ND;37.97;42.66;40.03;43.41;NA;NA;NA;
1;13;40.8;40.52;43.4;NA;ND;39.08;52.44;40.78;40.59;NA;NA;NA;
1;14;36.53;36.82;42.64;NA;ND;39.21;49.24;39.01;39.84;NA;NA;NA;
1;15;35.41;36.98;38.14;NA;ND;34.83;42.89;36.77;37.94;NA;NA;NA;
1;16;34.43;33.48;33.24;NA;ND;28.59;41;35.7;35.42;NA;NA;NA;
1;17;27.74;33.14;25.14;NA;ND;23.42;35.03;31.96;31.29;NA;NA;NA;
1;18;19.15;24.99;23.49;NA;ND;18.6;29.75;28.15;26.86;NA;NA;NA;
1;19;15.97;21.31;12.96;NA;ND;16.47;18.9;25.16;25.09;NA;NA;NA;
1;20;3.13;14.88;12.98;NA;ND;11.03;21.03;15.63;11.85;NA;NA;NA;
1;21;3.93;10.89;11.01;NA;ND;4;23.81;18.17;9.23;NA;NA;NA;
1;22;4.27;10.28;17.25;NA;ND;21.69;25.51;10.24;8.64;NA;NA;NA;
1;23;9.66;9.89;21.47;NA;ND;5.14;28.35;2.47;5.51;NA;NA;NA;
2;0;9.21;9.05;13.98;NA;ND;7.52;29.72;1.57;4.39;NA;NA;NA;
2;1;6.19;14.25;20.91;NA;ND;19.3;35.95;1.47;4.86;NA;NA;NA;
2;2;19.12;3.86;38.02;NA;ND;27.1;ND;0.83;ND;NA;NA;NA;
2;3;32.9;21.01;44.75;NA;ND;30.01;44.93;0.88;4.02;NA;NA;NA;
2;4;34.23;16.7;46.42;NA;ND;33.2;45.67;0.66;4.91;NA;NA;NA;
2;5;30.94;11.59;45.46;NA;ND;31.52;43.16;1.09;5.95;NA;NA;NA;
2;6;18.32;20.08;40.26;NA;ND;22.15;40.04;2.51;6.03;NA;NA;NA;
2;7;19.7;23.71;39.74;NA;ND;29.14;48.83;10.16;14.74;NA;NA;NA;
2;8;33.97;31.8;41.78;NA;ND;32.15;45.17;27.09;33.94;NA;NA;NA;
2;9;38.84;41.21;45.12;NA;ND;38.76;47.13;41.36;41.74;NA;NA;NA;
2;10;40.22;42.5;45.33;NA;ND;42.84;44.63;40.78;44.87;NA;NA;NA;
2;11;41.35;42.67;46.3;NA;ND;43.21;48.09;44.27;44.74;NA;NA;NA;
2;12;42.36;41.56;46.17;NA;ND;42.82;48.36;43.13;44.23;NA;NA;NA;
2;13;44.61;43.07;46.72;NA;ND;43.32;48.97;43.63;43.55;NA;NA;NA;
2;14;42.73;42.07;46.58;NA;ND;43.49;49.96;43.03;42.27;NA;NA;NA;
2;15;35.76;35.46;40.86;NA;ND;44.2;43.07;37.72;37.91;NA;NA;NA;
2;16;29.25;37.37;34.35;NA;ND;37.38;34.17;34.31;33.53;NA;NA;NA;
2;17;25.39;33.95;28.5;NA;ND;27.66;39.71;31.92;30.05;NA;NA;NA;
2;18;16.01;24.57;20.54;NA;ND;22.63;29.3;26.87;26.02;NA;NA;NA;
2;19;12.4;20.06;18.48;NA;ND;10.48;48.19;24.45;22.92;NA;NA;NA;
2;20;12.92;14.38;8.11;NA;ND;6.36;28.24;15.43;15.27;NA;NA;NA;
2;21;15.33;3.56;20.66;NA;ND;13.22;31.43;5.34;22.28;NA;NA;NA;
2;22;26.06;11.19;30.17;NA;ND;20.99;33.23;11.13;29.4;NA;NA;NA;
2;23;30.44;18.79;34.95;NA;ND;24.75;36.23;14.32;32.62;NA;NA;NA;
3;0;33.57;24.28;38.99;NA;ND;30.25;39.57;13.45;36.09;NA;NA;NA;
3;1;37.19;22.51;41.76;NA;ND;31.83;40.2;10.27;37.66;NA;NA;NA;
3;2;ND;ND;42.01;NA;ND;ND;39.9;6.62;36.08;NA;NA;NA;
3;3;35.37;28.14;40.77;NA;ND;31.79;39.41;6.34;34.73;NA;NA;NA;
3;4;33.83;24.46;39.75;NA;ND;29.33;38.99;2.98;23.3;NA;NA;NA;
3;5;32.09;15.33;36.88;NA;ND;23.67;37.39;2.18;14.46;NA;NA;NA;
3;6;26.41;12.89;31.11;NA;ND;17.4;36.32;4.31;11.11;NA;NA;NA;
3;7;27.27;18.7;33.4;NA;ND;21.46;48.43;11.38;25.34;NA;NA;NA;
3;8;32.42;30.71;36.37;NA;ND;29.97;45.63;33.88;35.34;NA;NA;NA;
3;9;37.9;40.22;40.86;NA;ND;38.14;44.24;41.08;45.34;NA;NA;NA;
3;10;42.77;46.4;46.12;NA;ND;44.75;46.95;44.61;54.98;NA;NA;NA;
3;11;44.87;50.14;44.87;NA;ND;44.28;50.4;47.39;52.49;NA;NA;NA;
3;12;46.17;47.29;47.03;NA;ND;43.1;46.08;46.36;46.85;NA;NA;NA;
3;13;44.49;45;45.14;NA;ND;45.42;48.91;ND;46.71;NA;NA;NA;
3;14;47.45;47.28;53.08;NA;ND;48.28;50.69;ND;48.31;NA;NA;NA;
3;15;43.34;43.67;42.97;NA;ND;40.35;51.82;45.3;45.71;NA;NA;NA;
3;16;37.42;37.61;40.11;NA;ND;34.4;53.65;52.26;47.11;NA;NA;NA;
3;17;37.32;36.8;29.33;NA;ND;32.5;61.29;49.1;41.19;NA;NA;NA;
3;18;19.98;26.73;19.56;NA;ND;18.18;47.28;45.87;38.7;NA;NA;NA;
3;19;10.77;24.32;11.45;NA;ND;12.36;39.84;44.31;30.15;NA;NA;NA;
3;20;16.03;12.72;26.86;NA;ND;15.92;36.5;41.89;16.76;NA;NA;NA;
3;21;27.02;18.4;34.47;NA;ND;19.29;38.25;36.43;17.81;NA;NA;NA;
3;22;28.61;16.62;36.81;NA;ND;23.69;38.29;37.54;9.53;NA;NA;NA;
3;23;34.93;24.04;40.64;NA;ND;26.38;37.77;42.82;14.81;NA;NA;NA;
4;0;38.02;32.11;41.13;NA;ND;27.74;37.34;48.53;13.68;NA;NA;NA;
4;1;38.71;34.83;43.12;NA;ND;29.77;39.15;ND;8.82;NA;NA;NA;
4;2;36.81;33.38;ND;NA;ND;29.02;36.9;38.1;16.5;NA;NA;NA;
4;3;36.95;32.1;41.44;NA;ND;27.12;36.03;29.19;21.53;NA;NA;NA;
4;4;34.71;27.72;38.36;NA;ND;25.4;34.88;19.88;17.4;NA;NA;NA;
4;5;31.62;20.35;35.64;NA;ND;19.08;34.59;4.47;14.67;NA;NA;NA;
4;6;24.18;9.44;27.55;NA;ND;16.52;34.2;4.34;6.63;NA;NA;NA;
4;7;25.51;18.21;30.33;NA;ND;23.4;38.38;8.14;9.65;NA;NA;NA;
4;8;29.41;26.06;29.52;NA;ND;26.42;39.98;24.44;26.54;NA;NA;NA;
4;9;33.66;33.73;35.74;NA;ND;33.55;44.03;42.87;36.91;NA;NA;NA;
4;10;35.76;36.54;38.63;NA;ND;34.16;44.43;41.27;41.77;NA;NA;NA;
4;11;34.52;36.14;35.43;NA;ND;30.87;47.62;38.93;38.07;NA;NA;NA;
4;12;34.62;36.99;36.64;NA;ND;31.23;39.54;42.25;41.63;NA;NA;NA;
4;13;ND;41.13;41.15;NA;ND;38.05;44.52;45.55;48.37;NA;NA;NA;
4;14;ND;40.21;41.49;NA;ND;39.71;49.38;44.84;46.77;NA;NA;NA;
4;15;39.44;40.04;40.94;NA;ND;34.96;51.53;46.39;45.2;NA;NA;NA;
4;16;36.07;37.35;38.9;NA;ND;34.42;47.94;42.48;43.63;NA;NA;NA;
4;17;26.63;29.17;24.31;NA;ND;26.02;40.78;36.57;34.64;NA;NA;NA;
4;18;16.39;20.99;18.57;NA;ND;13.34;30.25;36.04;24.92;NA;NA;NA;
4;19;16.4;18.89;26.07;NA;ND;14.19;32.08;42.04;16.67;NA;NA;NA;
4;20;17.54;18.33;10.21;NA;ND;9.34;31.13;40.31;5.59;NA;NA;NA;
4;21;28.66;18.37;29.96;NA;ND;15.82;33.56;12.34;21.22;NA;NA;NA;
4;22;35.4;19.1;37.29;NA;ND;21.21;35.37;20.04;31.87;NA;NA;NA;
4;23;40.55;29.16;40.07;NA;ND;26.11;40.25;37.6;37.24;NA;NA;NA;
5;0;42.93;36.79;46.65;NA;ND;33.28;42.18;44.72;40.46;NA;NA;NA;
5;1;44.08;36.92;45.84;NA;ND;32.59;43.2;24.42;39.33;NA;NA;NA;
5;2;41.91;36.79;45.59;NA;ND;34.59;43.9;25.59;39.7;NA;NA;NA;
5;3;39.28;31.99;43.62;NA;ND;32.41;42.35;14.74;38.1;NA;NA;NA;
5;4;36.41;30.18;42.62;NA;ND;30.37;42.44;8.54;35.23;NA;NA;NA;
5;5;31.41;20.41;39.03;NA;ND;25.42;38.63;2.42;28;NA;NA;NA;
5;6;23.17;16.07;30.86;NA;ND;18.57;35.5;2.52;19.01;NA;NA;NA;
5;7;25.43;19.83;29.39;NA;ND;20.51;37.27;12.87;24.24;NA;NA;NA;
5;8;30.34;29.69;31.05;NA;ND;24.79;37.47;37.71;34.18;NA;NA;NA;
5;9;39.34;44.07;41.61;NA;ND;37.64;44.06;53.58;48.36;NA;NA;NA;
5;10;43.72;43.6;48.01;NA;ND;44.42;49.87;46.21;58.99;NA;NA;NA;
5;11;42.91;42.83;41.18;NA;ND;37.13;50.04;42.66;48.29;NA;NA;NA;
5;12;42.98;41.35;36.07;NA;ND;36.75;45.73;45.02;40.69;NA;NA;NA;
5;13;39.35;44.78;37.14;NA;ND;34.62;44.7;51.26;41.32;NA;NA;NA;
5;14;47.04;51.74;45.78;NA;ND;41.83;49.65;59.43;52.55;NA;NA;NA;
5;15;50.99;52.81;48.35;NA;ND;45.72;51.5;57.16;49.33;NA;NA;NA;
5;16;43.34;44.17;42.72;NA;ND;39.41;47.24;53.6;48.52;NA;NA;NA;
5;17;31.84;32.61;27.1;NA;ND;27.81;42.91;47.59;41.02;NA;NA;NA;
5;18;17;15.93;16.77;NA;ND;23.43;38.57;42.91;42.78;NA;NA;NA;
5;19;23.93;13.65;18.54;NA;ND;15.52;40.38;23.4;24.94;NA;NA;NA;
5;20;24.1;8.45;17.03;NA;ND;12.93;44.8;19.17;14.06;NA;NA;NA;
5;21;30.06;7.97;30.13;NA;ND;20.1;49.42;11.69;31.59;NA;NA;NA;
5;22;43.64;23.53;45.29;NA;ND;32.33;52.41;33.08;44.34;NA;NA;NA;
5;23;49.7;39.14;52.04;NA;ND;38.16;55.98;44.79;47.48;NA;NA;NA;
6;0;53.07;39.53;55.81;NA;ND;42.44;59.56;38.38;39.5;NA;NA;NA;
6;1;55.16;39.47;60.54;NA;ND;43.79;60.61;27.83;40.42;NA;NA;NA;
6;2;52.37;39.58;58.23;NA;ND;43.59;ND;24.96;ND;NA;NA;NA;
6;3;52.4;26.2;58.75;NA;ND;42.9;59.24;15.63;31.81;NA;NA;NA;
6;4;49.39;33.6;57.73;NA;ND;41.24;57.92;18.68;23.55;NA;NA;NA;
6;5;47.41;23.29;54.71;NA;ND;31.84;56.09;7.49;13.79;NA;NA;NA;
6;6;35.14;11.46;44.93;NA;ND;23.85;49.94;7.29;7.25;NA;NA;NA;
6;7;34.27;16.32;44.1;NA;ND;30.56;49.91;15.54;17.22;NA;NA;NA;
6;8;42.95;24.49;45.46;NA;ND;38.32;58.79;42.06;45.03;NA;NA;NA;
6;9;43.47;42.61;46.3;NA;ND;46.74;55.74;53.22;61.02;NA;NA;NA;
6;10;49.21;53.76;ND;NA;ND;46.01;58.81;56.85;68.3;NA;NA;NA;
6;11;57.93;57.92;51.4;NA;ND;53.4;ND;60.25;67.59;NA;NA;NA;
6;12;62.04;59.77;52.92;NA;ND;56.45;75.2;60.17;61.82;NA;NA;NA;
6;13;59.41;59.13;53.47;NA;ND;53.53;ND;61.5;58.93;NA;NA;NA;
6;14;56.44;52.97;53.1;NA;ND;49.39;67.98;57.3;59.06;NA;NA;NA;
6;15;51.41;51.8;47.66;NA;ND;42.53;55.89;59.21;55.7;NA;NA;NA;
6;16;48.51;52.66;41.7;NA;ND;38.47;54.94;57.63;54.55;NA;NA;NA;
6;17;38.73;43.98;34.03;NA;ND;30.66;50.6;47.87;48.29;NA;NA;NA;
6;18;25.62;29.45;17.18;NA;ND;23;38.06;43.83;35.73;NA;NA;NA;
6;19;12.91;35.45;12.72;NA;ND;20.2;40.8;32.96;27.55;NA;NA;NA;
6;20;14.22;32.82;13.12;NA;ND;20.28;40.88;40;25.47;NA;NA;NA;
6;21;15.76;33.52;12.78;NA;ND;17.87;46.86;41.69;27.49;NA;NA;NA;
6;22;29.12;34;21.39;NA;ND;16.72;47.88;27.65;23.41;NA;NA;NA;
6;23;23.52;34.6;36.83;NA;ND;27.59;49.02;32.03;10.67;NA;NA;NA;
7;0;38.17;33.16;40.04;NA;ND;28.24;47.84;10.06;11.84;NA;NA;NA;
7;1;22.6;32.37;45.28;NA;ND;36.09;48.17;7.32;16.26;NA;NA;NA;
7;2;ND;ND;46.23;NA;ND;ND;46.64;5.29;12.89;NA;NA;NA;
7;3;19.66;13.38;45.72;NA;ND;34.34;47.58;2.61;13.9;NA;NA;NA;
7;4;8.46;5.64;43.04;NA;ND;26.83;47.35;2.76;12.39;NA;NA;NA;
7;5;4.21;3.74;41.55;NA;ND;24.92;45.72;2.27;6.9;NA;NA;NA;
7;6;3.61;16.34;34.91;NA;ND;12.95;43.25;2.92;5.03;NA;NA;NA;
7;7;16.52;15.68;34.5;NA;ND;25.14;43.12;7.68;14;NA;NA;NA;
7;8;23.62;27.16;34.29;NA;ND;33.68;53.33;18.79;28.86;NA;NA;NA;
7;9;37.03;35;40.15;NA;ND;41.43;56.51;30.84;43.56;NA;NA;NA;
7;10;40.48;45.7;46.57;NA;ND;47.99;64.39;50.07;56.08;NA;NA;NA;
7;11;43.96;51.53;43.96;NA;ND;44.51;53.73;50.57;53.74;NA;NA;NA;
7;12;47.37;53.51;39.76;NA;ND;40.6;47.36;49.4;41.05;NA;NA;NA;
7;13;42.69;44.09;34.6;NA;ND;36.75;46.96;46.2;42.06;NA;NA;NA;
7;14;39.75;37.12;36.13;NA;ND;38.09;44.01;45.78;41.66;NA;NA;NA;
7;15;34.77;38.76;39.09;NA;ND;37.69;46.19;44.5;42.59;NA;NA;NA;
7;16;39.75;43.95;41.33;NA;ND;35.53;43.71;43.9;43.36;NA;NA;NA;
7;17;34.93;37.82;36.78;NA;ND;24.08;31.05;44.95;39.09;NA;NA;NA;
7;18;30.75;32.84;28.4;NA;ND;ND;30.61;35.66;34.64;NA;NA;NA;
7;19;21.91;27.19;12.24;NA;ND;7.82;14.54;28.73;28.55;NA;NA;NA;
7;20;7.05;20.6;8.01;NA;ND;8.8;11.23;19.25;15.92;NA;NA;NA;
7;21;3.58;17.25;9.37;NA;ND;4.51;6.52;23.12;4.85;NA;NA;NA;
7;22;1.89;16.95;1.68;NA;ND;0.56;6.78;30.37;9.02;NA;NA;NA;
7;23;2.76;14.98;4.7;NA;ND;6.14;6.45;17.26;5.76;NA;NA;NA;
8;0;13.94;8.43;0.86;NA;ND;5.85;18.18;4.65;5.54;NA;NA;NA;
8;1;12.82;4.42;0.78;NA;ND;0.88;9.15;ND;3.73;NA;NA;NA;
8;2;4.9;6.76;ND;NA;ND;ND;ND;1.74;3.71;NA;NA;NA;
8;3;5.49;2.46;1.18;NA;ND;0.09;6.07;1.15;3.37;NA;NA;NA;
8;4;0.94;2.72;1.21;NA;ND;0;13.5;0.94;3.29;NA;NA;NA;
8;5;1.03;2.93;1.03;NA;ND;0;20.8;1.17;3.56;NA;NA;NA;
8;6;3.52;8.04;1.7;NA;ND;0.51;18.66;1.53;5.51;NA;NA;NA;
8;7;10.84;14.22;7.29;NA;ND;5.64;30.34;4.25;10.41;NA;NA;NA;
8;8;21.68;28.21;31.73;NA;ND;30.83;40.05;9.8;20.82;NA;NA;NA;
8;9;38.2;38.6;39.97;NA;ND;39.87;46.91;27.58;42.48;NA;NA;NA;
8;10;39.82;39.86;38.06;NA;ND;39.84;55.98;41.94;34.67;NA;NA;NA;
8;11;43.25;47.58;39.82;NA;ND;38.31;59.58;58.47;52.44;NA;NA;NA;
8;12;46.8;49.46;43.28;NA;ND;44.15;50.54;42.45;40.92;NA;NA;NA;
8;13;46.21;44.12;52.56;NA;ND;41.96;41.93;60.4;38.38;NA;NA;NA;
8;14;50.47;46.04;55.69;NA;ND;40.8;45.48;66.22;40.61;NA;NA;NA;
8;15;50.72;47.76;49.05;NA;ND;35.85;49.92;65.23;45.56;NA;NA;NA;
8;16;47.36;46.23;43.23;NA;ND;39.24;48.06;56.89;42.62;NA;NA;NA;
8;17;42.97;38.95;38.71;NA;ND;20.12;39.37;50.02;35.05;NA;NA;NA;
8;18;31.9;29.5;17.66;NA;ND;31.02;20.76;42.56;35.48;NA;NA;NA;
8;19;21.88;27.56;8.69;NA;ND;7.12;15.04;40.02;36.13;NA;NA;NA;
8;20;11.93;29.04;2.65;NA;ND;4.33;17.24;42.79;31.7;NA;NA;NA;
8;21;10.71;30.28;6.73;NA;ND;4.88;18.96;40;28.31;NA;NA;NA;
8;22;7.33;23.81;9.57;NA;ND;3.32;26.38;33.6;30.25;NA;NA;NA;
8;23;20.15;20.34;8.95;NA;ND;14.92;26.96;38.41;29.8;NA;NA;NA;
9;0;18.84;20.64;14.89;NA;ND;1;28.62;35.19;11.86;NA;NA;NA;
9;1;13.1;23.24;3.06;NA;ND;0;28.26;37.56;25.56;NA;NA;NA;
9;2;17.9;28.4;0.13;NA;ND;1.57;18.78;39.96;25.7;NA;NA;NA;
9;3;18.31;28.27;11.96;NA;ND;10.11;26.38;37.69;31.75;NA;NA;NA;
9;4;21.12;28.36;21.29;NA;ND;11.29;23.9;37.71;31.6;NA;NA;NA;
9;5;21.7;26.5;19.38;NA;ND;8.01;14.43;39.95;29.83;NA;NA;NA;
9;6;22.36;28.17;11.98;NA;ND;5.24;8.28;36.69;26.32;NA;NA;NA;
9;7;20.15;20.3;16.41;NA;ND;11.3;16.71;34.59;28.64;NA;NA;NA;
9;8;25.6;26.37;22.49;NA;ND;23.72;33.28;40.14;27.73;NA;NA;NA;
9;9;30.86;36.92;33.73;NA;ND;38.27;47.09;45.39;39.43;NA;NA;NA;
9;10;41.86;50.73;41.07;NA;ND;39.12;55.54;59.01;26.89;NA;NA;NA;
9;11;53.51;57.76;43.46;NA;ND;43.35;60.93;60.29;42.65;NA;NA;NA;
9;12;41.46;45.42;48.96;NA;ND;43.51;61.95;61.78;49.44;NA;NA;NA;
9;13;41.56;45.24;52.84;NA;ND;44.83;52.12;55.19;43.3;NA;NA;NA;
9;14;45.41;45.9;54.14;NA;ND;53.13;63.67;63.3;45.36;NA;NA;NA;
9;15;37.95;41.44;44.79;NA;ND;41.04;51.93;58.01;34.28;NA;NA;NA;
9;16;34.5;36.08;43.72;NA;ND;37.56;28.8;46.73;45.79;NA;NA;NA;
9;17;30.66;30.31;39.85;NA;ND;23.09;24.79;38.94;35.49;NA;NA;NA;
9;18;25.06;26.49;21.51;NA;ND;15.03;19.84;35.68;31.79;NA;NA;NA;
9;19;22.25;26.29;10.1;NA;ND;12.54;18.44;33.38;25.86;NA;NA;NA;
9;20;21.7;28.65;14.88;NA;ND;13.05;18.27;38.96;29.76;NA;NA;NA;
9;21;10.06;30.31;16.06;NA;ND;12.46;20.42;37.77;32.75;NA;NA;NA;
9;22;11.96;27.23;12.31;NA;ND;15.15;12.12;36.46;21.67;NA;NA;NA;
9;23;20.29;26.38;12.41;NA;ND;7.58;13.08;37.5;26.61;NA;NA;NA;
10;0;24.78;30.24;11.51;NA;ND;8.65;22.62;34.15;17.8;NA;NA;NA;
10;1;24.76;22.71;5.86;NA;ND;4.11;14.8;28.64;16.52;NA;NA;NA;
10;2;26.99;18.94;25.62;NA;ND;1.35;10.37;22.66;ND;NA;NA;NA;
10;3;21.91;15.47;2.74;NA;ND;0.15;23.81;16.28;5.43;NA;NA;NA;
10;4;3.68;11.24;0.97;NA;ND;3.97;24.83;5.35;8.73;NA;NA;NA;
10;5;0.29;2.81;1.24;NA;ND;0.62;23.69;1.57;4.78;NA;NA;NA;
10;6;0.48;6.11;1.73;NA;ND;7.86;28.23;2.18;4.42;NA;NA;NA;
10;7;6.54;9.62;5.52;NA;ND;14.82;31.44;6.05;6.52;NA;NA;NA;
10;8;14.45;20.35;27.14;NA;ND;28.56;38.6;18.72;17.08;NA;NA;NA;
10;9;27.46;33.13;33.78;NA;ND;42.75;45.55;35;21.82;NA;NA;NA;
10;10;44.02;50.33;48.62;NA;ND;50.1;53.06;54.62;43;NA;NA;NA;
10;11;49.52;56.03;52.6;NA;ND;53.08;60.21;54.19;61.29;NA;NA;NA;
10;12;49.86;60.94;53.28;NA;ND;54.13;65.02;54.71;60.12;NA;NA;NA;
10;13;52.8;55.61;50.33;NA;ND;50.14;68.75;54.01;53.88;NA;NA;NA;
10;14;42.67;46.26;50.14;NA;ND;46.16;55.27;51.42;51.3;NA;NA;NA;
10;15;43.61;46.37;48.19;NA;ND;46.03;40.33;50.1;45.17;NA;NA;NA;
10;16;42.91;46.04;48.74;NA;ND;41.85;42.27;48.87;49.71;NA;NA;NA;
10;17;38.33;44.86;44.41;NA;ND;34.34;48;51.04;45.01;NA;NA;NA;
10;18;23.87;37.27;34.54;NA;ND;17.11;22.92;44.33;44.11;NA;NA;NA;
10;19;22.76;29.83;11.84;NA;ND;8.6;26.38;38.39;28.24;NA;NA;NA;
10;20;9.88;23.98;28.98;NA;ND;15.04;21.75;19.2;22.64;NA;NA;NA;
10;21;22.67;24.98;26.95;NA;ND;12.32;4.6;8.65;14.18;NA;NA;NA;
10;22;15.02;27.5;26.66;NA;ND;13.21;17.38;3.84;6.25;NA;NA;NA;
10;23;22;20.83;18.31;NA;ND;11.52;25.14;2.53;5.01;NA;NA;NA;
11;0;20.83;11.22;4.26;NA;ND;11.59;31.1;6.13;7.43;NA;NA;NA;
11;1;24.77;3.57;5.11;NA;ND;13.76;33.88;2.78;5.22;NA;NA;NA;
11;2;ND;ND;9.3;NA;ND;17.25;35.04;1.18;5.4;NA;NA;NA;
11;3;6.95;5.07;31.52;NA;ND;23.29;37.16;1.37;3.79;NA;NA;NA;
11;4;2.28;3.92;35.6;NA;ND;17.75;37.12;1.21;3.61;NA;NA;NA;
11;5;1.16;5.65;30.38;NA;ND;10.66;34.69;0.96;4.29;NA;NA;NA;
11;6;1.68;10.67;24.32;NA;ND;6.72;33.64;2.07;7.14;NA;NA;NA;
11;7;7.35;12.26;28.82;NA;ND;18.21;36.65;7.09;11.49;NA;NA;NA;
11;8;28.5;24.77;31.58;NA;ND;28.97;40.02;9.71;14.09;NA;NA;NA;
11;9;40.04;39.85;39.28;NA;ND;41.68;47.63;20.55;31.17;NA;NA;NA;
11;10;ND;47.65;47.17;NA;ND;47.97;65.15;44.04;59.4;NA;NA;NA;
11;11;43.26;55.87;46.6;NA;ND;41.62;67.85;53.08;63.03;NA;NA;NA;
11;12;48.73;45.89;44.66;NA;ND;42.49;73.41;47.86;47.48;NA;NA;NA;
11;13;ND;43.86;44.48;NA;ND;42.5;58.6;48.26;47.62;NA;NA;NA;
11;14;41.67;45.76;38.94;NA;ND;38.87;50.63;48.03;45.67;NA;NA;NA;
11;15;45.14;50.34;48.71;NA;ND;44.75;37.24;53.54;44.46;NA;NA;NA;
11;16;48.44;51;48.96;NA;ND;46.4;40.49;50.59;46.85;NA;NA;NA;
11;17;46.44;47.98;38.63;NA;ND;39.72;36.42;51.25;44.82;NA;NA;NA;
11;18;35.36;39.91;35.93;NA;ND;20.79;24.49;47.11;39.7;NA;NA;NA;
11;19;22.17;30.71;29.42;NA;ND;9.87;13.56;28.91;21.28;NA;NA;NA;
11;20;9.95;26.89;22.99;NA;ND;15.98;17.99;8.21;14.72;NA;NA;NA;
11;21;24.51;28.78;19.75;NA;ND;12.42;28.52;5.18;6.85;NA;NA;NA;
11;22;17.23;29.18;5.41;NA;ND;12.28;36.71;4.76;5.06;NA;NA;NA;
11;23;20.03;31.2;24.63;NA;ND;26.63;40.05;7.07;3.78;NA;NA;NA;
12;0;21.15;22.2;18.57;NA;ND;27.46;41.09;4.4;5.17;NA;NA;NA;
12;1;30.01;29.92;16.23;NA;ND;27.9;42.27;ND;3.59;NA;NA;NA;
12;2;ND;36.07;ND;NA;ND;ND;ND;3.9;5.65;NA;NA;NA;
12;3;11.84;28.07;36.97;NA;ND;31.54;44.35;6.11;4.36;NA;NA;NA;
12;4;6.48;10.45;41.74;NA;ND;31.04;45.96;4.31;3.88;NA;NA;NA;
12;5;2.42;4.92;37.33;NA;ND;12.19;42.97;13.16;3.35;NA;NA;NA;
12;6;3.5;11.61;17.73;NA;ND;12.33;41.3;4.64;5.4;NA;NA;NA;
12;7;9.92;14.82;29.08;NA;ND;27.67;44.1;6.74;12.56;NA;NA;NA;
12;8;35.79;31.26;37.61;NA;ND;37.54;52.7;7.74;30.65;NA;NA;NA;
12;9;39.04;44.31;41.48;NA;ND;45.85;51.11;30.72;51.88;NA;NA;NA;
12;10;42.64;53.17;43.37;NA;ND;ND;56.32;59.1;56.58;NA;NA;NA;
12;11;50.73;54.63;47.77;NA;ND;ND;63.02;ND;45.76;NA;NA;NA;
12;12;48.47;49.28;44.5;NA;ND;42.7;54.93;ND;43.1;NA;NA;NA;
12;13;45.49;47.11;42.4;NA;ND;52.53;51.43;ND;45.66;NA;NA;NA;
12;14;39.59;46.1;40.66;NA;ND;42.63;47.04;43.83;41.73;NA;NA;NA;
12;15;43.38;41.9;44.71;NA;ND;40.5;39.22;42.41;39.05;NA;NA;NA;
12;16;40.19;39.77;28.64;NA;ND;25.99;32.98;40.73;38.62;NA;NA;NA;
12;17;31.69;34.96;26.79;NA;ND;24.72;18.09;39.91;33.25;NA;NA;NA;
12;18;23.36;30.96;20.03;NA;ND;21.9;26.65;37.28;30.74;NA;NA;NA;
12;19;23.57;27.89;23.76;NA;ND;14.37;13.48;28.55;23.95;NA;NA;NA;
12;20;20.74;30.01;16.37;NA;ND;2.77;10.89;21.29;8.48;NA;NA;NA;
12;21;18.19;30.02;12.7;NA;ND;2.02;27.19;11.65;5.26;NA;NA;NA;
12;22;23.55;32.7;8.59;NA;ND;12.59;32.35;5.76;5.56;NA;NA;NA;
12;23;11.79;31.62;11.03;NA;ND;20.03;36.29;3;3.9;NA;NA;NA;
13;0;7.08;31.44;27.38;NA;ND;29.12;41.99;3.89;3.25;NA;NA;NA;
13;1;15.54;31.73;39.73;NA;ND;31;43.23;3.81;3.76;NA;NA;NA;
13;2;18.32;26.95;39.08;NA;ND;30.96;46.34;4.14;5.45;NA;NA;NA;
13;3;19.18;6.74;19.07;NA;ND;23.01;44.96;2.2;2.9;NA;NA;NA;
13;4;3.11;2.93;33.45;NA;ND;30.25;42.95;3.8;3.07;NA;NA;NA;
13;5;1.34;5.44;35.69;NA;ND;22.8;42.6;3.48;3.09;NA;NA;NA;
13;6;3.1;6.08;25.94;NA;ND;15.72;40.95;3.45;5.3;NA;NA;NA;
13;7;8.52;9.93;31.22;NA;ND;27.43;44.31;8.09;9.96;NA;NA;NA;
13;8;23.94;17.17;36.73;NA;ND;35.75;48.25;15.38;28.17;NA;NA;NA;
13;9;39.51;34.56;42.58;NA;ND;42.83;54.8;27.29;50.34;NA;NA;NA;
13;10;45.99;47.2;46.5;NA;ND;48.18;59.18;57.47;64.12;NA;NA;NA;
13;11;57.46;60.76;53.92;NA;ND;54.15;66.66;60.07;59.86;NA;NA;NA;
13;12;61.92;58.66;59.24;NA;ND;57.79;76.35;64.02;57.3;NA;NA;NA;
13;13;57.46;54.29;61.08;NA;ND;59.67;71.62;61.56;56.79;NA;NA;NA;
13;14;49.88;49.24;53.67;NA;ND;48.09;66.03;56.62;53.33;NA;NA;NA;
13;15;47.3;50.82;50.66;NA;ND;55.07;64.45;55.89;51.42;NA;NA;NA;
13;16;46.88;47.03;40;NA;ND;39.36;50.67;46.82;43.7;NA;NA;NA;
13;17;43.83;39.47;34.79;NA;ND;33.38;39.66;46.28;40.26;NA;NA;NA;
13;18;32;33.22;20.44;NA;ND;22.01;24.55;43.91;30.65;NA;NA;NA;
13;19;24.74;29.15;15.05;NA;ND;16.31;17.74;40.29;32.03;NA;NA;NA;
13;20;18.57;27.03;7.46;NA;ND;2.1;17;40.95;26.91;NA;NA;NA;
13;21;9.93;27.51;2.29;NA;ND;0.31;7.53;35.95;32.17;NA;NA;NA;
13;22;12.12;23.2;7.35;NA;ND;0.68;3.67;39.25;25.24;NA;NA;NA;
13;23;13.63;22.55;4.03;NA;ND;0;13.52;39.43;20.19;NA;NA;NA;
14;0;17.53;28.18;2.16;NA;ND;0.32;22.85;38.28;16.07;NA;NA;NA;
14;1;13.88;29.33;7.17;NA;ND;5.23;18.59;ND;16.34;NA;NA;NA;
14;2;11.66;28.05;13.53;NA;ND;11.7;20;34.05;ND;NA;NA;NA;
14;3;12.99;26.68;16.65;NA;ND;8.67;24.44;33.97;19.32;NA;NA;NA;
14;4;7.26;22;11.96;NA;ND;2.62;26.04;30.87;15.54;NA;NA;NA;
14;5;6.16;12.65;2.18;NA;ND;9.24;22.08;27.8;3.18;NA;NA;NA;
14;6;2.71;6.97;1.26;NA;ND;2.35;10.34;20.87;4.67;NA;NA;NA;
14;7;5.35;8.12;4;NA;ND;4.99;22.66;22.35;7.35;NA;NA;NA;
14;8;9.43;10.25;7.2;NA;ND;20.62;30.14;33.8;9.05;NA;NA;NA;
14;9;13.32;16.4;22.94;NA;ND;30.04;37.91;34.36;14.43;NA;NA;NA;
14;10;24.46;28.03;33.11;NA;ND;30.74;49.28;35.04;12.97;NA;NA;NA;
14;11;36.23;43.91;40.23;NA;ND;31.72;38.18;48.17;17.17;NA;NA;NA;
14;12;40.21;46.57;32.05;NA;ND;33.56;35.77;40.41;30.05;NA;NA;NA;
14;13;39.05;48.47;30.29;NA;ND;24.53;43.3;47.44;33.01;NA;NA;NA;
14;14;32.23;36.27;33.04;NA;ND;31.64;34.23;42.59;31.64;NA;NA;NA;
14;15;31.69;33.97;37.01;NA;ND;36.4;32.17;45.91;36.99;NA;NA;NA;
14;16;25.59;30.31;30.17;NA;ND;23.36;30.89;38.81;33.72;NA;NA;NA;
14;17;20.11;24.52;16.79;NA;ND;18.94;26.49;38.46;17.19;NA;NA;NA;
14;18;6.2;20.3;10.95;NA;ND;19.16;23.06;33.68;24.41;NA;NA;NA;
14;19;2.93;15.56;10.98;NA;ND;13.33;15.79;30.88;23.69;NA;NA;NA;
14;20;0.52;10.36;2.5;NA;ND;7.17;20.69;27.56;23.15;NA;NA;NA;
14;21;2.08;10.47;0.48;NA;ND;1.28;21.39;14.46;11.67;NA;NA;NA;
14;22;0;12.66;1.39;NA;ND;0;19.25;25.05;13.46;NA;NA;NA;
14;23;1.49;16.07;5.61;NA;ND;0;5.02;26.29;15.13;NA;NA;NA;
15;0;0.98;12.81;3.05;NA;ND;0.39;10.55;27.71;7.52;NA;NA;NA;
15;1;0.13;10.92;2.64;NA;ND;2.31;6.13;24.1;6.11;NA;NA;NA;
15;2;0.04;ND;ND;NA;ND;0.11;10.36;22.89;5.18;NA;NA;NA;
15;3;0;12.67;0.2;NA;ND;0.09;1.97;22.89;3.99;NA;NA;NA;
15;4;0;7.84;0.22;NA;ND;0;13.69;20.91;11;NA;NA;NA;
15;5;0;2.77;1.92;NA;ND;0;12.79;18.51;7.55;NA;NA;NA;
15;6;0.29;3.45;1.36;NA;ND;0.2;6.18;12.07;4.69;NA;NA;NA;
15;7;2.15;8.77;3.86;NA;ND;1.39;22.46;18.07;6.56;NA;NA;NA;
15;8;6.76;20.53;12.68;NA;ND;7.35;30.59;20.06;13.14;NA;NA;NA;
15;9;16.38;27.56;27.36;NA;ND;28.96;45.27;21.87;39.83;NA;NA;NA;
15;10;33.83;38.39;36.16;NA;ND;39.61;52.06;43.37;44.01;NA;NA;NA;
15;11;42.6;42.97;42.68;NA;ND;43.72;48.01;48.27;44.94;NA;NA;NA;
15;12;41.62;44.73;40.53;NA;ND;40.72;53.71;51.27;44.93;NA;NA;NA;
15;13;42.39;45.48;42.75;NA;ND;42.61;50.97;52.23;45.18;NA;NA;NA;
15;14;41.16;43.27;41.35;NA;ND;41.31;48.88;53.03;45.18;NA;NA;NA;
15;15;38.5;39.35;39.06;NA;ND;37;45.08;48.25;43.2;NA;NA;NA;
15;16;35.1;39.6;36.62;NA;ND;33.67;47.27;48.86;42.82;NA;NA;NA;
15;17;29.8;35.65;30.53;NA;ND;30.76;39.45;44.81;38.58;NA;NA;NA;
15;18;20.74;28.84;28.35;NA;ND;30.51;36.18;37.9;33.07;NA;NA;NA;
15;19;9.98;19.98;21.53;NA;ND;23.98;30.3;28.64;29.75;NA;NA;NA;
15;20;5.86;16.59;15.86;NA;ND;13.86;8.17;13.99;13.06;NA;NA;NA;
15;21;6.01;15.08;18.67;NA;ND;8.19;7.25;19.12;9.57;NA;NA;NA;
15;22;10.79;16.04;24.94;NA;ND;19.1;10.15;19.99;10.61;NA;NA;NA;
15;23;7.78;6.44;26.98;NA;ND;26.34;15.73;19.57;4.87;NA;NA;NA;
16;0;10.48;5.75;32.99;NA;ND;30.96;13.37;17.37;3.08;NA;NA;NA;
16;1;7.19;8.48;30.97;NA;ND;23.97;22.42;18.75;5.54;NA;NA;NA;
16;2;ND;3.37;17.72;NA;ND;ND;ND;6.81;3.23;NA;NA;NA;
16;3;3.8;2;21.78;NA;ND;10.77;13.55;4.67;2.47;NA;NA;NA;
16;4;7.15;7.23;22.6;NA;ND;18.57;21.31;7.1;2.58;NA;NA;NA;
16;5;11.7;10.62;29.24;NA;ND;22.56;16.44;5.88;2.54;NA;NA;NA;
16;6;8.47;7.05;23.74;NA;ND;26.62;11.24;13.12;3.87;NA;NA;NA;
16;7;6.58;11.86;29.82;NA;ND;33.13;46.39;7.03;6.58;NA;NA;NA;
16;8;18.34;27;34.77;NA;ND;38.91;42.37;13.87;13.42;NA;NA;NA;
16;9;30.71;34.7;44.19;NA;ND;44.01;45.69;25.11;30.76;NA;NA;NA;
16;10;38.07;43.08;42.71;NA;ND;43.81;50.5;36.05;44.71;NA;NA;NA;
16;11;38.15;39.05;41.39;NA;ND;42.67;48.52;49.81;46.97;NA;NA;NA;
16;12;39.42;41.23;45.59;NA;ND;44.22;46.89;51.66;47.35;NA;NA;NA;
16;13;39.13;39.64;44.16;NA;ND;42.64;48.39;49.34;44.88;NA;NA;NA;
16;14;38.95;40.61;42.53;NA;ND;40.38;43.8;49.92;46.01;NA;NA;NA;
16;15;40.09;41.33;41.08;NA;ND;39.33;45.15;47.79;43.39;NA;NA;NA;
16;16;34.52;38.49;38.28;NA;ND;33.97;43.15;48.11;38.6;NA;NA;NA;
16;17;31.36;32.04;35.35;NA;ND;32.27;43.51;44.83;42.01;NA;NA;NA;
16;18;25.64;30.05;33.58;NA;ND;28.65;37.66;41.56;35.47;NA;NA;NA;
16;19;29.14;27.25;34.44;NA;ND;31.46;31.58;45.95;29.99;NA;NA;NA;
16;20;28.66;27.87;45.3;NA;ND;47.19;54.26;60.29;5.63;NA;NA;NA;
16;21;26.45;25.87;48.21;NA;ND;54.19;61.01;58.06;21.06;NA;NA;NA;
16;22;23.8;26.37;60.4;NA;ND;56.75;68.39;73.72;36.02;NA;NA;NA;
16;23;33.94;23.84;63.86;NA;ND;52.26;66.92;78.65;36.76;NA;NA;NA;
17;0;56.27;45.52;64.09;NA;ND;65.61;76.91;54.12;67.6;NA;NA;NA;
17;1;41.94;32.27;67.81;NA;ND;63.17;69.87;58.3;56;NA;NA;NA;
17;2;49.96;39.84;62.41;NA;ND;44.71;62.85;45.65;46.39;NA;NA;NA;
17;3;41.44;38.2;51.98;NA;ND;46.08;55.32;34.55;44.28;NA;NA;NA;
17;4;21.66;36.62;50.23;NA;ND;41.18;46.79;39.81;38.03;NA;NA;NA;
17;5;35.15;29.02;43.48;NA;ND;31.7;45.69;32.82;38.05;NA;NA;NA;
17;6;8.12;16.45;30.21;NA;ND;25.02;44.53;7.95;26.76;NA;NA;NA;
17;7;16.69;27.26;20.36;NA;ND;20.76;44.15;16.03;25.2;NA;NA;NA;
17;8;28.46;29.73;32.39;NA;ND;33.73;45.75;44.5;37.43;NA;NA;NA;
17;9;41.75;43.44;42.36;NA;ND;43.71;47.83;55.09;47.37;NA;NA;NA;
17;10;50.81;49.51;46.2;NA;ND;47.79;57.54;65.29;51.14;NA;NA;NA;
17;11;46.81;44.7;45.66;NA;ND;48.74;56.08;56.14;49.89;NA;NA;NA;
17;12;44.81;44.96;47.36;NA;ND;44.79;53;57.26;ND;NA;NA;NA;
17;13;46.57;45.58;45.9;NA;ND;45.18;57.66;55.07;ND;NA;NA;NA;
17;14;41.9;43.84;44;NA;ND;44.33;53.95;54.19;44.76;NA;NA;NA;
17;15;44.47;43.07;40.07;NA;ND;44.26;55.41;50.33;45.47;NA;NA;NA;
17;16;43.21;45.32;41.55;NA;ND;44.49;52.31;52.19;47.56;NA;NA;NA;
17;17;32.62;37.28;34.43;NA;ND;40.42;48.57;49.02;45.45;NA;NA;NA;
17;18;24.29;28.26;29.25;NA;ND;36.63;44.92;48.01;41.58;NA;NA;NA;
17;19;23.49;25.72;24.09;NA;ND;27.44;34.8;43.9;33.99;NA;NA;NA;
17;20;23.86;15.22;19.03;NA;ND;8.47;25.55;46.96;25.64;NA;NA;NA;
17;21;17.89;24.94;10.86;NA;ND;8.64;26.72;41.74;15.17;NA;NA;NA;
17;22;22.74;24.61;26.04;NA;ND;32.53;49.32;26.77;2.53;NA;NA;NA;
17;23;38.24;33.91;41.7;NA;ND;34.75;50.61;10.16;0.81;NA;NA;NA;
18;0;26.55;23.3;40.2;NA;ND;34.42;54.17;6.17;0.41;NA;NA;NA;
18;1;14.08;29.87;50.17;NA;ND;35.02;58.27;ND;4.25;NA;NA;NA;
18;2;28.17;39.26;54.2;NA;ND;40.1;60.76;4.85;12.11;NA;NA;NA;
18;3;23.79;32.39;60.68;NA;ND;48.15;62.19;8.56;11;NA;NA;NA;
18;4;10.28;10.98;58.68;NA;ND;37.24;61.18;6.15;8.56;NA;NA;NA;
18;5;5.12;5.15;56.59;NA;ND;32.48;61.03;4.06;1.93;NA;NA;NA;
18;6;6.59;11.47;46.23;NA;ND;31.05;74.72;5.08;1.92;NA;NA;NA;
18;7;18.93;21.69;47.37;NA;ND;42.9;57.27;14.22;8.53;NA;NA;NA;
18;8;36.72;42.57;47.96;NA;ND;49.36;62.27;37.74;34.35;NA;NA;NA;
18;9;58.72;58.71;59.06;NA;ND;58.35;67.51;66.38;64.23;NA;NA;NA;
18;10;67;68.51;68.55;NA;ND;67.29;74.69;84.54;74.13;NA;NA;NA;
18;11;70.57;70.74;65.95;NA;ND;67.5;ND;92.83;68.82;NA;NA;NA;
18;12;65.59;58.77;70.24;NA;ND;70.48;ND;80.92;61.7;NA;NA;NA;
18;13;67.22;63.83;68.21;NA;ND;67.51;ND;73.79;66.87;NA;NA;NA;
18;14;64.33;63.21;60.54;NA;ND;61.79;78.47;70.78;65.92;NA;NA;NA;
18;15;63.01;60.72;55.11;NA;ND;53.91;71.89;67.31;63.48;NA;NA;NA;
18;16;59.03;52.94;44.55;NA;ND;53.96;66.78;64.61;60.31;NA;NA;NA;
18;17;52.06;50.43;39.42;NA;ND;44.36;54.05;59.24;52.75;NA;NA;NA;
18;18;34.98;41.84;25.13;NA;ND;26.16;41.72;52.02;45.38;NA;NA;NA;
18;19;34.39;37.91;21.52;NA;ND;22.73;35.83;37.2;30.54;NA;NA;NA;
18;20;26.4;36.98;22.02;NA;ND;24.32;39.22;34.56;32.02;NA;NA;NA;
18;21;23.84;36.08;39.48;NA;ND;19.76;48.08;28.72;12.25;NA;NA;NA;
18;22;33.91;37.89;25.4;NA;ND;34.31;54.38;30.71;2.42;NA;NA;NA;
18;23;23.77;41.55;29.55;NA;ND;32.54;55.9;13.43;1.51;NA;NA;NA;
19;0;25.76;41.37;39.41;NA;ND;37.18;55.88;11.69;1.94;NA;NA;NA;
19;1;33.17;38.32;44.56;NA;ND;39.26;54.2;10.54;7.65;NA;NA;NA;
19;2;33.52;ND;ND;NA;ND;42.7;51.59;8.31;ND;NA;NA;NA;
19;3;27.7;33.38;47.63;NA;ND;39.28;52.6;6.51;11.68;NA;NA;NA;
19;4;11.97;25.99;46.86;NA;ND;37.35;51.19;7.66;12.5;NA;NA;NA;
19;5;10.98;17.26;41.26;NA;ND;33.51;48.2;3.83;4.95;NA;NA;NA;
19;6;4.02;7.82;10.36;NA;ND;9.26;46.94;5.09;6.34;NA;NA;NA;
19;7;7.41;16.42;18.49;NA;ND;14.61;50.41;14.8;7.01;NA;NA;NA;
19;8;37.66;38.61;39.99;NA;ND;44.02;57.81;17.35;12.89;NA;NA;NA;
19;9;52.61;50.98;54.66;NA;ND;52.1;61.75;65.1;39.64;NA;NA;NA;
19;10;56.64;56.77;53.62;NA;ND;52.84;67.05;65.99;60.03;NA;NA;NA;
19;11;58.46;59.36;53.89;NA;ND;56.59;68.58;68.07;62.76;NA;NA;NA;
19;12;61.31;61.47;55.23;NA;ND;57.69;70.36;66.89;61.54;NA;NA;NA;
19;13;57.36;56.18;51.04;NA;ND;54.97;65.74;63.96;60.12;NA;NA;NA;
19;14;52.79;50.88;48.5;NA;ND;ND;58.84;59.86;55.13;NA;NA;NA;
19;15;48.08;46.53;41.67;NA;ND;44.55;50.51;57.66;51.89;NA;NA;NA;
19;16;45.17;44.96;43.16;NA;ND;40.9;47.43;58.43;50.67;NA;NA;NA;
19;17;37.45;38.53;33.45;NA;ND;38.56;46.63;54.88;48.18;NA;NA;NA;
19;18;26.63;28.89;22.54;NA;ND;28.51;34.57;53.38;37.98;NA;NA;NA;
19;19;23.84;33.24;20.26;NA;ND;28.76;44.99;50.59;33.27;NA;NA;NA;
19;20;20.6;22.53;26.08;NA;ND;33.8;46.02;46.43;30.45;NA;NA;NA;
19;21;28.56;26.47;26.66;NA;ND;21.47;45.99;50.84;17.97;NA;NA;NA;
19;22;30.23;32.87;28.66;NA;ND;25.41;47.54;48.17;12.91;NA;NA;NA;
19;23;29.43;34.68;35.86;NA;ND;32.84;48.29;32.6;1.23;NA;NA;NA;
20;0;38.86;35.61;43.2;NA;ND;28.49;51.41;35.8;17;NA;NA;NA;
20;1;37.46;37.34;37.42;NA;ND;26.42;51.07;21.37;15.69;NA;NA;NA;
20;2;ND;25.24;37.06;NA;ND;ND;ND;27.91;13.22;NA;NA;NA;
20;3;43.28;19.71;44.01;NA;ND;25.56;49.95;38.31;9.61;NA;NA;NA;
20;4;31.23;24.38;39.79;NA;ND;24.61;44.85;20.39;11.51;NA;NA;NA;
20;5;12.5;16.3;40.52;NA;ND;24.37;43.34;7.12;5.25;NA;NA;NA;
20;6;6.63;18.15;27.64;NA;ND;17.54;40.99;4.88;1.28;NA;NA;NA;
20;7;25.94;24.67;33.66;NA;ND;26.24;45.6;15.77;8.07;NA;NA;NA;
20;8;39.61;34.41;40.43;NA;ND;41.37;50.78;35.25;27.71;NA;NA;NA;
20;9;44.62;47.41;46.68;NA;ND;50.29;53.63;58.57;54.28;NA;NA;NA;
20;10;47.88;49.31;47.18;NA;ND;50.8;52.98;57.35;63.12;NA;NA;NA;
20;11;47.17;50.51;45.22;NA;ND;45.27;51.04;58.05;51.96;NA;NA;NA;
20;12;48.24;53.31;45.37;NA;ND;44.17;51.86;57.8;51.6;NA;NA;NA;
20;13;50.57;49.27;44.34;NA;ND;46.84;52.96;57.48;48.56;NA;NA;NA;
20;14;45.51;46.02;45.38;NA;ND;43.3;47.35;54.89;43.96;NA;NA;NA;
20;15;42.81;44.1;35.25;NA;ND;36.33;44.99;52.34;44.19;NA;NA;NA;
20;16;40.03;44.74;32.74;NA;ND;31.65;40.26;48.61;38.89;NA;NA;NA;
20;17;35.04;39.4;25.32;NA;ND;26.87;39.81;46.88;28.61;NA;NA;NA;
20;18;32.56;35.92;21.79;NA;ND;13.82;33.12;43.48;26.29;NA;NA;NA;
20;19;30.37;32.09;23.2;NA;ND;20.76;33.22;37.39;15.21;NA;NA;NA;
20;20;29.4;29.37;18.9;NA;ND;11.98;35.14;36.77;16.88;NA;NA;NA;
20;21;22.18;29.65;26.89;NA;ND;18.01;33.58;33.34;27.41;NA;NA;NA;
20;22;7.09;19.63;31;NA;ND;25.58;41.35;37.12;11.85;NA;NA;NA;
20;23;13.38;19.98;21.1;NA;ND;12.27;44.87;32.5;18.77;NA;NA;NA;
21;0;26.03;20.77;22.11;NA;ND;32.26;45.78;29.94;17.98;NA;NA;NA;
21;1;16.79;3.18;30.09;NA;ND;33.75;46.11;15.75;11.48;NA;NA;NA;
21;2;24.54;2.17;39.83;NA;ND;36.69;49.49;13.62;14.45;NA;NA;NA;
21;3;41.04;3.18;42.21;NA;ND;38.85;53.56;3.71;11.75;NA;NA;NA;
21;4;34.48;5.01;47.3;NA;ND;37.23;52.07;3.45;11.27;NA;NA;NA;
21;5;42.6;3.38;45.3;NA;ND;27.27;46.81;3.16;8.71;NA;NA;NA;
21;6;33.42;5.25;38.3;NA;ND;26.51;46.83;5.08;11.65;NA;NA;NA;
21;7;33.66;9.83;36.02;NA;ND;31.51;49.38;9.56;28.8;NA;NA;NA;
21;8;39.85;38.27;39.69;NA;ND;42.05;51.5;32.32;49.58;NA;NA;NA;
21;9;49.09;53.88;54.12;NA;ND;52.59;58.71;57.3;59.56;NA;NA;NA;
21;10;ND;57.92;56.68;NA;ND;57.19;60.16;71.57;59.21;NA;NA;NA;
21;11;ND;61.09;59.16;NA;ND;57.25;68.4;67.55;62.9;NA;NA;NA;
21;12;58.08;62.23;54.44;NA;ND;55.71;61.94;64.39;54.82;NA;NA;NA;
21;13;50.84;52.17;50.89;NA;ND;48.74;60.18;63.01;50.99;NA;NA;NA;
21;14;42.02;48.16;48.69;NA;ND;45.38;58.47;60.54;50.65;NA;NA;NA;
21;15;ND;51.13;39.95;NA;ND;41.12;48.17;60.58;49.4;NA;NA;NA;
21;16;50.41;56.33;42.26;NA;ND;40.63;46.36;56.71;47.84;NA;NA;NA;
21;17;45.36;52.87;37.55;NA;ND;35.02;42.72;53.01;43.76;NA;NA;NA;
21;18;35.57;42.73;23.15;NA;ND;26.76;40.45;50.62;29.7;NA;NA;NA;
21;19;29.15;33.86;24.57;NA;ND;14.46;33.37;30.64;24.32;NA;NA;NA;
21;20;10.83;27.91;23.32;NA;ND;13.57;35.73;17.32;23.99;NA;NA;NA;
21;21;4.97;24.5;20.7;NA;ND;8.66;39.74;10.06;12.83;NA;NA;NA;
21;22;17.02;17.4;14.32;NA;ND;13.55;46.58;24.27;7.12;NA;NA;NA;
21;23;12.04;14.82;28.43;NA;ND;26.84;50.91;11.87;2.94;NA;NA;NA;
22;0;6.37;7.08;34.13;NA;ND;31.18;55;7.06;2.15;NA;NA;NA;
22;1;7.93;4.51;21.84;NA;ND;36.02;52.25;ND;2.49;NA;NA;NA;
22;2;11;3.55;18.62;NA;ND;26.76;51.63;7;2.43;NA;NA;NA;
22;3;1.98;3.58;29.83;NA;ND;38.62;57.2;8.79;1.46;NA;NA;NA;
22;4;1.59;3.97;51.84;NA;ND;43.07;55.77;12.38;0.49;NA;NA;NA;
22;5;0.94;4.11;48.92;NA;ND;26.86;52.79;5.76;0.66;NA;NA;NA;
22;6;2.93;6.44;36.04;NA;ND;15;51.75;5;2.99;NA;NA;NA;
22;7;10.64;9.93;39.5;NA;ND;38.8;52.95;11.79;13.12;NA;NA;NA;
22;8;14.97;31.97;43.01;NA;ND;50.28;58.38;17.11;39.42;NA;NA;NA;
22;9;41.19;51.18;46.14;NA;ND;49.59;65.44;46.6;59.66;NA;NA;NA;
22;10;54.23;67.67;59.75;NA;ND;47.38;74.2;66.74;72.68;NA;NA;NA;
22;11;62.92;78.57;71.64;NA;ND;62.38;80.95;71.51;72.09;NA;NA;NA;
22;12;72.93;64.46;63.36;NA;ND;63.33;77.43;64.19;59.33;NA;NA;NA;
22;13;61.26;58.86;55.39;NA;ND;49.25;65.75;62.55;54.88;NA;NA;NA;
22;14;55.72;56.78;50.52;NA;ND;44.05;57.72;58;54.07;NA;NA;NA;
22;15;55.16;59.57;53.36;NA;ND;45.8;50.8;63.47;62.35;NA;NA;NA;
22;16;50.59;58.05;59.41;NA;ND;45.59;51.52;69.35;44.18;NA;NA;NA;
22;17;48.54;54.44;50.53;NA;ND;27.84;36.01;63.35;29.22;NA;NA;NA;
22;18;40.81;46.49;29.06;NA;ND;9.53;21.95;61.56;20.17;NA;NA;NA;
22;19;34.65;38.69;18.62;NA;ND;4.96;13.84;56.8;43.08;NA;NA;NA;
22;20;17.26;36.24;17.34;NA;ND;12.26;16.09;51.7;39.16;NA;NA;NA;
22;21;19.88;35.89;14.02;NA;ND;11.67;25.54;52.44;35.77;NA;NA;NA;
22;22;9.59;23.5;29.19;NA;ND;16.82;27.59;28.12;24.97;NA;NA;NA;
22;23;6.92;25.95;15.57;NA;ND;2.75;13.76;12.58;12.63;NA;NA;NA;
23;0;15;18.01;17.65;NA;ND;4.3;23.28;7.96;11.52;NA;NA;NA;
23;1;16.74;5.73;20.31;NA;ND;9.58;32.52;14.35;10.11;NA;NA;NA;
23;2;12.6;ND;ND;NA;ND;3.84;36.71;6.07;ND;NA;NA;NA;
23;3;14.46;4.84;8.7;NA;ND;9.11;39.95;5.18;14.72;NA;NA;NA;
23;4;27.39;3.13;8.61;NA;ND;9.31;39.67;3.81;19.02;NA;NA;NA;
23;5;24.54;3.34;3.82;NA;ND;5.42;38.84;3.83;8.02;NA;NA;NA;
23;6;10.06;5.08;4.56;NA;ND;4.7;35.39;4.35;7.58;NA;NA;NA;
23;7;8;12.17;7.86;NA;ND;12.64;30.68;6.74;4.95;NA;NA;NA;
23;8;20.86;26.51;27.75;NA;ND;31.63;32.89;21.64;18.3;NA;NA;NA;
23;9;40.36;38.9;44.18;NA;ND;43.13;45.78;43.5;41.22;NA;NA;NA;
23;10;46.1;55.6;57.2;NA;ND;54.61;54.14;57.02;61.64;NA;NA;NA;
23;11;59.12;64.25;58.01;NA;ND;57.82;58.64;82.57;71.87;NA;NA;NA;
23;12;60.18;61.26;54.01;NA;ND;55.6;66.39;56.01;66.96;NA;NA;NA;
23;13;55;61.72;45.9;NA;ND;45.58;60.31;53.76;50.32;NA;NA;NA;
23;14;51.42;59.16;41.9;NA;ND;40.3;55.59;54.44;47.66;NA;NA;NA;
23;15;48.35;59.05;56.72;NA;ND;46.03;41.42;56.51;43.42;NA;NA;NA;
23;16;46.65;51.79;51.9;NA;ND;26.01;40.49;64.85;44.95;NA;NA;NA;
23;17;40.05;44.45;45.69;NA;ND;19.13;28.2;59.37;43;NA;NA;NA;
23;18;33.11;39.28;30.75;NA;ND;10.41;15.55;49.32;25.55;NA;NA;NA;
23;19;12.93;32.32;15.1;NA;ND;7.93;30.86;43.16;31.19;NA;NA;NA;
23;20;18.76;27.22;8.09;NA;ND;5.42;30.42;42.11;28.21;NA;NA;NA;
23;21;14.97;22.53;10.96;NA;ND;10.74;38.74;36.9;19.89;NA;NA;NA;
23;22;22.7;22.63;25.42;NA;ND;17.92;45.35;9.87;5.42;NA;NA;NA;
23;23;23.64;16.15;31.04;NA;ND;34.14;49.04;15.67;2.04;NA;NA;NA;
24;0;17.17;33.29;36.65;NA;ND;38.03;49.38;24.88;2.63;NA;NA;NA;
24;1;19.26;28.92;45.68;NA;ND;33.78;49.6;16.27;1.83;NA;NA;NA;
24;2;ND;16.95;47.56;NA;ND;ND;ND;13.64;7.02;NA;NA;NA;
24;3;22.41;11.23;45.15;NA;ND;37.1;51.07;9.2;17.84;NA;NA;NA;
24;4;5.4;8.01;47.89;NA;ND;31.57;48.16;3.75;13.38;NA;NA;NA;
24;5;5.84;4.69;27.25;NA;ND;22.56;45.58;3.06;3.88;NA;NA;NA;
24;6;6.68;8.65;11.99;NA;ND;14.41;43.99;4.45;2.14;NA;NA;NA;
24;7;18.98;16.39;8.04;NA;ND;13.31;39.61;8.95;3.25;NA;NA;NA;
24;8;18.57;20.85;19.89;NA;ND;14.07;39.05;10.46;5.52;NA;NA;NA;
24;9;37.51;37.04;35.7;NA;ND;36.15;39.16;23.9;11.54;NA;NA;NA;
24;10;41.91;46.76;ND;NA;ND;42.44;46.6;45.79;43.48;NA;NA;NA;
24;11;41.15;43.55;ND;NA;ND;54.33;50.81;52.21;46.01;NA;NA;NA;
24;12;43.82;45.51;36.28;NA;ND;60.26;54.06;53.38;47.1;NA;NA;NA;
24;13;45.63;47.25;43.46;NA;ND;64.07;51.82;56.52;51.29;NA;NA;NA;
24;14;44.13;44.66;ND;NA;ND;46.92;49.22;51.78;48.71;NA;NA;NA;
24;15;36.56;40.97;ND;NA;ND;43.59;46.66;52.05;45.72;NA;NA;NA;
24;16;33.09;35.66;32.27;NA;ND;39.62;41.72;48.81;42.83;NA;NA;NA;
24;17;28.81;31.35;25.11;NA;ND;31.87;35.54;42.94;38.25;NA;NA;NA;
24;18;21.93;28.44;10.86;NA;ND;22.17;22.56;36.26;22.44;NA;NA;NA;
24;19;5.71;24.07;13.17;NA;ND;12.15;24.14;35.02;26.74;NA;NA;NA;
24;20;4.88;26.33;11.35;NA;ND;19.09;16.11;33.59;23.74;NA;NA;NA;
24;21;8.33;26.62;16.08;NA;ND;23.45;12.27;39.28;15.14;NA;NA;NA;
24;22;10.01;28.1;18.18;NA;ND;4.9;13.69;38.71;23.74;NA;NA;NA;
24;23;11.06;29.68;26.67;NA;ND;23.78;25.97;40.14;24.56;NA;NA;NA;
25;0;9.43;20.71;24.51;NA;ND;7.52;23.85;29.4;22.2;NA;NA;NA;
25;1;9.63;13.15;12.09;NA;ND;9.7;21.36;24.42;2.79;NA;NA;NA;
25;2;12.35;24.54;17.53;NA;ND;7.45;32.13;20.94;4.36;NA;NA;NA;
25;3;16.04;31.21;17.78;NA;ND;3.53;38.82;21.91;14.51;NA;NA;NA;
25;4;19;27.87;16.78;NA;ND;5.66;38.83;9.03;17.71;NA;NA;NA;
25;5;15.23;10.69;7.82;NA;ND;0.34;36.73;20.67;6.16;NA;NA;NA;
25;6;3.59;6.49;2.2;NA;ND;0.55;34.97;15.25;5.28;NA;NA;NA;
25;7;6.86;12.79;3.66;NA;ND;2.3;40.7;22.29;9.39;NA;NA;NA;
25;8;12.77;17.94;8.61;NA;ND;9.11;41.67;34.26;4.36;NA;NA;NA;
25;9;23.88;28.22;38.44;NA;ND;43.51;49.1;24.75;9.53;NA;NA;NA;
25;10;40.74;45.64;37.57;NA;ND;30.57;51.55;44.59;15.5;NA;NA;NA;
25;11;49.4;ND;45.77;NA;ND;42.29;54.95;56.43;21.71;NA;NA;NA;
25;12;47.03;31.03;45.69;NA;ND;39.23;48.16;59.11;43.96;NA;NA;NA;
25;13;43.63;42.85;41.14;NA;ND;32.54;47.16;57.34;48.96;NA;NA;NA;
25;14;34.12;ND;41.46;NA;ND;39;46.43;56.06;51.55;NA;NA;NA;
25;15;36.23;ND;38.04;NA;ND;39.95;49.33;51.56;46.32;NA;NA;NA;
25;16;27.52;36.63;31.54;NA;ND;30.24;44.66;49.1;43.75;NA;NA;NA;
25;17;25.06;30.97;26.16;NA;ND;23.1;44.09;47.63;43.17;NA;NA;NA;
25;18;10.04;22.92;10.84;NA;ND;11.29;30.57;37.57;25.39;NA;NA;NA;
25;19;4.99;17.48;11.59;NA;ND;7.62;20.25;31.43;10.81;NA;NA;NA;
25;20;2.46;9.76;3.37;NA;ND;3.66;25.5;15.12;9.4;NA;NA;NA;
25;21;1.93;11.71;2.36;NA;ND;0.47;28.34;28.75;4.34;NA;NA;NA;
25;22;7.15;14.72;8.32;NA;ND;0.22;22.48;28.24;0.56;NA;NA;NA;
25;23;5.67;18.46;19.18;NA;ND;0.1;12.57;27.65;1.29;NA;NA;NA;
26;0;12.99;6.92;15.46;NA;ND;4.53;19.86;22.2;1.37;NA;NA;NA;
26;1;4.78;3.1;13.91;NA;ND;4.01;28;ND;1.23;NA;NA;NA;
26;2;6.95;1.55;7.79;NA;ND;0.17;36.56;4.68;0.73;NA;NA;NA;
26;3;11.45;1.51;0.77;NA;ND;0.37;28.68;4.19;0.24;NA;NA;NA;
26;4;2.16;1.1;0.89;NA;ND;4.59;5.55;4.75;0.28;NA;NA;NA;
26;5;1.59;1.3;0.66;NA;ND;1.27;0.84;5.94;0.3;NA;NA;NA;
26;6;2.05;2.82;1.85;NA;ND;1.64;21.53;6.64;1.24;NA;NA;NA;
26;7;5.84;7.84;6.73;NA;ND;7.76;37.27;10.01;5.4;NA;NA;NA;
26;8;15.93;18.63;22.21;NA;ND;33.03;49.82;19.77;21.02;NA;NA;NA;
26;9;36.96;42.9;38.05;NA;ND;44.5;59.66;38.08;31.32;NA;NA;NA;
26;10;50.62;57.25;52.83;NA;ND;54.69;65.32;64.86;60.16;NA;NA;NA;
26;11;58.66;67.32;53.41;NA;ND;56.08;69.14;51.04;60.32;NA;NA;NA;
26;12;60.69;61.28;57.07;NA;ND;54.75;66.72;39.04;58.68;NA;NA;NA;
26;13;57.16;56.81;54.34;NA;ND;58.4;64.4;55.05;58.05;NA;NA;NA;
26;14;55.79;55.4;52.46;NA;ND;57.14;60.62;64.21;56.32;NA;NA;NA;
26;15;49.35;49.32;54.58;NA;ND;53.27;49.87;65.49;57.89;NA;NA;NA;
26;16;44.12;45.78;43.62;NA;ND;43.51;51.83;61.83;52.91;NA;NA;NA;
26;17;36.22;41.61;31.63;NA;ND;32.97;28.14;51.49;44.99;NA;NA;NA;
26;18;29.26;31.92;24.93;NA;ND;30.65;24.82;40.09;14.96;NA;NA;NA;
26;19;26.36;24.68;16.69;NA;ND;14.07;30.22;34.05;24.12;NA;NA;NA;
26;20;19.85;25.34;9.16;NA;ND;4.41;22.28;33.73;23.8;NA;NA;NA;
26;21;9.71;21.02;3.27;NA;ND;5.79;0.99;32.33;23.05;NA;NA;NA;
26;22;6.85;21.38;1.37;NA;ND;1.51;4.84;36.85;7.85;NA;NA;NA;
26;23;2.1;10.55;8.76;NA;ND;0.99;24.36;34.01;6.28;NA;NA;NA;
27;0;5.15;13.9;8.33;NA;ND;0.93;31.25;23.58;0.97;NA;NA;NA;
27;1;2.46;15.23;5.84;NA;ND;3.94;22.54;13.66;0.65;NA;NA;NA;
27;2;1.78;ND;ND;NA;ND;5.06;8.81;6.74;ND;NA;NA;NA;
27;3;2.16;4.29;2.83;NA;ND;3.49;23.43;5.09;1.49;NA;NA;NA;
27;4;5.46;2;2.72;NA;ND;0.36;43.6;5.19;0.42;NA;NA;NA;
27;5;1.24;3.34;0.82;NA;ND;0.16;40.89;5.09;0.63;NA;NA;NA;
27;6;2.84;5.72;2.42;NA;ND;1.3;44.7;6.28;1.53;NA;NA;NA;
27;7;9.01;13.62;7.44;NA;ND;7.74;30.87;10.34;6.99;NA;NA;NA;
27;8;28.14;43.09;32.68;NA;ND;32.75;55.48;12.67;19.77;NA;NA;NA;
27;9;52.51;63.38;49.87;NA;ND;56.2;62.3;37.36;13.71;NA;NA;NA;
27;10;53.23;ND;52.37;NA;ND;57.12;59.63;65.68;52.65;NA;NA;NA;
27;11;59.51;62.91;53.97;NA;ND;56.04;66.95;66.66;66.66;NA;NA;NA;
27;12;58.46;63.91;54.7;NA;ND;59.39;70.51;69.98;64.86;NA;NA;NA;
27;13;57.18;58.33;56.25;NA;ND;57.3;68.9;65.21;59.32;NA;NA;NA;
27;14;52.02;52.68;44.95;NA;ND;53.39;59.74;60.57;54.08;NA;NA;NA;
27;15;46.13;49.9;42.56;NA;ND;49.76;57.97;62.97;54.93;NA;NA;NA;
27;16;43.96;49.1;42.67;NA;ND;46.9;54.53;59.83;53.5;NA;NA;NA;
27;17;38.85;41.77;28.9;NA;ND;31.87;42.3;52.98;40.92;NA;NA;NA;
27;18;33.19;37.33;26.61;NA;ND;23.8;25.44;51.16;34.3;NA;NA;NA;
27;19;20.28;35.59;21.97;NA;ND;24.1;26.86;38.82;28.45;NA;NA;NA;
27;20;22.69;28.52;26.57;NA;ND;26.26;20.91;38.83;25.49;NA;NA;NA;
27;21;13.74;23.77;7.12;NA;ND;24.86;18.91;32.7;11.47;NA;NA;NA;
27;22;21.72;24.42;15.17;NA;ND;29.53;13.88;23.38;14.25;NA;NA;NA;
27;23;24.87;28.31;5.28;NA;ND;25.56;10.57;22.69;13.87;NA;NA;NA;
28;0;29.77;29.05;33.1;NA;ND;40.52;34.4;22.87;12.45;NA;NA;NA;
28;1;20.72;28.66;21.26;NA;ND;44.02;43.84;10.89;1.11;NA;NA;NA;
28;2;ND;ND;21.92;NA;ND;ND;ND;7.97;0.6;NA;NA;NA;
28;3;25.5;28.23;20.25;NA;ND;5.26;49.12;4.91;0.26;NA;NA;NA;
28;4;14.88;29.48;16.41;NA;ND;1.01;47.39;4.32;0.32;NA;NA;NA;
28;5;4.94;4.83;5.05;NA;ND;2.47;41.89;4.95;0.23;NA;NA;NA;
28;6;3.82;4.44;8.03;NA;ND;2.09;33.06;6.27;1.36;NA;NA;NA;
28;7;15.46;29.64;21.6;NA;ND;16.86;40.7;9.78;6.25;NA;NA;NA;
28;8;34.78;42.99;34.07;NA;ND;39.1;51.35;16.32;15.5;NA;NA;NA;
28;9;40.31;49.63;ND;NA;ND;44.86;50.75;34.65;8.87;NA;NA;NA;
28;10;51.21;48.68;ND;NA;ND;40.95;47.65;59.09;37.58;NA;NA;NA;
28;11;45.49;49.87;41.14;NA;ND;37.36;51.95;53.8;53.68;NA;NA;NA;
28;12;48.14;ND;44.73;NA;ND;45.69;50.57;54.94;52.09;NA;NA;NA;
28;13;43.65;ND;42.36;NA;ND;42.12;50.34;51.86;47.19;NA;NA;NA;
28;14;34.81;35.4;33.94;NA;ND;35.77;41.2;46.52;42.91;NA;NA;NA;
28;15;34.18;38;35.82;NA;ND;36.56;40.72;46.47;41.48;NA;NA;NA;
28;16;33.24;40.68;32.86;NA;ND;32.85;39.88;45.55;41.34;NA;NA;NA;
28;17;30.76;34.81;23.52;NA;ND;30.23;36.76;41.31;37.16;NA;NA;NA;
28;18;27.05;32.7;18.66;NA;ND;25.4;36.57;43.81;32.5;NA;NA;NA;
28;19;26.96;33.41;20.44;NA;ND;23.34;23.97;43.37;37.61;NA;NA;NA;
28;20;29.67;37.11;29.52;NA;ND;24.67;16.45;53.01;35.25;NA;NA;NA;
28;21;28.43;35.19;30.9;NA;ND;23.3;27.77;47.51;10.54;NA;NA;NA;
28;22;26.32;37.02;41.41;NA;ND;24.84;37.99;45.69;5.15;NA;NA;NA;
28;23;33.85;35.23;33.07;NA;ND;22.53;47.13;62.39;5.97;NA;NA;NA;
29;0;44.96;37.49;46.5;NA;ND;38.01;52.43;64.52;5.01;NA;NA;NA;
29;1;44.9;41.94;47.6;NA;ND;37.84;54.65;62.14;3.5;NA;NA;NA;
29;2;36.99;38.99;50.3;NA;ND;42.09;53.98;60.32;3.13;NA;NA;NA;
29;3;47.53;33.45;51.81;NA;ND;42.55;53.12;50.61;4.82;NA;NA;NA;
29;4;43.42;32.48;51.05;NA;ND;38.54;50.21;24.89;3.96;NA;NA;NA;
29;5;44.56;26.56;50.89;NA;ND;36.13;50.59;6.54;7.57;NA;NA;NA;
29;6;32.69;19.04;44.53;NA;ND;31.13;46.25;12.28;7.17;NA;NA;NA;
29;7;35.33;30.99;42.61;NA;ND;35.7;46.88;20.94;22.44;NA;NA;NA;
29;8;38.84;41.73;42.07;NA;ND;42.31;48.96;42.71;46.18;NA;NA;NA;
29;9;42.01;49.75;46.07;NA;ND;42.45;48.2;51.54;55.52;NA;NA;NA;
29;10;46.89;59.27;48.96;NA;ND;47.02;47.56;54.65;52.39;NA;NA;NA;
29;11;44.57;47.42;45.54;NA;ND;45.18;46.25;51.66;46.92;NA;NA;NA;
29;12;42.34;46.73;45.66;NA;ND;44.04;46.61;51.82;47.77;NA;NA;NA;
29;13;41.22;45.29;45.89;NA;ND;45.6;46.68;52.98;48.12;NA;NA;NA;
29;14;36.76;39.09;41.94;NA;ND;42.02;45.95;49.59;44.94;NA;NA;NA;
29;15;33.7;40.96;38.54;NA;ND;37.33;42.67;45.48;44.37;NA;NA;NA;
29;16;35.4;41.06;34.77;NA;ND;32.3;41.64;46.26;39.53;NA;NA;NA;
29;17;31.71;37.03;34.29;NA;ND;27.32;41.89;45.97;36.48;NA;NA;NA;
29;18;24.92;29.67;33.26;NA;ND;27.15;37.09;46.7;35.48;NA;NA;NA;
29;19;15.42;28.14;31.04;NA;ND;32.93;37.21;36.93;30.82;NA;NA;NA;
29;20;5.6;18.61;22.64;NA;ND;18.55;36.2;31.31;27.75;NA;NA;NA;
29;21;2.34;16.77;25.57;NA;ND;17.86;36.48;23.97;21.88;NA;NA;NA;
29;22;13.34;24.73;28.15;NA;ND;21.25;37.18;13.29;21.65;NA;NA;NA;
29;23;24.99;19.74;31.73;NA;ND;24.63;38.78;15.23;17.97;NA;NA;NA;
30;0;22.47;14.26;35.92;NA;ND;29.58;40.54;17.24;13.8;NA;NA;NA;
30;1;28.17;4.6;39.8;NA;ND;32.88;41.54;ND;24.42;NA;NA;NA;
30;2;35.64;1.13;40.93;NA;ND;35.64;42.58;5.85;25.35;NA;NA;NA;
30;3;36.2;0.6;42.23;NA;ND;37.03;43.76;4.81;11.03;NA;NA;NA;
30;4;27.88;4.21;43.28;NA;ND;36.86;43.51;5.34;8.25;NA;NA;NA;
30;5;12.07;2.32;42.61;NA;ND;34.2;44.8;3.94;2.3;NA;NA;NA;
30;6;21.78;3.28;39.25;NA;ND;29.1;41.54;4.92;1.78;NA;NA;NA;
30;7;36.3;19.12;39.84;NA;ND;32.52;44.48;16.73;9.95;NA;NA;NA;
30;8;40.72;39.33;45.9;NA;ND;43.97;49.09;45.46;41.29;NA;NA;NA;
30;9;44.71;43.7;48.36;NA;ND;45.67;49.64;57.21;50.42;NA;NA;NA;
30;10;47.22;52.25;51.78;NA;ND;44.3;51;54.63;50.24;NA;NA;NA;
30;11;47.31;52.46;50.83;NA;ND;46.75;53.17;57.92;52.91;NA;NA;NA;
30;12;50.06;54.13;54.98;NA;ND;48.64;61.21;60.84;56.59;NA;NA;NA;
30;13;53.87;57.69;56.84;NA;ND;53.25;57.01;61.31;60.94;NA;NA;NA;
30;14;52.65;55.01;57.04;NA;ND;53.17;52.35;60.67;64.47;NA;NA;NA;
30;15;47.91;49.78;54.7;NA;ND;50.48;52.85;58.64;54.97;NA;NA;NA;
30;16;41.35;47.9;48.75;NA;ND;45.61;51.29;54.87;49.59;NA;NA;NA;
30;17;36.21;45.9;41.64;NA;ND;37.22;47.69;52.34;46.17;NA;NA;NA;
30;18;32.99;42.01;40.42;NA;ND;37.39;41.95;52.34;43.62;NA;NA;NA;
30;19;29.75;34.12;32.64;NA;ND;25.65;34.6;50.08;28.67;NA;NA;NA;
30;20;20.54;20.29;14.13;NA;ND;33.59;40.67;45.9;12.42;NA;NA;NA;
30;21;12.87;22.1;25.89;NA;ND;18.49;41.64;45.64;4.23;NA;NA;NA;
30;22;14.43;18.98;31.33;NA;ND;22.76;44.83;43.11;1.78;NA;NA;NA;
30;23;11.3;17.11;42.78;NA;ND;32.77;45.46;27.69;3.44;NA;NA;NA;
31;0;41.08;25.45;46.58;NA;ND;37.96;47.13;36.08;8.33;NA;NA;NA;
31;1;40.65;28.87;46.3;NA;ND;39.14;49.77;33.42;25.29;NA;NA;NA;
31;2;33.58;29.05;ND;NA;ND;39.4;48.43;31.75;ND;NA;NA;NA;
31;3;23.86;19.93;45.58;NA;ND;35.67;46.89;32.87;17.99;NA;NA;NA;
31;4;10.79;19.26;41.43;NA;ND;36.03;44.66;34.52;18.45;NA;NA;NA;
31;5;8.91;3.04;38.73;NA;ND;28.8;46.55;30.96;16.01;NA;NA;NA;
31;6;6.79;2.59;32.94;NA;ND;19.3;44.79;22.3;10.9;NA;NA;NA;
31;7;30.7;16.12;37.17;NA;ND;25.15;43.86;24.68;12.88;NA;NA;NA;
31;8;37.25;32.13;34.21;NA;ND;37.98;47.2;32.79;24.1;NA;NA;NA;
31;9;42.2;46.39;44.37;NA;ND;44.63;53.96;47.82;41.18;NA;NA;NA;
31;10;46.86;54.13;43.8;NA;ND;46.23;54;52.54;54.29;NA;NA;NA;
31;11;45.27;47.35;46;NA;ND;46.32;54.87;55;55.13;NA;NA;NA;
31;12;46.54;50.59;46.35;NA;ND;47.07;54.04;55;55.4;NA;NA;NA;
31;13;44.56;49.88;45.19;NA;ND;45.65;48.18;58.94;ND;NA;NA;NA;
31;14;42.52;48.65;43.52;NA;ND;43.15;53.84;54.56;ND;NA;NA;NA;
31;15;45.05;53.6;44.13;NA;ND;48.15;49.18;56.69;48.94;NA;NA;NA;
31;16;45.04;51.77;38.82;NA;ND;40.56;38.38;53.92;44.67;NA;NA;NA;
31;17;38.01;43.77;30.24;NA;ND;34.22;37.43;44.68;41.77;NA;NA;NA;
31;18;21.46;25.85;23.58;NA;ND;32.59;31.86;37.36;36.82;NA;NA;NA;
31;19;14.21;29.14;29.01;NA;ND;33.6;25.09;35.6;28.89;NA;NA;NA;
31;20;10.22;26.09;28.09;NA;ND;26.72;21.31;34.67;9.28;NA;NA;NA;
31;21;13.24;29.32;28.49;NA;ND;34.45;25.75;32.17;2.27;NA;NA;NA;
31;22;14.45;28.73;27.12;NA;ND;33.61;35.7;31.02;3.44;NA;NA;NA;
31;23;23.39;27.54;40.1;NA;ND;42.67;42.92;32.06;12.15;NA;NA;NA;
