DIA;HORA;Cotocollao;Carapungo;Belisario;Jipijapa;El Camal;Centro;Guamaní;Tumbaco;Los Chillos;El Condado;Turubamba;Chillogallo;
1;0;ND;16.25;4.96;NA;ND;1.75;NA;NA;8.89;NA;NA;NA;
1;1;20.06;28.71;12.94;NA;ND;16.83;NA;NA;3.66;NA;NA;NA;
1;2;13.58;23.71;18.23;NA;ND;16.38;NA;NA;9.45;NA;NA;NA;
1;3;11.46;5.19;12.83;NA;ND;16.06;NA;NA;5.32;NA;NA;NA;
1;4;10.77;9.92;14.73;NA;ND;8.5;NA;NA;7.75;NA;NA;NA;
1;5;15.42;21.21;15.53;NA;ND;18.89;NA;NA;3.94;NA;NA;NA;
1;6;21.62;30.06;15.68;NA;ND;15.1;NA;NA;15.76;NA;NA;NA;
1;7;16.53;9.34;18.49;NA;ND;22.48;NA;NA;15.18;NA;NA;NA;
1;8;13.48;0;17.79;NA;ND;12.92;NA;NA;10.72;NA;NA;NA;
1;9;27.84;4.89;21.64;NA;ND;14.94;NA;NA;17.58;NA;NA;NA;
1;10;22.47;0;13.01;NA;ND;15.54;NA;NA;12.28;NA;NA;NA;
1;11;21.87;20.2;30.67;NA;ND;28.08;NA;NA;19.56;NA;NA;NA;
1;12;16.42;5.46;19.5;NA;ND;20.17;NA;NA;27.05;NA;NA;NA;
1;13;9.45;4.72;13.55;NA;ND;12.87;NA;NA;6.77;NA;NA;NA;
1;14;14.4;15.25;19.94;NA;ND;18.28;NA;NA;18.3;NA;NA;NA;
1;15;14.37;20.67;13.79;NA;ND;9.06;NA;NA;9.46;NA;NA;NA;
1;16;12.68;9.33;10.74;NA;ND;12.22;NA;NA;3.99;NA;NA;NA;
1;17;4.3;18.19;15.78;NA;ND;12.54;NA;NA;19.19;NA;NA;NA;
1;18;16.95;33.31;14.59;NA;ND;15.81;NA;NA;13.75;NA;NA;NA;
1;19;18.77;25.86;10.29;NA;ND;17.69;NA;NA;40.16;NA;NA;NA;
1;20;18.39;29.16;14.54;NA;ND;22.14;NA;NA;41.12;NA;NA;NA;
1;21;22.14;28.5;12.91;NA;ND;30.28;NA;NA;20.33;NA;NA;NA;
1;22;12.87;31.72;14.52;NA;ND;17.95;NA;NA;10.2;NA;NA;NA;
1;23;13.23;31.46;21.58;NA;ND;23.02;NA;NA;ND;NA;NA;NA;
2;0;ND;28.83;15.93;NA;ND;20.57;NA;NA;19.2;NA;NA;NA;
2;1;21.71;33.44;17.08;NA;ND;26.01;NA;NA;14.87;NA;NA;NA;
2;2;19.22;33.22;23.08;NA;ND;23.11;NA;NA;8.87;NA;NA;NA;
2;3;18.7;22.03;22.41;NA;ND;15.39;NA;NA;7.27;NA;NA;NA;
2;4;19.6;34.45;13.55;NA;ND;15.09;NA;NA;16.49;NA;NA;NA;
2;5;25.29;41.63;18.59;NA;ND;16.63;NA;NA;13.42;NA;NA;NA;
2;6;27;60.13;15.63;NA;ND;23.62;NA;NA;13.91;NA;NA;NA;
2;7;17.57;31.01;14.69;NA;ND;22.35;NA;NA;9.41;NA;NA;NA;
2;8;16.85;0.42;21.87;NA;ND;28.34;NA;NA;17.67;NA;NA;NA;
2;9;22.47;0;20.21;NA;ND;13.65;NA;NA;11.48;NA;NA;NA;
2;10;16.13;0.33;14.82;NA;ND;12.16;NA;NA;15.15;NA;NA;NA;
2;11;11.86;12.65;20.38;NA;ND;17.51;NA;NA;4.05;NA;NA;NA;
2;12;11.39;11.6;12.01;NA;ND;11.54;NA;NA;5.81;NA;NA;NA;
2;13;20.49;27.69;13.81;NA;ND;12.79;NA;NA;5.73;NA;NA;NA;
2;14;14.95;24.46;14.1;NA;ND;21.13;NA;NA;10.95;NA;NA;NA;
2;15;18.58;26.49;11.85;NA;ND;19.75;NA;NA;15.9;NA;NA;NA;
2;16;10.45;31.98;18.96;NA;ND;25.52;NA;NA;21.82;NA;NA;NA;
2;17;16.08;59.88;14.79;NA;ND;13.36;NA;NA;23.39;NA;NA;NA;
2;18;7.4;20.63;13.11;NA;ND;14.79;NA;NA;4.93;NA;NA;NA;
2;19;5.49;17.44;16.46;NA;ND;13.77;NA;NA;40.22;NA;NA;NA;
2;20;7.84;9.05;13.92;NA;ND;12.1;NA;NA;15.48;NA;NA;NA;
2;21;9.97;15.94;10.09;NA;ND;12.53;NA;NA;2.18;NA;NA;NA;
2;22;9.99;11.49;8.81;NA;ND;5.59;NA;NA;23.23;NA;NA;NA;
2;23;5.81;20.03;9.23;NA;ND;10.04;NA;NA;ND;NA;NA;NA;
3;0;ND;12.52;12.92;NA;ND;23.16;NA;NA;22.67;NA;NA;NA;
3;1;13.81;4.29;13.24;NA;ND;13.58;NA;NA;2.94;NA;NA;NA;
3;2;12.26;6.18;8.32;NA;ND;9.97;NA;NA;21.82;NA;NA;NA;
3;3;12.02;17.05;11.49;NA;ND;12.21;NA;NA;33.98;NA;NA;NA;
3;4;9.39;17.83;13.52;NA;ND;10.08;NA;NA;7.99;NA;NA;NA;
3;5;13.39;14.61;15.02;NA;ND;17.48;NA;NA;15.56;NA;NA;NA;
3;6;18.21;22.74;21.34;NA;ND;14.84;NA;NA;9.37;NA;NA;NA;
3;7;13.01;6.37;20.42;NA;ND;10.41;NA;NA;6.9;NA;NA;NA;
3;8;14.66;0;12.63;NA;ND;13.02;NA;NA;11.22;NA;NA;NA;
3;9;16.7;3.08;14.37;NA;ND;7.46;NA;NA;7.94;NA;NA;NA;
3;10;18.61;4.21;12.03;NA;ND;5.88;NA;NA;20.39;NA;NA;NA;
3;11;16.98;8.52;15.47;NA;ND;19.64;NA;NA;18.32;NA;NA;NA;
3;12;13.32;20.55;14.59;NA;ND;21.19;NA;NA;14.49;NA;NA;NA;
3;13;16.54;34.79;12.2;NA;ND;26.63;NA;NA;25.83;NA;NA;NA;
3;14;6.71;19;19.77;NA;ND;18.47;NA;NA;10.45;NA;NA;NA;
3;15;13.64;42.66;13.71;NA;ND;4.04;NA;NA;4.64;NA;NA;NA;
3;16;10.07;58.22;9.38;NA;ND;7.52;NA;NA;11.9;NA;NA;NA;
3;17;13.13;37.73;12.44;NA;ND;5.1;NA;NA;2;NA;NA;NA;
3;18;5.61;16.27;12.99;NA;ND;17.13;NA;NA;19.18;NA;NA;NA;
3;19;7.01;6.11;15.77;NA;ND;20.8;NA;NA;13.2;NA;NA;NA;
3;20;6.07;17.06;16.89;NA;ND;21.07;NA;NA;16.35;NA;NA;NA;
3;21;8.48;12.62;13.14;NA;ND;12.48;NA;NA;4.92;NA;NA;NA;
3;22;9.94;15.29;8.1;NA;ND;16.78;NA;NA;29.85;NA;NA;NA;
3;23;9.47;24.08;12.86;NA;ND;10.27;NA;NA;ND;NA;NA;NA;
4;0;ND;7.51;1.66;NA;ND;16.68;NA;NA;25.19;NA;NA;NA;
4;1;7.63;3.34;11.56;NA;ND;17.15;NA;NA;17.26;NA;NA;NA;
4;2;16.13;3.5;9.74;NA;ND;17.86;NA;NA;19.48;NA;NA;NA;
4;3;9.71;7.58;13.79;NA;ND;12.08;NA;NA;17.3;NA;NA;NA;
4;4;12.81;2.63;17.13;NA;ND;20.18;NA;NA;3.2;NA;NA;NA;
4;5;18.81;18.83;14.6;NA;ND;6.33;NA;NA;23.12;NA;NA;NA;
4;6;43.84;76.65;23.66;NA;ND;34.94;NA;NA;18.41;NA;NA;NA;
4;7;41.09;88.09;38.17;NA;ND;49.36;NA;NA;17.91;NA;NA;NA;
4;8;56.2;19.19;65.98;NA;ND;52.41;NA;NA;21.54;NA;NA;NA;
4;9;43.36;1.13;28.31;NA;ND;17.68;NA;NA;7.96;NA;NA;NA;
4;10;43.99;9.64;20.76;NA;ND;12.12;NA;NA;21.78;NA;NA;NA;
4;11;36.97;9.73;20.16;NA;ND;12.14;NA;NA;14.47;NA;NA;NA;
4;12;32.92;9.88;26.42;NA;ND;12.2;NA;NA;21.2;NA;NA;NA;
4;13;23.16;17.21;14.49;NA;ND;20.4;NA;NA;11.07;NA;NA;NA;
4;14;17.01;22.11;25.81;NA;ND;31.82;NA;NA;14.3;NA;NA;NA;
4;15;20.78;23.52;34.33;NA;ND;30.99;NA;NA;17.07;NA;NA;NA;
4;16;8.36;27.04;25.89;NA;ND;23.2;NA;NA;27.54;NA;NA;NA;
4;17;8.61;27.21;21.57;NA;ND;25.81;NA;NA;18.77;NA;NA;NA;
4;18;26.26;22.91;41.75;NA;ND;23.34;NA;NA;28.35;NA;NA;NA;
4;19;20.48;44.2;30.5;NA;ND;24.57;NA;NA;17.8;NA;NA;NA;
4;20;24.42;39.58;28.77;NA;ND;25.43;NA;NA;20.82;NA;NA;NA;
4;21;8.29;16.07;16.22;NA;ND;19.39;NA;NA;18.39;NA;NA;NA;
4;22;7.5;24.88;18.38;NA;ND;22.01;NA;NA;16.48;NA;NA;NA;
4;23;13.68;18.43;17.04;NA;ND;21.58;NA;NA;ND;NA;NA;NA;
5;0;ND;12.21;33.94;NA;ND;27.98;NA;NA;18.66;NA;NA;NA;
5;1;6.69;4.2;28.91;NA;ND;21.63;NA;NA;19.72;NA;NA;NA;
5;2;6.97;7.59;16.67;NA;ND;26.05;NA;NA;21.88;NA;NA;NA;
5;3;6.1;4.48;4.94;NA;ND;13.16;NA;NA;14.78;NA;NA;NA;
5;4;2.54;8.38;2.12;NA;ND;6.89;NA;NA;5.39;NA;NA;NA;
5;5;12.4;5.52;8.98;NA;ND;8.74;NA;NA;4.89;NA;NA;NA;
5;6;16.25;6.43;10.13;NA;ND;17.48;NA;NA;0.5;NA;NA;NA;
5;7;17.89;10.31;17.17;NA;ND;32.24;NA;NA;11.7;NA;NA;NA;
5;8;23.11;3.19;36.16;NA;ND;20.93;NA;NA;25.5;NA;NA;NA;
5;9;36.9;8.96;28.63;NA;ND;13.43;NA;NA;3.17;NA;NA;NA;
5;10;26.03;2.11;ND;NA;ND;9.19;NA;NA;24.71;NA;NA;NA;
5;11;16.28;3.98;18.77;NA;ND;10.62;NA;NA;3.86;NA;NA;NA;
5;12;7.41;5.76;8.28;NA;ND;ND;NA;NA;6.65;NA;NA;NA;
5;13;12.94;4.79;7.5;NA;ND;11.3;NA;NA;11.14;NA;NA;NA;
5;14;4.29;11.25;11.12;NA;ND;32.17;NA;NA;21.78;NA;NA;NA;
5;15;18.98;38.6;25.67;NA;ND;16.95;NA;NA;11.46;NA;NA;NA;
5;16;11.07;70.68;1.05;NA;ND;17.2;NA;NA;6.87;NA;NA;NA;
5;17;13.8;37.49;30.65;NA;ND;19.33;NA;NA;17.9;NA;NA;NA;
5;18;ND;69.61;25.55;NA;ND;13.55;NA;NA;18.23;NA;NA;NA;
5;19;40.04;64.68;20.68;NA;ND;20.2;NA;NA;29.05;NA;NA;NA;
5;20;15.79;51.33;19.96;NA;ND;17.11;NA;NA;30.25;NA;NA;NA;
5;21;26.56;54.16;14.15;NA;ND;22.73;NA;NA;35.09;NA;NA;NA;
5;22;ND;41.28;19.04;NA;ND;9.7;NA;NA;23.94;NA;NA;NA;
5;23;0;23.76;15.92;NA;ND;29.09;NA;NA;ND;NA;NA;NA;
6;0;ND;21.98;26.92;NA;ND;28.86;NA;NA;27.17;NA;NA;NA;
6;1;0;14.74;9.27;NA;ND;10.29;NA;NA;22.66;NA;NA;NA;
6;2;0;21.18;10.28;NA;ND;9.53;NA;NA;14.22;NA;NA;NA;
6;3;0.27;26.42;16.85;NA;ND;12.13;NA;NA;18.97;NA;NA;NA;
6;4;0;23.06;3.41;NA;ND;4.57;NA;NA;19.62;NA;NA;NA;
6;5;2.84;22.29;7.14;NA;ND;10.61;NA;NA;23.06;NA;NA;NA;
6;6;37.5;50.47;18.04;NA;ND;21.29;NA;NA;8.81;NA;NA;NA;
6;7;40.27;59.45;30.25;NA;ND;19.27;NA;NA;28.42;NA;NA;NA;
6;8;26.65;24.12;13.95;NA;ND;15.88;NA;NA;16.8;NA;NA;NA;
6;9;32.64;4.64;2.53;NA;ND;5.83;NA;NA;18.13;NA;NA;NA;
6;10;19.81;2.86;25.06;NA;ND;10.37;NA;NA;18.64;NA;NA;NA;
6;11;38.44;11.57;30.23;NA;ND;11.76;NA;NA;24.48;NA;NA;NA;
6;12;21.56;6.35;39.48;NA;ND;13.32;NA;NA;10;NA;NA;NA;
6;13;10.62;12.35;36.71;NA;ND;9.04;NA;NA;7;NA;NA;NA;
6;14;2.97;0.84;28.09;NA;ND;13.85;NA;NA;8.6;NA;NA;NA;
6;15;ND;1.96;30.53;NA;ND;9.66;NA;NA;2.74;NA;NA;NA;
6;16;5.57;17.25;2.9;NA;ND;1.54;NA;NA;0.95;NA;NA;NA;
6;17;4.47;26.3;0;NA;ND;12.19;NA;NA;12.71;NA;NA;NA;
6;18;8.93;33.12;0;NA;ND;16.22;NA;NA;16;NA;NA;NA;
6;19;2.15;21.21;0.18;NA;ND;12.29;NA;NA;8.53;NA;NA;NA;
6;20;13.49;14.71;5.53;NA;ND;16.37;NA;NA;15.42;NA;NA;NA;
6;21;5.21;6.06;7.48;NA;ND;17.89;NA;NA;15.96;NA;NA;NA;
6;22;9.06;10.74;6.96;NA;ND;16.99;NA;NA;13.26;NA;NA;NA;
6;23;15.13;21.53;8.83;NA;ND;6.11;NA;NA;ND;NA;NA;NA;
7;0;ND;25.5;9.16;NA;ND;0.03;NA;NA;9.35;NA;NA;NA;
7;1;11.19;15.6;5.62;NA;ND;7.9;NA;NA;5.17;NA;NA;NA;
7;2;13.11;12.31;4.77;NA;ND;4.26;NA;NA;14.44;NA;NA;NA;
7;3;10.01;11.67;2.73;NA;ND;7.95;NA;NA;10.84;NA;NA;NA;
7;4;8.42;15.68;4.62;NA;ND;9.62;NA;NA;2.49;NA;NA;NA;
7;5;12.59;19.15;1.75;NA;ND;6.61;NA;NA;7.86;NA;NA;NA;
7;6;36.96;63.37;3.25;NA;ND;20.01;NA;NA;21.44;NA;NA;NA;
7;7;44.44;46.12;11.87;NA;ND;8.46;NA;NA;7.98;NA;NA;NA;
7;8;26.17;7.88;11.83;NA;ND;9.86;NA;NA;8.47;NA;NA;NA;
7;9;6.52;4.5;3.18;NA;ND;0.24;NA;NA;8.95;NA;NA;NA;
7;10;8.47;2.66;4.23;NA;ND;10.19;NA;NA;7.43;NA;NA;NA;
7;11;8.03;8.16;5.95;NA;ND;8.82;NA;NA;3.83;NA;NA;NA;
7;12;7.5;1.1;10.99;NA;ND;16.66;NA;NA;12.4;NA;NA;NA;
7;13;5.59;7.77;4.85;NA;ND;14.58;NA;NA;1.3;NA;NA;NA;
7;14;6.41;8.78;7.76;NA;ND;9.05;NA;NA;10.52;NA;NA;NA;
7;15;9.48;19.31;5.83;NA;ND;12.3;NA;NA;0;NA;NA;NA;
7;16;5.02;19.11;19.55;NA;ND;7.43;NA;NA;8.24;NA;NA;NA;
7;17;21.41;29.66;11.39;NA;ND;10.84;NA;NA;11.22;NA;NA;NA;
7;18;16.65;32.24;19;NA;ND;13.57;NA;NA;15.22;NA;NA;NA;
7;19;6.17;25.54;13.29;NA;ND;2.82;NA;NA;16.1;NA;NA;NA;
7;20;9.65;19.83;12.56;NA;ND;6.22;NA;NA;17.57;NA;NA;NA;
7;21;15.76;18.07;11.76;NA;ND;11.17;NA;NA;21.54;NA;NA;NA;
7;22;16;17.72;ND;NA;ND;6.1;NA;NA;18.23;NA;NA;NA;
7;23;12.28;10.41;ND;NA;ND;16.01;NA;NA;ND;NA;NA;NA;
8;0;ND;10.61;11.05;NA;ND;17.24;NA;NA;8.79;NA;NA;NA;
8;1;9.97;17;10.55;NA;ND;10.02;NA;NA;7.41;NA;NA;NA;
8;2;13.01;26.03;3.24;NA;ND;6.49;NA;NA;12.43;NA;NA;NA;
8;3;12.58;10.38;7.99;NA;ND;12.43;NA;NA;6.01;NA;NA;NA;
8;4;5.61;17.75;7.27;NA;ND;7.63;NA;NA;17.54;NA;NA;NA;
8;5;16.77;14.46;6.13;NA;ND;8.17;NA;NA;8.37;NA;NA;NA;
8;6;37.81;55.57;18.57;NA;ND;16.76;NA;NA;20.82;NA;NA;NA;
8;7;29.47;36.64;29.1;NA;ND;25.84;NA;NA;21.14;NA;NA;NA;
8;8;30.34;8.31;21.92;NA;ND;15.05;NA;NA;20.32;NA;NA;NA;
8;9;27.06;1.5;ND;NA;ND;3.44;NA;NA;18.26;NA;NA;NA;
8;10;11.52;0.34;3.08;NA;ND;2.79;NA;NA;12.06;NA;NA;NA;
8;11;8.69;7.17;8.05;NA;ND;8.94;NA;NA;3.49;NA;NA;NA;
8;12;5.87;2.63;9.56;NA;ND;4.17;NA;NA;5.31;NA;NA;NA;
8;13;13.01;8.1;1.63;NA;ND;6.5;NA;NA;14.21;NA;NA;NA;
8;14;3.76;23.72;9.69;NA;ND;7.8;NA;NA;1.41;NA;NA;NA;
8;15;3.17;11.12;14.74;NA;ND;13.76;NA;NA;1.53;NA;NA;NA;
8;16;8.59;28.33;8.39;NA;ND;9.12;NA;NA;9.74;NA;NA;NA;
8;17;14.82;22.31;9.98;NA;ND;10.41;NA;NA;15.21;NA;NA;NA;
8;18;7.53;22.18;5.88;NA;ND;8.75;NA;NA;11.74;NA;NA;NA;
8;19;11.08;21.05;16.25;NA;ND;14.32;NA;NA;6.99;NA;NA;NA;
8;20;11.53;25.38;8.95;NA;ND;13.77;NA;NA;19.27;NA;NA;NA;
8;21;22.46;16.34;11.59;NA;ND;7.39;NA;NA;31.62;NA;NA;NA;
8;22;18.52;14.32;9.56;NA;ND;ND;NA;NA;39.32;NA;NA;NA;
8;23;4.71;1.98;14.17;NA;ND;ND;NA;NA;12.86;NA;NA;NA;
9;0;ND;2.6;14.72;NA;ND;2.26;NA;NA;27.55;NA;NA;NA;
9;1;11.72;4.92;8.12;NA;ND;3.7;NA;NA;21.71;NA;NA;NA;
9;2;3.89;3.36;7.39;NA;ND;4.6;NA;NA;21.35;NA;NA;NA;
9;3;6.39;9.17;1.87;NA;ND;8.72;NA;NA;10.09;NA;NA;NA;
9;4;12.24;5.28;4.85;NA;ND;4.32;NA;NA;13.56;NA;NA;NA;
9;5;16.71;16.9;2.48;NA;ND;5.04;NA;NA;12.42;NA;NA;NA;
9;6;20.48;23.7;7.76;NA;ND;14.25;NA;NA;11.48;NA;NA;NA;
9;7;11.88;4.65;15.22;NA;ND;4.06;NA;NA;6.31;NA;NA;NA;
9;8;15.42;1.26;9.04;NA;ND;1.33;NA;NA;13.59;NA;NA;NA;
9;9;9.2;0.63;4.84;NA;ND;5.4;NA;NA;9.77;NA;NA;NA;
9;10;7.63;1.57;1.05;NA;ND;2.46;NA;NA;1.29;NA;NA;NA;
9;11;6.28;9.09;7.64;NA;ND;7.99;NA;NA;32.68;NA;NA;NA;
9;12;9.55;15.3;5.09;NA;ND;6.02;NA;NA;3.08;NA;NA;NA;
9;13;2.74;15.55;7.36;NA;ND;7.33;NA;NA;10.96;NA;NA;NA;
9;14;6.74;4.51;6.45;NA;ND;4.2;NA;NA;3.81;NA;NA;NA;
9;15;12.71;9.44;5.18;NA;ND;6.84;NA;NA;2.15;NA;NA;NA;
9;16;0.88;12.83;15.48;NA;ND;8.23;NA;NA;7.1;NA;NA;NA;
9;17;13.61;26.22;9.09;NA;ND;9.65;NA;NA;6.64;NA;NA;NA;
9;18;6.52;30.51;7.97;NA;ND;12.94;NA;NA;14.67;NA;NA;NA;
9;19;15.13;21.8;10.28;NA;ND;10.86;NA;NA;7.87;NA;NA;NA;
9;20;6.33;14.16;13.87;NA;ND;18.14;NA;NA;16.29;NA;NA;NA;
9;21;17.2;24.09;11.59;NA;ND;11.82;NA;NA;13.08;NA;NA;NA;
9;22;12.25;20.57;4.03;NA;ND;10.72;NA;NA;18.38;NA;NA;NA;
9;23;10.53;14.84;9.94;NA;ND;12.96;NA;NA;20.82;NA;NA;NA;
10;0;ND;4.21;ND;NA;ND;9.45;NA;NA;17.07;NA;NA;NA;
10;1;12.42;17.95;ND;NA;ND;11.66;NA;NA;11.64;NA;NA;NA;
10;2;8.2;14.17;ND;NA;ND;13.79;NA;NA;19.8;NA;NA;NA;
10;3;11.74;21.78;ND;NA;ND;9.12;NA;NA;20.04;NA;NA;NA;
10;4;10;16.11;ND;NA;ND;3.5;NA;NA;9.87;NA;NA;NA;
10;5;8.88;24.47;ND;NA;ND;7.58;NA;NA;11.43;NA;NA;NA;
10;6;10.35;23.53;ND;NA;ND;6.63;NA;NA;10.36;NA;NA;NA;
10;7;3.61;6.31;ND;NA;ND;0.48;NA;NA;13.19;NA;NA;NA;
10;8;9.89;0.33;ND;NA;ND;2.22;NA;NA;13.53;NA;NA;NA;
10;9;7.52;5.49;ND;NA;ND;11.16;NA;NA;4.6;NA;NA;NA;
10;10;6.81;0.69;ND;NA;ND;0.01;NA;NA;13.99;NA;NA;NA;
10;11;4.7;0.2;27.86;NA;ND;0.89;NA;NA;6.05;NA;NA;NA;
10;12;9.77;7.53;4.71;NA;ND;6.14;NA;NA;15.64;NA;NA;NA;
10;13;5.18;13.52;10.95;NA;ND;7.23;NA;NA;13.61;NA;NA;NA;
10;14;2.82;0.54;3.49;NA;ND;3.54;NA;NA;4.48;NA;NA;NA;
10;15;6.3;9.67;4.05;NA;ND;0.48;NA;NA;1.57;NA;NA;NA;
10;16;4.42;3.08;3.78;NA;ND;1.88;NA;NA;2.99;NA;NA;NA;
10;17;4.48;24.22;12.56;NA;ND;7.85;NA;NA;19.43;NA;NA;NA;
10;18;9.35;33.83;6.62;NA;ND;8.59;NA;NA;0;NA;NA;NA;
10;19;4.58;24.53;4.61;NA;ND;2.22;NA;NA;18.18;NA;NA;NA;
10;20;7.28;9.26;7.8;NA;ND;7.06;NA;NA;4.84;NA;NA;NA;
10;21;2.53;5.46;8.13;NA;ND;7.7;NA;NA;13.27;NA;NA;NA;
10;22;4.79;3.3;5.54;NA;ND;3.91;NA;NA;9.4;NA;NA;NA;
10;23;4.92;4.42;4.85;NA;ND;6.1;NA;NA;12.64;NA;NA;NA;
11;0;ND;7.21;0.74;NA;ND;4.06;NA;NA;7.55;NA;NA;NA;
11;1;4.43;4.11;5.94;NA;ND;8.97;NA;NA;16.2;NA;NA;NA;
11;2;4.89;6.14;1.89;NA;ND;0.76;NA;NA;5.41;NA;NA;NA;
11;3;3.15;3.22;1.21;NA;ND;4.03;NA;NA;7.46;NA;NA;NA;
11;4;6.37;5.76;6.75;NA;ND;2.6;NA;NA;4.72;NA;NA;NA;
11;5;10.03;11.3;5.94;NA;ND;9.11;NA;NA;11.94;NA;NA;NA;
11;6;13.33;64.75;9.29;NA;ND;16.02;NA;NA;15.94;NA;NA;NA;
11;7;37.49;31.62;12.94;NA;ND;38.26;NA;NA;16.71;NA;NA;NA;
11;8;20.93;3.61;14.36;NA;ND;14.38;NA;NA;30.68;NA;NA;NA;
11;9;4.65;1.11;5.94;NA;ND;4.57;NA;NA;28.23;NA;NA;NA;
11;10;11.79;9.53;8.01;NA;ND;1.74;NA;NA;10.02;NA;NA;NA;
11;11;11.01;3.06;5.05;NA;ND;2.84;NA;NA;7.42;NA;NA;NA;
11;12;6.84;10.24;10.38;NA;ND;7.16;NA;NA;7.23;NA;NA;NA;
11;13;5.79;11.19;3.43;NA;ND;8.82;NA;NA;3.94;NA;NA;NA;
11;14;15.28;6.89;10.77;NA;ND;12.54;NA;NA;4.84;NA;NA;NA;
11;15;5.03;15.7;6.16;NA;ND;10.33;NA;NA;1.64;NA;NA;NA;
11;16;3.94;7.39;7.76;NA;ND;5.57;NA;NA;5.13;NA;NA;NA;
11;17;8.22;31.97;16.18;NA;ND;4.94;NA;NA;9.34;NA;NA;NA;
11;18;11.22;29.93;11.33;NA;ND;4.07;NA;NA;16.77;NA;NA;NA;
11;19;6.55;22.42;14.53;NA;ND;5.4;NA;NA;7.24;NA;NA;NA;
11;20;13.28;19.52;11.63;NA;ND;15.85;NA;NA;20.09;NA;NA;NA;
11;21;9.79;17.74;3.58;NA;ND;1.91;NA;NA;27.71;NA;NA;NA;
11;22;7.1;8.47;8.01;NA;ND;5.92;NA;NA;24.08;NA;NA;NA;
11;23;9.48;11.95;4.52;NA;ND;6.6;NA;NA;24.14;NA;NA;NA;
12;0;ND;3.85;17.13;NA;ND;8.21;NA;NA;32.8;NA;NA;NA;
12;1;11.01;10.45;6.07;NA;ND;9.44;NA;NA;15.66;NA;NA;NA;
12;2;5.61;6.33;5.79;NA;ND;6.75;NA;NA;18.98;NA;NA;NA;
12;3;7;5.22;8.31;NA;ND;10.16;NA;NA;13.98;NA;NA;NA;
12;4;6.95;9.61;5.45;NA;ND;8.01;NA;NA;13.37;NA;NA;NA;
12;5;9.99;13.62;3.44;NA;ND;5.79;NA;NA;19.1;NA;NA;NA;
12;6;23.31;46.7;16.27;NA;ND;17.13;NA;NA;21.53;NA;NA;NA;
12;7;39.8;28.82;17.92;NA;ND;19.61;NA;NA;28.12;NA;NA;NA;
12;8;30.5;15.2;28.15;NA;ND;41.35;NA;NA;26.47;NA;NA;NA;
12;9;ND;0.67;32.32;NA;ND;32.19;NA;NA;20.44;NA;NA;NA;
12;10;17.28;9.27;19.19;NA;ND;18.45;NA;NA;22.86;NA;NA;NA;
12;11;7.97;3.64;10.87;NA;ND;3.87;NA;NA;35.23;NA;NA;NA;
12;12;11.66;4.98;5.45;NA;ND;4.73;NA;NA;7.63;NA;NA;NA;
12;13;7.22;12.84;8.78;NA;ND;0.62;NA;NA;9.6;NA;NA;NA;
12;14;4.45;12.69;7.67;NA;ND;8.14;NA;NA;6.55;NA;NA;NA;
12;15;12.06;2.41;3.25;NA;ND;7.97;NA;NA;13.01;NA;NA;NA;
12;16;10.85;11.85;14.63;NA;ND;7.92;NA;NA;11.36;NA;NA;NA;
12;17;6.5;23.03;12.4;NA;ND;5.42;NA;NA;1.91;NA;NA;NA;
12;18;13.09;35.75;10.54;NA;ND;10.12;NA;NA;3.35;NA;NA;NA;
12;19;15.14;31.29;9.89;NA;ND;8.45;NA;NA;8.39;NA;NA;NA;
12;20;15.02;18.03;13.11;NA;ND;6.73;NA;NA;12.89;NA;NA;NA;
12;21;15.61;18.78;6.94;NA;ND;5.95;NA;NA;23.05;NA;NA;NA;
12;22;7.81;12.57;4.26;NA;ND;4.22;NA;NA;21.72;NA;NA;NA;
12;23;9.77;6.45;7.35;NA;ND;6.66;NA;NA;ND;NA;NA;NA;
13;0;ND;15.83;18.25;NA;ND;14.9;NA;NA;2.81;NA;NA;NA;
13;1;12.71;6.38;10.78;NA;ND;13.31;NA;NA;22.26;NA;NA;NA;
13;2;10.59;11.46;8.97;NA;ND;8.3;NA;NA;10.2;NA;NA;NA;
13;3;13.91;9.65;8.07;NA;ND;13.91;NA;NA;7.23;NA;NA;NA;
13;4;10.02;14.53;9.25;NA;ND;7.05;NA;NA;7.45;NA;NA;NA;
13;5;12.51;16.96;15.05;NA;ND;12.42;NA;NA;15.54;NA;NA;NA;
13;6;21.66;31.72;12.56;NA;ND;13.57;NA;NA;17.12;NA;NA;NA;
13;7;26.22;6.46;25.65;NA;ND;17.47;NA;NA;12.94;NA;NA;NA;
13;8;31.11;0.03;33.83;NA;ND;14.8;NA;NA;11.2;NA;NA;NA;
13;9;23.04;0.36;13.81;NA;ND;12.49;NA;NA;22.07;NA;NA;NA;
13;10;8.32;2.77;4.13;NA;ND;2.43;NA;NA;6.19;NA;NA;NA;
13;11;8.16;8.42;8.48;NA;ND;17.9;NA;NA;29.74;NA;NA;NA;
13;12;6.98;15.93;8.17;NA;ND;13.89;NA;NA;11.72;NA;NA;NA;
13;13;11.47;14.98;11.87;NA;ND;8.61;NA;NA;7.99;NA;NA;NA;
13;14;11.68;22.52;16.04;NA;ND;14.68;NA;NA;5.94;NA;NA;NA;
13;15;10.02;13.46;10.35;NA;ND;15.52;NA;NA;2.76;NA;NA;NA;
13;16;7.7;15.65;8.51;NA;ND;8.6;NA;NA;2.3;NA;NA;NA;
13;17;8.82;25.77;14.23;NA;ND;4.82;NA;NA;0.68;NA;NA;NA;
13;18;13.21;22.77;11.39;NA;ND;3.59;NA;NA;12.94;NA;NA;NA;
13;19;10.41;17.86;13.97;NA;ND;4.53;NA;NA;7.07;NA;NA;NA;
13;20;8.95;21.7;7.8;NA;ND;3.67;NA;NA;10.17;NA;NA;NA;
13;21;10.46;36.98;12.22;NA;ND;3.4;NA;NA;11.8;NA;NA;NA;
13;22;13.36;20.26;5.8;NA;ND;9.17;NA;NA;19.12;NA;NA;NA;
13;23;11.94;22.36;6.38;NA;ND;16.49;NA;NA;ND;NA;NA;NA;
14;0;ND;5.86;24.83;NA;ND;11.72;NA;NA;13.6;NA;NA;NA;
14;1;9.26;4.67;8.17;NA;ND;10.47;NA;NA;6.86;NA;NA;NA;
14;2;10.65;23.32;17.98;NA;ND;11.33;NA;NA;7.51;NA;NA;NA;
14;3;3.49;18.79;13.85;NA;ND;14.67;NA;NA;17.22;NA;NA;NA;
14;4;9.95;15.31;12.97;NA;ND;13.67;NA;NA;13.88;NA;NA;NA;
14;5;17.93;15.56;10.82;NA;ND;5.06;NA;NA;13.37;NA;NA;NA;
14;6;10.41;44.57;16.92;NA;ND;22.08;NA;NA;19.41;NA;NA;NA;
14;7;28.79;10.09;33.24;NA;ND;26.7;NA;NA;21.65;NA;NA;NA;
14;8;23.73;0;36.16;NA;ND;11.34;NA;NA;25.25;NA;NA;NA;
14;9;15.02;9.71;41.87;NA;ND;24.36;NA;NA;21.57;NA;NA;NA;
14;10;16.62;7.56;29.21;NA;ND;11.93;NA;NA;18.4;NA;NA;NA;
14;11;19.67;16.67;ND;NA;ND;7.49;NA;NA;30.58;NA;NA;NA;
14;12;12.79;21.38;11.04;NA;ND;7.76;NA;NA;ND;NA;NA;NA;
14;13;8.15;11.42;9.71;NA;ND;7.3;NA;NA;ND;NA;NA;NA;
14;14;8.95;19.3;15.22;NA;ND;12.64;NA;NA;ND;NA;NA;NA;
14;15;6.48;8.2;5.16;NA;ND;6.45;NA;NA;7.16;NA;NA;NA;
14;16;8.17;30.15;6.79;NA;ND;6.34;NA;NA;13.67;NA;NA;NA;
14;17;8.53;7.24;7.28;NA;ND;10.09;NA;NA;10.26;NA;NA;NA;
14;18;3.62;23.11;9.64;NA;ND;5.21;NA;NA;1.77;NA;NA;NA;
14;19;7.84;19.52;8.09;NA;ND;10.65;NA;NA;4.41;NA;NA;NA;
14;20;6.02;19.66;9.96;NA;ND;5.2;NA;NA;12.6;NA;NA;NA;
14;21;4.42;17.52;4.5;NA;ND;7.48;NA;NA;19.05;NA;NA;NA;
14;22;12.66;19.24;9.38;NA;ND;13.28;NA;NA;15.64;NA;NA;NA;
14;23;12.95;13.35;12.57;NA;ND;14.69;NA;NA;ND;NA;NA;NA;
15;0;ND;21.38;6.83;NA;ND;16.38;NA;NA;17.65;NA;NA;NA;
15;1;9.78;21.8;8.93;NA;ND;8.22;NA;NA;14.72;NA;NA;NA;
15;2;11.46;21.02;5.52;NA;ND;12.91;NA;NA;16.31;NA;NA;NA;
15;3;11.65;19.33;11.54;NA;ND;17.3;NA;NA;11.39;NA;NA;NA;
15;4;16.04;21.98;10.16;NA;ND;16.67;NA;NA;13.32;NA;NA;NA;
15;5;22.86;22.54;18.83;NA;ND;22.49;NA;NA;16.88;NA;NA;NA;
15;6;46.92;26.06;23.1;NA;ND;32.92;NA;NA;29.81;NA;NA;NA;
15;7;48.01;14.97;35.52;NA;ND;51.27;NA;NA;19.57;NA;NA;NA;
15;8;42.05;0;44.39;NA;ND;32.97;NA;NA;23.84;NA;NA;NA;
15;9;35.36;0.47;28.69;NA;ND;18.15;NA;NA;18.17;NA;NA;NA;
15;10;19.25;12.61;15.32;NA;ND;10.45;NA;NA;26.75;NA;NA;NA;
15;11;13.44;13.65;ND;NA;ND;10.1;NA;NA;20.94;NA;NA;NA;
15;12;10.43;16.68;14.68;NA;ND;7.14;NA;NA;10.88;NA;NA;NA;
15;13;14.3;19.26;17.58;NA;ND;9.14;NA;NA;11.22;NA;NA;NA;
15;14;14.28;18.05;7.93;NA;ND;10;NA;NA;10.42;NA;NA;NA;
15;15;12.07;24.26;21.83;NA;ND;14.13;NA;NA;6.64;NA;NA;NA;
15;16;13.8;29.74;22.91;NA;ND;22.56;NA;NA;16.64;NA;NA;NA;
15;17;8.99;36.17;13.92;NA;ND;17.25;NA;NA;13.32;NA;NA;NA;
15;18;ND;42.72;30.17;NA;ND;22.95;NA;NA;19.65;NA;NA;NA;
15;19;15.97;30.61;24.77;NA;ND;20.6;NA;NA;13.22;NA;NA;NA;
15;20;21.17;29.07;22.01;NA;ND;17.65;NA;NA;14.38;NA;NA;NA;
15;21;25;28.35;24.73;NA;ND;32.64;NA;NA;13.13;NA;NA;NA;
15;22;31.13;36.71;24.1;NA;ND;23.16;NA;NA;26.4;NA;NA;NA;
15;23;35.06;34.64;18.34;NA;ND;24.41;NA;NA;ND;NA;NA;NA;
16;0;ND;35.45;24.01;NA;ND;27.24;NA;NA;29.51;NA;NA;NA;
16;1;37.56;45.89;26.11;NA;ND;25.84;NA;NA;24.42;NA;NA;NA;
16;2;35.98;14.29;34.32;NA;ND;23.03;NA;NA;17.34;NA;NA;NA;
16;3;33.34;36.34;29.53;NA;ND;23.16;NA;NA;18.08;NA;NA;NA;
16;4;34.78;45.97;24.52;NA;ND;24.8;NA;NA;17.57;NA;NA;NA;
16;5;33.59;30.84;25.6;NA;ND;29.15;NA;NA;23.58;NA;NA;NA;
16;6;35.45;33.43;35.32;NA;ND;22.05;NA;NA;17.19;NA;NA;NA;
16;7;35.91;19.43;38.32;NA;ND;37.63;NA;NA;24.05;NA;NA;NA;
16;8;28.31;6.95;39.83;NA;ND;22.27;NA;NA;16.43;NA;NA;NA;
16;9;28.52;0.3;32.26;NA;ND;20.52;NA;NA;26.86;NA;NA;NA;
16;10;29.33;16.65;11.92;NA;ND;9.15;NA;NA;22.08;NA;NA;NA;
16;11;14.29;7.37;18.06;NA;ND;10.79;NA;NA;25.88;NA;NA;NA;
16;12;1.31;2.59;3.51;NA;ND;8.19;NA;NA;20.54;NA;NA;NA;
16;13;24.81;28.45;21.24;NA;ND;7.41;NA;NA;20.77;NA;NA;NA;
16;14;13.83;9.95;19.36;NA;ND;32.56;NA;NA;11.85;NA;NA;NA;
16;15;5.73;17.5;2.69;NA;ND;5.17;NA;NA;9.61;NA;NA;NA;
16;16;14.23;33.12;13.7;NA;ND;4.31;NA;NA;12.09;NA;NA;NA;
16;17;22.04;66.18;15.84;NA;ND;11.4;NA;NA;16.77;NA;NA;NA;
16;18;13.59;28.33;21.58;NA;ND;35.86;NA;NA;28.24;NA;NA;NA;
16;19;14.51;23.4;15.2;NA;ND;20.63;NA;NA;21.93;NA;NA;NA;
16;20;19.32;24.49;17.36;NA;ND;30.07;NA;NA;14.41;NA;NA;NA;
16;21;16.67;22.53;25.28;NA;ND;19.94;NA;NA;14.27;NA;NA;NA;
16;22;19.48;20.46;18.11;NA;ND;25.24;NA;NA;17.38;NA;NA;NA;
16;23;20.42;25.05;17.64;NA;ND;26.07;NA;NA;ND;NA;NA;NA;
17;0;ND;15.7;20.86;NA;ND;28.28;NA;NA;13.39;NA;NA;NA;
17;1;27.76;18.64;17.61;NA;ND;18.54;NA;NA;28.52;NA;NA;NA;
17;2;18.81;26.49;19.69;NA;ND;15.07;NA;NA;21.81;NA;NA;NA;
17;3;17.97;15.88;14.04;NA;ND;18.32;NA;NA;15.78;NA;NA;NA;
17;4;20.94;26.65;19.16;NA;ND;17.89;NA;NA;18.17;NA;NA;NA;
17;5;24.7;22.53;16.2;NA;ND;26.61;NA;NA;18.52;NA;NA;NA;
17;6;22.82;41.22;23.89;NA;ND;32.87;NA;NA;18.32;NA;NA;NA;
17;7;21.42;23.34;22.67;NA;ND;22.26;NA;NA;8.95;NA;NA;NA;
17;8;24.66;6;32.01;NA;ND;30.2;NA;NA;21.27;NA;NA;NA;
17;9;34.84;3.83;31.62;NA;ND;45.14;NA;NA;21.06;NA;NA;NA;
17;10;14.45;0;25.41;NA;ND;21.67;NA;NA;23.15;NA;NA;NA;
17;11;12.03;0;17.01;NA;ND;19.66;NA;NA;15.99;NA;NA;NA;
17;12;13.68;0.13;25.04;NA;ND;14.2;NA;NA;20.31;NA;NA;NA;
17;13;13.1;17.87;23.24;NA;ND;11.34;NA;NA;17.61;NA;NA;NA;
17;14;19;29.51;10.82;NA;ND;11.02;NA;NA;37.04;NA;NA;NA;
17;15;14.73;26.63;16.93;NA;ND;23.71;NA;NA;49.04;NA;NA;NA;
17;16;12.42;13.54;8.52;NA;ND;10.99;NA;NA;15.23;NA;NA;NA;
17;17;7.02;12.71;12.79;NA;ND;14.94;NA;NA;19.02;NA;NA;NA;
17;18;10.87;20.81;9.28;NA;ND;10.23;NA;NA;18.84;NA;NA;NA;
17;19;10.85;16.07;20.01;NA;ND;17.13;NA;NA;3.52;NA;NA;NA;
17;20;10.2;20.67;12.28;NA;ND;16.96;NA;NA;7.29;NA;NA;NA;
17;21;13.41;18.39;19.25;NA;ND;23.92;NA;NA;6.27;NA;NA;NA;
17;22;15.72;19.76;12.3;NA;ND;17.51;NA;NA;11.92;NA;NA;NA;
17;23;8.4;18.84;15.95;NA;ND;16.32;NA;NA;ND;NA;NA;NA;
18;0;ND;15.4;13.18;NA;ND;6.58;NA;NA;15.67;NA;NA;NA;
18;1;12.08;13.45;14.41;NA;ND;14.01;NA;NA;14.9;NA;NA;NA;
18;2;4.21;16.39;7.52;NA;ND;9.11;NA;NA;19.96;NA;NA;NA;
18;3;9.59;9.59;8.77;NA;ND;9.69;NA;NA;21.67;NA;NA;NA;
18;4;13.78;12.31;5.65;NA;ND;2.9;NA;NA;24.26;NA;NA;NA;
18;5;11.14;10.96;5.5;NA;ND;8.78;NA;NA;34.07;NA;NA;NA;
18;6;23.86;36.83;16.03;NA;ND;18.64;NA;NA;29.19;NA;NA;NA;
18;7;36.51;15.81;14.48;NA;ND;34.27;NA;NA;16.99;NA;NA;NA;
18;8;31.22;11.79;31.24;NA;ND;15.89;NA;NA;6.97;NA;NA;NA;
18;9;34.08;18.32;28.45;NA;ND;11.89;NA;NA;3.92;NA;NA;NA;
18;10;28.74;21.85;26.07;NA;ND;11.56;NA;NA;11.85;NA;NA;NA;
18;11;23.23;9.39;14.86;NA;ND;7.69;NA;NA;5.87;NA;NA;NA;
18;12;18.2;13.88;19.41;NA;ND;13.95;NA;NA;4.39;NA;NA;NA;
18;13;17.56;25.39;14.22;NA;ND;21.18;NA;NA;11.81;NA;NA;NA;
18;14;25.58;33.54;11.78;NA;ND;11.66;NA;NA;2.62;NA;NA;NA;
18;15;5.86;10.23;20.15;NA;ND;7.75;NA;NA;9.1;NA;NA;NA;
18;16;9.1;8.67;18.4;NA;ND;11.04;NA;NA;7.83;NA;NA;NA;
18;17;23.92;34.96;15.57;NA;ND;4.99;NA;NA;8.85;NA;NA;NA;
18;18;13.82;41.55;11.25;NA;ND;4.63;NA;NA;18.26;NA;NA;NA;
18;19;16.33;25.25;12.64;NA;ND;12.43;NA;NA;24.23;NA;NA;NA;
18;20;36.13;13.86;12.43;NA;ND;14.14;NA;NA;16.21;NA;NA;NA;
18;21;36.74;22.08;10.33;NA;ND;9.85;NA;NA;9.67;NA;NA;NA;
18;22;30.27;21.15;7.3;NA;ND;13.87;NA;NA;32.86;NA;NA;NA;
18;23;22.43;20.94;3.51;NA;ND;5.22;NA;NA;ND;NA;NA;NA;
19;0;ND;14.75;13.12;NA;ND;11.09;NA;NA;39.55;NA;NA;NA;
19;1;14.76;12.56;6.91;NA;ND;5.43;NA;NA;26.64;NA;NA;NA;
19;2;7.3;7.83;1.84;NA;ND;2.92;NA;NA;17.81;NA;NA;NA;
19;3;9.65;13.27;8.1;NA;ND;7.34;NA;NA;20.96;NA;NA;NA;
19;4;7.99;23.26;5.19;NA;ND;4.8;NA;NA;7.43;NA;NA;NA;
19;5;13.74;20.53;8.13;NA;ND;8.06;NA;NA;16.84;NA;NA;NA;
19;6;28.92;49.9;11.05;NA;ND;9.61;NA;NA;25.83;NA;NA;NA;
19;7;40.66;31.21;10.32;NA;ND;7.31;NA;NA;30.76;NA;NA;NA;
19;8;31.58;0;9.08;NA;ND;10.2;NA;NA;14.3;NA;NA;NA;
19;9;19.33;0;10.7;NA;ND;3.14;NA;NA;27.43;NA;NA;NA;
19;10;16.85;3.58;ND;NA;ND;11.04;NA;NA;14.39;NA;NA;NA;
19;11;ND;6.79;24.52;NA;ND;31.41;NA;NA;14.91;NA;NA;NA;
19;12;ND;22.62;7.06;NA;ND;24.56;NA;NA;30.02;NA;NA;NA;
19;13;35.02;6.05;7.37;NA;ND;11.88;NA;NA;15.39;NA;NA;NA;
19;14;ND;18.3;9.84;NA;ND;10.81;NA;NA;20.76;NA;NA;NA;
19;15;6.85;20.12;12.1;NA;ND;16;NA;NA;21.46;NA;NA;NA;
19;16;0;25.04;10.49;NA;ND;8.76;NA;NA;19.53;NA;NA;NA;
19;17;0;28.18;12.49;NA;ND;12.57;NA;NA;27.9;NA;NA;NA;
19;18;7.39;44.54;13.39;NA;ND;16.58;NA;NA;38.76;NA;NA;NA;
19;19;9.8;31.15;8.81;NA;ND;14.06;NA;NA;39;NA;NA;NA;
19;20;16.24;27.18;18.82;NA;ND;28.68;NA;NA;32.51;NA;NA;NA;
19;21;20.72;17.06;30;NA;ND;23.97;NA;NA;39.64;NA;NA;NA;
19;22;18.89;22.92;20.03;NA;ND;9.93;NA;NA;32.36;NA;NA;NA;
19;23;20.22;19.58;19.13;NA;ND;8.8;NA;NA;ND;NA;NA;NA;
20;0;ND;18.9;24.22;NA;ND;2.17;NA;NA;17.73;NA;NA;NA;
20;1;24.42;14.72;23.32;NA;ND;11.98;NA;NA;19.47;NA;NA;NA;
20;2;18.59;16.41;14.87;NA;ND;11.99;NA;NA;15.28;NA;NA;NA;
20;3;22.83;23.3;9.33;NA;ND;5.12;NA;NA;15.91;NA;NA;NA;
20;4;18.88;26.42;9.42;NA;ND;5.1;NA;NA;23.93;NA;NA;NA;
20;5;20.02;25.59;4.95;NA;ND;9.54;NA;NA;32.94;NA;NA;NA;
20;6;35.63;47.95;7.83;NA;ND;18.68;NA;NA;25.08;NA;NA;NA;
20;7;38.85;22.89;11.46;NA;ND;9.93;NA;NA;34.78;NA;NA;NA;
20;8;31.19;0;11.7;NA;ND;5.52;NA;NA;14.99;NA;NA;NA;
20;9;22.9;10.67;7.98;NA;ND;6.53;NA;NA;16.77;NA;NA;NA;
20;10;21.48;16.55;8.41;NA;ND;0.92;NA;NA;11.42;NA;NA;NA;
20;11;24.42;9.85;23.86;NA;ND;21.07;NA;NA;20.35;NA;NA;NA;
20;12;12.94;25.41;25.86;NA;ND;27.49;NA;NA;11.61;NA;NA;NA;
20;13;20.35;43.47;13.97;NA;ND;24.59;NA;NA;19.6;NA;NA;NA;
20;14;5.47;23.28;14.57;NA;ND;19.86;NA;NA;17.87;NA;NA;NA;
20;15;15.1;18.73;14.78;NA;ND;44.96;NA;NA;27.27;NA;NA;NA;
20;16;12.72;11.02;17.41;NA;ND;20.57;NA;NA;19.24;NA;NA;NA;
20;17;16.89;31.5;31.81;NA;ND;25.71;NA;NA;20.36;NA;NA;NA;
20;18;15.04;32.16;17.55;NA;ND;25;NA;NA;22.8;NA;NA;NA;
20;19;28.47;25.07;21.09;NA;ND;40.09;NA;NA;17.83;NA;NA;NA;
20;20;23.72;10.62;29.43;NA;ND;30.8;NA;NA;22.69;NA;NA;NA;
20;21;23.32;17;27.2;NA;ND;24.4;NA;NA;22.64;NA;NA;NA;
20;22;15.49;10.16;24.69;NA;ND;29.07;NA;NA;12.98;NA;NA;NA;
20;23;11.66;10.74;23.47;NA;ND;11.39;NA;NA;ND;NA;NA;NA;
21;0;ND;6.29;17.28;NA;ND;16.05;NA;NA;6.05;NA;NA;NA;
21;1;15.82;26.66;18.51;NA;ND;12.51;NA;NA;13.02;NA;NA;NA;
21;2;12.26;33.04;11.58;NA;ND;6.57;NA;NA;19.49;NA;NA;NA;
21;3;14.24;18.19;18.12;NA;ND;16.99;NA;NA;7.54;NA;NA;NA;
21;4;16.62;12.25;14.38;NA;ND;15.94;NA;NA;11.07;NA;NA;NA;
21;5;11.89;5.41;17.68;NA;ND;14.07;NA;NA;20.69;NA;NA;NA;
21;6;22.65;12.62;17.93;NA;ND;27.9;NA;NA;13.27;NA;NA;NA;
21;7;26.58;2.24;29.82;NA;ND;33.81;NA;NA;14.13;NA;NA;NA;
21;8;16.84;11.37;23.99;NA;ND;6.03;NA;NA;10.45;NA;NA;NA;
21;9;37.97;1.54;17.12;NA;ND;9.49;NA;NA;20.82;NA;NA;NA;
21;10;28.01;3.67;23.59;NA;ND;23.72;NA;NA;20.29;NA;NA;NA;
21;11;25.82;1.64;21.07;NA;ND;20.48;NA;NA;17.44;NA;NA;NA;
21;12;12.03;9.54;11.02;NA;ND;9.05;NA;NA;18.93;NA;NA;NA;
21;13;14.28;27.8;14.6;NA;ND;8.97;NA;NA;7.88;NA;NA;NA;
21;14;10.88;29.52;15.71;NA;ND;12.04;NA;NA;9.82;NA;NA;NA;
21;15;23.99;26.59;17.44;NA;ND;9.34;NA;NA;0.85;NA;NA;NA;
21;16;3.54;35.85;13.27;NA;ND;15.03;NA;NA;9.68;NA;NA;NA;
21;17;1.36;19.34;14.32;NA;ND;10.94;NA;NA;19.56;NA;NA;NA;
21;18;14.41;28.07;17.44;NA;ND;21.62;NA;NA;19.66;NA;NA;NA;
21;19;12.01;18.34;24.98;NA;ND;20.95;NA;NA;11.49;NA;NA;NA;
21;20;18.3;23.43;23.16;NA;ND;19.62;NA;NA;16.74;NA;NA;NA;
21;21;23.15;13.17;22.89;NA;ND;15.2;NA;NA;12.59;NA;NA;NA;
21;22;10.16;19.06;14.71;NA;ND;14.49;NA;NA;14.47;NA;NA;NA;
21;23;15.54;12.8;15.09;NA;ND;20.72;NA;NA;ND;NA;NA;NA;
22;0;ND;6.84;22.78;NA;ND;18.52;NA;NA;12.76;NA;NA;NA;
22;1;21.67;17.49;24.24;NA;ND;20.95;NA;NA;11.02;NA;NA;NA;
22;2;13.16;6.82;20.65;NA;ND;19.2;NA;NA;18.84;NA;NA;NA;
22;3;15.26;15.28;15.84;NA;ND;13.74;NA;NA;8.51;NA;NA;NA;
22;4;14.66;29.33;18.7;NA;ND;20.16;NA;NA;17.28;NA;NA;NA;
22;5;22.88;26.18;14.91;NA;ND;22.41;NA;NA;15.37;NA;NA;NA;
22;6;41.06;43.78;24.47;NA;ND;27.98;NA;NA;24.99;NA;NA;NA;
22;7;49.66;27.48;17.52;NA;ND;29.56;NA;NA;20.64;NA;NA;NA;
22;8;37.38;0.08;46.66;NA;ND;42.21;NA;NA;18.24;NA;NA;NA;
22;9;31.63;0.29;38.5;NA;ND;37.28;NA;NA;17.11;NA;NA;NA;
22;10;14.66;21.33;23.73;NA;ND;24.19;NA;NA;14.33;NA;NA;NA;
22;11;14.43;13;18.87;NA;ND;31.25;NA;NA;22.28;NA;NA;NA;
22;12;10.42;4.19;21.09;NA;ND;45.59;NA;NA;19.66;NA;NA;NA;
22;13;13.81;14.56;15.67;NA;ND;24.41;NA;NA;28.43;NA;NA;NA;
22;14;19.84;80.39;14.15;NA;ND;13.98;NA;NA;8.18;NA;NA;NA;
22;15;10.72;67.21;24.06;NA;ND;27.64;NA;NA;19.84;NA;NA;NA;
22;16;4.53;7.52;5.43;NA;ND;13.02;NA;NA;21.47;NA;NA;NA;
22;17;10.52;26.48;23.13;NA;ND;13.65;NA;NA;17.48;NA;NA;NA;
22;18;15.58;45.94;12.65;NA;ND;15.95;NA;NA;22.03;NA;NA;NA;
22;19;23.66;42.68;20.19;NA;ND;13.98;NA;NA;17.2;NA;NA;NA;
22;20;14.02;41.86;15.93;NA;ND;16.48;NA;NA;29.34;NA;NA;NA;
22;21;16.38;15.16;32.58;NA;ND;35.21;NA;NA;33.03;NA;NA;NA;
22;22;ND;15.31;35.1;NA;ND;46.88;NA;NA;30.56;NA;NA;NA;
22;23;26;25.26;30.67;NA;ND;35.32;NA;NA;ND;NA;NA;NA;
23;0;ND;35;27.98;NA;ND;17.8;NA;NA;20.43;NA;NA;NA;
23;1;21.8;19.96;19.77;NA;ND;20.49;NA;NA;18.56;NA;NA;NA;
23;2;20.18;24.17;21.41;NA;ND;24.88;NA;NA;20.47;NA;NA;NA;
23;3;16.23;21.71;23.21;NA;ND;16.57;NA;NA;13.46;NA;NA;NA;
23;4;19.22;26.89;21.41;NA;ND;11.56;NA;NA;19.11;NA;NA;NA;
23;5;24.04;31.02;19.34;NA;ND;20.65;NA;NA;14.27;NA;NA;NA;
23;6;19.58;41.41;15.01;NA;ND;16.74;NA;NA;13.92;NA;NA;NA;
23;7;22.82;14.14;17.17;NA;ND;25.71;NA;NA;13.13;NA;NA;NA;
23;8;23.51;0.98;28.96;NA;ND;21.54;NA;NA;13.9;NA;NA;NA;
23;9;23.83;8.47;13.69;NA;ND;10.57;NA;NA;9.39;NA;NA;NA;
23;10;24.23;4.27;13.43;NA;ND;11.55;NA;NA;17.5;NA;NA;NA;
23;11;12.36;17.1;6.15;NA;ND;9.82;NA;NA;5.9;NA;NA;NA;
23;12;13.66;0.22;7.38;NA;ND;13.73;NA;NA;17.79;NA;NA;NA;
23;13;7.93;1.35;2.89;NA;ND;2.05;NA;NA;1.97;NA;NA;NA;
23;14;15.45;24.17;17.62;NA;ND;24.19;NA;NA;21.55;NA;NA;NA;
23;15;20.91;46.55;24.65;NA;ND;27.07;NA;NA;28.79;NA;NA;NA;
23;16;6.54;21.6;2.71;NA;ND;4.51;NA;NA;6.38;NA;NA;NA;
23;17;14.06;9.01;23.57;NA;ND;19.09;NA;NA;12.23;NA;NA;NA;
23;18;19.39;26.72;4.4;NA;ND;6.01;NA;NA;9.56;NA;NA;NA;
23;19;10.17;23.99;12.09;NA;ND;13.85;NA;NA;8.5;NA;NA;NA;
23;20;9.17;37.29;6.71;NA;ND;10.99;NA;NA;18.54;NA;NA;NA;
23;21;16.87;32.29;9.49;NA;ND;17.6;NA;NA;13.92;NA;NA;NA;
23;22;17.36;27.75;11.91;NA;ND;12.64;NA;NA;23.95;NA;NA;NA;
23;23;11.1;15.98;6.41;NA;ND;4.64;NA;NA;ND;NA;NA;NA;
24;0;ND;37.83;2.06;NA;ND;8.33;NA;NA;14.76;NA;NA;NA;
24;1;22.64;23.64;9.3;NA;ND;9.15;NA;NA;13.84;NA;NA;NA;
24;2;17.53;10.71;8.65;NA;ND;11.84;NA;NA;15.36;NA;NA;NA;
24;3;15.61;13.86;9.46;NA;ND;8.73;NA;NA;8.74;NA;NA;NA;
24;4;21.37;34.31;8.78;NA;ND;10.55;NA;NA;8.16;NA;NA;NA;
24;5;17.83;17.4;9.66;NA;ND;4.63;NA;NA;8.68;NA;NA;NA;
24;6;17.45;36.71;6.28;NA;ND;17.07;NA;NA;10.44;NA;NA;NA;
24;7;14.05;22.12;3.65;NA;ND;13.13;NA;NA;2.2;NA;NA;NA;
24;8;17.93;0;18.13;NA;ND;8.37;NA;NA;9.83;NA;NA;NA;
24;9;14.97;2.55;21.27;NA;ND;17.09;NA;NA;16.26;NA;NA;NA;
24;10;3.87;3.37;8.97;NA;ND;16.65;NA;NA;7.1;NA;NA;NA;
24;11;13.95;0.75;9.99;NA;ND;4.86;NA;NA;9.57;NA;NA;NA;
24;12;16.7;24.43;14.18;NA;ND;9.1;NA;NA;15.62;NA;NA;NA;
24;13;9.49;27.83;13.43;NA;ND;14.62;NA;NA;14.98;NA;NA;NA;
24;14;3.18;0.79;4.12;NA;ND;10.56;NA;NA;4.87;NA;NA;NA;
24;15;10.35;17.87;10.71;NA;ND;16.42;NA;NA;9.62;NA;NA;NA;
24;16;1.84;13.34;12.07;NA;ND;11.36;NA;NA;5.3;NA;NA;NA;
24;17;18.09;29.1;9.83;NA;ND;8.58;NA;NA;22.94;NA;NA;NA;
24;18;9.86;33.8;19.92;NA;ND;19.4;NA;NA;13.79;NA;NA;NA;
24;19;2.64;23.86;16.58;NA;ND;11.63;NA;NA;13.42;NA;NA;NA;
24;20;7.87;27.65;12.46;NA;ND;14.81;NA;NA;16.17;NA;NA;NA;
24;21;9.88;21.05;11.79;NA;ND;13.85;NA;NA;15.53;NA;NA;NA;
24;22;17.88;21.89;13.45;NA;ND;11.07;NA;NA;16.76;NA;NA;NA;
24;23;14.22;17.31;10.77;NA;ND;14.39;NA;NA;ND;NA;NA;NA;
25;0;ND;24.55;14.01;NA;ND;23.9;NA;NA;21.81;NA;NA;NA;
25;1;21.6;7.15;11.64;NA;ND;22.32;NA;NA;12.36;NA;NA;NA;
25;2;13.47;21.58;16.04;NA;ND;15.67;NA;NA;7.15;NA;NA;NA;
25;3;15.69;13.15;15.25;NA;ND;21.46;NA;NA;15.05;NA;NA;NA;
25;4;12.46;13.09;20.59;NA;ND;24.46;NA;NA;4.65;NA;NA;NA;
25;5;18.58;24.85;22.26;NA;ND;19.18;NA;NA;12.64;NA;NA;NA;
25;6;22.26;16.83;29.05;NA;ND;29.51;NA;NA;11.57;NA;NA;NA;
25;7;26;21.5;39.17;NA;ND;36.35;NA;NA;19.17;NA;NA;NA;
25;8;23.01;6.46;36.37;NA;ND;48.39;NA;NA;17.3;NA;NA;NA;
25;9;17.42;1.84;37.51;NA;ND;33.77;NA;NA;21.33;NA;NA;NA;
25;10;24.94;ND;30.15;NA;ND;33.23;NA;NA;20.21;NA;NA;NA;
25;11;22.63;ND;34.63;NA;ND;29.69;NA;NA;20.23;NA;NA;NA;
25;12;13.28;ND;17.58;NA;ND;23.86;NA;NA;21.79;NA;NA;NA;
25;13;13.7;17.69;19.65;NA;ND;17.69;NA;NA;24.42;NA;NA;NA;
25;14;13.61;14.58;25.3;NA;ND;21.87;NA;NA;17.79;NA;NA;NA;
25;15;15.2;18.53;10.91;NA;ND;14.48;NA;NA;6.63;NA;NA;NA;
25;16;6.46;12.05;13.37;NA;ND;8.29;NA;NA;24.77;NA;NA;NA;
25;17;14.82;29.82;30.78;NA;ND;20.55;NA;NA;28.56;NA;NA;NA;
25;18;12.89;41.29;24.42;NA;ND;33.5;NA;NA;29.21;NA;NA;NA;
25;19;30.75;53.47;21.57;NA;ND;29.78;NA;NA;33.77;NA;NA;NA;
25;20;30.45;35.17;22.25;NA;ND;18.14;NA;NA;29.25;NA;NA;NA;
25;21;38.85;26.04;19.51;NA;ND;23.36;NA;NA;24.69;NA;NA;NA;
25;22;24.36;29.67;17.89;NA;ND;21.92;NA;NA;29.12;NA;NA;NA;
25;23;21.89;31.78;9.59;NA;ND;25.95;NA;NA;ND;NA;NA;NA;
26;0;ND;40.92;23.12;NA;ND;21.16;NA;NA;25.72;NA;NA;NA;
26;1;18.86;41.32;17.36;NA;ND;22.59;NA;NA;16.4;NA;NA;NA;
26;2;8.97;44.11;12.33;NA;ND;17.56;NA;NA;17.19;NA;NA;NA;
26;3;7.21;46.38;18.58;NA;ND;23.96;NA;NA;16.94;NA;NA;NA;
26;4;8.34;46.01;19.71;NA;ND;24.79;NA;NA;12;NA;NA;NA;
26;5;17.49;44.97;12.6;NA;ND;27.69;NA;NA;14.74;NA;NA;NA;
26;6;34.42;60.81;21.79;NA;ND;33.63;NA;NA;20.9;NA;NA;NA;
26;7;34.61;65.54;33.76;NA;ND;40.9;NA;NA;20.06;NA;NA;NA;
26;8;45.24;4.61;39.09;NA;ND;16.32;NA;NA;20.64;NA;NA;NA;
26;9;45.57;1.66;21.96;NA;ND;13.34;NA;NA;19.13;NA;NA;NA;
26;10;27.62;0.29;9.14;NA;ND;3.56;NA;NA;8.14;NA;NA;NA;
26;11;18.05;9.55;11.89;NA;ND;15.34;NA;NA;26.14;NA;NA;NA;
26;12;20.19;33;12.5;NA;ND;19.48;NA;NA;21.74;NA;NA;NA;
26;13;15.68;18.66;5.31;NA;ND;6.06;NA;NA;8.74;NA;NA;NA;
26;14;12.46;14.77;13.05;NA;ND;22.61;NA;NA;12.56;NA;NA;NA;
26;15;13.51;18.79;17.4;NA;ND;14.91;NA;NA;10.12;NA;NA;NA;
26;16;11.67;20.05;9.17;NA;ND;12.6;NA;NA;12.93;NA;NA;NA;
26;17;4.08;36.37;12.46;NA;ND;7.74;NA;NA;5.59;NA;NA;NA;
26;18;12.27;23.3;10.49;NA;ND;9.1;NA;NA;24.13;NA;NA;NA;
26;19;11.11;36.71;14.74;NA;ND;13.91;NA;NA;19.04;NA;NA;NA;
26;20;15.14;29.87;15.53;NA;ND;19.87;NA;NA;16.3;NA;NA;NA;
26;21;23.25;29.6;17.21;NA;ND;12.24;NA;NA;12.75;NA;NA;NA;
26;22;15;9.18;5.78;NA;ND;6.34;NA;NA;14.69;NA;NA;NA;
26;23;11.7;9.89;7.35;NA;ND;13.8;NA;NA;ND;NA;NA;NA;
27;0;ND;8.5;16.1;NA;ND;17.68;NA;NA;12.41;NA;NA;NA;
27;1;13.98;18.46;14.5;NA;ND;16.94;NA;NA;12.79;NA;NA;NA;
27;2;14.36;10.8;16.88;NA;ND;18.82;NA;NA;10.77;NA;NA;NA;
27;3;2.81;12.63;10.92;NA;ND;15.11;NA;NA;8.49;NA;NA;NA;
27;4;11.65;16.45;19.99;NA;ND;14.92;NA;NA;11.12;NA;NA;NA;
27;5;13.41;25.46;18.5;NA;ND;18.24;NA;NA;14.19;NA;NA;NA;
27;6;29.69;35.83;21.44;NA;ND;29.42;NA;NA;14;NA;NA;NA;
27;7;44.05;24.46;28.41;NA;ND;36.13;NA;NA;25.62;NA;NA;NA;
27;8;26.38;2.86;40.64;NA;ND;11.41;NA;NA;10.55;NA;NA;NA;
27;9;40.23;16.21;13.64;NA;ND;12.91;NA;NA;27.19;NA;NA;NA;
27;10;21.13;11.42;9.3;NA;ND;7.35;NA;NA;12.48;NA;NA;NA;
27;11;11.36;6.23;1.27;NA;ND;5.64;NA;NA;18.34;NA;NA;NA;
27;12;12.07;0.02;8.56;NA;ND;5.02;NA;NA;15.4;NA;NA;NA;
27;13;12.18;24.74;5.13;NA;ND;10.23;NA;NA;4.52;NA;NA;NA;
27;14;7.55;19.36;5.38;NA;ND;6.48;NA;NA;0.74;NA;NA;NA;
27;15;17.45;32.37;17.86;NA;ND;11.46;NA;NA;5.7;NA;NA;NA;
27;16;10.59;20.64;15.44;NA;ND;11.47;NA;NA;13.74;NA;NA;NA;
27;17;8.87;32.96;13.55;NA;ND;15.8;NA;NA;21.58;NA;NA;NA;
27;18;9.78;31.3;27.05;NA;ND;25.52;NA;NA;19.4;NA;NA;NA;
27;19;9.14;27.43;26.11;NA;ND;22.39;NA;NA;17.55;NA;NA;NA;
27;20;15.39;26.86;17.32;NA;ND;19.38;NA;NA;10.85;NA;NA;NA;
27;21;13.05;34.16;19.09;NA;ND;18.4;NA;NA;5.14;NA;NA;NA;
27;22;13.19;19.66;17.15;NA;ND;19.9;NA;NA;30.57;NA;NA;NA;
27;23;13.94;25.57;16.18;NA;ND;13.37;NA;NA;9.21;NA;NA;NA;
28;0;ND;18.42;16.13;NA;ND;18.15;NA;NA;46.97;NA;NA;NA;
28;1;20.36;22.32;20.22;NA;ND;20.05;NA;NA;14.51;NA;NA;NA;
28;2;13.31;12.03;18.05;NA;ND;16.82;NA;NA;11.75;NA;NA;NA;
28;3;16.4;13.14;12.76;NA;ND;22.4;NA;NA;14.24;NA;NA;NA;
28;4;15;4.38;25.98;NA;ND;15.23;NA;NA;7.47;NA;NA;NA;
28;5;15.82;13.74;14.87;NA;ND;23.04;NA;NA;16.14;NA;NA;NA;
28;6;20.82;10.41;23.86;NA;ND;25.01;NA;NA;17.26;NA;NA;NA;
28;7;25.83;41.55;28.5;NA;ND;40.52;NA;NA;24.57;NA;NA;NA;
28;8;27.57;15.5;33.8;NA;ND;31.43;NA;NA;16.73;NA;NA;NA;
28;9;12.16;0;11.53;NA;ND;6.65;NA;NA;21.4;NA;NA;NA;
28;10;8.36;10.79;8.32;NA;ND;7.08;NA;NA;5.74;NA;NA;NA;
28;11;9.3;23.51;5.75;NA;ND;6.61;NA;NA;4.42;NA;NA;NA;
28;12;3.13;0.36;2.09;NA;ND;1.62;NA;NA;4.59;NA;NA;NA;
28;13;8.23;0;18.67;NA;ND;9.35;NA;NA;39.44;NA;NA;NA;
28;14;11.33;3.78;16.64;NA;ND;9.46;NA;NA;18.14;NA;NA;NA;
28;15;9.52;6.94;15.07;NA;ND;3.9;NA;NA;22.4;NA;NA;NA;
28;16;17.82;39.06;11.06;NA;ND;10.83;NA;NA;7.66;NA;NA;NA;
28;17;19.1;43.63;17.39;NA;ND;23.9;NA;NA;6.01;NA;NA;NA;
28;18;18.98;25.36;20.54;NA;ND;18.46;NA;NA;12.16;NA;NA;NA;
28;19;18.28;30.96;23.1;NA;ND;31.89;NA;NA;33.63;NA;NA;NA;
28;20;17.13;29.99;21.79;NA;ND;23.66;NA;NA;10.93;NA;NA;NA;
28;21;16.8;25.84;28.92;NA;ND;26.71;NA;NA;14.68;NA;NA;NA;
28;22;15.02;20.05;19.91;NA;ND;24.19;NA;NA;13.2;NA;NA;NA;
28;23;9.93;9.6;21.88;NA;ND;14.94;NA;NA;5.28;NA;NA;NA;
29;0;ND;18.94;18.98;NA;ND;19.97;NA;NA;36.42;NA;NA;NA;
29;1;18.19;5.77;18.13;NA;ND;26.6;NA;NA;12.18;NA;NA;NA;
29;2;6.15;19.25;21.2;NA;ND;14.91;NA;NA;30.59;NA;NA;NA;
29;3;15.88;14.6;17.87;NA;ND;22.78;NA;NA;10.88;NA;NA;NA;
29;4;15.93;21.36;19.4;NA;ND;23.51;NA;NA;17.48;NA;NA;NA;
29;5;21.42;23.15;26.47;NA;ND;17.61;NA;NA;15.01;NA;NA;NA;
29;6;33.81;30.24;26.99;NA;ND;33.18;NA;NA;19.54;NA;NA;NA;
29;7;27.21;12.64;35.47;NA;ND;29.84;NA;NA;27.53;NA;NA;NA;
29;8;25.55;2.98;42.35;NA;ND;33.99;NA;NA;20.56;NA;NA;NA;
29;9;33.56;0;37.35;NA;ND;39.33;NA;NA;22.5;NA;NA;NA;
29;10;27.48;0.93;38.31;NA;ND;40.87;NA;NA;29.21;NA;NA;NA;
29;11;11.42;3.23;25.26;NA;ND;24.84;NA;NA;23.31;NA;NA;NA;
29;12;21.34;23.78;27.3;NA;ND;24.93;NA;NA;36.7;NA;NA;NA;
29;13;11.28;10.09;18.03;NA;ND;14.37;NA;NA;22.77;NA;NA;NA;
29;14;8.56;31.79;13.35;NA;ND;7.98;NA;NA;9.99;NA;NA;NA;
29;15;14.22;47.07;10.89;NA;ND;11.59;NA;NA;19.67;NA;NA;NA;
29;16;11.88;49.51;16.93;NA;ND;14.41;NA;NA;8.49;NA;NA;NA;
29;17;8.94;31.48;20.75;NA;ND;20.07;NA;NA;19.26;NA;NA;NA;
29;18;12.07;19.1;26.48;NA;ND;21.86;NA;NA;16.1;NA;NA;NA;
29;19;8.94;8.66;15.05;NA;ND;17.05;NA;NA;4.9;NA;NA;NA;
29;20;8.49;29.67;11.81;NA;ND;12.14;NA;NA;14.25;NA;NA;NA;
29;21;8.89;33.83;13.62;NA;ND;14.56;NA;NA;10.63;NA;NA;NA;
29;22;11.69;19.36;11.08;NA;ND;10.58;NA;NA;4.7;NA;NA;NA;
29;23;8.52;13.85;10.65;NA;ND;8.84;NA;NA;14.78;NA;NA;NA;
30;0;ND;7.34;11.95;NA;ND;16.13;NA;NA;6.92;NA;NA;NA;
30;1;21.94;4.4;15.13;NA;ND;20.66;NA;NA;21.16;NA;NA;NA;
30;2;19.05;17.66;9.47;NA;ND;28.61;NA;NA;8.75;NA;NA;NA;
30;3;15.09;25.8;13.43;NA;ND;21.86;NA;NA;18.6;NA;NA;NA;
30;4;19.06;17.18;10.73;NA;ND;12.49;NA;NA;11.81;NA;NA;NA;
30;5;24.71;17.18;18;NA;ND;13.03;NA;NA;6.19;NA;NA;NA;
30;6;19.63;17.1;18.2;NA;ND;15.46;NA;NA;17.09;NA;NA;NA;
30;7;11.2;9.46;17.02;NA;ND;12.48;NA;NA;7.38;NA;NA;NA;
30;8;27.85;4.38;23.51;NA;ND;27.22;NA;NA;13.1;NA;NA;NA;
30;9;4.66;0;20.05;NA;ND;20.81;NA;NA;29.84;NA;NA;NA;
30;10;20.88;4.52;18.55;NA;ND;18.78;NA;NA;10.74;NA;NA;NA;
30;11;18.49;17.64;28.13;NA;ND;31.34;NA;NA;25.49;NA;NA;NA;
30;12;14.84;8.45;16.18;NA;ND;16.17;NA;NA;14.2;NA;NA;NA;
30;13;13.81;20;18.06;NA;ND;13.76;NA;NA;15.34;NA;NA;NA;
30;14;5.4;14.17;10.9;NA;ND;11.74;NA;NA;15.76;NA;NA;NA;
30;15;9.05;1.48;14.77;NA;ND;8.47;NA;NA;7.41;NA;NA;NA;
30;16;23.23;43.1;19.59;NA;ND;20.04;NA;NA;18.74;NA;NA;NA;
30;17;9.11;36.41;13.23;NA;ND;12.68;NA;NA;6.74;NA;NA;NA;
30;18;10.9;32.47;16.03;NA;ND;20.08;NA;NA;11.88;NA;NA;NA;
30;19;18.05;28.37;15.29;NA;ND;17.8;NA;NA;12.23;NA;NA;NA;
30;20;20.45;21.79;19.07;NA;ND;17.42;NA;NA;19.75;NA;NA;NA;
30;21;19.05;25.43;18.02;NA;ND;16.17;NA;NA;11.6;NA;NA;NA;
30;22;13.86;27.75;18.91;NA;ND;20.67;NA;NA;17.41;NA;NA;NA;
30;23;13.55;41.79;18.82;NA;ND;21.54;NA;NA;22.45;NA;NA;NA;
31;0;ND;12.19;29.82;NA;ND;26.93;NA;NA;26.93;NA;NA;NA;
31;1;24.23;23.64;24.35;NA;ND;26.01;NA;NA;30.18;NA;NA;NA;
31;2;13.22;24.7;16.06;NA;ND;29.88;NA;NA;15.62;NA;NA;NA;
31;3;13.21;27.54;10.7;NA;ND;18.83;NA;NA;13.66;NA;NA;NA;
31;4;18.4;46.56;14.51;NA;ND;19.05;NA;NA;12.49;NA;NA;NA;
31;5;20.75;31.39;11.83;NA;ND;19.75;NA;NA;14.23;NA;NA;NA;
31;6;7.46;47.32;8.61;NA;ND;23.64;NA;NA;17.8;NA;NA;NA;
31;7;21.33;18.29;6.76;NA;ND;17.56;NA;NA;9.46;NA;NA;NA;
31;8;4.69;0;6.58;NA;ND;24.42;NA;NA;10.96;NA;NA;NA;
31;9;5.96;0;12.77;NA;ND;16.67;NA;NA;15.95;NA;NA;NA;
31;10;17.77;0.54;18.63;NA;ND;19.46;NA;NA;15.48;NA;NA;NA;
31;11;13.68;0.75;6.3;NA;ND;3.13;NA;NA;10.02;NA;NA;NA;
31;12;8.73;16.45;9.4;NA;ND;5.36;NA;NA;8.91;NA;NA;NA;
31;13;9.52;9.87;4.15;NA;ND;5.67;NA;NA;3.22;NA;NA;NA;
31;14;11.96;10.19;4.48;NA;ND;5.48;NA;NA;6.59;NA;NA;NA;
31;15;7.18;22.53;6.48;NA;ND;1.49;NA;NA;0.4;NA;NA;NA;
31;16;12.01;7.79;3.07;NA;ND;2.54;NA;NA;8.06;NA;NA;NA;
31;17;6.66;25.42;9.39;NA;ND;7.5;NA;NA;7.05;NA;NA;NA;
31;18;6.27;26.6;11.6;NA;ND;7.8;NA;NA;7.69;NA;NA;NA;
31;19;8.13;19.46;5.22;NA;ND;5.91;NA;NA;16.66;NA;NA;NA;
31;20;3.85;21.15;9.41;NA;ND;9.16;NA;NA;14.87;NA;NA;NA;
31;21;7.05;4.78;10.88;NA;ND;13.44;NA;NA;29.43;NA;NA;NA;
31;22;9.58;11.33;7.62;NA;ND;10.83;NA;NA;14.02;NA;NA;NA;
31;23;5.28;8.66;5.75;NA;ND;3.59;NA;NA;14.31;NA;NA;NA;
